1,1,322.07,442.67,69.82,200.18,-1,-1,-1,-1
2,1,326.20,442.24,64.27,199.97,-1,-1,-1,-1
3,1,329.64,444.25,64.83,200.48,-1,-1,-1,-1
4,1,331.53,444.98,62.75,199.72,-1,-1,-1,-1
5,1,332.81,446.07,62.33,199.04,-1,-1,-1,-1
6,1,333.08,445.42,62.23,197.62,-1,-1,-1,-1
7,1,334.57,444.07,62.56,197.30,-1,-1,-1,-1
8,1,336.21,445.29,60.55,198.62,-1,-1,-1,-1
9,1,337.94,444.82,63.18,200.53,-1,-1,-1,-1
10,1,338.60,446.67,63.10,199.60,-1,-1,-1,-1
11,1,339.16,442.00,62.77,201.64,-1,-1,-1,-1
12,1,341.91,443.79,61.27,198.02,-1,-1,-1,-1
13,1,340.97,449.70,63.73,199.82,-1,-1,-1,-1
14,1,342.46,446.41,62.55,199.09,-1,-1,-1,-1
15,1,343.01,447.63,62.74,197.94,-1,-1,-1,-1
16,1,346.30,444.61,62.43,198.82,-1,-1,-1,-1
17,1,346.56,445.09,64.43,199.25,-1,-1,-1,-1
18,1,348.22,444.78,63.15,198.89,-1,-1,-1,-1
19,1,349.60,446.78,62.05,197.42,-1,-1,-1,-1
20,1,349.94,445.90,62.67,197.24,-1,-1,-1,-1
21,1,350.24,445.88,62.53,197.36,-1,-1,-1,-1
22,1,351.33,443.56,62.03,198.82,-1,-1,-1,-1
23,1,353.97,444.62,63.50,200.06,-1,-1,-1,-1
24,1,354.45,442.05,62.91,201.82,-1,-1,-1,-1
25,1,355.55,444.89,63.07,200.06,-1,-1,-1,-1
26,1,357.26,443.52,61.54,198.48,-1,-1,-1,-1
27,1,357.97,444.92,63.07,198.89,-1,-1,-1,-1
28,1,359.40,442.69,60.08,199.11,-1,-1,-1,-1
29,1,359.01,445.85,62.52,199.08,-1,-1,-1,-1
30,1,361.64,446.27,63.93,199.82,-1,-1,-1,-1
31,1,362.54,444.53,62.91,200.92,-1,-1,-1,-1
32,1,363.60,444.00,63.87,198.17,-1,-1,-1,-1
33,1,365.05,444.42,62.40,197.82,-1,-1,-1,-1
34,1,366.93,446.23,61.63,198.95,-1,-1,-1,-1
35,1,367.68,446.39,61.13,196.90,-1,-1,-1,-1
36,1,369.94,444.38,63.27,200.45,-1,-1,-1,-1
37,1,371.27,442.78,62.59,201.87,-1,-1,-1,-1
38,1,373.24,441.26,61.50,201.13,-1,-1,-1,-1
39,1,372.66,445.22,63.36,200.24,-1,-1,-1,-1
40,1,375.12,443.60,60.15,200.34,-1,-1,-1,-1
41,1,374.41,444.94,62.35,200.70,-1,-1,-1,-1
42,1,377.65,443.73,63.89,200.98,-1,-1,-1,-1
43,1,377.62,445.77,65.41,200.41,-1,-1,-1,-1
44,1,379.01,444.32,63.84,200.58,-1,-1,-1,-1
45,1,380.24,444.90,63.32,199.01,-1,-1,-1,-1
46,1,380.18,449.95,65.27,199.26,-1,-1,-1,-1
47,1,382.15,449.65,63.96,199.79,-1,-1,-1,-1
48,1,385.23,444.95,64.47,200.90,-1,-1,-1,-1
49,1,385.96,444.64,64.10,201.02,-1,-1,-1,-1
50,1,387.40,441.45,62.76,202.62,-1,-1,-1,-1
51,1,386.70,444.50,65.16,203.47,-1,-1,-1,-1
52,1,388.52,442.18,63.71,200.87,-1,-1,-1,-1
53,1,389.54,443.52,63.04,201.52,-1,-1,-1,-1
54,1,390.45,443.27,61.43,200.19,-1,-1,-1,-1
55,1,390.73,442.13,61.21,200.53,-1,-1,-1,-1
56,1,390.63,449.01,62.57,200.18,-1,-1,-1,-1
57,1,393.89,442.52,63.71,201.84,-1,-1,-1,-1
58,1,394.43,445.67,64.97,202.20,-1,-1,-1,-1
59,1,396.34,442.66,63.87,200.14,-1,-1,-1,-1
60,1,398.75,445.97,61.69,200.51,-1,-1,-1,-1
61,1,399.00,444.66,61.66,199.37,-1,-1,-1,-1
62,1,400.72,445.55,65.15,201.83,-1,-1,-1,-1
63,1,402.45,444.13,63.29,201.77,-1,-1,-1,-1
64,1,402.79,445.46,63.94,202.51,-1,-1,-1,-1
65,1,404.03,445.20,64.02,203.12,-1,-1,-1,-1
66,1,405.53,444.33,63.09,201.33,-1,-1,-1,-1
67,1,405.66,449.04,63.64,200.33,-1,-1,-1,-1
68,1,407.34,445.49,61.46,198.25,-1,-1,-1,-1
69,1,410.02,443.72,63.15,200.06,-1,-1,-1,-1
70,1,409.06,449.06,66.47,200.71,-1,-1,-1,-1
71,1,409.29,444.15,67.99,201.80,-1,-1,-1,-1
72,1,411.02,445.06,67.64,198.71,-1,-1,-1,-1
73,1,411.52,443.63,67.09,201.39,-1,-1,-1,-1
74,1,411.80,445.89,68.31,202.23,-1,-1,-1,-1
75,1,413.09,445.58,66.09,199.05,-1,-1,-1,-1
76,1,415.04,444.62,69.12,201.10,-1,-1,-1,-1
77,1,417.32,441.03,66.01,203.36,-1,-1,-1,-1
78,1,418.28,444.25,67.49,201.52,-1,-1,-1,-1
79,1,419.94,444.94,66.39,201.89,-1,-1,-1,-1
80,1,420.87,443.05,64.63,200.38,-1,-1,-1,-1
81,1,421.37,448.96,63.59,200.47,-1,-1,-1,-1
82,1,423.21,443.25,61.13,198.04,-1,-1,-1,-1
83,1,424.50,443.70,59.64,198.63,-1,-1,-1,-1
84,1,427.25,443.13,61.17,199.81,-1,-1,-1,-1
85,1,427.48,444.96,63.07,198.62,-1,-1,-1,-1
86,1,428.35,443.19,63.51,198.91,-1,-1,-1,-1
87,1,431.29,446.97,61.65,198.11,-1,-1,-1,-1
88,1,432.14,446.85,61.36,197.05,-1,-1,-1,-1
89,1,434.44,444.04,62.13,200.89,-1,-1,-1,-1
90,1,435.05,443.19,62.12,201.57,-1,-1,-1,-1
91,1,435.13,445.37,63.51,201.39,-1,-1,-1,-1
92,1,436.66,450.44,63.15,199.23,-1,-1,-1,-1
93,1,437.93,445.31,62.55,199.41,-1,-1,-1,-1
94,1,439.07,445.53,61.11,198.05,-1,-1,-1,-1
95,1,440.06,445.90,60.57,197.74,-1,-1,-1,-1
96,1,441.95,443.21,63.39,198.96,-1,-1,-1,-1
97,1,443.30,443.46,63.14,198.21,-1,-1,-1,-1
98,1,444.44,443.21,63.10,198.48,-1,-1,-1,-1
99,1,445.18,444.82,62.09,198.05,-1,-1,-1,-1
100,1,446.69,446.53,62.07,198.83,-1,-1,-1,-1
101,1,446.63,446.51,62.82,199.42,-1,-1,-1,-1
102,1,449.98,444.02,63.45,201.01,-1,-1,-1,-1
103,1,450.22,444.68,63.91,200.34,-1,-1,-1,-1
104,1,450.78,446.08,64.48,200.84,-1,-1,-1,-1
105,1,452.60,444.94,62.65,200.28,-1,-1,-1,-1
106,1,453.54,446.18,61.57,199.09,-1,-1,-1,-1
107,1,454.81,444.84,61.69,198.99,-1,-1,-1,-1
108,1,454.87,447.15,62.60,198.54,-1,-1,-1,-1
109,1,454.97,449.53,62.44,199.58,-1,-1,-1,-1
110,1,458.37,443.40,62.61,199.80,-1,-1,-1,-1
111,1,458.96,443.49,62.64,198.25,-1,-1,-1,-1
112,1,461.14,445.96,62.64,198.36,-1,-1,-1,-1
113,1,462.34,445.45,61.73,197.47,-1,-1,-1,-1
114,1,462.86,445.65,61.34,197.57,-1,-1,-1,-1
115,1,462.50,448.70,63.41,201.11,-1,-1,-1,-1
116,1,466.29,441.42,62.65,202.22,-1,-1,-1,-1
117,1,468.44,441.88,61.06,200.79,-1,-1,-1,-1
118,1,469.35,444.52,61.80,199.93,-1,-1,-1,-1
119,1,470.51,444.18,61.22,199.85,-1,-1,-1,-1
120,1,470.86,444.22,61.03,200.17,-1,-1,-1,-1
121,1,471.82,443.31,59.94,199.80,-1,-1,-1,-1
122,1,475.64,444.16,59.51,198.82,-1,-1,-1,-1
123,1,476.31,444.63,59.73,196.60,-1,-1,-1,-1
124,1,477.27,444.21,59.74,196.19,-1,-1,-1,-1
125,1,478.32,445.48,59.08,196.95,-1,-1,-1,-1
126,1,479.46,446.88,57.92,196.05,-1,-1,-1,-1
127,1,481.13,447.39,57.89,196.06,-1,-1,-1,-1
128,1,483.37,443.42,60.33,200.57,-1,-1,-1,-1
129,1,482.15,444.78,64.03,199.98,-1,-1,-1,-1
130,1,483.36,443.96,63.26,200.78,-1,-1,-1,-1
131,1,483.40,444.28,63.56,200.79,-1,-1,-1,-1
132,1,486.01,443.99,61.42,200.14,-1,-1,-1,-1
133,1,487.15,442.73,60.43,200.77,-1,-1,-1,-1
134,1,486.07,444.78,63.07,200.84,-1,-1,-1,-1
135,1,488.04,442.44,59.66,199.57,-1,-1,-1,-1
136,1,490.95,446.68,61.01,198.39,-1,-1,-1,-1
137,1,490.25,448.76,64.91,201.27,-1,-1,-1,-1
138,1,492.98,443.59,62.18,199.54,-1,-1,-1,-1
139,1,494.14,444.49,62.11,196.96,-1,-1,-1,-1
140,1,494.21,447.16,62.88,199.21,-1,-1,-1,-1
141,1,495.59,445.65,60.58,197.73,-1,-1,-1,-1
142,1,497.97,444.30,63.29,200.30,-1,-1,-1,-1
143,1,499.47,443.62,62.37,201.71,-1,-1,-1,-1
144,1,499.69,445.14,63.11,201.61,-1,-1,-1,-1
145,1,501.38,444.41,61.77,201.02,-1,-1,-1,-1
146,1,501.50,444.69,63.16,203.27,-1,-1,-1,-1
147,1,502.49,444.47,62.19,199.81,-1,-1,-1,-1
148,1,503.50,444.17,61.28,200.61,-1,-1,-1,-1
149,1,505.82,443.91,63.96,200.62,-1,-1,-1,-1
150,1,506.73,444.41,63.55,199.18,-1,-1,-1,-1
151,1,507.70,444.56,63.18,199.66,-1,-1,-1,-1
152,1,509.02,445.75,63.20,197.11,-1,-1,-1,-1
153,1,509.32,444.80,64.09,197.48,-1,-1,-1,-1
154,1,510.43,445.55,63.24,198.64,-1,-1,-1,-1
155,1,513.98,442.13,63.17,200.92,-1,-1,-1,-1
156,1,515.11,442.41,62.27,200.36,-1,-1,-1,-1
157,1,514.93,448.21,65.25,202.65,-1,-1,-1,-1
158,1,516.44,442.98,63.37,202.83,-1,-1,-1,-1
159,1,517.68,443.95,62.93,201.11,-1,-1,-1,-1
160,1,517.91,445.30,62.50,200.60,-1,-1,-1,-1
161,1,517.55,448.82,63.59,200.56,-1,-1,-1,-1
162,1,519.45,443.00,61.39,198.28,-1,-1,-1,-1
163,1,521.66,443.04,64.41,200.03,-1,-1,-1,-1
164,1,523.19,443.38,63.19,197.98,-1,-1,-1,-1
165,1,523.16,446.59,64.90,200.16,-1,-1,-1,-1
166,1,524.54,444.66,63.89,196.92,-1,-1,-1,-1
167,1,527.58,446.23,62.25,199.50,-1,-1,-1,-1
168,1,530.18,444.28,63.27,200.32,-1,-1,-1,-1
169,1,530.77,444.33,63.12,199.88,-1,-1,-1,-1
170,1,530.78,448.22,64.62,203.01,-1,-1,-1,-1
171,1,530.50,444.00,65.85,201.97,-1,-1,-1,-1
172,1,533.84,441.73,61.79,200.52,-1,-1,-1,-1
173,1,534.18,442.50,63.20,201.25,-1,-1,-1,-1
174,1,534.94,444.82,62.44,201.20,-1,-1,-1,-1
175,1,538.10,443.72,63.18,200.25,-1,-1,-1,-1
176,1,537.91,444.59,64.83,199.67,-1,-1,-1,-1
177,1,540.24,444.47,63.41,198.34,-1,-1,-1,-1
178,1,540.98,442.98,63.05,198.63,-1,-1,-1,-1
179,1,542.30,444.46,62.17,198.75,-1,-1,-1,-1
180,1,542.75,444.42,62.37,199.97,-1,-1,-1,-1
181,1,542.31,443.23,63.76,199.89,-1,-1,-1,-1
182,1,545.96,444.22,64.50,201.93,-1,-1,-1,-1
183,1,547.81,441.64,62.58,202.13,-1,-1,-1,-1
184,1,548.13,443.14,62.64,202.44,-1,-1,-1,-1
185,1,549.17,444.17,62.27,202.05,-1,-1,-1,-1
186,1,550.04,442.07,62.07,201.52,-1,-1,-1,-1
187,1,551.17,441.27,61.45,201.38,-1,-1,-1,-1
188,1,551.05,441.40,62.14,200.85,-1,-1,-1,-1
189,1,553.04,442.55,65.55,201.86,-1,-1,-1,-1
190,1,555.17,444.06,62.95,199.62,-1,-1,-1,-1
191,1,556.73,444.11,61.75,199.21,-1,-1,-1,-1
192,1,558.03,443.74,61.95,197.35,-1,-1,-1,-1
193,1,559.02,444.57,61.50,199.52,-1,-1,-1,-1
194,1,559.30,444.95,61.78,199.93,-1,-1,-1,-1
195,1,562.41,443.08,62.77,202.61,-1,-1,-1,-1
196,1,562.13,445.22,64.28,202.72,-1,-1,-1,-1
197,1,563.58,443.17,64.30,203.09,-1,-1,-1,-1
198,1,565.01,444.57,62.81,203.44,-1,-1,-1,-1
199,1,566.25,444.89,62.34,201.67,-1,-1,-1,-1
200,1,566.95,443.62,61.89,201.46,-1,-1,-1,-1
201,1,567.63,441.68,60.65,200.65,-1,-1,-1,-1
202,1,570.39,442.00,62.32,199.86,-1,-1,-1,-1
203,1,570.72,445.48,64.72,199.40,-1,-1,-1,-1
204,1,572.12,443.36,63.89,197.26,-1,-1,-1,-1
205,1,573.19,444.59,63.82,198.88,-1,-1,-1,-1
206,1,574.03,445.14,62.70,197.98,-1,-1,-1,-1
207,1,575.05,445.33,63.32,201.59,-1,-1,-1,-1
208,1,577.86,442.72,63.71,202.02,-1,-1,-1,-1
209,1,579.06,443.37,62.74,201.66,-1,-1,-1,-1
210,1,578.65,444.76,65.28,203.65,-1,-1,-1,-1
211,1,579.46,441.65,63.98,202.78,-1,-1,-1,-1
212,1,581.58,444.03,62.94,201.17,-1,-1,-1,-1
213,1,582.64,443.41,62.39,202.37,-1,-1,-1,-1
214,1,582.77,445.31,62.82,201.66,-1,-1,-1,-1
215,1,585.84,445.71,63.63,199.99,-1,-1,-1,-1
216,1,585.20,449.58,65.81,199.57,-1,-1,-1,-1
217,1,587.29,445.45,64.44,200.68,-1,-1,-1,-1
218,1,587.49,449.24,64.71,200.09,-1,-1,-1,-1
219,1,590.17,446.34,62.00,198.56,-1,-1,-1,-1
220,1,591.51,445.77,61.31,199.57,-1,-1,-1,-1
221,1,594.27,444.00,62.58,200.46,-1,-1,-1,-1
222,1,594.29,445.65,65.07,201.11,-1,-1,-1,-1
223,1,595.36,444.98,64.09,201.68,-1,-1,-1,-1
224,1,596.17,442.37,62.63,200.89,-1,-1,-1,-1
225,1,597.32,444.39,62.82,201.20,-1,-1,-1,-1
226,1,598.26,444.33,62.34,200.52,-1,-1,-1,-1
227,1,598.37,446.09,63.81,200.77,-1,-1,-1,-1
228,1,601.33,449.72,64.67,199.34,-1,-1,-1,-1
229,1,601.75,446.84,65.12,199.14,-1,-1,-1,-1
230,1,601.58,449.90,66.60,199.22,-1,-1,-1,-1
231,1,601.14,445.91,68.92,201.01,-1,-1,-1,-1
232,1,602.43,449.47,69.37,199.61,-1,-1,-1,-1
233,1,606.06,445.72,65.03,199.93,-1,-1,-1,-1
234,1,609.93,443.06,63.57,199.15,-1,-1,-1,-1
235,1,610.17,448.71,65.09,200.99,-1,-1,-1,-1
236,1,611.04,444.09,64.25,199.75,-1,-1,-1,-1
237,1,611.47,444.57,64.75,200.58,-1,-1,-1,-1
238,1,613.17,444.55,62.64,200.71,-1,-1,-1,-1
239,1,613.08,449.24,63.61,200.54,-1,-1,-1,-1
240,1,614.27,442.40,62.04,200.29,-1,-1,-1,-1
241,1,614.94,441.90,61.71,200.48,-1,-1,-1,-1
242,1,617.28,444.36,64.71,200.20,-1,-1,-1,-1
243,1,618.60,444.59,63.34,197.36,-1,-1,-1,-1
244,1,619.12,449.72,64.33,198.64,-1,-1,-1,-1
245,1,620.72,445.89,62.74,200.14,-1,-1,-1,-1
246,1,622.45,445.77,61.67,197.25,-1,-1,-1,-1
247,1,623.02,443.79,62.52,197.85,-1,-1,-1,-1
248,1,626.64,442.92,61.82,199.89,-1,-1,-1,-1
249,1,626.94,448.90,63.44,200.63,-1,-1,-1,-1
250,1,627.01,445.51,65.09,202.32,-1,-1,-1,-1
251,1,628.17,445.28,62.75,201.15,-1,-1,-1,-1
252,1,629.98,445.82,62.16,201.10,-1,-1,-1,-1
253,1,630.04,449.51,62.84,199.25,-1,-1,-1,-1
254,1,630.42,446.40,63.39,199.49,-1,-1,-1,-1
255,1,633.30,449.34,64.37,199.27,-1,-1,-1,-1
256,1,634.63,444.85,63.17,199.01,-1,-1,-1,-1
257,1,636.35,445.56,63.16,196.96,-1,-1,-1,-1
258,1,636.40,444.08,63.45,197.50,-1,-1,-1,-1
259,1,639.15,445.89,61.52,199.15,-1,-1,-1,-1
260,1,639.57,444.78,60.58,198.05,-1,-1,-1,-1
261,1,639.86,445.86,61.38,196.90,-1,-1,-1,-1
262,1,642.77,442.25,62.08,200.45,-1,-1,-1,-1
263,1,643.68,444.56,62.18,199.31,-1,-1,-1,-1
264,1,644.18,444.39,62.85,200.23,-1,-1,-1,-1
265,1,645.59,445.14,61.87,201.89,-1,-1,-1,-1
266,1,646.50,443.36,61.79,201.43,-1,-1,-1,-1
267,1,647.53,442.89,61.21,199.93,-1,-1,-1,-1
268,1,649.66,444.33,64.08,199.60,-1,-1,-1,-1
269,1,649.65,446.86,65.14,198.70,-1,-1,-1,-1
270,1,651.45,444.02,63.44,197.89,-1,-1,-1,-1
271,1,652.72,445.76,62.33,199.06,-1,-1,-1,-1
272,1,653.26,450.25,63.64,197.67,-1,-1,-1,-1
273,1,655.54,443.24,60.64,199.07,-1,-1,-1,-1
274,1,655.71,445.77,61.76,197.77,-1,-1,-1,-1
275,1,658.17,445.78,62.67,201.74,-1,-1,-1,-1
276,1,658.01,445.30,64.43,199.42,-1,-1,-1,-1
277,1,660.33,448.68,63.35,201.62,-1,-1,-1,-1
278,1,661.27,449.14,63.11,200.21,-1,-1,-1,-1
279,1,662.15,444.78,62.51,199.90,-1,-1,-1,-1
280,1,663.60,443.61,60.33,199.37,-1,-1,-1,-1
281,1,663.62,445.11,61.40,198.39,-1,-1,-1,-1
282,1,666.09,445.57,64.02,197.75,-1,-1,-1,-1
283,1,666.55,450.13,64.99,197.52,-1,-1,-1,-1
284,1,668.35,443.15,63.23,198.51,-1,-1,-1,-1
285,1,668.84,449.87,63.34,197.66,-1,-1,-1,-1
286,1,670.88,446.16,61.14,195.92,-1,-1,-1,-1
287,1,671.63,446.01,61.89,196.86,-1,-1,-1,-1
288,1,674.01,443.19,62.90,200.92,-1,-1,-1,-1
289,1,674.68,446.30,63.26,199.73,-1,-1,-1,-1
290,1,674.86,445.85,64.60,201.77,-1,-1,-1,-1
291,1,676.39,444.57,61.94,199.54,-1,-1,-1,-1
292,1,678.49,444.91,60.56,199.37,-1,-1,-1,-1
293,1,679.68,444.18,60.04,200.35,-1,-1,-1,-1
294,1,680.01,445.47,59.86,197.95,-1,-1,-1,-1
295,1,681.92,445.28,56.87,196.37,-1,-1,-1,-1
296,1,683.11,447.11,61.14,198.43,-1,-1,-1,-1
297,1,683.66,445.42,62.24,198.98,-1,-1,-1,-1
298,1,684.60,443.41,62.55,198.75,-1,-1,-1,-1
299,1,686.02,444.64,61.25,197.31,-1,-1,-1,-1
300,1,688.21,446.72,59.28,198.79,-1,-1,-1,-1
301,1,689.79,446.27,56.62,196.78,-1,-1,-1,-1
302,1,691.86,444.92,59.85,200.82,-1,-1,-1,-1
303,1,693.10,444.68,58.39,200.35,-1,-1,-1,-1
304,1,694.17,442.78,57.91,200.27,-1,-1,-1,-1
305,1,695.73,445.53,57.51,199.76,-1,-1,-1,-1
306,1,695.75,445.89,58.91,201.37,-1,-1,-1,-1
307,1,697.19,443.31,57.26,199.34,-1,-1,-1,-1
308,1,696.36,450.92,59.58,197.09,-1,-1,-1,-1
309,1,699.85,446.93,60.26,198.07,-1,-1,-1,-1
310,1,698.09,450.33,64.68,198.39,-1,-1,-1,-1
311,1,701.18,445.52,61.29,198.93,-1,-1,-1,-1
312,1,701.96,444.80,62.13,198.44,-1,-1,-1,-1
313,1,704.15,446.55,60.28,199.31,-1,-1,-1,-1
314,1,706.31,442.02,62.38,202.46,-1,-1,-1,-1
315,1,707.43,442.95,62.43,202.59,-1,-1,-1,-1
316,1,708.48,443.29,61.82,202.13,-1,-1,-1,-1
317,1,708.90,444.06,62.34,202.10,-1,-1,-1,-1
318,1,709.31,448.93,62.98,200.85,-1,-1,-1,-1
319,1,710.88,443.05,61.09,202.35,-1,-1,-1,-1
320,1,709.88,449.98,62.56,198.80,-1,-1,-1,-1
321,1,710.38,450.23,62.68,197.57,-1,-1,-1,-1
322,1,714.85,444.10,61.55,199.56,-1,-1,-1,-1
323,1,715.15,444.69,62.49,196.98,-1,-1,-1,-1
324,1,716.40,446.28,62.32,198.25,-1,-1,-1,-1
325,1,717.55,445.11,61.00,198.71,-1,-1,-1,-1
326,1,719.13,445.82,60.76,197.31,-1,-1,-1,-1
327,1,719.93,443.53,61.14,199.73,-1,-1,-1,-1
328,1,722.54,448.72,62.32,200.94,-1,-1,-1,-1
329,1,721.86,444.98,64.90,200.79,-1,-1,-1,-1
330,1,724.71,441.77,61.12,201.57,-1,-1,-1,-1
331,1,725.13,441.66,61.24,201.24,-1,-1,-1,-1
332,1,726.72,442.25,60.22,200.13,-1,-1,-1,-1
333,1,727.91,443.25,60.13,201.10,-1,-1,-1,-1
334,1,727.14,449.16,61.83,199.38,-1,-1,-1,-1
335,1,730.34,442.12,62.23,200.96,-1,-1,-1,-1
336,1,730.51,445.40,63.91,198.00,-1,-1,-1,-1
337,1,732.61,445.91,62.10,199.24,-1,-1,-1,-1
338,1,732.73,449.61,63.49,198.76,-1,-1,-1,-1
339,1,735.69,446.54,60.75,198.94,-1,-1,-1,-1
340,1,736.59,445.16,59.92,198.57,-1,-1,-1,-1
341,1,739.74,445.01,59.06,199.27,-1,-1,-1,-1
342,1,740.94,444.21,58.46,198.52,-1,-1,-1,-1
343,1,741.41,445.50,58.93,198.82,-1,-1,-1,-1
344,1,742.28,445.29,57.74,199.13,-1,-1,-1,-1
345,1,743.69,445.56,56.93,201.28,-1,-1,-1,-1
346,1,744.39,446.52,57.15,199.47,-1,-1,-1,-1
347,1,744.12,450.76,58.75,196.97,-1,-1,-1,-1
348,1,743.88,450.54,59.44,197.94,-1,-1,-1,-1
349,1,745.86,445.78,56.39,197.28,-1,-1,-1,-1
350,1,747.83,446.02,59.86,198.74,-1,-1,-1,-1
351,1,748.81,446.60,59.17,197.59,-1,-1,-1,-1
352,1,751.97,447.00,57.51,196.59,-1,-1,-1,-1
353,1,753.24,444.12,56.93,196.96,-1,-1,-1,-1
354,1,753.96,448.63,56.79,196.35,-1,-1,-1,-1
355,1,756.41,445.65,58.20,200.10,-1,-1,-1,-1
356,1,757.14,442.38,58.00,199.83,-1,-1,-1,-1
357,1,758.93,444.63,57.63,198.79,-1,-1,-1,-1
358,1,759.25,449.43,57.88,199.82,-1,-1,-1,-1
359,1,759.28,442.78,58.39,199.50,-1,-1,-1,-1
360,1,760.64,443.13,56.96,198.53,-1,-1,-1,-1
361,1,761.37,446.57,57.43,198.46,-1,-1,-1,-1
362,1,763.88,447.85,59.52,197.87,-1,-1,-1,-1
363,1,764.79,446.26,58.81,196.31,-1,-1,-1,-1
364,1,766.07,445.99,58.76,195.47,-1,-1,-1,-1
365,1,766.33,443.83,59.05,196.48,-1,-1,-1,-1
366,1,767.02,445.65,58.91,195.24,-1,-1,-1,-1
367,1,769.53,445.60,57.45,196.08,-1,-1,-1,-1
368,1,772.27,445.80,58.80,199.14,-1,-1,-1,-1
369,1,772.53,445.54,59.15,197.57,-1,-1,-1,-1
370,1,773.47,445.70,58.37,197.09,-1,-1,-1,-1
371,1,773.89,445.47,58.19,198.12,-1,-1,-1,-1
372,1,775.43,445.79,57.83,201.05,-1,-1,-1,-1
373,1,775.93,442.78,57.70,199.72,-1,-1,-1,-1
374,1,777.26,444.14,57.14,199.40,-1,-1,-1,-1
375,1,777.36,447.85,58.24,197.37,-1,-1,-1,-1
376,1,780.41,443.92,58.38,198.45,-1,-1,-1,-1
377,1,781.34,445.71,59.37,198.25,-1,-1,-1,-1
378,1,782.33,444.49,58.75,197.48,-1,-1,-1,-1
379,1,783.97,446.24,57.38,199.46,-1,-1,-1,-1
380,1,784.93,445.90,56.83,197.60,-1,-1,-1,-1
381,1,785.01,443.50,58.06,199.80,-1,-1,-1,-1
382,1,788.28,449.29,58.72,200.79,-1,-1,-1,-1
383,1,788.50,446.31,59.46,200.58,-1,-1,-1,-1
384,1,789.76,441.62,58.55,202.86,-1,-1,-1,-1
385,1,790.64,449.59,58.61,201.05,-1,-1,-1,-1
386,1,790.99,448.58,58.48,202.94,-1,-1,-1,-1
387,1,792.70,450.69,58.16,199.12,-1,-1,-1,-1
388,1,793.69,446.84,57.58,197.53,-1,-1,-1,-1
389,1,796.20,446.88,59.64,199.15,-1,-1,-1,-1
390,1,797.61,447.25,59.57,198.46,-1,-1,-1,-1
391,1,798.46,450.02,59.71,199.95,-1,-1,-1,-1
392,1,800.77,445.58,57.55,198.21,-1,-1,-1,-1
393,1,800.65,445.32,58.67,199.20,-1,-1,-1,-1
394,1,801.15,442.85,58.33,199.97,-1,-1,-1,-1
395,1,803.91,449.24,59.31,200.93,-1,-1,-1,-1
396,1,803.44,449.16,61.32,201.19,-1,-1,-1,-1
397,1,804.28,448.67,62.71,202.17,-1,-1,-1,-1
398,1,804.78,445.07,62.55,202.91,-1,-1,-1,-1
399,1,806.43,444.25,61.15,201.33,-1,-1,-1,-1
400,1,807.11,445.34,61.04,201.81,-1,-1,-1,-1
401,1,807.91,445.74,60.60,200.75,-1,-1,-1,-1
402,1,810.86,449.82,61.84,200.15,-1,-1,-1,-1
403,1,812.06,444.45,60.85,197.77,-1,-1,-1,-1
404,1,813.29,445.13,61.10,198.23,-1,-1,-1,-1
405,1,813.45,445.45,61.06,198.37,-1,-1,-1,-1
406,1,813.88,445.73,61.02,197.59,-1,-1,-1,-1
407,1,815.04,448.73,62.83,200.67,-1,-1,-1,-1
408,1,818.14,441.77,62.62,201.58,-1,-1,-1,-1
409,1,818.99,446.48,62.56,199.97,-1,-1,-1,-1
410,1,819.14,446.11,64.02,200.63,-1,-1,-1,-1
411,1,820.66,444.77,61.69,200.67,-1,-1,-1,-1
412,1,822.24,442.38,60.86,200.86,-1,-1,-1,-1
413,1,822.94,443.61,61.02,201.37,-1,-1,-1,-1
414,1,824.35,443.98,59.94,200.04,-1,-1,-1,-1
415,1,828.02,447.43,59.14,198.22,-1,-1,-1,-1
416,1,827.98,450.70,60.68,197.43,-1,-1,-1,-1
417,1,828.85,443.70,62.88,198.72,-1,-1,-1,-1
418,1,828.91,449.10,63.52,200.18,-1,-1,-1,-1
419,1,831.07,445.29,60.77,198.62,-1,-1,-1,-1
420,1,831.11,446.39,61.45,199.11,-1,-1,-1,-1
421,1,833.95,444.70,63.15,199.37,-1,-1,-1,-1
422,1,835.10,444.38,62.36,199.84,-1,-1,-1,-1
423,1,836.42,444.46,62.02,199.42,-1,-1,-1,-1
424,1,836.95,443.82,61.50,200.36,-1,-1,-1,-1
425,1,837.40,441.82,61.48,201.14,-1,-1,-1,-1
426,1,837.64,442.34,63.15,200.88,-1,-1,-1,-1
427,1,839.04,449.47,62.27,198.65,-1,-1,-1,-1
428,1,838.63,442.26,63.31,200.72,-1,-1,-1,-1
429,1,841.98,446.71,63.87,198.41,-1,-1,-1,-1
430,1,843.66,445.06,62.21,198.17,-1,-1,-1,-1
431,1,845.15,445.22,61.62,197.67,-1,-1,-1,-1
432,1,845.07,444.96,63.78,195.99,-1,-1,-1,-1
433,1,846.86,443.75,62.14,197.38,-1,-1,-1,-1
434,1,847.75,446.10,61.51,197.48,-1,-1,-1,-1
435,1,850.39,443.90,62.51,198.87,-1,-1,-1,-1
436,1,851.51,445.83,61.68,198.06,-1,-1,-1,-1
437,1,853.07,445.53,61.64,200.32,-1,-1,-1,-1
438,1,853.04,449.31,62.07,200.01,-1,-1,-1,-1
439,1,854.62,446.35,62.30,199.26,-1,-1,-1,-1
440,1,855.35,445.39,61.30,198.31,-1,-1,-1,-1
441,1,856.02,446.22,61.24,198.46,-1,-1,-1,-1
442,1,859.29,444.93,61.34,197.35,-1,-1,-1,-1
443,1,859.14,445.63,63.02,196.75,-1,-1,-1,-1
444,1,860.58,445.35,62.74,196.74,-1,-1,-1,-1
445,1,861.12,446.29,62.37,196.01,-1,-1,-1,-1
446,1,862.43,446.51,62.57,198.95,-1,-1,-1,-1
447,1,862.97,449.98,63.27,198.31,-1,-1,-1,-1
448,1,863.31,442.39,62.54,200.10,-1,-1,-1,-1
449,1,866.26,444.52,63.02,197.33,-1,-1,-1,-1
450,1,867.14,447.55,62.48,197.66,-1,-1,-1,-1
451,1,867.85,449.98,62.96,199.02,-1,-1,-1,-1
452,1,869.25,443.41,62.53,197.71,-1,-1,-1,-1
453,1,870.90,446.14,61.94,197.45,-1,-1,-1,-1
454,1,871.76,446.55,60.89,196.04,-1,-1,-1,-1
455,1,873.64,447.80,63.65,197.04,-1,-1,-1,-1
456,1,874.78,446.73,62.61,196.41,-1,-1,-1,-1
457,1,876.21,445.26,63.21,194.28,-1,-1,-1,-1
458,1,877.00,444.63,62.04,195.38,-1,-1,-1,-1
459,1,878.21,450.99,62.18,196.32,-1,-1,-1,-1
460,1,879.39,447.20,60.82,197.66,-1,-1,-1,-1
461,1,878.76,444.74,62.71,196.70,-1,-1,-1,-1
462,1,883.00,445.87,62.07,198.77,-1,-1,-1,-1
463,1,883.36,450.09,63.38,199.15,-1,-1,-1,-1
464,1,883.93,442.49,63.28,199.73,-1,-1,-1,-1
465,1,886.11,445.09,61.05,198.64,-1,-1,-1,-1
466,1,886.27,442.76,61.74,198.69,-1,-1,-1,-1
467,1,886.75,450.28,62.94,197.67,-1,-1,-1,-1
468,1,890.04,444.48,63.24,197.46,-1,-1,-1,-1
469,1,889.79,447.76,65.48,196.99,-1,-1,-1,-1
470,1,891.83,445.52,62.98,197.75,-1,-1,-1,-1
471,1,891.66,449.69,64.22,198.24,-1,-1,-1,-1
472,1,894.87,447.30,61.45,197.34,-1,-1,-1,-1
473,1,894.13,445.04,63.21,196.04,-1,-1,-1,-1
474,1,897.58,446.05,63.48,200.74,-1,-1,-1,-1
475,1,897.72,446.60,64.46,199.83,-1,-1,-1,-1
476,1,898.16,449.54,64.45,199.57,-1,-1,-1,-1
477,1,899.69,445.43,64.43,198.98,-1,-1,-1,-1
478,1,901.78,445.65,61.84,198.35,-1,-1,-1,-1
479,1,901.95,450.56,62.60,197.61,-1,-1,-1,-1
480,1,903.15,445.68,61.24,197.83,-1,-1,-1,-1
481,1,903.78,445.87,61.07,196.81,-1,-1,-1,-1
482,1,906.62,446.17,62.90,196.68,-1,-1,-1,-1
483,1,908.27,446.06,62.14,196.67,-1,-1,-1,-1
484,1,907.57,449.80,64.22,198.10,-1,-1,-1,-1
485,1,909.86,446.16,61.27,196.69,-1,-1,-1,-1
486,1,911.00,446.91,61.76,198.24,-1,-1,-1,-1
487,1,910.89,443.24,62.76,198.09,-1,-1,-1,-1
488,1,914.95,445.70,61.85,198.74,-1,-1,-1,-1
489,1,915.05,449.65,62.96,198.84,-1,-1,-1,-1
490,1,915.40,449.14,64.10,200.54,-1,-1,-1,-1
491,1,916.27,445.04,63.18,198.73,-1,-1,-1,-1
492,1,919.26,446.39,61.23,199.56,-1,-1,-1,-1
493,1,919.95,445.05,60.61,198.39,-1,-1,-1,-1
494,1,922.04,442.59,62.86,199.24,-1,-1,-1,-1
495,1,922.53,446.19,63.50,196.04,-1,-1,-1,-1
496,1,923.61,446.02,63.20,196.24,-1,-1,-1,-1
497,1,924.95,446.15,62.85,196.22,-1,-1,-1,-1
498,1,925.20,449.81,64.11,198.04,-1,-1,-1,-1
499,1,926.76,446.70,61.80,195.54,-1,-1,-1,-1
500,1,926.79,445.24,62.96,198.15,-1,-1,-1,-1
1,2,623.50,436.99,74.54,201.16,-1,-1,-1,-1
2,2,628.27,437.84,75.33,200.19,-1,-1,-1,-1
3,2,629.63,438.94,74.73,197.37,-1,-1,-1,-1
4,2,629.61,433.73,76.45,200.98,-1,-1,-1,-1
5,2,629.36,436.25,76.61,199.21,-1,-1,-1,-1
6,2,629.83,438.39,76.03,199.65,-1,-1,-1,-1
7,2,631.08,433.43,75.79,200.62,-1,-1,-1,-1
8,2,632.65,432.84,74.28,201.04,-1,-1,-1,-1
9,2,632.47,435.76,74.31,200.13,-1,-1,-1,-1
10,2,636.42,433.16,75.14,201.00,-1,-1,-1,-1
11,2,637.49,435.04,73.98,199.58,-1,-1,-1,-1
12,2,638.39,437.14,75.70,198.86,-1,-1,-1,-1
13,2,639.04,437.43,76.09,199.24,-1,-1,-1,-1
14,2,639.49,437.72,76.29,198.76,-1,-1,-1,-1
15,2,640.29,436.07,75.50,196.17,-1,-1,-1,-1
16,2,644.43,434.64,75.94,198.09,-1,-1,-1,-1
17,2,646.21,434.01,75.73,199.81,-1,-1,-1,-1
18,2,647.38,438.50,73.56,198.91,-1,-1,-1,-1
19,2,647.05,435.68,75.32,198.20,-1,-1,-1,-1
20,2,648.17,438.55,73.73,198.53,-1,-1,-1,-1
21,2,647.42,437.51,75.43,197.59,-1,-1,-1,-1
22,2,648.33,433.62,75.18,200.57,-1,-1,-1,-1
23,2,653.07,437.58,73.61,198.01,-1,-1,-1,-1
24,2,654.14,437.80,72.89,198.82,-1,-1,-1,-1
25,2,654.23,435.70,74.90,198.59,-1,-1,-1,-1
26,2,653.27,433.82,77.73,199.12,-1,-1,-1,-1
27,2,655.91,437.79,76.17,198.64,-1,-1,-1,-1
28,2,655.81,435.90,76.28,196.57,-1,-1,-1,-1
29,2,655.68,435.88,77.14,197.06,-1,-1,-1,-1
30,2,660.01,434.83,76.83,198.67,-1,-1,-1,-1
31,2,661.41,435.19,76.32,199.12,-1,-1,-1,-1
32,2,661.67,438.83,76.31,198.39,-1,-1,-1,-1
33,2,662.41,435.84,75.64,199.45,-1,-1,-1,-1
34,2,663.49,437.80,75.40,197.84,-1,-1,-1,-1
35,2,664.15,439.41,75.43,197.32,-1,-1,-1,-1
36,2,664.76,432.52,74.40,202.29,-1,-1,-1,-1
37,2,669.23,435.53,73.39,200.51,-1,-1,-1,-1
38,2,669.80,437.32,74.13,199.71,-1,-1,-1,-1
39,2,670.86,434.54,74.88,199.78,-1,-1,-1,-1
40,2,671.04,434.10,75.66,199.38,-1,-1,-1,-1
41,2,671.64,431.46,75.97,198.04,-1,-1,-1,-1
42,2,676.21,437.20,75.18,199.29,-1,-1,-1,-1
43,2,677.05,437.43,75.26,198.31,-1,-1,-1,-1
44,2,677.32,436.79,75.53,198.80,-1,-1,-1,-1
45,2,676.81,434.71,77.22,199.24,-1,-1,-1,-1
46,2,676.78,436.08,77.11,199.79,-1,-1,-1,-1
47,2,678.35,433.80,76.31,200.70,-1,-1,-1,-1
48,2,680.36,433.35,74.47,200.41,-1,-1,-1,-1
49,2,680.93,439.14,74.01,198.30,-1,-1,-1,-1
50,2,683.97,437.48,76.11,199.58,-1,-1,-1,-1
51,2,686.08,433.96,74.98,199.90,-1,-1,-1,-1
52,2,686.70,436.05,74.92,200.25,-1,-1,-1,-1
53,2,687.52,435.68,74.99,200.17,-1,-1,-1,-1
54,2,686.72,435.70,76.78,200.16,-1,-1,-1,-1
55,2,687.73,435.89,76.13,199.35,-1,-1,-1,-1
56,2,687.78,435.82,76.79,200.19,-1,-1,-1,-1
57,2,691.52,433.57,77.76,201.02,-1,-1,-1,-1
58,2,693.06,433.84,77.64,199.49,-1,-1,-1,-1
59,2,693.47,435.98,75.55,200.03,-1,-1,-1,-1
60,2,693.96,438.45,76.17,199.05,-1,-1,-1,-1
61,2,694.98,437.83,75.69,198.54,-1,-1,-1,-1
62,2,699.36,436.73,77.34,200.14,-1,-1,-1,-1
63,2,701.98,435.46,75.25,199.23,-1,-1,-1,-1
64,2,701.44,434.04,76.41,199.50,-1,-1,-1,-1
65,2,702.17,435.95,74.74,200.73,-1,-1,-1,-1
66,2,702.10,437.14,75.43,199.42,-1,-1,-1,-1
67,2,702.32,433.82,76.74,200.81,-1,-1,-1,-1
68,2,703.03,434.70,77.59,199.34,-1,-1,-1,-1
69,2,706.34,435.40,79.48,198.94,-1,-1,-1,-1
70,2,709.70,435.92,76.28,199.32,-1,-1,-1,-1
71,2,709.48,435.35,76.49,199.15,-1,-1,-1,-1
72,2,709.59,433.33,76.89,201.49,-1,-1,-1,-1
73,2,711.31,437.03,74.72,198.84,-1,-1,-1,-1
74,2,711.72,433.13,74.70,202.17,-1,-1,-1,-1
75,2,712.37,433.96,75.09,200.09,-1,-1,-1,-1
76,2,711.82,436.37,75.59,199.33,-1,-1,-1,-1
77,2,716.00,433.94,77.32,200.37,-1,-1,-1,-1
78,2,718.25,437.56,75.55,200.69,-1,-1,-1,-1
79,2,717.56,433.36,77.69,200.91,-1,-1,-1,-1
80,2,718.83,436.83,76.20,199.38,-1,-1,-1,-1
81,2,718.28,433.65,77.67,200.62,-1,-1,-1,-1
82,2,719.18,434.14,77.45,200.59,-1,-1,-1,-1
83,2,723.98,438.31,76.40,198.82,-1,-1,-1,-1
84,2,725.34,438.35,75.44,199.24,-1,-1,-1,-1
85,2,724.74,437.20,76.54,200.82,-1,-1,-1,-1
86,2,724.86,432.81,77.71,202.10,-1,-1,-1,-1
87,2,726.55,436.55,75.42,199.22,-1,-1,-1,-1
88,2,727.13,438.09,76.44,198.56,-1,-1,-1,-1
89,2,727.57,433.00,76.23,202.96,-1,-1,-1,-1
90,2,732.19,436.99,76.14,199.42,-1,-1,-1,-1
91,2,733.82,436.17,75.34,200.26,-1,-1,-1,-1
92,2,734.02,436.05,75.88,200.26,-1,-1,-1,-1
93,2,734.65,435.85,75.72,198.28,-1,-1,-1,-1
94,2,733.97,433.38,78.41,200.98,-1,-1,-1,-1
95,2,735.56,434.20,76.47,199.86,-1,-1,-1,-1
96,2,735.23,435.96,77.53,199.86,-1,-1,-1,-1
97,2,740.09,438.43,75.97,198.50,-1,-1,-1,-1
98,2,741.54,437.28,75.54,199.55,-1,-1,-1,-1
99,2,741.49,433.32,76.72,201.15,-1,-1,-1,-1
100,2,742.55,436.68,75.21,198.61,-1,-1,-1,-1
101,2,743.02,437.82,75.57,197.87,-1,-1,-1,-1
102,2,747.63,437.28,76.55,199.45,-1,-1,-1,-1
103,2,750.06,436.80,73.77,198.82,-1,-1,-1,-1
104,2,749.16,433.54,77.06,200.57,-1,-1,-1,-1
105,2,750.44,437.75,75.38,200.15,-1,-1,-1,-1
106,2,750.28,435.99,76.52,199.55,-1,-1,-1,-1
107,2,750.51,433.47,77.69,200.84,-1,-1,-1,-1
108,2,751.55,437.14,76.58,197.67,-1,-1,-1,-1
109,2,751.16,434.15,77.94,198.63,-1,-1,-1,-1
110,2,756.66,436.98,75.52,198.42,-1,-1,-1,-1
111,2,756.80,435.62,76.60,199.99,-1,-1,-1,-1
112,2,756.64,438.01,77.55,199.74,-1,-1,-1,-1
113,2,757.52,433.61,77.43,200.07,-1,-1,-1,-1
114,2,759.07,433.23,75.53,200.66,-1,-1,-1,-1
115,2,760.30,438.53,74.44,199.54,-1,-1,-1,-1
116,2,759.66,435.84,75.81,199.93,-1,-1,-1,-1
117,2,763.85,435.48,76.54,201.20,-1,-1,-1,-1
118,2,765.96,437.11,75.17,201.12,-1,-1,-1,-1
119,2,765.65,437.35,76.55,201.80,-1,-1,-1,-1
120,2,766.10,436.09,75.86,200.00,-1,-1,-1,-1
121,2,766.20,435.61,77.33,198.31,-1,-1,-1,-1
122,2,766.51,436.14,78.50,199.11,-1,-1,-1,-1
123,2,770.88,435.09,78.07,198.86,-1,-1,-1,-1
124,2,771.83,435.05,77.56,199.08,-1,-1,-1,-1
125,2,772.40,437.44,77.35,199.85,-1,-1,-1,-1
126,2,772.26,438.00,77.74,200.47,-1,-1,-1,-1
127,2,773.64,436.50,76.76,198.48,-1,-1,-1,-1
128,2,775.37,436.30,75.91,196.91,-1,-1,-1,-1
129,2,775.07,434.23,76.71,199.42,-1,-1,-1,-1
130,2,776.89,434.24,74.23,198.90,-1,-1,-1,-1
131,2,780.96,437.12,74.80,200.36,-1,-1,-1,-1
132,2,781.64,435.78,76.28,198.77,-1,-1,-1,-1
133,2,782.11,436.03,76.49,197.45,-1,-1,-1,-1
134,2,782.79,437.83,77.28,201.06,-1,-1,-1,-1
135,2,783.31,437.32,76.34,199.92,-1,-1,-1,-1
136,2,783.39,436.84,77.25,199.99,-1,-1,-1,-1
137,2,788.22,437.32,76.48,200.29,-1,-1,-1,-1
138,2,789.69,437.49,75.89,201.79,-1,-1,-1,-1
139,2,788.73,437.47,77.61,202.01,-1,-1,-1,-1
140,2,789.51,436.45,77.32,201.20,-1,-1,-1,-1
141,2,791.92,435.68,76.07,199.48,-1,-1,-1,-1
142,2,791.88,433.81,75.86,200.53,-1,-1,-1,-1
143,2,796.26,438.52,75.73,199.82,-1,-1,-1,-1
144,2,797.86,436.05,74.81,198.82,-1,-1,-1,-1
145,2,797.58,433.81,76.46,198.87,-1,-1,-1,-1
146,2,797.86,437.40,75.92,200.16,-1,-1,-1,-1
147,2,798.46,437.98,75.94,199.86,-1,-1,-1,-1
148,2,799.68,437.66,76.26,198.25,-1,-1,-1,-1
149,2,800.79,438.81,75.47,199.76,-1,-1,-1,-1
150,2,804.61,436.42,75.42,199.36,-1,-1,-1,-1
151,2,805.05,433.95,77.23,200.32,-1,-1,-1,-1
152,2,805.37,437.84,77.34,201.09,-1,-1,-1,-1
153,2,806.97,437.05,75.52,200.96,-1,-1,-1,-1
154,2,807.64,437.67,75.95,200.62,-1,-1,-1,-1
155,2,808.23,434.00,75.44,200.80,-1,-1,-1,-1
156,2,808.38,437.97,75.67,199.02,-1,-1,-1,-1
157,2,813.65,437.23,74.19,197.99,-1,-1,-1,-1
158,2,814.94,438.44,75.24,199.70,-1,-1,-1,-1
159,2,814.58,437.57,76.23,200.80,-1,-1,-1,-1
160,2,815.37,437.83,75.66,199.60,-1,-1,-1,-1
161,2,815.06,436.61,76.54,198.59,-1,-1,-1,-1
162,2,818.71,434.13,78.55,198.85,-1,-1,-1,-1
163,2,821.84,438.24,74.26,198.16,-1,-1,-1,-1
164,2,822.10,437.69,75.03,199.34,-1,-1,-1,-1
165,2,821.62,437.59,76.13,200.28,-1,-1,-1,-1
166,2,821.38,437.94,77.24,200.66,-1,-1,-1,-1
167,2,824.10,436.13,74.99,198.16,-1,-1,-1,-1
168,2,824.25,438.79,75.84,198.51,-1,-1,-1,-1
169,2,828.65,438.02,74.87,199.71,-1,-1,-1,-1
170,2,830.57,439.67,73.88,197.51,-1,-1,-1,-1
171,2,833.12,438.64,69.36,198.97,-1,-1,-1,-1
172,2,833.33,437.53,69.71,197.68,-1,-1,-1,-1
173,2,833.69,438.30,71.70,196.81,-1,-1,-1,-1
174,2,833.29,437.97,73.05,197.15,-1,-1,-1,-1
175,2,833.15,437.07,73.48,196.96,-1,-1,-1,-1
176,2,833.36,437.08,73.88,197.39,-1,-1,-1,-1
177,2,838.82,436.85,71.39,197.88,-1,-1,-1,-1
178,2,840.21,434.51,71.78,198.58,-1,-1,-1,-1
179,2,841.96,433.40,70.17,199.73,-1,-1,-1,-1
180,2,842.36,438.41,69.80,199.49,-1,-1,-1,-1
181,2,842.18,437.58,71.08,197.10,-1,-1,-1,-1
182,2,846.68,437.32,70.65,198.48,-1,-1,-1,-1
183,2,849.00,434.33,69.89,198.79,-1,-1,-1,-1
184,2,849.33,438.29,68.78,197.61,-1,-1,-1,-1
185,2,848.93,434.94,70.33,197.28,-1,-1,-1,-1
186,2,849.38,437.63,71.16,199.77,-1,-1,-1,-1
187,2,849.64,436.05,72.27,196.88,-1,-1,-1,-1
188,2,853.45,433.95,73.12,198.96,-1,-1,-1,-1
189,2,852.66,433.51,77.71,201.34,-1,-1,-1,-1
190,2,853.28,435.74,77.01,197.85,-1,-1,-1,-1
191,2,854.19,437.15,75.28,198.20,-1,-1,-1,-1
192,2,853.96,435.71,76.51,199.75,-1,-1,-1,-1
193,2,855.30,435.53,76.07,198.20,-1,-1,-1,-1
194,2,855.96,435.98,75.18,197.43,-1,-1,-1,-1
195,2,856.21,435.99,75.76,197.69,-1,-1,-1,-1
196,2,860.56,438.64,74.76,199.28,-1,-1,-1,-1
197,2,862.16,433.99,74.64,199.22,-1,-1,-1,-1
198,2,862.59,436.39,74.09,199.36,-1,-1,-1,-1
199,2,862.21,438.09,75.70,196.70,-1,-1,-1,-1
200,2,863.70,436.55,75.15,197.67,-1,-1,-1,-1
201,2,862.84,437.99,77.06,197.69,-1,-1,-1,-1
202,2,868.24,437.55,75.46,199.28,-1,-1,-1,-1
203,2,869.03,436.83,76.44,198.06,-1,-1,-1,-1
204,2,870.53,438.59,74.93,198.23,-1,-1,-1,-1
205,2,870.15,435.24,77.05,197.12,-1,-1,-1,-1
206,2,871.25,436.56,75.11,198.34,-1,-1,-1,-1
207,2,872.94,433.68,73.70,199.85,-1,-1,-1,-1
208,2,875.86,434.06,76.23,199.27,-1,-1,-1,-1
209,2,878.88,434.33,72.13,198.81,-1,-1,-1,-1
210,2,878.82,437.07,74.02,198.23,-1,-1,-1,-1
211,2,879.34,438.56,73.71,196.00,-1,-1,-1,-1
212,2,880.58,437.76,72.65,199.02,-1,-1,-1,-1
213,2,878.90,437.93,76.43,197.95,-1,-1,-1,-1
214,2,879.46,434.13,75.87,199.88,-1,-1,-1,-1
215,2,878.86,434.84,77.91,198.82,-1,-1,-1,-1
216,2,882.60,435.64,79.27,197.84,-1,-1,-1,-1
217,2,886.25,435.30,76.59,198.71,-1,-1,-1,-1
218,2,886.23,435.30,76.65,200.37,-1,-1,-1,-1
219,2,886.63,437.09,76.08,198.03,-1,-1,-1,-1
220,2,888.31,433.46,74.77,200.10,-1,-1,-1,-1
221,2,888.61,434.18,73.79,199.68,-1,-1,-1,-1
222,2,892.13,435.69,76.41,198.61,-1,-1,-1,-1
223,2,894.88,436.73,73.98,198.97,-1,-1,-1,-1
224,2,895.41,438.43,73.33,196.00,-1,-1,-1,-1
225,2,896.40,438.60,72.87,198.17,-1,-1,-1,-1
226,2,894.04,437.78,77.17,198.86,-1,-1,-1,-1
227,2,895.51,436.76,76.31,197.73,-1,-1,-1,-1
228,2,895.44,437.11,77.07,196.59,-1,-1,-1,-1
229,2,900.24,438.70,75.51,198.34,-1,-1,-1,-1
230,2,901.78,435.38,76.05,197.13,-1,-1,-1,-1
231,2,902.96,438.97,74.47,197.42,-1,-1,-1,-1
232,2,902.91,438.76,76.04,198.63,-1,-1,-1,-1
233,2,904.97,434.01,73.54,199.30,-1,-1,-1,-1
234,2,904.34,437.22,74.25,197.31,-1,-1,-1,-1
235,2,907.54,433.57,76.99,202.02,-1,-1,-1,-1
236,2,909.09,436.45,75.47,199.48,-1,-1,-1,-1
237,2,911.22,434.48,74.84,198.38,-1,-1,-1,-1
238,2,911.50,436.05,74.31,197.83,-1,-1,-1,-1
239,2,910.99,436.61,76.41,197.10,-1,-1,-1,-1
240,2,911.27,434.26,76.14,199.57,-1,-1,-1,-1
241,2,910.89,437.01,77.24,197.70,-1,-1,-1,-1
242,2,914.61,434.15,79.02,200.15,-1,-1,-1,-1
243,2,918.81,438.74,74.71,197.57,-1,-1,-1,-1
244,2,918.73,433.84,75.99,200.89,-1,-1,-1,-1
245,2,918.65,435.83,76.73,198.21,-1,-1,-1,-1
246,2,918.78,436.11,76.11,199.36,-1,-1,-1,-1
247,2,919.74,437.54,75.70,199.18,-1,-1,-1,-1
248,2,920.00,436.36,76.35,199.57,-1,-1,-1,-1
249,2,923.90,435.54,76.44,199.08,-1,-1,-1,-1
250,2,927.23,437.58,72.38,197.57,-1,-1,-1,-1
251,2,929.70,439.44,67.80,196.68,-1,-1,-1,-1
252,2,929.34,438.37,69.32,196.35,-1,-1,-1,-1
253,2,929.30,433.70,70.95,200.36,-1,-1,-1,-1
254,2,929.97,436.56,70.87,198.34,-1,-1,-1,-1
255,2,929.36,433.92,72.15,200.18,-1,-1,-1,-1
256,2,932.19,438.74,75.41,198.87,-1,-1,-1,-1
257,2,933.53,434.88,75.32,198.92,-1,-1,-1,-1
258,2,934.63,437.62,74.13,197.46,-1,-1,-1,-1
259,2,934.28,434.16,76.42,200.13,-1,-1,-1,-1
260,2,935.07,437.73,74.89,200.09,-1,-1,-1,-1
261,2,936.43,436.76,74.71,198.64,-1,-1,-1,-1
262,2,939.88,436.81,75.85,198.59,-1,-1,-1,-1
263,2,941.68,432.97,74.13,201.73,-1,-1,-1,-1
264,2,942.68,438.08,73.17,198.21,-1,-1,-1,-1
265,2,943.78,439.43,71.99,196.82,-1,-1,-1,-1
266,2,944.91,438.20,70.84,198.71,-1,-1,-1,-1
267,2,945.89,434.29,70.81,199.04,-1,-1,-1,-1
268,2,945.34,438.32,72.69,197.54,-1,-1,-1,-1
269,2,945.59,437.02,72.73,196.27,-1,-1,-1,-1
270,2,949.73,434.37,72.57,198.93,-1,-1,-1,-1
271,2,950.71,436.50,74.49,198.64,-1,-1,-1,-1
272,2,949.92,436.46,75.86,198.79,-1,-1,-1,-1
273,2,951.10,434.86,74.89,197.69,-1,-1,-1,-1
274,2,952.54,436.78,73.36,197.94,-1,-1,-1,-1
275,2,954.71,437.63,69.47,195.94,-1,-1,-1,-1
276,2,958.95,436.59,70.65,196.70,-1,-1,-1,-1
277,2,961.49,436.37,68.86,197.17,-1,-1,-1,-1
278,2,961.21,437.66,68.59,196.84,-1,-1,-1,-1
279,2,961.56,438.77,69.34,197.75,-1,-1,-1,-1
280,2,961.50,436.89,70.58,197.71,-1,-1,-1,-1
281,2,961.31,436.52,72.10,197.77,-1,-1,-1,-1
282,2,961.62,434.95,72.50,197.81,-1,-1,-1,-1
283,2,966.81,433.87,70.05,198.97,-1,-1,-1,-1
284,2,969.00,438.86,68.65,195.25,-1,-1,-1,-1
285,2,969.11,438.19,69.13,197.20,-1,-1,-1,-1
286,2,969.99,434.20,69.53,197.83,-1,-1,-1,-1
287,2,971.65,435.36,68.13,197.64,-1,-1,-1,-1
288,2,971.09,436.86,68.48,196.64,-1,-1,-1,-1
289,2,974.70,433.63,70.40,200.83,-1,-1,-1,-1
290,2,976.28,436.31,68.55,198.83,-1,-1,-1,-1
291,2,977.74,435.79,68.78,197.32,-1,-1,-1,-1
292,2,977.59,435.92,69.47,199.06,-1,-1,-1,-1
293,2,977.24,432.65,71.02,201.74,-1,-1,-1,-1
294,2,978.43,433.19,69.72,200.89,-1,-1,-1,-1
295,2,977.75,435.68,71.05,198.76,-1,-1,-1,-1
296,2,982.96,438.50,69.78,198.43,-1,-1,-1,-1
297,2,985.25,439.28,68.57,195.93,-1,-1,-1,-1
298,2,985.49,438.25,68.31,195.33,-1,-1,-1,-1
299,2,986.12,431.36,69.48,198.74,-1,-1,-1,-1
300,2,986.64,431.28,69.39,198.94,-1,-1,-1,-1
301,2,986.91,437.17,69.19,196.64,-1,-1,-1,-1
302,2,990.67,438.88,70.03,198.24,-1,-1,-1,-1
303,2,992.45,437.77,68.11,196.82,-1,-1,-1,-1
304,2,993.50,436.76,68.78,197.86,-1,-1,-1,-1
305,2,993.01,430.77,70.09,199.62,-1,-1,-1,-1
306,2,994.22,435.98,69.45,199.27,-1,-1,-1,-1
307,2,993.41,437.77,70.70,198.60,-1,-1,-1,-1
308,2,993.31,432.95,72.09,200.68,-1,-1,-1,-1
309,2,992.33,436.47,75.07,197.64,-1,-1,-1,-1
310,2,991.38,434.02,76.91,200.38,-1,-1,-1,-1
311,2,996.44,433.66,76.39,199.44,-1,-1,-1,-1
312,2,998.27,435.77,74.88,199.76,-1,-1,-1,-1
313,2,997.94,437.72,75.31,199.26,-1,-1,-1,-1
314,2,1000.44,433.29,73.44,200.84,-1,-1,-1,-1
315,2,1001.01,433.34,72.77,200.54,-1,-1,-1,-1
316,2,1004.65,436.61,74.77,198.43,-1,-1,-1,-1
317,2,1007.22,437.94,73.16,197.75,-1,-1,-1,-1
318,2,1009.10,434.65,69.39,197.80,-1,-1,-1,-1
319,2,1008.98,439.06,70.75,197.32,-1,-1,-1,-1
320,2,1008.41,437.85,71.65,198.48,-1,-1,-1,-1
321,2,1008.86,436.55,72.44,197.70,-1,-1,-1,-1
322,2,1010.47,439.87,71.34,196.59,-1,-1,-1,-1
323,2,1014.27,435.66,71.39,197.53,-1,-1,-1,-1
324,2,1016.07,438.82,69.77,195.55,-1,-1,-1,-1
325,2,1016.94,434.33,69.83,197.76,-1,-1,-1,-1
326,2,1017.26,437.16,69.42,196.67,-1,-1,-1,-1
327,2,1017.84,439.63,69.79,197.13,-1,-1,-1,-1
328,2,1018.09,438.65,70.31,196.10,-1,-1,-1,-1
329,2,1019.24,434.47,69.83,199.08,-1,-1,-1,-1
330,2,1023.50,438.49,68.90,197.16,-1,-1,-1,-1
331,2,1024.98,437.47,68.07,196.51,-1,-1,-1,-1
332,2,1024.57,439.12,70.88,197.31,-1,-1,-1,-1
333,2,1024.24,439.25,72.24,196.92,-1,-1,-1,-1
334,2,1025.43,437.18,70.74,196.64,-1,-1,-1,-1
335,2,1024.41,437.08,72.66,196.60,-1,-1,-1,-1
336,2,1025.36,435.17,73.61,196.98,-1,-1,-1,-1
337,2,1031.44,435.75,70.56,196.72,-1,-1,-1,-1
338,2,1032.18,435.94,70.89,197.13,-1,-1,-1,-1
339,2,1032.18,438.33,70.68,197.88,-1,-1,-1,-1
340,2,1032.60,434.17,70.99,199.04,-1,-1,-1,-1
341,2,1035.15,432.10,69.34,196.83,-1,-1,-1,-1
342,2,1035.04,439.02,70.29,194.43,-1,-1,-1,-1
343,2,1039.96,434.15,68.32,198.91,-1,-1,-1,-1
344,2,1041.08,437.36,68.88,197.47,-1,-1,-1,-1
345,2,1041.44,438.55,68.38,194.90,-1,-1,-1,-1
346,2,1040.28,435.15,71.24,197.14,-1,-1,-1,-1
347,2,1041.86,436.83,69.93,195.55,-1,-1,-1,-1
348,2,1041.39,439.56,72.26,196.52,-1,-1,-1,-1
349,2,1041.46,434.95,72.95,197.21,-1,-1,-1,-1
350,2,1042.66,438.89,71.60,196.21,-1,-1,-1,-1
351,2,1047.06,436.65,71.21,197.60,-1,-1,-1,-1
352,2,1048.29,439.13,71.50,197.09,-1,-1,-1,-1
353,2,1048.92,439.19,71.43,197.38,-1,-1,-1,-1
354,2,1049.70,439.07,71.46,197.88,-1,-1,-1,-1
355,2,1050.50,436.94,70.34,195.34,-1,-1,-1,-1
356,2,1055.32,433.81,69.54,199.53,-1,-1,-1,-1
357,2,1057.01,436.93,68.92,198.03,-1,-1,-1,-1
358,2,1056.90,431.50,69.67,198.20,-1,-1,-1,-1
359,2,1057.50,436.69,68.65,198.48,-1,-1,-1,-1
360,2,1055.94,439.08,72.63,197.55,-1,-1,-1,-1
361,2,1057.51,436.14,72.52,197.01,-1,-1,-1,-1
362,2,1057.41,438.74,73.63,194.34,-1,-1,-1,-1
363,2,1061.74,435.77,72.90,197.07,-1,-1,-1,-1
364,2,1064.86,434.86,70.75,197.76,-1,-1,-1,-1
365,2,1065.36,438.70,69.98,197.39,-1,-1,-1,-1
366,2,1064.92,437.24,71.57,197.42,-1,-1,-1,-1
367,2,1066.19,431.00,70.61,199.12,-1,-1,-1,-1
368,2,1066.83,430.97,69.49,198.80,-1,-1,-1,-1
369,2,1066.78,440.04,71.09,196.14,-1,-1,-1,-1
370,2,1071.66,433.67,68.83,200.80,-1,-1,-1,-1
371,2,1073.05,434.07,69.80,199.20,-1,-1,-1,-1
372,2,1073.55,431.20,70.34,199.15,-1,-1,-1,-1
373,2,1073.46,436.14,70.46,199.13,-1,-1,-1,-1
374,2,1073.00,438.16,72.18,195.82,-1,-1,-1,-1
375,2,1072.87,436.15,72.59,197.90,-1,-1,-1,-1
376,2,1072.97,434.17,74.03,199.06,-1,-1,-1,-1
377,2,1076.30,434.08,75.99,198.71,-1,-1,-1,-1
378,2,1077.57,433.70,76.68,200.07,-1,-1,-1,-1
379,2,1078.04,437.18,75.67,197.40,-1,-1,-1,-1
380,2,1077.57,437.74,76.00,198.84,-1,-1,-1,-1
381,2,1079.45,433.06,75.44,200.81,-1,-1,-1,-1
382,2,1081.56,432.92,73.25,200.85,-1,-1,-1,-1
383,2,1084.95,437.92,74.30,198.75,-1,-1,-1,-1
384,2,1086.89,438.19,72.99,196.33,-1,-1,-1,-1
385,2,1088.78,437.83,68.86,196.75,-1,-1,-1,-1
386,2,1088.79,438.88,70.49,197.56,-1,-1,-1,-1
387,2,1089.72,436.92,70.62,196.90,-1,-1,-1,-1
388,2,1089.58,435.88,71.80,197.00,-1,-1,-1,-1
389,2,1089.82,438.96,72.63,196.13,-1,-1,-1,-1
390,2,1093.74,434.41,72.82,199.45,-1,-1,-1,-1
391,2,1094.86,439.12,74.96,197.24,-1,-1,-1,-1
392,2,1095.44,435.49,74.13,198.47,-1,-1,-1,-1
393,2,1095.36,433.71,74.55,200.17,-1,-1,-1,-1
394,2,1095.95,431.43,74.63,198.40,-1,-1,-1,-1
395,2,1096.47,433.93,73.14,199.61,-1,-1,-1,-1
396,2,1100.82,438.65,74.32,198.91,-1,-1,-1,-1
397,2,1102.51,436.50,73.77,198.81,-1,-1,-1,-1
398,2,1102.81,437.32,73.45,197.47,-1,-1,-1,-1
399,2,1105.31,439.08,69.79,197.53,-1,-1,-1,-1
400,2,1105.40,434.15,70.88,197.69,-1,-1,-1,-1
401,2,1105.61,438.76,71.73,196.90,-1,-1,-1,-1
402,2,1105.46,436.71,72.40,196.16,-1,-1,-1,-1
403,2,1110.23,437.47,71.38,197.01,-1,-1,-1,-1
404,2,1111.92,436.32,70.36,197.24,-1,-1,-1,-1
405,2,1113.81,439.14,68.22,196.36,-1,-1,-1,-1
406,2,1113.21,433.74,70.18,199.34,-1,-1,-1,-1
407,2,1114.70,436.09,69.07,196.39,-1,-1,-1,-1
408,2,1115.61,431.34,67.95,198.63,-1,-1,-1,-1
409,2,1116.13,433.94,68.02,198.49,-1,-1,-1,-1
410,2,1119.50,436.31,69.42,199.33,-1,-1,-1,-1
411,2,1121.29,433.81,68.82,199.48,-1,-1,-1,-1
412,2,1121.18,438.52,70.04,198.46,-1,-1,-1,-1
413,2,1120.14,438.66,72.72,197.90,-1,-1,-1,-1
414,2,1121.72,436.71,70.47,197.04,-1,-1,-1,-1
415,2,1121.24,436.56,72.03,197.33,-1,-1,-1,-1
416,2,1126.24,437.88,71.31,198.29,-1,-1,-1,-1
417,2,1128.85,438.45,68.87,195.06,-1,-1,-1,-1
418,2,1128.86,436.28,69.04,197.64,-1,-1,-1,-1
419,2,1128.41,438.10,70.11,197.72,-1,-1,-1,-1
420,2,1128.91,433.92,70.22,199.38,-1,-1,-1,-1
421,2,1131.16,431.01,68.28,198.71,-1,-1,-1,-1
422,2,1131.71,439.60,68.91,196.33,-1,-1,-1,-1
423,2,1136.19,433.75,67.78,199.98,-1,-1,-1,-1
424,2,1136.58,437.94,69.78,197.93,-1,-1,-1,-1
425,2,1137.43,438.10,68.02,195.87,-1,-1,-1,-1
426,2,1137.20,436.35,70.18,196.70,-1,-1,-1,-1
427,2,1137.60,436.58,70.47,197.68,-1,-1,-1,-1
428,2,1136.91,436.38,72.21,197.59,-1,-1,-1,-1
429,2,1137.85,438.35,72.25,194.64,-1,-1,-1,-1
430,2,1142.09,439.14,71.40,197.91,-1,-1,-1,-1
431,2,1144.24,438.24,69.59,196.99,-1,-1,-1,-1
432,2,1144.59,438.29,69.90,197.47,-1,-1,-1,-1
433,2,1144.48,439.45,70.65,196.65,-1,-1,-1,-1
434,2,1145.62,436.66,69.92,197.05,-1,-1,-1,-1
435,2,1146.60,437.24,68.57,196.04,-1,-1,-1,-1
436,2,1150.47,435.96,71.58,200.03,-1,-1,-1,-1
437,2,1153.12,436.31,68.91,198.70,-1,-1,-1,-1
438,2,1152.91,436.77,68.66,197.68,-1,-1,-1,-1
439,2,1153.02,436.25,69.31,196.97,-1,-1,-1,-1
440,2,1152.92,436.44,70.25,196.55,-1,-1,-1,-1
441,2,1153.24,436.83,71.95,197.23,-1,-1,-1,-1
442,2,1154.03,438.60,72.02,194.10,-1,-1,-1,-1
443,2,1158.22,435.83,71.68,199.26,-1,-1,-1,-1
444,2,1161.71,438.48,68.55,195.22,-1,-1,-1,-1
445,2,1161.36,434.82,69.11,197.36,-1,-1,-1,-1
446,2,1160.89,437.93,70.41,195.97,-1,-1,-1,-1
447,2,1162.40,436.97,69.16,196.65,-1,-1,-1,-1
448,2,1162.61,437.51,68.57,195.55,-1,-1,-1,-1
449,2,1163.41,439.19,69.47,193.80,-1,-1,-1,-1
450,2,1167.63,435.90,69.38,197.88,-1,-1,-1,-1
451,2,1169.76,438.17,68.65,195.95,-1,-1,-1,-1
452,2,1168.84,434.56,70.81,198.75,-1,-1,-1,-1
453,2,1169.67,434.13,69.92,199.49,-1,-1,-1,-1
454,2,1169.94,439.63,71.15,196.81,-1,-1,-1,-1
455,2,1169.45,436.66,71.51,197.01,-1,-1,-1,-1
456,2,1173.73,436.15,72.90,199.15,-1,-1,-1,-1
457,2,1174.59,436.34,74.62,198.13,-1,-1,-1,-1
458,2,1174.42,435.68,75.02,197.78,-1,-1,-1,-1
459,2,1174.34,435.99,75.53,197.37,-1,-1,-1,-1
460,2,1174.77,437.98,74.97,199.00,-1,-1,-1,-1
461,2,1176.00,438.32,74.79,197.69,-1,-1,-1,-1
462,2,1177.04,436.55,74.07,196.32,-1,-1,-1,-1
463,2,1181.87,433.36,72.89,200.76,-1,-1,-1,-1
464,2,1183.43,434.40,72.60,199.61,-1,-1,-1,-1
465,2,1182.25,434.37,74.51,199.00,-1,-1,-1,-1
466,2,1182.61,434.04,75.35,198.58,-1,-1,-1,-1
467,2,1183.94,434.39,74.37,199.04,-1,-1,-1,-1
468,2,1182.97,438.42,76.54,195.86,-1,-1,-1,-1
469,2,1187.56,434.17,77.13,199.45,-1,-1,-1,-1
470,2,1189.64,438.64,74.75,198.11,-1,-1,-1,-1
471,2,1190.74,438.11,74.76,196.83,-1,-1,-1,-1
472,2,1191.43,434.40,74.54,198.67,-1,-1,-1,-1
473,2,1191.13,436.46,74.18,198.43,-1,-1,-1,-1
474,2,1192.28,434.38,73.39,199.09,-1,-1,-1,-1
475,2,1191.75,437.22,73.39,196.92,-1,-1,-1,-1
476,2,1198.07,436.50,72.19,199.18,-1,-1,-1,-1
477,2,1198.97,434.29,74.21,199.48,-1,-1,-1,-1
478,2,1199.00,438.18,74.58,196.59,-1,-1,-1,-1
479,2,1199.30,436.42,74.11,199.46,-1,-1,-1,-1
480,2,1198.64,436.49,76.09,197.29,-1,-1,-1,-1
481,2,1199.51,439.31,76.65,197.72,-1,-1,-1,-1
482,2,1199.30,437.15,76.89,196.89,-1,-1,-1,-1
483,2,1199.23,435.05,77.44,197.87,-1,-1,-1,-1
484,2,1204.64,438.77,75.67,197.31,-1,-1,-1,-1
485,2,1206.14,436.52,74.93,198.94,-1,-1,-1,-1
486,2,1206.42,436.87,75.63,198.16,-1,-1,-1,-1
487,2,1207.94,436.31,74.52,197.03,-1,-1,-1,-1
488,2,1207.79,438.70,75.13,197.78,-1,-1,-1,-1
489,2,1208.38,436.91,75.11,195.98,-1,-1,-1,-1
490,2,1209.03,434.22,74.00,198.96,-1,-1,-1,-1
491,2,1214.57,439.27,73.23,197.43,-1,-1,-1,-1
492,2,1217.50,438.50,68.71,196.17,-1,-1,-1,-1
493,2,1216.87,434.24,70.40,199.64,-1,-1,-1,-1
494,2,1217.80,436.19,71.26,196.74,-1,-1,-1,-1
495,2,1217.52,435.98,72.12,197.00,-1,-1,-1,-1
496,2,1221.70,435.85,72.89,200.00,-1,-1,-1,-1
497,2,1223.51,437.77,73.30,197.26,-1,-1,-1,-1
498,2,1225.63,434.14,70.41,200.29,-1,-1,-1,-1
499,2,1225.39,437.85,70.04,198.91,-1,-1,-1,-1
500,2,1225.34,437.43,70.15,197.38,-1,-1,-1,-1
