1,1,365,439,90,200,1,1,1.0
1,2,1739,441,86,200,1,1,1.0
2,1,370,438,90,200,1,1,1.0
2,2,1737,440,82,200,1,1,1.0
3,1,372,441,94,200,1,1,1.0
3,2,1733,439,82,200,1,1,1.0
4,1,377,440,94,200,1,1,1.0
4,2,1727,441,84,200,1,1,1.0
5,1,382,440,92,200,1,1,1.0
5,2,1726,439,78,200,1,1,1.0
6,1,384,442,96,200,1,1,1.0
6,2,1717,440,86,200,1,1,1.0
7,1,391,438,92,200,1,1,1.0
7,2,1714,441,84,200,1,1,1.0
8,1,396,437,90,200,1,1,1.0
8,2,1712,440,80,200,1,1,1.0
9,1,399,440,94,200,1,1,1.0
9,2,1708,440,78,200,1,1,1.0
10,1,403,437,94,200,1,1,1.0
10,2,1702,443,82,200,1,1,1.0
11,1,409,437,90,200,1,1,1.0
11,2,1699,439,78,200,1,1,1.0
12,1,415,438,88,200,1,1,1.0
12,2,1691,441,86,200,1,1,1.0
13,1,416,439,94,200,1,1,1.0
13,2,1690,442,80,200,1,1,1.0
14,1,422,437,92,200,1,1,1.0
14,2,1682,437,86,200,1,1,1.0
15,1,425,443,94,200,1,1,1.0
15,2,1680,442,82,200,1,1,1.0
16,1,431,443,90,200,1,1,1.0
16,2,1674,440,84,200,1,1,1.0
17,1,434,438,94,200,1,1,1.0
17,2,1671,439,82,200,1,1,1.0
18,1,440,437,90,200,1,1,1.0
18,2,1668,441,80,200,1,1,1.0
19,1,445,437,90,200,1,1,1.0
19,2,1661,439,84,200,1,1,1.0
20,1,448,441,92,200,1,1,1.0
20,2,1657,439,84,200,1,1,1.0
21,1,451,443,94,200,1,1,1.0
21,2,1654,439,80,200,1,1,1.0
21,3,0,440,1,200,1,1,1.0
22,1,457,443,92,200,1,1,1.0
22,2,1649,439,82,200,1,1,1.0
22,3,0,438,7,200,1,1,1.0
23,1,459,442,96,200,1,1,1.0
23,2,1646,441,80,200,1,1,1.0
23,3,0,441,10,200,1,1,1.0
24,1,468,440,88,200,1,1,1.0
24,2,1639,441,84,200,1,1,1.0
24,3,0,437,16,200,1,1,1.0
25,1,471,438,90,200,1,1,1.0
25,2,1637,437,80,200,1,1,1.0
25,3,0,438,18,200,1,1,1.0
26,1,476,438,88,200,1,1,1.0
26,2,1630,443,84,200,1,1,1.0
26,3,0,442,23,200,1,1,1.0
27,1,477,441,96,200,1,1,1.0
27,2,1625,437,86,200,1,1,1.0
27,3,0,443,27,200,1,1,1.0
28,1,485,439,88,200,1,1,1.0
28,2,1621,439,86,200,1,1,1.0
28,3,0,439,34,200,1,1,1.0
29,1,486,439,96,200,1,1,1.0
29,2,1618,439,82,200,1,1,1.0
29,3,0,441,38,200,1,1,1.0
30,1,494,438,88,200,1,1,1.0
30,2,1616,439,78,200,1,1,1.0
30,3,0,441,42,200,1,1,1.0
31,1,497,440,90,200,1,1,1.0
31,2,1607,440,86,200,1,1,1.0
31,3,0,440,44,200,1,1,1.0
32,1,499,440,96,200,1,1,1.0
32,2,1606,440,80,200,1,1,1.0
32,3,0,442,52,200,1,1,1.0
33,1,506,443,90,200,1,1,1.0
33,2,1603,442,78,200,1,1,1.0
33,3,0,440,56,200,1,1,1.0
34,1,511,437,90,200,1,1,1.0
34,2,1595,442,84,200,1,1,1.0
34,3,0,437,58,200,1,1,1.0
35,1,515,440,90,200,1,1,1.0
35,2,1592,440,82,200,1,1,1.0
35,3,0,440,64,200,1,1,1.0
36,1,519,440,90,200,1,1,1.0
36,2,1586,441,84,200,1,1,1.0
36,3,0,438,70,200,1,1,1.0
37,1,522,441,94,200,1,1,1.0
37,2,1581,441,86,200,1,1,1.0
37,3,0,440,72,200,1,1,1.0
38,1,525,439,96,200,1,1,1.0
38,2,1577,441,86,200,1,1,1.0
38,3,0,438,76,200,1,1,1.0
39,1,532,441,92,200,1,1,1.0
39,2,1575,440,80,200,1,1,1.0
39,3,0,438,82,200,1,1,1.0
40,1,536,441,92,200,1,1,1.0
40,2,1569,437,84,200,1,1,1.0
40,3,0,438,85,200,1,1,1.0
41,1,541,440,90,200,1,1,1.0
41,2,1564,439,84,200,1,1,1.0
41,3,0,442,89,200,1,1,1.0
42,1,545,438,92,200,1,1,1.0
42,2,1562,438,80,200,1,1,1.0
42,3,0,438,94,200,1,1,1.0
43,1,548,443,94,200,1,1,1.0
43,2,1558,440,80,200,1,1,1.0
43,3,3,440,94,200,1,1,1.0
44,1,552,440,96,200,1,1,1.0
44,2,1554,440,78,200,1,1,1.0
44,3,4,440,100,200,1,1,1.0
45,1,559,439,90,200,1,1,1.0
45,2,1548,442,82,200,1,1,1.0
45,3,8,438,100,200,1,1,1.0
46,1,562,440,92,200,1,1,1.0
46,2,1543,437,82,200,1,1,1.0
46,3,13,437,100,200,1,1,1.0
47,1,567,439,92,200,1,1,1.0
47,2,1540,440,80,200,1,1,1.0
47,3,16,438,102,200,1,1,1.0
48,1,572,439,90,200,1,1,1.0
48,2,1536,443,80,200,1,1,1.0
48,3,24,441,96,200,1,1,1.0
49,1,576,440,92,200,1,1,1.0
49,2,1531,439,80,200,1,1,1.0
49,3,27,440,98,200,1,1,1.0
50,1,582,440,88,200,1,1,1.0
50,2,1526,439,82,200,1,1,1.0
50,3,30,441,100,200,1,1,1.0
51,1,586,438,88,200,1,1,1.0
51,2,1521,438,82,200,1,1,1.0
51,3,38,439,94,200,1,1,1.0
52,1,589,441,92,200,1,1,1.0
52,2,1516,440,84,200,1,1,1.0
52,3,38,438,102,200,1,1,1.0
53,1,595,442,88,200,1,1,1.0
53,2,1513,437,82,200,1,1,1.0
53,3,45,440,98,200,1,1,1.0
54,1,600,443,88,200,1,1,1.0
54,2,1508,438,82,200,1,1,1.0
54,3,48,439,100,200,1,1,1.0
55,1,603,443,90,200,1,1,1.0
55,2,1503,443,84,200,1,1,1.0
55,3,52,442,100,200,1,1,1.0
56,1,604,439,96,200,1,1,1.0
56,2,1499,437,82,200,1,1,1.0
56,3,56,443,102,200,1,1,1.0
57,1,611,441,92,200,1,1,1.0
57,2,1494,441,84,200,1,1,1.0
57,3,64,441,94,200,1,1,1.0
58,1,614,443,94,200,1,1,1.0
58,2,1492,443,80,200,1,1,1.0
58,3,66,440,100,200,1,1,1.0
59,1,620,440,92,200,1,1,1.0
59,2,1485,438,84,200,1,1,1.0
59,3,72,443,96,200,1,1,1.0
60,1,625,438,90,200,1,1,1.0
60,2,1482,440,82,200,1,1,1.0
60,3,74,440,100,200,1,1,1.0
61,1,628,443,92,200,1,1,1.0
61,2,1478,442,80,200,1,1,1.0
61,3,80,443,98,200,1,1,1.0
62,1,632,443,94,200,1,1,1.0
62,2,1475,439,78,200,1,1,1.0
62,3,83,443,100,200,1,1,1.0
63,1,636,437,94,200,1,1,1.0
63,2,1467,440,86,200,1,1,1.0
63,3,91,443,94,200,1,1,1.0
64,1,643,440,90,200,1,1,1.0
64,2,1464,440,82,200,1,1,1.0
64,3,93,438,98,200,1,1,1.0
65,1,647,440,90,200,1,1,1.0
65,2,1461,440,80,200,1,1,1.0
65,3,99,443,94,200,1,1,1.0
66,1,651,440,90,200,1,1,1.0
66,2,1457,440,78,200,1,1,1.0
66,3,104,437,94,200,1,1,1.0
67,1,655,437,92,200,1,1,1.0
67,2,1453,437,78,200,1,1,1.0
67,3,106,443,98,200,1,1,1.0
68,1,658,442,94,200,1,1,1.0
68,2,1446,441,84,200,1,1,1.0
68,3,112,443,96,200,1,1,1.0
69,1,666,437,88,200,1,1,1.0
69,2,1441,438,84,200,1,1,1.0
69,3,116,440,96,200,1,1,1.0
70,1,670,439,88,200,1,1,1.0
70,2,1437,442,84,200,1,1,1.0
70,3,120,440,96,200,1,1,1.0
71,1,674,440,90,200,1,1,1.0
71,2,1434,440,80,200,1,1,1.0
71,3,124,441,98,200,1,1,1.0
72,1,676,440,94,200,1,1,1.0
72,2,1430,440,80,200,1,1,1.0
72,3,127,440,100,200,1,1,1.0
73,1,679,440,96,200,1,1,1.0
73,2,1426,437,80,200,1,1,1.0
73,3,134,440,96,200,1,1,1.0
74,1,684,441,96,200,1,1,1.0
74,2,1420,440,82,200,1,1,1.0
74,3,138,440,96,200,1,1,1.0
75,1,691,440,90,200,1,1,1.0
75,2,1416,443,82,200,1,1,1.0
75,3,140,437,100,200,1,1,1.0
76,1,693,442,94,200,1,1,1.0
76,2,1410,438,84,200,1,1,1.0
76,3,147,440,96,200,1,1,1.0
77,1,700,440,90,200,1,1,1.0
77,2,1409,442,78,200,1,1,1.0
77,3,150,437,98,200,1,1,1.0
78,1,704,441,90,200,1,1,1.0
78,2,1404,440,80,200,1,1,1.0
78,3,156,440,96,200,1,1,1.0
79,1,707,443,94,200,1,1,1.0
79,2,1399,438,80,200,1,1,1.0
79,3,159,437,98,200,1,1,1.0
80,1,711,440,94,200,1,1,1.0
80,2,1393,439,84,200,1,1,1.0
80,3,163,442,98,200,1,1,1.0
81,1,715,437,94,200,1,1,1.0
81,2,1387,440,86,200,1,1,1.0
81,3,169,439,96,200,1,1,1.0
82,1,722,443,90,200,1,1,1.0
82,2,1385,442,82,200,1,1,1.0
82,3,173,441,96,200,1,1,1.0
83,1,723,438,96,200,1,1,1.0
83,2,1380,442,84,200,1,1,1.0
83,3,177,440,98,200,1,1,1.0
84,1,730,440,92,200,1,1,1.0
84,2,1376,443,82,200,1,1,1.0
84,3,180,438,100,200,1,1,1.0
85,1,733,439,94,200,1,1,1.0
85,2,1374,443,78,200,1,1,1.0
85,3,187,438,94,200,1,1,1.0
85,4,1917,440,2,200,1,1,1.0
86,1,738,442,92,200,1,1,1.0
86,2,1367,439,82,200,1,1,1.0
86,3,190,443,98,200,1,1,1.0
86,4,1916,442,3,200,1,1,1.0
87,1,744,442,90,200,1,1,1.0
87,2,1363,438,82,200,1,1,1.0
87,3,193,440,100,200,1,1,1.0
87,4,1912,440,7,200,1,1,1.0
88,1,746,439,94,200,1,1,1.0
88,2,1358,443,84,200,1,1,1.0
88,3,198,440,100,200,1,1,1.0
88,4,1907,439,12,200,1,1,1.0
89,1,754,442,88,200,1,1,1.0
89,2,1356,443,78,200,1,1,1.0
89,3,203,441,98,200,1,1,1.0
89,4,1902,439,17,200,1,1,1.0
90,1,755,439,94,200,1,1,1.0
90,2,1352,440,78,200,1,1,1.0
90,3,206,440,100,200,1,1,1.0
90,4,1897,438,22,200,1,1,1.0
91,1,758,443,96,200,1,1,1.0
91,2,1343,443,86,200,1,1,1.0
91,3,213,437,96,200,1,1,1.0
91,4,1893,437,26,200,1,1,1.0
92,1,765,441,92,200,1,1,1.0
92,2,1340,439,84,200,1,1,1.0
92,3,218,440,94,200,1,1,1.0
92,4,1889,440,30,200,1,1,1.0
93,1,770,440,90,200,1,1,1.0
93,2,1336,438,84,200,1,1,1.0
93,3,222,440,96,200,1,1,1.0
93,4,1885,437,34,200,1,1,1.0
94,1,773,440,94,200,1,1,1.0
94,2,1333,443,80,200,1,1,1.0
94,3,225,437,98,200,1,1,1.0
94,4,1880,439,39,200,1,1,1.0
95,1,777,437,94,200,1,1,1.0
95,2,1329,440,80,200,1,1,1.0
95,3,230,441,96,200,1,1,1.0
95,4,1875,443,44,200,1,1,1.0
96,1,783,441,90,200,1,1,1.0
96,2,1323,442,82,200,1,1,1.0
96,3,236,440,94,200,1,1,1.0
96,4,1870,441,49,200,1,1,1.0
97,1,786,439,94,200,1,1,1.0
97,2,1318,440,84,200,1,1,1.0
97,3,239,441,96,200,1,1,1.0
97,4,1867,440,52,200,1,1,1.0
98,1,791,437,92,200,1,1,1.0
98,2,1313,443,86,200,1,1,1.0
98,3,243,442,98,200,1,1,1.0
98,4,1863,440,56,200,1,1,1.0
99,1,796,439,92,200,1,1,1.0
99,2,1309,440,84,200,1,1,1.0
99,3,248,440,96,200,1,1,1.0
99,4,1856,442,63,200,1,1,1.0
100,1,799,441,94,200,1,1,1.0
100,2,1307,441,80,200,1,1,1.0
100,3,252,440,96,200,1,1,1.0
100,4,1854,443,65,200,1,1,1.0
101,1,805,440,90,200,1,1,1.0
101,2,1299,443,86,200,1,1,1.0
101,3,258,439,94,200,1,1,1.0
101,4,1849,439,70,200,1,1,1.0
102,1,811,438,88,200,1,1,1.0
102,2,1298,441,80,200,1,1,1.0
102,3,261,438,96,200,1,1,1.0
102,4,1845,437,74,200,1,1,1.0
103,1,812,438,94,200,1,1,1.0
103,2,1293,439,82,200,1,1,1.0
103,3,266,443,96,200,1,1,1.0
103,4,1840,437,78,200,1,1,1.0
104,1,818,441,92,200,1,1,1.0
104,2,1289,442,80,200,1,1,1.0
104,3,269,437,98,200,1,1,1.0
104,4,1835,439,80,200,1,1,1.0
105,1,823,442,90,200,1,1,1.0
105,2,1285,439,80,200,1,1,1.0
105,3,272,439,100,200,1,1,1.0
105,4,1831,440,78,200,1,1,1.0
106,1,826,438,92,200,1,1,1.0
106,2,1280,439,80,200,1,1,1.0
106,3,277,440,100,200,1,1,1.0
106,4,1826,437,80,200,1,1,1.0
107,1,832,438,90,200,1,1,1.0
107,2,1276,440,80,200,1,1,1.0
107,3,281,443,100,200,1,1,1.0
107,4,1822,443,80,200,1,1,1.0
108,1,833,437,96,200,1,1,1.0
108,2,1270,441,84,200,1,1,1.0
108,3,288,438,96,200,1,1,1.0
108,4,1818,443,78,200,1,1,1.0
109,1,839,437,94,200,1,1,1.0
109,2,1267,440,80,200,1,1,1.0
109,3,289,437,102,200,1,1,1.0
109,4,1814,438,78,200,1,1,1.0
110,1,843,442,94,200,1,1,1.0
110,2,1261,439,84,200,1,1,1.0
110,3,295,441,98,200,1,1,1.0
110,4,1808,440,80,200,1,1,1.0
111,1,847,438,94,200,1,1,1.0
111,2,1258,437,80,200,1,1,1.0
111,3,301,442,96,200,1,1,1.0
111,4,1806,439,76,200,1,1,1.0
112,1,854,441,90,200,1,1,1.0
112,2,1251,438,86,200,1,1,1.0
112,3,305,442,96,200,1,1,1.0
112,4,1800,439,80,200,1,1,1.0
113,1,859,443,88,200,1,1,1.0
113,2,1251,443,78,200,1,1,1.0
113,3,310,438,96,200,1,1,1.0
113,4,1797,440,76,200,1,1,1.0
114,1,864,443,88,200,1,1,1.0
114,2,1244,440,82,200,1,1,1.0
114,3,312,439,100,200,1,1,1.0
114,4,1793,440,76,200,1,1,1.0
115,1,868,441,88,200,1,1,1.0
115,2,1242,441,78,200,1,1,1.0
115,3,318,438,96,200,1,1,1.0
115,4,1785,441,82,200,1,1,1.0
116,1,869,439,94,200,1,1,1.0
116,2,1236,440,80,200,1,1,1.0
116,3,321,441,100,200,1,1,1.0
116,4,1782,437,80,200,1,1,1.0
117,1,873,438,96,200,1,1,1.0
117,2,1231,440,82,200,1,1,1.0
117,3,326,441,98,200,1,1,1.0
117,4,1778,439,80,200,1,1,1.0
118,1,878,437,94,200,1,1,1.0
118,2,1229,442,78,200,1,1,1.0
118,3,333,437,94,200,1,1,1.0
118,4,1773,443,80,200,1,1,1.0
119,1,884,441,92,200,1,1,1.0
119,2,1221,437,84,200,1,1,1.0
119,3,335,437,98,200,1,1,1.0
119,4,1771,439,76,200,1,1,1.0
120,1,887,442,94,200,1,1,1.0
120,2,1217,442,84,200,1,1,1.0
120,3,338,441,100,200,1,1,1.0
120,4,1764,440,80,200,1,1,1.0
121,1,891,440,94,200,1,1,1.0
121,2,1213,439,82,200,1,1,1.0
121,3,344,440,98,200,1,1,1.0
121,4,1762,440,76,200,1,1,1.0
122,1,897,442,92,200,1,1,1.0
122,2,1209,437,82,200,1,1,1.0
122,3,350,439,94,200,1,1,1.0
122,4,1755,440,82,200,1,1,1.0
123,1,902,437,90,200,1,1,1.0
123,2,1206,438,80,200,1,1,1.0
123,3,354,442,96,200,1,1,1.0
123,4,1753,437,76,200,1,1,1.0
124,1,904,443,96,200,1,1,1.0
124,2,1200,440,82,200,1,1,1.0
124,3,355,440,102,200,1,1,1.0
124,4,1746,440,82,200,1,1,1.0
125,1,909,441,94,200,1,1,1.0
125,2,1197,439,80,200,1,1,1.0
125,3,362,443,96,200,1,1,1.0
125,4,1743,440,78,200,1,1,1.0
126,1,913,443,94,200,1,1,1.0
126,2,1193,437,78,200,1,1,1.0
126,3,364,443,102,200,1,1,1.0
126,4,1739,442,78,200,1,1,1.0
127,1,919,440,90,200,1,1,1.0
127,2,1185,438,86,200,1,1,1.0
127,3,369,440,100,200,1,1,1.0
127,4,1734,438,80,200,1,1,1.0
128,1,922,440,92,200,1,1,1.0
128,2,1184,442,80,200,1,1,1.0
128,3,377,440,94,200,1,1,1.0
128,4,1731,438,76,200,1,1,1.0
129,1,929,439,88,200,1,1,1.0
129,2,1179,439,80,200,1,1,1.0
129,3,378,440,100,200,1,1,1.0
129,4,1726,439,78,200,1,1,1.0
130,1,931,439,92,200,1,1,1.0
130,2,1173,442,84,200,1,1,1.0
130,3,382,439,100,200,1,1,1.0
130,4,1721,443,78,200,1,1,1.0
131,1,936,441,92,200,1,1,1.0
131,2,1169,442,82,200,1,1,1.0
131,3,387,442,100,200,1,1,1.0
131,4,1716,441,80,200,1,1,1.0
132,1,939,440,94,200,1,1,1.0
132,2,1165,443,82,200,1,1,1.0
132,3,392,440,98,200,1,1,1.0
132,4,1713,443,78,200,1,1,1.0
133,1,946,443,88,200,1,1,1.0
133,2,1161,438,80,200,1,1,1.0
133,3,398,439,96,200,1,1,1.0
133,4,1707,439,80,200,1,1,1.0
134,1,947,437,96,200,1,1,1.0
134,2,1156,437,82,200,1,1,1.0
134,3,401,442,98,200,1,1,1.0
134,4,1705,440,76,200,1,1,1.0
135,1,952,439,94,200,1,1,1.0
135,2,1153,443,80,200,1,1,1.0
135,3,404,438,100,200,1,1,1.0
135,4,1697,442,82,200,1,1,1.0
136,1,958,440,92,200,1,1,1.0
136,2,1146,440,84,200,1,1,1.0
136,3,409,443,100,200,1,1,1.0
136,4,1694,439,80,200,1,1,1.0
137,1,963,440,90,200,1,1,1.0
137,2,1144,440,80,200,1,1,1.0
137,3,416,438,94,200,1,1,1.0
137,4,1692,438,76,200,1,1,1.0
138,1,964,439,96,200,1,1,1.0
138,2,1141,440,78,200,1,1,1.0
138,3,420,441,96,200,1,1,1.0
138,4,1686,442,78,200,1,1,1.0
139,1,970,442,94,200,1,1,1.0
139,2,1133,442,84,200,1,1,1.0
139,3,422,441,100,200,1,1,1.0
139,4,1680,443,82,200,1,1,1.0
140,1,974,442,94,200,1,1,1.0
140,2,1130,439,82,200,1,1,1.0
140,3,429,439,94,200,1,1,1.0
140,4,1675,438,82,200,1,1,1.0
141,1,978,443,96,200,1,1,1.0
141,2,1127,440,78,200,1,1,1.0
141,3,431,441,100,200,1,1,1.0
141,4,1674,439,76,200,1,1,1.0
142,1,984,437,92,200,1,1,1.0
142,2,1122,443,80,200,1,1,1.0
142,3,435,443,100,200,1,1,1.0
142,4,1667,443,82,200,1,1,1.0
143,1,986,439,96,200,1,1,1.0
143,2,1117,442,82,200,1,1,1.0
143,3,443,439,94,200,1,1,1.0
143,4,1665,442,76,200,1,1,1.0
144,1,993,440,92,200,1,1,1.0
144,2,1110,437,86,200,1,1,1.0
144,3,446,437,96,200,1,1,1.0
144,4,1658,438,82,200,1,1,1.0
145,1,998,440,90,200,1,1,1.0
145,2,1106,438,86,200,1,1,1.0
145,3,447,440,102,200,1,1,1.0
145,4,1654,443,80,200,1,1,1.0
146,1,1001,440,94,200,1,1,1.0
146,2,1102,440,84,200,1,1,1.0
146,3,454,441,98,200,1,1,1.0
146,4,1649,439,82,200,1,1,1.0
147,1,1006,442,92,200,1,1,1.0
147,2,1101,440,78,200,1,1,1.0
147,3,456,439,102,200,1,1,1.0
147,4,1647,443,78,200,1,1,1.0
148,1,1011,443,90,200,1,1,1.0
148,2,1094,439,84,200,1,1,1.0
148,3,464,439,96,200,1,1,1.0
148,4,1642,440,78,200,1,1,1.0
149,1,1014,440,94,200,1,1,1.0
149,2,1092,441,78,200,1,1,1.0
149,3,468,441,96,200,1,1,1.0
149,4,1638,440,78,200,1,1,1.0
150,1,1020,439,90,200,1,1,1.0
150,2,1086,438,82,200,1,1,1.0
150,3,470,437,100,200,1,1,1.0
150,4,1633,439,78,200,1,1,1.0
151,1,1023,440,94,200,1,1,1.0
151,2,1080,439,84,200,1,1,1.0
151,3,476,438,98,200,1,1,1.0
151,4,1630,439,76,200,1,1,1.0
152,1,1030,443,88,200,1,1,1.0
152,2,1075,443,86,200,1,1,1.0
152,3,481,439,96,200,1,1,1.0
152,4,1624,438,80,200,1,1,1.0
153,1,1034,441,88,200,1,1,1.0
153,2,1074,437,80,200,1,1,1.0
153,3,485,442,98,200,1,1,1.0
153,4,1620,443,78,200,1,1,1.0
154,1,1038,440,90,200,1,1,1.0
154,2,1069,440,80,200,1,1,1.0
154,3,489,438,98,200,1,1,1.0
154,4,1615,443,80,200,1,1,1.0
155,1,1042,440,90,200,1,1,1.0
155,2,1064,437,82,200,1,1,1.0
155,3,492,438,100,200,1,1,1.0
155,4,1611,442,78,200,1,1,1.0
156,1,1048,443,88,200,1,1,1.0
156,2,1060,440,80,200,1,1,1.0
156,3,498,440,98,200,1,1,1.0
156,4,1607,440,78,200,1,1,1.0
157,1,1049,442,94,200,1,1,1.0
157,2,1054,438,84,200,1,1,1.0
157,3,500,438,102,200,1,1,1.0
157,4,1603,439,78,200,1,1,1.0
158,1,1053,443,94,200,1,1,1.0
158,2,1052,437,80,200,1,1,1.0
158,3,507,438,98,200,1,1,1.0
158,4,1596,440,82,200,1,1,1.0
159,1,1059,442,92,200,1,1,1.0
159,2,1046,440,82,200,1,1,1.0
159,3,509,439,102,200,1,1,1.0
159,4,1595,442,76,200,1,1,1.0
160,1,1064,441,90,200,1,1,1.0
160,2,1042,437,82,200,1,1,1.0
160,3,516,442,96,200,1,1,1.0
160,4,1587,440,82,200,1,1,1.0
161,1,1069,439,90,200,1,1,1.0
161,2,1036,442,84,200,1,1,1.0
161,3,521,440,96,200,1,1,1.0
161,4,1584,442,80,200,1,1,1.0
162,1,1072,437,92,200,1,1,1.0
162,2,1031,443,86,200,1,1,1.0
162,3,522,443,102,200,1,1,1.0
162,4,1582,439,76,200,1,1,1.0
163,1,1076,442,92,200,1,1,1.0
163,2,1027,439,86,200,1,1,1.0
163,3,529,437,98,200,1,1,1.0
163,4,1574,437,82,200,1,1,1.0
164,1,1081,439,92,200,1,1,1.0
164,2,1022,440,86,200,1,1,1.0
164,3,535,441,94,200,1,1,1.0
164,4,1571,440,80,200,1,1,1.0
165,1,1085,441,92,200,1,1,1.0
165,2,1018,440,86,200,1,1,1.0
165,3,539,443,94,200,1,1,1.0
165,4,1567,441,78,200,1,1,1.0
166,1,1090,437,92,200,1,1,1.0
166,2,1016,437,80,200,1,1,1.0
166,3,542,440,98,200,1,1,1.0
166,4,1562,440,80,200,1,1,1.0
167,1,1092,442,96,200,1,1,1.0
167,2,1011,441,82,200,1,1,1.0
167,3,547,440,96,200,1,1,1.0
167,4,1559,440,78,200,1,1,1.0
168,1,1100,440,88,200,1,1,1.0
168,2,1007,442,82,200,1,1,1.0
168,3,552,440,96,200,1,1,1.0
168,4,1554,437,78,200,1,1,1.0
169,1,1104,443,90,200,1,1,1.0
169,2,1004,441,78,200,1,1,1.0
169,3,553,438,102,200,1,1,1.0
169,4,1548,438,82,200,1,1,1.0
170,1,1107,438,92,200,1,1,1.0
170,2,996,437,86,200,1,1,1.0
170,3,560,441,96,200,1,1,1.0
170,4,1544,441,80,200,1,1,1.0
171,1,1111,437,94,200,1,1,1.0
171,2,995,439,78,200,1,1,1.0
171,3,565,437,96,200,1,1,1.0
171,4,1540,439,80,200,1,1,1.0
172,1,1116,440,92,200,1,1,1.0
172,2,988,438,84,200,1,1,1.0
172,3,569,441,96,200,1,1,1.0
172,4,1538,442,76,200,1,1,1.0
173,1,1120,442,92,200,1,1,1.0
173,2,986,443,80,200,1,1,1.0
173,3,572,440,100,200,1,1,1.0
173,4,1532,438,78,200,1,1,1.0
174,1,1123,437,96,200,1,1,1.0
174,2,982,442,78,200,1,1,1.0
174,3,577,439,98,200,1,1,1.0
174,4,1529,440,76,200,1,1,1.0
175,1,1129,443,92,200,1,1,1.0
175,2,976,442,82,200,1,1,1.0
175,3,582,441,96,200,1,1,1.0
175,4,1521,439,82,200,1,1,1.0
176,1,1134,438,92,200,1,1,1.0
176,2,971,443,82,200,1,1,1.0
176,3,586,442,98,200,1,1,1.0
176,4,1520,440,76,200,1,1,1.0
177,1,1140,437,88,200,1,1,1.0
177,2,966,441,84,200,1,1,1.0
177,3,590,440,98,200,1,1,1.0
177,4,1513,441,82,200,1,1,1.0
178,1,1143,440,90,200,1,1,1.0
178,2,965,440,78,200,1,1,1.0
178,3,595,437,98,200,1,1,1.0
178,4,1510,440,78,200,1,1,1.0
179,1,1147,440,92,200,1,1,1.0
179,2,957,439,84,200,1,1,1.0
179,3,597,441,102,200,1,1,1.0
179,4,1507,437,76,200,1,1,1.0
180,1,1152,442,90,200,1,1,1.0
180,2,954,441,82,200,1,1,1.0
180,3,603,440,98,200,1,1,1.0
180,4,1502,442,76,200,1,1,1.0
181,1,1158,439,88,200,1,1,1.0
181,2,950,440,80,200,1,1,1.0
181,3,609,441,96,200,1,1,1.0
181,4,1495,438,82,200,1,1,1.0
182,1,1161,440,90,200,1,1,1.0
182,2,947,443,78,200,1,1,1.0
182,3,613,440,96,200,1,1,1.0
182,4,1491,437,82,200,1,1,1.0
183,1,1165,440,90,200,1,1,1.0
183,2,942,438,80,200,1,1,1.0
183,3,616,440,100,200,1,1,1.0
183,4,1489,439,76,200,1,1,1.0
184,1,1169,437,92,200,1,1,1.0
184,2,936,441,82,200,1,1,1.0
184,3,621,440,98,200,1,1,1.0
184,4,1484,440,78,200,1,1,1.0
185,1,1175,443,88,200,1,1,1.0
185,2,931,442,84,200,1,1,1.0
185,3,623,440,102,200,1,1,1.0
185,4,1477,440,82,200,1,1,1.0
186,1,1176,442,96,200,1,1,1.0
186,2,927,440,82,200,1,1,1.0
186,3,632,440,94,200,1,1,1.0
186,4,1476,440,76,200,1,1,1.0
187,1,1181,443,94,200,1,1,1.0
187,2,924,442,80,200,1,1,1.0
187,3,633,442,100,200,1,1,1.0
187,4,1470,439,80,200,1,1,1.0
188,1,1185,443,94,200,1,1,1.0
188,2,917,440,86,200,1,1,1.0
188,3,641,442,94,200,1,1,1.0
188,4,1467,438,76,200,1,1,1.0
189,1,1193,442,88,200,1,1,1.0
189,2,915,443,82,200,1,1,1.0
189,3,644,440,96,200,1,1,1.0
189,4,1462,438,78,200,1,1,1.0
190,1,1194,443,94,200,1,1,1.0
190,2,910,440,84,200,1,1,1.0
190,3,648,440,96,200,1,1,1.0
190,4,1457,440,78,200,1,1,1.0
191,1,1200,442,92,200,1,1,1.0
191,2,905,440,84,200,1,1,1.0
191,3,651,441,100,200,1,1,1.0
191,4,1451,439,82,200,1,1,1.0
192,1,1206,440,88,200,1,1,1.0
192,2,901,437,84,200,1,1,1.0
192,3,654,440,102,200,1,1,1.0
192,4,1449,440,78,200,1,1,1.0
193,1,1207,440,94,200,1,1,1.0
193,2,896,440,84,200,1,1,1.0
193,3,663,438,94,200,1,1,1.0
193,4,1442,438,82,200,1,1,1.0
194,1,1212,438,94,200,1,1,1.0
194,2,892,440,84,200,1,1,1.0
194,3,667,437,94,200,1,1,1.0
194,4,1440,438,78,200,1,1,1.0
195,1,1216,439,94,200,1,1,1.0
195,2,890,440,80,200,1,1,1.0
195,3,670,442,98,200,1,1,1.0
195,4,1435,442,78,200,1,1,1.0
196,1,1222,440,92,200,1,1,1.0
196,2,884,443,82,200,1,1,1.0
196,3,673,438,100,200,1,1,1.0
196,4,1430,437,80,200,1,1,1.0
197,1,1225,437,94,200,1,1,1.0
197,2,881,440,80,200,1,1,1.0
197,3,679,439,96,200,1,1,1.0
197,4,1426,439,80,200,1,1,1.0
198,1,1228,442,96,200,1,1,1.0
198,2,874,439,84,200,1,1,1.0
198,3,681,437,102,200,1,1,1.0
198,4,1423,440,76,200,1,1,1.0
199,1,1234,442,94,200,1,1,1.0
199,2,872,439,80,200,1,1,1.0
199,3,689,443,94,200,1,1,1.0
199,4,1416,441,82,200,1,1,1.0
200,1,1239,441,92,200,1,1,1.0
200,2,869,443,78,200,1,1,1.0
200,3,690,439,100,200,1,1,1.0
200,4,1411,437,82,200,1,1,1.0
201,1,1243,438,94,200,1,1,1.0
201,2,863,443,80,200,1,1,1.0
201,3,694,440,102,200,1,1,1.0
201,4,1410,441,76,200,1,1,1.0
202,1,1248,438,92,200,1,1,1.0
202,2,860,443,78,200,1,1,1.0
202,3,700,442,98,200,1,1,1.0
202,4,1403,438,82,200,1,1,1.0
203,1,1252,438,92,200,1,1,1.0
203,2,851,443,86,200,1,1,1.0
203,3,706,441,96,200,1,1,1.0
203,4,1400,440,78,200,1,1,1.0
204,1,1257,437,92,200,1,1,1.0
204,2,848,437,84,200,1,1,1.0
204,3,711,438,94,200,1,1,1.0
204,4,1395,438,80,200,1,1,1.0
205,1,1263,442,88,200,1,1,1.0
205,2,847,441,78,200,1,1,1.0
205,3,712,439,100,200,1,1,1.0
205,4,1392,442,76,200,1,1,1.0
206,1,1266,439,92,200,1,1,1.0
206,2,838,440,86,200,1,1,1.0
206,3,718,441,98,200,1,1,1.0
206,4,1385,440,82,200,1,1,1.0
207,1,1271,440,90,200,1,1,1.0
207,2,836,440,82,200,1,1,1.0
207,3,723,440,96,200,1,1,1.0
207,4,1383,440,78,200,1,1,1.0
208,1,1273,442,94,200,1,1,1.0
208,2,831,442,82,200,1,1,1.0
208,3,729,441,94,200,1,1,1.0
208,4,1376,440,82,200,1,1,1.0
209,1,1280,439,90,200,1,1,1.0
209,2,829,441,78,200,1,1,1.0
209,3,731,441,98,200,1,1,1.0
209,4,1374,440,78,200,1,1,1.0
210,1,1284,437,90,200,1,1,1.0
210,2,824,441,80,200,1,1,1.0
210,3,737,438,94,200,1,1,1.0
210,4,1367,442,82,200,1,1,1.0
211,1,1287,441,94,200,1,1,1.0
211,2,819,441,80,200,1,1,1.0
211,3,740,442,98,200,1,1,1.0
211,4,1364,440,80,200,1,1,1.0
212,1,1292,440,92,200,1,1,1.0
212,2,812,441,86,200,1,1,1.0
212,3,743,440,100,200,1,1,1.0
212,4,1360,439,80,200,1,1,1.0
213,1,1294,443,96,200,1,1,1.0
213,2,808,443,84,200,1,1,1.0
213,3,749,438,98,200,1,1,1.0
213,4,1355,439,80,200,1,1,1.0
214,1,1300,441,94,200,1,1,1.0
214,2,804,440,84,200,1,1,1.0
214,3,752,439,100,200,1,1,1.0
214,4,1353,440,76,200,1,1,1.0
215,1,1306,439,90,200,1,1,1.0
215,2,802,439,80,200,1,1,1.0
215,3,757,438,98,200,1,1,1.0
215,4,1347,437,78,200,1,1,1.0
216,1,1312,442,88,200,1,1,1.0
216,2,796,440,82,200,1,1,1.0
216,3,763,439,96,200,1,1,1.0
216,4,1344,441,76,200,1,1,1.0
217,1,1314,440,92,200,1,1,1.0
217,2,793,440,80,200,1,1,1.0
217,3,768,437,94,200,1,1,1.0
217,4,1339,440,78,200,1,1,1.0
218,1,1319,441,90,200,1,1,1.0
218,2,788,437,80,200,1,1,1.0
218,3,769,439,102,200,1,1,1.0
218,4,1334,437,78,200,1,1,1.0
219,1,1323,440,92,200,1,1,1.0
219,2,783,437,82,200,1,1,1.0
219,3,777,438,94,200,1,1,1.0
219,4,1329,440,80,200,1,1,1.0
220,1,1326,440,94,200,1,1,1.0
220,2,780,442,80,200,1,1,1.0
220,3,780,440,96,200,1,1,1.0
220,4,1326,438,76,200,1,1,1.0
221,1,1333,438,90,200,1,1,1.0
221,2,772,441,86,200,1,1,1.0
221,3,783,438,100,200,1,1,1.0
221,4,1319,438,82,200,1,1,1.0
222,1,1337,441,90,200,1,1,1.0
222,2,769,438,84,200,1,1,1.0
222,3,787,439,100,200,1,1,1.0
222,4,1318,441,76,200,1,1,1.0
223,1,1340,440,92,200,1,1,1.0
223,2,765,442,82,200,1,1,1.0
223,3,793,441,98,200,1,1,1.0
223,4,1313,442,76,200,1,1,1.0
224,1,1347,442,88,200,1,1,1.0
224,2,761,440,82,200,1,1,1.0
224,3,797,438,98,200,1,1,1.0
224,4,1306,437,82,200,1,1,1.0
225,1,1349,442,92,200,1,1,1.0
225,2,759,437,78,200,1,1,1.0
225,3,802,437,96,200,1,1,1.0
225,4,1304,437,76,200,1,1,1.0
226,1,1355,439,90,200,1,1,1.0
226,2,753,442,80,200,1,1,1.0
226,3,807,442,96,200,1,1,1.0
226,4,1297,442,82,200,1,1,1.0
227,1,1356,442,96,200,1,1,1.0
227,2,750,443,78,200,1,1,1.0
227,3,809,442,100,200,1,1,1.0
227,4,1294,440,80,200,1,1,1.0
228,1,1363,438,90,200,1,1,1.0
228,2,741,441,86,200,1,1,1.0
228,3,816,438,96,200,1,1,1.0
228,4,1288,438,82,200,1,1,1.0
229,1,1366,439,94,200,1,1,1.0
229,2,739,443,82,200,1,1,1.0
229,3,821,437,94,200,1,1,1.0
229,4,1286,437,78,200,1,1,1.0
230,1,1372,440,90,200,1,1,1.0
230,2,736,437,80,200,1,1,1.0
230,3,824,439,96,200,1,1,1.0
230,4,1279,440,82,200,1,1,1.0
231,1,1376,439,92,200,1,1,1.0
231,2,730,437,82,200,1,1,1.0
231,3,830,439,94,200,1,1,1.0
231,4,1278,439,76,200,1,1,1.0
232,1,1381,442,90,200,1,1,1.0
232,2,725,440,84,200,1,1,1.0
232,3,831,438,100,200,1,1,1.0
232,4,1272,438,80,200,1,1,1.0
233,1,1382,443,96,200,1,1,1.0
233,2,719,441,86,200,1,1,1.0
233,3,839,440,94,200,1,1,1.0
233,4,1269,440,76,200,1,1,1.0
234,1,1390,438,90,200,1,1,1.0
234,2,717,440,82,200,1,1,1.0
234,3,840,443,100,200,1,1,1.0
234,4,1263,439,80,200,1,1,1.0
235,1,1394,440,90,200,1,1,1.0
235,2,712,440,84,200,1,1,1.0
235,3,846,440,96,200,1,1,1.0
235,4,1260,438,76,200,1,1,1.0
236,1,1399,442,90,200,1,1,1.0
236,2,710,439,78,200,1,1,1.0
236,3,848,440,102,200,1,1,1.0
236,4,1256,442,76,200,1,1,1.0
237,1,1403,438,90,200,1,1,1.0
237,2,706,439,78,200,1,1,1.0
237,3,856,439,94,200,1,1,1.0
237,4,1249,443,82,200,1,1,1.0
238,1,1406,442,92,200,1,1,1.0
238,2,697,437,86,200,1,1,1.0
238,3,858,442,100,200,1,1,1.0
238,4,1244,440,82,200,1,1,1.0
239,1,1411,443,92,200,1,1,1.0
239,2,694,443,84,200,1,1,1.0
239,3,865,442,94,200,1,1,1.0
239,4,1242,441,78,200,1,1,1.0
240,1,1415,438,92,200,1,1,1.0
240,2,691,440,82,200,1,1,1.0
240,3,869,442,94,200,1,1,1.0
240,4,1237,440,78,200,1,1,1.0
241,1,1419,443,94,200,1,1,1.0
241,2,687,440,80,200,1,1,1.0
241,3,873,443,96,200,1,1,1.0
241,4,1234,439,76,200,1,1,1.0
242,1,1426,443,88,200,1,1,1.0
242,2,683,440,80,200,1,1,1.0
242,3,874,440,102,200,1,1,1.0
242,4,1230,440,76,200,1,1,1.0
243,1,1429,439,90,200,1,1,1.0
243,2,677,442,82,200,1,1,1.0
243,3,880,443,100,200,1,1,1.0
243,4,1222,439,82,200,1,1,1.0
244,1,1433,438,92,200,1,1,1.0
244,2,672,437,84,200,1,1,1.0
244,3,886,438,96,200,1,1,1.0
244,4,1218,443,82,200,1,1,1.0
245,1,1436,441,94,200,1,1,1.0
245,2,671,443,78,200,1,1,1.0
245,3,888,440,100,200,1,1,1.0
245,4,1213,443,82,200,1,1,1.0
246,1,1442,439,92,200,1,1,1.0
246,2,665,440,80,200,1,1,1.0
246,3,895,442,96,200,1,1,1.0
246,4,1209,438,82,200,1,1,1.0
247,1,1444,437,96,200,1,1,1.0
247,2,658,438,86,200,1,1,1.0
247,3,897,438,100,200,1,1,1.0
247,4,1208,443,76,200,1,1,1.0
248,1,1450,440,92,200,1,1,1.0
248,2,657,443,78,200,1,1,1.0
248,3,902,442,100,200,1,1,1.0
248,4,1203,439,76,200,1,1,1.0
249,1,1454,441,94,200,1,1,1.0
249,2,651,440,82,200,1,1,1.0
249,3,908,439,96,200,1,1,1.0
249,4,1198,438,78,200,1,1,1.0
250,1,1461,441,88,200,1,1,1.0
250,2,648,443,80,200,1,1,1.0
250,3,912,443,96,200,1,1,1.0
250,4,1194,442,76,200,1,1,1.0
