1,1,364,440,92,200,1,1,1.0
2,1,370,440,90,200,1,1,1.0
3,1,373,440,92,200,1,1,1.0
4,1,376,440,96,200,1,1,1.0
5,1,380,440,96,200,1,1,1.0
6,1,387,440,90,200,1,1,1.0
7,1,391,440,92,200,1,1,1.0
8,1,395,440,92,200,1,1,1.0
9,1,399,440,94,200,1,1,1.0
10,1,404,440,92,200,1,1,1.0
11,1,409,440,90,200,1,1,1.0
12,1,414,440,90,200,1,1,1.0
13,1,417,440,92,200,1,1,1.0
14,1,423,440,90,200,1,1,1.0
15,1,425,440,94,200,1,1,1.0
16,1,431,440,90,200,1,1,1.0
17,1,436,440,90,200,1,1,1.0
18,1,439,440,92,200,1,1,1.0
19,1,444,440,92,200,1,1,1.0
20,1,448,440,92,200,1,1,1.0
21,1,452,440,92,200,1,1,1.0
22,1,458,440,90,200,1,1,1.0
23,1,459,440,96,200,1,1,1.0
24,1,466,440,92,200,1,1,1.0
24,2,1918,440,1,200,1,1,1.0
25,1,472,440,88,200,1,1,1.0
25,2,1914,440,5,200,1,1,1.0
26,1,475,440,90,200,1,1,1.0
26,2,1910,440,9,200,1,1,1.0
27,1,478,440,94,200,1,1,1.0
27,2,1905,440,14,200,1,1,1.0
28,1,481,440,96,200,1,1,1.0
28,2,1899,440,20,200,1,1,1.0
29,1,488,440,92,200,1,1,1.0
29,2,1897,440,22,200,1,1,1.0
30,1,494,440,88,200,1,1,1.0
30,2,1889,440,30,200,1,1,1.0
31,1,496,440,92,200,1,1,1.0
31,2,1887,440,32,200,1,1,1.0
32,1,499,440,96,200,1,1,1.0
32,2,1882,440,37,200,1,1,1.0
33,1,504,440,94,200,1,1,1.0
33,2,1880,440,39,200,1,1,1.0
34,1,509,440,94,200,1,1,1.0
34,2,1873,440,46,200,1,1,1.0
35,1,515,440,90,200,1,1,1.0
35,2,1867,440,52,200,1,1,1.0
36,1,519,440,90,200,1,1,1.0
36,2,1866,440,53,200,1,1,1.0
37,1,521,440,96,200,1,1,1.0
37,2,1859,440,60,200,1,1,1.0
38,1,529,440,88,200,1,1,1.0
38,2,1857,440,62,200,1,1,1.0
39,1,531,440,94,200,1,1,1.0
39,2,1852,440,67,200,1,1,1.0
40,1,536,440,92,200,1,1,1.0
40,2,1847,440,72,200,1,1,1.0
41,1,540,440,92,200,1,1,1.0
41,2,1843,440,76,200,1,1,1.0
42,1,546,440,90,200,1,1,1.0
42,2,1839,440,80,200,1,1,1.0
43,1,547,440,96,200,1,1,1.0
43,2,1835,440,80,200,1,1,1.0
44,1,553,440,94,200,1,1,1.0
44,2,1830,440,80,200,1,1,1.0
45,1,556,440,96,200,1,1,1.0
45,2,1825,440,82,200,1,1,1.0
46,1,561,440,94,200,1,1,1.0
46,2,1821,440,82,200,1,1,1.0
47,1,567,440,92,200,1,1,1.0
47,2,1816,440,82,200,1,1,1.0
48,1,573,440,88,200,1,1,1.0
48,2,1812,440,82,200,1,1,1.0
49,1,577,440,90,200,1,1,1.0
49,2,1806,440,84,200,1,1,1.0
50,1,579,440,94,200,1,1,1.0
50,2,1804,440,80,200,1,1,1.0
51,1,586,440,88,200,1,1,1.0
51,2,1799,440,82,200,1,1,1.0
52,1,588,440,94,200,1,1,1.0
52,2,1793,440,84,200,1,1,1.0
53,1,594,440,90,200,1,1,1.0
53,2,1788,440,86,200,1,1,1.0
54,1,598,440,92,200,1,1,1.0
54,2,1785,440,82,200,1,1,1.0
55,1,601,440,94,200,1,1,1.0
55,2,1780,440,84,200,1,1,1.0
56,1,607,440,90,200,1,1,1.0
56,2,1776,440,84,200,1,1,1.0
57,1,610,440,94,200,1,1,1.0
57,2,1773,440,80,200,1,1,1.0
58,1,614,440,94,200,1,1,1.0
58,2,1768,440,82,200,1,1,1.0
59,1,621,440,90,200,1,1,1.0
59,2,1762,440,84,200,1,1,1.0
60,1,623,440,94,200,1,1,1.0
60,2,1758,440,84,200,1,1,1.0
61,1,627,440,94,200,1,1,1.0
61,2,1753,440,86,200,1,1,1.0
62,1,634,440,90,200,1,1,1.0
62,2,1752,440,78,200,1,1,1.0
63,1,636,440,94,200,1,1,1.0
63,2,1747,440,80,200,1,1,1.0
64,1,643,440,90,200,1,1,1.0
64,2,1740,440,84,200,1,1,1.0
65,1,647,440,90,200,1,1,1.0
65,2,1736,440,84,200,1,1,1.0
66,1,651,440,90,200,1,1,1.0
66,2,1733,440,82,200,1,1,1.0
67,1,654,440,94,200,1,1,1.0
67,2,1729,440,80,200,1,1,1.0
68,1,660,440,90,200,1,1,1.0
68,2,1725,440,80,200,1,1,1.0
69,1,663,440,94,200,1,1,1.0
69,2,1720,440,80,200,1,1,1.0
70,1,669,440,90,200,1,1,1.0
70,2,1715,440,82,200,1,1,1.0
71,1,675,440,88,200,1,1,1.0
71,2,1712,440,80,200,1,1,1.0
72,1,676,440,94,200,1,1,1.0
72,2,1705,440,84,200,1,1,1.0
73,1,680,440,94,200,1,1,1.0
73,2,1702,440,82,200,1,1,1.0
74,1,687,440,90,200,1,1,1.0
74,2,1696,440,84,200,1,1,1.0
75,1,692,440,88,200,1,1,1.0
75,2,1694,440,80,200,1,1,1.0
76,1,694,440,92,200,1,1,1.0
76,2,1689,440,82,200,1,1,1.0
77,1,700,440,90,200,1,1,1.0
77,2,1684,440,82,200,1,1,1.0
78,1,703,440,92,200,1,1,1.0
78,2,1680,440,82,200,1,1,1.0
79,1,708,440,92,200,1,1,1.0
79,2,1677,440,78,200,1,1,1.0
80,1,713,440,90,200,1,1,1.0
80,2,1672,440,80,200,1,1,1.0
81,1,714,440,96,200,1,1,1.0
81,2,1668,440,80,200,1,1,1.0
82,1,720,440,94,200,1,1,1.0
82,2,1663,440,80,200,1,1,1.0
83,1,725,440,92,200,1,1,1.0
83,2,1659,440,80,200,1,1,1.0
84,1,732,440,88,200,1,1,1.0
84,2,1653,440,82,200,1,1,1.0
85,1,735,440,90,200,1,1,1.0
85,2,1650,440,80,200,1,1,1.0
86,1,738,440,92,200,1,1,1.0
86,2,1644,440,84,200,1,1,1.0
87,1,745,440,88,200,1,1,1.0
87,2,1638,440,86,200,1,1,1.0
88,1,748,440,90,200,1,1,1.0
88,2,1637,440,80,200,1,1,1.0
89,1,752,440,92,200,1,1,1.0
89,2,1630,440,84,200,1,1,1.0
90,1,757,440,90,200,1,1,1.0
90,2,1626,440,84,200,1,1,1.0
91,1,759,440,94,200,1,1,1.0
91,2,1622,440,84,200,1,1,1.0
92,1,767,440,88,200,1,1,1.0
92,2,1619,440,80,200,1,1,1.0
93,1,770,440,90,200,1,1,1.0
93,2,1612,440,86,200,1,1,1.0
94,1,774,440,92,200,1,1,1.0
94,2,1611,440,78,200,1,1,1.0
95,1,777,440,94,200,1,1,1.0
95,2,1605,440,82,200,1,1,1.0
96,1,782,440,92,200,1,1,1.0
96,2,1601,440,82,200,1,1,1.0
97,1,786,440,94,200,1,1,1.0
97,2,1597,440,80,200,1,1,1.0
98,1,792,440,90,200,1,1,1.0
98,2,1591,440,84,200,1,1,1.0
99,1,795,440,94,200,1,1,1.0
99,2,1586,440,84,200,1,1,1.0
100,1,799,440,94,200,1,1,1.0
100,2,1582,440,84,200,1,1,1.0
101,1,802,440,96,200,1,1,1.0
101,2,1580,440,80,200,1,1,1.0
102,1,808,440,94,200,1,1,1.0
102,2,1575,440,80,200,1,1,1.0
103,1,813,440,92,200,1,1,1.0
103,2,1572,440,78,200,1,1,1.0
104,1,818,440,92,200,1,1,1.0
104,2,1566,440,80,200,1,1,1.0
105,1,820,440,96,200,1,1,1.0
105,2,1560,440,84,200,1,1,1.0
106,1,825,440,94,200,1,1,1.0
106,2,1557,440,82,200,1,1,1.0
107,1,831,440,92,200,1,1,1.0
107,2,1553,440,80,200,1,1,1.0
108,1,835,440,92,200,1,1,1.0
108,2,1548,440,82,200,1,1,1.0
109,1,838,440,96,200,1,1,1.0
109,2,1542,440,84,200,1,1,1.0
110,1,842,440,96,200,1,1,1.0
110,2,1539,440,82,200,1,1,1.0
111,1,849,440,90,200,1,1,1.0
111,2,1536,440,80,200,1,1,1.0
112,1,852,440,94,200,1,1,1.0
112,2,1529,440,84,200,1,1,1.0
113,1,858,440,90,200,1,1,1.0
113,2,1524,440,86,200,1,1,1.0
114,1,861,440,94,200,1,1,1.0
114,2,1519,440,86,200,1,1,1.0
115,1,864,440,96,200,1,1,1.0
115,2,1517,440,82,200,1,1,1.0
116,1,868,440,96,200,1,1,1.0
116,2,1511,440,86,200,1,1,1.0
117,1,876,440,90,200,1,1,1.0
117,2,1509,440,80,200,1,1,1.0
118,1,879,440,92,200,1,1,1.0
118,2,1503,440,84,200,1,1,1.0
119,1,884,440,92,200,1,1,1.0
119,2,1498,440,84,200,1,1,1.0
120,1,887,440,94,200,1,1,1.0
120,2,1494,440,84,200,1,1,1.0
121,1,894,440,88,200,1,1,1.0
121,2,1491,440,82,200,1,1,1.0
122,1,897,440,92,200,1,1,1.0
122,2,1484,440,86,200,1,1,1.0
123,1,901,440,92,200,1,1,1.0
123,2,1481,440,84,200,1,1,1.0
124,1,907,440,90,200,1,1,1.0
124,2,1475,440,86,200,1,1,1.0
125,1,910,440,92,200,1,1,1.0
125,2,1471,440,86,200,1,1,1.0
126,1,913,440,94,200,1,1,1.0
126,2,1470,440,80,200,1,1,1.0
127,1,919,440,90,200,1,1,1.0
127,2,1466,440,78,200,1,1,1.0
128,1,920,440,96,200,1,1,1.0
128,2,1458,440,86,200,1,1,1.0
129,1,927,440,92,200,1,1,1.0
129,2,1453,440,86,200,1,1,1.0
130,1,929,440,96,200,1,1,1.0
130,2,1451,440,82,200,1,1,1.0
131,1,936,440,92,200,1,1,1.0
131,2,1447,440,82,200,1,1,1.0
132,1,939,440,94,200,1,1,1.0
132,2,1440,440,86,200,1,1,1.0
133,1,945,440,90,200,1,1,1.0
133,2,1439,440,80,200,1,1,1.0
134,1,950,440,90,200,1,1,1.0
134,2,1431,440,86,200,1,1,1.0
135,1,953,440,92,200,1,1,1.0
135,2,1430,440,80,200,1,1,1.0
136,1,957,440,94,200,1,1,1.0
136,2,1425,440,82,200,1,1,1.0
137,1,964,440,88,200,1,1,1.0
137,2,1419,440,84,200,1,1,1.0
138,1,965,440,94,200,1,1,1.0
138,2,1418,440,78,200,1,1,1.0
139,1,972,440,90,200,1,1,1.0
139,2,1413,440,78,200,1,1,1.0
140,1,975,440,92,200,1,1,1.0
140,2,1407,440,82,200,1,1,1.0
141,1,979,440,94,200,1,1,1.0
141,2,1402,440,84,200,1,1,1.0
142,1,983,440,94,200,1,1,1.0
142,2,1397,440,84,200,1,1,1.0
143,1,988,440,92,200,1,1,1.0
143,2,1395,440,80,200,1,1,1.0
144,1,992,440,94,200,1,1,1.0
144,2,1390,440,80,200,1,1,1.0
145,1,998,440,90,200,1,1,1.0
145,2,1383,440,86,200,1,1,1.0
146,1,1001,440,94,200,1,1,1.0
146,2,1383,440,78,200,1,1,1.0
147,1,1006,440,92,200,1,1,1.0
147,2,1378,440,78,200,1,1,1.0
148,1,1011,440,90,200,1,1,1.0
148,2,1373,440,80,200,1,1,1.0
149,1,1014,440,94,200,1,1,1.0
149,2,1369,440,78,200,1,1,1.0
150,1,1021,440,88,200,1,1,1.0
150,2,1363,440,82,200,1,1,1.0
151,1,1025,440,90,200,1,1,1.0
151,2,1358,440,84,200,1,1,1.0
152,1,1027,440,94,200,1,1,1.0
152,2,1354,440,82,200,1,1,1.0
153,1,1031,440,94,200,1,1,1.0
153,2,1350,440,82,200,1,1,1.0
154,1,1037,440,92,200,1,1,1.0
154,2,1345,440,82,200,1,1,1.0
155,1,1040,440,94,200,1,1,1.0
155,2,1342,440,80,200,1,1,1.0
156,1,1048,440,88,200,1,1,1.0
156,2,1338,440,80,200,1,1,1.0
157,1,1052,440,88,200,1,1,1.0
157,2,1331,440,84,200,1,1,1.0
158,1,1055,440,90,200,1,1,1.0
158,2,1327,440,84,200,1,1,1.0
159,1,1059,440,92,200,1,1,1.0
159,2,1321,440,86,200,1,1,1.0
160,1,1064,440,90,200,1,1,1.0
160,2,1317,440,86,200,1,1,1.0
161,1,1068,440,92,200,1,1,1.0
161,2,1316,440,80,200,1,1,1.0
162,1,1071,440,94,200,1,1,1.0
162,2,1310,440,82,200,1,1,1.0
163,1,1075,440,94,200,1,1,1.0
163,2,1307,440,80,200,1,1,1.0
164,1,1083,440,88,200,1,1,1.0
164,2,1300,440,84,200,1,1,1.0
165,1,1083,440,96,200,1,1,1.0
165,2,1297,440,82,200,1,1,1.0
166,1,1091,440,90,200,1,1,1.0
166,2,1294,440,80,200,1,1,1.0
167,1,1095,440,90,200,1,1,1.0
167,2,1288,440,82,200,1,1,1.0
168,1,1097,440,94,200,1,1,1.0
168,2,1284,440,82,200,1,1,1.0
169,1,1104,440,90,200,1,1,1.0
169,2,1278,440,84,200,1,1,1.0
170,1,1107,440,92,200,1,1,1.0
170,2,1274,440,84,200,1,1,1.0
171,1,1113,440,90,200,1,1,1.0
171,2,1271,440,82,200,1,1,1.0
172,1,1114,440,96,200,1,1,1.0
172,2,1264,440,86,200,1,1,1.0
173,1,1119,440,94,200,1,1,1.0
173,2,1264,440,78,200,1,1,1.0
174,1,1126,440,90,200,1,1,1.0
174,2,1257,440,82,200,1,1,1.0
175,1,1130,440,90,200,1,1,1.0
175,2,1253,440,82,200,1,1,1.0
176,1,1135,440,90,200,1,1,1.0
176,2,1250,440,80,200,1,1,1.0
177,1,1139,440,90,200,1,1,1.0
177,2,1243,440,84,200,1,1,1.0
178,1,1142,440,92,200,1,1,1.0
178,2,1242,440,78,200,1,1,1.0
179,1,1147,440,92,200,1,1,1.0
179,2,1236,440,80,200,1,1,1.0
180,1,1150,440,94,200,1,1,1.0
180,2,1231,440,82,200,1,1,1.0
181,1,1155,440,94,200,1,1,1.0
181,2,1228,440,80,200,1,1,1.0
182,1,1159,440,94,200,1,1,1.0
182,2,1221,440,84,200,1,1,1.0
183,1,1163,440,94,200,1,1,1.0
183,2,1219,440,80,200,1,1,1.0
184,1,1169,440,92,200,1,1,1.0
184,2,1211,440,86,200,1,1,1.0
185,1,1175,440,88,200,1,1,1.0
185,2,1210,440,80,200,1,1,1.0
186,1,1180,440,88,200,1,1,1.0
186,2,1203,440,86,200,1,1,1.0
187,1,1181,440,94,200,1,1,1.0
187,2,1199,440,84,200,1,1,1.0
188,1,1186,440,92,200,1,1,1.0
188,2,1197,440,80,200,1,1,1.0
189,1,1192,440,90,200,1,1,1.0
189,2,1192,440,80,200,1,1,1.0
190,1,1196,440,90,200,1,1,1.0
190,2,1188,440,80,200,1,1,1.0
191,1,1202,440,88,200,1,1,1.0
191,2,1181,440,86,200,1,1,1.0
192,1,1205,440,90,200,1,1,1.0
192,2,1179,440,80,200,1,1,1.0
193,1,1208,440,92,200,1,1,1.0
193,2,1174,440,82,200,1,1,1.0
194,1,1212,440,94,200,1,1,1.0
194,2,1171,440,78,200,1,1,1.0
195,1,1217,440,92,200,1,1,1.0
195,2,1166,440,80,200,1,1,1.0
196,1,1221,440,94,200,1,1,1.0
196,2,1159,440,84,200,1,1,1.0
197,1,1227,440,90,200,1,1,1.0
197,2,1156,440,82,200,1,1,1.0
198,1,1228,440,96,200,1,1,1.0
198,2,1153,440,80,200,1,1,1.0
199,1,1237,440,88,200,1,1,1.0
199,2,1148,440,80,200,1,1,1.0
200,1,1237,440,96,200,1,1,1.0
200,2,1144,440,80,200,1,1,1.0
201,1,1246,440,88,200,1,1,1.0
201,2,1139,440,82,200,1,1,1.0
202,1,1246,440,96,200,1,1,1.0
202,2,1135,440,80,200,1,1,1.0
203,1,1250,440,96,200,1,1,1.0
203,2,1130,440,82,200,1,1,1.0
204,1,1259,440,88,200,1,1,1.0
204,2,1126,440,80,200,1,1,1.0
205,1,1261,440,92,200,1,1,1.0
205,2,1120,440,84,200,1,1,1.0
206,1,1266,440,92,200,1,1,1.0
206,2,1116,440,84,200,1,1,1.0
207,1,1269,440,94,200,1,1,1.0
207,2,1111,440,84,200,1,1,1.0
208,1,1272,440,96,200,1,1,1.0
208,2,1110,440,78,200,1,1,1.0
209,1,1279,440,92,200,1,1,1.0
209,2,1101,440,86,200,1,1,1.0
210,1,1282,440,94,200,1,1,1.0
210,2,1099,440,82,200,1,1,1.0
211,1,1290,440,88,200,1,1,1.0
211,2,1095,440,82,200,1,1,1.0
212,1,1291,440,94,200,1,1,1.0
212,2,1088,440,86,200,1,1,1.0
213,1,1297,440,90,200,1,1,1.0
213,2,1086,440,82,200,1,1,1.0
214,1,1299,440,96,200,1,1,1.0
214,2,1082,440,80,200,1,1,1.0
215,1,1305,440,92,200,1,1,1.0
215,2,1075,440,86,200,1,1,1.0
216,1,1311,440,90,200,1,1,1.0
216,2,1073,440,82,200,1,1,1.0
217,1,1314,440,92,200,1,1,1.0
217,2,1067,440,84,200,1,1,1.0
218,1,1316,440,96,200,1,1,1.0
218,2,1065,440,80,200,1,1,1.0
219,1,1324,440,90,200,1,1,1.0
219,2,1059,440,82,200,1,1,1.0
220,1,1326,440,94,200,1,1,1.0
220,2,1056,440,80,200,1,1,1.0
221,1,1331,440,94,200,1,1,1.0
221,2,1051,440,82,200,1,1,1.0
222,1,1337,440,90,200,1,1,1.0
222,2,1046,440,82,200,1,1,1.0
223,1,1341,440,90,200,1,1,1.0
223,2,1043,440,80,200,1,1,1.0
224,1,1344,440,94,200,1,1,1.0
224,2,1035,440,86,200,1,1,1.0
225,1,1349,440,92,200,1,1,1.0
225,2,1033,440,82,200,1,1,1.0
226,1,1356,440,88,200,1,1,1.0
226,2,1027,440,86,200,1,1,1.0
227,1,1359,440,90,200,1,1,1.0
227,2,1025,440,80,200,1,1,1.0
228,1,1362,440,92,200,1,1,1.0
228,2,1018,440,86,200,1,1,1.0
229,1,1365,440,96,200,1,1,1.0
229,2,1013,440,86,200,1,1,1.0
230,1,1372,440,90,200,1,1,1.0
230,2,1011,440,82,200,1,1,1.0
231,1,1378,440,88,200,1,1,1.0
231,2,1008,440,80,200,1,1,1.0
232,1,1379,440,94,200,1,1,1.0
232,2,1004,440,78,200,1,1,1.0
233,1,1383,440,94,200,1,1,1.0
233,2,999,440,80,200,1,1,1.0
234,1,1389,440,92,200,1,1,1.0
234,2,994,440,80,200,1,1,1.0
235,1,1394,440,90,200,1,1,1.0
235,2,988,440,84,200,1,1,1.0
236,1,1399,440,90,200,1,1,1.0
236,2,986,440,80,200,1,1,1.0
237,1,1402,440,92,200,1,1,1.0
237,2,981,440,80,200,1,1,1.0
238,1,1405,440,94,200,1,1,1.0
238,2,977,440,80,200,1,1,1.0
239,1,1410,440,94,200,1,1,1.0
239,2,972,440,80,200,1,1,1.0
240,1,1417,440,88,200,1,1,1.0
240,2,967,440,82,200,1,1,1.0
241,1,1420,440,92,200,1,1,1.0
241,2,962,440,84,200,1,1,1.0
242,1,1422,440,96,200,1,1,1.0
242,2,959,440,80,200,1,1,1.0
243,1,1430,440,88,200,1,1,1.0
243,2,955,440,80,200,1,1,1.0
244,1,1434,440,90,200,1,1,1.0
244,2,948,440,84,200,1,1,1.0
245,1,1436,440,94,200,1,1,1.0
245,2,945,440,82,200,1,1,1.0
246,1,1443,440,90,200,1,1,1.0
246,2,942,440,80,200,1,1,1.0
247,1,1445,440,94,200,1,1,1.0
247,2,936,440,82,200,1,1,1.0
248,1,1450,440,92,200,1,1,1.0
248,2,933,440,80,200,1,1,1.0
249,1,1453,440,96,200,1,1,1.0
249,2,925,440,86,200,1,1,1.0
250,1,1459,440,92,200,1,1,1.0
250,2,924,440,80,200,1,1,1.0
