1,1,362,440,96,200,1,1,1.0
1,2,1649,444,82,200,1,1,1.0
1,3,0,439,102,200,1,1,1.0
2,1,369,438,92,200,1,1,1.0
2,2,1648,442,76,200,1,1,1.0
2,3,6,447,96,200,1,1,1.0
3,1,374,434,90,200,1,1,1.0
3,2,1644,435,74,200,1,1,1.0
3,3,10,438,96,200,1,1,1.0
4,1,379,436,90,200,1,1,1.0
4,2,1637,446,80,200,1,1,1.0
4,3,11,440,104,200,1,1,1.0
5,1,383,446,90,200,1,1,1.0
5,2,1633,435,78,200,1,1,1.0
5,3,21,447,92,200,1,1,1.0
6,1,388,435,88,200,1,1,1.0
6,2,1627,433,82,200,1,1,1.0
6,3,25,445,94,200,1,1,1.0
7,1,394,440,86,200,1,1,1.0
7,2,1622,440,84,200,1,1,1.0
7,3,30,439,92,200,1,1,1.0
8,1,398,445,86,200,1,1,1.0
8,2,1615,433,88,200,1,1,1.0
8,3,30,434,100,200,1,1,1.0
9,1,402,445,88,200,1,1,1.0
9,2,1614,435,82,200,1,1,1.0
9,3,39,442,92,200,1,1,1.0
10,1,404,435,92,200,1,1,1.0
10,2,1608,444,84,200,1,1,1.0
10,3,37,446,104,200,1,1,1.0
11,1,410,446,88,200,1,1,1.0
11,2,1601,443,90,200,1,1,1.0
11,3,43,446,102,200,1,1,1.0
12,1,410,445,98,200,1,1,1.0
12,2,1597,442,90,200,1,1,1.0
12,3,48,440,100,200,1,1,1.0
13,1,416,446,94,200,1,1,1.0
13,2,1599,442,76,200,1,1,1.0
13,3,52,437,100,200,1,1,1.0
14,1,425,438,86,200,1,1,1.0
14,2,1589,446,88,200,1,1,1.0
14,3,60,443,94,200,1,1,1.0
15,1,428,439,88,200,1,1,1.0
15,2,1586,440,84,200,1,1,1.0
15,3,59,447,104,200,1,1,1.0
16,1,432,440,88,200,1,1,1.0
16,2,1585,440,78,200,1,1,1.0
16,3,66,439,100,200,1,1,1.0
17,1,437,445,88,200,1,1,1.0
17,2,1576,436,88,200,1,1,1.0
17,3,68,440,104,200,1,1,1.0
18,1,438,447,94,200,1,1,1.0
18,2,1574,434,82,200,1,1,1.0
18,3,75,433,98,200,1,1,1.0
19,1,443,441,94,200,1,1,1.0
19,2,1568,437,86,200,1,1,1.0
19,3,77,435,104,200,1,1,1.0
20,1,444,436,100,200,1,1,1.0
20,2,1564,436,84,200,1,1,1.0
20,3,87,437,92,200,1,1,1.0
21,1,455,447,86,200,1,1,1.0
21,2,1561,442,82,200,1,1,1.0
21,3,92,443,92,200,1,1,1.0
22,1,460,440,86,200,1,1,1.0
22,2,1559,437,78,200,1,1,1.0
22,3,92,445,100,200,1,1,1.0
22,4,1916,444,3,200,1,1,1.0
23,1,463,437,88,200,1,1,1.0
23,2,1550,439,86,200,1,1,1.0
23,3,97,440,98,200,1,1,1.0
23,4,1915,440,4,200,1,1,1.0
24,1,463,433,98,200,1,1,1.0
24,2,1547,447,84,200,1,1,1.0
24,3,104,434,94,200,1,1,1.0
24,4,1914,445,5,200,1,1,1.0
25,1,466,441,100,200,1,1,1.0
25,2,1540,436,88,200,1,1,1.0
25,3,104,447,102,200,1,1,1.0
25,4,1906,441,13,200,1,1,1.0
26,1,474,444,92,200,1,1,1.0
26,2,1541,436,78,200,1,1,1.0
26,3,111,442,98,200,1,1,1.0
26,4,1899,443,20,200,1,1,1.0
27,1,478,438,94,200,1,1,1.0
27,2,1531,445,90,200,1,1,1.0
27,3,112,445,104,200,1,1,1.0
27,4,1895,441,24,200,1,1,1.0
28,1,480,433,98,200,1,1,1.0
28,2,1528,440,86,200,1,1,1.0
28,3,117,438,102,200,1,1,1.0
28,4,1896,443,23,200,1,1,1.0
29,1,488,437,92,200,1,1,1.0
29,2,1526,446,82,200,1,1,1.0
29,3,124,437,98,200,1,1,1.0
29,4,1888,435,31,200,1,1,1.0
30,1,492,434,92,200,1,1,1.0
30,2,1521,445,82,200,1,1,1.0
30,3,128,445,98,200,1,1,1.0
30,4,1885,439,34,200,1,1,1.0
31,1,494,434,96,200,1,1,1.0
31,2,1515,438,86,200,1,1,1.0
31,3,131,437,102,200,1,1,1.0
31,4,1876,445,43,200,1,1,1.0
32,1,502,440,90,200,1,1,1.0
32,2,1516,445,76,200,1,1,1.0
32,3,137,441,98,200,1,1,1.0
32,4,1874,443,45,200,1,1,1.0
33,1,504,434,94,200,1,1,1.0
33,2,1512,434,74,200,1,1,1.0
33,3,144,441,92,200,1,1,1.0
33,4,1873,447,46,200,1,1,1.0
34,1,507,434,98,200,1,1,1.0
34,2,1501,444,88,200,1,1,1.0
34,3,145,440,100,200,1,1,1.0
34,4,1865,438,54,200,1,1,1.0
35,1,517,440,86,200,1,1,1.0
35,2,1501,441,78,200,1,1,1.0
35,3,152,435,94,200,1,1,1.0
35,4,1863,438,56,200,1,1,1.0
36,1,514,440,100,200,1,1,1.0
36,2,1494,435,84,200,1,1,1.0
36,3,156,433,96,200,1,1,1.0
36,4,1854,433,65,200,1,1,1.0
37,1,525,433,88,200,1,1,1.0
37,2,1487,445,90,200,1,1,1.0
37,3,158,443,100,200,1,1,1.0
37,4,1849,444,70,200,1,1,1.0
38,1,528,437,90,200,1,1,1.0
38,2,1487,440,80,200,1,1,1.0
38,3,159,446,106,200,1,1,1.0
38,4,1851,438,68,200,1,1,1.0
39,1,530,438,96,200,1,1,1.0
39,2,1480,441,86,200,1,1,1.0
39,3,172,444,90,200,1,1,1.0
39,4,1846,435,73,200,1,1,1.0
40,1,537,435,90,200,1,1,1.0
40,2,1476,441,84,200,1,1,1.0
40,3,175,443,92,200,1,1,1.0
40,4,1839,440,80,200,1,1,1.0
41,1,540,437,92,200,1,1,1.0
41,2,1474,437,80,200,1,1,1.0
41,3,173,438,106,200,1,1,1.0
41,4,1837,440,76,200,1,1,1.0
42,1,545,445,92,200,1,1,1.0
42,2,1471,443,78,200,1,1,1.0
42,3,178,436,104,200,1,1,1.0
42,4,1829,434,82,200,1,1,1.0
43,1,552,440,86,200,1,1,1.0
43,2,1467,444,76,200,1,1,1.0
43,3,189,437,90,200,1,1,1.0
43,4,1830,445,72,200,1,1,1.0
44,1,556,441,88,200,1,1,1.0
44,2,1463,441,76,200,1,1,1.0
44,3,192,444,94,200,1,1,1.0
44,4,1821,440,82,200,1,1,1.0
45,1,555,437,98,200,1,1,1.0
45,2,1459,440,74,200,1,1,1.0
45,3,195,437,96,200,1,1,1.0
45,4,1818,433,78,200,1,1,1.0
46,1,561,447,94,200,1,1,1.0
46,2,1450,436,84,200,1,1,1.0
46,3,201,433,94,200,1,1,1.0
46,4,1811,445,84,200,1,1,1.0
47,1,566,445,94,200,1,1,1.0
47,2,1449,441,78,200,1,1,1.0
47,3,204,438,96,200,1,1,1.0
47,4,1810,443,76,200,1,1,1.0
48,1,568,437,98,200,1,1,1.0
48,2,1444,434,78,200,1,1,1.0
48,3,204,443,104,200,1,1,1.0
48,4,1807,436,74,200,1,1,1.0
49,1,575,436,94,200,1,1,1.0
49,2,1441,435,76,200,1,1,1.0
49,3,211,442,100,200,1,1,1.0
49,4,1801,433,78,200,1,1,1.0
50,1,578,447,96,200,1,1,1.0
50,2,1430,433,88,200,1,1,1.0
50,3,219,441,92,200,1,1,1.0
50,4,1795,436,80,200,1,1,1.0
51,1,583,436,94,200,1,1,1.0
51,2,1426,434,88,200,1,1,1.0
51,3,221,441,98,200,1,1,1.0
51,4,1789,440,84,200,1,1,1.0
52,1,593,440,84,200,1,1,1.0
52,2,1423,447,86,200,1,1,1.0
52,3,227,436,94,200,1,1,1.0
52,4,1786,436,80,200,1,1,1.0
53,1,592,441,94,200,1,1,1.0
53,2,1421,434,80,200,1,1,1.0
53,3,231,445,94,200,1,1,1.0
53,4,1786,434,72,200,1,1,1.0
54,1,600,437,88,200,1,1,1.0
54,2,1414,439,86,200,1,1,1.0
54,3,233,439,100,200,1,1,1.0
54,4,1781,445,74,200,1,1,1.0
55,1,604,434,88,200,1,1,1.0
55,2,1413,437,78,200,1,1,1.0
55,3,240,438,94,200,1,1,1.0
55,4,1773,436,80,200,1,1,1.0
56,1,604,438,96,200,1,1,1.0
56,2,1405,440,86,200,1,1,1.0
56,3,239,445,106,200,1,1,1.0
56,4,1769,440,80,200,1,1,1.0
57,1,608,435,98,200,1,1,1.0
57,2,1401,446,86,200,1,1,1.0
57,3,245,438,102,200,1,1,1.0
57,4,1762,435,84,200,1,1,1.0
58,1,616,440,90,200,1,1,1.0
58,2,1399,441,80,200,1,1,1.0
58,3,248,443,104,200,1,1,1.0
58,4,1758,436,84,200,1,1,1.0
59,1,617,441,98,200,1,1,1.0
59,2,1396,447,78,200,1,1,1.0
59,3,254,439,102,200,1,1,1.0
59,4,1755,434,82,200,1,1,1.0
60,1,620,433,100,200,1,1,1.0
60,2,1388,440,84,200,1,1,1.0
60,3,263,434,92,200,1,1,1.0
60,4,1748,447,86,200,1,1,1.0
61,1,632,438,84,200,1,1,1.0
61,2,1384,442,84,200,1,1,1.0
61,3,269,440,90,200,1,1,1.0
61,4,1747,439,80,200,1,1,1.0
62,1,630,433,98,200,1,1,1.0
62,2,1379,437,86,200,1,1,1.0
62,3,272,436,92,200,1,1,1.0
62,4,1742,442,80,200,1,1,1.0
63,1,636,435,94,200,1,1,1.0
63,2,1379,435,76,200,1,1,1.0
63,3,277,434,90,200,1,1,1.0
63,4,1738,440,80,200,1,1,1.0
64,1,641,441,94,200,1,1,1.0
64,2,1370,444,86,200,1,1,1.0
64,3,275,440,104,200,1,1,1.0
64,4,1736,433,76,200,1,1,1.0
65,1,648,437,88,200,1,1,1.0
65,2,1364,440,88,200,1,1,1.0
65,3,281,440,100,200,1,1,1.0
65,4,1727,442,84,200,1,1,1.0
66,1,652,441,88,200,1,1,1.0
66,2,1363,435,82,200,1,1,1.0
66,3,289,440,94,200,1,1,1.0
66,4,1723,447,84,200,1,1,1.0
66,5,0,439,8,200,1,1,1.0
67,1,652,444,98,200,1,1,1.0
67,2,1361,440,78,200,1,1,1.0
67,3,289,447,102,200,1,1,1.0
67,4,1722,433,76,200,1,1,1.0
67,5,0,446,13,200,1,1,1.0
68,1,658,434,94,200,1,1,1.0
68,2,1351,443,88,200,1,1,1.0
68,3,294,438,100,200,1,1,1.0
68,4,1715,438,82,200,1,1,1.0
68,5,0,434,12,200,1,1,1.0
69,1,667,436,86,200,1,1,1.0
69,2,1348,433,86,200,1,1,1.0
69,3,300,445,98,200,1,1,1.0
69,4,1716,446,72,200,1,1,1.0
69,5,0,443,17,200,1,1,1.0
70,1,670,436,88,200,1,1,1.0
70,2,1349,447,74,200,1,1,1.0
70,3,302,438,102,200,1,1,1.0
70,4,1708,440,78,200,1,1,1.0
70,5,0,444,20,200,1,1,1.0
71,1,676,441,86,200,1,1,1.0
71,2,1338,444,88,200,1,1,1.0
71,3,306,437,104,200,1,1,1.0
71,4,1700,434,86,200,1,1,1.0
71,5,0,433,26,200,1,1,1.0
72,1,680,437,86,200,1,1,1.0
72,2,1334,445,88,200,1,1,1.0
72,3,315,438,94,200,1,1,1.0
72,4,1700,440,76,200,1,1,1.0
72,5,0,440,32,200,1,1,1.0
73,1,683,444,88,200,1,1,1.0
73,2,1329,443,88,200,1,1,1.0
73,3,313,438,106,200,1,1,1.0
73,4,1698,439,72,200,1,1,1.0
73,5,0,434,33,200,1,1,1.0
74,1,682,437,100,200,1,1,1.0
74,2,1325,444,88,200,1,1,1.0
74,3,323,447,96,200,1,1,1.0
74,4,1687,447,86,200,1,1,1.0
74,5,0,437,42,200,1,1,1.0
75,1,690,442,92,200,1,1,1.0
75,2,1320,437,88,200,1,1,1.0
75,3,327,447,96,200,1,1,1.0
75,4,1683,440,84,200,1,1,1.0
75,5,0,433,42,200,1,1,1.0
76,1,694,436,92,200,1,1,1.0
76,2,1317,446,86,200,1,1,1.0
76,3,334,443,92,200,1,1,1.0
76,4,1678,440,86,200,1,1,1.0
76,5,0,434,49,200,1,1,1.0
77,1,698,438,94,200,1,1,1.0
77,2,1312,438,88,200,1,1,1.0
77,3,338,433,92,200,1,1,1.0
77,4,1674,436,84,200,1,1,1.0
77,5,0,437,54,200,1,1,1.0
78,1,703,444,92,200,1,1,1.0
78,2,1309,440,84,200,1,1,1.0
78,3,339,444,98,200,1,1,1.0
78,4,1670,446,84,200,1,1,1.0
78,5,0,433,57,200,1,1,1.0
79,1,705,441,98,200,1,1,1.0
79,2,1304,447,86,200,1,1,1.0
79,3,347,440,92,200,1,1,1.0
79,4,1669,447,78,200,1,1,1.0
79,5,0,436,65,200,1,1,1.0
80,1,715,434,86,200,1,1,1.0
80,2,1298,435,88,200,1,1,1.0
80,3,347,446,100,200,1,1,1.0
80,4,1665,440,76,200,1,1,1.0
80,5,7,437,58,200,1,1,1.0
81,1,715,441,94,200,1,1,1.0
81,2,1294,439,88,200,1,1,1.0
81,3,354,435,96,200,1,1,1.0
81,4,1663,446,72,200,1,1,1.0
81,5,14,441,54,200,1,1,1.0
82,1,722,440,90,200,1,1,1.0
82,2,1289,446,90,200,1,1,1.0
82,3,354,440,104,200,1,1,1.0
82,4,1656,439,76,200,1,1,1.0
82,5,12,440,66,200,1,1,1.0
83,1,725,444,92,200,1,1,1.0
83,2,1286,435,86,200,1,1,1.0
83,3,364,447,92,200,1,1,1.0
83,4,1651,440,78,200,1,1,1.0
83,5,21,438,58,200,1,1,1.0
84,1,731,434,90,200,1,1,1.0
84,2,1286,442,78,200,1,1,1.0
84,3,369,444,92,200,1,1,1.0
84,4,1645,439,82,200,1,1,1.0
84,5,23,438,62,200,1,1,1.0
85,1,731,436,98,200,1,1,1.0
85,2,1281,443,78,200,1,1,1.0
85,3,373,444,92,200,1,1,1.0
85,4,1642,434,78,200,1,1,1.0
85,5,29,439,58,200,1,1,1.0
86,1,735,441,98,200,1,1,1.0
86,2,1272,440,88,200,1,1,1.0
86,3,378,441,92,200,1,1,1.0
86,4,1634,443,86,200,1,1,1.0
86,5,29,442,68,200,1,1,1.0
87,1,744,443,90,200,1,1,1.0
87,2,1274,443,76,200,1,1,1.0
87,3,382,434,92,200,1,1,1.0
87,4,1634,440,76,200,1,1,1.0
87,5,37,446,60,200,1,1,1.0
88,1,750,433,86,200,1,1,1.0
88,2,1264,442,86,200,1,1,1.0
88,3,386,445,92,200,1,1,1.0
88,4,1628,442,80,200,1,1,1.0
88,5,38,436,68,200,1,1,1.0
89,1,756,439,84,200,1,1,1.0
89,2,1263,434,80,200,1,1,1.0
89,3,389,439,96,200,1,1,1.0
89,4,1626,441,76,200,1,1,1.0
89,5,41,445,70,200,1,1,1.0
90,1,759,441,86,200,1,1,1.0
90,2,1257,444,82,200,1,1,1.0
90,3,394,441,94,200,1,1,1.0
90,4,1622,434,74,200,1,1,1.0
90,5,51,441,58,200,1,1,1.0
91,1,757,443,98,200,1,1,1.0
91,2,1250,443,88,200,1,1,1.0
91,3,396,435,100,200,1,1,1.0
91,4,1612,436,86,200,1,1,1.0
91,5,52,441,66,200,1,1,1.0
92,1,769,447,84,200,1,1,1.0
92,2,1250,445,80,200,1,1,1.0
92,3,403,434,94,200,1,1,1.0
92,4,1607,444,86,200,1,1,1.0
92,5,58,445,62,200,1,1,1.0
93,1,768,442,94,200,1,1,1.0
93,2,1246,440,78,200,1,1,1.0
93,3,409,443,90,200,1,1,1.0
93,4,1604,436,84,200,1,1,1.0
93,5,63,433,62,200,1,1,1.0
94,1,773,433,94,200,1,1,1.0
94,2,1241,447,80,200,1,1,1.0
94,3,410,434,98,200,1,1,1.0
94,4,1603,442,78,200,1,1,1.0
94,5,63,440,70,200,1,1,1.0
95,1,780,436,88,200,1,1,1.0
95,2,1231,442,90,200,1,1,1.0
95,3,413,436,100,200,1,1,1.0
95,4,1598,440,78,200,1,1,1.0
95,5,67,438,70,200,1,1,1.0
96,1,783,442,90,200,1,1,1.0
96,2,1234,447,76,200,1,1,1.0
96,3,416,442,104,200,1,1,1.0
96,4,1597,445,72,200,1,1,1.0
96,5,77,440,60,200,1,1,1.0
97,1,789,435,88,200,1,1,1.0
97,2,1229,434,78,200,1,1,1.0
97,3,427,442,90,200,1,1,1.0
97,4,1585,442,86,200,1,1,1.0
97,5,83,445,56,200,1,1,1.0
98,1,793,447,88,200,1,1,1.0
98,2,1224,438,78,200,1,1,1.0
98,3,428,442,96,200,1,1,1.0
98,4,1584,435,80,200,1,1,1.0
98,5,87,438,58,200,1,1,1.0
99,1,796,444,92,200,1,1,1.0
99,2,1214,438,90,200,1,1,1.0
99,3,435,442,92,200,1,1,1.0
99,4,1578,447,84,200,1,1,1.0
99,5,91,446,58,200,1,1,1.0
100,1,799,446,94,200,1,1,1.0
100,2,1210,440,88,200,1,1,1.0
100,3,440,435,90,200,1,1,1.0
100,4,1574,441,82,200,1,1,1.0
100,5,91,446,66,200,1,1,1.0
101,1,806,435,88,200,1,1,1.0
101,2,1209,438,82,200,1,1,1.0
101,3,443,438,94,200,1,1,1.0
101,4,1570,447,82,200,1,1,1.0
101,5,96,441,66,200,1,1,1.0
102,1,813,436,84,200,1,1,1.0
102,2,1205,440,82,200,1,1,1.0
102,3,449,436,90,200,1,1,1.0
102,4,1565,437,82,200,1,1,1.0
102,5,104,446,58,200,1,1,1.0
103,1,813,436,92,200,1,1,1.0
103,2,1201,434,80,200,1,1,1.0
103,3,450,433,96,200,1,1,1.0
103,4,1566,442,72,200,1,1,1.0
103,5,109,445,58,200,1,1,1.0
104,1,815,440,98,200,1,1,1.0
104,2,1195,445,84,200,1,1,1.0
104,3,455,440,96,200,1,1,1.0
104,4,1561,437,74,200,1,1,1.0
104,5,110,439,64,200,1,1,1.0
105,1,822,443,92,200,1,1,1.0
105,2,1188,439,88,200,1,1,1.0
105,3,460,445,94,200,1,1,1.0
105,4,1550,440,86,200,1,1,1.0
105,5,119,436,54,200,1,1,1.0
105,6,1915,434,4,200,1,1,1.0
106,1,826,437,92,200,1,1,1.0
106,2,1190,446,76,200,1,1,1.0
106,3,465,434,94,200,1,1,1.0
106,4,1549,434,80,200,1,1,1.0
106,5,117,436,68,200,1,1,1.0
106,6,1912,445,7,200,1,1,1.0
107,1,830,445,94,200,1,1,1.0
107,2,1181,447,86,200,1,1,1.0
107,3,469,436,94,200,1,1,1.0
107,4,1542,439,84,200,1,1,1.0
107,5,120,434,70,200,1,1,1.0
107,6,1910,434,9,200,1,1,1.0
108,1,833,444,96,200,1,1,1.0
108,2,1180,445,78,200,1,1,1.0
108,3,468,439,104,200,1,1,1.0
108,4,1537,433,86,200,1,1,1.0
108,5,126,436,68,200,1,1,1.0
108,6,1908,435,11,200,1,1,1.0
109,1,843,433,86,200,1,1,1.0
109,2,1172,435,86,200,1,1,1.0
109,3,478,438,94,200,1,1,1.0
109,4,1537,444,78,200,1,1,1.0
109,5,130,433,68,200,1,1,1.0
109,6,1901,439,18,200,1,1,1.0
110,1,843,441,94,200,1,1,1.0
110,2,1170,439,80,200,1,1,1.0
110,3,480,441,98,200,1,1,1.0
110,4,1528,446,86,200,1,1,1.0
110,5,138,438,60,200,1,1,1.0
110,6,1894,439,25,200,1,1,1.0
111,1,847,443,94,200,1,1,1.0
111,2,1163,445,86,200,1,1,1.0
111,3,483,444,102,200,1,1,1.0
111,4,1525,443,84,200,1,1,1.0
111,5,140,441,66,200,1,1,1.0
111,6,1890,445,29,200,1,1,1.0
112,1,856,440,86,200,1,1,1.0
112,2,1159,443,84,200,1,1,1.0
112,3,486,433,104,200,1,1,1.0
112,4,1522,442,80,200,1,1,1.0
112,5,146,437,62,200,1,1,1.0
112,6,1890,443,29,200,1,1,1.0
113,1,855,435,96,200,1,1,1.0
113,2,1158,433,78,200,1,1,1.0
113,3,491,442,102,200,1,1,1.0
113,4,1517,437,82,200,1,1,1.0
113,5,149,433,66,200,1,1,1.0
113,6,1885,443,34,200,1,1,1.0
114,1,863,436,90,200,1,1,1.0
114,2,1151,444,84,200,1,1,1.0
114,3,501,438,92,200,1,1,1.0
114,4,1515,447,78,200,1,1,1.0
114,5,157,441,58,200,1,1,1.0
114,6,1875,433,44,200,1,1,1.0
115,1,867,441,90,200,1,1,1.0
115,2,1147,447,82,200,1,1,1.0
115,3,505,443,92,200,1,1,1.0
115,4,1512,440,74,200,1,1,1.0
115,5,162,440,56,200,1,1,1.0
115,6,1872,444,47,200,1,1,1.0
116,1,866,433,100,200,1,1,1.0
116,2,1143,442,82,200,1,1,1.0
116,3,508,438,96,200,1,1,1.0
116,4,1508,446,74,200,1,1,1.0
116,5,163,435,64,200,1,1,1.0
116,6,1871,439,48,200,1,1,1.0
117,1,878,442,86,200,1,1,1.0
117,2,1139,438,82,200,1,1,1.0
117,3,510,440,100,200,1,1,1.0
117,4,1498,433,84,200,1,1,1.0
117,5,172,440,54,200,1,1,1.0
117,6,1867,443,52,200,1,1,1.0
118,1,876,440,98,200,1,1,1.0
118,2,1133,438,84,200,1,1,1.0
118,3,511,446,106,200,1,1,1.0
118,4,1500,447,72,200,1,1,1.0
118,5,173,445,62,200,1,1,1.0
118,6,1860,438,59,200,1,1,1.0
119,1,886,433,88,200,1,1,1.0
119,2,1129,437,84,200,1,1,1.0
119,3,516,436,106,200,1,1,1.0
119,4,1493,439,78,200,1,1,1.0
119,5,179,443,58,200,1,1,1.0
119,6,1859,437,60,200,1,1,1.0
120,1,891,435,86,200,1,1,1.0
120,2,1125,437,82,200,1,1,1.0
120,3,526,443,94,200,1,1,1.0
120,4,1491,440,72,200,1,1,1.0
120,5,182,437,60,200,1,1,1.0
120,6,1855,445,64,200,1,1,1.0
121,1,893,435,90,200,1,1,1.0
121,2,1123,438,78,200,1,1,1.0
121,3,528,441,100,200,1,1,1.0
121,4,1480,435,86,200,1,1,1.0
121,5,189,446,56,200,1,1,1.0
121,6,1848,447,71,200,1,1,1.0
122,1,894,439,98,200,1,1,1.0
122,2,1120,435,76,200,1,1,1.0
122,3,531,440,102,200,1,1,1.0
122,4,1479,436,78,200,1,1,1.0
122,5,189,438,64,200,1,1,1.0
122,6,1841,439,76,200,1,1,1.0
123,1,903,442,88,200,1,1,1.0
123,2,1115,442,76,200,1,1,1.0
123,3,540,435,92,200,1,1,1.0
123,4,1474,433,80,200,1,1,1.0
123,5,194,440,64,200,1,1,1.0
123,6,1837,440,76,200,1,1,1.0
124,1,908,443,88,200,1,1,1.0
124,2,1108,445,82,200,1,1,1.0
124,3,542,435,98,200,1,1,1.0
124,4,1470,441,80,200,1,1,1.0
124,5,200,436,60,200,1,1,1.0
124,6,1832,441,76,200,1,1,1.0
125,1,911,433,90,200,1,1,1.0
125,2,1101,440,86,200,1,1,1.0
125,3,549,434,92,200,1,1,1.0
125,4,1468,444,74,200,1,1,1.0
125,5,200,440,68,200,1,1,1.0
125,6,1834,439,64,200,1,1,1.0
126,1,917,443,86,200,1,1,1.0
126,2,1097,436,86,200,1,1,1.0
126,3,551,436,98,200,1,1,1.0
126,4,1458,436,86,200,1,1,1.0
126,5,211,445,56,200,1,1,1.0
126,6,1825,434,74,200,1,1,1.0
127,1,920,440,88,200,1,1,1.0
127,2,1097,443,78,200,1,1,1.0
127,3,557,443,94,200,1,1,1.0
127,4,1457,437,78,200,1,1,1.0
127,5,210,437,66,200,1,1,1.0
127,6,1821,438,72,200,1,1,1.0
128,1,921,438,94,200,1,1,1.0
128,2,1093,442,76,200,1,1,1.0
128,3,561,443,94,200,1,1,1.0
128,4,1454,440,76,200,1,1,1.0
128,5,219,447,58,200,1,1,1.0
128,6,1813,445,80,200,1,1,1.0
129,1,923,445,100,200,1,1,1.0
129,2,1088,445,78,200,1,1,1.0
129,3,564,433,98,200,1,1,1.0
129,4,1447,433,82,200,1,1,1.0
129,5,220,447,64,200,1,1,1.0
129,6,1813,442,70,200,1,1,1.0
130,1,929,444,96,200,1,1,1.0
130,2,1082,438,80,200,1,1,1.0
130,3,570,443,94,200,1,1,1.0
130,4,1447,447,72,200,1,1,1.0
130,5,223,445,66,200,1,1,1.0
130,6,1809,441,70,200,1,1,1.0
131,1,936,447,92,200,1,1,1.0
131,2,1074,447,88,200,1,1,1.0
131,3,576,441,92,200,1,1,1.0
131,4,1440,441,78,200,1,1,1.0
131,5,231,443,60,200,1,1,1.0
131,6,1806,445,68,200,1,1,1.0
132,1,937,446,98,200,1,1,1.0
132,2,1076,435,76,200,1,1,1.0
132,3,574,447,104,200,1,1,1.0
132,4,1432,434,84,200,1,1,1.0
132,5,235,440,60,200,1,1,1.0
132,6,1801,443,68,200,1,1,1.0
133,1,944,442,92,200,1,1,1.0
133,2,1072,438,74,200,1,1,1.0
133,3,582,446,96,200,1,1,1.0
133,4,1434,437,72,200,1,1,1.0
133,5,240,436,60,200,1,1,1.0
133,6,1793,434,76,200,1,1,1.0
134,1,950,435,90,200,1,1,1.0
134,2,1062,442,86,200,1,1,1.0
134,3,590,446,90,200,1,1,1.0
134,4,1424,444,84,200,1,1,1.0
134,5,245,433,58,200,1,1,1.0
134,6,1788,442,76,200,1,1,1.0
135,1,950,445,98,200,1,1,1.0
135,2,1063,433,74,200,1,1,1.0
135,3,592,444,94,200,1,1,1.0
135,4,1425,443,72,200,1,1,1.0
135,5,246,433,64,200,1,1,1.0
135,6,1789,443,66,200,1,1,1.0
136,1,958,446,92,200,1,1,1.0
136,2,1053,445,86,200,1,1,1.0
136,3,595,444,98,200,1,1,1.0
136,4,1418,438,78,200,1,1,1.0
136,5,248,447,70,200,1,1,1.0
136,6,1779,447,78,200,1,1,1.0
137,1,963,444,90,200,1,1,1.0
137,2,1049,441,86,200,1,1,1.0
137,3,599,440,98,200,1,1,1.0
137,4,1415,437,74,200,1,1,1.0
137,5,258,435,58,200,1,1,1.0
137,6,1780,441,66,200,1,1,1.0
138,1,966,441,92,200,1,1,1.0
138,2,1048,439,78,200,1,1,1.0
138,3,604,441,96,200,1,1,1.0
138,4,1405,435,86,200,1,1,1.0
138,5,260,435,64,200,1,1,1.0
138,6,1771,447,76,200,1,1,1.0
139,1,973,438,88,200,1,1,1.0
139,2,1039,441,88,200,1,1,1.0
139,3,611,438,92,200,1,1,1.0
139,4,1405,441,78,200,1,1,1.0
139,5,264,435,64,200,1,1,1.0
139,6,1768,440,72,200,1,1,1.0
140,1,979,440,84,200,1,1,1.0
140,2,1037,438,82,200,1,1,1.0
140,3,612,439,98,200,1,1,1.0
140,4,1399,438,80,200,1,1,1.0
140,5,272,441,56,200,1,1,1.0
140,6,1767,445,66,200,1,1,1.0
141,1,984,436,84,200,1,1,1.0
141,2,1036,435,76,200,1,1,1.0
141,3,615,434,102,200,1,1,1.0
141,4,1397,442,76,200,1,1,1.0
141,5,276,433,58,200,1,1,1.0
141,6,1760,436,72,200,1,1,1.0
142,1,987,447,86,200,1,1,1.0
142,2,1032,435,76,200,1,1,1.0
142,3,621,446,98,200,1,1,1.0
142,4,1390,435,80,200,1,1,1.0
142,5,280,440,58,200,1,1,1.0
142,6,1756,434,70,200,1,1,1.0
143,1,991,441,86,200,1,1,1.0
143,2,1025,443,80,200,1,1,1.0
143,3,626,436,96,200,1,1,1.0
143,4,1386,439,80,200,1,1,1.0
143,5,282,440,64,200,1,1,1.0
143,6,1753,447,68,200,1,1,1.0
144,1,995,440,88,200,1,1,1.0
144,2,1018,437,86,200,1,1,1.0
144,3,631,434,96,200,1,1,1.0
144,4,1383,436,78,200,1,1,1.0
144,5,289,437,58,200,1,1,1.0
144,6,1748,445,68,200,1,1,1.0
145,1,996,438,94,200,1,1,1.0
145,2,1014,438,84,200,1,1,1.0
145,3,632,436,102,200,1,1,1.0
145,4,1374,435,86,200,1,1,1.0
145,5,295,434,54,200,1,1,1.0
145,6,1742,440,72,200,1,1,1.0
146,1,1002,444,92,200,1,1,1.0
146,2,1011,435,82,200,1,1,1.0
146,3,637,439,102,200,1,1,1.0
146,4,1371,436,84,200,1,1,1.0
146,5,297,434,60,200,1,1,1.0
146,6,1741,435,66,200,1,1,1.0
147,1,1007,446,90,200,1,1,1.0
147,2,1006,438,84,200,1,1,1.0
147,3,640,441,104,200,1,1,1.0
147,4,1366,444,84,200,1,1,1.0
147,5,300,437,62,200,1,1,1.0
147,6,1731,434,76,200,1,1,1.0
148,1,1008,439,96,200,1,1,1.0
148,2,1005,447,76,200,1,1,1.0
148,3,649,434,94,200,1,1,1.0
148,4,1366,437,76,200,1,1,1.0
148,5,309,442,54,200,1,1,1.0
148,6,1729,445,72,200,1,1,1.0
149,1,1019,442,84,200,1,1,1.0
149,2,998,446,82,200,1,1,1.0
149,3,654,447,94,200,1,1,1.0
149,4,1358,443,84,200,1,1,1.0
149,5,310,440,60,200,1,1,1.0
149,6,1723,445,74,200,1,1,1.0
150,1,1019,444,92,200,1,1,1.0
150,2,996,446,76,200,1,1,1.0
150,3,654,438,102,200,1,1,1.0
150,4,1356,434,78,200,1,1,1.0
150,5,317,441,54,200,1,1,1.0
150,6,1717,435,78,200,1,1,1.0
151,1,1023,443,94,200,1,1,1.0
151,2,993,446,74,200,1,1,1.0
151,3,659,438,102,200,1,1,1.0
151,4,1355,435,72,200,1,1,1.0
151,5,315,434,68,200,1,1,1.0
151,6,1714,440,76,200,1,1,1.0
152,1,1025,433,98,200,1,1,1.0
152,2,984,433,84,200,1,1,1.0
152,3,661,439,106,200,1,1,1.0
152,4,1350,438,72,200,1,1,1.0
152,5,319,439,68,200,1,1,1.0
152,6,1712,437,70,200,1,1,1.0
153,1,1033,435,90,200,1,1,1.0
153,2,984,434,74,200,1,1,1.0
153,3,671,435,96,200,1,1,1.0
153,4,1345,435,74,200,1,1,1.0
153,5,327,446,62,200,1,1,1.0
153,6,1705,440,76,200,1,1,1.0
154,1,1034,445,98,200,1,1,1.0
154,2,974,446,86,200,1,1,1.0
154,3,672,440,102,200,1,1,1.0
154,4,1335,444,86,200,1,1,1.0
154,5,330,437,64,200,1,1,1.0
154,6,1702,443,72,200,1,1,1.0
155,1,1037,436,100,200,1,1,1.0
155,2,970,435,84,200,1,1,1.0
155,3,679,433,96,200,1,1,1.0
155,4,1330,440,86,200,1,1,1.0
155,5,335,447,62,200,1,1,1.0
155,6,1696,447,76,200,1,1,1.0
156,1,1044,439,96,200,1,1,1.0
156,2,964,433,88,200,1,1,1.0
156,3,682,440,100,200,1,1,1.0
156,4,1332,436,74,200,1,1,1.0
156,5,337,436,68,200,1,1,1.0
156,6,1698,442,64,200,1,1,1.0
157,1,1050,441,92,200,1,1,1.0
157,2,964,438,80,200,1,1,1.0
157,3,689,446,94,200,1,1,1.0
157,4,1326,446,76,200,1,1,1.0
157,5,346,434,58,200,1,1,1.0
157,6,1690,447,70,200,1,1,1.0
158,1,1050,443,100,200,1,1,1.0
158,2,957,435,84,200,1,1,1.0
158,3,692,447,96,200,1,1,1.0
158,4,1320,435,80,200,1,1,1.0
158,5,351,433,58,200,1,1,1.0
158,6,1688,440,66,200,1,1,1.0
159,1,1056,443,98,200,1,1,1.0
159,2,951,440,88,200,1,1,1.0
159,3,699,445,92,200,1,1,1.0
159,4,1319,440,74,200,1,1,1.0
159,5,351,434,66,200,1,1,1.0
159,6,1678,433,76,200,1,1,1.0
160,1,1066,443,86,200,1,1,1.0
160,2,949,440,82,200,1,1,1.0
160,3,700,435,98,200,1,1,1.0
160,4,1309,446,84,200,1,1,1.0
160,5,360,447,56,200,1,1,1.0
160,6,1674,442,76,200,1,1,1.0
161,1,1070,434,88,200,1,1,1.0
161,2,945,437,82,200,1,1,1.0
161,3,704,439,100,200,1,1,1.0
161,4,1305,435,84,200,1,1,1.0
161,5,362,437,62,200,1,1,1.0
161,6,1674,443,68,200,1,1,1.0
162,1,1071,435,94,200,1,1,1.0
162,2,939,438,86,200,1,1,1.0
162,3,708,438,100,200,1,1,1.0
162,4,1303,433,78,200,1,1,1.0
162,5,365,442,64,200,1,1,1.0
162,6,1666,440,74,200,1,1,1.0
163,1,1079,435,86,200,1,1,1.0
163,2,939,444,76,200,1,1,1.0
163,3,717,435,90,200,1,1,1.0
163,4,1295,444,86,200,1,1,1.0
163,5,373,445,58,200,1,1,1.0
163,6,1660,439,78,200,1,1,1.0
164,1,1084,433,86,200,1,1,1.0
164,2,932,438,82,200,1,1,1.0
164,3,721,435,92,200,1,1,1.0
164,4,1298,440,72,200,1,1,1.0
164,5,376,439,60,200,1,1,1.0
164,6,1655,437,78,200,1,1,1.0
165,1,1084,444,94,200,1,1,1.0
165,2,927,447,82,200,1,1,1.0
165,3,724,433,94,200,1,1,1.0
165,4,1293,446,72,200,1,1,1.0
165,5,381,436,58,200,1,1,1.0
165,6,1650,446,80,200,1,1,1.0
166,1,1090,445,92,200,1,1,1.0
166,2,922,444,84,200,1,1,1.0
166,3,726,443,100,200,1,1,1.0
166,4,1289,446,72,200,1,1,1.0
166,5,386,440,58,200,1,1,1.0
166,6,1648,442,76,200,1,1,1.0
167,1,1095,433,90,200,1,1,1.0
167,2,920,436,80,200,1,1,1.0
167,3,732,442,96,200,1,1,1.0
167,4,1284,438,72,200,1,1,1.0
167,5,389,446,60,200,1,1,1.0
167,6,1648,433,66,200,1,1,1.0
168,1,1098,435,92,200,1,1,1.0
168,2,916,444,80,200,1,1,1.0
168,3,733,437,102,200,1,1,1.0
168,4,1275,441,82,200,1,1,1.0
168,5,391,438,66,200,1,1,1.0
168,6,1645,435,64,200,1,1,1.0
169,1,1104,444,90,200,1,1,1.0
169,2,911,435,82,200,1,1,1.0
169,3,740,445,98,200,1,1,1.0
169,4,1275,433,74,200,1,1,1.0
169,5,395,440,66,200,1,1,1.0
169,6,1639,440,66,200,1,1,1.0
170,1,1103,446,100,200,1,1,1.0
170,2,909,438,76,200,1,1,1.0
170,3,742,436,102,200,1,1,1.0
170,4,1265,433,84,200,1,1,1.0
170,5,403,433,58,200,1,1,1.0
170,6,1629,435,78,200,1,1,1.0
171,1,1111,438,94,200,1,1,1.0
171,2,905,439,76,200,1,1,1.0
171,3,752,434,92,200,1,1,1.0
171,4,1262,439,82,200,1,1,1.0
171,5,404,444,66,200,1,1,1.0
171,6,1625,443,78,200,1,1,1.0
172,1,1116,447,92,200,1,1,1.0
172,2,897,440,82,200,1,1,1.0
172,3,756,433,92,200,1,1,1.0
172,4,1257,447,82,200,1,1,1.0
172,5,407,433,68,200,1,1,1.0
172,6,1621,437,76,200,1,1,1.0
173,1,1119,445,94,200,1,1,1.0
173,2,892,447,84,200,1,1,1.0
173,3,759,445,94,200,1,1,1.0
173,4,1257,446,74,200,1,1,1.0
173,5,413,440,66,200,1,1,1.0
173,6,1616,437,78,200,1,1,1.0
174,1,1122,444,98,200,1,1,1.0
174,2,892,446,76,200,1,1,1.0
174,3,759,440,104,200,1,1,1.0
174,4,1250,435,80,200,1,1,1.0
174,5,420,434,60,200,1,1,1.0
174,6,1614,433,72,200,1,1,1.0
175,1,1129,434,92,200,1,1,1.0
175,2,888,445,74,200,1,1,1.0
175,3,763,438,104,200,1,1,1.0
175,4,1249,436,72,200,1,1,1.0
175,5,422,446,64,200,1,1,1.0
175,6,1612,447,68,200,1,1,1.0
176,1,1135,444,90,200,1,1,1.0
176,2,879,446,84,200,1,1,1.0
176,3,775,441,90,200,1,1,1.0
176,4,1244,444,74,200,1,1,1.0
176,5,425,438,68,200,1,1,1.0
176,6,1609,447,66,200,1,1,1.0
177,1,1139,447,90,200,1,1,1.0
177,2,878,435,76,200,1,1,1.0
177,3,771,443,106,200,1,1,1.0
177,4,1236,444,80,200,1,1,1.0
177,5,429,433,68,200,1,1,1.0
177,6,1604,441,66,200,1,1,1.0
178,1,1144,435,88,200,1,1,1.0
178,2,868,434,88,200,1,1,1.0
178,3,779,437,98,200,1,1,1.0
178,4,1232,435,80,200,1,1,1.0
178,5,437,433,62,200,1,1,1.0
178,6,1595,434,76,200,1,1,1.0
179,1,1148,435,90,200,1,1,1.0
179,2,870,446,76,200,1,1,1.0
179,3,785,444,96,200,1,1,1.0
179,4,1230,438,76,200,1,1,1.0
179,5,439,446,66,200,1,1,1.0
179,6,1594,435,68,200,1,1,1.0
180,1,1148,442,98,200,1,1,1.0
180,2,859,441,88,200,1,1,1.0
180,3,788,445,98,200,1,1,1.0
180,4,1221,438,84,200,1,1,1.0
180,5,442,442,68,200,1,1,1.0
180,6,1585,438,78,200,1,1,1.0
181,1,1160,435,84,200,1,1,1.0
181,2,862,447,74,200,1,1,1.0
181,3,790,439,104,200,1,1,1.0
181,4,1217,441,84,200,1,1,1.0
181,5,452,446,58,200,1,1,1.0
181,6,1587,443,66,200,1,1,1.0
182,1,1158,443,96,200,1,1,1.0
182,2,849,439,90,200,1,1,1.0
182,3,798,447,96,200,1,1,1.0
182,4,1213,438,82,200,1,1,1.0
182,5,455,436,60,200,1,1,1.0
182,6,1576,438,78,200,1,1,1.0
183,1,1164,446,92,200,1,1,1.0
183,2,849,435,82,200,1,1,1.0
183,3,801,440,98,200,1,1,1.0
183,4,1207,438,86,200,1,1,1.0
183,5,457,437,66,200,1,1,1.0
183,6,1571,439,80,200,1,1,1.0
184,1,1165,446,100,200,1,1,1.0
184,2,847,434,78,200,1,1,1.0
184,3,810,441,90,200,1,1,1.0
184,4,1203,435,86,200,1,1,1.0
184,5,467,446,54,200,1,1,1.0
184,6,1568,434,76,200,1,1,1.0
185,1,1170,443,98,200,1,1,1.0
185,2,838,446,86,200,1,1,1.0
185,3,807,446,104,200,1,1,1.0
185,4,1200,443,82,200,1,1,1.0
185,5,464,434,68,200,1,1,1.0
185,6,1565,445,74,200,1,1,1.0
186,1,1178,440,92,200,1,1,1.0
186,2,837,439,80,200,1,1,1.0
186,3,811,440,106,200,1,1,1.0
186,4,1200,439,74,200,1,1,1.0
186,5,469,447,68,200,1,1,1.0
186,6,1563,434,70,200,1,1,1.0
187,1,1186,442,84,200,1,1,1.0
187,2,834,444,76,200,1,1,1.0
187,3,816,436,104,200,1,1,1.0
187,4,1195,437,74,200,1,1,1.0
187,5,475,443,64,200,1,1,1.0
187,6,1557,433,72,200,1,1,1.0
188,1,1183,439,98,200,1,1,1.0
188,2,823,440,90,200,1,1,1.0
188,3,826,438,92,200,1,1,1.0
188,4,1187,442,82,200,1,1,1.0
188,5,479,438,66,200,1,1,1.0
188,6,1551,442,76,200,1,1,1.0
189,1,1194,436,86,200,1,1,1.0
189,2,820,438,88,200,1,1,1.0
189,3,831,446,92,200,1,1,1.0
189,4,1187,439,74,200,1,1,1.0
189,5,486,442,60,200,1,1,1.0
189,6,1547,443,74,200,1,1,1.0
190,1,1193,443,96,200,1,1,1.0
190,2,817,445,84,200,1,1,1.0
190,3,834,442,94,200,1,1,1.0
190,4,1183,443,72,200,1,1,1.0
190,5,488,445,64,200,1,1,1.0
190,6,1544,441,72,200,1,1,1.0
191,1,1199,436,94,200,1,1,1.0
191,2,811,444,88,200,1,1,1.0
191,3,841,440,90,200,1,1,1.0
191,4,1177,443,76,200,1,1,1.0
191,5,497,434,56,200,1,1,1.0
191,6,1543,435,66,200,1,1,1.0
192,1,1207,439,86,200,1,1,1.0
192,2,806,442,88,200,1,1,1.0
192,3,838,440,104,200,1,1,1.0
192,4,1171,439,78,200,1,1,1.0
192,5,496,447,66,200,1,1,1.0
192,6,1536,434,70,200,1,1,1.0
193,1,1207,435,94,200,1,1,1.0
193,2,805,443,82,200,1,1,1.0
193,3,845,436,98,200,1,1,1.0
193,4,1164,439,84,200,1,1,1.0
193,5,507,444,54,200,1,1,1.0
193,6,1528,434,78,200,1,1,1.0
194,1,1211,437,96,200,1,1,1.0
194,2,800,443,84,200,1,1,1.0
194,3,851,439,96,200,1,1,1.0
194,4,1164,443,74,200,1,1,1.0
194,5,504,441,68,200,1,1,1.0
194,6,1528,433,68,200,1,1,1.0
195,1,1220,439,86,200,1,1,1.0
195,2,792,442,90,200,1,1,1.0
195,3,857,442,92,200,1,1,1.0
195,4,1160,446,74,200,1,1,1.0
195,5,512,440,60,200,1,1,1.0
195,6,1521,442,74,200,1,1,1.0
196,1,1222,434,92,200,1,1,1.0
196,2,796,447,74,200,1,1,1.0
196,3,856,446,104,200,1,1,1.0
196,4,1152,441,82,200,1,1,1.0
196,5,515,440,64,200,1,1,1.0
196,6,1521,438,66,200,1,1,1.0
197,1,1225,440,94,200,1,1,1.0
197,2,785,443,86,200,1,1,1.0
197,3,865,438,94,200,1,1,1.0
197,4,1152,442,72,200,1,1,1.0
197,5,521,447,60,200,1,1,1.0
197,6,1515,447,68,200,1,1,1.0
198,1,1227,447,98,200,1,1,1.0
198,2,782,446,84,200,1,1,1.0
198,3,868,439,96,200,1,1,1.0
198,4,1148,440,72,200,1,1,1.0
198,5,525,443,62,200,1,1,1.0
198,6,1505,437,80,200,1,1,1.0
199,1,1237,443,88,200,1,1,1.0
199,2,780,440,80,200,1,1,1.0
199,3,875,441,92,200,1,1,1.0
199,4,1140,433,80,200,1,1,1.0
199,5,527,443,66,200,1,1,1.0
199,6,1503,443,74,200,1,1,1.0
200,1,1238,435,94,200,1,1,1.0
200,2,772,446,86,200,1,1,1.0
200,3,876,446,98,200,1,1,1.0
200,4,1137,444,76,200,1,1,1.0
200,5,534,445,60,200,1,1,1.0
200,6,1501,447,70,200,1,1,1.0
201,1,1246,440,88,200,1,1,1.0
201,2,767,434,88,200,1,1,1.0
201,3,883,438,94,200,1,1,1.0
201,4,1130,438,82,200,1,1,1.0
201,5,540,436,58,200,1,1,1.0
201,6,1496,434,72,200,1,1,1.0
202,1,1244,435,100,200,1,1,1.0
202,2,765,441,82,200,1,1,1.0
202,3,888,447,92,200,1,1,1.0
202,4,1130,435,72,200,1,1,1.0
202,5,542,442,62,200,1,1,1.0
202,6,1493,443,68,200,1,1,1.0
203,1,1251,444,94,200,1,1,1.0
203,2,760,436,84,200,1,1,1.0
203,3,891,440,94,200,1,1,1.0
203,4,1120,438,84,200,1,1,1.0
203,5,546,446,64,200,1,1,1.0
203,6,1484,433,78,200,1,1,1.0
204,1,1258,444,90,200,1,1,1.0
204,2,756,440,84,200,1,1,1.0
204,3,897,436,92,200,1,1,1.0
204,4,1121,447,74,200,1,1,1.0
204,5,547,440,70,200,1,1,1.0
204,6,1479,447,78,200,1,1,1.0
205,1,1259,443,96,200,1,1,1.0
205,2,751,444,84,200,1,1,1.0
205,3,902,438,90,200,1,1,1.0
205,4,1112,435,82,200,1,1,1.0
205,5,552,440,68,200,1,1,1.0
205,6,1479,439,70,200,1,1,1.0
206,1,1263,438,98,200,1,1,1.0
206,2,744,434,90,200,1,1,1.0
206,3,899,442,106,200,1,1,1.0
206,4,1108,441,82,200,1,1,1.0
206,5,564,440,54,200,1,1,1.0
206,6,1477,440,66,200,1,1,1.0
207,1,1273,442,86,200,1,1,1.0
207,2,745,433,78,200,1,1,1.0
207,3,905,444,102,200,1,1,1.0
207,4,1104,438,80,200,1,1,1.0
207,5,564,437,62,200,1,1,1.0
207,6,1471,437,68,200,1,1,1.0
208,1,1275,447,90,200,1,1,1.0
208,2,737,442,86,200,1,1,1.0
208,3,910,438,100,200,1,1,1.0
208,4,1103,435,74,200,1,1,1.0
208,5,571,439,58,200,1,1,1.0
208,6,1463,442,76,200,1,1,1.0
209,1,1278,443,94,200,1,1,1.0
209,2,731,444,90,200,1,1,1.0
209,3,915,439,98,200,1,1,1.0
209,4,1094,433,84,200,1,1,1.0
209,5,573,447,62,200,1,1,1.0
209,6,1457,444,78,200,1,1,1.0
210,1,1283,436,92,200,1,1,1.0
210,2,731,439,80,200,1,1,1.0
210,3,917,434,102,200,1,1,1.0
210,4,1091,436,80,200,1,1,1.0
210,5,578,433,60,200,1,1,1.0
210,6,1458,442,68,200,1,1,1.0
211,1,1291,446,86,200,1,1,1.0
211,2,725,433,84,200,1,1,1.0
211,3,925,436,96,200,1,1,1.0
211,4,1086,437,82,200,1,1,1.0
211,5,583,438,60,200,1,1,1.0
211,6,1453,442,70,200,1,1,1.0
212,1,1292,433,92,200,1,1,1.0
212,2,724,434,76,200,1,1,1.0
212,3,928,437,98,200,1,1,1.0
212,4,1084,442,76,200,1,1,1.0
212,5,588,447,58,200,1,1,1.0
212,6,1448,436,70,200,1,1,1.0
213,1,1295,442,94,200,1,1,1.0
213,2,717,444,82,200,1,1,1.0
213,3,935,440,94,200,1,1,1.0
213,4,1079,442,78,200,1,1,1.0
213,5,591,440,62,200,1,1,1.0
213,6,1441,446,76,200,1,1,1.0
214,1,1300,444,94,200,1,1,1.0
214,2,713,444,82,200,1,1,1.0
214,3,937,435,98,200,1,1,1.0
214,4,1077,440,74,200,1,1,1.0
214,5,592,442,68,200,1,1,1.0
214,6,1440,443,68,200,1,1,1.0
215,1,1304,433,94,200,1,1,1.0
215,2,712,446,74,200,1,1,1.0
215,3,940,434,100,200,1,1,1.0
215,4,1071,439,76,200,1,1,1.0
215,5,603,443,54,200,1,1,1.0
215,6,1436,437,68,200,1,1,1.0
216,1,1307,441,98,200,1,1,1.0
216,2,707,443,76,200,1,1,1.0
216,3,948,443,94,200,1,1,1.0
216,4,1062,440,86,200,1,1,1.0
216,5,603,434,64,200,1,1,1.0
216,6,1433,435,66,200,1,1,1.0
217,1,1314,439,92,200,1,1,1.0
217,2,696,446,88,200,1,1,1.0
217,3,953,440,92,200,1,1,1.0
217,4,1059,441,82,200,1,1,1.0
217,5,610,436,58,200,1,1,1.0
217,6,1425,443,72,200,1,1,1.0
218,1,1319,437,90,200,1,1,1.0
218,2,694,435,84,200,1,1,1.0
218,3,958,434,92,200,1,1,1.0
218,4,1058,440,76,200,1,1,1.0
218,5,617,438,54,200,1,1,1.0
218,6,1422,440,70,200,1,1,1.0
219,1,1324,436,90,200,1,1,1.0
219,2,687,445,90,200,1,1,1.0
219,3,957,447,102,200,1,1,1.0
219,4,1052,437,80,200,1,1,1.0
219,5,619,435,58,200,1,1,1.0
219,6,1419,441,66,200,1,1,1.0
220,1,1325,446,96,200,1,1,1.0
220,2,686,435,82,200,1,1,1.0
220,3,963,436,98,200,1,1,1.0
220,4,1051,446,72,200,1,1,1.0
220,5,624,437,56,200,1,1,1.0
220,6,1409,440,78,200,1,1,1.0
221,1,1333,446,90,200,1,1,1.0
221,2,678,444,90,200,1,1,1.0
221,3,970,438,94,200,1,1,1.0
221,4,1042,438,82,200,1,1,1.0
221,5,625,438,64,200,1,1,1.0
221,6,1412,443,64,200,1,1,1.0
222,1,1334,439,96,200,1,1,1.0
222,2,676,440,84,200,1,1,1.0
222,3,969,438,104,200,1,1,1.0
222,4,1037,440,82,200,1,1,1.0
222,5,633,444,56,200,1,1,1.0
222,6,1403,447,72,200,1,1,1.0
223,1,1342,440,88,200,1,1,1.0
223,2,673,441,82,200,1,1,1.0
223,3,978,438,96,200,1,1,1.0
223,4,1035,438,78,200,1,1,1.0
223,5,635,437,62,200,1,1,1.0
223,6,1400,440,70,200,1,1,1.0
224,1,1348,441,86,200,1,1,1.0
224,2,669,447,82,200,1,1,1.0
224,3,983,436,94,200,1,1,1.0
224,4,1027,437,86,200,1,1,1.0
224,5,643,445,54,200,1,1,1.0
224,6,1393,438,74,200,1,1,1.0
225,1,1350,440,90,200,1,1,1.0
225,2,667,437,76,200,1,1,1.0
225,3,981,436,106,200,1,1,1.0
225,4,1028,434,74,200,1,1,1.0
225,5,640,439,68,200,1,1,1.0
225,6,1393,447,66,200,1,1,1.0
226,1,1357,441,86,200,1,1,1.0
226,2,657,440,88,200,1,1,1.0
226,3,991,441,96,200,1,1,1.0
226,4,1024,442,74,200,1,1,1.0
226,5,648,440,62,200,1,1,1.0
226,6,1385,446,74,200,1,1,1.0
227,1,1356,447,96,200,1,1,1.0
227,2,658,447,76,200,1,1,1.0
227,3,991,438,104,200,1,1,1.0
227,4,1018,437,76,200,1,1,1.0
227,5,654,437,58,200,1,1,1.0
227,6,1381,447,72,200,1,1,1.0
228,1,1366,437,84,200,1,1,1.0
228,2,650,433,84,200,1,1,1.0
228,3,1000,433,96,200,1,1,1.0
228,4,1009,433,86,200,1,1,1.0
228,5,654,440,68,200,1,1,1.0
228,6,1381,443,64,200,1,1,1.0
229,1,1365,445,96,200,1,1,1.0
229,2,645,442,86,200,1,1,1.0
229,3,1006,443,92,200,1,1,1.0
229,4,1007,446,82,200,1,1,1.0
229,5,659,436,66,200,1,1,1.0
229,6,1375,436,66,200,1,1,1.0
230,1,1374,434,86,200,1,1,1.0
230,2,643,447,80,200,1,1,1.0
230,3,1008,434,96,200,1,1,1.0
230,4,1001,447,84,200,1,1,1.0
230,5,665,442,62,200,1,1,1.0
230,6,1371,440,66,200,1,1,1.0
231,1,1378,436,88,200,1,1,1.0
231,2,639,441,80,200,1,1,1.0
231,3,1013,433,96,200,1,1,1.0
231,4,1001,436,76,200,1,1,1.0
231,5,670,440,62,200,1,1,1.0
231,6,1366,437,68,200,1,1,1.0
232,1,1377,437,98,200,1,1,1.0
232,2,632,442,84,200,1,1,1.0
232,3,1020,441,90,200,1,1,1.0
232,4,995,437,78,200,1,1,1.0
232,5,673,439,64,200,1,1,1.0
232,6,1357,442,76,200,1,1,1.0
233,1,1382,438,96,200,1,1,1.0
233,2,626,442,88,200,1,1,1.0
233,3,1019,434,102,200,1,1,1.0
233,4,991,443,78,200,1,1,1.0
233,5,680,443,60,200,1,1,1.0
233,6,1352,444,78,200,1,1,1.0
234,1,1391,443,88,200,1,1,1.0
234,2,627,438,78,200,1,1,1.0
234,3,1022,447,104,200,1,1,1.0
234,4,986,436,80,200,1,1,1.0
234,5,679,443,70,200,1,1,1.0
234,6,1348,436,76,200,1,1,1.0
235,1,1389,447,100,200,1,1,1.0
235,2,619,440,84,200,1,1,1.0
235,3,1026,441,104,200,1,1,1.0
235,4,984,438,74,200,1,1,1.0
235,5,684,439,70,200,1,1,1.0
235,6,1346,447,72,200,1,1,1.0
236,1,1396,440,96,200,1,1,1.0
236,2,612,447,90,200,1,1,1.0
236,3,1034,434,98,200,1,1,1.0
236,4,974,438,86,200,1,1,1.0
236,5,688,434,70,200,1,1,1.0
236,6,1342,440,72,200,1,1,1.0
237,1,1400,435,96,200,1,1,1.0
237,2,610,436,84,200,1,1,1.0
237,3,1035,433,104,200,1,1,1.0
237,4,975,447,74,200,1,1,1.0
237,5,695,438,64,200,1,1,1.0
237,6,1337,439,72,200,1,1,1.0
238,1,1408,444,88,200,1,1,1.0
238,2,608,439,80,200,1,1,1.0
238,3,1041,440,102,200,1,1,1.0
238,4,970,444,76,200,1,1,1.0
238,5,699,434,66,200,1,1,1.0
238,6,1336,442,66,200,1,1,1.0
239,1,1412,440,90,200,1,1,1.0
239,2,599,447,90,200,1,1,1.0
239,3,1045,436,102,200,1,1,1.0
239,4,964,446,80,200,1,1,1.0
239,5,703,441,66,200,1,1,1.0
239,6,1330,444,68,200,1,1,1.0
240,1,1414,444,94,200,1,1,1.0
240,2,599,443,80,200,1,1,1.0
240,3,1051,441,98,200,1,1,1.0
240,4,957,446,84,200,1,1,1.0
240,5,711,437,58,200,1,1,1.0
240,6,1323,440,74,200,1,1,1.0
241,1,1420,441,92,200,1,1,1.0
241,2,594,437,82,200,1,1,1.0
241,3,1055,446,100,200,1,1,1.0
241,4,954,442,82,200,1,1,1.0
241,5,714,445,62,200,1,1,1.0
241,6,1317,438,78,200,1,1,1.0
242,1,1421,440,98,200,1,1,1.0
242,2,591,443,78,200,1,1,1.0
242,3,1057,447,104,200,1,1,1.0
242,4,954,435,72,200,1,1,1.0
242,5,716,440,66,200,1,1,1.0
242,6,1317,440,68,200,1,1,1.0
243,1,1427,435,94,200,1,1,1.0
243,2,588,439,76,200,1,1,1.0
243,3,1062,434,104,200,1,1,1.0
243,4,950,447,72,200,1,1,1.0
243,5,723,440,62,200,1,1,1.0
243,6,1315,444,64,200,1,1,1.0
244,1,1431,444,96,200,1,1,1.0
244,2,583,445,78,200,1,1,1.0
244,3,1068,440,100,200,1,1,1.0
244,4,944,434,76,200,1,1,1.0
244,5,731,438,54,200,1,1,1.0
244,6,1304,446,76,200,1,1,1.0
245,1,1438,447,90,200,1,1,1.0
245,2,576,443,82,200,1,1,1.0
245,3,1076,440,92,200,1,1,1.0
245,4,940,440,74,200,1,1,1.0
245,5,729,446,66,200,1,1,1.0
245,6,1301,433,74,200,1,1,1.0
246,1,1440,439,96,200,1,1,1.0
246,2,569,441,88,200,1,1,1.0
246,3,1080,443,94,200,1,1,1.0
246,4,933,442,80,200,1,1,1.0
246,5,735,441,64,200,1,1,1.0
246,6,1295,443,78,200,1,1,1.0
247,1,1442,435,100,200,1,1,1.0
247,2,567,439,82,200,1,1,1.0
247,3,1083,436,96,200,1,1,1.0
247,4,932,441,72,200,1,1,1.0
247,5,738,441,66,200,1,1,1.0
247,6,1294,440,70,200,1,1,1.0
248,1,1454,435,84,200,1,1,1.0
248,2,560,446,88,200,1,1,1.0
248,3,1085,438,102,200,1,1,1.0
248,4,926,439,76,200,1,1,1.0
248,5,742,439,68,200,1,1,1.0
248,6,1289,446,72,200,1,1,1.0
249,1,1452,441,98,200,1,1,1.0
249,2,562,437,76,200,1,1,1.0
249,3,1093,440,94,200,1,1,1.0
249,4,917,438,86,200,1,1,1.0
249,5,746,435,68,200,1,1,1.0
249,6,1282,444,76,200,1,1,1.0
250,1,1461,443,88,200,1,1,1.0
250,2,554,437,82,200,1,1,1.0
250,3,1092,438,104,200,1,1,1.0
250,4,919,445,74,200,1,1,1.0
250,5,751,446,66,200,1,1,1.0
250,6,1281,439,70,200,1,1,1.0
