1,1,993,293,96,298,1,1,1
2,1,990,292,98,299,1,1,1
3,1,988,291,100,301,1,1,1
4,1,986,290,102,303,1,1,1
5,1,984,289,103,305,1,1,1
6,1,982,289,105,306,1,1,1
7,1,979,288,108,307,1,1,1
8,1,977,287,109,309,1,1,1
9,1,975,286,111,311,1,1,1
10,1,973,285,113,313,1,1,1
11,1,971,285,115,314,1,1,1
12,1,973,285,114,313,1,1,1
13,1,975,285,113,312,1,1,1
14,1,977,285,113,311,1,1,1
15,1,979,285,112,310,1,1,1
16,1,981,285,112,310,1,1,1
17,1,983,285,111,309,1,1,1
18,1,985,285,110,308,1,1,1
19,1,987,285,110,307,1,1,1
20,1,989,285,109,306,1,1,1
21,1,991,285,109,306,1,1,1
22,1,996,285,109,305,1,1,1
23,1,1001,285,109,305,1,1,1
24,1,1007,286,108,304,1,1,1
25,1,1012,286,108,304,1,1,1
26,1,1018,287,107,303,1,1,1
27,1,1023,287,107,303,1,1,1
28,1,1028,287,107,303,1,1,1
29,1,1034,288,106,302,1,1,1
30,1,1039,288,106,302,1,1,1
31,1,1045,289,105,301,1,1,1
32,1,1050,289,104,301,1,1,1
33,1,1055,289,104,301,1,1,1
34,1,1060,289,104,301,1,1,1
35,1,1065,289,103,301,1,1,1
36,1,1070,289,103,301,1,1,1
37,1,1075,289,103,301,1,1,1
38,1,1080,289,102,301,1,1,1
39,1,1085,289,102,301,1,1,1
40,1,1090,289,102,301,1,1,1
41,1,1096,290,101,301,1,1,1
42,1,1101,290,102,300,1,1,1
43,1,1106,291,104,299,1,1,1
44,1,1111,292,106,298,1,1,1
45,1,1116,293,107,297,1,1,1
46,1,1121,294,109,296,1,1,1
47,1,1126,294,111,296,1,1,1
48,1,1131,295,112,295,1,1,1
49,1,1136,296,114,294,1,1,1
50,1,1141,297,116,293,1,1,1
51,1,1147,298,117,292,1,1,1
52,1,1149,302,116,292,1,1,1
53,1,1152,306,114,292,1,1,1
54,1,1155,310,112,292,1,1,1
55,1,1157,314,112,292,1,1,1
56,1,1160,319,110,292,1,1,1
57,1,1163,323,108,292,1,1,1
58,1,1165,327,108,292,1,1,1
59,1,1168,331,106,292,1,1,1
60,1,1171,335,104,292,1,1,1
61,1,1174,340,103,292,1,1,1
62,1,1174,341,101,292,1,1,1
63,1,1174,343,100,291,1,1,1
64,1,1174,345,99,290,1,1,1
65,1,1174,346,97,290,1,1,1
66,1,1174,348,96,290,1,1,1
67,1,1174,350,95,289,1,1,1
68,1,1174,351,93,289,1,1,1
69,1,1174,353,92,288,1,1,1
70,1,1174,355,91,287,1,1,1
71,1,1174,357,90,287,1,1,1
72,1,1170,356,91,286,1,1,1
73,1,1167,356,91,284,1,1,1
74,1,1164,355,91,284,1,1,1
75,1,1161,355,92,282,1,1,1
76,1,1158,354,92,282,1,1,1
77,1,1154,354,93,280,1,1,1
78,1,1151,353,94,279,1,1,1
79,1,1148,353,94,278,1,1,1
80,1,1145,352,94,277,1,1,1
81,1,1142,352,95,276,1,1,1
82,1,1135,349,95,275,1,1,1
83,1,1129,346,95,275,1,1,1
84,1,1123,343,95,275,1,1,1
85,1,1117,341,95,273,1,1,1
86,1,1111,338,95,273,1,1,1
87,1,1105,335,95,273,1,1,1
88,1,1099,333,95,271,1,1,1
89,1,1093,330,95,271,1,1,1
90,1,1087,327,95,271,1,1,1
91,1,1081,325,95,270,1,1,1
92,1,1077,320,94,270,1,1,1
93,1,1073,315,93,270,1,1,1
94,1,1069,310,92,270,1,1,1
95,1,1065,306,91,269,1,1,1
96,1,1062,301,89,269,1,1,1
97,1,1058,296,88,269,1,1,1
98,1,1054,292,87,268,1,1,1
99,1,1050,287,86,268,1,1,1
100,1,1046,282,85,268,1,1,1
101,1,1043,278,84,268,1,1,1
102,1,1039,278,85,268,1,1,1
103,1,1035,278,87,269,1,1,1
104,1,1032,278,88,269,1,1,1
105,1,1028,279,90,269,1,1,1
106,1,1025,279,91,269,1,1,1
107,1,1021,279,92,270,1,1,1
108,1,1017,280,94,269,1,1,1
109,1,1014,280,95,270,1,1,1
110,1,1010,280,97,270,1,1,1
111,1,1007,281,98,270,1,1,1
112,1,1003,281,97,271,1,1,1
113,1,999,281,96,272,1,1,1
114,1,995,281,95,273,1,1,1
115,1,991,282,94,273,1,1,1
116,1,987,282,94,274,1,1,1
117,1,983,282,93,275,1,1,1
118,1,979,283,92,275,1,1,1
119,1,975,283,91,276,1,1,1
120,1,971,283,90,277,1,1,1
121,1,967,284,90,277,1,1,1
122,1,961,285,93,276,1,1,1
123,1,955,286,96,276,1,1,1
124,1,949,287,99,275,1,1,1
125,1,943,288,103,275,1,1,1
126,1,937,289,106,275,1,1,1
127,1,931,290,109,274,1,1,1
128,1,925,291,113,274,1,1,1
129,1,919,292,116,273,1,1,1
130,1,913,293,119,273,1,1,1
131,1,907,295,123,272,1,1,1
132,1,911,295,119,273,1,1,1
133,1,915,296,116,273,1,1,1
134,1,919,296,113,274,1,1,1
135,1,924,297,108,274,1,1,1
136,1,928,298,105,275,1,1,1
137,1,932,298,102,276,1,1,1
138,1,937,299,97,276,1,1,1
139,1,941,299,94,277,1,1,1
140,1,945,300,91,277,1,1,1
141,1,950,301,87,278,1,1,1
142,1,960,300,88,277,1,1,1
143,1,970,300,90,276,1,1,1
144,1,980,300,92,275,1,1,1
145,1,990,300,93,274,1,1,1
146,1,1000,300,95,273,1,1,1
147,1,1010,299,97,272,1,1,1
148,1,1020,299,98,271,1,1,1
149,1,1030,299,100,270,1,1,1
150,1,1040,299,102,269,1,1,1
151,1,1051,299,103,268,1,1,1
152,1,1052,297,102,269,1,1,1
153,1,1054,296,101,270,1,1,1
154,1,1056,295,100,271,1,1,1
155,1,1057,294,100,271,1,1,1
156,1,1059,293,99,272,1,1,1
157,1,1061,291,98,274,1,1,1
158,1,1062,290,98,274,1,1,1
159,1,1064,289,97,275,1,1,1
160,1,1066,288,96,276,1,1,1
161,1,1068,287,95,277,1,1,1
162,1,1064,286,97,278,1,1,1
163,1,1060,286,99,279,1,1,1
164,1,1056,286,101,279,1,1,1
165,1,1052,286,103,280,1,1,1
166,1,1049,286,105,281,1,1,1
167,1,1045,285,107,282,1,1,1
168,1,1041,285,109,283,1,1,1
169,1,1037,285,111,283,1,1,1
170,1,1033,285,113,284,1,1,1
171,1,1030,285,115,285,1,1,1
172,1,1029,285,113,284,1,1,1
173,1,1028,285,112,283,1,1,1
174,1,1027,285,111,283,1,1,1
175,1,1027,286,109,281,1,1,1
176,1,1026,286,108,281,1,1,1
177,1,1025,286,107,280,1,1,1
178,1,1025,287,105,278,1,1,1
179,1,1024,287,104,278,1,1,1
180,1,1023,287,103,277,1,1,1
181,1,1023,288,101,276,1,1,1
182,1,1019,288,102,277,1,1,1
183,1,1016,289,102,278,1,1,1
184,1,1012,290,104,278,1,1,1
185,1,1009,291,104,279,1,1,1
186,1,1005,292,106,280,1,1,1
187,1,1002,292,106,281,1,1,1
188,1,998,293,107,282,1,1,1
189,1,995,294,108,282,1,1,1
190,1,991,295,109,283,1,1,1
191,1,988,296,110,284,1,1,1
192,1,984,295,108,286,1,1,1
193,1,980,295,107,287,1,1,1
194,1,976,294,106,289,1,1,1
195,1,972,294,104,290,1,1,1
196,1,968,294,103,292,1,1,1
197,1,964,293,102,294,1,1,1
198,1,960,293,100,295,1,1,1
199,1,956,292,99,297,1,1,1
200,1,952,292,98,298,1,1,1
201,1,949,292,96,300,1,1,1
202,1,938,295,99,299,1,1,1
203,1,928,298,101,299,1,1,1
204,1,918,301,103,298,1,1,1
205,1,908,305,105,297,1,1,1
206,1,898,308,107,297,1,1,1
207,1,888,311,109,296,1,1,1
208,1,878,315,111,295,1,1,1
209,1,868,318,113,294,1,1,1
210,1,858,321,115,294,1,1,1
211,1,848,325,117,293,1,1,1
212,1,839,324,117,294,1,1,1
213,1,830,323,117,295,1,1,1
214,1,822,322,116,297,1,1,1
215,1,813,322,116,297,1,1,1
216,1,805,321,116,299,1,1,1
217,1,796,320,116,300,1,1,1
218,1,787,320,116,300,1,1,1
219,1,779,319,115,302,1,1,1
220,1,770,318,115,303,1,1,1
221,1,762,318,115,304,1,1,1
222,1,760,317,115,305,1,1,1
223,1,759,317,114,305,1,1,1
224,1,758,317,113,306,1,1,1
225,1,757,317,112,306,1,1,1
226,1,756,317,111,307,1,1,1
227,1,755,317,110,307,1,1,1
228,1,754,317,109,307,1,1,1
229,1,753,317,108,308,1,1,1
230,1,752,317,107,308,1,1,1
231,1,751,317,106,309,1,1,1
232,1,749,316,107,308,1,1,1
233,1,747,316,108,306,1,1,1
234,1,745,315,109,305,1,1,1
235,1,744,315,109,303,1,1,1
236,1,742,314,110,303,1,1,1
237,1,740,314,111,301,1,1,1
238,1,739,313,111,300,1,1,1
239,1,737,313,112,298,1,1,1
240,1,735,312,113,297,1,1,1
241,1,734,312,113,296,1,1,1
242,1,736,311,113,299,1,1,1
243,1,738,310,114,303,1,1,1
244,1,740,309,115,307,1,1,1
245,1,742,309,115,310,1,1,1
246,1,744,308,116,314,1,1,1
247,1,746,307,117,318,1,1,1
248,1,748,307,117,321,1,1,1
249,1,750,306,118,325,1,1,1
250,1,752,305,119,329,1,1,1
251,1,754,305,120,332,1,1,1
252,1,757,304,120,332,1,1,1
253,1,761,303,119,332,1,1,1
254,1,765,302,118,333,1,1,1
255,1,769,301,118,333,1,1,1
256,1,773,301,117,333,1,1,1
257,1,776,300,117,333,1,1,1
258,1,780,299,117,333,1,1,1
259,1,784,298,116,334,1,1,1
260,1,788,297,115,334,1,1,1
261,1,792,297,115,334,1,1,1
262,1,795,296,114,335,1,1,1
263,1,798,296,113,335,1,1,1
264,1,802,296,112,335,1,1,1
265,1,805,296,111,335,1,1,1
266,1,809,296,110,335,1,1,1
267,1,812,295,109,336,1,1,1
268,1,815,295,108,336,1,1,1
269,1,819,295,107,336,1,1,1
270,1,822,295,106,336,1,1,1
271,1,826,295,105,337,1,1,1
272,1,830,293,107,338,1,1,1
273,1,835,292,109,339,1,1,1
274,1,839,291,112,340,1,1,1
275,1,844,290,113,341,1,1,1
276,1,848,289,116,342,1,1,1
277,1,853,288,118,343,1,1,1
278,1,857,287,120,344,1,1,1
279,1,862,286,122,345,1,1,1
280,1,866,285,125,346,1,1,1
281,1,871,284,127,347,1,1,1
282,1,870,283,125,348,1,1,1
283,1,870,283,123,348,1,1,1
284,1,870,282,120,350,1,1,1
285,1,869,282,119,350,1,1,1
286,1,869,282,116,351,1,1,1
287,1,869,281,114,352,1,1,1
288,1,868,281,112,352,1,1,1
289,1,868,280,110,354,1,1,1
290,1,868,280,107,354,1,1,1
291,1,868,280,105,355,1,1,1
292,1,864,280,104,355,1,1,1
293,1,860,280,104,355,1,1,1
294,1,856,280,103,355,1,1,1
295,1,852,280,103,355,1,1,1
296,1,848,280,103,356,1,1,1
297,1,844,280,102,356,1,1,1
298,1,840,280,102,356,1,1,1
299,1,836,280,101,356,1,1,1
300,1,832,280,101,356,1,1,1
301,1,829,280,100,357,1,1,1
302,1,825,280,101,356,1,1,1
303,1,821,281,102,355,1,1,1
304,1,817,281,103,355,1,1,1
305,1,813,282,104,353,1,1,1
306,1,810,283,104,352,1,1,1
307,1,806,283,105,352,1,1,1
308,1,802,284,106,350,1,1,1
309,1,798,284,107,350,1,1,1
310,1,794,285,108,349,1,1,1
311,1,791,286,108,348,1,1,1
312,1,789,286,109,347,1,1,1
313,1,787,286,111,347,1,1,1
314,1,785,286,113,346,1,1,1
315,1,783,286,114,346,1,1,1
316,1,782,287,115,344,1,1,1
317,1,780,287,117,344,1,1,1
318,1,778,287,118,343,1,1,1
319,1,776,287,120,343,1,1,1
320,1,774,287,122,342,1,1,1
321,1,773,288,123,341,1,1,1
322,1,772,286,123,341,1,1,1
323,1,772,284,123,342,1,1,1
324,1,772,282,122,343,1,1,1
325,1,771,280,123,344,1,1,1
326,1,771,278,122,345,1,1,1
327,1,771,276,122,345,1,1,1
328,1,770,274,122,346,1,1,1
329,1,770,272,122,347,1,1,1
330,1,770,270,121,348,1,1,1
331,1,770,268,121,349,1,1,1
332,1,774,267,121,349,1,1,1
333,1,779,267,120,349,1,1,1
334,1,784,267,120,349,1,1,1
335,1,789,266,119,350,1,1,1
336,1,794,266,119,350,1,1,1
337,1,799,266,118,350,1,1,1
338,1,804,265,117,351,1,1,1
339,1,809,265,117,351,1,1,1
340,1,814,265,116,351,1,1,1
341,1,819,265,116,351,1,1,1
342,1,828,264,115,353,1,1,1
343,1,838,264,114,354,1,1,1
344,1,847,264,114,355,1,1,1
345,1,857,263,113,357,1,1,1
346,1,866,263,113,358,1,1,1
347,1,876,263,111,359,1,1,1
348,1,885,262,111,361,1,1,1
349,1,895,262,110,362,1,1,1
350,1,904,262,110,363,1,1,1
351,1,914,262,109,364,1,1,1
352,1,920,260,113,366,1,1,1
353,1,927,259,117,368,1,1,1
354,1,934,258,120,369,1,1,1
355,1,941,257,124,371,1,1,1
356,1,948,256,127,373,1,1,1
357,1,954,254,132,375,1,1,1
358,1,961,253,135,377,1,1,1
359,1,968,252,139,378,1,1,1
360,1,975,251,142,380,1,1,1
361,1,982,250,146,382,1,1,1
362,1,989,250,144,382,1,1,1
363,1,997,250,141,382,1,1,1
364,1,1004,250,139,382,1,1,1
365,1,1012,250,136,382,1,1,1
366,1,1019,250,134,382,1,1,1
367,1,1027,250,131,382,1,1,1
368,1,1034,250,129,382,1,1,1
369,1,1042,250,126,382,1,1,1
370,1,1049,250,124,382,1,1,1
371,1,1057,250,122,383,1,1,1
372,1,1064,251,122,382,1,1,1
373,1,1071,253,122,380,1,1,1
374,1,1078,254,122,380,1,1,1
375,1,1085,256,122,378,1,1,1
376,1,1093,257,121,378,1,1,1
377,1,1100,259,121,376,1,1,1
378,1,1107,260,121,375,1,1,1
379,1,1114,262,121,374,1,1,1
380,1,1121,263,121,373,1,1,1
381,1,1129,265,121,372,1,1,1
382,1,1135,264,126,375,1,1,1
383,1,1142,263,131,378,1,1,1
384,1,1148,262,137,381,1,1,1
385,1,1155,262,142,383,1,1,1
386,1,1161,261,148,386,1,1,1
387,1,1168,260,152,389,1,1,1
388,1,1174,260,158,391,1,1,1
389,1,1181,259,163,394,1,1,1
390,1,1187,258,169,397,1,1,1
391,1,1194,258,174,399,1,1,1
392,1,1199,260,169,398,1,1,1
393,1,1205,263,163,397,1,1,1
394,1,1211,266,157,396,1,1,1
395,1,1216,268,152,396,1,1,1
396,1,1222,271,146,395,1,1,1
397,1,1228,274,140,394,1,1,1
398,1,1233,276,135,394,1,1,1
399,1,1239,279,129,393,1,1,1
400,1,1245,282,123,392,1,1,1
401,1,1251,285,117,391,1,1,1
402,1,1244,288,122,389,1,1,1
403,1,1238,292,126,386,1,1,1
404,1,1231,295,131,384,1,1,1
405,1,1225,299,136,381,1,1,1
406,1,1219,302,140,380,1,1,1
407,1,1212,306,145,377,1,1,1
408,1,1206,309,150,375,1,1,1
409,1,1199,313,155,372,1,1,1
410,1,1193,316,159,370,1,1,1
411,1,1187,320,164,368,1,1,1
412,1,1187,319,159,368,1,1,1
413,1,1188,319,154,368,1,1,1
414,1,1188,319,150,367,1,1,1
415,1,1189,318,145,368,1,1,1
416,1,1190,318,140,367,1,1,1
417,1,1190,318,135,367,1,1,1
418,1,1191,317,130,367,1,1,1
419,1,1191,317,126,367,1,1,1
420,1,1192,317,121,366,1,1,1
421,1,1193,317,116,366,1,1,1
422,1,1195,315,120,369,1,1,1
423,1,1198,314,124,371,1,1,1
424,1,1201,313,128,373,1,1,1
425,1,1204,312,132,375,1,1,1
426,1,1207,311,136,378,1,1,1
427,1,1209,310,141,380,1,1,1
428,1,1212,309,145,382,1,1,1
429,1,1215,308,149,384,1,1,1
430,1,1218,307,153,386,1,1,1
431,1,1221,306,157,389,1,1,1
432,1,1225,306,154,387,1,1,1
433,1,1229,306,152,386,1,1,1
434,1,1233,306,149,385,1,1,1
435,1,1237,307,147,383,1,1,1
436,1,1242,307,144,382,1,1,1
437,1,1246,307,141,380,1,1,1
438,1,1250,308,139,378,1,1,1
439,1,1254,308,136,377,1,1,1
440,1,1258,308,134,376,1,1,1
441,1,1263,309,131,374,1,1,1
442,1,1264,308,134,376,1,1,1
443,1,1265,308,137,378,1,1,1
444,1,1266,308,140,379,1,1,1
445,1,1268,307,142,382,1,1,1
446,1,1269,307,146,383,1,1,1
447,1,1270,307,149,385,1,1,1
448,1,1272,306,151,387,1,1,1
449,1,1273,306,154,389,1,1,1
450,1,1274,306,157,390,1,1,1
451,1,1276,306,160,392,1,1,1
452,1,1276,306,159,390,1,1,1
453,1,1277,307,158,388,1,1,1
454,1,1277,307,157,387,1,1,1
455,1,1278,308,156,385,1,1,1
456,1,1278,308,156,384,1,1,1
457,1,1279,309,154,381,1,1,1
458,1,1279,309,154,380,1,1,1
459,1,1280,310,152,378,1,1,1
460,1,1280,310,152,377,1,1,1
461,1,1281,311,151,375,1,1,1
462,1,1285,310,151,375,1,1,1
463,1,1290,310,151,374,1,1,1
464,1,1295,309,150,375,1,1,1
465,1,1300,309,150,374,1,1,1
466,1,1305,308,149,375,1,1,1
467,1,1310,308,149,374,1,1,1
468,1,1315,307,148,374,1,1,1
469,1,1320,307,148,374,1,1,1
470,1,1325,306,147,374,1,1,1
471,1,1330,306,147,374,1,1,1
472,1,1335,306,145,374,1,1,1
473,1,1340,306,143,374,1,1,1
474,1,1345,307,141,373,1,1,1
475,1,1350,307,139,373,1,1,1
476,1,1355,308,137,372,1,1,1
477,1,1360,308,135,372,1,1,1
478,1,1365,308,133,372,1,1,1
479,1,1370,309,131,371,1,1,1
480,1,1375,309,129,371,1,1,1
481,1,1381,310,127,371,1,1,1
482,1,1388,312,131,370,1,1,1
483,1,1395,315,135,368,1,1,1
484,1,1402,318,139,366,1,1,1
485,1,1410,321,142,364,1,1,1
486,1,1417,324,147,363,1,1,1
487,1,1424,327,151,361,1,1,1
488,1,1432,330,154,359,1,1,1
489,1,1439,333,158,357,1,1,1
490,1,1446,336,162,355,1,1,1
491,1,1454,339,166,354,1,1,1
492,1,1455,338,166,354,1,1,1
493,1,1457,337,165,354,1,1,1
494,1,1458,337,165,353,1,1,1
495,1,1460,336,164,353,1,1,1
496,1,1461,336,164,353,1,1,1
497,1,1463,335,163,353,1,1,1
498,1,1464,334,163,353,1,1,1
499,1,1466,334,162,352,1,1,1
500,1,1467,333,162,352,1,1,1
501,1,1469,333,162,352,1,1,1
502,1,1472,332,158,352,1,1,1
503,1,1475,332,155,351,1,1,1
504,1,1478,331,152,351,1,1,1
505,1,1481,331,149,350,1,1,1
506,1,1485,331,145,349,1,1,1
507,1,1488,330,141,349,1,1,1
508,1,1491,330,138,348,1,1,1
509,1,1494,329,135,348,1,1,1
510,1,1497,329,132,347,1,1,1
511,1,1501,329,128,346,1,1,1
512,1,1494,329,127,345,1,1,1
513,1,1488,329,125,345,1,1,1
514,1,1482,329,124,345,1,1,1
515,1,1475,329,123,344,1,1,1
516,1,1469,330,122,343,1,1,1
517,1,1463,330,120,343,1,1,1
518,1,1456,330,119,342,1,1,1
519,1,1450,330,118,342,1,1,1
520,1,1444,330,116,342,1,1,1
521,1,1438,331,115,341,1,1,1
522,1,1430,330,115,341,1,1,1
523,1,1422,329,116,342,1,1,1
524,1,1415,329,115,341,1,1,1
525,1,1407,328,116,342,1,1,1
526,1,1400,328,116,342,1,1,1
527,1,1392,327,116,342,1,1,1
528,1,1384,326,117,343,1,1,1
529,1,1377,326,116,342,1,1,1
530,1,1369,325,117,343,1,1,1
531,1,1362,325,117,343,1,1,1
532,1,1357,322,114,341,1,1,1
533,1,1353,320,110,338,1,1,1
534,1,1349,317,107,337,1,1,1
535,1,1345,315,103,334,1,1,1
536,1,1341,313,100,332,1,1,1
537,1,1337,310,96,330,1,1,1
538,1,1333,308,92,327,1,1,1
539,1,1329,305,89,326,1,1,1
540,1,1325,303,85,323,1,1,1
541,1,1321,301,82,321,1,1,1
542,1,1312,299,82,320,1,1,1
543,1,1303,297,82,320,1,1,1
544,1,1294,295,83,320,1,1,1
545,1,1285,294,83,318,1,1,1
546,1,1276,292,84,318,1,1,1
547,1,1267,290,84,318,1,1,1
548,1,1258,289,84,316,1,1,1
549,1,1249,287,85,316,1,1,1
550,1,1240,285,85,316,1,1,1
551,1,1232,284,85,315,1,1,1
552,1,1225,283,87,314,1,1,1
553,1,1219,282,88,313,1,1,1
554,1,1213,281,89,312,1,1,1
555,1,1207,280,90,312,1,1,1
556,1,1201,279,91,311,1,1,1
557,1,1194,278,93,310,1,1,1
558,1,1188,277,94,310,1,1,1
559,1,1182,276,95,309,1,1,1
560,1,1176,275,96,308,1,1,1
561,1,1170,275,98,307,1,1,1
562,1,1168,274,98,308,1,1,1
563,1,1166,274,98,308,1,1,1
564,1,1164,274,98,308,1,1,1
565,1,1162,274,98,308,1,1,1
566,1,1160,274,98,308,1,1,1
567,1,1158,274,98,308,1,1,1
568,1,1156,274,98,308,1,1,1
569,1,1154,274,98,308,1,1,1
570,1,1152,274,98,308,1,1,1
571,1,1150,274,98,309,1,1,1
572,1,1146,274,98,308,1,1,1
573,1,1143,274,97,307,1,1,1
574,1,1139,274,97,306,1,1,1
575,1,1136,274,96,305,1,1,1
576,1,1133,274,96,304,1,1,1
577,1,1129,274,96,303,1,1,1
578,1,1126,274,95,302,1,1,1
579,1,1122,274,95,301,1,1,1
580,1,1119,274,94,300,1,1,1
581,1,1116,275,94,299,1,1,1
582,1,1113,276,95,301,1,1,1
583,1,1111,277,96,304,1,1,1
584,1,1109,278,97,306,1,1,1
585,1,1107,279,97,309,1,1,1
586,1,1105,280,98,311,1,1,1
587,1,1103,281,99,314,1,1,1
588,1,1101,282,99,316,1,1,1
589,1,1099,283,100,319,1,1,1
590,1,1097,284,101,321,1,1,1
591,1,1095,285,102,324,1,1,1
592,1,1092,286,103,326,1,1,1
593,1,1090,287,104,329,1,1,1
594,1,1088,288,105,331,1,1,1
595,1,1086,289,105,334,1,1,1
596,1,1084,290,106,336,1,1,1
597,1,1082,291,107,339,1,1,1
598,1,1080,292,107,341,1,1,1
599,1,1078,293,108,344,1,1,1
600,1,1076,294,109,346,1,1,1
601,1,1074,296,110,348,1,1,1
602,1,1069,300,111,345,1,1,1
603,1,1064,304,113,343,1,1,1
604,1,1059,308,114,340,1,1,1
605,1,1054,312,116,338,1,1,1
606,1,1050,316,117,335,1,1,1
607,1,1045,320,118,333,1,1,1
608,1,1040,324,120,330,1,1,1
609,1,1035,328,121,328,1,1,1
610,1,1030,332,123,325,1,1,1
611,1,1026,337,124,322,1,1,1
612,1,1022,336,124,323,1,1,1
613,1,1019,335,124,324,1,1,1
614,1,1016,334,124,325,1,1,1
615,1,1013,333,124,326,1,1,1
616,1,1010,332,124,328,1,1,1
617,1,1006,331,125,329,1,1,1
618,1,1003,330,125,330,1,1,1
619,1,1000,329,125,331,1,1,1
620,1,997,328,125,332,1,1,1
621,1,994,327,125,334,1,1,1
622,1,989,326,128,336,1,1,1
623,1,985,325,130,338,1,1,1
624,1,981,325,132,340,1,1,1
625,1,977,324,134,342,1,1,1
626,1,973,324,137,344,1,1,1
627,1,969,323,139,346,1,1,1
628,1,965,322,141,348,1,1,1
629,1,961,322,143,350,1,1,1
630,1,957,321,145,352,1,1,1
631,1,953,321,148,354,1,1,1
632,1,939,319,145,355,1,1,1
633,1,926,318,142,355,1,1,1
634,1,913,317,139,355,1,1,1
635,1,899,315,137,356,1,1,1
636,1,886,314,134,356,1,1,1
637,1,873,313,130,356,1,1,1
638,1,859,311,128,357,1,1,1
639,1,846,310,125,357,1,1,1
640,1,833,309,122,357,1,1,1
641,1,820,308,119,358,1,1,1
642,1,804,307,123,360,1,1,1
643,1,789,306,126,362,1,1,1
644,1,773,305,130,364,1,1,1
645,1,758,305,133,366,1,1,1
646,1,743,304,136,368,1,1,1
647,1,727,303,140,370,1,1,1
648,1,712,303,143,372,1,1,1
649,1,696,302,147,374,1,1,1
650,1,681,301,150,376,1,1,1
651,1,666,301,154,378,1,1,1
652,1,658,299,157,380,1,1,1
653,1,651,298,160,382,1,1,1
654,1,643,297,163,384,1,1,1
655,1,636,296,166,385,1,1,1
656,1,628,295,169,387,1,1,1
657,1,621,294,172,389,1,1,1
658,1,613,293,175,390,1,1,1
659,1,606,292,178,392,1,1,1
660,1,598,291,181,394,1,1,1
661,1,591,290,184,396,1,1,1
662,1,584,289,185,397,1,1,1
663,1,578,288,185,399,1,1,1
664,1,571,287,186,400,1,1,1
665,1,565,286,187,402,1,1,1
666,1,559,285,187,403,1,1,1
667,1,552,284,188,405,1,1,1
668,1,546,283,189,406,1,1,1
669,1,539,282,190,408,1,1,1
670,1,533,281,190,409,1,1,1
671,1,527,281,191,410,1,1,1
672,1,529,280,186,411,1,1,1
673,1,531,280,182,411,1,1,1
674,1,533,280,177,412,1,1,1
675,1,535,280,173,412,1,1,1
676,1,537,280,169,413,1,1,1
677,1,539,280,164,413,1,1,1
678,1,541,280,160,413,1,1,1
679,1,543,280,155,414,1,1,1
680,1,545,280,151,414,1,1,1
681,1,547,280,147,415,1,1,1
682,1,550,279,146,417,1,1,1
683,1,553,278,146,419,1,1,1
684,1,556,277,146,421,1,1,1
685,1,559,276,145,423,1,1,1
686,1,562,276,145,425,1,1,1
687,1,565,275,145,427,1,1,1
688,1,568,274,144,429,1,1,1
689,1,571,273,144,431,1,1,1
690,1,574,272,144,433,1,1,1
691,1,578,272,143,435,1,1,1
692,1,574,270,154,435,1,1,1
693,1,571,269,164,435,1,1,1
694,1,568,267,174,436,1,1,1
695,1,564,266,185,436,1,1,1
696,1,561,265,195,436,1,1,1
697,1,558,263,205,436,1,1,1
698,1,554,262,216,436,1,1,1
699,1,551,260,226,437,1,1,1
700,1,548,259,236,437,1,1,1
701,1,545,258,246,437,1,1,1
702,1,543,257,237,436,1,1,1
703,1,541,256,229,435,1,1,1
704,1,539,255,220,434,1,1,1
705,1,537,254,212,433,1,1,1
706,1,535,253,203,433,1,1,1
707,1,533,252,195,432,1,1,1
708,1,531,251,186,431,1,1,1
709,1,529,250,178,430,1,1,1
710,1,527,249,169,429,1,1,1
711,1,526,249,160,428,1,1,1
712,1,518,249,164,428,1,1,1
713,1,510,249,168,428,1,1,1
714,1,502,249,172,428,1,1,1
715,1,494,249,176,428,1,1,1
716,1,486,249,180,428,1,1,1
717,1,478,249,184,428,1,1,1
718,1,470,249,188,428,1,1,1
719,1,462,249,192,428,1,1,1
720,1,454,249,196,428,1,1,1
721,1,447,250,200,428,1,1,1
722,1,447,249,194,428,1,1,1
723,1,447,249,188,427,1,1,1
724,1,447,248,182,427,1,1,1
725,1,447,248,176,426,1,1,1
726,1,448,248,169,426,1,1,1
727,1,448,247,163,426,1,1,1
728,1,448,247,157,425,1,1,1
729,1,448,246,151,425,1,1,1
730,1,448,246,145,424,1,1,1
731,1,449,246,139,424,1,1,1
732,1,451,248,139,419,1,1,1
733,1,454,250,139,415,1,1,1
734,1,456,253,140,410,1,1,1
735,1,459,255,140,406,1,1,1
736,1,462,258,140,401,1,1,1
737,1,464,260,140,396,1,1,1
738,1,467,262,140,392,1,1,1
739,1,469,265,141,387,1,1,1
740,1,472,267,141,383,1,1,1
741,1,475,270,141,378,1,1,1
742,1,467,268,147,379,1,1,1
743,1,460,267,153,380,1,1,1
744,1,453,265,158,382,1,1,1
745,1,446,264,164,383,1,1,1
746,1,439,263,169,384,1,1,1
747,1,432,261,175,385,1,1,1
748,1,425,260,180,386,1,1,1
749,1,418,258,186,388,1,1,1
750,1,411,257,191,389,1,1,1
751,1,404,256,197,390,1,1,1
752,1,408,256,196,389,1,1,1
753,1,413,256,195,388,1,1,1
754,1,418,256,193,387,1,1,1
755,1,423,256,192,386,1,1,1
756,1,428,256,190,385,1,1,1
757,1,432,256,190,384,1,1,1
758,1,437,256,188,383,1,1,1
759,1,442,256,187,382,1,1,1
760,1,447,256,185,381,1,1,1
761,1,452,257,184,379,1,1,1
762,1,457,257,180,379,1,1,1
763,1,463,258,175,379,1,1,1
764,1,469,259,170,379,1,1,1
765,1,474,260,166,379,1,1,1
766,1,480,261,161,379,1,1,1
767,1,486,262,156,378,1,1,1
768,1,491,263,152,378,1,1,1
769,1,497,264,147,378,1,1,1
770,1,503,265,142,378,1,1,1
771,1,509,266,138,378,1,1,1
772,1,512,269,139,375,1,1,1
773,1,516,272,139,372,1,1,1
774,1,520,275,140,369,1,1,1
775,1,524,278,140,366,1,1,1
776,1,528,282,141,363,1,1,1
777,1,532,285,141,360,1,1,1
778,1,536,288,141,357,1,1,1
779,1,540,291,142,354,1,1,1
780,1,544,294,142,351,1,1,1
781,1,548,298,143,348,1,1,1
782,1,552,299,141,348,1,1,1
783,1,556,301,139,347,1,1,1
784,1,560,303,137,346,1,1,1
785,1,565,305,134,345,1,1,1
786,1,569,307,132,345,1,1,1
787,1,573,309,130,344,1,1,1
788,1,578,311,127,343,1,1,1
789,1,582,313,125,342,1,1,1
790,1,586,315,123,341,1,1,1
791,1,591,317,121,341,1,1,1
792,1,591,317,121,340,1,1,1
793,1,591,318,121,339,1,1,1
794,1,591,318,121,338,1,1,1
795,1,591,319,122,337,1,1,1
796,1,591,320,122,335,1,1,1
797,1,591,320,122,335,1,1,1
798,1,591,321,123,333,1,1,1
799,1,591,321,123,333,1,1,1
800,1,591,322,123,331,1,1,1
801,1,591,323,124,330,1,1,1
1,3,655,305,105,280,1,1,1
2,3,649,304,105,281,1,1,1
3,3,643,304,105,281,1,1,1
4,3,637,304,105,282,1,1,1
5,3,632,303,104,283,1,1,1
6,3,626,303,105,284,1,1,1
7,3,620,303,105,284,1,1,1
8,3,615,302,104,285,1,1,1
9,3,609,302,104,286,1,1,1
10,3,603,302,104,286,1,1,1
11,3,598,302,104,287,1,1,1
12,3,597,301,103,287,1,1,1
13,3,596,300,102,288,1,1,1
14,3,595,300,101,288,1,1,1
15,3,594,299,100,289,1,1,1
16,3,593,299,99,289,1,1,1
17,3,592,298,98,289,1,1,1
18,3,591,297,97,290,1,1,1
19,3,590,297,96,290,1,1,1
20,3,589,296,95,291,1,1,1
21,3,589,296,93,291,1,1,1
22,3,591,294,93,291,1,1,1
23,3,594,293,93,291,1,1,1
24,3,597,292,93,291,1,1,1
25,3,600,291,93,291,1,1,1
26,3,603,290,93,291,1,1,1
27,3,605,288,93,292,1,1,1
28,3,608,287,93,292,1,1,1
29,3,611,286,93,292,1,1,1
30,3,614,285,93,292,1,1,1
31,3,617,284,93,292,1,1,1
32,3,619,284,94,293,1,1,1
33,3,622,285,94,293,1,1,1
34,3,625,285,94,294,1,1,1
35,3,628,286,94,294,1,1,1
36,3,631,287,94,294,1,1,1
37,3,634,287,94,295,1,1,1
38,3,637,288,94,295,1,1,1
39,3,640,288,94,296,1,1,1
40,3,643,289,94,296,1,1,1
41,3,646,290,94,296,1,1,1
42,3,648,290,96,296,1,1,1
43,3,651,291,97,296,1,1,1
44,3,654,291,98,297,1,1,1
45,3,657,292,100,296,1,1,1
46,3,660,293,101,296,1,1,1
47,3,662,293,103,297,1,1,1
48,3,665,294,105,296,1,1,1
49,3,668,294,106,297,1,1,1
50,3,671,295,107,297,1,1,1
51,3,674,296,109,297,1,1,1
52,3,677,299,108,298,1,1,1
53,3,680,303,108,299,1,1,1
54,3,683,307,107,300,1,1,1
55,3,686,310,107,302,1,1,1
56,3,689,314,106,303,1,1,1
57,3,692,318,106,303,1,1,1
58,3,695,321,105,305,1,1,1
59,3,698,325,105,306,1,1,1
60,3,701,329,104,307,1,1,1
61,3,705,333,103,308,1,1,1
62,3,707,334,103,308,1,1,1
63,3,710,335,103,309,1,1,1
64,3,713,336,103,309,1,1,1
65,3,715,337,104,310,1,1,1
66,3,718,338,104,310,1,1,1
67,3,721,339,104,311,1,1,1
68,3,723,340,105,311,1,1,1
69,3,726,341,105,312,1,1,1
70,3,729,342,105,312,1,1,1
71,3,732,344,105,312,1,1,1
72,3,732,344,105,311,1,1,1
73,3,732,344,106,310,1,1,1
74,3,732,345,106,308,1,1,1
75,3,732,345,107,307,1,1,1
76,3,733,346,107,305,1,1,1
77,3,733,346,107,304,1,1,1
78,3,733,346,108,303,1,1,1
79,3,733,347,108,301,1,1,1
80,3,733,347,109,300,1,1,1
81,3,734,348,109,298,1,1,1
82,3,732,344,109,300,1,1,1
83,3,730,340,109,303,1,1,1
84,3,729,336,108,305,1,1,1
85,3,727,332,108,308,1,1,1
86,3,726,329,107,309,1,1,1
87,3,724,325,107,312,1,1,1
88,3,722,321,107,314,1,1,1
89,3,721,317,106,317,1,1,1
90,3,719,313,106,319,1,1,1
91,3,718,310,105,321,1,1,1
92,3,718,307,105,322,1,1,1
93,3,718,305,105,322,1,1,1
94,3,718,302,105,323,1,1,1
95,3,718,300,105,323,1,1,1
96,3,719,297,104,324,1,1,1
97,3,719,295,104,324,1,1,1
98,3,719,292,104,325,1,1,1
99,3,719,290,104,325,1,1,1
100,3,719,287,104,326,1,1,1
101,3,720,285,103,326,1,1,1
102,3,720,283,103,326,1,1,1
103,3,720,280,103,327,1,1,1
104,3,720,278,103,327,1,1,1
105,3,720,275,103,328,1,1,1
106,3,721,273,102,328,1,1,1
107,3,721,270,102,329,1,1,1
108,3,721,268,102,329,1,1,1
109,3,721,265,102,330,1,1,1
110,3,721,263,102,330,1,1,1
111,3,722,261,102,330,1,1,1
112,3,725,261,102,329,1,1,1
113,3,729,262,101,327,1,1,1
114,3,732,263,101,325,1,1,1
115,3,736,264,100,323,1,1,1
116,3,739,265,100,322,1,1,1
117,3,743,265,99,321,1,1,1
118,3,746,266,99,319,1,1,1
119,3,750,267,98,317,1,1,1
120,3,753,268,98,315,1,1,1
121,3,757,269,97,314,1,1,1
122,3,759,270,100,314,1,1,1
123,3,761,271,104,315,1,1,1
124,3,763,272,108,316,1,1,1
125,3,766,274,111,316,1,1,1
126,3,768,275,115,317,1,1,1
127,3,770,276,119,318,1,1,1
128,3,773,278,122,318,1,1,1
129,3,775,279,126,319,1,1,1
130,3,777,280,130,320,1,1,1
131,3,780,282,133,320,1,1,1
132,3,790,282,131,319,1,1,1
133,3,801,282,128,318,1,1,1
134,3,812,282,125,317,1,1,1
135,3,822,282,123,316,1,1,1
136,3,833,282,120,316,1,1,1
137,3,844,282,117,315,1,1,1
138,3,854,282,115,314,1,1,1
139,3,865,282,112,313,1,1,1
140,3,876,282,109,312,1,1,1
141,3,887,282,107,312,1,1,1
142,3,905,282,108,311,1,1,1
143,3,923,282,110,311,1,1,1
144,3,941,282,112,311,1,1,1
145,3,959,282,114,310,1,1,1
146,3,977,283,116,309,1,1,1
147,3,995,283,118,309,1,1,1
148,3,1013,283,120,308,1,1,1
149,3,1031,283,122,308,1,1,1
150,3,1049,283,124,308,1,1,1
151,3,1068,284,125,307,1,1,1
152,3,1079,283,123,307,1,1,1
153,3,1090,282,121,307,1,1,1
154,3,1101,281,119,307,1,1,1
155,3,1113,281,116,307,1,1,1
156,3,1124,280,114,307,1,1,1
157,3,1135,279,112,307,1,1,1
158,3,1147,279,109,307,1,1,1
159,3,1158,278,107,307,1,1,1
160,3,1169,277,105,307,1,1,1
161,3,1181,277,102,307,1,1,1
162,3,1185,277,103,307,1,1,1
163,3,1190,277,104,307,1,1,1
164,3,1195,277,104,307,1,1,1
165,3,1200,278,105,306,1,1,1
166,3,1205,278,106,307,1,1,1
167,3,1210,278,106,307,1,1,1
168,3,1215,279,107,306,1,1,1
169,3,1220,279,107,306,1,1,1
170,3,1225,279,108,306,1,1,1
171,3,1230,280,109,306,1,1,1
172,3,1234,279,111,306,1,1,1
173,3,1238,279,114,306,1,1,1
174,3,1242,279,117,305,1,1,1
175,3,1247,279,118,305,1,1,1
176,3,1251,279,121,304,1,1,1
177,3,1255,278,124,305,1,1,1
178,3,1260,278,125,304,1,1,1
179,3,1264,278,128,304,1,1,1
180,3,1268,278,131,303,1,1,1
181,3,1273,278,133,303,1,1,1
182,3,1278,278,132,304,1,1,1
183,3,1283,279,132,305,1,1,1
184,3,1288,279,132,306,1,1,1
185,3,1293,280,132,307,1,1,1
186,3,1299,281,131,308,1,1,1
187,3,1304,281,130,309,1,1,1
188,3,1309,282,130,310,1,1,1
189,3,1314,282,130,311,1,1,1
190,3,1319,283,130,312,1,1,1
191,3,1325,284,129,313,1,1,1
192,3,1328,284,128,312,1,1,1
193,3,1332,285,126,310,1,1,1
194,3,1335,286,126,309,1,1,1
195,3,1339,287,124,307,1,1,1
196,3,1343,288,123,306,1,1,1
197,3,1346,288,122,305,1,1,1
198,3,1350,289,120,303,1,1,1
199,3,1353,290,120,302,1,1,1
200,3,1357,291,118,300,1,1,1
201,3,1361,292,117,299,1,1,1
202,3,1357,295,118,298,1,1,1
203,3,1353,298,119,298,1,1,1
204,3,1350,301,119,298,1,1,1
205,3,1346,304,120,297,1,1,1
206,3,1343,308,120,296,1,1,1
207,3,1339,311,121,296,1,1,1
208,3,1335,314,122,295,1,1,1
209,3,1332,317,122,295,1,1,1
210,3,1328,320,123,295,1,1,1
211,3,1325,324,124,294,1,1,1
212,3,1320,323,124,294,1,1,1
213,3,1315,323,125,294,1,1,1
214,3,1310,323,126,294,1,1,1
215,3,1306,323,125,294,1,1,1
216,3,1301,323,126,294,1,1,1
217,3,1296,322,127,295,1,1,1
218,3,1292,322,126,295,1,1,1
219,3,1287,322,127,295,1,1,1
220,3,1282,322,128,295,1,1,1
221,3,1278,322,128,295,1,1,1
222,3,1279,321,125,295,1,1,1
223,3,1280,320,122,295,1,1,1
224,3,1282,319,118,295,1,1,1
225,3,1283,318,115,296,1,1,1
226,3,1285,317,112,296,1,1,1
227,3,1286,316,109,296,1,1,1
228,3,1287,315,106,297,1,1,1
229,3,1289,314,102,297,1,1,1
230,3,1290,313,99,297,1,1,1
231,3,1292,312,96,298,1,1,1
232,3,1290,311,97,298,1,1,1
233,3,1288,310,98,299,1,1,1
234,3,1286,309,100,300,1,1,1
235,3,1284,309,101,300,1,1,1
236,3,1282,308,103,301,1,1,1
237,3,1280,307,104,302,1,1,1
238,3,1278,307,105,302,1,1,1
239,3,1276,306,107,303,1,1,1
240,3,1274,305,108,304,1,1,1
241,3,1273,305,109,304,1,1,1
242,3,1275,304,107,305,1,1,1
243,3,1277,303,105,307,1,1,1
244,3,1279,302,103,309,1,1,1
245,3,1281,302,101,310,1,1,1
246,3,1283,301,100,312,1,1,1
247,3,1285,300,98,314,1,1,1
248,3,1287,300,96,315,1,1,1
249,3,1289,299,94,317,1,1,1
250,3,1291,298,92,319,1,1,1
251,3,1294,298,90,320,1,1,1
252,3,1293,297,94,320,1,1,1
253,3,1292,297,99,319,1,1,1
254,3,1292,296,103,319,1,1,1
255,3,1291,296,107,319,1,1,1
256,3,1291,295,111,319,1,1,1
257,3,1290,295,116,318,1,1,1
258,3,1289,294,120,319,1,1,1
259,3,1289,294,124,318,1,1,1
260,3,1288,293,129,318,1,1,1
261,3,1288,293,133,318,1,1,1
262,3,1287,292,130,317,1,1,1
263,3,1287,292,127,316,1,1,1
264,3,1287,292,124,315,1,1,1
265,3,1287,292,121,314,1,1,1
266,3,1287,292,118,313,1,1,1
267,3,1287,292,115,311,1,1,1
268,3,1287,292,112,310,1,1,1
269,3,1287,292,109,309,1,1,1
270,3,1287,292,106,308,1,1,1
271,3,1287,292,103,307,1,1,1
272,3,1284,291,108,308,1,1,1
273,3,1282,290,112,309,1,1,1
274,3,1280,289,116,310,1,1,1
275,3,1277,288,122,311,1,1,1
276,3,1275,287,126,312,1,1,1
277,3,1273,286,130,313,1,1,1
278,3,1270,285,136,314,1,1,1
279,3,1268,284,140,315,1,1,1
280,3,1266,283,144,316,1,1,1
281,3,1264,282,149,317,1,1,1
282,3,1262,282,144,316,1,1,1
283,3,1260,282,140,315,1,1,1
284,3,1258,283,136,314,1,1,1
285,3,1256,283,132,313,1,1,1
286,3,1254,284,128,312,1,1,1
287,3,1252,284,124,311,1,1,1
288,3,1250,284,120,310,1,1,1
289,3,1248,285,116,309,1,1,1
290,3,1246,285,112,308,1,1,1
291,3,1245,286,107,307,1,1,1
292,3,1239,285,108,308,1,1,1
293,3,1234,285,108,309,1,1,1
294,3,1229,285,108,310,1,1,1
295,3,1224,285,108,310,1,1,1
296,3,1219,285,108,311,1,1,1
297,3,1214,284,108,313,1,1,1
298,3,1209,284,108,313,1,1,1
299,3,1204,284,108,314,1,1,1
300,3,1199,284,108,315,1,1,1
301,3,1194,284,108,316,1,1,1
302,3,1189,285,110,316,1,1,1
303,3,1184,286,112,317,1,1,1
304,3,1179,287,114,317,1,1,1
305,3,1175,288,115,318,1,1,1
306,3,1170,290,117,318,1,1,1
307,3,1165,291,119,318,1,1,1
308,3,1161,292,120,319,1,1,1
309,3,1156,293,122,319,1,1,1
310,3,1151,294,124,320,1,1,1
311,3,1147,296,125,320,1,1,1
312,3,1143,295,125,322,1,1,1
313,3,1140,294,125,324,1,1,1
314,3,1136,293,125,326,1,1,1
315,3,1133,293,125,327,1,1,1
316,3,1129,292,125,329,1,1,1
317,3,1126,291,125,331,1,1,1
318,3,1122,291,125,332,1,1,1
319,3,1119,290,125,334,1,1,1
320,3,1115,289,125,336,1,1,1
321,3,1112,289,125,338,1,1,1
322,3,1107,287,123,338,1,1,1
323,3,1102,285,121,338,1,1,1
324,3,1097,283,119,338,1,1,1
325,3,1092,281,117,339,1,1,1
326,3,1087,280,115,338,1,1,1
327,3,1082,278,113,338,1,1,1
328,3,1077,276,111,339,1,1,1
329,3,1072,274,109,339,1,1,1
330,3,1067,272,107,339,1,1,1
331,3,1062,271,105,339,1,1,1
332,3,1057,269,107,340,1,1,1
333,3,1052,267,109,341,1,1,1
334,3,1047,265,111,342,1,1,1
335,3,1042,264,113,342,1,1,1
336,3,1037,262,115,343,1,1,1
337,3,1032,260,117,344,1,1,1
338,3,1027,259,119,344,1,1,1
339,3,1022,257,121,345,1,1,1
340,3,1017,255,123,346,1,1,1
341,3,1013,254,125,346,1,1,1
342,3,1015,254,126,347,1,1,1
343,3,1018,255,126,348,1,1,1
344,3,1020,255,127,350,1,1,1
345,3,1023,256,127,351,1,1,1
346,3,1025,257,128,352,1,1,1
347,3,1028,257,128,354,1,1,1
348,3,1030,258,129,355,1,1,1
349,3,1033,258,129,357,1,1,1
350,3,1035,259,130,358,1,1,1
351,3,1038,260,130,359,1,1,1
352,3,1034,260,130,358,1,1,1
353,3,1030,260,130,358,1,1,1
354,3,1027,260,129,358,1,1,1
355,3,1023,260,129,358,1,1,1
356,3,1020,260,128,358,1,1,1
357,3,1016,260,128,358,1,1,1
358,3,1012,260,129,358,1,1,1
359,3,1009,260,128,358,1,1,1
360,3,1005,260,128,358,1,1,1
361,3,1002,261,127,357,1,1,1
362,3,998,261,127,356,1,1,1
363,3,994,261,127,356,1,1,1
364,3,991,261,126,356,1,1,1
365,3,987,261,127,356,1,1,1
366,3,984,261,126,356,1,1,1
367,3,980,261,126,356,1,1,1
368,3,976,261,126,356,1,1,1
369,3,973,261,125,356,1,1,1
370,3,969,261,125,356,1,1,1
371,3,966,262,125,355,1,1,1
372,3,961,262,124,355,1,1,1
373,3,957,262,122,355,1,1,1
374,3,953,262,120,355,1,1,1
375,3,948,263,119,354,1,1,1
376,3,944,263,117,355,1,1,1
377,3,940,263,115,355,1,1,1
378,3,935,264,114,354,1,1,1
379,3,931,264,112,354,1,1,1
380,3,927,264,110,354,1,1,1
381,3,923,265,109,354,1,1,1
382,3,918,265,113,353,1,1,1
383,3,913,266,117,351,1,1,1
384,3,909,267,121,349,1,1,1
385,3,904,268,125,347,1,1,1
386,3,900,269,129,345,1,1,1
387,3,895,269,133,344,1,1,1
388,3,890,270,137,342,1,1,1
389,3,886,271,141,340,1,1,1
390,3,881,272,145,338,1,1,1
391,3,877,273,149,337,1,1,1
392,3,870,273,149,340,1,1,1
393,3,864,273,149,343,1,1,1
394,3,858,274,149,346,1,1,1
395,3,852,274,149,349,1,1,1
396,3,846,275,149,352,1,1,1
397,3,840,275,148,355,1,1,1
398,3,834,275,148,358,1,1,1
399,3,828,276,148,361,1,1,1
400,3,822,276,148,364,1,1,1
401,3,816,277,148,367,1,1,1
402,3,798,280,150,367,1,1,1
403,3,781,284,152,366,1,1,1
404,3,763,288,154,365,1,1,1
405,3,746,292,156,365,1,1,1
406,3,728,296,159,364,1,1,1
407,3,711,300,160,363,1,1,1
408,3,693,304,163,363,1,1,1
409,3,676,308,164,362,1,1,1
410,3,658,312,167,361,1,1,1
411,3,641,316,169,361,1,1,1
412,3,626,315,165,361,1,1,1
413,3,612,314,161,362,1,1,1
414,3,598,313,157,362,1,1,1
415,3,584,312,152,363,1,1,1
416,3,570,312,148,362,1,1,1
417,3,556,311,144,363,1,1,1
418,3,542,310,139,363,1,1,1
419,3,528,309,135,364,1,1,1
420,3,514,308,131,364,1,1,1
421,3,500,308,127,364,1,1,1
422,3,493,308,128,365,1,1,1
423,3,486,309,130,365,1,1,1
424,3,479,310,132,365,1,1,1
425,3,472,310,133,367,1,1,1
426,3,465,311,135,367,1,1,1
427,3,458,312,137,367,1,1,1
428,3,451,312,138,369,1,1,1
429,3,444,313,140,369,1,1,1
430,3,437,314,142,369,1,1,1
431,3,431,315,143,370,1,1,1
432,3,424,314,143,371,1,1,1
433,3,418,314,143,372,1,1,1
434,3,411,313,144,374,1,1,1
435,3,405,313,144,375,1,1,1
436,3,398,312,145,377,1,1,1
437,3,392,312,145,378,1,1,1
438,3,385,311,146,380,1,1,1
439,3,379,311,146,381,1,1,1
440,3,372,310,147,383,1,1,1
441,3,366,310,147,384,1,1,1
442,3,356,309,146,388,1,1,1
443,3,346,309,146,391,1,1,1
444,3,336,309,145,394,1,1,1
445,3,326,308,145,398,1,1,1
446,3,316,308,144,402,1,1,1
447,3,306,308,144,405,1,1,1
448,3,296,307,143,409,1,1,1
449,3,286,307,143,412,1,1,1
450,3,276,307,142,415,1,1,1
451,3,266,307,142,419,1,1,1
452,3,257,305,146,422,1,1,1
453,3,249,304,150,425,1,1,1
454,3,241,302,153,428,1,1,1
455,3,233,301,157,431,1,1,1
456,3,225,299,161,434,1,1,1
457,3,216,298,165,437,1,1,1
458,3,208,296,169,440,1,1,1
459,3,200,295,172,443,1,1,1
460,3,192,293,176,446,1,1,1
461,3,184,292,180,449,1,1,1
462,3,183,291,179,449,1,1,1
463,3,182,290,179,449,1,1,1
464,3,181,289,178,449,1,1,1
465,3,180,288,178,449,1,1,1
466,3,179,288,177,448,1,1,1
467,3,178,287,177,448,1,1,1
468,3,177,286,176,448,1,1,1
469,3,176,285,176,448,1,1,1
470,3,175,284,175,448,1,1,1
471,3,174,284,175,448,1,1,1
472,3,171,284,175,446,1,1,1
473,3,169,284,174,445,1,1,1
474,3,166,285,174,442,1,1,1
475,3,164,285,173,441,1,1,1
476,3,162,286,172,438,1,1,1
477,3,159,286,172,437,1,1,1
478,3,157,286,171,435,1,1,1
479,3,154,287,171,433,1,1,1
480,3,152,287,170,431,1,1,1
481,3,150,288,170,429,1,1,1
482,3,154,289,169,430,1,1,1
483,3,158,290,169,432,1,1,1
484,3,162,292,169,432,1,1,1
485,3,166,293,169,434,1,1,1
486,3,170,295,169,434,1,1,1
487,3,174,296,169,436,1,1,1
488,3,178,297,169,437,1,1,1
489,3,182,299,169,438,1,1,1
490,3,186,300,169,439,1,1,1
491,3,191,302,168,440,1,1,1
492,3,194,302,170,439,1,1,1
493,3,198,302,172,438,1,1,1
494,3,201,302,175,438,1,1,1
495,3,205,303,176,436,1,1,1
496,3,209,303,178,436,1,1,1
497,3,212,303,181,435,1,1,1
498,3,216,304,182,433,1,1,1
499,3,219,304,185,433,1,1,1
500,3,223,304,187,432,1,1,1
501,3,227,305,189,431,1,1,1
502,3,234,304,184,428,1,1,1
503,3,241,304,179,425,1,1,1
504,3,248,304,175,421,1,1,1
505,3,255,304,170,418,1,1,1
506,3,262,304,166,415,1,1,1
507,3,269,303,161,412,1,1,1
508,3,276,303,156,409,1,1,1
509,3,283,303,152,405,1,1,1
510,3,290,303,147,402,1,1,1
511,3,297,303,143,399,1,1,1
512,3,295,302,145,400,1,1,1
513,3,294,302,147,400,1,1,1
514,3,293,302,149,401,1,1,1
515,3,292,302,150,401,1,1,1
516,3,291,302,152,402,1,1,1
517,3,289,301,155,403,1,1,1
518,3,288,301,156,403,1,1,1
519,3,287,301,158,404,1,1,1
520,3,286,301,160,404,1,1,1
521,3,285,301,162,405,1,1,1
522,3,282,300,158,406,1,1,1
523,3,280,300,154,407,1,1,1
524,3,277,300,151,407,1,1,1
525,3,275,299,147,409,1,1,1
526,3,273,299,143,409,1,1,1
527,3,270,299,139,410,1,1,1
528,3,268,298,135,411,1,1,1
529,3,265,298,132,412,1,1,1
530,3,263,298,128,412,1,1,1
531,3,261,298,124,413,1,1,1
532,3,259,295,127,413,1,1,1
533,3,257,292,130,413,1,1,1
534,3,255,289,133,413,1,1,1
535,3,253,286,136,414,1,1,1
536,3,251,283,139,414,1,1,1
537,3,249,280,142,414,1,1,1
538,3,247,277,145,415,1,1,1
539,3,245,274,148,415,1,1,1
540,3,243,271,151,415,1,1,1
541,3,242,269,154,415,1,1,1
542,3,235,268,156,416,1,1,1
543,3,228,267,159,417,1,1,1
544,3,221,266,162,418,1,1,1
545,3,215,265,163,419,1,1,1
546,3,208,265,166,419,1,1,1
547,3,201,264,169,420,1,1,1
548,3,195,263,170,421,1,1,1
549,3,188,262,173,422,1,1,1
550,3,181,261,176,423,1,1,1
551,3,175,261,178,423,1,1,1
552,3,179,260,175,423,1,1,1
553,3,183,260,173,423,1,1,1
554,3,187,260,171,423,1,1,1
555,3,191,259,168,423,1,1,1
556,3,195,259,166,423,1,1,1
557,3,199,259,164,423,1,1,1
558,3,203,258,161,423,1,1,1
559,3,207,258,159,423,1,1,1
560,3,211,258,157,423,1,1,1
561,3,216,258,154,423,1,1,1
562,3,222,257,153,421,1,1,1
563,3,228,256,153,419,1,1,1
564,3,234,256,153,416,1,1,1
565,3,240,255,153,414,1,1,1
566,3,246,255,153,411,1,1,1
567,3,252,254,153,409,1,1,1
568,3,258,253,153,407,1,1,1
569,3,264,253,153,404,1,1,1
570,3,270,252,153,402,1,1,1
571,3,277,252,152,400,1,1,1
572,3,283,250,150,399,1,1,1
573,3,290,248,148,398,1,1,1
574,3,297,246,145,398,1,1,1
575,3,304,245,143,396,1,1,1
576,3,311,243,141,396,1,1,1
577,3,318,241,138,395,1,1,1
578,3,325,240,136,393,1,1,1
579,3,332,238,133,393,1,1,1
580,3,339,236,131,392,1,1,1
581,3,346,235,129,391,1,1,1
582,3,352,236,129,391,1,1,1
583,3,359,237,128,391,1,1,1
584,3,365,238,129,391,1,1,1
585,3,372,240,128,391,1,1,1
586,3,378,241,129,391,1,1,1
587,3,385,242,128,391,1,1,1
588,3,391,244,128,391,1,1,1
589,3,398,245,128,391,1,1,1
590,3,404,246,128,391,1,1,1
591,3,411,248,128,391,1,1,1
592,3,415,250,127,391,1,1,1
593,3,420,253,126,391,1,1,1
594,3,424,256,125,390,1,1,1
595,3,429,259,124,390,1,1,1
596,3,433,262,123,389,1,1,1
597,3,438,265,122,389,1,1,1
598,3,442,268,121,388,1,1,1
599,3,447,271,120,388,1,1,1
600,3,451,274,119,387,1,1,1
601,3,456,277,118,387,1,1,1
602,3,457,280,122,386,1,1,1
603,3,458,283,126,386,1,1,1
604,3,459,286,131,386,1,1,1
605,3,460,289,135,386,1,1,1
606,3,462,293,139,385,1,1,1
607,3,463,296,143,385,1,1,1
608,3,464,299,147,385,1,1,1
609,3,465,302,152,385,1,1,1
610,3,466,305,156,385,1,1,1
611,3,468,309,160,384,1,1,1
612,3,470,309,158,383,1,1,1
613,3,473,310,156,382,1,1,1
614,3,476,311,153,381,1,1,1
615,3,478,311,152,380,1,1,1
616,3,481,312,150,379,1,1,1
617,3,484,313,147,378,1,1,1
618,3,486,313,146,377,1,1,1
619,3,489,314,143,376,1,1,1
620,3,492,315,141,375,1,1,1
621,3,495,316,139,374,1,1,1
622,3,499,315,138,372,1,1,1
623,3,503,315,138,369,1,1,1
624,3,508,315,137,367,1,1,1
625,3,512,315,137,364,1,1,1
626,3,517,315,136,362,1,1,1
627,3,521,315,136,359,1,1,1
628,3,525,315,136,356,1,1,1
629,3,530,315,135,354,1,1,1
630,3,534,315,135,351,1,1,1
631,3,539,315,134,349,1,1,1
632,3,532,314,132,349,1,1,1
633,3,525,313,130,349,1,1,1
634,3,518,313,128,348,1,1,1
635,3,512,312,125,348,1,1,1
636,3,505,312,124,348,1,1,1
637,3,498,311,122,348,1,1,1
638,3,492,310,119,348,1,1,1
639,3,485,310,117,347,1,1,1
640,3,478,309,115,347,1,1,1
641,3,472,309,113,347,1,1,1
642,3,464,307,114,349,1,1,1
643,3,457,306,114,350,1,1,1
644,3,449,304,115,352,1,1,1
645,3,442,303,115,353,1,1,1
646,3,434,302,117,354,1,1,1
647,3,427,300,117,356,1,1,1
648,3,419,299,118,357,1,1,1
649,3,412,297,118,359,1,1,1
650,3,404,296,119,360,1,1,1
651,3,397,295,120,362,1,1,1
652,3,398,295,120,361,1,1,1
653,3,399,295,121,361,1,1,1
654,3,400,295,121,361,1,1,1
655,3,402,295,121,360,1,1,1
656,3,403,296,122,359,1,1,1
657,3,404,296,122,359,1,1,1
658,3,406,296,122,358,1,1,1
659,3,407,296,122,358,1,1,1
660,3,408,296,123,358,1,1,1
661,3,410,297,123,357,1,1,1
662,3,413,297,122,356,1,1,1
663,3,416,297,122,356,1,1,1
664,3,419,297,122,356,1,1,1
665,3,422,297,122,355,1,1,1
666,3,426,297,121,355,1,1,1
667,3,429,297,121,355,1,1,1
668,3,432,297,121,354,1,1,1
669,3,435,297,121,354,1,1,1
670,3,438,297,121,354,1,1,1
671,3,442,297,120,354,1,1,1
672,3,452,296,121,354,1,1,1
673,3,463,295,122,354,1,1,1
674,3,474,295,122,354,1,1,1
675,3,485,294,123,354,1,1,1
676,3,496,293,124,354,1,1,1
677,3,507,293,124,354,1,1,1
678,3,518,292,125,354,1,1,1
679,3,529,291,126,354,1,1,1
680,3,540,291,126,354,1,1,1
681,3,551,290,127,354,1,1,1
682,3,561,289,129,354,1,1,1
683,3,572,289,129,354,1,1,1
684,3,583,288,130,354,1,1,1
685,3,594,287,131,354,1,1,1
686,3,605,287,131,354,1,1,1
687,3,616,286,132,354,1,1,1
688,3,627,285,133,354,1,1,1
689,3,638,285,133,354,1,1,1
690,3,649,284,134,354,1,1,1
691,3,660,284,135,354,1,1,1
692,3,672,283,133,354,1,1,1
693,3,684,282,132,354,1,1,1
694,3,696,282,131,353,1,1,1
695,3,708,281,130,353,1,1,1
696,3,721,281,128,353,1,1,1
697,3,733,280,127,353,1,1,1
698,3,745,279,126,353,1,1,1
699,3,757,279,125,352,1,1,1
700,3,769,278,124,352,1,1,1
701,3,782,278,122,352,1,1,1
702,3,785,277,122,353,1,1,1
703,3,788,277,122,353,1,1,1
704,3,791,277,122,353,1,1,1
705,3,794,277,122,353,1,1,1
706,3,797,277,122,353,1,1,1
707,3,800,276,122,354,1,1,1
708,3,803,276,122,354,1,1,1
709,3,806,276,122,354,1,1,1
710,3,809,276,122,354,1,1,1
711,3,813,276,122,354,1,1,1
712,3,813,275,124,355,1,1,1
713,3,814,275,125,355,1,1,1
714,3,815,275,126,355,1,1,1
715,3,816,274,127,356,1,1,1
716,3,817,274,129,356,1,1,1
717,3,817,274,131,356,1,1,1
718,3,818,273,132,357,1,1,1
719,3,819,273,133,357,1,1,1
720,3,820,273,134,357,1,1,1
721,3,821,273,136,358,1,1,1
722,3,825,272,137,357,1,1,1
723,3,830,271,138,357,1,1,1
724,3,835,270,138,357,1,1,1
725,3,840,269,139,357,1,1,1
726,3,845,268,139,357,1,1,1
727,3,849,267,141,356,1,1,1
728,3,854,266,141,356,1,1,1
729,3,859,265,142,356,1,1,1
730,3,864,264,142,356,1,1,1
731,3,869,263,143,356,1,1,1
732,3,875,264,142,356,1,1,1
733,3,881,266,141,355,1,1,1
734,3,887,267,140,355,1,1,1
735,3,894,269,139,354,1,1,1
736,3,900,271,138,353,1,1,1
737,3,906,272,137,353,1,1,1
738,3,913,274,136,352,1,1,1
739,3,919,275,135,352,1,1,1
740,3,925,277,134,351,1,1,1
741,3,932,279,133,350,1,1,1
742,3,931,279,135,350,1,1,1
743,3,930,279,137,351,1,1,1
744,3,929,279,139,352,1,1,1
745,3,929,279,140,353,1,1,1
746,3,928,279,142,354,1,1,1
747,3,927,279,144,354,1,1,1
748,3,927,279,145,355,1,1,1
749,3,926,279,147,356,1,1,1
750,3,925,279,149,357,1,1,1
751,3,925,280,150,357,1,1,1
752,3,927,279,148,357,1,1,1
753,3,929,278,147,358,1,1,1
754,3,931,277,146,359,1,1,1
755,3,933,277,144,359,1,1,1
756,3,935,276,143,360,1,1,1
757,3,937,275,142,360,1,1,1
758,3,939,275,140,360,1,1,1
759,3,941,274,139,361,1,1,1
760,3,943,273,138,362,1,1,1
761,3,946,273,136,362,1,1,1
762,3,948,272,136,362,1,1,1
763,3,950,272,137,362,1,1,1
764,3,952,271,138,363,1,1,1
765,3,955,271,138,362,1,1,1
766,3,957,271,139,362,1,1,1
767,3,959,270,140,363,1,1,1
768,3,962,270,140,362,1,1,1
769,3,964,269,141,363,1,1,1
770,3,966,269,142,363,1,1,1
771,3,969,269,142,363,1,1,1
772,3,971,271,140,363,1,1,1
773,3,974,274,138,363,1,1,1
774,3,977,276,135,364,1,1,1
775,3,979,279,134,364,1,1,1
776,3,982,281,132,365,1,1,1
777,3,985,284,129,365,1,1,1
778,3,987,286,128,366,1,1,1
779,3,990,289,125,366,1,1,1
780,3,993,291,123,367,1,1,1
781,3,996,294,121,367,1,1,1
782,3,990,296,126,365,1,1,1
783,3,985,298,131,364,1,1,1
784,3,980,300,136,363,1,1,1
785,3,974,302,141,362,1,1,1
786,3,969,304,146,361,1,1,1
787,3,964,306,151,360,1,1,1
788,3,958,308,156,359,1,1,1
789,3,953,310,161,358,1,1,1
790,3,948,312,166,357,1,1,1
791,3,943,314,171,356,1,1,1
792,3,937,312,173,358,1,1,1
793,3,932,311,175,359,1,1,1
794,3,927,310,177,360,1,1,1
795,3,921,308,179,362,1,1,1
796,3,916,307,181,363,1,1,1
797,3,911,306,183,364,1,1,1
798,3,905,304,185,366,1,1,1
799,3,900,303,187,367,1,1,1
800,3,895,302,189,368,1,1,1
801,3,890,301,191,370,1,1,1
1,5,1071,286,120,302,1,1,1
2,5,1064,285,120,302,1,1,1
3,5,1057,285,120,301,1,1,1
4,5,1050,285,120,300,1,1,1
5,5,1044,285,119,299,1,1,1
6,5,1037,285,119,299,1,1,1
7,5,1030,285,119,298,1,1,1
8,5,1024,284,118,298,1,1,1
9,5,1017,284,118,297,1,1,1
10,5,1010,284,118,296,1,1,1
11,5,1004,284,117,296,1,1,1
12,5,997,284,117,295,1,1,1
13,5,990,284,117,294,1,1,1
14,5,983,284,117,293,1,1,1
15,5,977,283,116,293,1,1,1
16,5,970,283,116,293,1,1,1
17,5,963,283,116,292,1,1,1
18,5,957,283,115,291,1,1,1
19,5,950,283,115,290,1,1,1
20,5,943,283,115,289,1,1,1
21,5,937,283,114,289,1,1,1
22,5,933,281,115,291,1,1,1
23,5,930,280,116,293,1,1,1
24,5,927,279,116,294,1,1,1
25,5,924,278,117,296,1,1,1
26,5,921,277,117,297,1,1,1
27,5,917,276,119,299,1,1,1
28,5,914,275,119,300,1,1,1
29,5,911,274,120,302,1,1,1
30,5,908,273,120,303,1,1,1
31,5,905,272,121,305,1,1,1
32,5,903,272,122,305,1,1,1
33,5,901,273,124,305,1,1,1
34,5,899,273,126,305,1,1,1
35,5,898,274,127,305,1,1,1
36,5,896,274,129,306,1,1,1
37,5,894,275,130,305,1,1,1
38,5,893,275,131,306,1,1,1
39,5,891,276,133,305,1,1,1
40,5,889,276,135,306,1,1,1
41,5,888,277,136,306,1,1,1
42,5,892,277,133,306,1,1,1
43,5,896,278,130,305,1,1,1
44,5,900,279,127,304,1,1,1
45,5,904,279,124,305,1,1,1
46,5,908,280,121,304,1,1,1
47,5,912,281,118,303,1,1,1
48,5,916,281,115,304,1,1,1
49,5,920,282,112,303,1,1,1
50,5,924,283,109,302,1,1,1
51,5,928,284,106,302,1,1,1
52,5,926,287,106,303,1,1,1
53,5,925,291,106,304,1,1,1
54,5,923,295,107,305,1,1,1
55,5,922,298,107,307,1,1,1
56,5,920,302,108,308,1,1,1
57,5,919,306,107,309,1,1,1
58,5,917,309,108,311,1,1,1
59,5,916,313,108,312,1,1,1
60,5,914,317,109,313,1,1,1
61,5,913,321,109,314,1,1,1
62,5,909,322,109,314,1,1,1
63,5,905,324,110,314,1,1,1
64,5,901,325,111,315,1,1,1
65,5,898,327,110,315,1,1,1
66,5,894,329,111,315,1,1,1
67,5,890,330,112,316,1,1,1
68,5,887,332,111,316,1,1,1
69,5,883,333,112,317,1,1,1
70,5,879,335,113,317,1,1,1
71,5,876,337,113,317,1,1,1
72,5,868,335,119,319,1,1,1
73,5,861,334,125,321,1,1,1
74,5,854,333,130,322,1,1,1
75,5,847,332,136,324,1,1,1
76,5,840,331,141,326,1,1,1
77,5,832,329,148,328,1,1,1
78,5,825,328,153,330,1,1,1
79,5,818,327,159,331,1,1,1
80,5,811,326,164,333,1,1,1
81,5,804,325,170,335,1,1,1
82,5,798,322,164,336,1,1,1
83,5,792,319,159,337,1,1,1
84,5,786,317,153,337,1,1,1
85,5,780,314,148,339,1,1,1
86,5,774,312,142,339,1,1,1
87,5,768,309,137,340,1,1,1
88,5,762,306,131,342,1,1,1
89,5,756,304,126,342,1,1,1
90,5,750,301,120,343,1,1,1
91,5,744,299,115,344,1,1,1
92,5,737,295,116,343,1,1,1
93,5,730,291,118,342,1,1,1
94,5,723,287,120,341,1,1,1
95,5,716,283,121,340,1,1,1
96,5,709,279,123,340,1,1,1
97,5,702,275,125,339,1,1,1
98,5,695,271,126,338,1,1,1
99,5,688,267,128,337,1,1,1
100,5,681,263,130,336,1,1,1
101,5,675,260,131,335,1,1,1
102,5,669,258,130,338,1,1,1
103,5,663,256,130,341,1,1,1
104,5,657,254,130,345,1,1,1
105,5,652,252,128,348,1,1,1
106,5,646,250,128,352,1,1,1
107,5,640,248,128,355,1,1,1
108,5,635,246,126,358,1,1,1
109,5,629,244,126,362,1,1,1
110,5,623,242,126,365,1,1,1
111,5,618,241,125,368,1,1,1
112,5,607,241,134,371,1,1,1
113,5,597,242,142,373,1,1,1
114,5,587,242,150,376,1,1,1
115,5,577,243,158,378,1,1,1
116,5,567,243,167,381,1,1,1
117,5,557,244,175,383,1,1,1
118,5,547,244,183,386,1,1,1
119,5,537,245,191,388,1,1,1
120,5,527,245,199,391,1,1,1
121,5,517,246,208,394,1,1,1
122,5,514,247,201,393,1,1,1
123,5,512,249,193,391,1,1,1
124,5,510,250,185,391,1,1,1
125,5,507,252,178,389,1,1,1
126,5,505,254,171,388,1,1,1
127,5,503,255,163,387,1,1,1
128,5,500,257,156,385,1,1,1
129,5,498,258,148,385,1,1,1
130,5,496,260,140,383,1,1,1
131,5,494,262,133,382,1,1,1
132,5,492,261,136,383,1,1,1
133,5,491,260,139,384,1,1,1
134,5,490,259,141,385,1,1,1
135,5,488,258,145,387,1,1,1
136,5,487,257,148,388,1,1,1
137,5,486,256,150,389,1,1,1
138,5,484,255,154,391,1,1,1
139,5,483,254,156,392,1,1,1
140,5,482,253,159,393,1,1,1
141,5,481,253,162,394,1,1,1
142,5,493,252,159,394,1,1,1
143,5,505,252,156,393,1,1,1
144,5,517,252,153,392,1,1,1
145,5,529,251,151,392,1,1,1
146,5,542,251,147,391,1,1,1
147,5,554,251,144,390,1,1,1
148,5,566,250,142,390,1,1,1
149,5,578,250,139,389,1,1,1
150,5,590,250,136,388,1,1,1
151,5,603,250,133,388,1,1,1
152,5,599,250,139,386,1,1,1
153,5,596,250,145,385,1,1,1
154,5,593,250,151,383,1,1,1
155,5,589,250,157,382,1,1,1
156,5,586,250,163,381,1,1,1
157,5,583,250,169,379,1,1,1
158,5,579,250,175,378,1,1,1
159,5,576,250,181,376,1,1,1
160,5,573,250,187,375,1,1,1
161,5,570,250,193,374,1,1,1
162,5,567,248,192,374,1,1,1
163,5,565,247,191,374,1,1,1
164,5,563,246,189,374,1,1,1
165,5,561,245,188,373,1,1,1
166,5,559,244,187,373,1,1,1
167,5,557,243,185,373,1,1,1
168,5,555,242,184,372,1,1,1
169,5,553,241,182,372,1,1,1
170,5,551,240,181,372,1,1,1
171,5,549,239,180,372,1,1,1
172,5,549,239,182,373,1,1,1
173,5,549,239,184,374,1,1,1
174,5,549,239,186,375,1,1,1
175,5,549,239,188,376,1,1,1
176,5,549,239,191,377,1,1,1
177,5,549,239,193,378,1,1,1
178,5,549,239,195,379,1,1,1
179,5,549,239,197,380,1,1,1
180,5,549,239,199,381,1,1,1
181,5,550,239,201,383,1,1,1
182,5,555,240,194,381,1,1,1
183,5,560,242,187,379,1,1,1
184,5,565,243,180,378,1,1,1
185,5,570,245,173,376,1,1,1
186,5,576,246,165,375,1,1,1
187,5,581,248,158,373,1,1,1
188,5,586,249,151,372,1,1,1
189,5,591,251,144,370,1,1,1
190,5,596,252,137,369,1,1,1
191,5,602,254,130,367,1,1,1
192,5,601,253,131,367,1,1,1
193,5,600,252,132,368,1,1,1
194,5,599,251,133,369,1,1,1
195,5,598,250,135,369,1,1,1
196,5,597,250,136,369,1,1,1
197,5,596,249,137,370,1,1,1
198,5,595,248,139,370,1,1,1
199,5,594,247,140,371,1,1,1
200,5,593,246,141,372,1,1,1
201,5,592,246,143,372,1,1,1
202,5,587,249,140,373,1,1,1
203,5,582,253,138,374,1,1,1
204,5,577,256,136,375,1,1,1
205,5,573,260,133,376,1,1,1
206,5,568,263,131,378,1,1,1
207,5,563,267,129,378,1,1,1
208,5,559,270,126,380,1,1,1
209,5,554,274,124,380,1,1,1
210,5,549,277,122,382,1,1,1
211,5,545,281,119,383,1,1,1
212,5,539,281,118,379,1,1,1
213,5,533,281,118,375,1,1,1
214,5,527,281,118,372,1,1,1
215,5,522,281,117,368,1,1,1
216,5,516,281,117,365,1,1,1
217,5,510,281,117,361,1,1,1
218,5,505,281,116,357,1,1,1
219,5,499,281,116,354,1,1,1
220,5,493,281,116,350,1,1,1
221,5,488,281,115,347,1,1,1
222,5,489,281,116,347,1,1,1
223,5,490,281,117,347,1,1,1
224,5,491,281,118,348,1,1,1
225,5,492,282,119,347,1,1,1
226,5,493,282,121,348,1,1,1
227,5,494,282,122,348,1,1,1
228,5,495,283,123,347,1,1,1
229,5,496,283,124,348,1,1,1
230,5,497,283,125,348,1,1,1
231,5,498,284,127,348,1,1,1
232,5,501,284,126,347,1,1,1
233,5,505,284,124,346,1,1,1
234,5,509,284,122,345,1,1,1
235,5,512,284,122,344,1,1,1
236,5,516,284,120,344,1,1,1
237,5,520,284,118,343,1,1,1
238,5,523,284,118,342,1,1,1
239,5,527,284,116,341,1,1,1
240,5,531,284,114,340,1,1,1
241,5,535,284,113,340,1,1,1
242,5,539,284,115,339,1,1,1
243,5,544,284,117,339,1,1,1
244,5,549,284,119,338,1,1,1
245,5,554,285,121,337,1,1,1
246,5,559,285,123,337,1,1,1
247,5,564,285,125,336,1,1,1
248,5,569,286,127,335,1,1,1
249,5,574,286,129,334,1,1,1
250,5,579,286,131,334,1,1,1
251,5,584,287,133,333,1,1,1
252,5,590,286,130,332,1,1,1
253,5,596,286,127,331,1,1,1
254,5,602,285,124,331,1,1,1
255,5,608,285,121,329,1,1,1
256,5,614,285,118,328,1,1,1
257,5,620,284,115,328,1,1,1
258,5,626,284,112,326,1,1,1
259,5,632,283,109,326,1,1,1
260,5,638,283,106,325,1,1,1
261,5,644,283,103,324,1,1,1
262,5,647,282,103,325,1,1,1
263,5,650,282,104,326,1,1,1
264,5,653,282,104,327,1,1,1
265,5,656,282,105,328,1,1,1
266,5,659,282,106,329,1,1,1
267,5,662,282,106,329,1,1,1
268,5,665,282,107,330,1,1,1
269,5,668,282,107,331,1,1,1
270,5,671,282,108,332,1,1,1
271,5,674,282,109,333,1,1,1
272,5,679,281,110,332,1,1,1
273,5,684,281,112,331,1,1,1
274,5,689,281,114,330,1,1,1
275,5,694,281,115,328,1,1,1
276,5,699,281,117,327,1,1,1
277,5,704,280,119,327,1,1,1
278,5,709,280,120,325,1,1,1
279,5,714,280,122,324,1,1,1
280,5,719,280,124,323,1,1,1
281,5,725,280,125,322,1,1,1
282,5,725,280,124,321,1,1,1
283,5,726,280,123,321,1,1,1
284,5,726,280,123,321,1,1,1
285,5,727,280,122,321,1,1,1
286,5,727,280,122,321,1,1,1
287,5,728,280,120,321,1,1,1
288,5,728,280,120,321,1,1,1
289,5,729,280,119,321,1,1,1
290,5,729,280,119,321,1,1,1
291,5,730,281,118,320,1,1,1
292,5,726,280,118,321,1,1,1
293,5,723,280,118,321,1,1,1
294,5,720,280,118,321,1,1,1
295,5,716,280,118,321,1,1,1
296,5,713,280,118,321,1,1,1
297,5,710,279,118,322,1,1,1
298,5,706,279,118,322,1,1,1
299,5,703,279,118,322,1,1,1
300,5,700,279,118,322,1,1,1
301,5,697,279,118,322,1,1,1
302,5,694,279,118,321,1,1,1
303,5,692,280,117,320,1,1,1
304,5,689,281,117,318,1,1,1
305,5,687,281,116,318,1,1,1
306,5,684,282,117,317,1,1,1
307,5,682,283,116,315,1,1,1
308,5,679,283,116,315,1,1,1
309,5,677,284,115,313,1,1,1
310,5,674,285,115,312,1,1,1
311,5,672,286,115,311,1,1,1
312,5,672,287,114,311,1,1,1
313,5,672,288,114,311,1,1,1
314,5,672,289,113,311,1,1,1
315,5,672,290,113,311,1,1,1
316,5,672,291,113,311,1,1,1
317,5,672,292,112,311,1,1,1
318,5,672,293,112,311,1,1,1
319,5,672,294,111,311,1,1,1
320,5,672,295,111,311,1,1,1
321,5,672,296,111,311,1,1,1
322,5,668,293,110,311,1,1,1
323,5,664,291,110,310,1,1,1
324,5,660,289,110,309,1,1,1
325,5,656,287,109,308,1,1,1
326,5,652,285,109,307,1,1,1
327,5,648,283,109,306,1,1,1
328,5,644,281,108,305,1,1,1
329,5,640,279,108,304,1,1,1
330,5,636,277,108,303,1,1,1
331,5,632,275,108,303,1,1,1
332,5,631,274,109,304,1,1,1
333,5,631,273,109,305,1,1,1
334,5,630,272,110,306,1,1,1
335,5,630,271,110,307,1,1,1
336,5,629,271,111,308,1,1,1
337,5,629,270,111,309,1,1,1
338,5,628,269,112,310,1,1,1
339,5,628,268,112,311,1,1,1
340,5,627,267,113,312,1,1,1
341,5,627,267,114,313,1,1,1
342,5,631,267,114,313,1,1,1
343,5,636,267,113,313,1,1,1
344,5,640,267,113,314,1,1,1
345,5,645,267,112,314,1,1,1
346,5,649,267,112,315,1,1,1
347,5,654,267,111,315,1,1,1
348,5,658,267,111,315,1,1,1
349,5,663,267,110,316,1,1,1
350,5,667,267,110,316,1,1,1
351,5,672,267,110,317,1,1,1
352,5,675,267,112,316,1,1,1
353,5,679,267,113,316,1,1,1
354,5,683,267,114,316,1,1,1
355,5,686,267,116,316,1,1,1
356,5,690,268,117,315,1,1,1
357,5,694,268,118,315,1,1,1
358,5,697,268,120,315,1,1,1
359,5,701,268,121,315,1,1,1
360,5,705,268,122,315,1,1,1
361,5,709,269,124,314,1,1,1
362,5,713,269,122,313,1,1,1
363,5,717,269,120,313,1,1,1
364,5,721,269,118,313,1,1,1
365,5,725,269,116,313,1,1,1
366,5,730,270,113,312,1,1,1
367,5,734,270,111,311,1,1,1
368,5,738,270,109,311,1,1,1
369,5,742,270,107,311,1,1,1
370,5,746,270,105,311,1,1,1
371,5,751,271,103,310,1,1,1
372,5,754,271,105,311,1,1,1
373,5,758,272,106,311,1,1,1
374,5,762,273,107,312,1,1,1
375,5,766,274,108,312,1,1,1
376,5,770,275,109,313,1,1,1
377,5,774,275,110,314,1,1,1
378,5,778,276,111,314,1,1,1
379,5,782,277,112,315,1,1,1
380,5,786,278,113,315,1,1,1
381,5,790,279,114,316,1,1,1
382,5,794,278,114,317,1,1,1
383,5,798,278,115,318,1,1,1
384,5,803,278,114,318,1,1,1
385,5,807,277,115,320,1,1,1
386,5,812,277,115,320,1,1,1
387,5,816,277,115,321,1,1,1
388,5,820,276,116,322,1,1,1
389,5,825,276,115,323,1,1,1
390,5,829,276,116,323,1,1,1
391,5,834,276,116,324,1,1,1
392,5,837,278,113,323,1,1,1
393,5,841,280,110,323,1,1,1
394,5,844,282,108,323,1,1,1
395,5,848,285,105,322,1,1,1
396,5,851,287,103,322,1,1,1
397,5,855,289,100,321,1,1,1
398,5,858,292,98,320,1,1,1
399,5,862,294,95,320,1,1,1
400,5,865,296,93,320,1,1,1
401,5,869,299,90,319,1,1,1
402,5,861,301,92,320,1,1,1
403,5,854,303,93,321,1,1,1
404,5,846,305,95,322,1,1,1
405,5,839,308,96,322,1,1,1
406,5,832,310,98,324,1,1,1
407,5,824,312,100,325,1,1,1
408,5,817,315,101,325,1,1,1
409,5,809,317,103,326,1,1,1
410,5,802,319,104,327,1,1,1
411,5,795,322,106,328,1,1,1
412,5,790,321,106,329,1,1,1
413,5,785,320,106,330,1,1,1
414,5,780,319,106,331,1,1,1
415,5,775,318,106,332,1,1,1
416,5,770,318,106,332,1,1,1
417,5,765,317,106,333,1,1,1
418,5,760,316,106,334,1,1,1
419,5,755,315,106,335,1,1,1
420,5,750,314,106,336,1,1,1
421,5,746,314,105,337,1,1,1
422,5,746,314,108,335,1,1,1
423,5,746,314,112,334,1,1,1
424,5,746,314,116,332,1,1,1
425,5,746,314,120,331,1,1,1
426,5,746,314,124,330,1,1,1
427,5,746,314,128,328,1,1,1
428,5,746,314,132,327,1,1,1
429,5,746,314,136,325,1,1,1
430,5,746,314,140,324,1,1,1
431,5,747,315,143,322,1,1,1
432,5,752,314,140,323,1,1,1
433,5,757,314,138,324,1,1,1
434,5,762,313,136,325,1,1,1
435,5,767,313,134,326,1,1,1
436,5,773,313,131,326,1,1,1
437,5,778,312,128,328,1,1,1
438,5,783,312,126,328,1,1,1
439,5,788,311,124,330,1,1,1
440,5,793,311,122,330,1,1,1
441,5,799,311,119,331,1,1,1
442,5,796,310,122,333,1,1,1
443,5,793,310,125,335,1,1,1
444,5,790,310,128,336,1,1,1
445,5,787,310,131,338,1,1,1
446,5,785,310,133,340,1,1,1
447,5,782,310,136,341,1,1,1
448,5,779,310,139,343,1,1,1
449,5,776,310,142,344,1,1,1
450,5,773,310,145,346,1,1,1
451,5,771,310,148,348,1,1,1
452,5,772,309,145,347,1,1,1
453,5,774,308,141,347,1,1,1
454,5,776,308,137,345,1,1,1
455,5,778,307,133,345,1,1,1
456,5,780,307,129,343,1,1,1
457,5,781,306,126,343,1,1,1
458,5,783,305,122,342,1,1,1
459,5,785,305,118,341,1,1,1
460,5,787,304,114,340,1,1,1
461,5,789,304,110,339,1,1,1
462,5,792,304,112,338,1,1,1
463,5,796,304,114,338,1,1,1
464,5,799,304,117,337,1,1,1
465,5,803,304,118,337,1,1,1
466,5,807,304,120,337,1,1,1
467,5,810,304,123,336,1,1,1
468,5,814,304,124,336,1,1,1
469,5,817,304,127,335,1,1,1
470,5,821,304,129,335,1,1,1
471,5,825,305,131,334,1,1,1
472,5,829,304,129,335,1,1,1
473,5,834,304,127,335,1,1,1
474,5,839,304,124,335,1,1,1
475,5,843,304,123,335,1,1,1
476,5,848,304,120,335,1,1,1
477,5,853,303,118,336,1,1,1
478,5,857,303,116,336,1,1,1
479,5,862,303,114,336,1,1,1
480,5,867,303,111,336,1,1,1
481,5,872,303,109,337,1,1,1
482,5,878,305,110,336,1,1,1
483,5,885,307,111,335,1,1,1
484,5,892,309,112,334,1,1,1
485,5,898,311,113,333,1,1,1
486,5,905,314,114,332,1,1,1
487,5,912,316,115,331,1,1,1
488,5,918,318,116,330,1,1,1
489,5,925,320,117,329,1,1,1
490,5,932,322,118,328,1,1,1
491,5,939,325,119,327,1,1,1
492,5,943,325,118,326,1,1,1
493,5,948,325,117,325,1,1,1
494,5,953,325,116,324,1,1,1
495,5,957,325,116,323,1,1,1
496,5,962,325,115,323,1,1,1
497,5,967,325,114,322,1,1,1
498,5,971,325,114,321,1,1,1
499,5,976,325,113,320,1,1,1
500,5,981,325,112,319,1,1,1
501,5,986,326,111,318,1,1,1
502,5,990,325,111,319,1,1,1
503,5,994,325,112,319,1,1,1
504,5,998,325,113,319,1,1,1
505,5,1003,325,113,319,1,1,1
506,5,1007,325,114,319,1,1,1
507,5,1011,324,115,320,1,1,1
508,5,1016,324,115,320,1,1,1
509,5,1020,324,116,320,1,1,1
510,5,1024,324,117,320,1,1,1
511,5,1029,324,117,320,1,1,1
512,5,1026,323,118,320,1,1,1
513,5,1024,322,119,321,1,1,1
514,5,1022,321,119,321,1,1,1
515,5,1020,320,120,322,1,1,1
516,5,1018,319,121,322,1,1,1
517,5,1015,318,122,323,1,1,1
518,5,1013,317,123,323,1,1,1
519,5,1011,316,123,324,1,1,1
520,5,1009,315,124,324,1,1,1
521,5,1007,314,125,325,1,1,1
522,5,1003,313,127,326,1,1,1
523,5,1000,313,128,326,1,1,1
524,5,996,312,131,327,1,1,1
525,5,993,312,132,327,1,1,1
526,5,989,312,135,328,1,1,1
527,5,986,311,136,329,1,1,1
528,5,982,311,138,329,1,1,1
529,5,979,310,140,330,1,1,1
530,5,975,310,142,330,1,1,1
531,5,972,310,144,331,1,1,1
532,5,969,308,141,330,1,1,1
533,5,966,307,138,329,1,1,1
534,5,963,305,135,328,1,1,1
535,5,960,304,132,327,1,1,1
536,5,957,302,129,327,1,1,1
537,5,954,301,126,325,1,1,1
538,5,951,299,123,325,1,1,1
539,5,948,298,120,323,1,1,1
540,5,945,296,117,323,1,1,1
541,5,942,295,115,322,1,1,1
542,5,939,291,114,326,1,1,1
543,5,936,288,113,330,1,1,1
544,5,933,285,113,333,1,1,1
545,5,931,281,111,338,1,1,1
546,5,928,278,111,341,1,1,1
547,5,925,275,110,345,1,1,1
548,5,923,271,108,349,1,1,1
549,5,920,268,108,353,1,1,1
550,5,917,265,107,356,1,1,1
551,5,915,262,106,360,1,1,1
552,5,915,261,108,360,1,1,1
553,5,915,261,110,359,1,1,1
554,5,915,260,112,359,1,1,1
555,5,915,260,114,358,1,1,1
556,5,916,259,115,358,1,1,1
557,5,916,259,117,357,1,1,1
558,5,916,258,119,357,1,1,1
559,5,916,258,121,356,1,1,1
560,5,916,257,123,356,1,1,1
561,5,917,257,125,355,1,1,1
562,5,920,255,128,357,1,1,1
563,5,923,253,131,359,1,1,1
564,5,926,252,134,360,1,1,1
565,5,930,250,137,362,1,1,1
566,5,933,249,140,363,1,1,1
567,5,936,247,143,365,1,1,1
568,5,940,245,146,367,1,1,1
569,5,943,244,149,368,1,1,1
570,5,946,242,152,370,1,1,1
571,5,950,241,155,372,1,1,1
572,5,956,241,154,371,1,1,1
573,5,962,242,154,370,1,1,1
574,5,969,243,152,369,1,1,1
575,5,975,243,152,368,1,1,1
576,5,982,244,150,367,1,1,1
577,5,988,245,150,366,1,1,1
578,5,994,245,149,365,1,1,1
579,5,1001,246,148,364,1,1,1
580,5,1007,247,147,363,1,1,1
581,5,1014,248,146,362,1,1,1
582,5,1023,247,145,364,1,1,1
583,5,1032,246,144,366,1,1,1
584,5,1042,246,143,367,1,1,1
585,5,1051,245,142,369,1,1,1
586,5,1061,245,141,371,1,1,1
587,5,1070,244,140,373,1,1,1
588,5,1079,243,139,375,1,1,1
589,5,1089,243,138,376,1,1,1
590,5,1098,242,137,378,1,1,1
591,5,1108,242,136,380,1,1,1
592,5,1114,245,135,382,1,1,1
593,5,1121,248,134,384,1,1,1
594,5,1128,251,133,386,1,1,1
595,5,1134,254,132,388,1,1,1
596,5,1141,258,131,389,1,1,1
597,5,1148,261,130,391,1,1,1
598,5,1154,264,129,393,1,1,1
599,5,1161,267,128,395,1,1,1
600,5,1168,270,127,397,1,1,1
601,5,1175,274,126,398,1,1,1
602,5,1180,276,127,398,1,1,1
603,5,1186,279,128,398,1,1,1
604,5,1191,282,129,398,1,1,1
605,5,1197,285,130,397,1,1,1
606,5,1203,288,130,397,1,1,1
607,5,1208,291,132,397,1,1,1
608,5,1214,294,132,396,1,1,1
609,5,1219,297,134,396,1,1,1
610,5,1225,300,134,396,1,1,1
611,5,1231,303,135,396,1,1,1
612,5,1237,302,134,395,1,1,1
613,5,1243,302,133,394,1,1,1
614,5,1250,301,131,393,1,1,1
615,5,1256,301,130,392,1,1,1
616,5,1263,300,128,392,1,1,1
617,5,1269,300,127,390,1,1,1
618,5,1275,299,126,390,1,1,1
619,5,1282,299,124,388,1,1,1
620,5,1288,298,123,388,1,1,1
621,5,1295,298,121,387,1,1,1
622,5,1295,297,130,388,1,1,1
623,5,1295,297,140,388,1,1,1
624,5,1296,297,148,389,1,1,1
625,5,1296,296,158,390,1,1,1
626,5,1297,296,167,391,1,1,1
627,5,1297,296,176,391,1,1,1
628,5,1297,295,186,392,1,1,1
629,5,1298,295,194,393,1,1,1
630,5,1298,295,204,393,1,1,1
631,5,1299,295,213,394,1,1,1
632,5,1294,294,206,391,1,1,1
633,5,1290,294,199,388,1,1,1
634,5,1286,293,192,386,1,1,1
635,5,1282,293,184,383,1,1,1
636,5,1278,292,177,381,1,1,1
637,5,1274,292,170,377,1,1,1
638,5,1270,291,162,375,1,1,1
639,5,1266,291,155,372,1,1,1
640,5,1262,290,148,370,1,1,1
641,5,1258,290,141,367,1,1,1
642,5,1250,289,140,367,1,1,1
643,5,1243,289,139,367,1,1,1
644,5,1235,289,139,367,1,1,1
645,5,1228,289,138,366,1,1,1
646,5,1220,289,138,366,1,1,1
647,5,1213,288,136,367,1,1,1
648,5,1205,288,136,366,1,1,1
649,5,1198,288,135,366,1,1,1
650,5,1190,288,135,366,1,1,1
651,5,1183,288,134,366,1,1,1
652,5,1183,287,134,365,1,1,1
653,5,1183,286,135,364,1,1,1
654,5,1183,285,135,363,1,1,1
655,5,1184,284,135,363,1,1,1
656,5,1184,283,135,362,1,1,1
657,5,1184,282,136,361,1,1,1
658,5,1185,281,135,361,1,1,1
659,5,1185,280,136,360,1,1,1
660,5,1185,279,136,359,1,1,1
661,5,1186,278,136,359,1,1,1
662,5,1187,278,135,358,1,1,1
663,5,1189,278,133,358,1,1,1
664,5,1191,278,131,358,1,1,1
665,5,1193,278,129,358,1,1,1
666,5,1195,278,128,358,1,1,1
667,5,1196,278,127,357,1,1,1
668,5,1198,278,125,357,1,1,1
669,5,1200,278,123,357,1,1,1
670,5,1202,278,121,357,1,1,1
671,5,1204,279,120,356,1,1,1
672,5,1208,278,120,357,1,1,1
673,5,1213,278,120,357,1,1,1
674,5,1218,277,120,358,1,1,1
675,5,1222,277,121,358,1,1,1
676,5,1227,277,121,358,1,1,1
677,5,1232,276,121,359,1,1,1
678,5,1236,276,122,359,1,1,1
679,5,1241,275,122,360,1,1,1
680,5,1246,275,122,360,1,1,1
681,5,1251,275,122,361,1,1,1
682,5,1258,275,123,361,1,1,1
683,5,1265,276,124,360,1,1,1
684,5,1272,277,125,359,1,1,1
685,5,1279,278,126,358,1,1,1
686,5,1286,279,127,357,1,1,1
687,5,1293,280,128,356,1,1,1
688,5,1300,281,129,355,1,1,1
689,5,1307,282,130,354,1,1,1
690,5,1314,283,131,353,1,1,1
691,5,1322,284,132,353,1,1,1
692,5,1333,284,130,351,1,1,1
693,5,1344,285,129,349,1,1,1
694,5,1355,285,127,347,1,1,1
695,5,1366,286,126,345,1,1,1
696,5,1377,287,125,342,1,1,1
697,5,1388,287,123,341,1,1,1
698,5,1399,288,122,338,1,1,1
699,5,1410,288,120,337,1,1,1
700,5,1421,289,119,334,1,1,1
701,5,1433,290,117,332,1,1,1
702,5,1433,288,116,334,1,1,1
703,5,1433,287,115,336,1,1,1
704,5,1433,286,114,338,1,1,1
705,5,1433,285,114,340,1,1,1
706,5,1433,284,113,342,1,1,1
707,5,1433,282,112,344,1,1,1
708,5,1433,281,112,346,1,1,1
709,5,1433,280,111,348,1,1,1
710,5,1433,279,110,350,1,1,1
711,5,1433,278,110,352,1,1,1
712,5,1430,277,109,348,1,1,1
713,5,1428,277,108,344,1,1,1
714,5,1426,276,106,340,1,1,1
715,5,1424,276,105,336,1,1,1
716,5,1422,275,104,332,1,1,1
717,5,1419,275,103,328,1,1,1
718,5,1417,274,102,324,1,1,1
719,5,1415,274,100,320,1,1,1
720,5,1413,273,99,316,1,1,1
721,5,1411,273,98,312,1,1,1
722,5,1410,272,99,313,1,1,1
723,5,1409,272,101,313,1,1,1
724,5,1408,271,103,314,1,1,1
725,5,1407,271,104,315,1,1,1
726,5,1406,270,106,316,1,1,1
727,5,1405,270,108,316,1,1,1
728,5,1404,269,109,318,1,1,1
729,5,1403,269,111,318,1,1,1
730,5,1402,268,113,319,1,1,1
731,5,1401,268,115,320,1,1,1
732,5,1405,269,115,320,1,1,1
733,5,1410,270,115,320,1,1,1
734,5,1415,272,115,320,1,1,1
735,5,1419,273,115,320,1,1,1
736,5,1424,275,115,320,1,1,1
737,5,1429,276,115,320,1,1,1
738,5,1433,277,115,320,1,1,1
739,5,1438,279,115,320,1,1,1
740,5,1443,280,115,320,1,1,1
741,5,1448,282,115,320,1,1,1
742,5,1446,282,116,319,1,1,1
743,5,1444,283,117,317,1,1,1
744,5,1443,284,117,316,1,1,1
745,5,1441,285,119,314,1,1,1
746,5,1440,286,119,313,1,1,1
747,5,1438,286,120,312,1,1,1
748,5,1436,287,122,310,1,1,1
749,5,1435,288,122,309,1,1,1
750,5,1433,289,123,307,1,1,1
751,5,1432,290,124,306,1,1,1
752,5,1435,289,126,309,1,1,1
753,5,1438,288,128,313,1,1,1
754,5,1442,288,129,316,1,1,1
755,5,1445,287,131,320,1,1,1
756,5,1449,287,132,323,1,1,1
757,5,1452,286,134,327,1,1,1
758,5,1455,285,136,331,1,1,1
759,5,1459,285,137,334,1,1,1
760,5,1462,284,139,338,1,1,1
761,5,1466,284,140,341,1,1,1
762,5,1474,283,138,340,1,1,1
763,5,1483,282,136,339,1,1,1
764,5,1491,281,135,338,1,1,1
765,5,1500,280,132,337,1,1,1
766,5,1508,280,131,335,1,1,1
767,5,1517,279,129,334,1,1,1
768,5,1525,278,127,333,1,1,1
769,5,1534,277,125,332,1,1,1
770,5,1542,276,124,331,1,1,1
771,5,1551,276,122,330,1,1,1
772,5,1556,278,123,331,1,1,1
773,5,1561,281,124,332,1,1,1
774,5,1566,284,125,332,1,1,1
775,5,1571,286,126,334,1,1,1
776,5,1576,289,127,334,1,1,1
777,5,1581,292,128,335,1,1,1
778,5,1586,294,129,336,1,1,1
779,5,1591,297,130,337,1,1,1
780,5,1596,300,131,337,1,1,1
781,5,1602,303,132,338,1,1,1
782,5,1604,303,131,339,1,1,1
783,5,1606,304,131,340,1,1,1
784,5,1608,305,131,340,1,1,1
785,5,1610,306,130,341,1,1,1
786,5,1612,307,130,342,1,1,1
787,5,1614,308,130,342,1,1,1
788,5,1616,309,129,343,1,1,1
789,5,1618,310,129,343,1,1,1
790,5,1620,311,129,344,1,1,1
791,5,1622,312,129,345,1,1,1
792,5,1620,310,128,346,1,1,1
793,5,1619,309,127,346,1,1,1
794,5,1617,308,127,346,1,1,1
795,5,1616,307,125,346,1,1,1
796,5,1615,306,124,346,1,1,1
797,5,1613,305,124,346,1,1,1
798,5,1612,304,122,346,1,1,1
799,5,1610,303,122,346,1,1,1
800,5,1609,302,121,346,1,1,1
801,5,1608,301,120,347,1,1,1
