1,453,1322.81,431.88,95.37,208.57,1,-1,-1,-1
1,454,909.16,51.36,73.58,197.44,1,-1,-1,-1
1,455,507.00,429.26,95.80,210.55,1,-1,-1,-1
1,456,910.93,830.45,90.54,211.54,1,-1,-1,-1
2,453,1318.79,433.17,94.73,207.10,1,-1,-1,-1
2,454,898.94,46.17,74.14,198.97,1,-1,-1,-1
2,455,507.51,422.67,95.55,209.94,1,-1,-1,-1
2,456,919.25,830.06,89.08,208.14,1,-1,-1,-1
3,453,1317.75,450.59,95.01,207.71,1,-1,-1,-1
3,454,889.63,43.59,74.41,199.64,1,-1,-1,-1
3,455,508.07,405.10,95.19,209.21,1,-1,-1,-1
3,456,926.72,829.15,89.61,209.41,1,-1,-1,-1
4,453,1317.05,456.29,94.96,207.59,1,-1,-1,-1
4,454,879.70,39.11,74.00,198.62,1,-1,-1,-1
4,455,509.18,399.62,94.81,208.56,1,-1,-1,-1
4,456,939.28,829.18,90.95,212.47,1,-1,-1,-1
5,453,1316.44,469.62,95.04,207.64,1,-1,-1,-1
5,454,869.93,37.64,73.99,198.69,1,-1,-1,-1
5,455,510.20,387.03,94.30,207.67,1,-1,-1,-1
5,456,949.17,830.52,91.34,213.41,1,-1,-1,-1
6,453,1315.48,477.70,95.85,209.49,1,-1,-1,-1
6,454,857.68,40.23,74.76,200.58,1,-1,-1,-1
6,455,510.51,375.22,94.50,208.31,1,-1,-1,-1
6,456,958.51,829.50,91.36,213.42,1,-1,-1,-1
7,453,1314.77,491.28,97.03,211.96,1,-1,-1,-1
7,454,848.93,52.60,74.13,199.01,1,-1,-1,-1
7,455,513.27,364.75,95.21,209.78,1,-1,-1,-1
7,456,971.32,828.07,91.30,213.29,1,-1,-1,-1
8,453,1314.12,506.47,96.83,211.40,1,-1,-1,-1
8,454,839.79,49.65,73.28,197.27,1,-1,-1,-1
8,455,515.11,359.62,94.66,208.30,1,-1,-1,-1
8,456,981.19,828.16,91.48,213.54,1,-1,-1,-1
9,453,1310.37,511.30,96.81,211.20,1,-1,-1,-1
9,454,830.65,55.97,73.61,198.39,1,-1,-1,-1
9,455,516.97,347.82,94.07,206.58,1,-1,-1,-1
9,456,990.54,823.64,91.00,212.41,1,-1,-1,-1
10,453,1308.34,524.78,96.62,210.68,1,-1,-1,-1
10,454,821.12,61.03,73.06,197.44,1,-1,-1,-1
10,455,518.81,332.80,93.44,204.77,1,-1,-1,-1
10,456,999.11,816.92,91.12,213.00,1,-1,-1,-1
11,453,1307.08,529.27,96.83,210.78,1,-1,-1,-1
11,454,810.40,66.20,72.83,196.74,1,-1,-1,-1
11,455,521.97,327.47,93.64,205.32,1,-1,-1,-1
11,456,1011.63,818.23,91.71,214.52,1,-1,-1,-1
12,453,1306.13,535.51,96.63,210.39,1,-1,-1,-1
12,454,800.74,63.07,73.19,197.79,1,-1,-1,-1
12,455,524.40,320.50,94.37,207.52,1,-1,-1,-1
12,456,1021.33,814.22,91.71,214.45,1,-1,-1,-1
13,453,1301.65,553.20,96.50,210.18,1,-1,-1,-1
13,454,790.62,61.64,73.47,198.60,1,-1,-1,-1
13,455,526.46,313.62,93.45,205.58,1,-1,-1,-1
13,456,1030.04,812.70,91.39,213.19,1,-1,-1,-1
14,453,1299.63,556.63,95.69,208.26,1,-1,-1,-1
14,454,782.69,63.80,72.36,196.32,1,-1,-1,-1
14,455,530.01,303.04,93.75,206.08,1,-1,-1,-1
14,456,1038.96,812.13,90.83,211.37,1,-1,-1,-1
15,453,1294.80,567.42,96.14,209.02,1,-1,-1,-1
15,454,773.98,69.17,72.60,196.92,1,-1,-1,-1
15,455,533.99,287.72,92.58,204.02,1,-1,-1,-1
15,456,1046.88,803.30,91.36,212.14,1,-1,-1,-1
16,453,1291.86,580.96,96.69,210.00,1,-1,-1,-1
16,454,765.40,71.86,71.81,194.93,1,-1,-1,-1
16,455,535.84,275.55,92.32,202.89,1,-1,-1,-1
16,456,1055.27,805.03,91.13,211.48,1,-1,-1,-1
17,453,1289.86,585.73,96.97,210.50,1,-1,-1,-1
17,454,755.04,81.62,71.66,195.07,1,-1,-1,-1
17,455,540.10,265.51,91.85,202.61,1,-1,-1,-1
17,456,1067.59,803.94,91.55,212.48,1,-1,-1,-1
18,453,1284.93,598.25,97.09,210.98,1,-1,-1,-1
18,454,745.65,92.11,71.45,194.90,1,-1,-1,-1
18,455,543.49,263.55,91.21,200.91,1,-1,-1,-1
18,456,1077.05,798.39,91.97,213.15,1,-1,-1,-1
19,453,1279.04,602.95,96.75,210.01,1,-1,-1,-1
19,454,737.13,94.22,71.11,194.19,1,-1,-1,-1
19,455,549.60,256.65,91.31,201.89,1,-1,-1,-1
19,456,1086.14,793.85,91.28,211.87,1,-1,-1,-1
20,453,1275.29,613.39,97.94,211.96,1,-1,-1,-1
20,454,728.79,91.76,71.31,195.17,1,-1,-1,-1
20,455,554.70,243.16,92.42,205.32,1,-1,-1,-1
20,456,1094.49,790.74,91.85,212.98,1,-1,-1,-1
21,453,1269.54,623.01,97.73,211.94,1,-1,-1,-1
21,454,720.36,95.02,71.25,195.79,1,-1,-1,-1
21,455,558.85,237.33,91.88,204.78,1,-1,-1,-1
21,456,1103.22,779.62,90.78,210.94,1,-1,-1,-1
22,453,1265.91,631.63,98.14,212.44,1,-1,-1,-1
22,454,711.70,103.43,72.04,197.52,1,-1,-1,-1
22,455,564.53,228.07,91.09,203.41,1,-1,-1,-1
22,456,1110.86,778.80,90.97,211.43,1,-1,-1,-1
23,453,1260.39,638.28,98.44,212.83,1,-1,-1,-1
23,454,703.95,108.02,72.26,198.10,1,-1,-1,-1
23,455,567.94,221.43,92.02,205.68,1,-1,-1,-1
23,456,1119.02,773.33,91.10,212.00,1,-1,-1,-1
24,453,1254.07,645.02,98.31,212.71,1,-1,-1,-1
24,454,694.84,118.54,73.16,199.79,1,-1,-1,-1
24,455,573.88,210.01,90.68,203.54,1,-1,-1,-1
24,456,1126.78,770.65,91.24,213.01,1,-1,-1,-1
25,453,1250.49,654.44,97.38,211.13,1,-1,-1,-1
25,454,686.88,118.19,73.33,199.45,1,-1,-1,-1
25,455,581.07,205.10,90.60,204.59,1,-1,-1,-1
25,456,1135.56,757.24,90.11,211.87,1,-1,-1,-1
26,453,1245.29,669.29,96.84,210.09,1,-1,-1,-1
26,454,678.91,129.23,73.64,199.31,1,-1,-1,-1
26,455,587.22,197.91,90.42,206.16,1,-1,-1,-1
26,456,1143.77,756.42,89.05,210.45,1,-1,-1,-1
27,453,1238.69,677.87,96.76,210.80,1,-1,-1,-1
27,454,671.83,134.42,73.95,200.02,1,-1,-1,-1
27,455,590.62,192.62,89.09,207.28,1,-1,-1,-1
27,456,1152.23,752.86,88.48,210.39,1,-1,-1,-1
28,453,1239.51,682.33,96.14,211.87,1,-1,-1,-1
28,454,663.89,138.67,74.27,200.51,1,-1,-1,-1
28,455,594.18,176.19,86.37,205.32,1,-1,-1,-1
28,456,1159.93,739.65,88.30,211.48,1,-1,-1,-1
29,453,1237.09,686.23,95.13,213.67,1,-1,-1,-1
29,454,655.49,149.60,74.17,200.93,1,-1,-1,-1
29,455,603.99,168.27,76.19,186.95,1,-1,-1,-1
29,456,1167.96,729.87,88.13,212.08,1,-1,-1,-1
30,453,1236.67,694.07,93.15,214.09,1,-1,-1,-1
30,454,647.72,156.72,73.94,200.60,1,-1,-1,-1
30,456,1176.19,726.75,87.64,211.52,1,-1,-1,-1
31,454,640.11,167.80,73.50,199.43,1,-1,-1,-1
31,456,1183.68,717.74,88.46,213.76,1,-1,-1,-1
32,454,631.82,167.46,75.26,202.34,1,-1,-1,-1
32,456,1191.02,710.97,89.16,215.10,1,-1,-1,-1
33,454,626.14,174.30,76.75,205.82,1,-1,-1,-1
33,456,1197.36,700.80,91.21,220.41,1,-1,-1,-1
33,455,645.90,135.90,69.94,163.78,1,-1,-1,-1
34,454,619.04,177.35,76.72,205.99,1,-1,-1,-1
34,456,1200.55,694.96,92.37,221.40,1,-1,-1,-1
34,455,650.19,126.97,80.17,185.58,1,-1,-1,-1
35,454,612.23,186.07,75.71,203.91,1,-1,-1,-1
35,456,1206.62,683.01,92.23,220.36,1,-1,-1,-1
35,455,656.63,123.58,86.55,201.02,1,-1,-1,-1
36,454,605.60,196.28,75.21,201.68,1,-1,-1,-1
36,456,1214.96,681.84,92.03,220.17,1,-1,-1,-1
36,455,663.76,124.95,87.87,204.80,1,-1,-1,-1
36,453,1169.39,740.28,90.40,213.81,1,-1,-1,-1
37,454,598.30,206.66,76.18,204.21,1,-1,-1,-1
37,456,1223.24,668.92,91.15,218.44,1,-1,-1,-1
37,455,666.88,121.17,89.27,207.13,1,-1,-1,-1
37,453,1165.77,744.29,87.91,210.09,1,-1,-1,-1
38,454,591.03,211.46,76.45,205.64,1,-1,-1,-1
38,456,1230.77,659.87,90.60,216.41,1,-1,-1,-1
38,455,675.94,117.32,89.55,206.52,1,-1,-1,-1
38,453,1160.74,752.54,87.23,208.63,1,-1,-1,-1
39,454,587.09,222.75,76.02,204.67,1,-1,-1,-1
39,456,1237.73,656.17,90.94,216.27,1,-1,-1,-1
39,455,684.37,113.38,89.85,206.47,1,-1,-1,-1
39,453,1153.88,761.55,86.94,207.56,1,-1,-1,-1
40,454,581.62,231.54,76.10,204.83,1,-1,-1,-1
40,456,1242.16,647.46,90.10,213.80,1,-1,-1,-1
40,455,692.62,102.53,89.73,205.86,1,-1,-1,-1
40,453,1145.92,763.32,86.88,207.91,1,-1,-1,-1
41,454,578.38,236.86,75.45,203.19,1,-1,-1,-1
41,456,1247.98,635.20,89.49,211.99,1,-1,-1,-1
41,455,701.20,93.53,89.17,204.54,1,-1,-1,-1
41,453,1138.45,774.25,86.02,205.91,1,-1,-1,-1
42,454,572.60,243.70,75.38,202.79,1,-1,-1,-1
42,456,1251.13,628.86,89.23,210.47,1,-1,-1,-1
42,455,709.62,94.81,88.76,203.30,1,-1,-1,-1
42,453,1130.20,778.57,86.13,205.62,1,-1,-1,-1
43,454,567.10,251.64,75.68,203.46,1,-1,-1,-1
43,456,1256.06,623.46,89.75,211.11,1,-1,-1,-1
43,455,717.64,90.58,88.92,203.57,1,-1,-1,-1
43,453,1122.04,779.66,86.76,205.80,1,-1,-1,-1
44,454,563.45,257.33,76.11,204.27,1,-1,-1,-1
44,456,1262.10,614.38,89.81,210.55,1,-1,-1,-1
44,455,727.29,83.88,88.23,201.58,1,-1,-1,-1
44,453,1112.88,788.98,88.65,209.24,1,-1,-1,-1
45,454,558.62,267.53,75.49,202.22,1,-1,-1,-1
45,456,1265.77,604.18,88.93,208.41,1,-1,-1,-1
45,455,734.91,76.28,88.59,201.81,1,-1,-1,-1
45,453,1103.74,786.55,90.33,211.67,1,-1,-1,-1
46,454,554.67,283.99,75.84,201.82,1,-1,-1,-1
46,456,1270.43,598.33,89.83,210.01,1,-1,-1,-1
46,455,743.49,74.56,88.06,199.11,1,-1,-1,-1
46,453,1095.56,797.25,89.75,209.51,1,-1,-1,-1
47,454,550.38,296.75,76.72,202.46,1,-1,-1,-1
47,456,1273.63,592.57,89.53,209.03,1,-1,-1,-1
47,455,752.55,74.11,87.97,198.50,1,-1,-1,-1
47,453,1086.67,804.08,90.76,210.91,1,-1,-1,-1
48,454,547.19,302.87,77.18,202.05,1,-1,-1,-1
48,456,1278.47,584.57,89.09,207.95,1,-1,-1,-1
48,455,760.13,66.40,89.21,200.56,1,-1,-1,-1
48,453,1077.38,800.53,92.03,212.97,1,-1,-1,-1
49,454,543.03,314.74,77.92,202.82,1,-1,-1,-1
49,456,1281.57,576.04,88.80,207.14,1,-1,-1,-1
49,455,771.16,66.18,89.68,202.29,1,-1,-1,-1
49,453,1064.99,799.85,92.60,213.68,1,-1,-1,-1
50,454,539.15,318.16,79.40,205.03,1,-1,-1,-1
50,456,1283.13,563.55,88.89,207.62,1,-1,-1,-1
50,455,780.73,55.46,90.13,203.65,1,-1,-1,-1
50,453,1055.04,811.35,92.79,212.44,1,-1,-1,-1
51,454,534.47,326.99,79.90,204.98,1,-1,-1,-1
51,456,1287.27,552.90,88.79,207.28,1,-1,-1,-1
51,455,789.35,56.32,90.76,204.55,1,-1,-1,-1
51,453,1046.17,809.94,92.89,211.68,1,-1,-1,-1
52,454,531.69,340.90,81.31,206.92,1,-1,-1,-1
52,456,1289.92,543.57,88.46,206.36,1,-1,-1,-1
52,455,798.57,56.50,90.19,202.57,1,-1,-1,-1
52,453,1037.06,818.76,93.87,213.22,1,-1,-1,-1
53,454,530.07,349.51,82.44,207.98,1,-1,-1,-1
53,456,1294.41,536.48,88.37,206.23,1,-1,-1,-1
53,455,808.02,52.78,89.95,200.98,1,-1,-1,-1
53,453,1028.52,817.98,93.33,211.28,1,-1,-1,-1
54,454,528.75,352.31,83.24,208.84,1,-1,-1,-1
54,456,1296.77,528.67,88.27,206.14,1,-1,-1,-1
54,455,819.35,48.09,90.96,202.72,1,-1,-1,-1
54,453,1016.20,822.20,93.73,211.81,1,-1,-1,-1
55,454,527.51,366.14,83.45,209.16,1,-1,-1,-1
55,456,1298.41,520.66,87.38,203.69,1,-1,-1,-1
55,455,828.48,48.61,91.61,204.60,1,-1,-1,-1
55,453,1005.84,817.93,94.96,213.86,1,-1,-1,-1
56,454,524.26,376.29,84.10,210.72,1,-1,-1,-1
56,456,1299.24,512.53,87.28,203.73,1,-1,-1,-1
56,455,838.36,49.21,90.43,201.78,1,-1,-1,-1
56,453,996.25,821.48,94.94,213.32,1,-1,-1,-1
57,454,522.84,388.14,83.52,209.13,1,-1,-1,-1
57,456,1302.46,499.27,87.95,205.29,1,-1,-1,-1
57,455,847.64,42.53,90.76,202.03,1,-1,-1,-1
57,453,987.07,822.24,96.15,215.15,1,-1,-1,-1
58,454,521.55,391.77,84.20,210.08,1,-1,-1,-1
58,456,1303.83,484.09,88.39,206.17,1,-1,-1,-1
58,455,859.01,36.20,91.54,204.25,1,-1,-1,-1
58,453,978.70,828.61,95.90,214.27,1,-1,-1,-1
59,454,521.55,404.73,83.59,208.54,1,-1,-1,-1
59,456,1304.74,474.66,88.29,205.46,1,-1,-1,-1
59,455,868.61,39.84,91.64,203.87,1,-1,-1,-1
59,453,966.14,824.63,96.58,214.87,1,-1,-1,-1
60,454,521.54,416.95,82.98,207.20,1,-1,-1,-1
60,456,1305.32,464.26,87.92,203.88,1,-1,-1,-1
60,455,878.67,46.59,90.85,202.23,1,-1,-1,-1
60,453,955.34,822.59,98.33,217.40,1,-1,-1,-1
61,454,521.28,424.34,83.34,207.99,1,-1,-1,-1
61,456,1306.41,458.67,86.89,202.23,1,-1,-1,-1
61,455,887.75,48.22,90.69,201.34,1,-1,-1,-1
61,453,946.39,826.11,98.21,216.96,1,-1,-1,-1
62,454,521.02,438.03,83.03,207.96,1,-1,-1,-1
62,456,1306.36,449.38,86.70,201.90,1,-1,-1,-1
62,455,899.41,39.71,90.95,202.21,1,-1,-1,-1
62,453,937.76,834.09,97.65,215.77,1,-1,-1,-1
63,454,521.61,446.74,82.87,207.29,1,-1,-1,-1
63,456,1306.17,437.03,87.44,203.98,1,-1,-1,-1
63,455,909.29,45.37,91.11,202.66,1,-1,-1,-1
63,453,926.80,838.92,95.44,210.72,1,-1,-1,-1
64,454,522.03,455.87,82.98,207.95,1,-1,-1,-1
64,456,1305.88,431.47,87.42,203.97,1,-1,-1,-1
64,455,918.78,47.89,91.10,202.41,1,-1,-1,-1
64,453,916.67,834.74,95.60,211.26,1,-1,-1,-1
65,454,522.54,464.01,83.04,208.10,1,-1,-1,-1
65,456,1305.82,415.22,87.02,203.34,1,-1,-1,-1
65,455,927.90,39.21,91.37,202.22,1,-1,-1,-1
65,453,905.88,828.69,98.54,218.08,1,-1,-1,-1
66,454,523.85,479.40,82.90,207.89,1,-1,-1,-1
66,456,1304.96,401.79,87.76,204.90,1,-1,-1,-1
66,455,936.02,41.61,91.73,202.00,1,-1,-1,-1
66,453,895.36,837.06,94.97,210.15,1,-1,-1,-1
67,454,524.24,488.29,83.17,208.52,1,-1,-1,-1
67,456,1304.38,397.47,87.59,204.34,1,-1,-1,-1
67,455,948.04,47.06,91.36,201.49,1,-1,-1,-1
67,453,885.24,828.46,95.67,211.60,1,-1,-1,-1
68,454,526.35,500.87,83.93,209.57,1,-1,-1,-1
68,456,1303.49,381.45,87.91,204.99,1,-1,-1,-1
68,455,957.74,40.11,91.90,202.72,1,-1,-1,-1
68,453,874.75,826.99,98.06,216.95,1,-1,-1,-1
69,454,527.98,511.84,84.09,209.56,1,-1,-1,-1
69,456,1299.94,370.45,88.02,205.21,1,-1,-1,-1
69,455,967.14,48.11,91.57,201.27,1,-1,-1,-1
69,453,866.66,834.10,96.14,212.69,1,-1,-1,-1
70,454,529.63,519.99,84.35,209.44,1,-1,-1,-1
70,456,1298.19,366.50,87.95,205.21,1,-1,-1,-1
70,455,975.50,43.87,92.45,202.46,1,-1,-1,-1
70,453,858.28,836.30,95.70,211.99,1,-1,-1,-1
71,454,531.09,524.98,84.32,208.40,1,-1,-1,-1
71,456,1296.67,350.52,88.02,205.89,1,-1,-1,-1
71,455,986.39,43.20,93.32,204.23,1,-1,-1,-1
71,453,846.40,826.02,95.68,212.28,1,-1,-1,-1
72,454,533.81,539.38,85.09,208.80,1,-1,-1,-1
72,456,1295.47,342.01,88.57,207.17,1,-1,-1,-1
72,455,995.96,53.73,93.17,203.26,1,-1,-1,-1
72,453,836.24,823.89,95.93,212.93,1,-1,-1,-1
73,454,536.18,545.67,85.29,208.40,1,-1,-1,-1
73,456,1294.09,333.38,89.18,208.31,1,-1,-1,-1
73,455,1005.70,56.92,92.82,202.25,1,-1,-1,-1
73,453,826.38,816.66,96.84,214.71,1,-1,-1,-1
74,454,538.15,558.66,85.68,208.83,1,-1,-1,-1
74,456,1289.83,325.12,89.79,209.38,1,-1,-1,-1
74,455,1014.90,58.99,93.14,203.01,1,-1,-1,-1
74,453,818.24,820.16,95.91,213.06,1,-1,-1,-1
75,454,541.46,567.89,87.00,211.56,1,-1,-1,-1
75,456,1287.15,314.18,89.44,208.49,1,-1,-1,-1
75,455,1026.52,64.66,92.49,201.86,1,-1,-1,-1
75,453,806.78,811.96,94.93,210.90,1,-1,-1,-1
76,454,544.19,576.10,87.41,212.04,1,-1,-1,-1
76,456,1282.90,310.63,88.96,207.62,1,-1,-1,-1
76,455,1035.91,61.69,92.92,203.45,1,-1,-1,-1
76,453,797.48,814.58,94.20,209.08,1,-1,-1,-1
77,454,545.93,583.34,88.39,213.29,1,-1,-1,-1
77,456,1280.31,303.12,88.97,208.09,1,-1,-1,-1
77,455,1045.82,71.68,92.45,202.62,1,-1,-1,-1
77,453,788.34,813.51,94.75,210.31,1,-1,-1,-1
78,454,549.84,594.99,88.06,212.73,1,-1,-1,-1
78,456,1278.25,292.30,88.32,207.01,1,-1,-1,-1
78,455,1054.84,70.87,91.43,200.80,1,-1,-1,-1
78,453,779.38,802.94,95.23,211.14,1,-1,-1,-1
79,454,555.66,601.86,87.81,211.99,1,-1,-1,-1
79,456,1273.51,285.17,88.77,206.83,1,-1,-1,-1
79,455,1063.57,76.50,91.35,199.92,1,-1,-1,-1
79,453,770.99,800.59,95.02,210.31,1,-1,-1,-1
80,454,559.89,609.80,87.39,210.98,1,-1,-1,-1
80,456,1270.23,268.14,89.55,208.88,1,-1,-1,-1
80,455,1074.58,84.72,92.24,201.46,1,-1,-1,-1
80,453,758.90,793.57,95.39,211.09,1,-1,-1,-1
81,454,562.58,623.19,87.11,210.18,1,-1,-1,-1
81,456,1265.10,263.92,88.61,207.33,1,-1,-1,-1
81,455,1083.81,85.20,92.49,202.58,1,-1,-1,-1
81,453,750.01,796.61,93.93,208.32,1,-1,-1,-1
82,454,567.30,626.24,87.30,210.55,1,-1,-1,-1
82,456,1262.70,247.27,87.80,206.29,1,-1,-1,-1
82,455,1092.33,85.97,92.85,202.60,1,-1,-1,-1
82,453,741.48,788.60,93.65,208.19,1,-1,-1,-1
83,454,572.91,632.69,88.21,212.19,1,-1,-1,-1
83,456,1257.01,237.75,87.98,207.86,1,-1,-1,-1
83,455,1100.89,90.72,93.05,203.79,1,-1,-1,-1
83,453,733.06,784.58,93.39,207.89,1,-1,-1,-1
84,454,577.16,644.57,88.94,213.36,1,-1,-1,-1
84,456,1251.77,232.28,86.09,205.75,1,-1,-1,-1
84,455,1109.40,95.22,92.81,203.39,1,-1,-1,-1
84,453,725.08,778.20,92.92,207.30,1,-1,-1,-1
85,454,582.92,654.76,88.49,212.49,1,-1,-1,-1
85,456,1248.20,223.55,85.84,207.00,1,-1,-1,-1
85,455,1117.60,98.54,93.20,205.21,1,-1,-1,-1
85,453,717.27,776.27,93.28,208.49,1,-1,-1,-1
86,454,589.65,661.10,88.47,212.07,1,-1,-1,-1
86,456,1242.07,210.30,85.03,207.34,1,-1,-1,-1
86,455,1126.20,108.94,92.49,203.76,1,-1,-1,-1
86,453,709.08,765.57,92.83,208.18,1,-1,-1,-1
87,454,597.31,670.51,87.44,208.88,1,-1,-1,-1
87,456,1236.03,205.45,83.84,206.64,1,-1,-1,-1
87,455,1134.83,115.10,92.57,204.55,1,-1,-1,-1
87,453,701.23,760.48,92.94,208.90,1,-1,-1,-1
88,454,601.84,677.41,87.66,209.47,1,-1,-1,-1
88,456,1233.04,199.64,83.26,206.57,1,-1,-1,-1
88,455,1143.38,121.52,92.02,203.11,1,-1,-1,-1
88,453,692.88,754.12,92.71,209.21,1,-1,-1,-1
89,454,608.38,683.35,87.29,208.23,1,-1,-1,-1
89,456,1230.09,194.84,79.80,202.10,1,-1,-1,-1
89,455,1151.66,129.83,91.64,203.36,1,-1,-1,-1
89,453,684.47,755.74,93.57,211.76,1,-1,-1,-1
90,454,615.16,698.12,87.16,208.14,1,-1,-1,-1
90,455,1158.65,132.46,91.82,204.15,1,-1,-1,-1
90,453,678.45,752.18,92.34,210.61,1,-1,-1,-1
91,454,621.90,706.14,86.86,208.26,1,-1,-1,-1
91,455,1166.28,138.08,92.42,206.15,1,-1,-1,-1
91,453,675.94,739.13,92.23,212.94,1,-1,-1,-1
92,454,626.94,717.41,86.69,208.32,1,-1,-1,-1
92,455,1173.82,142.03,94.02,210.70,1,-1,-1,-1
92,453,674.61,726.12,91.70,216.64,1,-1,-1,-1
93,454,633.59,722.67,87.39,209.86,1,-1,-1,-1
93,455,1180.57,143.98,94.22,212.41,1,-1,-1,-1
94,454,640.89,728.76,87.26,209.66,1,-1,-1,-1
94,455,1189.55,156.18,91.95,206.60,1,-1,-1,-1
95,454,647.20,727.88,89.45,214.64,1,-1,-1,-1
95,455,1194.18,160.63,91.70,205.79,1,-1,-1,-1
96,454,655.48,733.45,88.93,213.62,1,-1,-1,-1
96,455,1204.06,174.54,90.70,205.59,1,-1,-1,-1
96,456,1181.78,145.19,63.81,158.65,1,-1,-1,-1
96,453,626.38,711.48,89.44,210.99,1,-1,-1,-1
97,454,665.02,740.46,87.74,212.51,1,-1,-1,-1
97,455,1210.21,179.82,89.91,205.11,1,-1,-1,-1
97,456,1168.42,131.32,72.81,182.38,1,-1,-1,-1
97,453,617.09,708.12,89.25,210.94,1,-1,-1,-1
98,454,672.83,752.80,87.47,212.85,1,-1,-1,-1
98,455,1218.21,191.45,87.96,202.33,1,-1,-1,-1
98,456,1162.16,129.70,76.97,194.51,1,-1,-1,-1
98,453,612.91,692.62,90.54,212.04,1,-1,-1,-1
99,454,681.04,757.91,86.85,212.31,1,-1,-1,-1
99,455,1225.10,200.40,87.64,202.59,1,-1,-1,-1
99,456,1155.89,125.86,79.05,201.07,1,-1,-1,-1
99,453,610.54,687.23,89.49,207.77,1,-1,-1,-1
100,454,689.11,764.16,86.71,212.18,1,-1,-1,-1
100,455,1230.89,203.56,87.77,203.74,1,-1,-1,-1
100,456,1148.31,120.49,80.47,205.92,1,-1,-1,-1
100,453,605.13,675.44,90.30,208.37,1,-1,-1,-1
101,454,697.79,764.16,85.70,210.09,1,-1,-1,-1
101,455,1235.54,209.73,87.80,204.10,1,-1,-1,-1
101,456,1140.85,108.75,79.65,203.91,1,-1,-1,-1
101,453,598.66,665.78,91.05,209.56,1,-1,-1,-1
102,454,705.55,766.96,86.21,211.04,1,-1,-1,-1
102,455,1242.24,222.54,87.44,203.41,1,-1,-1,-1
102,456,1131.86,106.11,79.89,204.39,1,-1,-1,-1
102,453,595.08,662.75,90.62,207.82,1,-1,-1,-1
103,454,714.43,779.70,85.48,209.23,1,-1,-1,-1
103,455,1247.93,230.10,88.26,205.45,1,-1,-1,-1
103,456,1124.04,98.24,79.63,203.82,1,-1,-1,-1
103,453,588.75,649.46,91.79,209.54,1,-1,-1,-1
104,454,722.93,783.71,85.17,208.26,1,-1,-1,-1
104,455,1254.97,237.69,87.16,202.38,1,-1,-1,-1
104,456,1116.37,96.64,79.07,203.21,1,-1,-1,-1
104,453,582.52,642.20,91.33,207.94,1,-1,-1,-1
105,454,734.11,787.32,84.60,206.78,1,-1,-1,-1
105,455,1258.86,242.08,87.88,203.21,1,-1,-1,-1
105,456,1107.32,91.03,79.81,204.78,1,-1,-1,-1
105,453,578.66,636.82,92.10,209.15,1,-1,-1,-1
106,454,743.22,789.52,84.33,205.79,1,-1,-1,-1
106,455,1263.98,253.74,88.63,204.56,1,-1,-1,-1
106,456,1095.52,83.82,80.32,205.14,1,-1,-1,-1
106,453,573.13,625.55,92.34,208.88,1,-1,-1,-1
107,454,752.71,794.11,84.81,206.46,1,-1,-1,-1
107,455,1266.78,259.87,89.17,205.18,1,-1,-1,-1
107,456,1085.76,79.39,81.01,205.54,1,-1,-1,-1
107,453,566.50,619.68,92.92,210.33,1,-1,-1,-1
108,454,760.71,801.87,85.02,206.25,1,-1,-1,-1
108,455,1272.10,272.73,89.42,205.24,1,-1,-1,-1
108,456,1077.34,78.81,80.88,204.51,1,-1,-1,-1
108,453,563.22,604.78,92.94,209.69,1,-1,-1,-1
109,454,769.75,808.68,85.52,206.63,1,-1,-1,-1
109,455,1274.81,280.04,89.75,204.97,1,-1,-1,-1
109,456,1068.73,66.55,81.30,205.09,1,-1,-1,-1
109,453,557.44,593.38,93.38,210.18,1,-1,-1,-1
110,454,777.93,813.88,86.03,207.57,1,-1,-1,-1
110,455,1279.30,289.09,90.39,206.90,1,-1,-1,-1
110,456,1059.92,66.35,80.53,203.49,1,-1,-1,-1
110,453,553.94,589.09,94.41,211.89,1,-1,-1,-1
111,454,787.07,819.52,85.29,205.28,1,-1,-1,-1
111,455,1281.44,300.41,91.34,207.96,1,-1,-1,-1
111,456,1051.05,60.39,80.89,204.33,1,-1,-1,-1
111,453,548.84,572.23,94.61,211.81,1,-1,-1,-1
112,454,798.15,817.50,86.51,207.64,1,-1,-1,-1
112,455,1285.16,304.70,91.93,208.37,1,-1,-1,-1
112,456,1042.39,56.97,81.03,205.07,1,-1,-1,-1
112,453,546.26,566.79,94.42,210.67,1,-1,-1,-1
113,454,808.17,819.12,85.73,205.54,1,-1,-1,-1
113,455,1288.46,321.43,92.00,207.59,1,-1,-1,-1
113,456,1030.56,49.26,81.58,206.19,1,-1,-1,-1
113,453,541.73,558.28,94.00,209.04,1,-1,-1,-1
114,454,816.80,821.77,86.96,208.38,1,-1,-1,-1
114,455,1292.90,330.35,91.90,206.75,1,-1,-1,-1
114,456,1021.05,47.74,81.52,205.69,1,-1,-1,-1
114,453,539.46,550.81,94.33,208.64,1,-1,-1,-1
115,454,825.63,828.95,87.53,208.83,1,-1,-1,-1
115,455,1294.94,335.25,93.02,209.39,1,-1,-1,-1
115,456,1012.04,51.63,81.47,205.35,1,-1,-1,-1
115,453,537.53,536.92,95.21,210.13,1,-1,-1,-1
116,454,837.48,831.73,87.63,208.59,1,-1,-1,-1
116,455,1297.67,345.84,91.79,207.17,1,-1,-1,-1
116,456,1002.33,47.81,82.23,207.14,1,-1,-1,-1
116,453,532.99,526.68,95.52,210.52,1,-1,-1,-1
117,454,847.46,827.34,87.52,208.20,1,-1,-1,-1
117,455,1300.33,359.07,92.31,208.00,1,-1,-1,-1
117,456,989.72,42.20,82.71,207.19,1,-1,-1,-1
117,453,531.07,518.98,95.50,209.72,1,-1,-1,-1
118,454,856.65,828.04,87.03,206.57,1,-1,-1,-1
118,455,1302.07,362.88,92.71,208.63,1,-1,-1,-1
118,456,979.98,41.23,81.97,205.02,1,-1,-1,-1
118,453,529.49,509.37,96.26,210.62,1,-1,-1,-1
119,454,865.25,827.06,87.76,207.64,1,-1,-1,-1
119,455,1303.24,369.91,93.18,209.33,1,-1,-1,-1
119,456,971.22,41.83,81.91,204.71,1,-1,-1,-1
119,453,525.49,502.06,95.99,209.91,1,-1,-1,-1
120,454,873.72,826.26,88.46,208.82,1,-1,-1,-1
120,455,1304.24,387.55,93.32,208.68,1,-1,-1,-1
120,456,962.56,36.86,81.04,203.16,1,-1,-1,-1
120,453,523.44,493.69,96.68,211.24,1,-1,-1,-1
121,454,885.25,834.84,89.38,210.81,1,-1,-1,-1
121,455,1304.71,392.61,93.52,208.95,1,-1,-1,-1
121,456,953.90,33.44,81.18,203.65,1,-1,-1,-1
121,453,523.10,485.55,95.67,209.15,1,-1,-1,-1
122,454,894.96,828.89,89.91,210.99,1,-1,-1,-1
122,455,1307.33,401.74,93.33,207.68,1,-1,-1,-1
122,456,943.00,35.98,79.87,200.36,1,-1,-1,-1
122,453,522.21,473.54,96.15,210.02,1,-1,-1,-1
123,454,904.39,830.90,89.69,210.56,1,-1,-1,-1
123,455,1308.55,410.26,93.38,207.24,1,-1,-1,-1
123,456,932.30,39.87,80.58,202.55,1,-1,-1,-1
123,453,521.76,467.18,96.44,210.73,1,-1,-1,-1
124,454,913.58,833.65,89.05,208.55,1,-1,-1,-1
124,455,1309.52,424.14,93.11,206.05,1,-1,-1,-1
124,456,923.47,36.65,80.19,201.84,1,-1,-1,-1
124,453,521.48,450.41,96.29,210.35,1,-1,-1,-1
125,454,925.20,836.74,90.29,210.75,1,-1,-1,-1
125,455,1309.16,430.94,94.52,208.67,1,-1,-1,-1
125,456,914.15,31.61,79.68,200.81,1,-1,-1,-1
125,453,521.16,437.57,96.83,211.70,1,-1,-1,-1
126,454,934.60,837.04,90.91,212.07,1,-1,-1,-1
126,455,1308.67,440.28,94.35,207.64,1,-1,-1,-1
126,456,902.61,39.05,79.71,200.89,1,-1,-1,-1
126,453,520.91,433.29,97.04,212.02,1,-1,-1,-1
127,454,943.62,831.68,91.48,212.64,1,-1,-1,-1
127,455,1308.28,448.78,94.77,208.28,1,-1,-1,-1
127,456,892.90,35.36,80.10,201.81,1,-1,-1,-1
127,453,520.97,417.68,96.69,211.24,1,-1,-1,-1
128,454,955.97,827.20,91.18,211.14,1,-1,-1,-1
128,455,1307.46,462.60,95.57,209.05,1,-1,-1,-1
128,456,883.51,37.05,79.49,200.29,1,-1,-1,-1
128,453,521.04,408.15,96.22,210.48,1,-1,-1,-1
129,454,965.66,824.54,91.24,210.86,1,-1,-1,-1
129,455,1306.89,472.49,95.82,209.00,1,-1,-1,-1
129,456,873.75,43.50,80.95,203.25,1,-1,-1,-1
129,453,521.60,404.57,95.62,209.34,1,-1,-1,-1
130,454,974.85,823.45,91.62,211.07,1,-1,-1,-1
130,455,1303.73,484.58,95.85,208.10,1,-1,-1,-1
130,456,862.27,37.17,80.65,202.07,1,-1,-1,-1
130,453,522.19,387.72,95.39,209.16,1,-1,-1,-1
131,454,983.90,828.66,91.41,210.40,1,-1,-1,-1
131,455,1301.99,499.97,96.06,207.58,1,-1,-1,-1
131,456,852.55,45.76,80.29,200.76,1,-1,-1,-1
131,453,523.07,381.66,94.57,207.76,1,-1,-1,-1
132,454,991.88,828.88,92.00,211.59,1,-1,-1,-1
132,455,1300.13,505.82,96.57,207.91,1,-1,-1,-1
132,456,842.47,47.49,81.30,203.01,1,-1,-1,-1
132,453,523.82,376.10,93.88,206.78,1,-1,-1,-1
133,454,1004.21,824.85,91.32,210.36,1,-1,-1,-1
133,455,1296.52,514.07,95.15,205.07,1,-1,-1,-1
133,456,832.58,46.51,82.95,206.88,1,-1,-1,-1
133,453,525.26,367.97,93.43,206.69,1,-1,-1,-1
134,454,1014.18,820.11,90.67,209.20,1,-1,-1,-1
134,455,1294.65,531.41,95.14,205.78,1,-1,-1,-1
134,456,821.28,43.75,82.48,204.75,1,-1,-1,-1
134,453,527.16,357.04,91.54,203.43,1,-1,-1,-1
135,454,1023.04,822.48,91.42,210.65,1,-1,-1,-1
135,455,1293.68,540.18,94.90,205.59,1,-1,-1,-1
135,456,811.76,42.36,82.12,203.77,1,-1,-1,-1
135,453,527.60,345.42,91.52,204.00,1,-1,-1,-1
136,454,1031.82,821.34,91.32,210.72,1,-1,-1,-1
136,455,1291.12,550.41,96.44,208.91,1,-1,-1,-1
136,456,802.42,52.84,81.72,203.69,1,-1,-1,-1
136,453,531.25,331.21,91.32,204.67,1,-1,-1,-1
137,454,1040.58,817.96,90.56,208.93,1,-1,-1,-1
137,455,1287.71,562.17,95.80,207.59,1,-1,-1,-1
137,456,793.37,57.89,81.55,203.68,1,-1,-1,-1
137,453,533.70,321.66,91.74,206.50,1,-1,-1,-1
138,454,1052.66,816.33,90.24,208.12,1,-1,-1,-1
138,455,1284.71,564.16,96.10,208.69,1,-1,-1,-1
138,456,785.42,51.16,80.38,200.13,1,-1,-1,-1
138,453,538.33,316.97,91.78,206.76,1,-1,-1,-1
139,454,1062.12,810.25,90.04,208.03,1,-1,-1,-1
139,455,1282.53,570.84,95.97,208.74,1,-1,-1,-1
139,456,773.95,58.08,80.28,200.27,1,-1,-1,-1
139,453,541.12,305.94,91.51,206.59,1,-1,-1,-1
140,454,1071.00,802.51,90.02,208.62,1,-1,-1,-1
140,455,1277.97,583.33,95.90,209.15,1,-1,-1,-1
140,456,764.12,64.49,81.37,202.65,1,-1,-1,-1
140,453,543.59,301.56,90.74,205.10,1,-1,-1,-1
141,454,1079.38,794.17,90.36,210.14,1,-1,-1,-1
141,455,1274.77,592.18,96.51,210.37,1,-1,-1,-1
141,456,755.82,67.76,80.36,200.35,1,-1,-1,-1
141,453,547.64,291.69,90.26,204.55,1,-1,-1,-1
142,454,1088.37,797.22,89.86,209.62,1,-1,-1,-1
142,455,1270.97,601.04,95.71,208.39,1,-1,-1,-1
142,456,746.97,67.35,80.72,201.88,1,-1,-1,-1
142,453,550.42,276.87,89.94,204.54,1,-1,-1,-1
143,454,1096.98,796.84,89.38,210.03,1,-1,-1,-1
143,455,1267.08,614.79,95.54,208.30,1,-1,-1,-1
143,456,737.25,75.60,82.36,205.46,1,-1,-1,-1
143,453,552.99,261.59,88.90,203.17,1,-1,-1,-1
144,454,1105.90,787.73,88.22,208.41,1,-1,-1,-1
144,455,1262.24,618.43,95.19,207.48,1,-1,-1,-1
144,456,728.92,82.77,81.54,203.98,1,-1,-1,-1
144,453,558.06,257.15,88.46,203.25,1,-1,-1,-1
145,454,1117.98,781.27,86.34,204.32,1,-1,-1,-1
145,455,1258.44,630.58,95.79,208.23,1,-1,-1,-1
145,456,720.52,87.94,81.90,205.15,1,-1,-1,-1
145,453,564.35,243.49,87.51,203.30,1,-1,-1,-1
146,454,1124.09,777.37,86.85,205.99,1,-1,-1,-1
146,455,1253.08,644.83,95.38,206.99,1,-1,-1,-1
146,456,710.30,96.35,80.56,202.11,1,-1,-1,-1
146,453,568.69,238.48,86.66,202.94,1,-1,-1,-1
147,454,1134.82,775.33,86.33,206.30,1,-1,-1,-1
147,455,1247.21,654.50,95.41,207.80,1,-1,-1,-1
147,456,704.07,98.13,80.74,202.90,1,-1,-1,-1
147,453,575.12,233.08,85.84,201.80,1,-1,-1,-1
148,454,1143.14,762.87,86.55,208.84,1,-1,-1,-1
148,455,1242.41,653.80,96.07,208.91,1,-1,-1,-1
148,456,694.45,95.60,79.76,201.35,1,-1,-1,-1
148,453,578.83,229.43,86.12,203.17,1,-1,-1,-1
149,454,1152.35,760.51,85.59,207.47,1,-1,-1,-1
149,455,1236.36,663.97,96.80,210.79,1,-1,-1,-1
149,456,688.06,99.59,80.75,203.78,1,-1,-1,-1
149,453,585.26,213.57,85.11,202.44,1,-1,-1,-1
150,454,1160.04,757.08,85.81,209.26,1,-1,-1,-1
150,455,1230.01,674.31,97.14,212.71,1,-1,-1,-1
150,456,677.47,106.01,81.46,204.91,1,-1,-1,-1
150,453,591.87,206.72,85.34,204.47,1,-1,-1,-1
151,454,1168.34,752.29,85.96,209.80,1,-1,-1,-1
151,455,1226.72,680.97,96.18,211.45,1,-1,-1,-1
151,456,671.26,111.77,82.28,206.49,1,-1,-1,-1
151,453,598.27,201.25,84.76,205.09,1,-1,-1,-1
152,454,1175.81,749.72,86.09,209.98,1,-1,-1,-1
152,455,1221.82,685.86,95.56,211.31,1,-1,-1,-1
152,456,661.92,120.01,80.95,203.44,1,-1,-1,-1
152,453,602.81,194.72,83.24,204.29,1,-1,-1,-1
153,454,1184.18,734.84,85.00,207.82,1,-1,-1,-1
153,455,1213.66,694.62,97.77,218.45,1,-1,-1,-1
153,456,652.79,121.35,81.02,204.57,1,-1,-1,-1
153,453,604.68,184.82,81.77,205.00,1,-1,-1,-1
154,454,1191.88,725.79,86.67,210.92,1,-1,-1,-1
154,455,1207.32,694.57,95.00,210.95,1,-1,-1,-1
154,456,643.46,132.90,81.08,205.05,1,-1,-1,-1
155,454,1200.97,720.11,86.84,209.15,1,-1,-1,-1
155,456,634.93,136.71,81.48,206.51,1,-1,-1,-1
156,454,1204.93,718.17,85.82,206.84,1,-1,-1,-1
156,456,627.36,146.43,80.57,203.81,1,-1,-1,-1
157,454,1210.97,715.14,87.34,211.17,1,-1,-1,-1
157,456,624.26,155.48,79.00,200.80,1,-1,-1,-1
158,454,1217.44,700.07,87.44,211.76,1,-1,-1,-1
158,456,617.22,156.92,79.78,203.95,1,-1,-1,-1
158,458,1173.61,719.40,74.32,202.82,1,-1,-1,-1
159,454,1226.12,689.20,86.28,209.45,1,-1,-1,-1
159,456,610.30,168.49,79.51,204.86,1,-1,-1,-1
159,458,1168.35,737.31,75.85,206.84,1,-1,-1,-1
160,454,1232.90,679.03,86.43,209.44,1,-1,-1,-1
160,456,603.71,180.33,79.57,206.00,1,-1,-1,-1
160,458,1164.99,748.99,76.93,208.85,1,-1,-1,-1
161,454,1240.28,679.81,85.00,205.85,1,-1,-1,-1
161,456,597.09,182.21,78.57,204.86,1,-1,-1,-1
161,458,1159.53,758.46,77.60,208.81,1,-1,-1,-1
161,459,685.86,138.33,63.20,200.69,1,-1,-1,-1
162,454,1247.88,673.65,84.55,204.72,1,-1,-1,-1
162,456,589.84,192.69,78.29,203.93,1,-1,-1,-1
162,458,1154.88,763.39,78.96,209.85,1,-1,-1,-1
162,459,685.58,129.52,64.91,204.99,1,-1,-1,-1
163,454,1251.69,658.17,86.09,207.69,1,-1,-1,-1
163,456,582.20,201.86,78.34,204.57,1,-1,-1,-1
163,458,1145.38,765.11,78.63,206.37,1,-1,-1,-1
163,459,694.79,119.10,64.68,202.28,1,-1,-1,-1
164,454,1257.31,653.33,86.32,207.90,1,-1,-1,-1
164,456,577.86,210.00,78.09,205.39,1,-1,-1,-1
164,458,1135.83,774.12,79.74,206.20,1,-1,-1,-1
164,459,703.80,114.70,64.27,198.74,1,-1,-1,-1
165,454,1260.97,651.52,86.35,207.88,1,-1,-1,-1
165,456,571.88,217.86,78.23,206.09,1,-1,-1,-1
165,458,1126.83,778.57,80.76,206.08,1,-1,-1,-1
165,459,709.05,114.96,65.10,198.37,1,-1,-1,-1
166,454,1265.83,639.97,87.46,209.89,1,-1,-1,-1
166,456,565.06,226.27,78.55,206.43,1,-1,-1,-1
166,458,1120.69,783.19,82.46,207.32,1,-1,-1,-1
166,459,715.66,102.90,66.18,198.63,1,-1,-1,-1
167,454,1268.35,630.33,87.84,209.71,1,-1,-1,-1
167,456,561.53,232.86,79.09,207.46,1,-1,-1,-1
167,458,1110.43,783.19,82.82,205.53,1,-1,-1,-1
167,459,724.04,99.18,66.53,196.96,1,-1,-1,-1
168,454,1273.70,616.89,87.77,208.76,1,-1,-1,-1
168,456,556.64,241.17,78.84,205.56,1,-1,-1,-1
168,458,1100.80,785.01,84.21,206.06,1,-1,-1,-1
168,459,731.96,92.46,67.17,196.24,1,-1,-1,-1
169,454,1279.63,604.60,87.73,208.00,1,-1,-1,-1
169,456,553.17,250.11,79.44,206.19,1,-1,-1,-1
169,458,1091.25,795.71,85.49,206.53,1,-1,-1,-1
169,459,742.11,90.51,67.86,195.65,1,-1,-1,-1
170,454,1283.75,604.41,87.45,207.04,1,-1,-1,-1
170,456,548.73,259.49,78.87,204.13,1,-1,-1,-1
170,458,1081.84,794.93,86.55,206.01,1,-1,-1,-1
170,459,750.60,84.84,69.15,196.74,1,-1,-1,-1
171,454,1287.93,588.97,87.57,207.79,1,-1,-1,-1
171,456,544.90,270.13,80.69,206.85,1,-1,-1,-1
171,458,1072.38,805.17,87.52,205.77,1,-1,-1,-1
171,459,759.44,78.32,70.47,197.68,1,-1,-1,-1
172,454,1290.84,586.45,87.69,208.23,1,-1,-1,-1
172,456,539.20,275.59,81.18,206.73,1,-1,-1,-1
172,458,1062.97,810.71,88.46,205.35,1,-1,-1,-1
172,459,767.30,76.29,71.99,199.00,1,-1,-1,-1
173,454,1295.35,574.78,88.95,211.20,1,-1,-1,-1
173,456,535.64,290.78,82.73,208.57,1,-1,-1,-1
173,458,1054.28,812.74,89.60,205.79,1,-1,-1,-1
173,459,775.63,74.65,73.42,199.79,1,-1,-1,-1
174,454,1298.34,566.94,88.15,209.76,1,-1,-1,-1
174,456,530.86,297.83,82.94,207.96,1,-1,-1,-1
174,458,1042.24,811.64,90.27,205.98,1,-1,-1,-1
174,459,783.43,68.12,75.18,201.92,1,-1,-1,-1
175,454,1302.64,561.02,87.14,207.83,1,-1,-1,-1
175,456,528.09,304.71,83.99,209.68,1,-1,-1,-1
175,458,1031.90,812.04,91.45,206.51,1,-1,-1,-1
175,459,792.53,63.39,74.59,198.68,1,-1,-1,-1
176,454,1305.02,545.60,87.52,208.45,1,-1,-1,-1
176,456,526.20,317.98,84.46,210.19,1,-1,-1,-1
176,458,1022.16,816.22,93.35,209.48,1,-1,-1,-1
176,459,803.44,58.87,75.59,199.16,1,-1,-1,-1
177,454,1307.28,531.78,87.20,207.81,1,-1,-1,-1
177,456,521.54,325.97,85.29,211.05,1,-1,-1,-1
177,458,1012.99,818.77,93.59,208.75,1,-1,-1,-1
177,459,812.44,59.69,76.10,199.26,1,-1,-1,-1
178,454,1310.49,524.70,87.85,209.35,1,-1,-1,-1
178,456,519.02,336.84,85.17,210.04,1,-1,-1,-1
178,458,1004.14,819.40,93.74,207.62,1,-1,-1,-1
178,459,822.23,53.99,76.53,199.38,1,-1,-1,-1
179,454,1312.37,512.34,88.10,210.09,1,-1,-1,-1
179,456,514.97,341.40,84.65,208.23,1,-1,-1,-1
179,458,991.45,827.42,95.11,210.08,1,-1,-1,-1
179,459,830.48,50.76,77.89,201.23,1,-1,-1,-1
180,454,1314.12,499.53,87.28,208.68,1,-1,-1,-1
180,456,513.38,350.99,84.73,207.77,1,-1,-1,-1
180,458,981.90,830.76,95.20,209.58,1,-1,-1,-1
180,459,842.20,46.27,77.42,198.58,1,-1,-1,-1
181,454,1315.13,499.08,87.36,208.86,1,-1,-1,-1
181,456,511.96,360.38,85.08,208.07,1,-1,-1,-1
181,458,972.24,833.76,95.43,209.38,1,-1,-1,-1
181,459,852.52,43.70,77.48,198.01,1,-1,-1,-1
182,454,1316.84,486.07,85.84,205.78,1,-1,-1,-1
182,456,511.11,369.67,85.26,207.85,1,-1,-1,-1
182,458,963.08,837.51,95.47,208.86,1,-1,-1,-1
182,459,861.37,43.00,77.99,197.89,1,-1,-1,-1
183,454,1319.27,478.57,85.79,205.77,1,-1,-1,-1
183,456,510.55,378.55,85.10,207.30,1,-1,-1,-1
183,458,954.74,836.71,95.17,207.25,1,-1,-1,-1
183,459,870.17,38.11,79.08,199.11,1,-1,-1,-1
184,454,1320.39,466.34,85.67,205.70,1,-1,-1,-1
184,456,510.44,390.96,85.27,207.59,1,-1,-1,-1
184,458,942.59,835.21,95.67,207.93,1,-1,-1,-1
184,459,877.98,33.98,80.50,201.23,1,-1,-1,-1
185,454,1321.38,462.18,85.74,206.14,1,-1,-1,-1
185,456,507.61,407.70,84.27,204.97,1,-1,-1,-1
185,458,932.33,833.47,96.07,208.01,1,-1,-1,-1
185,459,889.56,40.82,80.15,200.25,1,-1,-1,-1
186,454,1321.19,454.81,85.68,206.29,1,-1,-1,-1
186,456,506.52,418.02,84.08,204.24,1,-1,-1,-1
186,458,922.74,835.08,96.38,207.52,1,-1,-1,-1
186,459,900.14,36.60,80.86,200.41,1,-1,-1,-1
187,454,1322.00,436.90,85.31,205.30,1,-1,-1,-1
187,456,505.88,429.95,84.67,204.93,1,-1,-1,-1
187,458,910.98,830.15,96.31,207.34,1,-1,-1,-1
187,459,909.04,33.99,81.24,200.12,1,-1,-1,-1
188,454,1321.65,425.14,85.33,205.11,1,-1,-1,-1
188,456,505.50,432.02,84.75,204.96,1,-1,-1,-1
188,458,900.89,838.13,96.59,207.08,1,-1,-1,-1
188,459,920.39,39.16,81.30,199.46,1,-1,-1,-1
189,454,1321.50,420.68,85.03,204.48,1,-1,-1,-1
189,456,506.25,447.66,84.42,203.98,1,-1,-1,-1
189,458,891.06,839.45,97.43,208.44,1,-1,-1,-1
189,459,930.77,42.43,81.35,198.46,1,-1,-1,-1
190,454,1321.27,406.84,84.32,203.04,1,-1,-1,-1
190,456,506.68,457.84,84.04,202.79,1,-1,-1,-1
190,458,881.99,832.01,96.67,206.56,1,-1,-1,-1
190,459,939.12,32.34,82.76,200.95,1,-1,-1,-1
191,454,1320.43,402.00,84.61,203.35,1,-1,-1,-1
191,456,508.99,469.01,85.82,206.17,1,-1,-1,-1
191,458,872.83,837.50,97.53,207.60,1,-1,-1,-1
191,459,950.98,32.95,83.58,202.00,1,-1,-1,-1
192,454,1317.95,387.80,84.89,203.69,1,-1,-1,-1
192,456,510.36,473.70,86.14,206.29,1,-1,-1,-1
192,458,860.37,829.09,98.94,210.00,1,-1,-1,-1
192,459,960.81,38.37,83.64,201.07,1,-1,-1,-1
193,454,1316.01,375.90,85.55,204.68,1,-1,-1,-1
193,456,511.24,481.82,86.20,205.79,1,-1,-1,-1
193,458,850.50,826.61,99.04,210.24,1,-1,-1,-1
193,459,969.88,41.22,83.21,199.71,1,-1,-1,-1
194,454,1314.46,368.34,86.13,205.86,1,-1,-1,-1
194,456,512.08,494.47,86.50,205.89,1,-1,-1,-1
194,458,840.90,824.34,98.76,208.89,1,-1,-1,-1
194,459,979.49,37.13,84.12,200.98,1,-1,-1,-1
195,454,1312.71,360.27,86.48,206.71,1,-1,-1,-1
195,456,513.18,505.41,86.36,205.38,1,-1,-1,-1
195,458,829.41,827.16,98.78,209.38,1,-1,-1,-1
195,459,987.89,40.14,84.38,200.70,1,-1,-1,-1
196,454,1311.42,347.53,86.55,206.57,1,-1,-1,-1
196,456,514.08,519.38,86.06,204.41,1,-1,-1,-1
196,458,820.21,823.00,98.93,209.27,1,-1,-1,-1
196,459,995.93,47.55,84.92,201.19,1,-1,-1,-1
197,454,1307.69,335.70,87.09,207.44,1,-1,-1,-1
197,456,517.47,529.63,86.81,206.51,1,-1,-1,-1
197,458,810.46,819.23,99.08,209.62,1,-1,-1,-1
197,459,1007.44,44.70,84.48,199.97,1,-1,-1,-1
198,454,1304.59,323.43,86.64,206.43,1,-1,-1,-1
198,456,519.44,536.33,87.35,207.30,1,-1,-1,-1
198,458,801.06,825.10,99.49,210.95,1,-1,-1,-1
198,459,1016.88,48.63,85.07,201.56,1,-1,-1,-1
199,454,1300.38,319.83,86.91,206.56,1,-1,-1,-1
199,456,521.30,540.45,87.33,207.19,1,-1,-1,-1
199,458,792.72,817.52,99.00,209.96,1,-1,-1,-1
199,459,1026.54,46.50,85.07,201.21,1,-1,-1,-1
200,454,1298.10,313.46,87.05,206.89,1,-1,-1,-1
200,456,525.23,556.33,87.97,208.39,1,-1,-1,-1
200,458,782.27,811.05,97.67,207.80,1,-1,-1,-1
200,459,1035.29,50.37,85.43,201.70,1,-1,-1,-1
201,454,1295.83,304.08,86.98,207.17,1,-1,-1,-1
201,456,527.79,566.59,88.35,208.67,1,-1,-1,-1
201,458,772.15,809.49,97.95,208.01,1,-1,-1,-1
201,459,1044.24,57.72,84.63,199.94,1,-1,-1,-1
202,454,1291.27,289.64,87.01,207.27,1,-1,-1,-1
202,456,529.07,577.24,88.70,209.46,1,-1,-1,-1
202,458,762.84,811.02,98.86,210.24,1,-1,-1,-1
202,459,1055.50,58.18,85.10,200.83,1,-1,-1,-1
203,454,1288.11,281.42,85.64,205.01,1,-1,-1,-1
203,456,533.60,588.83,88.62,208.45,1,-1,-1,-1
203,458,754.65,808.82,98.35,209.49,1,-1,-1,-1
203,459,1065.42,69.55,84.64,200.06,1,-1,-1,-1
204,454,1284.13,271.75,85.39,205.32,1,-1,-1,-1
204,456,536.12,590.63,88.74,208.51,1,-1,-1,-1
204,458,745.63,803.05,97.55,207.27,1,-1,-1,-1
204,459,1074.99,74.85,84.44,199.71,1,-1,-1,-1
205,454,1281.14,261.88,83.59,202.32,1,-1,-1,-1
205,456,540.95,594.65,89.69,210.48,1,-1,-1,-1
205,458,736.78,799.66,97.82,208.06,1,-1,-1,-1
205,459,1083.27,71.23,85.21,201.60,1,-1,-1,-1
206,454,1276.67,255.72,83.51,203.20,1,-1,-1,-1
206,456,547.30,610.79,89.85,210.77,1,-1,-1,-1
206,458,728.45,793.23,97.86,208.37,1,-1,-1,-1
206,459,1092.67,74.73,83.67,198.44,1,-1,-1,-1
207,454,1270.60,249.84,83.56,204.39,1,-1,-1,-1
207,456,550.63,616.37,89.82,210.35,1,-1,-1,-1
207,458,720.28,786.47,97.67,209.01,1,-1,-1,-1
207,459,1100.43,81.34,84.35,200.35,1,-1,-1,-1
208,454,1267.12,236.46,83.11,204.67,1,-1,-1,-1
208,456,555.84,624.70,90.37,211.77,1,-1,-1,-1
208,458,709.97,787.62,97.26,208.29,1,-1,-1,-1
208,459,1111.98,84.43,82.31,196.81,1,-1,-1,-1
209,454,1262.26,225.57,82.51,204.59,1,-1,-1,-1
209,456,559.87,632.46,89.98,210.69,1,-1,-1,-1
209,458,701.76,781.68,95.69,206.00,1,-1,-1,-1
209,459,1121.48,96.00,82.11,196.85,1,-1,-1,-1
210,454,1258.44,223.02,81.33,203.25,1,-1,-1,-1
210,456,564.51,642.56,91.12,212.29,1,-1,-1,-1
210,458,693.04,776.03,95.94,207.36,1,-1,-1,-1
210,459,1129.28,100.67,82.81,198.81,1,-1,-1,-1
211,454,1253.22,215.65,80.84,204.25,1,-1,-1,-1
211,456,567.77,654.62,90.96,212.37,1,-1,-1,-1
211,458,685.18,769.85,95.59,207.56,1,-1,-1,-1
211,459,1138.63,111.69,82.41,198.81,1,-1,-1,-1
212,454,1247.32,202.88,79.66,203.66,1,-1,-1,-1
212,456,574.22,664.63,90.05,210.76,1,-1,-1,-1
212,458,676.16,765.80,95.81,208.59,1,-1,-1,-1
212,459,1146.88,116.20,81.21,197.34,1,-1,-1,-1
213,454,1242.86,194.39,78.41,202.04,1,-1,-1,-1
213,456,580.46,666.52,90.64,212.79,1,-1,-1,-1
213,458,667.33,759.91,96.10,209.07,1,-1,-1,-1
213,459,1155.64,117.99,82.24,199.71,1,-1,-1,-1
214,454,1237.37,190.29,77.58,201.47,1,-1,-1,-1
214,456,587.80,672.70,89.91,212.27,1,-1,-1,-1
214,458,659.80,747.96,95.77,209.01,1,-1,-1,-1
214,459,1163.32,117.05,82.63,200.13,1,-1,-1,-1
215,454,1229.99,183.81,77.07,201.73,1,-1,-1,-1
215,456,592.05,681.54,88.14,210.36,1,-1,-1,-1
215,458,652.27,740.33,96.29,211.51,1,-1,-1,-1
215,459,1170.86,124.77,82.49,198.75,1,-1,-1,-1
216,454,1223.95,169.00,76.08,199.90,1,-1,-1,-1
216,456,599.59,688.78,86.05,207.50,1,-1,-1,-1
216,458,644.63,734.97,96.00,212.10,1,-1,-1,-1
216,459,1173.89,128.79,83.07,201.08,1,-1,-1,-1
217,454,1217.20,162.52,75.69,199.48,1,-1,-1,-1
217,456,604.41,701.15,82.29,200.62,1,-1,-1,-1
217,458,635.36,725.02,96.95,213.66,1,-1,-1,-1
218,454,1209.07,156.00,75.33,199.46,1,-1,-1,-1
218,458,628.38,725.59,96.17,211.15,1,-1,-1,-1
219,454,1202.23,148.33,74.77,198.76,1,-1,-1,-1
219,458,620.95,717.78,96.46,211.87,1,-1,-1,-1
220,454,1194.49,144.84,74.78,198.60,1,-1,-1,-1
220,458,614.29,706.94,99.80,219.46,1,-1,-1,-1
221,454,1188.34,140.17,74.56,198.75,1,-1,-1,-1
221,458,605.93,694.97,104.10,229.95,1,-1,-1,-1
222,454,1181.13,136.24,74.76,198.58,1,-1,-1,-1
222,458,599.65,689.95,101.81,224.36,1,-1,-1,-1
223,454,1172.99,123.91,75.28,200.44,1,-1,-1,-1
223,458,594.47,686.87,98.12,216.25,1,-1,-1,-1
223,460,1240.03,169.60,69.34,202.87,1,-1,-1,-1
224,454,1165.45,117.29,74.92,200.57,1,-1,-1,-1
224,458,588.62,680.62,95.85,211.14,1,-1,-1,-1
224,460,1241.60,178.41,68.76,200.50,1,-1,-1,-1
224,456,665.51,745.51,82.73,205.89,1,-1,-1,-1
225,454,1157.77,113.84,74.45,199.86,1,-1,-1,-1
225,458,582.56,678.10,93.95,206.69,1,-1,-1,-1
225,460,1245.82,184.76,70.83,205.83,1,-1,-1,-1
225,456,672.84,758.07,83.48,208.51,1,-1,-1,-1
226,454,1147.19,108.80,74.72,200.49,1,-1,-1,-1
226,458,575.93,674.09,92.54,203.95,1,-1,-1,-1
226,460,1252.57,190.33,71.94,207.94,1,-1,-1,-1
226,456,677.37,761.44,82.80,207.81,1,-1,-1,-1
227,454,1138.62,106.31,73.75,198.18,1,-1,-1,-1
227,458,570.68,660.69,94.22,207.52,1,-1,-1,-1
227,460,1257.87,201.30,71.03,203.82,1,-1,-1,-1
227,456,687.85,767.09,83.03,208.92,1,-1,-1,-1
228,454,1129.97,96.66,73.69,198.89,1,-1,-1,-1
228,458,566.23,654.40,93.65,205.95,1,-1,-1,-1
228,460,1263.10,213.88,72.06,204.87,1,-1,-1,-1
228,456,696.65,771.33,82.28,208.04,1,-1,-1,-1
229,454,1121.77,96.79,73.92,199.15,1,-1,-1,-1
229,458,559.41,644.91,93.34,205.39,1,-1,-1,-1
229,460,1268.86,223.28,73.17,206.24,1,-1,-1,-1
229,456,705.52,772.39,82.23,208.82,1,-1,-1,-1
230,454,1113.13,96.63,73.39,197.76,1,-1,-1,-1
230,458,554.78,634.92,94.03,207.45,1,-1,-1,-1
230,460,1272.55,233.29,73.92,206.57,1,-1,-1,-1
230,456,713.33,780.02,83.03,211.25,1,-1,-1,-1
231,454,1104.37,82.67,73.31,198.16,1,-1,-1,-1
231,458,549.84,621.47,93.89,206.24,1,-1,-1,-1
231,460,1276.89,234.64,75.47,209.71,1,-1,-1,-1
231,456,722.34,785.57,82.03,208.85,1,-1,-1,-1
232,454,1095.67,77.92,72.48,196.80,1,-1,-1,-1
232,458,546.21,610.55,94.28,206.71,1,-1,-1,-1
232,460,1280.29,241.72,75.71,208.04,1,-1,-1,-1
232,456,730.61,791.33,82.33,208.99,1,-1,-1,-1
233,454,1087.33,76.45,72.29,196.32,1,-1,-1,-1
233,458,541.10,604.96,94.66,208.00,1,-1,-1,-1
233,460,1285.32,258.27,76.54,207.60,1,-1,-1,-1
233,456,738.94,793.20,82.91,209.91,1,-1,-1,-1
234,454,1075.91,70.80,73.08,198.53,1,-1,-1,-1
234,458,537.58,596.72,95.85,209.93,1,-1,-1,-1
234,460,1290.77,270.15,77.36,207.03,1,-1,-1,-1
234,456,747.07,800.76,82.98,209.54,1,-1,-1,-1
235,454,1066.23,67.38,73.09,198.46,1,-1,-1,-1
235,458,536.12,584.41,95.40,208.61,1,-1,-1,-1
235,460,1294.04,274.36,78.27,206.53,1,-1,-1,-1
235,456,759.03,802.71,83.21,209.48,1,-1,-1,-1
236,454,1057.50,67.20,73.63,199.07,1,-1,-1,-1
236,458,531.47,579.15,95.81,209.22,1,-1,-1,-1
236,460,1295.66,286.36,79.15,206.23,1,-1,-1,-1
236,456,768.16,808.69,83.94,210.30,1,-1,-1,-1
237,454,1047.82,56.84,73.89,199.49,1,-1,-1,-1
237,458,525.72,564.39,96.23,210.12,1,-1,-1,-1
237,460,1300.26,296.24,80.27,206.46,1,-1,-1,-1
237,456,777.05,815.41,83.96,210.00,1,-1,-1,-1
238,454,1037.94,60.61,74.27,200.25,1,-1,-1,-1
238,458,523.27,556.85,95.99,209.78,1,-1,-1,-1
238,460,1302.56,300.39,80.69,205.37,1,-1,-1,-1
238,456,786.12,813.48,83.41,207.95,1,-1,-1,-1
239,454,1028.98,59.39,73.92,199.60,1,-1,-1,-1
239,458,521.29,549.50,96.30,210.17,1,-1,-1,-1
239,460,1305.85,309.55,82.41,207.72,1,-1,-1,-1
239,456,794.68,816.99,83.83,208.49,1,-1,-1,-1
240,454,1017.57,57.24,74.44,200.67,1,-1,-1,-1
240,458,520.21,531.90,95.96,209.67,1,-1,-1,-1
240,460,1308.44,324.12,83.27,208.12,1,-1,-1,-1
240,456,802.99,817.30,84.25,208.24,1,-1,-1,-1
241,454,1007.51,47.26,73.87,199.04,1,-1,-1,-1
241,458,517.22,525.00,95.21,208.28,1,-1,-1,-1
241,460,1312.44,333.88,84.58,209.03,1,-1,-1,-1
241,456,814.53,822.07,85.29,209.86,1,-1,-1,-1
242,454,998.40,48.94,73.49,198.37,1,-1,-1,-1
242,458,515.22,519.87,95.16,208.36,1,-1,-1,-1
242,460,1314.71,345.22,84.81,207.61,1,-1,-1,-1
242,456,823.98,820.42,85.70,210.14,1,-1,-1,-1
243,454,989.54,50.87,72.97,196.34,1,-1,-1,-1
243,458,513.64,511.67,94.78,207.93,1,-1,-1,-1
243,460,1315.95,352.45,85.02,206.48,1,-1,-1,-1
243,456,833.10,827.51,86.14,210.41,1,-1,-1,-1
244,454,977.15,39.54,74.49,199.89,1,-1,-1,-1
244,458,510.56,498.63,94.60,207.69,1,-1,-1,-1
244,460,1319.58,357.40,85.12,204.96,1,-1,-1,-1
244,456,842.09,832.36,85.56,209.04,1,-1,-1,-1
245,454,967.92,41.66,74.25,199.09,1,-1,-1,-1
245,458,509.52,484.01,93.98,207.44,1,-1,-1,-1
245,460,1320.91,366.97,86.94,207.50,1,-1,-1,-1
245,456,854.22,827.08,85.86,209.09,1,-1,-1,-1
246,454,958.72,38.02,74.30,198.69,1,-1,-1,-1
246,458,508.57,471.84,93.78,207.55,1,-1,-1,-1
246,460,1321.20,380.39,87.78,207.41,1,-1,-1,-1
246,456,863.90,830.22,86.24,209.37,1,-1,-1,-1
247,454,946.26,36.30,75.17,200.49,1,-1,-1,-1
247,458,507.89,461.41,94.47,209.35,1,-1,-1,-1
247,460,1321.74,395.29,88.51,207.70,1,-1,-1,-1
247,456,872.69,833.51,86.36,209.37,1,-1,-1,-1
248,454,936.24,41.29,74.97,200.20,1,-1,-1,-1
248,458,507.47,454.81,94.17,209.09,1,-1,-1,-1
248,460,1321.77,405.93,89.05,207.33,1,-1,-1,-1
248,456,881.61,838.29,86.86,209.55,1,-1,-1,-1
249,454,927.52,46.59,74.96,200.10,1,-1,-1,-1
249,458,507.74,452.38,92.64,206.29,1,-1,-1,-1
249,460,1324.31,414.55,90.78,209.47,1,-1,-1,-1
249,456,893.62,833.30,87.02,209.42,1,-1,-1,-1
250,454,918.04,39.94,74.43,198.76,1,-1,-1,-1
250,458,507.10,440.56,93.18,207.47,1,-1,-1,-1
250,460,1322.32,428.80,90.91,208.30,1,-1,-1,-1
250,456,902.74,835.65,88.20,211.67,1,-1,-1,-1
