1,796,597.11,200.77,80.27,209.34,1,-1,-1,-1
1,797,1323.18,432.66,94.48,208.01,1,-1,-1,-1
1,798,1034.14,811.55,83.31,214.54,1,-1,-1,-1
2,796,596.68,208.25,78.42,204.28,1,-1,-1,-1
2,797,1318.94,438.82,94.23,207.22,1,-1,-1,-1
2,798,1034.23,812.54,83.29,214.52,1,-1,-1,-1
3,796,590.33,214.83,78.94,205.27,1,-1,-1,-1
3,797,1321.94,452.49,94.67,208.08,1,-1,-1,-1
3,798,1021.66,814.36,82.96,214.28,1,-1,-1,-1
4,796,582.80,227.70,79.93,208.16,1,-1,-1,-1
4,797,1318.81,462.41,94.41,207.66,1,-1,-1,-1
4,798,1007.38,816.14,81.79,212.08,1,-1,-1,-1
4,799,599.33,183.96,101.90,157.74,1,-1,-1,-1
4,800,1060.47,796.91,89.58,220.37,1,-1,-1,-1
5,796,578.42,233.86,78.97,206.30,1,-1,-1,-1
5,797,1317.20,471.23,94.26,207.56,1,-1,-1,-1
5,798,997.94,821.97,79.74,207.76,1,-1,-1,-1
5,799,594.22,173.09,123.75,192.78,1,-1,-1,-1
5,800,1068.11,795.24,89.40,219.32,1,-1,-1,-1
6,796,573.16,243.97,77.86,203.77,1,-1,-1,-1
6,797,1316.10,484.31,94.87,208.63,1,-1,-1,-1
6,798,987.97,827.41,80.47,210.12,1,-1,-1,-1
6,799,597.85,167.53,131.87,207.73,1,-1,-1,-1
6,800,1076.25,787.82,90.47,221.26,1,-1,-1,-1
7,796,567.32,251.97,77.97,203.08,1,-1,-1,-1
7,797,1315.18,493.22,95.78,210.51,1,-1,-1,-1
7,798,979.28,828.88,80.90,212.81,1,-1,-1,-1
7,799,603.36,160.72,132.18,210.73,1,-1,-1,-1
7,800,1085.88,782.31,89.50,218.47,1,-1,-1,-1
8,796,562.83,263.00,77.94,203.66,1,-1,-1,-1
8,797,1314.40,501.54,95.61,210.43,1,-1,-1,-1
8,798,970.31,824.76,81.28,213.90,1,-1,-1,-1
8,799,608.95,150.56,130.21,209.93,1,-1,-1,-1
8,800,1093.94,778.27,89.95,218.39,1,-1,-1,-1
9,796,557.02,270.88,78.41,206.30,1,-1,-1,-1
9,797,1311.73,513.29,94.01,206.67,1,-1,-1,-1
9,798,961.72,828.30,81.54,214.79,1,-1,-1,-1
9,799,615.32,145.92,125.97,206.23,1,-1,-1,-1
9,800,1103.14,778.44,89.78,217.14,1,-1,-1,-1
10,796,551.84,281.58,77.74,203.98,1,-1,-1,-1
10,797,1309.89,520.94,93.87,206.41,1,-1,-1,-1
10,798,950.06,829.25,81.11,213.79,1,-1,-1,-1
10,799,625.34,140.43,124.12,206.83,1,-1,-1,-1
10,800,1111.07,774.89,89.50,215.84,1,-1,-1,-1
11,796,549.08,289.56,77.49,203.00,1,-1,-1,-1
11,797,1307.86,529.28,95.02,207.94,1,-1,-1,-1
11,798,940.54,831.87,79.95,212.14,1,-1,-1,-1
11,799,635.34,132.24,122.00,207.61,1,-1,-1,-1
11,800,1118.93,765.97,90.04,216.17,1,-1,-1,-1
12,796,546.91,298.87,76.61,201.16,1,-1,-1,-1
12,797,1306.27,536.09,95.76,209.49,1,-1,-1,-1
12,798,931.48,832.08,78.90,211.32,1,-1,-1,-1
12,799,641.64,124.84,120.14,207.81,1,-1,-1,-1
12,800,1126.92,762.31,90.14,215.87,1,-1,-1,-1
13,796,543.13,310.99,77.22,202.45,1,-1,-1,-1
13,797,1302.09,549.64,95.65,208.72,1,-1,-1,-1
13,798,923.03,831.67,78.58,211.14,1,-1,-1,-1
13,799,649.64,120.81,117.26,205.42,1,-1,-1,-1
13,800,1134.68,757.39,90.78,216.39,1,-1,-1,-1
14,796,539.53,319.95,78.37,204.07,1,-1,-1,-1
14,797,1299.31,558.92,96.18,210.18,1,-1,-1,-1
14,798,911.12,831.01,78.11,209.14,1,-1,-1,-1
14,799,656.70,115.20,116.53,206.22,1,-1,-1,-1
14,800,1143.58,750.49,89.48,213.52,1,-1,-1,-1
15,796,534.64,325.74,78.94,203.53,1,-1,-1,-1
15,797,1294.38,571.90,96.50,210.35,1,-1,-1,-1
15,798,901.03,831.03,78.46,210.77,1,-1,-1,-1
15,799,667.62,108.13,112.78,202.86,1,-1,-1,-1
15,800,1151.73,744.51,88.92,212.65,1,-1,-1,-1
16,796,532.85,336.71,79.35,204.68,1,-1,-1,-1
16,797,1291.71,581.88,96.81,210.97,1,-1,-1,-1
16,798,891.87,826.48,78.95,212.27,1,-1,-1,-1
16,799,677.18,101.25,110.92,202.96,1,-1,-1,-1
16,800,1159.54,737.70,88.40,211.64,1,-1,-1,-1
17,796,530.88,347.99,81.16,207.40,1,-1,-1,-1
17,797,1289.86,586.45,97.18,210.79,1,-1,-1,-1
17,798,879.01,824.44,79.41,213.09,1,-1,-1,-1
17,799,685.87,98.95,110.12,203.94,1,-1,-1,-1
17,800,1166.84,731.72,89.17,212.22,1,-1,-1,-1
18,796,529.09,358.61,81.80,208.92,1,-1,-1,-1
18,797,1285.21,597.80,96.39,209.45,1,-1,-1,-1
18,798,869.64,824.22,78.32,210.48,1,-1,-1,-1
18,799,698.25,96.80,107.00,202.41,1,-1,-1,-1
18,800,1174.54,725.43,89.38,212.19,1,-1,-1,-1
19,796,527.80,365.44,82.91,210.92,1,-1,-1,-1
19,797,1279.76,606.87,95.52,208.48,1,-1,-1,-1
19,798,860.23,822.43,78.70,210.85,1,-1,-1,-1
19,799,707.87,86.41,106.33,205.08,1,-1,-1,-1
19,800,1182.74,719.55,88.82,212.23,1,-1,-1,-1
20,796,524.43,370.99,82.97,210.90,1,-1,-1,-1
20,797,1276.05,618.69,97.23,211.50,1,-1,-1,-1
20,798,851.79,821.59,78.38,211.02,1,-1,-1,-1
20,799,718.76,87.35,102.67,200.99,1,-1,-1,-1
20,800,1186.65,715.79,88.66,211.15,1,-1,-1,-1
21,796,522.99,382.64,82.83,209.79,1,-1,-1,-1
21,797,1274.46,622.81,98.05,213.29,1,-1,-1,-1
21,798,843.30,822.72,78.46,210.77,1,-1,-1,-1
21,799,727.36,83.36,101.56,202.34,1,-1,-1,-1
21,800,1192.81,703.84,89.79,213.95,1,-1,-1,-1
22,796,522.65,397.03,82.10,209.06,1,-1,-1,-1
22,797,1273.86,631.03,97.75,213.52,1,-1,-1,-1
22,798,831.28,822.40,78.43,211.16,1,-1,-1,-1
22,799,735.41,79.36,101.77,203.01,1,-1,-1,-1
22,800,1200.12,695.76,89.29,213.39,1,-1,-1,-1
23,796,522.02,406.99,82.25,208.59,1,-1,-1,-1
23,797,1274.36,637.49,96.31,213.25,1,-1,-1,-1
23,798,821.74,819.04,77.32,208.88,1,-1,-1,-1
23,799,745.60,75.54,100.56,201.78,1,-1,-1,-1
23,800,1207.52,688.06,88.96,212.62,1,-1,-1,-1
24,796,521.80,416.36,82.18,207.95,1,-1,-1,-1
24,797,1276.38,643.48,92.12,208.22,1,-1,-1,-1
24,798,811.57,813.78,79.16,212.46,1,-1,-1,-1
24,799,754.44,67.19,99.98,202.09,1,-1,-1,-1
24,800,1215.73,679.66,88.48,212.69,1,-1,-1,-1
25,796,521.15,428.36,83.03,208.73,1,-1,-1,-1
25,798,803.41,814.22,77.98,210.12,1,-1,-1,-1
25,799,763.53,66.68,99.21,201.10,1,-1,-1,-1
25,800,1223.76,674.97,87.61,211.86,1,-1,-1,-1
26,796,521.49,439.06,82.34,208.28,1,-1,-1,-1
26,798,795.55,813.31,77.88,210.26,1,-1,-1,-1
26,799,775.05,65.19,98.79,201.73,1,-1,-1,-1
26,800,1230.03,664.32,89.46,214.50,1,-1,-1,-1
27,796,522.15,448.21,82.63,208.76,1,-1,-1,-1
27,798,784.17,809.52,76.60,207.85,1,-1,-1,-1
27,799,786.01,59.97,97.29,200.57,1,-1,-1,-1
27,800,1233.72,657.73,90.00,215.75,1,-1,-1,-1
28,796,522.21,457.29,82.97,209.13,1,-1,-1,-1
28,798,774.32,806.68,76.65,208.16,1,-1,-1,-1
28,799,795.02,53.74,97.50,202.34,1,-1,-1,-1
28,800,1238.68,650.92,91.13,217.83,1,-1,-1,-1
29,796,522.64,464.66,83.30,209.77,1,-1,-1,-1
29,798,765.25,801.35,77.42,210.35,1,-1,-1,-1
29,799,804.09,51.37,97.37,202.28,1,-1,-1,-1
29,800,1239.29,639.01,95.16,225.85,1,-1,-1,-1
30,796,523.14,476.72,83.81,209.87,1,-1,-1,-1
30,798,755.96,798.41,78.19,211.59,1,-1,-1,-1
30,799,815.35,48.00,98.19,204.24,1,-1,-1,-1
30,800,1246.02,628.32,94.26,224.03,1,-1,-1,-1
31,796,526.08,483.36,83.37,209.59,1,-1,-1,-1
31,798,743.71,792.55,78.20,210.49,1,-1,-1,-1
31,799,826.75,48.86,96.16,201.93,1,-1,-1,-1
31,800,1254.41,620.68,92.44,219.22,1,-1,-1,-1
31,797,1207.53,700.74,93.45,215.64,1,-1,-1,-1
32,796,527.61,496.25,82.89,209.13,1,-1,-1,-1
32,798,737.20,790.79,78.81,211.47,1,-1,-1,-1
32,799,836.84,49.67,94.62,199.99,1,-1,-1,-1
32,800,1261.93,614.67,91.27,215.61,1,-1,-1,-1
32,797,1199.42,709.06,92.88,216.38,1,-1,-1,-1
33,796,528.71,503.67,83.98,210.82,1,-1,-1,-1
33,798,729.71,785.29,79.59,212.41,1,-1,-1,-1
33,799,845.70,45.53,95.40,202.09,1,-1,-1,-1
33,800,1268.80,606.94,91.07,214.61,1,-1,-1,-1
33,797,1197.40,719.17,89.89,210.93,1,-1,-1,-1
34,796,529.87,516.68,84.14,210.71,1,-1,-1,-1
34,798,718.55,780.99,79.38,212.52,1,-1,-1,-1
34,799,857.76,42.21,94.54,202.55,1,-1,-1,-1
34,800,1273.06,598.52,89.30,211.68,1,-1,-1,-1
34,797,1191.90,727.89,89.72,209.21,1,-1,-1,-1
35,796,531.73,527.65,83.49,208.14,1,-1,-1,-1
35,798,709.27,775.72,79.10,211.30,1,-1,-1,-1
35,799,867.63,45.30,93.88,202.09,1,-1,-1,-1
35,800,1275.09,591.05,89.16,211.10,1,-1,-1,-1
35,797,1185.49,737.28,88.46,206.88,1,-1,-1,-1
36,796,532.13,534.99,83.99,207.90,1,-1,-1,-1
36,798,701.10,772.63,78.87,211.29,1,-1,-1,-1
36,799,875.93,44.10,94.79,203.34,1,-1,-1,-1
36,800,1279.86,578.48,88.43,209.21,1,-1,-1,-1
36,797,1180.74,743.36,89.21,207.89,1,-1,-1,-1
37,796,535.19,542.97,85.29,208.50,1,-1,-1,-1
37,798,693.22,762.69,78.68,211.14,1,-1,-1,-1
37,799,885.50,43.02,94.36,201.67,1,-1,-1,-1
37,800,1282.85,569.36,87.83,207.90,1,-1,-1,-1
37,797,1173.87,747.21,89.67,208.16,1,-1,-1,-1
38,796,537.72,555.77,85.67,208.60,1,-1,-1,-1
38,798,685.63,758.05,77.87,210.00,1,-1,-1,-1
38,799,896.96,42.31,95.34,203.47,1,-1,-1,-1
38,800,1287.28,560.60,88.02,209.32,1,-1,-1,-1
38,797,1165.57,751.76,91.26,211.63,1,-1,-1,-1
39,796,541.08,564.21,87.60,212.37,1,-1,-1,-1
39,798,677.05,751.68,77.83,210.33,1,-1,-1,-1
39,799,906.91,40.58,95.71,204.39,1,-1,-1,-1
39,800,1288.77,551.27,88.46,208.74,1,-1,-1,-1
39,797,1157.16,758.15,92.33,211.87,1,-1,-1,-1
40,796,543.58,571.94,88.57,213.93,1,-1,-1,-1
40,798,670.70,746.41,76.11,207.88,1,-1,-1,-1
40,799,915.68,39.38,96.21,204.24,1,-1,-1,-1
40,800,1290.69,544.57,87.83,207.12,1,-1,-1,-1
40,797,1148.08,758.97,94.91,215.15,1,-1,-1,-1
41,796,544.91,580.54,89.58,214.67,1,-1,-1,-1
41,798,662.49,741.87,76.55,209.07,1,-1,-1,-1
41,799,928.99,41.73,94.18,202.90,1,-1,-1,-1
41,800,1295.20,535.68,87.54,205.92,1,-1,-1,-1
41,797,1139.78,765.63,94.70,214.37,1,-1,-1,-1
42,796,549.59,591.19,88.52,211.52,1,-1,-1,-1
42,798,654.70,731.54,76.12,207.32,1,-1,-1,-1
42,799,938.73,40.44,94.51,204.06,1,-1,-1,-1
42,800,1297.38,525.00,86.72,204.75,1,-1,-1,-1
42,797,1128.37,774.19,94.16,211.70,1,-1,-1,-1
43,796,552.24,602.97,89.19,211.16,1,-1,-1,-1
43,798,646.29,724.00,75.41,205.64,1,-1,-1,-1
43,799,948.09,41.88,94.51,204.04,1,-1,-1,-1
43,800,1298.85,518.54,86.55,204.13,1,-1,-1,-1
43,797,1118.39,780.37,95.21,212.91,1,-1,-1,-1
44,796,558.11,609.88,88.39,210.42,1,-1,-1,-1
44,798,638.90,721.04,75.14,205.90,1,-1,-1,-1
44,799,955.92,43.03,95.35,204.43,1,-1,-1,-1
44,800,1299.79,511.01,86.35,204.24,1,-1,-1,-1
44,797,1108.70,782.66,96.05,213.46,1,-1,-1,-1
45,796,561.57,618.84,87.81,208.19,1,-1,-1,-1
45,798,631.75,718.15,74.52,205.63,1,-1,-1,-1
45,799,964.48,46.33,95.56,203.47,1,-1,-1,-1
45,800,1302.81,498.81,87.63,206.75,1,-1,-1,-1
45,797,1099.40,787.31,98.04,216.19,1,-1,-1,-1
46,796,567.22,625.50,86.79,206.88,1,-1,-1,-1
46,798,627.74,713.89,73.72,203.79,1,-1,-1,-1
46,799,977.82,44.92,94.36,203.98,1,-1,-1,-1
46,800,1303.44,487.10,89.13,208.11,1,-1,-1,-1
46,797,1090.70,789.73,98.50,215.33,1,-1,-1,-1
47,796,573.55,636.79,88.30,209.05,1,-1,-1,-1
47,798,620.16,699.18,75.71,211.40,1,-1,-1,-1
47,799,983.83,47.93,94.76,203.31,1,-1,-1,-1
47,800,1304.98,475.20,87.97,205.81,1,-1,-1,-1
47,797,1082.15,796.03,99.21,215.97,1,-1,-1,-1
48,796,580.30,644.05,91.13,213.28,1,-1,-1,-1
48,798,601.42,662.15,87.86,244.07,1,-1,-1,-1
48,799,995.20,51.12,94.57,203.63,1,-1,-1,-1
48,800,1304.86,466.73,88.30,205.75,1,-1,-1,-1
48,797,1073.30,796.98,99.83,217.45,1,-1,-1,-1
49,796,581.82,652.91,94.78,222.49,1,-1,-1,-1
49,799,1004.79,56.83,94.38,202.35,1,-1,-1,-1
49,800,1305.68,457.69,87.57,203.79,1,-1,-1,-1
49,797,1064.94,803.71,99.74,217.06,1,-1,-1,-1
50,796,589.10,668.09,89.91,214.10,1,-1,-1,-1
50,799,1014.44,58.73,94.42,203.06,1,-1,-1,-1
50,800,1306.71,450.05,86.50,202.52,1,-1,-1,-1
50,797,1052.76,806.47,100.14,216.05,1,-1,-1,-1
51,796,592.63,671.28,85.19,205.28,1,-1,-1,-1
51,799,1026.23,60.22,94.38,204.18,1,-1,-1,-1
51,800,1306.57,439.81,86.98,203.97,1,-1,-1,-1
51,797,1043.03,810.61,100.06,216.10,1,-1,-1,-1
52,796,588.76,669.54,85.57,208.54,1,-1,-1,-1
52,799,1036.10,65.74,93.24,202.72,1,-1,-1,-1
52,800,1306.67,426.60,86.49,203.76,1,-1,-1,-1
52,797,1034.23,813.89,99.77,215.79,1,-1,-1,-1
52,798,627.16,669.38,67.82,193.67,1,-1,-1,-1
53,796,583.27,662.30,83.52,207.71,1,-1,-1,-1
53,799,1045.24,71.45,92.76,201.71,1,-1,-1,-1
53,800,1306.43,413.68,86.15,204.18,1,-1,-1,-1
53,797,1025.64,815.62,99.35,214.41,1,-1,-1,-1
53,798,631.90,676.71,65.46,187.79,1,-1,-1,-1
54,796,576.95,653.55,81.95,207.44,1,-1,-1,-1
54,799,1052.88,73.38,94.18,203.05,1,-1,-1,-1
54,800,1306.03,405.58,86.11,205.42,1,-1,-1,-1
54,797,1013.46,816.25,99.09,214.39,1,-1,-1,-1
54,798,631.67,683.25,66.88,190.50,1,-1,-1,-1
55,796,572.69,642.70,80.43,205.63,1,-1,-1,-1
55,799,1062.10,75.51,94.17,203.09,1,-1,-1,-1
55,800,1304.82,392.91,86.64,206.53,1,-1,-1,-1
55,797,1003.64,822.02,98.93,213.27,1,-1,-1,-1
55,798,632.38,695.01,67.74,192.44,1,-1,-1,-1
56,796,566.87,634.50,79.10,204.12,1,-1,-1,-1
56,799,1074.09,81.95,93.32,202.84,1,-1,-1,-1
56,800,1303.77,379.99,86.85,207.01,1,-1,-1,-1
56,797,994.40,823.36,98.10,213.06,1,-1,-1,-1
56,798,634.99,701.09,71.22,201.30,1,-1,-1,-1
57,796,560.72,624.90,78.74,204.95,1,-1,-1,-1
57,799,1079.88,82.78,94.95,204.35,1,-1,-1,-1
57,800,1300.02,372.46,87.35,207.35,1,-1,-1,-1
57,797,985.31,825.09,99.95,218.77,1,-1,-1,-1
57,798,640.74,707.28,74.03,206.88,1,-1,-1,-1
58,796,557.08,615.28,78.38,204.35,1,-1,-1,-1
58,799,1090.75,87.05,94.71,203.58,1,-1,-1,-1
58,800,1297.85,363.96,88.06,208.89,1,-1,-1,-1
58,797,977.40,827.45,98.84,216.64,1,-1,-1,-1
58,798,644.60,718.78,76.45,211.06,1,-1,-1,-1
59,796,550.80,601.11,79.33,206.75,1,-1,-1,-1
59,799,1098.99,90.10,95.58,204.96,1,-1,-1,-1
59,800,1296.84,354.81,87.33,207.21,1,-1,-1,-1
59,797,965.25,827.70,98.77,217.25,1,-1,-1,-1
59,798,651.58,725.60,76.94,209.58,1,-1,-1,-1
60,796,548.39,593.72,78.90,206.80,1,-1,-1,-1
60,799,1107.65,95.12,95.29,203.94,1,-1,-1,-1
60,800,1295.51,344.80,88.05,207.89,1,-1,-1,-1
60,797,955.69,831.32,97.44,213.30,1,-1,-1,-1
60,798,659.21,732.46,77.37,209.50,1,-1,-1,-1
61,796,546.48,585.29,79.35,208.37,1,-1,-1,-1
61,799,1115.99,99.54,95.29,203.80,1,-1,-1,-1
61,800,1294.42,335.80,88.71,208.71,1,-1,-1,-1
61,797,947.21,836.35,96.05,211.62,1,-1,-1,-1
61,798,666.24,736.17,78.83,209.75,1,-1,-1,-1
62,796,542.41,576.70,78.73,207.92,1,-1,-1,-1
62,799,1123.77,106.08,95.57,203.93,1,-1,-1,-1
62,800,1290.72,325.33,88.43,209.29,1,-1,-1,-1
62,797,938.16,834.33,96.30,211.83,1,-1,-1,-1
62,798,673.53,744.43,80.73,213.28,1,-1,-1,-1
63,796,539.62,565.84,78.13,206.36,1,-1,-1,-1
63,799,1133.70,114.16,93.80,201.16,1,-1,-1,-1
63,800,1288.07,317.79,88.35,209.47,1,-1,-1,-1
63,797,926.54,833.52,95.54,210.78,1,-1,-1,-1
63,798,681.30,750.99,81.04,211.59,1,-1,-1,-1
64,796,536.53,553.54,76.01,202.88,1,-1,-1,-1
64,799,1141.47,121.03,94.21,201.81,1,-1,-1,-1
64,800,1284.02,308.00,86.83,207.12,1,-1,-1,-1
64,797,916.22,831.31,95.56,212.41,1,-1,-1,-1
64,798,689.28,756.62,81.88,212.39,1,-1,-1,-1
65,796,534.79,546.98,74.68,201.44,1,-1,-1,-1
65,799,1150.04,124.68,93.80,202.46,1,-1,-1,-1
65,800,1282.66,299.52,85.26,204.72,1,-1,-1,-1
65,797,907.13,832.67,94.56,210.93,1,-1,-1,-1
65,798,697.99,764.92,81.75,210.57,1,-1,-1,-1
66,796,532.84,534.80,73.94,200.75,1,-1,-1,-1
66,799,1159.25,136.36,92.09,200.19,1,-1,-1,-1
66,800,1279.98,287.42,86.30,206.33,1,-1,-1,-1
66,797,895.73,832.91,93.61,208.88,1,-1,-1,-1
66,798,705.90,768.80,82.33,209.54,1,-1,-1,-1
67,796,529.63,524.66,73.01,200.15,1,-1,-1,-1
67,799,1166.31,139.41,93.00,202.72,1,-1,-1,-1
67,800,1275.49,276.67,85.14,203.72,1,-1,-1,-1
67,797,885.86,832.16,93.78,210.14,1,-1,-1,-1
67,798,714.46,776.07,82.65,209.15,1,-1,-1,-1
68,796,527.18,517.44,73.19,201.16,1,-1,-1,-1
68,799,1174.08,143.61,93.82,204.04,1,-1,-1,-1
68,800,1269.42,267.33,84.69,204.11,1,-1,-1,-1
68,797,876.00,829.77,95.08,212.40,1,-1,-1,-1
68,798,722.81,782.94,82.72,209.14,1,-1,-1,-1
69,796,526.00,508.73,72.39,200.86,1,-1,-1,-1
69,799,1182.54,151.00,93.29,204.13,1,-1,-1,-1
69,800,1266.02,257.58,85.14,205.69,1,-1,-1,-1
69,797,866.81,829.00,95.36,212.69,1,-1,-1,-1
69,798,730.92,789.27,83.05,209.70,1,-1,-1,-1
70,796,522.38,496.06,71.91,199.67,1,-1,-1,-1
70,799,1189.71,159.89,93.21,203.51,1,-1,-1,-1
70,800,1264.71,253.08,84.96,205.39,1,-1,-1,-1
70,797,855.41,825.22,94.07,210.84,1,-1,-1,-1
70,798,742.51,797.57,82.67,207.04,1,-1,-1,-1
71,796,519.76,485.87,72.80,201.97,1,-1,-1,-1
71,799,1196.37,164.01,93.21,204.55,1,-1,-1,-1
71,800,1261.37,244.82,82.82,202.21,1,-1,-1,-1
71,797,846.91,829.85,92.49,207.83,1,-1,-1,-1
71,798,752.00,801.61,82.95,207.72,1,-1,-1,-1
72,796,518.92,477.63,72.31,200.34,1,-1,-1,-1
72,799,1203.98,169.92,93.28,205.71,1,-1,-1,-1
72,797,837.80,826.02,92.68,208.96,1,-1,-1,-1
72,798,761.05,803.57,82.81,207.15,1,-1,-1,-1
73,796,519.06,469.42,71.60,199.09,1,-1,-1,-1
73,799,1210.84,179.05,94.77,210.84,1,-1,-1,-1
73,797,830.18,819.61,92.18,209.71,1,-1,-1,-1
73,798,770.03,809.40,82.99,207.68,1,-1,-1,-1
74,796,519.86,456.54,69.84,196.74,1,-1,-1,-1
74,799,1214.53,182.01,96.33,214.31,1,-1,-1,-1
74,797,826.42,819.17,92.12,213.34,1,-1,-1,-1
74,798,778.85,811.31,82.92,207.46,1,-1,-1,-1
75,796,520.28,450.77,69.62,197.22,1,-1,-1,-1
75,799,1221.01,189.19,95.23,212.13,1,-1,-1,-1
75,797,821.57,814.05,91.04,214.50,1,-1,-1,-1
75,798,787.28,816.05,82.86,207.42,1,-1,-1,-1
76,796,520.64,438.29,69.09,197.37,1,-1,-1,-1
76,799,1228.39,199.76,93.00,206.94,1,-1,-1,-1
76,798,798.90,819.36,82.74,206.19,1,-1,-1,-1
77,796,520.04,429.13,69.78,199.48,1,-1,-1,-1
77,799,1233.50,207.97,91.52,204.72,1,-1,-1,-1
77,798,803.95,818.66,84.81,209.12,1,-1,-1,-1
78,796,520.09,419.99,69.35,198.36,1,-1,-1,-1
78,799,1239.99,218.12,90.90,204.40,1,-1,-1,-1
78,798,815.76,821.99,85.12,209.92,1,-1,-1,-1
78,800,1222.92,189.27,63.17,151.25,1,-1,-1,-1
79,796,520.12,406.74,69.29,198.62,1,-1,-1,-1
79,799,1245.58,225.81,91.37,206.00,1,-1,-1,-1
79,798,826.46,825.74,84.19,207.73,1,-1,-1,-1
79,802,765.53,806.33,95.15,209.92,1,-1,-1,-1
79,800,1218.08,177.62,66.67,157.56,1,-1,-1,-1
80,796,520.98,395.66,69.41,199.34,1,-1,-1,-1
80,799,1252.45,233.97,91.07,206.91,1,-1,-1,-1
80,798,838.66,830.46,84.13,207.88,1,-1,-1,-1
80,802,758.59,800.76,95.93,211.90,1,-1,-1,-1
80,800,1205.70,166.67,76.64,183.56,1,-1,-1,-1
81,796,521.97,387.19,68.98,198.77,1,-1,-1,-1
81,799,1256.56,245.24,90.95,206.84,1,-1,-1,-1
81,798,848.71,830.98,84.80,209.24,1,-1,-1,-1
81,802,750.36,798.86,95.24,210.46,1,-1,-1,-1
81,800,1197.79,158.02,79.75,194.69,1,-1,-1,-1
82,796,522.04,378.17,69.64,200.96,1,-1,-1,-1
82,799,1261.83,249.81,91.38,208.17,1,-1,-1,-1
82,798,857.96,833.60,84.11,207.39,1,-1,-1,-1
82,802,741.68,793.06,95.17,210.21,1,-1,-1,-1
82,800,1192.39,153.16,81.80,202.16,1,-1,-1,-1
83,796,526.32,367.06,68.40,198.27,1,-1,-1,-1
83,799,1266.16,261.45,89.86,206.48,1,-1,-1,-1
83,798,866.58,829.11,84.86,208.74,1,-1,-1,-1
83,802,732.78,783.20,95.74,211.78,1,-1,-1,-1
83,800,1186.22,148.80,82.79,205.51,1,-1,-1,-1
84,796,528.84,356.86,67.69,197.41,1,-1,-1,-1
84,799,1271.47,270.98,90.23,206.73,1,-1,-1,-1
84,798,875.53,830.65,85.05,209.25,1,-1,-1,-1
84,802,725.28,777.14,94.53,209.00,1,-1,-1,-1
84,800,1178.81,139.69,83.35,207.19,1,-1,-1,-1
85,796,530.97,349.44,66.69,196.00,1,-1,-1,-1
85,799,1276.37,280.16,91.12,209.78,1,-1,-1,-1
85,798,887.20,830.72,85.15,209.63,1,-1,-1,-1
85,802,717.55,774.59,94.27,208.81,1,-1,-1,-1
85,800,1171.85,136.17,81.48,204.75,1,-1,-1,-1
86,796,532.57,340.83,65.95,195.31,1,-1,-1,-1
86,799,1279.79,291.38,91.12,209.71,1,-1,-1,-1
86,798,896.89,831.71,86.06,210.37,1,-1,-1,-1
86,802,708.77,768.42,95.13,210.90,1,-1,-1,-1
86,800,1163.32,130.38,81.35,205.18,1,-1,-1,-1
87,796,536.58,328.08,66.02,195.01,1,-1,-1,-1
87,799,1282.50,299.56,90.21,207.40,1,-1,-1,-1
87,798,906.14,833.63,85.99,209.05,1,-1,-1,-1
87,802,699.47,758.50,97.43,215.60,1,-1,-1,-1
87,800,1155.45,125.59,81.64,205.93,1,-1,-1,-1
88,796,539.72,320.97,65.19,192.89,1,-1,-1,-1
88,799,1285.88,305.90,91.09,207.56,1,-1,-1,-1
88,798,917.82,836.91,86.48,209.80,1,-1,-1,-1
88,802,690.96,753.65,97.71,216.08,1,-1,-1,-1
88,800,1147.58,114.58,82.38,207.44,1,-1,-1,-1
89,796,543.60,308.53,67.11,196.87,1,-1,-1,-1
89,799,1289.07,315.11,90.93,206.42,1,-1,-1,-1
89,798,927.89,837.29,87.26,211.40,1,-1,-1,-1
89,802,682.44,748.07,98.38,216.99,1,-1,-1,-1
89,800,1139.23,104.91,82.37,207.80,1,-1,-1,-1
90,796,546.24,301.73,67.06,196.53,1,-1,-1,-1
90,799,1293.50,327.17,91.03,207.36,1,-1,-1,-1
90,798,937.11,834.87,86.88,209.69,1,-1,-1,-1
90,802,674.57,746.90,97.70,215.78,1,-1,-1,-1
90,800,1131.46,103.57,81.51,206.24,1,-1,-1,-1
91,796,548.12,291.49,67.28,197.12,1,-1,-1,-1
91,799,1296.30,336.81,91.16,207.36,1,-1,-1,-1
91,798,945.88,832.10,87.63,210.62,1,-1,-1,-1
91,802,667.33,739.70,97.31,215.77,1,-1,-1,-1
91,800,1122.05,94.82,82.86,208.21,1,-1,-1,-1
92,796,552.03,279.42,66.28,195.07,1,-1,-1,-1
92,799,1297.72,344.45,91.28,207.35,1,-1,-1,-1
92,798,958.02,832.07,87.58,209.68,1,-1,-1,-1
92,802,659.54,734.27,96.99,215.30,1,-1,-1,-1
92,800,1114.62,88.86,81.61,205.67,1,-1,-1,-1
93,796,555.47,274.00,66.32,195.37,1,-1,-1,-1
93,799,1297.82,357.19,92.37,207.86,1,-1,-1,-1
93,798,967.97,832.51,87.10,208.55,1,-1,-1,-1
93,802,651.28,725.50,97.62,216.46,1,-1,-1,-1
93,800,1106.10,85.86,81.78,206.01,1,-1,-1,-1
94,796,559.42,263.42,66.13,195.32,1,-1,-1,-1
94,799,1300.92,366.94,92.59,208.42,1,-1,-1,-1
94,798,977.32,831.07,87.36,209.84,1,-1,-1,-1
94,802,643.68,717.97,96.46,214.03,1,-1,-1,-1
94,800,1093.82,81.21,83.04,207.22,1,-1,-1,-1
95,796,562.64,255.12,66.68,196.37,1,-1,-1,-1
95,799,1302.97,375.12,92.57,207.74,1,-1,-1,-1
95,798,985.95,831.41,87.91,209.47,1,-1,-1,-1
95,802,635.83,711.81,96.30,212.76,1,-1,-1,-1
95,800,1084.29,76.98,84.04,208.21,1,-1,-1,-1
96,796,569.48,247.11,65.01,192.18,1,-1,-1,-1
96,799,1304.64,386.51,91.65,204.33,1,-1,-1,-1
96,798,994.31,830.67,87.90,209.58,1,-1,-1,-1
96,802,627.90,701.70,97.32,214.20,1,-1,-1,-1
96,800,1075.85,73.14,83.57,206.46,1,-1,-1,-1
97,796,575.13,236.21,66.71,196.19,1,-1,-1,-1
97,799,1304.21,393.47,92.97,205.55,1,-1,-1,-1
97,798,1006.43,827.41,87.16,207.57,1,-1,-1,-1
97,802,620.68,693.45,96.79,213.45,1,-1,-1,-1
97,800,1068.00,71.06,83.05,205.37,1,-1,-1,-1
98,796,578.60,230.11,66.19,195.31,1,-1,-1,-1
98,799,1304.81,407.23,93.10,206.00,1,-1,-1,-1
98,798,1016.17,824.26,87.53,208.05,1,-1,-1,-1
98,802,616.33,686.01,97.43,214.53,1,-1,-1,-1
98,800,1059.11,66.29,82.68,205.10,1,-1,-1,-1
99,796,583.84,220.74,67.11,197.74,1,-1,-1,-1
99,799,1308.01,412.68,92.64,204.67,1,-1,-1,-1
99,798,1025.40,819.84,87.18,207.78,1,-1,-1,-1
99,802,609.88,681.90,96.73,214.03,1,-1,-1,-1
99,800,1050.43,59.54,82.44,205.28,1,-1,-1,-1
100,796,587.72,212.33,66.85,197.22,1,-1,-1,-1
100,799,1308.12,422.63,94.15,207.14,1,-1,-1,-1
100,798,1033.75,816.39,87.60,207.86,1,-1,-1,-1
100,802,603.53,675.82,96.65,213.67,1,-1,-1,-1
100,800,1041.93,55.98,81.98,204.69,1,-1,-1,-1
101,796,594.19,200.48,66.22,195.99,1,-1,-1,-1
101,799,1308.86,432.06,94.40,207.72,1,-1,-1,-1
101,798,1041.55,815.57,88.97,208.99,1,-1,-1,-1
101,802,596.49,664.57,96.80,214.49,1,-1,-1,-1
101,800,1029.94,54.85,82.24,205.08,1,-1,-1,-1
102,796,602.28,192.24,64.80,192.21,1,-1,-1,-1
102,799,1308.09,444.58,95.47,208.90,1,-1,-1,-1
102,798,1053.10,810.47,89.91,209.90,1,-1,-1,-1
102,802,592.78,655.37,96.26,212.75,1,-1,-1,-1
102,800,1021.22,51.90,81.49,204.20,1,-1,-1,-1
103,796,610.63,182.42,61.89,183.88,1,-1,-1,-1
103,799,1307.59,455.84,96.11,209.21,1,-1,-1,-1
103,798,1061.55,806.34,91.37,211.58,1,-1,-1,-1
103,802,586.67,646.81,96.20,212.21,1,-1,-1,-1
103,800,1011.95,48.47,81.54,204.35,1,-1,-1,-1
104,796,614.40,174.02,61.37,181.16,1,-1,-1,-1
104,799,1303.88,468.90,97.08,209.58,1,-1,-1,-1
104,798,1070.57,802.28,90.60,210.49,1,-1,-1,-1
104,802,580.75,639.16,95.06,210.57,1,-1,-1,-1
104,800,1001.81,46.29,83.02,206.75,1,-1,-1,-1
105,796,620.58,170.24,61.41,181.41,1,-1,-1,-1
105,799,1302.85,479.09,96.76,208.45,1,-1,-1,-1
105,798,1079.30,798.41,91.56,212.04,1,-1,-1,-1
105,802,577.23,631.57,95.02,209.92,1,-1,-1,-1
105,800,989.84,43.50,82.44,204.41,1,-1,-1,-1
106,796,628.38,164.49,60.62,179.56,1,-1,-1,-1
106,799,1302.42,489.77,96.16,207.56,1,-1,-1,-1
106,798,1087.30,792.97,92.41,212.94,1,-1,-1,-1
106,802,571.43,622.04,95.63,211.59,1,-1,-1,-1
106,800,979.50,40.31,82.82,204.41,1,-1,-1,-1
107,796,635.18,155.13,61.89,183.05,1,-1,-1,-1
107,799,1301.52,498.44,96.98,208.22,1,-1,-1,-1
107,798,1095.26,790.58,93.11,212.85,1,-1,-1,-1
107,802,564.93,613.67,95.16,211.19,1,-1,-1,-1
107,800,971.59,41.78,81.90,202.76,1,-1,-1,-1
108,796,643.42,152.82,61.43,182.86,1,-1,-1,-1
108,799,1300.41,505.40,95.91,207.12,1,-1,-1,-1
108,798,1103.54,785.90,93.03,211.46,1,-1,-1,-1
108,802,562.00,606.89,94.95,210.50,1,-1,-1,-1
108,800,964.31,43.26,79.97,199.81,1,-1,-1,-1
109,796,650.31,147.85,61.49,183.04,1,-1,-1,-1
109,799,1299.13,513.66,95.59,207.56,1,-1,-1,-1
109,798,1115.13,781.91,93.13,211.27,1,-1,-1,-1
109,802,556.26,597.22,95.54,212.32,1,-1,-1,-1
109,800,953.67,40.59,81.87,203.76,1,-1,-1,-1
110,796,658.94,140.51,61.08,181.95,1,-1,-1,-1
110,799,1295.67,526.64,95.17,207.69,1,-1,-1,-1
110,798,1124.26,776.51,92.87,210.11,1,-1,-1,-1
110,802,550.15,588.44,95.17,212.01,1,-1,-1,-1
110,800,943.00,39.54,79.44,198.75,1,-1,-1,-1
111,796,667.01,134.25,60.09,179.36,1,-1,-1,-1
111,799,1293.14,539.08,96.04,209.31,1,-1,-1,-1
111,798,1133.48,769.12,92.71,210.00,1,-1,-1,-1
111,802,546.77,575.94,96.40,212.92,1,-1,-1,-1
111,800,931.84,36.79,80.39,200.45,1,-1,-1,-1
112,796,675.44,132.74,58.53,176.25,1,-1,-1,-1
112,799,1291.29,544.87,96.06,208.99,1,-1,-1,-1
112,798,1142.06,763.40,91.65,208.03,1,-1,-1,-1
112,802,545.18,568.09,95.77,211.29,1,-1,-1,-1
112,800,923.74,40.92,79.20,198.95,1,-1,-1,-1
113,796,683.43,125.47,59.62,179.48,1,-1,-1,-1
113,799,1287.32,554.16,96.44,208.95,1,-1,-1,-1
113,798,1151.16,756.88,89.91,204.50,1,-1,-1,-1
113,802,541.19,559.52,95.03,209.90,1,-1,-1,-1
113,800,914.42,37.00,79.40,199.96,1,-1,-1,-1
114,796,687.84,111.82,61.65,185.77,1,-1,-1,-1
114,799,1284.41,564.60,96.74,209.09,1,-1,-1,-1
114,798,1159.09,754.31,89.18,203.77,1,-1,-1,-1
114,802,539.06,546.79,95.24,209.49,1,-1,-1,-1
114,800,903.00,38.06,78.62,198.54,1,-1,-1,-1
115,796,698.45,108.85,61.05,183.97,1,-1,-1,-1
115,799,1280.21,575.35,95.29,207.32,1,-1,-1,-1
115,798,1166.89,749.68,90.83,208.36,1,-1,-1,-1
115,802,537.49,541.37,95.24,208.99,1,-1,-1,-1
115,800,893.91,40.91,78.30,197.79,1,-1,-1,-1
116,796,707.87,105.45,60.25,182.68,1,-1,-1,-1
116,799,1277.82,585.19,95.37,209.14,1,-1,-1,-1
116,798,1174.58,745.40,89.86,207.42,1,-1,-1,-1
116,802,532.53,532.71,95.82,211.06,1,-1,-1,-1
116,800,883.79,42.25,78.86,199.30,1,-1,-1,-1
117,796,716.05,100.91,60.57,183.87,1,-1,-1,-1
117,799,1274.76,592.51,96.14,210.31,1,-1,-1,-1
117,798,1182.53,736.16,90.23,209.41,1,-1,-1,-1
117,802,530.15,521.00,96.69,211.65,1,-1,-1,-1
117,800,876.10,40.84,76.81,196.46,1,-1,-1,-1
118,796,724.72,98.06,60.06,183.29,1,-1,-1,-1
118,799,1270.35,604.84,95.84,209.15,1,-1,-1,-1
118,798,1190.08,731.62,89.74,211.89,1,-1,-1,-1
118,802,529.20,511.16,96.99,211.66,1,-1,-1,-1
118,800,863.87,42.56,77.96,199.34,1,-1,-1,-1
119,796,735.74,95.67,57.75,177.00,1,-1,-1,-1
119,799,1266.93,613.28,96.07,211.02,1,-1,-1,-1
119,798,1198.45,726.24,88.44,210.23,1,-1,-1,-1
119,802,524.77,501.64,97.51,212.42,1,-1,-1,-1
119,800,852.72,42.66,79.50,202.85,1,-1,-1,-1
120,796,742.53,86.33,59.98,183.64,1,-1,-1,-1
120,799,1263.27,621.34,95.47,210.98,1,-1,-1,-1
120,798,1203.38,719.22,88.57,210.47,1,-1,-1,-1
120,802,523.81,489.75,96.08,210.59,1,-1,-1,-1
120,800,843.16,44.10,79.52,203.61,1,-1,-1,-1
121,796,750.58,80.38,60.71,184.90,1,-1,-1,-1
121,799,1261.68,631.23,94.31,209.66,1,-1,-1,-1
121,798,1209.23,709.86,88.61,212.06,1,-1,-1,-1
121,802,522.73,478.83,96.04,210.84,1,-1,-1,-1
121,800,829.93,43.95,80.18,204.06,1,-1,-1,-1
122,796,758.53,77.62,61.87,187.13,1,-1,-1,-1
122,799,1259.44,635.11,93.46,210.25,1,-1,-1,-1
122,798,1216.73,698.46,88.08,212.71,1,-1,-1,-1
122,802,522.30,470.44,95.80,211.05,1,-1,-1,-1
122,800,820.21,42.99,80.85,205.47,1,-1,-1,-1
123,796,765.53,71.49,63.82,191.97,1,-1,-1,-1
123,799,1252.35,643.91,95.41,214.03,1,-1,-1,-1
123,798,1223.42,691.90,88.29,213.94,1,-1,-1,-1
123,802,521.64,460.73,96.38,211.95,1,-1,-1,-1
123,800,811.08,45.06,81.42,206.92,1,-1,-1,-1
124,796,776.65,65.65,63.69,191.43,1,-1,-1,-1
124,799,1248.54,653.91,90.32,201.89,1,-1,-1,-1
124,798,1232.38,683.26,86.49,209.50,1,-1,-1,-1
124,802,521.85,448.89,95.76,210.47,1,-1,-1,-1
124,800,808.49,50.13,77.52,201.19,1,-1,-1,-1
125,796,788.19,64.68,63.26,191.28,1,-1,-1,-1
125,798,1240.71,679.87,85.54,206.51,1,-1,-1,-1
125,802,521.76,439.11,95.63,209.87,1,-1,-1,-1
126,796,795.54,61.28,64.13,193.90,1,-1,-1,-1
126,798,1244.16,672.25,86.07,207.02,1,-1,-1,-1
126,802,521.42,430.43,96.13,211.01,1,-1,-1,-1
127,796,804.40,61.75,62.80,190.46,1,-1,-1,-1
127,798,1247.63,659.91,89.53,215.75,1,-1,-1,-1
127,802,521.26,421.40,96.54,210.79,1,-1,-1,-1
127,800,765.21,62.18,72.29,191.41,1,-1,-1,-1
128,796,816.06,56.95,64.03,193.84,1,-1,-1,-1
128,798,1250.04,650.60,90.68,217.39,1,-1,-1,-1
128,802,521.43,408.98,96.00,209.31,1,-1,-1,-1
128,800,759.85,64.97,71.59,191.79,1,-1,-1,-1
129,796,827.42,53.26,63.83,193.46,1,-1,-1,-1
129,798,1260.79,640.75,88.37,211.75,1,-1,-1,-1
129,802,521.84,398.78,96.45,210.37,1,-1,-1,-1
129,800,755.07,67.27,74.61,197.66,1,-1,-1,-1
130,796,836.42,49.08,64.00,194.53,1,-1,-1,-1
130,798,1266.02,631.99,88.07,209.97,1,-1,-1,-1
130,802,522.71,390.31,95.39,208.97,1,-1,-1,-1
130,800,747.33,71.99,75.91,200.55,1,-1,-1,-1
130,804,1206.70,703.06,74.00,206.92,1,-1,-1,-1
131,796,844.70,45.80,63.83,193.02,1,-1,-1,-1
131,798,1271.76,625.41,87.23,207.57,1,-1,-1,-1
131,802,522.93,382.14,95.28,207.64,1,-1,-1,-1
131,800,738.51,74.88,77.08,203.02,1,-1,-1,-1
131,804,1201.56,709.68,74.47,207.46,1,-1,-1,-1
132,796,854.11,46.20,62.75,189.28,1,-1,-1,-1
132,798,1275.85,621.36,87.02,206.89,1,-1,-1,-1
132,802,523.58,370.54,94.62,206.08,1,-1,-1,-1
132,800,730.84,79.88,76.87,202.49,1,-1,-1,-1
132,804,1197.56,714.85,76.51,211.16,1,-1,-1,-1
133,796,865.39,47.26,62.76,187.84,1,-1,-1,-1
133,798,1280.45,613.76,87.68,207.45,1,-1,-1,-1
133,802,525.07,360.73,93.35,204.35,1,-1,-1,-1
133,800,720.80,85.86,75.77,200.03,1,-1,-1,-1
133,804,1191.81,722.77,77.24,211.40,1,-1,-1,-1
134,796,874.37,44.44,62.91,187.67,1,-1,-1,-1
134,798,1283.77,601.61,87.22,207.43,1,-1,-1,-1
134,802,526.57,352.76,92.50,202.86,1,-1,-1,-1
134,800,710.85,88.49,76.61,202.99,1,-1,-1,-1
134,804,1184.63,728.28,77.05,207.69,1,-1,-1,-1
135,796,885.61,48.15,61.30,183.14,1,-1,-1,-1
135,798,1289.04,593.86,86.71,206.16,1,-1,-1,-1
135,802,527.11,344.12,92.26,203.25,1,-1,-1,-1
135,800,702.95,95.85,76.18,201.66,1,-1,-1,-1
135,804,1176.15,735.58,77.84,206.97,1,-1,-1,-1
136,796,895.21,46.73,59.80,178.63,1,-1,-1,-1
136,798,1291.27,583.18,87.51,207.14,1,-1,-1,-1
136,802,530.62,331.06,93.02,205.61,1,-1,-1,-1
136,800,693.97,98.08,76.69,201.73,1,-1,-1,-1
136,804,1167.66,745.66,78.50,205.04,1,-1,-1,-1
137,796,904.42,41.99,59.60,178.74,1,-1,-1,-1
137,798,1295.61,571.67,87.85,208.04,1,-1,-1,-1
137,802,533.11,324.56,93.34,207.20,1,-1,-1,-1
137,800,687.10,102.89,75.16,198.37,1,-1,-1,-1
137,804,1161.88,753.04,80.17,206.80,1,-1,-1,-1
138,796,915.03,43.72,59.44,178.76,1,-1,-1,-1
138,798,1298.57,562.76,87.21,207.14,1,-1,-1,-1
138,802,535.24,315.23,92.00,205.60,1,-1,-1,-1
138,800,678.18,110.84,75.92,200.40,1,-1,-1,-1
138,804,1154.66,755.51,81.46,206.93,1,-1,-1,-1
139,796,924.25,42.56,61.65,185.04,1,-1,-1,-1
139,798,1300.21,556.52,87.35,208.25,1,-1,-1,-1
139,802,539.91,301.75,91.31,204.26,1,-1,-1,-1
139,800,669.11,113.46,77.05,202.18,1,-1,-1,-1
139,804,1146.19,760.63,82.97,206.47,1,-1,-1,-1
140,796,934.26,42.68,61.60,184.62,1,-1,-1,-1
140,798,1303.73,549.64,87.46,207.84,1,-1,-1,-1
140,802,542.23,293.74,91.95,206.37,1,-1,-1,-1
140,800,661.37,122.02,77.11,202.04,1,-1,-1,-1
140,804,1137.76,769.53,83.66,205.02,1,-1,-1,-1
141,796,943.50,42.55,60.54,183.06,1,-1,-1,-1
141,798,1305.67,535.94,88.38,208.88,1,-1,-1,-1
141,802,546.43,282.17,91.65,207.57,1,-1,-1,-1
141,800,654.21,128.74,76.93,200.82,1,-1,-1,-1
141,804,1128.44,774.33,86.11,207.74,1,-1,-1,-1
142,796,956.14,48.59,59.46,180.60,1,-1,-1,-1
142,798,1309.58,522.85,88.76,209.43,1,-1,-1,-1
142,802,549.34,272.27,90.59,207.75,1,-1,-1,-1
142,800,649.69,137.58,76.01,200.05,1,-1,-1,-1
142,804,1119.10,777.39,88.18,209.42,1,-1,-1,-1
143,796,966.78,47.75,58.53,178.68,1,-1,-1,-1
143,798,1311.88,513.73,87.75,208.48,1,-1,-1,-1
143,802,555.05,263.26,89.70,206.98,1,-1,-1,-1
143,800,642.58,141.02,77.16,202.93,1,-1,-1,-1
143,804,1106.65,783.20,90.13,210.17,1,-1,-1,-1
144,796,976.19,47.80,58.31,178.09,1,-1,-1,-1
144,798,1313.91,505.34,87.79,208.78,1,-1,-1,-1
144,802,559.09,256.18,88.02,204.34,1,-1,-1,-1
144,800,634.59,145.74,78.88,205.22,1,-1,-1,-1
144,804,1096.72,788.29,91.02,210.55,1,-1,-1,-1
145,796,986.47,50.06,60.54,183.79,1,-1,-1,-1
145,798,1315.27,494.78,87.61,208.44,1,-1,-1,-1
145,802,562.00,248.02,86.79,204.58,1,-1,-1,-1
145,800,626.86,153.22,79.14,204.64,1,-1,-1,-1
145,804,1087.42,795.08,92.05,211.33,1,-1,-1,-1
146,796,996.82,50.38,60.62,183.68,1,-1,-1,-1
146,798,1315.44,486.15,87.95,208.66,1,-1,-1,-1
146,802,562.47,234.41,86.38,208.71,1,-1,-1,-1
146,800,619.06,159.53,79.37,204.21,1,-1,-1,-1
146,804,1079.04,799.02,92.34,211.03,1,-1,-1,-1
147,796,1004.88,50.31,61.76,186.57,1,-1,-1,-1
147,798,1318.39,478.68,87.64,207.56,1,-1,-1,-1
147,800,611.03,168.44,79.22,205.07,1,-1,-1,-1
147,804,1068.87,800.95,94.04,211.80,1,-1,-1,-1
148,796,1014.72,52.37,61.24,184.97,1,-1,-1,-1
148,798,1319.08,469.52,88.23,208.81,1,-1,-1,-1
148,800,602.63,175.24,80.01,207.11,1,-1,-1,-1
148,804,1059.67,806.16,94.38,211.10,1,-1,-1,-1
149,796,1026.67,56.75,61.31,184.99,1,-1,-1,-1
149,798,1319.89,457.71,87.56,208.04,1,-1,-1,-1
149,800,595.27,182.21,80.64,207.70,1,-1,-1,-1
149,804,1050.84,809.22,94.87,212.11,1,-1,-1,-1
150,796,1035.67,58.33,62.07,186.97,1,-1,-1,-1
150,798,1320.55,447.13,87.16,208.00,1,-1,-1,-1
150,800,587.58,185.99,82.10,209.97,1,-1,-1,-1
150,804,1039.65,814.23,95.09,212.15,1,-1,-1,-1
151,796,1043.86,64.02,62.48,189.03,1,-1,-1,-1
151,798,1321.47,434.89,86.11,206.39,1,-1,-1,-1
151,800,580.42,196.43,81.87,208.07,1,-1,-1,-1
151,804,1029.61,816.53,96.10,213.33,1,-1,-1,-1
152,796,1054.16,62.75,61.46,186.25,1,-1,-1,-1
152,798,1320.86,425.51,86.09,207.20,1,-1,-1,-1
152,800,576.30,205.72,82.78,208.70,1,-1,-1,-1
152,804,1020.82,816.07,96.58,214.43,1,-1,-1,-1
153,796,1063.78,65.55,61.37,187.74,1,-1,-1,-1
153,798,1321.10,416.23,85.64,206.60,1,-1,-1,-1
153,800,571.01,210.87,81.93,207.64,1,-1,-1,-1
153,804,1011.32,821.56,96.62,212.29,1,-1,-1,-1
154,796,1071.63,70.51,60.89,186.88,1,-1,-1,-1
154,798,1320.93,408.72,84.21,204.90,1,-1,-1,-1
154,800,567.90,222.92,81.30,207.17,1,-1,-1,-1
154,804,1002.67,824.21,96.23,210.24,1,-1,-1,-1
154,802,634.44,177.11,80.01,201.49,1,-1,-1,-1
155,796,1083.56,78.53,60.72,185.62,1,-1,-1,-1
155,798,1317.65,395.71,85.25,206.72,1,-1,-1,-1
155,800,562.76,230.14,80.94,207.65,1,-1,-1,-1
155,804,990.42,824.00,96.92,210.62,1,-1,-1,-1
155,802,639.54,170.51,77.84,199.23,1,-1,-1,-1
156,796,1092.89,80.59,61.42,187.87,1,-1,-1,-1
156,798,1315.48,388.46,86.16,207.48,1,-1,-1,-1
156,800,556.20,240.26,81.11,207.49,1,-1,-1,-1
156,804,980.54,825.64,97.25,210.87,1,-1,-1,-1
156,802,640.90,161.12,78.89,203.06,1,-1,-1,-1
157,796,1101.73,83.91,61.51,187.31,1,-1,-1,-1
157,798,1315.01,376.64,85.92,207.63,1,-1,-1,-1
157,800,552.19,251.48,82.06,208.08,1,-1,-1,-1
157,804,971.36,824.79,97.45,211.10,1,-1,-1,-1
157,802,643.42,154.23,80.30,203.94,1,-1,-1,-1
158,796,1111.55,91.11,59.84,182.43,1,-1,-1,-1
158,798,1313.61,365.72,86.62,209.21,1,-1,-1,-1
158,800,546.96,259.11,81.83,206.02,1,-1,-1,-1
158,804,961.96,831.02,97.44,209.31,1,-1,-1,-1
158,802,649.65,147.64,79.53,201.39,1,-1,-1,-1
159,796,1120.54,95.21,59.01,179.47,1,-1,-1,-1
159,798,1312.48,358.42,85.47,207.09,1,-1,-1,-1
159,800,544.12,267.32,81.48,205.88,1,-1,-1,-1
159,804,953.73,832.51,97.16,208.44,1,-1,-1,-1
159,802,656.29,142.77,81.45,203.23,1,-1,-1,-1
160,796,1128.75,100.93,59.44,180.78,1,-1,-1,-1
160,798,1309.26,349.42,85.84,208.19,1,-1,-1,-1
160,800,539.81,275.32,80.45,203.76,1,-1,-1,-1
160,804,941.23,835.17,97.00,206.64,1,-1,-1,-1
160,802,662.22,139.39,80.24,199.28,1,-1,-1,-1
161,796,1135.83,105.55,60.78,184.16,1,-1,-1,-1
161,798,1306.72,341.68,86.03,206.81,1,-1,-1,-1
161,800,536.40,288.37,81.03,205.61,1,-1,-1,-1
161,804,931.79,837.68,97.05,207.58,1,-1,-1,-1
161,802,668.56,130.98,80.86,200.02,1,-1,-1,-1
162,796,1148.42,114.47,57.14,173.61,1,-1,-1,-1
162,798,1304.83,332.46,84.97,205.27,1,-1,-1,-1
162,800,530.62,299.66,82.85,207.73,1,-1,-1,-1
162,804,922.36,838.22,97.25,209.00,1,-1,-1,-1
162,802,676.35,124.68,80.25,197.13,1,-1,-1,-1
163,796,1158.31,120.39,56.77,173.25,1,-1,-1,-1
163,798,1300.93,322.24,85.16,204.73,1,-1,-1,-1
163,800,527.21,309.21,84.67,209.43,1,-1,-1,-1
163,804,911.03,836.33,96.43,208.09,1,-1,-1,-1
163,802,683.83,120.93,80.73,198.50,1,-1,-1,-1
164,796,1167.02,122.94,56.90,173.84,1,-1,-1,-1
164,798,1298.50,309.61,85.33,204.04,1,-1,-1,-1
164,800,525.85,314.80,84.64,209.67,1,-1,-1,-1
164,804,901.69,838.54,95.97,207.91,1,-1,-1,-1
164,802,691.79,115.11,80.82,197.81,1,-1,-1,-1
165,796,1175.26,128.93,56.46,172.32,1,-1,-1,-1
165,798,1296.03,301.25,86.02,205.96,1,-1,-1,-1
165,800,521.09,324.06,85.58,210.23,1,-1,-1,-1
165,804,893.05,836.03,95.09,207.24,1,-1,-1,-1
165,802,699.74,107.82,81.50,198.45,1,-1,-1,-1
166,796,1182.26,134.83,57.43,176.27,1,-1,-1,-1
166,798,1291.95,290.39,85.84,205.97,1,-1,-1,-1
166,800,518.41,331.62,86.83,212.67,1,-1,-1,-1
166,804,883.21,833.99,95.03,207.29,1,-1,-1,-1
166,802,707.54,101.55,82.10,198.60,1,-1,-1,-1
167,796,1192.65,147.09,54.19,166.65,1,-1,-1,-1
167,798,1289.17,282.16,85.15,205.74,1,-1,-1,-1
167,800,515.10,342.85,85.13,208.91,1,-1,-1,-1
167,804,874.21,834.86,94.87,205.82,1,-1,-1,-1
167,802,717.18,95.94,80.33,195.76,1,-1,-1,-1
168,796,1201.70,153.65,51.89,159.68,1,-1,-1,-1
168,798,1285.20,275.44,84.19,203.95,1,-1,-1,-1
168,800,512.38,353.32,85.78,208.62,1,-1,-1,-1
168,804,862.27,832.41,96.00,209.09,1,-1,-1,-1
168,802,725.38,88.20,80.22,195.55,1,-1,-1,-1
169,798,1282.24,265.88,83.11,203.76,1,-1,-1,-1
169,800,511.50,363.68,86.66,210.96,1,-1,-1,-1
169,804,852.30,832.68,95.71,209.29,1,-1,-1,-1
169,802,735.58,84.85,81.32,196.87,1,-1,-1,-1
170,798,1277.40,256.07,83.23,205.47,1,-1,-1,-1
170,800,511.15,374.85,86.27,210.12,1,-1,-1,-1
170,804,842.57,828.44,95.68,208.77,1,-1,-1,-1
170,802,744.46,77.87,81.35,197.17,1,-1,-1,-1
170,796,1209.34,162.54,59.42,182.40,1,-1,-1,-1
171,798,1274.58,246.75,81.03,201.34,1,-1,-1,-1
171,800,509.67,384.00,87.29,211.36,1,-1,-1,-1
171,804,833.02,825.12,97.17,209.92,1,-1,-1,-1
171,802,754.04,74.99,80.78,196.84,1,-1,-1,-1
172,798,1270.63,240.06,80.67,202.48,1,-1,-1,-1
172,800,509.19,391.28,87.89,211.37,1,-1,-1,-1
172,804,821.72,824.88,97.66,209.86,1,-1,-1,-1
172,802,762.14,68.96,82.30,199.59,1,-1,-1,-1
172,796,1226.99,178.46,60.47,184.15,1,-1,-1,-1
173,798,1269.73,228.69,79.52,202.85,1,-1,-1,-1
173,800,509.49,401.66,86.67,209.34,1,-1,-1,-1
173,804,811.76,825.17,97.31,209.04,1,-1,-1,-1
173,802,771.12,67.21,82.44,199.68,1,-1,-1,-1
173,796,1230.66,184.92,62.15,189.63,1,-1,-1,-1
174,798,1277.86,220.42,68.20,178.59,1,-1,-1,-1
174,800,506.34,414.81,86.14,207.08,1,-1,-1,-1
174,804,800.96,819.13,99.13,211.28,1,-1,-1,-1
174,802,779.73,66.38,82.82,201.01,1,-1,-1,-1
174,796,1237.11,193.10,61.60,190.27,1,-1,-1,-1
175,798,1284.02,213.67,61.98,167.45,1,-1,-1,-1
175,800,505.72,426.25,85.71,206.57,1,-1,-1,-1
175,804,792.77,817.06,98.12,209.67,1,-1,-1,-1
175,802,789.57,62.95,81.03,197.95,1,-1,-1,-1
175,796,1240.44,199.74,61.87,192.52,1,-1,-1,-1
176,800,505.46,432.85,85.52,206.66,1,-1,-1,-1
176,804,784.28,815.70,98.09,209.70,1,-1,-1,-1
176,802,800.42,59.45,81.70,198.79,1,-1,-1,-1
176,796,1246.46,207.73,61.66,191.42,1,-1,-1,-1
177,800,506.07,446.93,84.80,205.31,1,-1,-1,-1
177,804,773.32,813.56,97.76,209.69,1,-1,-1,-1
177,802,809.08,51.17,82.77,201.60,1,-1,-1,-1
177,796,1252.54,215.16,62.80,192.90,1,-1,-1,-1
178,800,505.26,456.13,85.86,205.48,1,-1,-1,-1
178,804,763.51,808.40,98.17,211.49,1,-1,-1,-1
178,802,819.33,51.14,82.33,200.46,1,-1,-1,-1
178,796,1260.13,219.07,62.63,191.68,1,-1,-1,-1
178,798,1250.43,184.28,60.03,159.74,1,-1,-1,-1
179,800,505.27,465.67,86.47,205.29,1,-1,-1,-1
179,804,754.79,803.56,96.84,209.80,1,-1,-1,-1
179,802,828.33,46.06,82.32,200.63,1,-1,-1,-1
179,796,1262.64,228.34,64.41,196.30,1,-1,-1,-1
179,798,1233.35,176.81,71.58,188.56,1,-1,-1,-1
180,800,507.82,474.11,88.15,207.74,1,-1,-1,-1
180,804,745.69,799.86,96.60,209.24,1,-1,-1,-1
180,802,839.31,43.29,83.16,201.55,1,-1,-1,-1
180,796,1268.74,240.79,63.09,192.95,1,-1,-1,-1
180,798,1224.60,170.58,74.79,197.75,1,-1,-1,-1
181,800,510.12,486.25,87.65,206.55,1,-1,-1,-1
181,804,733.77,796.93,97.72,210.45,1,-1,-1,-1
181,802,849.98,43.83,82.15,199.11,1,-1,-1,-1
181,796,1275.32,250.73,61.45,189.60,1,-1,-1,-1
181,798,1216.77,164.19,75.78,201.22,1,-1,-1,-1
182,800,511.21,492.72,87.50,206.02,1,-1,-1,-1
182,804,727.49,791.15,97.35,209.10,1,-1,-1,-1
182,802,858.46,43.20,82.77,200.94,1,-1,-1,-1
182,796,1279.04,255.26,62.21,192.30,1,-1,-1,-1
182,798,1208.14,156.85,75.56,200.92,1,-1,-1,-1
183,800,511.80,505.17,88.29,207.05,1,-1,-1,-1
183,804,716.84,785.31,98.03,210.03,1,-1,-1,-1
183,802,867.81,44.02,82.08,199.64,1,-1,-1,-1
183,796,1281.81,264.03,61.17,189.50,1,-1,-1,-1
183,798,1200.88,154.18,75.66,201.32,1,-1,-1,-1
184,800,515.84,514.25,88.25,208.59,1,-1,-1,-1
184,804,707.39,783.73,98.54,209.99,1,-1,-1,-1
184,802,879.56,38.13,83.24,201.16,1,-1,-1,-1
184,796,1286.95,276.57,61.47,189.87,1,-1,-1,-1
184,798,1195.83,149.76,74.66,199.71,1,-1,-1,-1
185,800,518.26,525.68,87.57,207.26,1,-1,-1,-1
185,804,699.25,776.53,98.26,209.20,1,-1,-1,-1
185,802,889.09,39.92,83.17,200.24,1,-1,-1,-1
185,796,1292.37,285.61,61.53,190.97,1,-1,-1,-1
185,798,1188.85,142.16,74.68,200.23,1,-1,-1,-1
186,800,520.02,531.32,87.03,206.99,1,-1,-1,-1
186,804,691.23,773.98,97.96,208.04,1,-1,-1,-1
186,802,898.62,36.66,82.96,200.24,1,-1,-1,-1
186,796,1295.02,294.66,62.05,191.50,1,-1,-1,-1
186,798,1181.37,135.36,73.49,198.99,1,-1,-1,-1
187,800,521.69,542.57,87.01,207.26,1,-1,-1,-1
187,804,682.65,769.81,98.24,208.70,1,-1,-1,-1
187,802,906.93,34.81,83.39,200.39,1,-1,-1,-1
187,796,1298.50,303.61,63.10,193.85,1,-1,-1,-1
187,798,1173.40,126.47,73.95,201.13,1,-1,-1,-1
188,800,525.28,552.22,87.66,208.16,1,-1,-1,-1
188,804,675.01,763.14,97.95,208.09,1,-1,-1,-1
188,802,916.61,36.68,83.08,199.14,1,-1,-1,-1
188,796,1301.59,315.26,63.78,195.41,1,-1,-1,-1
188,798,1165.21,121.53,73.78,201.62,1,-1,-1,-1
189,800,527.54,561.56,88.68,209.78,1,-1,-1,-1
189,804,667.17,757.69,97.98,208.55,1,-1,-1,-1
189,802,927.75,37.04,82.65,199.61,1,-1,-1,-1
189,796,1306.90,322.42,62.41,191.65,1,-1,-1,-1
189,798,1157.90,117.05,73.13,200.20,1,-1,-1,-1
190,800,529.41,572.96,88.22,208.67,1,-1,-1,-1
190,804,660.18,749.46,96.27,207.10,1,-1,-1,-1
190,802,937.57,36.65,82.64,199.84,1,-1,-1,-1
190,796,1309.79,329.87,62.11,190.98,1,-1,-1,-1
190,798,1147.32,109.57,73.77,201.91,1,-1,-1,-1
191,800,533.24,582.57,88.71,210.37,1,-1,-1,-1
191,804,652.27,743.38,96.48,207.10,1,-1,-1,-1
191,802,947.90,41.47,81.50,198.01,1,-1,-1,-1
191,796,1310.95,341.84,63.55,194.69,1,-1,-1,-1
191,798,1138.15,106.45,73.74,201.08,1,-1,-1,-1
192,800,535.07,590.27,89.44,209.30,1,-1,-1,-1
192,804,644.95,740.81,96.10,206.94,1,-1,-1,-1
192,802,956.47,37.35,82.17,198.95,1,-1,-1,-1
192,796,1311.33,349.21,64.70,196.83,1,-1,-1,-1
192,798,1129.99,101.64,72.90,198.73,1,-1,-1,-1
193,800,539.19,599.13,91.33,212.81,1,-1,-1,-1
193,804,636.66,730.02,96.10,208.28,1,-1,-1,-1
193,802,967.61,37.08,82.37,200.73,1,-1,-1,-1
193,796,1314.74,359.23,65.10,196.19,1,-1,-1,-1
193,798,1121.46,96.73,73.41,199.76,1,-1,-1,-1
194,800,543.74,608.83,89.86,210.97,1,-1,-1,-1
194,804,629.48,726.35,95.35,207.81,1,-1,-1,-1
194,802,977.33,41.77,82.73,200.75,1,-1,-1,-1
194,796,1316.68,371.31,65.49,196.15,1,-1,-1,-1
194,798,1112.85,91.10,73.16,199.05,1,-1,-1,-1
195,800,545.11,615.43,89.58,209.39,1,-1,-1,-1
195,804,621.63,719.23,95.46,209.12,1,-1,-1,-1
195,802,987.66,41.87,82.69,200.72,1,-1,-1,-1
195,796,1316.96,376.34,66.47,197.86,1,-1,-1,-1
195,798,1104.00,85.06,72.89,199.57,1,-1,-1,-1
196,800,550.99,624.73,88.48,208.55,1,-1,-1,-1
196,804,614.05,711.78,95.00,207.95,1,-1,-1,-1
196,802,996.35,47.32,82.92,200.68,1,-1,-1,-1
196,796,1317.68,384.23,66.62,197.87,1,-1,-1,-1
196,798,1095.66,80.95,73.18,199.30,1,-1,-1,-1
197,800,558.06,630.62,85.70,203.77,1,-1,-1,-1
197,804,606.35,703.18,94.65,208.14,1,-1,-1,-1
197,802,1008.11,45.65,83.29,200.15,1,-1,-1,-1
197,796,1318.03,397.02,66.01,196.96,1,-1,-1,-1
197,798,1087.55,76.33,73.47,199.54,1,-1,-1,-1
198,800,563.84,641.55,81.04,192.80,1,-1,-1,-1
198,804,600.56,693.69,96.08,210.74,1,-1,-1,-1
198,802,1013.24,49.90,82.84,199.89,1,-1,-1,-1
198,796,1322.11,406.96,64.50,193.89,1,-1,-1,-1
198,798,1078.01,71.14,73.21,199.32,1,-1,-1,-1
199,800,569.32,653.71,81.58,193.64,1,-1,-1,-1
199,804,594.62,687.82,95.86,209.85,1,-1,-1,-1
199,802,1022.35,54.33,79.52,193.19,1,-1,-1,-1
199,796,1319.71,414.09,65.30,196.24,1,-1,-1,-1
199,798,1065.77,62.34,74.69,202.52,1,-1,-1,-1
200,804,588.14,679.83,95.87,209.96,1,-1,-1,-1
200,796,1322.46,424.14,64.37,194.14,1,-1,-1,-1
200,798,1057.22,59.51,74.67,201.44,1,-1,-1,-1
201,804,582.14,673.44,94.87,208.09,1,-1,-1,-1
201,796,1328.35,431.31,55.45,163.61,1,-1,-1,-1
201,798,1046.71,59.74,74.66,200.36,1,-1,-1,-1
202,804,575.90,661.78,98.62,217.38,1,-1,-1,-1
202,796,1323.87,442.38,63.67,187.67,1,-1,-1,-1
202,798,1038.71,57.81,73.73,198.93,1,-1,-1,-1
203,804,569.95,652.15,98.91,219.61,1,-1,-1,-1
203,796,1319.27,456.04,66.40,195.66,1,-1,-1,-1
203,798,1030.40,59.15,73.40,198.85,1,-1,-1,-1
203,802,1077.43,72.67,75.64,188.64,1,-1,-1,-1
204,804,559.35,642.89,107.48,240.36,1,-1,-1,-1
204,796,1317.58,466.77,67.09,198.43,1,-1,-1,-1
204,798,1018.54,57.76,73.55,199.25,1,-1,-1,-1
204,802,1085.23,74.08,75.44,191.30,1,-1,-1,-1
205,804,559.33,637.37,98.84,221.72,1,-1,-1,-1
205,796,1316.06,477.21,67.99,201.19,1,-1,-1,-1
205,798,1008.74,53.80,74.14,200.65,1,-1,-1,-1
205,802,1089.00,71.48,77.69,198.06,1,-1,-1,-1
206,804,554.16,627.64,96.71,217.13,1,-1,-1,-1
206,796,1314.71,485.51,68.88,202.96,1,-1,-1,-1
206,798,998.48,46.48,74.97,202.61,1,-1,-1,-1
206,802,1095.64,74.98,78.71,198.77,1,-1,-1,-1
207,804,549.89,622.56,93.37,209.86,1,-1,-1,-1
207,796,1313.29,492.26,69.93,204.42,1,-1,-1,-1
207,798,989.01,49.03,74.38,200.89,1,-1,-1,-1
207,802,1102.95,76.41,80.13,200.80,1,-1,-1,-1
207,800,623.90,713.01,86.57,209.14,1,-1,-1,-1
208,804,546.43,609.52,93.20,209.36,1,-1,-1,-1
208,796,1313.65,506.32,68.81,202.42,1,-1,-1,-1
208,798,977.66,44.31,74.97,202.76,1,-1,-1,-1
208,802,1112.92,82.94,80.73,200.78,1,-1,-1,-1
208,800,630.76,719.02,87.35,212.73,1,-1,-1,-1
209,804,540.38,603.98,95.05,211.70,1,-1,-1,-1
209,796,1312.11,513.64,69.26,203.79,1,-1,-1,-1
209,798,968.31,44.63,73.68,200.58,1,-1,-1,-1
209,802,1122.77,84.94,80.11,198.80,1,-1,-1,-1
209,800,639.54,727.37,86.05,211.65,1,-1,-1,-1
210,804,537.25,596.16,95.21,211.94,1,-1,-1,-1
210,796,1309.02,526.57,69.25,203.98,1,-1,-1,-1
210,798,959.51,43.63,72.88,200.35,1,-1,-1,-1
210,802,1131.48,95.51,79.70,197.50,1,-1,-1,-1
210,800,646.80,732.31,87.08,213.34,1,-1,-1,-1
211,804,533.98,586.23,93.99,209.96,1,-1,-1,-1
211,796,1307.41,532.44,68.70,203.12,1,-1,-1,-1
211,798,947.01,41.91,73.44,200.74,1,-1,-1,-1
211,802,1140.38,99.02,80.85,198.68,1,-1,-1,-1
211,800,655.32,738.05,85.98,211.71,1,-1,-1,-1
212,804,531.22,576.07,93.13,208.95,1,-1,-1,-1
212,796,1304.86,544.27,69.57,204.26,1,-1,-1,-1
212,798,937.82,44.87,72.47,198.29,1,-1,-1,-1
212,802,1148.23,105.73,80.91,198.35,1,-1,-1,-1
212,800,663.48,747.61,85.39,210.60,1,-1,-1,-1
213,804,526.39,567.30,93.24,209.04,1,-1,-1,-1
213,796,1301.14,554.59,69.48,203.78,1,-1,-1,-1
213,798,928.59,43.15,72.53,198.49,1,-1,-1,-1
213,802,1157.14,109.90,80.86,197.43,1,-1,-1,-1
213,800,671.32,751.60,86.20,213.04,1,-1,-1,-1
214,804,523.98,554.39,93.80,210.89,1,-1,-1,-1
214,796,1299.04,559.38,69.47,204.23,1,-1,-1,-1
214,798,919.49,44.74,71.75,197.84,1,-1,-1,-1
214,802,1164.48,114.33,81.73,198.91,1,-1,-1,-1
214,800,679.12,759.79,85.93,212.27,1,-1,-1,-1
215,804,522.01,544.94,93.88,209.47,1,-1,-1,-1
215,796,1296.48,570.59,69.93,203.61,1,-1,-1,-1
215,798,910.26,40.36,70.61,196.07,1,-1,-1,-1
215,802,1172.50,121.36,81.59,198.41,1,-1,-1,-1
215,800,687.12,765.44,86.52,211.82,1,-1,-1,-1
216,804,518.95,536.15,93.20,208.09,1,-1,-1,-1
216,796,1291.87,579.94,70.06,203.07,1,-1,-1,-1
216,798,898.74,40.59,72.01,199.36,1,-1,-1,-1
216,802,1179.87,130.19,81.39,197.76,1,-1,-1,-1
216,800,695.33,770.11,86.35,211.64,1,-1,-1,-1
217,804,517.49,527.30,92.77,207.62,1,-1,-1,-1
217,796,1288.71,587.16,70.68,203.79,1,-1,-1,-1
217,798,888.69,38.05,72.43,200.06,1,-1,-1,-1
217,802,1187.54,135.09,81.87,197.27,1,-1,-1,-1
217,800,703.09,774.26,86.94,210.74,1,-1,-1,-1
218,804,515.85,519.12,92.82,206.75,1,-1,-1,-1
218,796,1283.58,596.21,70.81,204.08,1,-1,-1,-1
218,798,878.68,37.67,71.75,199.55,1,-1,-1,-1
218,802,1195.32,140.70,81.52,196.49,1,-1,-1,-1
218,800,710.52,781.21,88.41,212.53,1,-1,-1,-1
219,804,513.68,506.40,94.60,209.06,1,-1,-1,-1
219,796,1281.58,607.61,70.74,204.81,1,-1,-1,-1
219,798,869.93,41.49,71.23,199.28,1,-1,-1,-1
219,802,1202.98,146.59,82.13,197.70,1,-1,-1,-1
219,800,719.33,789.26,88.02,211.02,1,-1,-1,-1
220,804,510.60,496.46,94.41,209.11,1,-1,-1,-1
220,796,1275.35,613.83,71.33,205.03,1,-1,-1,-1
220,798,858.99,47.32,71.72,199.42,1,-1,-1,-1
220,802,1209.30,149.64,83.15,198.47,1,-1,-1,-1
220,800,727.21,792.09,88.60,210.71,1,-1,-1,-1
221,804,508.23,486.08,95.10,209.65,1,-1,-1,-1
221,796,1271.36,624.46,71.78,205.83,1,-1,-1,-1
221,798,848.57,49.72,72.50,201.13,1,-1,-1,-1
221,802,1216.32,160.23,84.00,199.65,1,-1,-1,-1
221,800,735.68,794.93,88.64,209.98,1,-1,-1,-1
222,804,508.48,478.79,94.27,208.44,1,-1,-1,-1
222,796,1265.32,634.76,72.53,206.20,1,-1,-1,-1
222,798,839.43,46.70,72.01,200.53,1,-1,-1,-1
222,802,1221.13,169.25,84.28,199.91,1,-1,-1,-1
222,800,744.21,799.27,88.50,209.70,1,-1,-1,-1
223,804,507.34,466.28,94.82,208.63,1,-1,-1,-1
223,796,1258.96,641.86,72.90,206.49,1,-1,-1,-1
223,798,831.19,51.05,70.26,197.18,1,-1,-1,-1
223,802,1226.67,172.65,85.85,201.38,1,-1,-1,-1
223,800,752.82,806.03,88.09,207.79,1,-1,-1,-1
224,804,506.55,455.61,95.73,210.30,1,-1,-1,-1
224,796,1254.44,649.61,74.33,209.90,1,-1,-1,-1
224,798,822.41,53.92,69.70,196.98,1,-1,-1,-1
224,802,1233.87,180.66,84.96,199.46,1,-1,-1,-1
224,800,764.50,810.03,88.41,209.12,1,-1,-1,-1
225,804,506.23,443.23,95.57,209.17,1,-1,-1,-1
225,796,1248.35,654.48,75.29,212.52,1,-1,-1,-1
225,798,810.63,56.16,70.73,199.92,1,-1,-1,-1
225,802,1239.42,185.62,87.13,203.78,1,-1,-1,-1
225,800,773.69,809.68,89.25,210.87,1,-1,-1,-1
226,804,506.05,434.10,95.00,206.82,1,-1,-1,-1
226,796,1241.24,662.71,75.36,211.13,1,-1,-1,-1
226,798,800.88,57.44,71.66,202.03,1,-1,-1,-1
226,802,1243.62,197.92,87.93,204.73,1,-1,-1,-1
226,800,782.74,811.03,89.03,210.78,1,-1,-1,-1
227,804,507.38,423.85,94.17,206.59,1,-1,-1,-1
227,796,1236.15,674.17,76.73,213.06,1,-1,-1,-1
227,798,791.87,63.69,71.12,199.65,1,-1,-1,-1
227,802,1249.48,205.99,88.96,207.01,1,-1,-1,-1
227,800,790.97,815.33,89.85,211.91,1,-1,-1,-1
228,804,506.97,413.58,95.29,208.86,1,-1,-1,-1
228,796,1229.60,682.71,77.79,214.89,1,-1,-1,-1
228,798,782.70,66.29,71.41,199.13,1,-1,-1,-1
228,802,1255.64,209.32,89.54,207.73,1,-1,-1,-1
228,800,799.46,816.05,90.24,212.34,1,-1,-1,-1
229,804,507.54,401.99,95.23,209.26,1,-1,-1,-1
229,796,1222.45,689.18,77.80,212.74,1,-1,-1,-1
229,798,773.71,69.99,71.72,198.76,1,-1,-1,-1
229,802,1261.86,221.48,89.75,207.89,1,-1,-1,-1
229,800,811.28,816.61,90.88,212.99,1,-1,-1,-1
230,804,506.52,392.38,96.19,209.74,1,-1,-1,-1
230,796,1215.46,695.03,78.02,212.19,1,-1,-1,-1
230,798,762.84,75.86,72.23,198.99,1,-1,-1,-1
230,802,1265.74,231.58,89.54,207.58,1,-1,-1,-1
230,800,821.13,821.60,91.03,212.28,1,-1,-1,-1
231,804,508.11,382.46,95.85,210.23,1,-1,-1,-1
231,796,1208.36,703.04,77.87,212.27,1,-1,-1,-1
231,798,753.42,78.45,72.05,198.78,1,-1,-1,-1
231,802,1270.24,239.60,90.62,209.60,1,-1,-1,-1
231,800,830.39,823.08,91.03,212.41,1,-1,-1,-1
232,804,508.61,372.54,95.87,210.56,1,-1,-1,-1
232,796,1203.03,709.81,78.23,213.18,1,-1,-1,-1
232,798,743.94,86.90,72.58,199.67,1,-1,-1,-1
232,802,1273.73,246.84,90.28,209.12,1,-1,-1,-1
232,800,839.12,823.70,90.91,212.18,1,-1,-1,-1
233,804,511.64,361.12,96.39,211.07,1,-1,-1,-1
233,796,1192.82,716.56,78.97,214.76,1,-1,-1,-1
233,798,735.91,93.04,72.06,198.29,1,-1,-1,-1
233,802,1279.13,255.16,89.62,208.30,1,-1,-1,-1
233,800,847.67,824.91,91.00,212.51,1,-1,-1,-1
234,804,513.11,352.60,96.25,210.77,1,-1,-1,-1
234,796,1187.44,724.21,78.59,213.06,1,-1,-1,-1
234,798,726.66,94.55,72.49,199.04,1,-1,-1,-1
234,802,1282.09,264.36,90.18,208.51,1,-1,-1,-1
234,800,860.30,830.07,90.67,212.26,1,-1,-1,-1
235,804,515.44,343.69,95.13,207.23,1,-1,-1,-1
235,796,1181.97,733.05,77.71,210.63,1,-1,-1,-1
235,798,718.24,99.48,72.76,198.75,1,-1,-1,-1
235,802,1287.52,277.28,90.29,207.93,1,-1,-1,-1
235,800,869.83,832.02,91.21,212.72,1,-1,-1,-1
236,804,517.33,336.05,94.92,206.47,1,-1,-1,-1
236,796,1174.01,741.18,78.14,211.80,1,-1,-1,-1
236,798,709.76,106.18,73.00,199.35,1,-1,-1,-1
236,802,1290.23,287.36,89.97,206.93,1,-1,-1,-1
236,800,878.23,827.18,92.39,213.76,1,-1,-1,-1
237,804,520.21,328.40,95.86,207.78,1,-1,-1,-1
237,796,1165.47,743.46,79.22,213.74,1,-1,-1,-1
237,798,702.31,108.92,72.49,198.74,1,-1,-1,-1
237,802,1295.22,296.63,90.49,207.73,1,-1,-1,-1
237,800,887.60,831.11,91.54,211.65,1,-1,-1,-1
238,804,523.61,316.13,94.83,206.93,1,-1,-1,-1
238,796,1156.14,748.71,81.19,216.49,1,-1,-1,-1
238,798,694.27,116.73,71.38,197.07,1,-1,-1,-1
238,802,1298.03,304.74,90.29,207.94,1,-1,-1,-1
238,800,899.30,832.01,92.32,213.24,1,-1,-1,-1
239,804,524.70,305.79,95.11,207.32,1,-1,-1,-1
239,796,1148.21,756.88,81.09,214.85,1,-1,-1,-1
239,798,686.07,124.55,71.16,196.90,1,-1,-1,-1
239,802,1302.31,313.42,89.89,207.55,1,-1,-1,-1
239,800,909.88,832.45,91.81,212.81,1,-1,-1,-1
240,804,526.29,296.37,95.09,207.12,1,-1,-1,-1
240,796,1140.03,763.99,81.17,213.71,1,-1,-1,-1
240,798,677.91,129.48,72.15,199.04,1,-1,-1,-1
240,802,1305.47,322.45,89.81,206.57,1,-1,-1,-1
240,800,918.79,830.64,92.09,212.27,1,-1,-1,-1
241,804,531.36,285.59,95.25,208.50,1,-1,-1,-1
241,796,1131.45,767.99,81.11,213.05,1,-1,-1,-1
241,798,670.34,132.66,72.47,199.82,1,-1,-1,-1
241,802,1309.08,333.31,91.24,208.93,1,-1,-1,-1
241,800,926.98,830.20,93.00,214.51,1,-1,-1,-1
242,804,534.23,279.53,94.40,207.21,1,-1,-1,-1
242,796,1123.61,774.74,80.21,212.13,1,-1,-1,-1
242,798,662.95,138.14,72.68,200.23,1,-1,-1,-1
242,802,1310.77,341.39,92.20,209.96,1,-1,-1,-1
242,800,939.48,826.48,92.51,213.79,1,-1,-1,-1
243,804,538.90,271.12,93.57,206.53,1,-1,-1,-1
243,796,1115.69,781.08,80.52,212.67,1,-1,-1,-1
243,798,655.42,145.60,72.52,200.48,1,-1,-1,-1
243,802,1313.15,353.20,90.80,206.79,1,-1,-1,-1
243,800,949.93,828.29,91.95,213.53,1,-1,-1,-1
244,804,545.19,259.70,93.04,207.27,1,-1,-1,-1
244,796,1107.21,783.51,80.51,212.72,1,-1,-1,-1
244,798,648.07,154.77,73.22,200.18,1,-1,-1,-1
244,802,1314.08,362.50,90.50,205.21,1,-1,-1,-1
244,800,959.83,826.51,90.40,211.83,1,-1,-1,-1
245,804,550.20,251.12,91.43,205.64,1,-1,-1,-1
245,796,1095.46,789.50,80.69,212.99,1,-1,-1,-1
245,798,641.11,162.15,73.47,199.51,1,-1,-1,-1
245,802,1317.19,374.13,91.31,206.77,1,-1,-1,-1
245,800,968.63,824.66,90.23,212.16,1,-1,-1,-1
246,804,553.53,243.23,89.62,206.19,1,-1,-1,-1
246,796,1085.44,790.91,81.50,215.55,1,-1,-1,-1
246,798,635.25,166.70,73.97,200.36,1,-1,-1,-1
246,802,1318.83,382.79,91.61,207.31,1,-1,-1,-1
246,800,977.26,822.82,89.58,211.56,1,-1,-1,-1
247,804,554.20,235.21,88.00,206.23,1,-1,-1,-1
247,796,1077.17,795.77,80.45,213.95,1,-1,-1,-1
247,798,628.74,172.08,75.67,203.50,1,-1,-1,-1
247,802,1319.47,390.60,92.55,208.42,1,-1,-1,-1
247,800,989.21,821.54,89.28,211.08,1,-1,-1,-1
248,804,559.67,227.38,85.07,204.81,1,-1,-1,-1
248,796,1069.06,804.44,79.27,211.09,1,-1,-1,-1
248,798,622.36,183.30,74.85,201.95,1,-1,-1,-1
248,802,1320.21,400.90,91.58,206.94,1,-1,-1,-1
248,800,999.60,820.83,88.58,211.28,1,-1,-1,-1
249,804,564.39,218.60,78.00,192.32,1,-1,-1,-1
249,796,1059.81,807.01,79.64,212.74,1,-1,-1,-1
249,798,613.83,188.25,75.19,204.29,1,-1,-1,-1
249,802,1320.52,413.92,92.30,206.69,1,-1,-1,-1
249,800,1008.46,817.19,87.76,212.63,1,-1,-1,-1
250,796,1040.20,805.51,82.30,217.45,1,-1,-1,-1
250,798,605.44,196.44,77.03,208.17,1,-1,-1,-1
250,802,1320.16,423.04,92.94,207.54,1,-1,-1,-1
