1,1486,636.13,270.30,98.27,288.42,1,-1,-1,-1
1,1487,911.39,196.41,71.24,199.20,1,-1,-1,-1
1,1488,919.14,432.12,93.47,204.69,1,-1,-1,-1
1,1489,1190.59,35.16,72.04,217.68,1,-1,-1,-1
2,1486,636.03,272.40,97.56,286.06,1,-1,-1,-1
2,1487,905.62,196.61,71.66,200.36,1,-1,-1,-1
2,1488,926.32,434.19,92.44,202.54,1,-1,-1,-1
2,1489,1195.25,37.14,67.51,203.71,1,-1,-1,-1
3,1486,634.67,272.76,97.71,285.95,1,-1,-1,-1
3,1487,897.87,197.31,71.67,200.14,1,-1,-1,-1
3,1488,933.69,435.45,92.65,203.03,1,-1,-1,-1
3,1489,1199.48,37.68,66.70,200.90,1,-1,-1,-1
4,1486,639.16,279.41,77.88,226.05,1,-1,-1,-1
4,1487,889.77,201.80,71.39,198.81,1,-1,-1,-1
4,1488,941.88,436.61,92.17,202.03,1,-1,-1,-1
4,1489,1204.81,43.96,65.09,195.85,1,-1,-1,-1
5,1486,639.61,283.10,71.68,205.53,1,-1,-1,-1
5,1487,880.95,203.47,71.80,199.79,1,-1,-1,-1
5,1488,949.57,439.56,93.15,204.02,1,-1,-1,-1
5,1489,1208.23,46.02,65.61,196.71,1,-1,-1,-1
6,1486,635.88,285.38,69.70,198.29,1,-1,-1,-1
6,1487,873.09,204.70,72.53,201.06,1,-1,-1,-1
6,1488,957.71,441.69,93.00,203.16,1,-1,-1,-1
6,1489,1210.30,46.17,66.39,198.09,1,-1,-1,-1
6,1490,1152.91,124.78,59.24,178.21,1,-1,-1,-1
7,1486,633.21,289.03,70.25,197.34,1,-1,-1,-1
7,1487,866.08,208.82,72.52,199.80,1,-1,-1,-1
7,1488,965.11,442.40,93.61,204.67,1,-1,-1,-1
7,1489,1211.55,46.38,67.42,200.51,1,-1,-1,-1
7,1490,1150.78,128.13,58.40,175.51,1,-1,-1,-1
8,1486,630.25,289.86,71.71,198.64,1,-1,-1,-1
8,1487,857.86,211.20,72.34,198.95,1,-1,-1,-1
8,1488,972.28,446.33,94.40,205.96,1,-1,-1,-1
8,1489,1214.06,51.47,65.94,195.13,1,-1,-1,-1
8,1490,1143.47,131.16,60.10,180.83,1,-1,-1,-1
9,1486,626.35,291.75,72.58,198.14,1,-1,-1,-1
9,1487,852.21,211.63,72.96,200.29,1,-1,-1,-1
9,1488,980.31,448.28,94.42,205.98,1,-1,-1,-1
9,1489,1216.33,52.56,66.51,196.12,1,-1,-1,-1
9,1490,1135.59,132.91,61.24,184.49,1,-1,-1,-1
9,1491,689.29,367.22,83.96,206.33,1,-1,-1,-1
10,1486,623.45,292.35,74.73,200.37,1,-1,-1,-1
10,1487,845.28,213.73,72.44,199.17,1,-1,-1,-1
10,1488,988.07,449.67,94.62,205.80,1,-1,-1,-1
10,1489,1218.21,53.19,67.27,197.73,1,-1,-1,-1
10,1490,1132.07,137.92,61.12,184.58,1,-1,-1,-1
10,1491,690.90,370.09,83.18,204.21,1,-1,-1,-1
11,1486,621.13,294.14,77.00,202.71,1,-1,-1,-1
11,1487,837.50,214.01,73.03,201.01,1,-1,-1,-1
11,1488,996.25,451.26,93.33,202.95,1,-1,-1,-1
11,1489,1219.53,54.10,67.76,199.12,1,-1,-1,-1
11,1490,1125.23,138.03,61.71,186.98,1,-1,-1,-1
11,1491,696.20,371.55,83.19,203.96,1,-1,-1,-1
12,1486,618.99,297.00,78.15,202.76,1,-1,-1,-1
12,1487,830.22,216.48,73.52,202.05,1,-1,-1,-1
12,1488,1003.29,454.37,94.66,205.60,1,-1,-1,-1
12,1489,1222.05,59.09,66.42,195.15,1,-1,-1,-1
12,1490,1122.61,141.97,60.19,182.71,1,-1,-1,-1
12,1491,699.75,374.08,82.05,201.11,1,-1,-1,-1
13,1486,617.05,298.16,80.20,204.60,1,-1,-1,-1
13,1487,822.44,218.33,73.82,202.57,1,-1,-1,-1
13,1488,1011.20,456.95,94.33,204.65,1,-1,-1,-1
13,1489,1224.17,61.23,66.66,195.23,1,-1,-1,-1
13,1490,1114.10,143.33,59.87,183.08,1,-1,-1,-1
13,1491,705.41,376.19,83.46,204.08,1,-1,-1,-1
14,1486,612.99,299.63,81.48,205.13,1,-1,-1,-1
14,1487,815.15,219.72,74.00,202.65,1,-1,-1,-1
14,1488,1018.86,457.10,94.85,205.73,1,-1,-1,-1
14,1489,1224.44,62.16,67.83,197.58,1,-1,-1,-1
14,1490,1108.52,145.34,58.93,180.49,1,-1,-1,-1
14,1491,711.53,378.06,84.13,204.96,1,-1,-1,-1
15,1486,611.44,302.31,82.33,205.27,1,-1,-1,-1
15,1487,807.30,220.35,74.97,204.31,1,-1,-1,-1
15,1488,1023.74,459.37,94.07,203.85,1,-1,-1,-1
15,1489,1224.84,62.68,67.99,197.78,1,-1,-1,-1
15,1490,1101.69,145.67,60.43,185.20,1,-1,-1,-1
15,1491,715.28,379.93,83.85,203.56,1,-1,-1,-1
16,1486,610.05,303.49,83.41,206.04,1,-1,-1,-1
16,1487,800.69,224.28,74.43,202.81,1,-1,-1,-1
16,1488,1029.77,462.23,95.07,206.23,1,-1,-1,-1
16,1489,1224.38,62.55,69.44,199.97,1,-1,-1,-1
16,1490,1095.41,147.28,60.77,186.39,1,-1,-1,-1
16,1491,720.59,382.32,85.20,205.37,1,-1,-1,-1
17,1486,609.69,304.52,84.28,207.17,1,-1,-1,-1
17,1487,793.00,226.67,74.67,201.75,1,-1,-1,-1
17,1488,1036.95,463.77,95.34,207.41,1,-1,-1,-1
17,1489,1224.38,65.94,69.95,199.60,1,-1,-1,-1
17,1490,1087.99,148.06,60.75,186.46,1,-1,-1,-1
17,1491,727.61,383.78,85.39,205.94,1,-1,-1,-1
18,1486,609.12,305.58,85.30,209.05,1,-1,-1,-1
18,1487,787.48,227.67,74.55,201.37,1,-1,-1,-1
18,1488,1043.95,464.81,95.57,207.72,1,-1,-1,-1
18,1489,1223.97,67.88,70.52,199.90,1,-1,-1,-1
18,1490,1080.74,150.45,59.35,182.33,1,-1,-1,-1
18,1491,735.21,385.04,85.80,205.82,1,-1,-1,-1
19,1486,609.06,309.08,85.09,208.17,1,-1,-1,-1
19,1487,777.93,229.65,74.35,199.15,1,-1,-1,-1
19,1488,1051.42,465.57,96.03,208.41,1,-1,-1,-1
19,1489,1223.30,68.74,71.26,201.13,1,-1,-1,-1
19,1490,1072.08,150.76,59.92,183.43,1,-1,-1,-1
19,1491,744.57,385.81,85.08,204.20,1,-1,-1,-1
20,1486,608.73,311.06,85.15,208.07,1,-1,-1,-1
20,1487,772.29,230.34,74.47,200.09,1,-1,-1,-1
20,1488,1058.27,469.14,96.20,209.29,1,-1,-1,-1
20,1489,1222.51,69.18,72.07,202.61,1,-1,-1,-1
20,1490,1067.64,154.53,59.87,183.14,1,-1,-1,-1
20,1491,752.19,386.59,85.25,204.53,1,-1,-1,-1
21,1486,609.16,312.31,84.82,208.10,1,-1,-1,-1
21,1487,766.27,232.03,73.17,197.12,1,-1,-1,-1
21,1488,1062.99,471.21,95.65,209.30,1,-1,-1,-1
21,1489,1222.93,73.77,71.33,200.33,1,-1,-1,-1
21,1490,1061.41,157.01,59.40,181.75,1,-1,-1,-1
22,1486,609.56,313.77,84.65,207.94,1,-1,-1,-1
22,1487,759.91,236.35,73.14,196.48,1,-1,-1,-1
22,1488,1070.32,473.64,94.65,207.42,1,-1,-1,-1
22,1489,1222.55,76.74,71.10,199.33,1,-1,-1,-1
22,1490,1055.52,158.59,58.41,178.36,1,-1,-1,-1
23,1486,609.56,316.93,84.92,208.13,1,-1,-1,-1
23,1487,752.19,237.79,73.52,197.26,1,-1,-1,-1
23,1488,1077.29,473.82,94.61,208.29,1,-1,-1,-1
23,1489,1222.31,77.79,71.49,200.20,1,-1,-1,-1
23,1490,1049.42,162.22,56.55,172.65,1,-1,-1,-1
23,1491,774.64,390.88,86.22,207.64,1,-1,-1,-1
24,1486,609.24,319.00,85.41,207.88,1,-1,-1,-1
24,1487,744.78,239.64,73.55,196.49,1,-1,-1,-1
24,1488,1083.80,477.20,95.17,209.20,1,-1,-1,-1
24,1489,1219.68,78.16,72.33,201.14,1,-1,-1,-1
24,1490,1040.44,162.28,57.33,174.91,1,-1,-1,-1
24,1491,778.45,393.51,85.61,205.76,1,-1,-1,-1
25,1486,609.67,320.83,85.29,206.79,1,-1,-1,-1
25,1487,740.64,242.43,74.00,198.28,1,-1,-1,-1
25,1488,1091.65,479.67,94.02,207.65,1,-1,-1,-1
25,1489,1218.63,82.56,71.75,198.93,1,-1,-1,-1
25,1490,1032.33,163.98,59.33,181.04,1,-1,-1,-1
25,1491,781.04,397.30,84.23,201.75,1,-1,-1,-1
26,1486,609.73,322.48,86.17,208.19,1,-1,-1,-1
26,1487,736.00,245.90,73.47,196.74,1,-1,-1,-1
26,1488,1099.10,480.97,94.09,207.91,1,-1,-1,-1
26,1489,1216.47,82.91,72.70,201.26,1,-1,-1,-1
26,1490,1027.42,165.59,59.25,180.90,1,-1,-1,-1
26,1491,785.93,400.73,85.83,204.31,1,-1,-1,-1
27,1486,610.06,325.87,86.42,207.17,1,-1,-1,-1
27,1487,728.96,246.46,74.21,198.41,1,-1,-1,-1
27,1488,1103.94,485.95,93.04,206.48,1,-1,-1,-1
27,1489,1214.83,82.57,73.87,203.62,1,-1,-1,-1
27,1490,1021.54,167.60,58.91,179.99,1,-1,-1,-1
27,1491,792.60,402.28,86.17,204.37,1,-1,-1,-1
28,1486,613.09,327.32,87.06,207.24,1,-1,-1,-1
28,1487,724.53,248.64,74.98,201.04,1,-1,-1,-1
28,1488,1109.98,488.56,92.76,205.56,1,-1,-1,-1
28,1489,1213.14,83.34,74.62,205.13,1,-1,-1,-1
28,1490,1014.82,173.44,57.84,177.28,1,-1,-1,-1
28,1491,799.60,404.23,86.18,203.81,1,-1,-1,-1
29,1486,614.43,328.69,87.92,207.01,1,-1,-1,-1
29,1487,719.15,250.16,75.07,202.18,1,-1,-1,-1
29,1488,1116.42,488.51,93.56,207.24,1,-1,-1,-1
29,1489,1210.42,88.57,74.07,202.37,1,-1,-1,-1
29,1490,1007.23,175.72,58.07,178.33,1,-1,-1,-1
29,1491,806.79,406.56,87.63,206.44,1,-1,-1,-1
30,1486,615.55,329.89,88.55,207.38,1,-1,-1,-1
30,1487,715.31,252.60,74.59,201.73,1,-1,-1,-1
30,1488,1120.52,491.05,92.77,204.88,1,-1,-1,-1
30,1489,1209.03,91.22,73.59,201.06,1,-1,-1,-1
30,1490,999.53,177.27,57.49,176.22,1,-1,-1,-1
30,1491,814.49,409.41,87.52,205.82,1,-1,-1,-1
31,1486,616.65,331.38,88.34,207.05,1,-1,-1,-1
31,1487,709.88,253.39,74.98,201.83,1,-1,-1,-1
31,1488,1125.87,490.65,93.46,206.89,1,-1,-1,-1
31,1489,1206.61,90.89,75.03,204.05,1,-1,-1,-1
31,1490,992.97,178.50,56.60,173.52,1,-1,-1,-1
31,1491,822.78,412.18,86.93,203.68,1,-1,-1,-1
32,1486,616.89,334.24,88.33,206.89,1,-1,-1,-1
32,1487,704.00,256.53,75.07,201.60,1,-1,-1,-1
32,1488,1131.15,493.20,94.79,209.33,1,-1,-1,-1
32,1489,1204.81,92.40,75.33,203.44,1,-1,-1,-1
32,1490,984.54,179.61,55.94,171.33,1,-1,-1,-1
32,1491,830.77,413.01,86.70,203.34,1,-1,-1,-1
33,1486,618.18,337.29,87.03,205.73,1,-1,-1,-1
33,1487,699.79,259.12,75.08,201.02,1,-1,-1,-1
33,1488,1135.69,496.44,93.97,207.46,1,-1,-1,-1
33,1489,1200.74,96.12,75.52,202.77,1,-1,-1,-1
33,1490,976.19,181.56,57.64,176.43,1,-1,-1,-1
33,1491,838.22,414.64,87.99,206.36,1,-1,-1,-1
34,1486,621.21,338.65,86.90,207.00,1,-1,-1,-1
34,1487,695.00,259.90,75.00,200.88,1,-1,-1,-1
34,1488,1140.92,496.95,94.49,208.14,1,-1,-1,-1
34,1489,1197.40,98.15,75.74,202.64,1,-1,-1,-1
34,1490,972.13,185.69,56.82,174.21,1,-1,-1,-1
34,1491,846.33,416.83,87.95,206.25,1,-1,-1,-1
35,1486,623.35,341.63,86.13,206.79,1,-1,-1,-1
35,1487,691.95,262.55,73.97,198.19,1,-1,-1,-1
35,1488,1147.02,497.00,95.18,209.51,1,-1,-1,-1
35,1489,1193.09,99.00,76.05,203.40,1,-1,-1,-1
35,1490,962.18,186.74,56.87,173.66,1,-1,-1,-1
35,1491,850.83,418.87,87.53,204.95,1,-1,-1,-1
36,1486,625.58,343.53,84.82,206.50,1,-1,-1,-1
36,1487,687.34,263.20,73.76,198.24,1,-1,-1,-1
36,1488,1150.44,500.78,95.43,209.90,1,-1,-1,-1
36,1489,1189.51,98.74,77.32,206.05,1,-1,-1,-1
36,1491,857.22,421.99,88.23,205.81,1,-1,-1,-1
37,1486,631.64,345.30,83.78,206.97,1,-1,-1,-1
37,1487,681.07,267.64,73.24,196.68,1,-1,-1,-1
37,1488,1155.80,503.43,94.81,208.66,1,-1,-1,-1
37,1489,1187.98,103.67,76.80,204.38,1,-1,-1,-1
37,1491,864.95,424.49,87.97,205.38,1,-1,-1,-1
37,1490,949.45,193.94,56.13,171.04,1,-1,-1,-1
38,1486,637.81,364.79,76.83,190.75,1,-1,-1,-1
38,1487,677.44,271.26,71.70,193.25,1,-1,-1,-1
38,1488,1158.94,504.28,95.48,209.50,1,-1,-1,-1
38,1489,1183.99,107.14,76.28,203.08,1,-1,-1,-1
38,1491,872.95,426.86,87.42,204.09,1,-1,-1,-1
38,1490,942.77,194.60,56.65,172.98,1,-1,-1,-1
39,1487,672.81,273.62,70.84,191.15,1,-1,-1,-1
39,1488,1163.91,504.87,95.81,210.28,1,-1,-1,-1
39,1489,1180.36,107.20,77.13,205.36,1,-1,-1,-1
39,1491,880.84,427.74,87.56,205.32,1,-1,-1,-1
39,1490,934.30,196.56,58.04,177.70,1,-1,-1,-1
40,1487,666.53,273.32,71.56,193.76,1,-1,-1,-1
40,1488,1170.33,509.44,95.23,208.76,1,-1,-1,-1
40,1489,1175.85,107.73,77.60,205.87,1,-1,-1,-1
40,1491,888.80,431.01,87.63,205.30,1,-1,-1,-1
40,1490,927.34,198.24,58.16,178.66,1,-1,-1,-1
41,1487,662.39,275.55,72.42,197.00,1,-1,-1,-1
41,1488,1173.97,510.79,95.04,209.01,1,-1,-1,-1
41,1489,1173.10,111.09,77.67,205.20,1,-1,-1,-1
41,1491,897.21,433.43,87.21,205.16,1,-1,-1,-1
41,1490,918.34,198.17,59.09,181.51,1,-1,-1,-1
42,1487,660.37,275.92,72.77,199.01,1,-1,-1,-1
42,1488,1179.17,512.14,95.13,209.17,1,-1,-1,-1
42,1489,1168.53,114.27,77.04,202.92,1,-1,-1,-1
42,1491,905.04,434.82,87.36,205.56,1,-1,-1,-1
42,1490,911.40,198.24,56.15,171.75,1,-1,-1,-1
42,1486,665.35,412.30,63.08,150.03,1,-1,-1,-1
43,1487,656.61,279.30,71.43,196.55,1,-1,-1,-1
43,1488,1183.09,514.78,93.70,206.43,1,-1,-1,-1
43,1489,1164.24,115.01,77.31,203.43,1,-1,-1,-1
43,1491,912.83,438.01,87.51,206.02,1,-1,-1,-1
43,1490,902.51,199.56,57.67,176.16,1,-1,-1,-1
44,1487,653.95,280.11,71.16,196.79,1,-1,-1,-1
44,1488,1184.76,518.94,93.43,205.80,1,-1,-1,-1
44,1489,1158.95,115.40,78.17,205.04,1,-1,-1,-1
44,1491,920.08,438.82,88.78,208.09,1,-1,-1,-1
45,1487,649.54,283.85,70.99,197.74,1,-1,-1,-1
45,1488,1188.74,520.16,94.17,207.10,1,-1,-1,-1
45,1489,1155.75,120.44,77.52,202.67,1,-1,-1,-1
45,1491,928.14,440.96,88.72,207.63,1,-1,-1,-1
45,1486,684.98,386.76,74.43,181.00,1,-1,-1,-1
45,1490,888.53,202.00,53.21,161.96,1,-1,-1,-1
46,1487,646.30,285.00,71.81,199.82,1,-1,-1,-1
46,1488,1191.54,521.48,94.04,207.07,1,-1,-1,-1
46,1489,1151.25,123.70,76.49,200.36,1,-1,-1,-1
46,1491,935.84,442.36,88.62,207.28,1,-1,-1,-1
46,1486,692.04,383.16,74.67,184.97,1,-1,-1,-1
46,1490,879.99,207.03,56.04,170.57,1,-1,-1,-1
47,1487,644.55,285.49,72.74,202.10,1,-1,-1,-1
47,1488,1195.77,521.80,94.34,208.31,1,-1,-1,-1
47,1489,1145.07,124.59,77.08,201.34,1,-1,-1,-1
47,1491,943.30,443.28,88.74,207.19,1,-1,-1,-1
47,1486,695.26,379.60,75.72,190.77,1,-1,-1,-1
48,1487,641.28,286.29,72.87,201.67,1,-1,-1,-1
48,1488,1198.05,525.68,94.32,207.83,1,-1,-1,-1
48,1489,1140.69,125.02,77.37,202.31,1,-1,-1,-1
48,1491,950.55,446.20,89.88,208.45,1,-1,-1,-1
48,1486,695.45,376.11,77.42,196.13,1,-1,-1,-1
48,1490,867.75,214.25,58.36,177.97,1,-1,-1,-1
49,1487,638.92,289.43,72.80,201.48,1,-1,-1,-1
49,1488,1200.28,528.93,93.22,205.37,1,-1,-1,-1
49,1489,1135.63,129.97,76.45,199.61,1,-1,-1,-1
49,1491,958.64,448.50,89.33,207.21,1,-1,-1,-1
49,1486,692.82,370.06,82.17,204.95,1,-1,-1,-1
49,1490,861.51,221.67,57.43,176.09,1,-1,-1,-1
50,1487,637.88,289.57,70.77,195.49,1,-1,-1,-1
50,1488,1204.28,530.06,92.76,205.28,1,-1,-1,-1
50,1489,1129.07,131.45,76.62,200.03,1,-1,-1,-1
50,1491,966.26,449.86,89.09,207.27,1,-1,-1,-1
50,1486,692.99,369.84,83.98,207.67,1,-1,-1,-1
50,1490,850.85,218.94,57.35,176.48,1,-1,-1,-1
51,1487,636.15,291.78,72.44,198.76,1,-1,-1,-1
51,1488,1206.43,531.43,92.51,204.86,1,-1,-1,-1
51,1489,1124.82,131.14,77.33,202.05,1,-1,-1,-1
51,1491,973.41,452.54,90.43,208.45,1,-1,-1,-1
51,1486,695.99,369.88,85.41,209.70,1,-1,-1,-1
51,1490,844.28,219.19,59.20,181.93,1,-1,-1,-1
52,1487,631.92,295.41,73.61,201.05,1,-1,-1,-1
52,1488,1207.88,535.39,92.62,204.86,1,-1,-1,-1
52,1489,1119.39,133.03,77.06,202.01,1,-1,-1,-1
52,1491,978.12,455.82,89.90,206.41,1,-1,-1,-1
52,1486,698.92,373.50,86.08,208.35,1,-1,-1,-1
52,1490,837.98,222.65,57.65,177.89,1,-1,-1,-1
53,1487,629.53,297.03,74.08,202.44,1,-1,-1,-1
53,1488,1211.64,536.76,93.33,205.74,1,-1,-1,-1
53,1489,1115.28,137.00,76.82,201.61,1,-1,-1,-1
53,1491,984.22,457.75,90.18,205.95,1,-1,-1,-1
53,1486,703.39,374.87,86.99,209.08,1,-1,-1,-1
53,1490,831.58,223.72,57.12,177.17,1,-1,-1,-1
54,1487,628.30,298.66,74.80,203.51,1,-1,-1,-1
54,1488,1213.26,538.05,93.59,206.23,1,-1,-1,-1
54,1489,1109.16,138.71,77.06,201.60,1,-1,-1,-1
54,1491,991.70,459.18,90.32,206.14,1,-1,-1,-1
54,1486,708.92,376.24,88.46,210.15,1,-1,-1,-1
55,1487,627.40,300.78,74.72,203.51,1,-1,-1,-1
55,1488,1214.24,541.68,93.97,206.97,1,-1,-1,-1
55,1489,1103.24,141.03,76.10,199.80,1,-1,-1,-1
55,1491,999.12,461.90,90.71,206.63,1,-1,-1,-1
55,1486,712.74,379.37,89.37,210.19,1,-1,-1,-1
55,1490,815.56,224.71,57.73,179.04,1,-1,-1,-1
56,1487,626.68,303.36,75.03,203.88,1,-1,-1,-1
56,1488,1215.22,544.48,93.62,205.71,1,-1,-1,-1
56,1489,1096.26,141.95,76.35,200.59,1,-1,-1,-1
56,1491,1006.95,463.66,91.09,207.10,1,-1,-1,-1
56,1486,717.75,380.58,90.57,210.91,1,-1,-1,-1
56,1490,807.75,229.40,57.90,179.66,1,-1,-1,-1
57,1487,624.43,304.87,75.44,204.24,1,-1,-1,-1
57,1488,1218.92,546.00,93.41,205.05,1,-1,-1,-1
57,1489,1091.34,145.79,76.49,199.72,1,-1,-1,-1
57,1491,1014.69,465.18,90.95,207.26,1,-1,-1,-1
57,1486,724.57,381.66,91.10,210.90,1,-1,-1,-1
57,1490,798.90,228.20,60.30,186.08,1,-1,-1,-1
58,1487,623.73,306.91,75.65,203.72,1,-1,-1,-1
58,1488,1220.55,547.21,93.06,204.20,1,-1,-1,-1
58,1489,1084.51,147.03,76.89,200.81,1,-1,-1,-1
58,1491,1021.85,466.12,91.74,208.28,1,-1,-1,-1
58,1486,728.34,383.83,91.84,210.77,1,-1,-1,-1
58,1490,794.04,231.31,61.14,189.12,1,-1,-1,-1
59,1487,622.68,307.94,76.17,205.60,1,-1,-1,-1
59,1488,1221.21,548.08,92.80,203.77,1,-1,-1,-1
59,1489,1078.00,147.13,76.91,201.38,1,-1,-1,-1
59,1491,1028.43,467.84,93.63,210.69,1,-1,-1,-1
59,1486,734.31,384.48,92.77,212.32,1,-1,-1,-1
59,1490,787.73,233.95,60.67,188.18,1,-1,-1,-1
60,1487,622.63,311.08,75.77,204.26,1,-1,-1,-1
60,1488,1220.99,550.95,93.58,205.52,1,-1,-1,-1
60,1489,1071.21,148.47,76.78,201.34,1,-1,-1,-1
60,1491,1035.40,468.86,95.20,212.51,1,-1,-1,-1
60,1486,741.94,389.48,91.93,209.57,1,-1,-1,-1
60,1490,781.04,236.53,59.85,185.67,1,-1,-1,-1
61,1487,622.67,313.36,75.79,204.36,1,-1,-1,-1
61,1488,1221.51,553.38,93.00,204.44,1,-1,-1,-1
61,1489,1063.21,148.99,77.24,202.20,1,-1,-1,-1
61,1491,1043.06,470.47,95.44,212.90,1,-1,-1,-1
61,1486,750.55,401.79,87.52,199.01,1,-1,-1,-1
61,1490,774.11,238.76,59.31,183.77,1,-1,-1,-1
62,1487,623.05,315.27,75.82,204.64,1,-1,-1,-1
62,1488,1221.29,554.41,93.59,205.31,1,-1,-1,-1
62,1489,1055.71,153.00,77.03,201.01,1,-1,-1,-1
62,1491,1047.87,473.03,94.15,210.92,1,-1,-1,-1
62,1486,754.83,404.68,86.59,196.81,1,-1,-1,-1
62,1490,767.74,240.40,58.63,181.30,1,-1,-1,-1
63,1487,623.40,316.75,75.76,203.88,1,-1,-1,-1
63,1488,1221.39,555.02,93.80,205.85,1,-1,-1,-1
63,1489,1051.06,155.28,76.90,200.51,1,-1,-1,-1
63,1491,1054.16,476.34,93.83,209.64,1,-1,-1,-1
63,1486,762.90,413.37,83.89,190.14,1,-1,-1,-1
64,1487,623.01,319.42,76.08,203.81,1,-1,-1,-1
64,1488,1221.02,557.66,94.76,207.89,1,-1,-1,-1
64,1489,1044.90,157.04,76.52,199.35,1,-1,-1,-1
64,1491,1060.85,477.65,94.38,210.87,1,-1,-1,-1
64,1486,769.41,415.18,84.75,190.34,1,-1,-1,-1
64,1490,756.56,246.32,58.03,179.21,1,-1,-1,-1
65,1487,623.23,320.84,76.34,203.60,1,-1,-1,-1
65,1488,1221.19,559.20,94.87,208.25,1,-1,-1,-1
65,1489,1037.51,157.71,77.13,200.40,1,-1,-1,-1
65,1491,1068.13,478.60,94.30,211.26,1,-1,-1,-1
65,1486,775.35,405.84,89.12,200.55,1,-1,-1,-1
65,1490,751.31,246.59,55.11,169.62,1,-1,-1,-1
66,1487,623.64,322.85,76.29,203.83,1,-1,-1,-1
66,1488,1221.03,560.20,94.84,208.04,1,-1,-1,-1
66,1489,1030.30,162.34,76.57,198.27,1,-1,-1,-1
66,1491,1075.46,480.33,94.67,211.52,1,-1,-1,-1
66,1486,781.38,401.95,92.18,207.10,1,-1,-1,-1
66,1490,744.71,246.12,54.18,166.71,1,-1,-1,-1
67,1487,625.73,323.79,76.33,203.69,1,-1,-1,-1
67,1488,1221.04,561.49,94.31,207.12,1,-1,-1,-1
67,1489,1022.49,163.44,77.28,199.72,1,-1,-1,-1
67,1491,1079.98,482.05,93.57,209.91,1,-1,-1,-1
67,1486,788.76,401.70,92.98,208.60,1,-1,-1,-1
67,1490,740.78,249.03,55.48,171.43,1,-1,-1,-1
68,1487,626.62,327.02,76.41,203.61,1,-1,-1,-1
68,1488,1220.97,566.15,94.05,206.58,1,-1,-1,-1
68,1489,1015.89,165.71,76.12,198.23,1,-1,-1,-1
68,1491,1086.14,485.51,93.40,209.28,1,-1,-1,-1
68,1486,796.01,404.42,93.49,209.08,1,-1,-1,-1
69,1487,627.61,328.76,76.40,203.21,1,-1,-1,-1
69,1488,1221.15,569.28,93.33,205.06,1,-1,-1,-1
69,1489,1008.50,171.00,75.51,196.78,1,-1,-1,-1
69,1491,1092.81,487.92,93.25,208.48,1,-1,-1,-1
69,1486,804.03,406.63,93.05,207.55,1,-1,-1,-1
70,1487,628.91,330.61,76.65,202.99,1,-1,-1,-1
70,1488,1220.99,570.95,93.04,204.40,1,-1,-1,-1
70,1489,999.80,172.82,75.89,197.61,1,-1,-1,-1
70,1491,1097.08,490.66,92.09,206.47,1,-1,-1,-1
70,1486,811.85,408.21,92.72,206.32,1,-1,-1,-1
71,1487,630.32,332.26,76.95,203.09,1,-1,-1,-1
71,1488,1217.10,571.41,93.37,205.12,1,-1,-1,-1
71,1489,992.16,174.29,75.76,197.52,1,-1,-1,-1
71,1491,1102.19,491.58,92.03,206.86,1,-1,-1,-1
71,1486,816.38,409.99,92.68,205.31,1,-1,-1,-1
72,1487,633.44,335.19,77.52,203.57,1,-1,-1,-1
72,1488,1215.18,573.62,93.99,207.57,1,-1,-1,-1
72,1489,983.64,173.37,77.48,201.61,1,-1,-1,-1
72,1491,1107.81,493.27,93.85,210.09,1,-1,-1,-1
72,1486,825.32,410.40,93.97,207.30,1,-1,-1,-1
72,1490,709.91,256.98,61.00,189.67,1,-1,-1,-1
73,1487,634.99,335.77,78.57,205.94,1,-1,-1,-1
73,1488,1213.65,574.64,94.65,209.03,1,-1,-1,-1
73,1489,978.44,177.10,77.61,201.53,1,-1,-1,-1
73,1491,1111.95,495.54,93.02,209.09,1,-1,-1,-1
73,1486,830.97,414.06,93.78,206.69,1,-1,-1,-1
73,1490,705.66,256.12,61.99,193.69,1,-1,-1,-1
74,1487,636.52,338.37,78.05,205.06,1,-1,-1,-1
74,1488,1212.24,573.61,95.67,212.29,1,-1,-1,-1
74,1489,971.16,178.23,78.07,202.46,1,-1,-1,-1
74,1491,1118.18,498.02,91.94,207.63,1,-1,-1,-1
74,1486,838.10,416.94,93.85,205.29,1,-1,-1,-1
74,1490,701.91,262.54,60.62,190.91,1,-1,-1,-1
75,1487,637.58,339.54,77.35,205.07,1,-1,-1,-1
75,1488,1212.02,575.41,94.51,211.30,1,-1,-1,-1
75,1489,964.09,178.98,77.86,201.78,1,-1,-1,-1
75,1491,1124.40,498.94,91.67,207.78,1,-1,-1,-1
75,1486,845.65,419.12,93.82,204.72,1,-1,-1,-1
75,1490,695.60,264.47,60.70,191.80,1,-1,-1,-1
76,1487,638.63,340.82,77.80,208.28,1,-1,-1,-1
76,1488,1212.47,576.31,93.47,211.00,1,-1,-1,-1
76,1489,956.02,179.45,78.17,203.08,1,-1,-1,-1
76,1491,1128.90,500.53,89.95,205.24,1,-1,-1,-1
76,1486,853.84,420.93,93.41,203.54,1,-1,-1,-1
76,1490,691.86,267.19,59.84,189.44,1,-1,-1,-1
77,1487,639.08,345.21,75.83,206.15,1,-1,-1,-1
77,1488,1213.32,580.41,91.82,209.78,1,-1,-1,-1
77,1489,949.24,184.50,77.72,201.82,1,-1,-1,-1
77,1491,1134.07,502.37,90.50,207.48,1,-1,-1,-1
77,1486,861.59,423.71,93.72,204.67,1,-1,-1,-1
77,1490,690.06,270.72,59.78,190.54,1,-1,-1,-1
78,1487,639.23,345.45,75.50,209.32,1,-1,-1,-1
78,1488,1214.27,582.78,90.44,209.26,1,-1,-1,-1
78,1489,941.56,187.57,76.63,198.79,1,-1,-1,-1
78,1491,1137.43,504.73,89.55,205.95,1,-1,-1,-1
78,1486,868.66,425.48,94.64,205.51,1,-1,-1,-1
78,1490,685.73,274.65,58.55,187.08,1,-1,-1,-1
79,1488,1215.26,583.44,89.33,210.39,1,-1,-1,-1
79,1489,934.21,189.38,76.14,197.80,1,-1,-1,-1
79,1491,1142.92,505.91,88.88,205.47,1,-1,-1,-1
79,1486,876.20,426.52,94.76,206.30,1,-1,-1,-1
79,1490,678.00,272.00,60.25,192.56,1,-1,-1,-1
80,1488,1216.76,584.74,86.99,209.42,1,-1,-1,-1
80,1489,926.09,189.48,76.93,199.39,1,-1,-1,-1
80,1491,1150.03,507.63,87.49,204.19,1,-1,-1,-1
80,1486,883.40,429.60,95.75,207.36,1,-1,-1,-1
80,1490,674.83,271.98,60.31,193.10,1,-1,-1,-1
81,1488,1222.69,585.30,84.09,208.25,1,-1,-1,-1
81,1489,918.13,190.04,77.14,200.16,1,-1,-1,-1
81,1491,1154.22,511.45,86.81,204.32,1,-1,-1,-1
81,1486,891.07,430.89,95.85,208.48,1,-1,-1,-1
81,1490,668.85,273.80,59.93,192.23,1,-1,-1,-1
82,1488,1221.28,590.39,81.91,207.40,1,-1,-1,-1
82,1489,911.21,195.27,76.12,197.56,1,-1,-1,-1
82,1491,1159.18,512.45,87.13,206.76,1,-1,-1,-1
82,1486,898.53,432.06,96.12,209.39,1,-1,-1,-1
82,1490,662.33,278.22,59.73,191.54,1,-1,-1,-1
83,1489,904.05,198.02,74.71,195.12,1,-1,-1,-1
83,1491,1163.47,515.37,85.00,204.07,1,-1,-1,-1
83,1486,907.17,434.61,94.49,206.86,1,-1,-1,-1
83,1487,693.72,350.93,64.65,185.54,1,-1,-1,-1
84,1489,896.25,198.28,75.35,197.70,1,-1,-1,-1
84,1491,1168.76,517.12,84.08,202.62,1,-1,-1,-1
84,1486,914.21,436.72,95.32,209.95,1,-1,-1,-1
84,1487,700.31,354.99,62.23,182.70,1,-1,-1,-1
85,1489,888.32,203.26,74.74,196.54,1,-1,-1,-1
85,1491,1170.22,518.92,85.33,205.78,1,-1,-1,-1
85,1486,922.41,438.92,94.91,209.54,1,-1,-1,-1
85,1487,702.02,361.20,61.41,182.46,1,-1,-1,-1
86,1489,883.49,204.82,75.05,197.99,1,-1,-1,-1
86,1491,1172.32,521.91,84.42,204.39,1,-1,-1,-1
86,1486,927.76,441.76,93.76,206.93,1,-1,-1,-1
86,1487,700.61,365.33,63.57,190.67,1,-1,-1,-1
87,1489,873.09,205.14,75.61,199.77,1,-1,-1,-1
87,1491,1176.97,523.16,83.63,203.64,1,-1,-1,-1
87,1486,934.99,443.55,93.26,206.20,1,-1,-1,-1
87,1487,699.97,367.78,64.61,193.91,1,-1,-1,-1
87,1490,645.27,290.03,58.85,189.71,1,-1,-1,-1
88,1489,867.44,205.37,75.93,200.97,1,-1,-1,-1
88,1491,1178.90,523.52,83.97,204.53,1,-1,-1,-1
88,1486,941.77,446.84,93.65,206.07,1,-1,-1,-1
88,1487,698.27,368.44,67.34,200.69,1,-1,-1,-1
89,1489,861.06,209.79,75.40,199.60,1,-1,-1,-1
89,1491,1184.71,527.28,83.60,205.18,1,-1,-1,-1
89,1486,950.65,449.39,93.39,204.86,1,-1,-1,-1
89,1487,699.14,370.23,68.65,202.33,1,-1,-1,-1
89,1490,639.07,290.99,58.33,189.29,1,-1,-1,-1
90,1489,853.53,211.59,75.42,199.44,1,-1,-1,-1
90,1491,1186.82,528.80,84.87,208.23,1,-1,-1,-1
90,1486,958.38,450.99,93.25,205.34,1,-1,-1,-1
90,1487,702.84,372.71,69.34,201.62,1,-1,-1,-1
90,1490,637.54,294.90,57.87,190.25,1,-1,-1,-1
91,1489,845.44,211.57,76.74,202.22,1,-1,-1,-1
91,1491,1191.71,530.17,84.95,209.04,1,-1,-1,-1
91,1486,965.27,451.73,94.42,206.37,1,-1,-1,-1
91,1487,705.61,373.77,70.66,202.27,1,-1,-1,-1
91,1490,636.96,298.10,56.99,188.57,1,-1,-1,-1
91,1488,1149.58,605.52,82.08,213.25,1,-1,-1,-1
92,1489,837.49,212.09,77.02,202.78,1,-1,-1,-1
92,1491,1194.05,530.70,85.04,209.48,1,-1,-1,-1
92,1486,973.84,455.82,93.59,205.10,1,-1,-1,-1
92,1487,710.01,376.18,71.65,203.66,1,-1,-1,-1
92,1490,637.40,303.01,54.05,180.58,1,-1,-1,-1
92,1488,1146.60,611.85,80.12,210.75,1,-1,-1,-1
93,1489,829.92,216.97,76.56,201.29,1,-1,-1,-1
93,1491,1195.79,533.56,85.02,209.72,1,-1,-1,-1
93,1486,981.90,458.29,93.36,204.80,1,-1,-1,-1
93,1487,716.08,377.81,72.26,204.24,1,-1,-1,-1
93,1490,633.62,302.48,54.55,183.32,1,-1,-1,-1
93,1488,1141.16,614.37,79.61,209.71,1,-1,-1,-1
94,1489,822.51,219.31,76.49,201.22,1,-1,-1,-1
94,1491,1199.39,534.41,86.33,212.26,1,-1,-1,-1
94,1486,988.32,459.61,94.14,205.48,1,-1,-1,-1
94,1487,720.11,378.80,73.16,204.87,1,-1,-1,-1
94,1490,630.14,302.14,56.76,190.75,1,-1,-1,-1
94,1488,1137.89,614.54,80.80,211.71,1,-1,-1,-1
95,1489,815.42,221.00,76.13,200.72,1,-1,-1,-1
95,1491,1201.18,535.72,86.51,213.01,1,-1,-1,-1
95,1486,995.45,462.73,94.90,205.58,1,-1,-1,-1
95,1487,726.06,379.79,73.70,205.09,1,-1,-1,-1
95,1490,629.10,304.64,56.67,189.98,1,-1,-1,-1
95,1488,1135.31,614.30,82.55,214.82,1,-1,-1,-1
96,1489,807.65,221.26,76.46,201.53,1,-1,-1,-1
96,1491,1202.43,538.75,86.68,212.77,1,-1,-1,-1
96,1486,1002.86,464.28,95.55,205.81,1,-1,-1,-1
96,1487,731.33,380.22,74.63,206.34,1,-1,-1,-1
96,1490,627.66,304.85,57.11,191.26,1,-1,-1,-1
96,1488,1130.92,618.76,82.81,213.81,1,-1,-1,-1
97,1489,803.17,225.56,75.94,200.27,1,-1,-1,-1
97,1491,1202.80,540.47,87.16,213.11,1,-1,-1,-1
97,1486,1009.99,465.02,96.49,206.77,1,-1,-1,-1
97,1487,735.53,381.95,75.57,207.85,1,-1,-1,-1
97,1490,624.98,304.24,57.80,193.03,1,-1,-1,-1
97,1488,1124.87,620.92,82.63,212.78,1,-1,-1,-1
98,1489,796.79,228.06,75.74,199.67,1,-1,-1,-1
98,1491,1203.03,542.78,87.32,213.13,1,-1,-1,-1
98,1486,1017.54,466.20,97.08,207.56,1,-1,-1,-1
98,1487,741.97,384.18,75.47,207.12,1,-1,-1,-1
98,1490,623.50,305.73,58.40,193.97,1,-1,-1,-1
98,1488,1121.05,621.32,83.68,214.03,1,-1,-1,-1
99,1489,790.34,229.84,74.88,197.69,1,-1,-1,-1
99,1491,1202.51,543.66,88.29,214.09,1,-1,-1,-1
99,1486,1022.67,471.73,96.14,205.65,1,-1,-1,-1
99,1487,748.51,385.39,75.44,206.95,1,-1,-1,-1
99,1490,623.14,308.39,59.10,195.00,1,-1,-1,-1
99,1488,1114.81,623.06,84.18,212.97,1,-1,-1,-1
100,1489,784.24,232.86,73.01,192.58,1,-1,-1,-1
100,1491,1202.30,547.38,88.31,212.57,1,-1,-1,-1
100,1486,1028.54,473.11,96.85,206.62,1,-1,-1,-1
100,1487,752.48,387.53,74.99,205.51,1,-1,-1,-1
100,1490,623.03,310.72,59.23,195.14,1,-1,-1,-1
100,1488,1107.89,627.61,84.19,211.49,1,-1,-1,-1
101,1489,777.17,238.76,71.92,190.93,1,-1,-1,-1
101,1491,1201.76,549.14,89.24,212.82,1,-1,-1,-1
101,1486,1035.68,473.80,96.53,206.60,1,-1,-1,-1
101,1487,760.82,407.12,68.96,187.52,1,-1,-1,-1
101,1490,622.73,312.51,58.73,193.09,1,-1,-1,-1
101,1488,1099.89,629.18,85.34,213.38,1,-1,-1,-1
102,1489,770.23,242.69,70.44,188.34,1,-1,-1,-1
102,1491,1201.49,550.71,89.68,213.03,1,-1,-1,-1
102,1486,1042.37,474.37,96.28,207.12,1,-1,-1,-1
102,1487,769.44,418.91,66.35,178.89,1,-1,-1,-1
102,1490,623.10,313.73,58.26,191.45,1,-1,-1,-1
102,1488,1096.07,630.03,85.80,214.39,1,-1,-1,-1
103,1489,764.85,240.96,72.16,192.70,1,-1,-1,-1
103,1491,1201.15,551.25,90.35,214.29,1,-1,-1,-1
103,1486,1050.79,476.04,94.55,202.89,1,-1,-1,-1
103,1490,622.79,313.95,58.82,192.45,1,-1,-1,-1
103,1488,1089.51,629.54,87.19,217.01,1,-1,-1,-1
104,1489,758.89,241.20,72.11,192.21,1,-1,-1,-1
104,1491,1204.65,553.71,90.94,215.03,1,-1,-1,-1
104,1486,1054.68,479.14,96.06,206.85,1,-1,-1,-1
104,1490,622.82,316.00,59.64,194.62,1,-1,-1,-1
104,1488,1081.24,627.84,88.32,220.16,1,-1,-1,-1
104,1487,781.41,400.35,73.68,199.59,1,-1,-1,-1
105,1489,751.45,240.13,73.07,195.04,1,-1,-1,-1
105,1491,1205.29,554.85,92.04,215.90,1,-1,-1,-1
105,1486,1063.39,480.26,92.28,198.03,1,-1,-1,-1
105,1490,622.55,317.16,60.05,195.59,1,-1,-1,-1
105,1488,1073.56,626.11,89.67,224.19,1,-1,-1,-1
105,1487,788.53,396.11,75.84,205.33,1,-1,-1,-1
106,1489,743.99,243.16,73.88,197.06,1,-1,-1,-1
106,1491,1205.79,557.17,91.80,214.44,1,-1,-1,-1
106,1486,1069.59,483.42,92.73,198.68,1,-1,-1,-1
106,1490,622.78,319.77,59.82,194.52,1,-1,-1,-1
106,1488,1068.52,628.25,90.89,227.77,1,-1,-1,-1
106,1487,795.32,398.68,76.34,206.18,1,-1,-1,-1
107,1489,736.58,244.00,74.62,200.40,1,-1,-1,-1
107,1491,1205.82,558.76,91.78,213.29,1,-1,-1,-1
107,1486,1076.16,484.18,93.47,200.01,1,-1,-1,-1
107,1490,623.17,323.95,59.72,193.72,1,-1,-1,-1
107,1488,1062.76,630.38,90.56,226.59,1,-1,-1,-1
107,1487,800.74,402.02,75.89,204.08,1,-1,-1,-1
108,1489,731.39,244.47,75.24,202.67,1,-1,-1,-1
108,1491,1202.35,561.35,90.47,210.55,1,-1,-1,-1
108,1486,1081.76,486.71,96.42,205.73,1,-1,-1,-1
108,1490,625.09,324.15,61.28,197.10,1,-1,-1,-1
108,1488,1056.69,633.72,89.38,223.04,1,-1,-1,-1
108,1487,807.00,403.38,76.12,204.27,1,-1,-1,-1
109,1489,726.37,249.42,74.43,200.39,1,-1,-1,-1
109,1491,1200.76,564.37,90.59,210.08,1,-1,-1,-1
109,1486,1086.33,488.76,96.46,205.97,1,-1,-1,-1
109,1490,626.93,325.90,61.32,196.47,1,-1,-1,-1
109,1488,1054.32,636.44,87.77,218.09,1,-1,-1,-1
109,1487,813.76,403.62,76.81,205.32,1,-1,-1,-1
110,1489,720.41,251.26,74.70,201.49,1,-1,-1,-1
110,1491,1199.84,566.23,90.23,210.04,1,-1,-1,-1
110,1486,1092.30,490.61,96.85,206.04,1,-1,-1,-1
110,1490,627.94,328.12,61.68,196.35,1,-1,-1,-1
110,1488,1045.63,646.91,83.80,207.83,1,-1,-1,-1
110,1487,820.83,407.11,77.58,206.17,1,-1,-1,-1
111,1489,715.49,251.67,75.69,204.30,1,-1,-1,-1
111,1491,1199.05,567.51,90.47,210.02,1,-1,-1,-1
111,1486,1098.35,493.63,97.90,207.77,1,-1,-1,-1
111,1490,629.22,331.97,62.23,196.75,1,-1,-1,-1
111,1488,1036.47,649.29,83.80,208.06,1,-1,-1,-1
111,1487,828.30,410.04,77.46,204.55,1,-1,-1,-1
112,1489,710.96,252.55,75.24,203.33,1,-1,-1,-1
112,1491,1198.48,568.69,90.45,210.07,1,-1,-1,-1
112,1486,1102.14,495.99,97.97,207.75,1,-1,-1,-1
112,1490,632.84,336.51,61.67,194.39,1,-1,-1,-1
112,1488,1028.26,654.31,83.32,207.16,1,-1,-1,-1
112,1487,835.67,411.32,77.73,204.16,1,-1,-1,-1
113,1489,705.01,257.10,74.41,200.68,1,-1,-1,-1
113,1491,1198.46,571.95,90.58,210.16,1,-1,-1,-1
113,1486,1108.86,498.02,97.57,207.01,1,-1,-1,-1
113,1490,635.01,338.13,61.78,193.73,1,-1,-1,-1
113,1488,1020.15,656.52,83.47,206.89,1,-1,-1,-1
113,1487,843.11,414.31,78.56,205.70,1,-1,-1,-1
114,1489,701.15,259.73,74.01,200.42,1,-1,-1,-1
114,1491,1197.95,572.99,91.07,211.68,1,-1,-1,-1
114,1486,1114.60,498.48,98.51,208.59,1,-1,-1,-1
114,1490,636.58,340.69,62.57,195.50,1,-1,-1,-1
114,1488,1015.14,656.29,84.66,209.13,1,-1,-1,-1
114,1487,850.46,416.10,78.78,206.21,1,-1,-1,-1
115,1489,695.36,259.70,75.28,204.01,1,-1,-1,-1
115,1491,1198.51,574.94,89.95,211.53,1,-1,-1,-1
115,1486,1117.93,502.28,98.55,208.15,1,-1,-1,-1
115,1490,636.84,340.37,64.34,199.21,1,-1,-1,-1
115,1488,1007.58,655.71,85.99,212.56,1,-1,-1,-1
115,1487,855.54,417.90,79.07,205.83,1,-1,-1,-1
116,1489,691.33,260.24,75.66,205.05,1,-1,-1,-1
116,1491,1198.60,575.06,89.16,213.17,1,-1,-1,-1
116,1486,1123.39,503.63,99.03,209.47,1,-1,-1,-1
116,1490,640.03,341.94,64.34,199.29,1,-1,-1,-1
116,1488,1000.36,660.65,85.81,210.67,1,-1,-1,-1
116,1487,862.57,419.97,78.87,203.44,1,-1,-1,-1
117,1489,686.66,263.76,75.45,203.97,1,-1,-1,-1
117,1491,1195.17,580.21,87.44,210.25,1,-1,-1,-1
117,1486,1128.83,504.63,99.51,210.70,1,-1,-1,-1
117,1490,641.78,342.99,64.08,198.66,1,-1,-1,-1
117,1488,993.16,662.35,86.31,210.58,1,-1,-1,-1
117,1487,868.95,422.62,80.05,204.83,1,-1,-1,-1
118,1489,679.69,264.10,76.33,205.84,1,-1,-1,-1
118,1491,1191.70,580.15,89.56,214.48,1,-1,-1,-1
118,1486,1132.71,510.31,98.71,209.22,1,-1,-1,-1
118,1490,642.56,344.43,64.83,202.00,1,-1,-1,-1
118,1488,984.55,663.29,87.23,211.48,1,-1,-1,-1
118,1487,876.51,424.91,80.58,205.22,1,-1,-1,-1
119,1489,675.07,264.23,76.79,207.60,1,-1,-1,-1
119,1486,1138.98,513.62,97.80,207.02,1,-1,-1,-1
119,1488,976.29,663.13,88.53,213.83,1,-1,-1,-1
119,1487,884.16,426.53,81.17,205.44,1,-1,-1,-1
120,1489,669.97,265.05,77.01,208.73,1,-1,-1,-1
120,1486,1145.94,515.00,97.47,206.48,1,-1,-1,-1
120,1488,968.71,666.68,88.94,213.99,1,-1,-1,-1
120,1487,891.72,428.16,81.53,204.74,1,-1,-1,-1
120,1492,1140.53,507.99,123.58,277.90,1,-1,-1,-1
121,1489,665.98,267.04,78.68,213.43,1,-1,-1,-1
121,1488,960.88,669.52,88.84,212.24,1,-1,-1,-1
121,1487,899.44,430.46,82.33,206.61,1,-1,-1,-1
121,1492,1141.92,512.86,124.69,280.86,1,-1,-1,-1
122,1489,661.36,268.85,78.97,213.87,1,-1,-1,-1
122,1488,953.11,671.56,88.79,210.84,1,-1,-1,-1
122,1487,906.95,432.52,82.08,206.58,1,-1,-1,-1
122,1492,1142.65,515.13,124.76,281.96,1,-1,-1,-1
123,1488,945.45,673.84,88.36,208.72,1,-1,-1,-1
123,1487,914.75,433.56,82.34,207.70,1,-1,-1,-1
123,1492,1144.14,517.55,122.72,278.67,1,-1,-1,-1
124,1488,937.62,678.36,87.95,207.36,1,-1,-1,-1
124,1487,922.65,434.83,81.76,206.48,1,-1,-1,-1
124,1492,1148.37,519.10,121.68,278.27,1,-1,-1,-1
125,1488,930.25,681.44,86.84,205.01,1,-1,-1,-1
125,1487,929.96,436.92,82.58,209.36,1,-1,-1,-1
125,1492,1151.07,519.70,119.95,277.07,1,-1,-1,-1
126,1488,922.00,682.41,87.24,206.24,1,-1,-1,-1
126,1487,938.01,440.16,81.74,208.11,1,-1,-1,-1
126,1492,1152.18,523.51,118.70,277.75,1,-1,-1,-1
126,1486,1169.91,526.39,98.18,210.42,1,-1,-1,-1
126,1489,646.78,279.63,76.39,207.05,1,-1,-1,-1
127,1488,917.04,685.35,87.93,207.65,1,-1,-1,-1
127,1487,945.96,442.55,81.48,206.69,1,-1,-1,-1
127,1492,1153.41,525.37,117.59,277.32,1,-1,-1,-1
127,1486,1173.50,529.41,96.60,206.87,1,-1,-1,-1
127,1489,645.21,280.52,76.71,205.78,1,-1,-1,-1
128,1488,909.89,686.18,88.62,209.43,1,-1,-1,-1
128,1487,953.35,446.09,82.09,207.32,1,-1,-1,-1
128,1492,1154.33,527.57,116.69,276.01,1,-1,-1,-1
128,1486,1177.69,529.87,97.35,208.16,1,-1,-1,-1
128,1489,643.66,281.95,76.65,204.59,1,-1,-1,-1
129,1488,902.39,686.08,89.77,211.52,1,-1,-1,-1
129,1487,960.51,446.89,82.85,209.18,1,-1,-1,-1
129,1486,1180.55,530.39,97.13,208.31,1,-1,-1,-1
129,1489,638.85,282.54,77.12,204.94,1,-1,-1,-1
130,1488,894.32,687.20,90.73,212.20,1,-1,-1,-1
130,1487,968.50,449.57,82.61,207.78,1,-1,-1,-1
130,1486,1181.38,532.55,97.93,210.27,1,-1,-1,-1
130,1489,635.70,286.08,77.89,206.97,1,-1,-1,-1
130,1490,693.38,369.86,62.53,193.83,1,-1,-1,-1
131,1488,886.01,690.52,91.82,213.75,1,-1,-1,-1
131,1487,974.31,451.56,81.91,206.31,1,-1,-1,-1
131,1486,1183.49,535.99,95.71,205.69,1,-1,-1,-1
131,1489,631.00,288.78,77.36,206.58,1,-1,-1,-1
131,1490,699.15,373.93,62.46,192.96,1,-1,-1,-1
131,1491,1139.36,607.03,85.07,209.05,1,-1,-1,-1
132,1488,877.32,692.02,93.21,215.70,1,-1,-1,-1
132,1487,980.55,454.90,82.32,205.69,1,-1,-1,-1
132,1486,1186.70,535.43,97.01,208.64,1,-1,-1,-1
132,1489,627.91,288.00,78.90,210.34,1,-1,-1,-1
132,1490,701.93,373.72,63.43,195.95,1,-1,-1,-1
132,1491,1136.76,608.60,84.14,209.16,1,-1,-1,-1
133,1488,869.34,693.29,93.53,216.09,1,-1,-1,-1
133,1487,987.88,456.76,82.15,204.55,1,-1,-1,-1
133,1486,1190.12,536.99,95.97,206.81,1,-1,-1,-1
133,1489,627.44,293.34,78.11,207.67,1,-1,-1,-1
133,1490,706.80,375.29,63.65,194.88,1,-1,-1,-1
133,1491,1131.55,610.64,83.61,207.41,1,-1,-1,-1
134,1488,861.77,693.60,94.12,216.85,1,-1,-1,-1
134,1487,995.58,458.24,82.12,204.27,1,-1,-1,-1
134,1486,1193.21,536.99,97.42,209.85,1,-1,-1,-1
134,1489,626.88,296.17,77.20,205.34,1,-1,-1,-1
134,1490,713.20,380.36,63.49,194.21,1,-1,-1,-1
134,1491,1128.10,614.13,84.83,208.07,1,-1,-1,-1
135,1488,853.03,692.68,95.19,219.09,1,-1,-1,-1
135,1487,1003.49,460.67,81.03,202.33,1,-1,-1,-1
135,1486,1194.31,539.29,98.35,211.14,1,-1,-1,-1
135,1489,623.68,298.66,76.63,204.36,1,-1,-1,-1
135,1490,716.75,381.21,64.05,195.19,1,-1,-1,-1
135,1491,1122.32,615.89,85.53,209.08,1,-1,-1,-1
136,1488,845.74,697.85,94.13,217.04,1,-1,-1,-1
136,1487,1010.83,462.61,82.38,205.18,1,-1,-1,-1
136,1486,1195.99,541.49,97.86,210.26,1,-1,-1,-1
136,1489,621.87,300.27,76.33,203.99,1,-1,-1,-1
136,1490,722.32,381.89,64.18,195.90,1,-1,-1,-1
136,1491,1115.97,617.95,84.90,208.15,1,-1,-1,-1
137,1488,841.55,700.07,94.38,217.01,1,-1,-1,-1
137,1487,1018.46,464.76,82.05,204.68,1,-1,-1,-1
137,1486,1197.44,543.60,97.36,209.43,1,-1,-1,-1
137,1489,620.27,301.11,76.21,203.69,1,-1,-1,-1
137,1490,725.95,383.73,64.06,194.54,1,-1,-1,-1
137,1491,1111.81,620.66,85.80,209.57,1,-1,-1,-1
138,1488,832.13,705.78,93.04,214.08,1,-1,-1,-1
138,1487,1025.92,465.43,81.99,205.31,1,-1,-1,-1
138,1486,1198.34,545.82,97.01,209.01,1,-1,-1,-1
138,1489,619.81,304.90,75.98,202.82,1,-1,-1,-1
138,1490,731.93,385.39,63.81,192.77,1,-1,-1,-1
138,1491,1105.57,622.68,86.11,210.14,1,-1,-1,-1
139,1488,826.56,706.77,94.01,216.33,1,-1,-1,-1
139,1487,1033.24,467.03,81.71,205.12,1,-1,-1,-1
139,1486,1201.59,548.62,97.71,209.57,1,-1,-1,-1
139,1489,619.18,306.10,76.27,203.37,1,-1,-1,-1
139,1490,739.09,389.46,63.77,191.94,1,-1,-1,-1
139,1491,1099.78,625.25,85.02,208.37,1,-1,-1,-1
140,1488,819.80,708.48,94.13,215.92,1,-1,-1,-1
140,1487,1041.06,467.38,81.49,205.34,1,-1,-1,-1
140,1486,1203.83,551.01,96.75,208.16,1,-1,-1,-1
140,1489,618.64,306.62,76.80,204.20,1,-1,-1,-1
140,1490,745.99,390.26,64.27,193.75,1,-1,-1,-1
140,1491,1095.94,626.35,85.22,208.97,1,-1,-1,-1
141,1488,812.49,709.79,94.64,216.18,1,-1,-1,-1
141,1487,1045.68,470.64,82.10,205.96,1,-1,-1,-1
141,1486,1204.79,553.07,96.74,207.81,1,-1,-1,-1
141,1489,618.12,307.49,77.14,204.69,1,-1,-1,-1
141,1490,752.96,391.84,64.02,193.34,1,-1,-1,-1
141,1491,1089.15,627.94,86.53,212.05,1,-1,-1,-1
142,1488,804.67,713.65,94.78,216.07,1,-1,-1,-1
142,1487,1053.95,472.32,79.04,197.16,1,-1,-1,-1
142,1486,1204.91,554.15,96.62,207.33,1,-1,-1,-1
142,1489,616.22,308.78,76.79,204.00,1,-1,-1,-1
142,1490,757.96,393.24,63.96,193.79,1,-1,-1,-1
142,1491,1086.28,627.72,87.48,214.55,1,-1,-1,-1
143,1488,797.10,715.58,94.70,215.70,1,-1,-1,-1
143,1487,1060.49,474.92,79.98,198.64,1,-1,-1,-1
143,1486,1205.90,558.27,95.86,205.40,1,-1,-1,-1
143,1489,617.51,312.29,76.84,203.45,1,-1,-1,-1
143,1490,764.53,394.03,63.92,193.78,1,-1,-1,-1
143,1491,1080.66,627.89,87.42,215.85,1,-1,-1,-1
144,1488,789.29,716.01,95.26,217.35,1,-1,-1,-1
144,1487,1067.99,478.02,79.71,196.79,1,-1,-1,-1
144,1486,1206.15,559.96,95.66,205.30,1,-1,-1,-1
144,1489,617.93,313.68,77.51,204.55,1,-1,-1,-1
144,1490,770.66,395.11,65.00,197.45,1,-1,-1,-1
144,1491,1077.07,620.75,89.92,222.48,1,-1,-1,-1
145,1488,784.84,717.07,95.64,217.86,1,-1,-1,-1
145,1487,1075.86,478.99,79.94,196.50,1,-1,-1,-1
145,1486,1206.07,561.65,95.48,205.43,1,-1,-1,-1
145,1489,618.39,315.37,77.45,204.54,1,-1,-1,-1
145,1490,777.64,398.17,64.98,195.91,1,-1,-1,-1
145,1491,1067.61,624.51,88.43,221.74,1,-1,-1,-1
146,1488,778.45,720.52,96.37,219.04,1,-1,-1,-1
146,1487,1083.38,480.34,79.00,193.88,1,-1,-1,-1
146,1486,1205.16,562.92,96.49,206.63,1,-1,-1,-1
146,1489,618.47,318.64,77.80,204.80,1,-1,-1,-1
146,1490,784.36,399.27,65.64,196.37,1,-1,-1,-1
146,1491,1063.71,632.05,86.50,217.66,1,-1,-1,-1
147,1488,771.37,722.95,95.65,217.44,1,-1,-1,-1
147,1487,1087.06,483.53,79.45,196.24,1,-1,-1,-1
147,1486,1205.76,564.04,95.72,205.97,1,-1,-1,-1
147,1489,619.35,320.05,78.06,205.70,1,-1,-1,-1
147,1490,789.69,403.81,65.22,195.59,1,-1,-1,-1
147,1491,1053.26,636.39,85.27,214.94,1,-1,-1,-1
148,1488,764.62,724.91,95.29,216.78,1,-1,-1,-1
148,1487,1093.28,485.27,79.47,196.40,1,-1,-1,-1
148,1486,1205.47,567.44,95.67,204.85,1,-1,-1,-1
148,1489,620.03,320.47,78.64,207.42,1,-1,-1,-1
148,1490,797.10,406.19,64.70,194.74,1,-1,-1,-1
148,1491,1044.76,640.31,83.63,211.24,1,-1,-1,-1
149,1488,757.38,728.78,95.26,216.96,1,-1,-1,-1
149,1487,1100.49,486.77,78.82,195.56,1,-1,-1,-1
149,1486,1205.43,569.01,95.14,204.14,1,-1,-1,-1
149,1489,621.10,322.76,78.17,206.08,1,-1,-1,-1
149,1490,803.75,408.05,64.84,195.15,1,-1,-1,-1
149,1491,1036.25,643.91,83.76,210.78,1,-1,-1,-1
150,1488,753.05,730.00,96.14,218.74,1,-1,-1,-1
150,1487,1106.77,489.12,80.84,200.76,1,-1,-1,-1
150,1486,1204.81,569.96,95.27,204.97,1,-1,-1,-1
150,1489,622.30,327.32,77.41,204.27,1,-1,-1,-1
150,1490,811.35,409.55,64.49,194.18,1,-1,-1,-1
150,1491,1032.06,646.31,83.63,210.90,1,-1,-1,-1
151,1488,745.89,729.62,97.96,222.05,1,-1,-1,-1
151,1487,1113.63,492.19,80.92,200.64,1,-1,-1,-1
151,1486,1203.97,570.95,95.50,205.93,1,-1,-1,-1
151,1489,623.01,328.61,77.87,205.09,1,-1,-1,-1
151,1490,818.86,410.10,64.83,194.24,1,-1,-1,-1
151,1491,1025.78,648.38,83.52,210.30,1,-1,-1,-1
152,1488,739.76,732.13,96.21,218.38,1,-1,-1,-1
152,1487,1118.19,493.94,80.62,199.30,1,-1,-1,-1
152,1486,1200.76,575.28,94.25,203.60,1,-1,-1,-1
152,1489,625.71,329.80,78.10,204.82,1,-1,-1,-1
152,1490,826.85,413.11,64.99,194.62,1,-1,-1,-1
152,1491,1017.89,651.38,84.23,211.29,1,-1,-1,-1
153,1488,731.69,734.45,98.20,222.58,1,-1,-1,-1
153,1487,1123.00,493.66,81.62,200.64,1,-1,-1,-1
153,1486,1199.08,577.53,93.77,202.85,1,-1,-1,-1
153,1489,627.25,330.59,78.81,206.07,1,-1,-1,-1
153,1490,833.86,413.54,65.42,196.11,1,-1,-1,-1
153,1491,1009.99,653.61,84.63,211.14,1,-1,-1,-1
154,1488,728.48,737.19,97.02,219.70,1,-1,-1,-1
154,1487,1125.96,496.65,82.64,202.24,1,-1,-1,-1
154,1486,1197.82,578.99,94.08,204.14,1,-1,-1,-1
154,1489,629.19,335.24,78.41,204.66,1,-1,-1,-1
154,1490,841.74,416.28,65.32,194.30,1,-1,-1,-1
154,1491,1002.74,655.69,84.14,210.10,1,-1,-1,-1
155,1488,723.44,739.46,95.73,216.65,1,-1,-1,-1
155,1487,1131.51,498.90,82.50,201.85,1,-1,-1,-1
155,1486,1198.06,580.30,93.31,203.88,1,-1,-1,-1
155,1489,630.36,337.22,78.61,204.45,1,-1,-1,-1
155,1490,849.16,417.65,65.75,194.02,1,-1,-1,-1
155,1491,994.92,657.13,84.37,209.98,1,-1,-1,-1
156,1488,716.99,741.22,95.65,216.02,1,-1,-1,-1
156,1487,1138.07,499.97,82.01,200.79,1,-1,-1,-1
156,1486,1197.22,583.56,93.02,203.83,1,-1,-1,-1
156,1489,632.99,337.44,79.59,206.37,1,-1,-1,-1
156,1490,857.19,422.52,65.37,193.03,1,-1,-1,-1
156,1491,986.93,660.59,84.47,209.63,1,-1,-1,-1
157,1488,709.54,744.77,96.05,217.31,1,-1,-1,-1
157,1487,1144.88,501.46,81.60,198.92,1,-1,-1,-1
157,1486,1196.46,585.05,93.24,204.28,1,-1,-1,-1
157,1489,635.54,338.43,79.87,207.48,1,-1,-1,-1
157,1490,865.74,425.36,64.61,191.57,1,-1,-1,-1
157,1491,979.02,662.75,84.91,209.92,1,-1,-1,-1
158,1488,704.99,745.89,97.39,219.83,1,-1,-1,-1
158,1487,1150.09,504.31,79.30,192.99,1,-1,-1,-1
158,1486,1196.07,586.05,93.45,205.86,1,-1,-1,-1
158,1489,637.89,343.23,78.84,204.80,1,-1,-1,-1
158,1490,873.77,430.07,64.56,191.19,1,-1,-1,-1
158,1491,970.39,663.35,86.15,211.29,1,-1,-1,-1
159,1488,696.96,747.25,101.52,228.97,1,-1,-1,-1
159,1487,1154.67,507.66,82.04,198.77,1,-1,-1,-1
159,1486,1198.47,592.77,89.79,201.26,1,-1,-1,-1
159,1489,641.37,344.31,79.37,205.41,1,-1,-1,-1
159,1490,878.02,431.00,65.13,192.67,1,-1,-1,-1
159,1491,965.87,664.01,87.24,212.45,1,-1,-1,-1
160,1488,691.29,746.61,100.06,225.46,1,-1,-1,-1
160,1487,1160.41,509.01,83.19,200.66,1,-1,-1,-1
160,1486,1199.41,596.46,87.31,198.67,1,-1,-1,-1
160,1489,643.45,344.69,80.19,206.36,1,-1,-1,-1
160,1490,884.47,431.33,65.56,194.75,1,-1,-1,-1
160,1491,959.66,667.22,87.55,212.23,1,-1,-1,-1
161,1488,687.67,749.15,100.69,226.47,1,-1,-1,-1
161,1487,1163.17,512.52,83.86,202.55,1,-1,-1,-1
161,1486,1190.43,605.45,85.30,192.11,1,-1,-1,-1
161,1489,645.20,345.54,80.87,207.63,1,-1,-1,-1
161,1490,892.08,432.42,65.11,194.87,1,-1,-1,-1
161,1491,952.37,669.00,87.59,212.43,1,-1,-1,-1
162,1488,682.85,751.79,99.72,223.46,1,-1,-1,-1
162,1487,1168.62,514.72,83.80,202.35,1,-1,-1,-1
162,1486,1182.54,594.19,92.30,208.57,1,-1,-1,-1
162,1489,649.07,346.17,81.23,208.52,1,-1,-1,-1
162,1490,899.98,437.73,63.72,192.35,1,-1,-1,-1
162,1491,944.61,670.86,87.54,211.82,1,-1,-1,-1
163,1488,679.66,752.30,99.69,223.84,1,-1,-1,-1
163,1487,1172.26,516.76,83.02,201.18,1,-1,-1,-1
163,1486,1176.35,577.57,101.33,230.18,1,-1,-1,-1
163,1489,652.48,350.58,80.84,207.44,1,-1,-1,-1
163,1490,907.95,439.22,63.63,192.43,1,-1,-1,-1
163,1491,936.41,671.54,88.12,213.10,1,-1,-1,-1
164,1488,674.83,754.65,98.37,220.12,1,-1,-1,-1
164,1487,1177.42,520.16,84.16,203.32,1,-1,-1,-1
164,1489,656.51,351.25,81.36,208.78,1,-1,-1,-1
164,1490,916.23,441.46,63.12,191.24,1,-1,-1,-1
164,1491,928.52,675.41,87.85,212.41,1,-1,-1,-1
165,1488,671.47,757.67,99.67,223.07,1,-1,-1,-1
165,1487,1180.35,523.16,82.71,200.52,1,-1,-1,-1
165,1489,659.85,352.84,81.39,209.08,1,-1,-1,-1
165,1490,924.99,444.48,61.41,186.85,1,-1,-1,-1
165,1491,920.36,677.59,88.29,212.78,1,-1,-1,-1
166,1488,665.85,758.92,100.59,224.53,1,-1,-1,-1
166,1487,1185.22,523.79,83.18,201.87,1,-1,-1,-1
166,1489,664.89,357.44,81.25,207.67,1,-1,-1,-1
166,1490,933.11,445.52,60.71,185.12,1,-1,-1,-1
166,1491,912.17,679.04,88.63,213.23,1,-1,-1,-1
167,1488,663.20,759.44,100.70,224.40,1,-1,-1,-1
167,1487,1188.05,524.91,82.78,201.22,1,-1,-1,-1
167,1489,668.32,359.79,80.98,206.69,1,-1,-1,-1
167,1491,904.07,682.48,88.89,212.84,1,-1,-1,-1
168,1488,658.77,761.86,98.93,220.58,1,-1,-1,-1
168,1487,1191.81,526.47,84.98,206.90,1,-1,-1,-1
168,1489,673.23,360.55,81.12,207.36,1,-1,-1,-1
168,1491,895.93,683.95,89.55,213.83,1,-1,-1,-1
168,1490,949.15,451.95,60.01,183.87,1,-1,-1,-1
169,1488,656.30,763.24,98.85,219.45,1,-1,-1,-1
169,1487,1194.72,529.21,84.03,204.55,1,-1,-1,-1
169,1489,676.50,361.49,81.43,207.76,1,-1,-1,-1
169,1491,888.07,685.11,89.68,213.27,1,-1,-1,-1
169,1490,956.50,452.68,60.84,185.64,1,-1,-1,-1
169,1486,1152.81,577.99,103.55,237.97,1,-1,-1,-1
170,1488,650.84,764.47,98.98,218.75,1,-1,-1,-1
170,1487,1197.90,532.21,81.91,199.73,1,-1,-1,-1
170,1489,682.15,365.93,80.98,206.25,1,-1,-1,-1
170,1491,880.36,686.82,89.60,213.14,1,-1,-1,-1
170,1490,962.91,450.86,63.14,191.15,1,-1,-1,-1
170,1486,1150.71,598.82,93.15,217.00,1,-1,-1,-1
171,1488,648.54,768.87,98.60,217.90,1,-1,-1,-1
171,1487,1202.48,532.83,81.55,198.68,1,-1,-1,-1
171,1489,688.18,368.20,80.94,206.17,1,-1,-1,-1
171,1491,872.53,687.85,89.53,212.72,1,-1,-1,-1
171,1490,970.50,454.69,63.39,191.38,1,-1,-1,-1
171,1486,1145.18,607.96,88.72,208.94,1,-1,-1,-1
172,1488,644.83,773.60,96.38,213.11,1,-1,-1,-1
172,1487,1205.27,534.30,81.46,198.60,1,-1,-1,-1
172,1489,691.90,368.71,81.33,208.07,1,-1,-1,-1
172,1491,868.13,690.48,90.29,214.22,1,-1,-1,-1
172,1490,978.42,457.08,63.39,191.29,1,-1,-1,-1
172,1486,1138.62,614.31,86.33,205.74,1,-1,-1,-1
173,1488,642.60,775.36,96.11,212.17,1,-1,-1,-1
173,1487,1209.28,534.58,81.81,199.07,1,-1,-1,-1
173,1489,697.17,369.74,81.20,208.62,1,-1,-1,-1
173,1491,861.66,692.38,90.55,214.16,1,-1,-1,-1
173,1490,982.44,457.16,64.04,192.57,1,-1,-1,-1
173,1486,1135.42,617.28,85.85,206.11,1,-1,-1,-1
174,1488,641.19,779.19,96.13,212.49,1,-1,-1,-1
174,1487,1211.07,537.43,82.29,200.68,1,-1,-1,-1
174,1489,700.95,371.02,80.79,207.36,1,-1,-1,-1
174,1491,854.38,694.14,90.53,214.02,1,-1,-1,-1
174,1490,989.54,458.80,63.64,191.59,1,-1,-1,-1
174,1486,1130.20,619.05,85.52,205.52,1,-1,-1,-1
175,1488,637.01,781.47,96.25,211.92,1,-1,-1,-1
175,1487,1212.32,539.80,82.75,201.68,1,-1,-1,-1
175,1489,706.83,374.15,80.46,206.95,1,-1,-1,-1
175,1491,846.70,695.15,90.94,213.95,1,-1,-1,-1
175,1490,997.02,463.81,63.17,190.56,1,-1,-1,-1
175,1486,1127.74,620.28,85.17,205.21,1,-1,-1,-1
176,1488,633.72,781.04,98.20,215.59,1,-1,-1,-1
176,1487,1213.54,541.62,82.51,200.83,1,-1,-1,-1
176,1489,713.09,376.29,80.18,206.79,1,-1,-1,-1
176,1491,838.64,698.93,90.91,212.78,1,-1,-1,-1
176,1490,1004.62,465.69,63.13,190.45,1,-1,-1,-1
176,1486,1122.76,622.46,85.71,206.02,1,-1,-1,-1
177,1488,632.03,780.68,99.29,217.66,1,-1,-1,-1
177,1487,1216.33,543.51,83.75,203.31,1,-1,-1,-1
177,1489,717.53,377.90,80.24,207.01,1,-1,-1,-1
177,1491,830.29,700.08,91.92,213.77,1,-1,-1,-1
177,1490,1011.25,465.79,64.13,192.94,1,-1,-1,-1
177,1486,1118.74,623.20,87.53,207.95,1,-1,-1,-1
178,1488,628.25,784.86,98.58,216.85,1,-1,-1,-1
178,1487,1218.16,544.87,84.16,204.50,1,-1,-1,-1
178,1489,723.22,379.00,80.18,207.02,1,-1,-1,-1
178,1491,822.80,702.32,91.72,212.60,1,-1,-1,-1
178,1490,1018.24,465.11,64.80,194.10,1,-1,-1,-1
178,1486,1113.96,625.81,87.38,205.86,1,-1,-1,-1
179,1488,626.43,786.91,98.12,216.09,1,-1,-1,-1
179,1487,1218.97,546.01,83.93,204.46,1,-1,-1,-1
179,1489,729.69,382.66,80.23,206.63,1,-1,-1,-1
179,1491,814.67,703.72,92.30,212.54,1,-1,-1,-1
179,1490,1025.53,465.81,65.07,193.90,1,-1,-1,-1
179,1486,1107.38,627.26,87.28,205.30,1,-1,-1,-1
180,1488,625.68,788.18,97.89,215.67,1,-1,-1,-1
180,1487,1220.13,548.14,83.15,203.34,1,-1,-1,-1
180,1489,736.70,384.84,80.11,206.85,1,-1,-1,-1
180,1491,807.04,707.08,91.85,211.62,1,-1,-1,-1
180,1490,1029.62,469.09,65.40,195.10,1,-1,-1,-1
180,1486,1103.37,627.53,87.74,205.97,1,-1,-1,-1
181,1488,625.06,789.42,97.81,215.38,1,-1,-1,-1
181,1487,1219.65,550.13,84.30,205.74,1,-1,-1,-1
181,1489,740.82,384.63,80.93,209.36,1,-1,-1,-1
181,1491,798.46,708.98,92.56,211.90,1,-1,-1,-1
181,1490,1036.04,471.41,64.96,194.15,1,-1,-1,-1
181,1486,1097.79,630.35,88.32,206.83,1,-1,-1,-1
182,1488,624.56,790.61,97.27,214.79,1,-1,-1,-1
182,1487,1219.45,551.20,84.70,206.55,1,-1,-1,-1
182,1489,747.24,385.93,80.81,209.05,1,-1,-1,-1
182,1491,790.44,710.62,93.42,212.18,1,-1,-1,-1
182,1490,1043.26,470.57,65.71,195.68,1,-1,-1,-1
182,1486,1090.25,631.54,88.85,207.50,1,-1,-1,-1
183,1488,621.75,796.19,95.37,211.54,1,-1,-1,-1
183,1487,1219.73,553.67,84.10,205.33,1,-1,-1,-1
183,1489,754.67,389.93,80.38,208.16,1,-1,-1,-1
183,1491,786.00,713.27,94.48,214.57,1,-1,-1,-1
183,1490,1050.95,471.96,65.93,195.42,1,-1,-1,-1
183,1486,1086.34,632.09,89.24,209.03,1,-1,-1,-1
184,1488,619.90,797.66,95.95,213.41,1,-1,-1,-1
184,1487,1220.12,555.67,84.18,204.65,1,-1,-1,-1
184,1489,761.78,392.48,80.06,207.68,1,-1,-1,-1
184,1491,778.37,713.38,96.53,217.36,1,-1,-1,-1
184,1490,1057.71,474.93,67.08,198.62,1,-1,-1,-1
184,1486,1081.14,641.01,86.77,202.24,1,-1,-1,-1
185,1488,619.90,799.04,95.48,212.99,1,-1,-1,-1
185,1487,1219.26,557.84,85.68,206.89,1,-1,-1,-1
185,1489,766.69,394.37,79.68,207.13,1,-1,-1,-1
185,1491,771.77,715.41,95.58,215.35,1,-1,-1,-1
185,1490,1065.20,477.98,66.66,196.62,1,-1,-1,-1
185,1486,1074.68,645.57,85.28,199.02,1,-1,-1,-1
186,1488,619.67,803.02,95.47,212.85,1,-1,-1,-1
186,1487,1219.28,560.04,85.59,206.39,1,-1,-1,-1
186,1489,773.00,398.67,79.48,205.48,1,-1,-1,-1
186,1491,764.71,717.25,95.63,215.28,1,-1,-1,-1
186,1490,1068.81,478.23,67.48,197.57,1,-1,-1,-1
186,1486,1067.66,651.16,84.59,196.85,1,-1,-1,-1
187,1488,620.01,805.27,94.74,212.04,1,-1,-1,-1
187,1487,1219.26,561.87,85.51,206.12,1,-1,-1,-1
187,1489,780.07,399.59,80.30,206.89,1,-1,-1,-1
187,1491,758.20,719.45,94.30,213.01,1,-1,-1,-1
187,1490,1075.10,482.47,67.65,198.25,1,-1,-1,-1
187,1486,1060.99,656.41,82.56,192.73,1,-1,-1,-1
188,1488,620.49,807.36,93.68,210.41,1,-1,-1,-1
188,1487,1219.54,564.22,84.87,204.38,1,-1,-1,-1
188,1489,787.31,401.13,80.13,206.65,1,-1,-1,-1
188,1491,753.83,721.93,94.88,214.53,1,-1,-1,-1
188,1490,1082.41,485.40,66.89,196.81,1,-1,-1,-1
188,1486,1054.61,651.31,86.43,201.59,1,-1,-1,-1
189,1488,620.66,808.82,92.97,209.48,1,-1,-1,-1
189,1487,1219.13,565.97,85.79,206.85,1,-1,-1,-1
189,1489,794.69,402.60,79.97,206.58,1,-1,-1,-1
189,1491,748.77,724.52,93.67,212.59,1,-1,-1,-1
189,1490,1090.74,488.85,65.27,193.06,1,-1,-1,-1
189,1486,1047.65,649.57,87.73,204.26,1,-1,-1,-1
190,1488,620.01,810.73,94.09,213.53,1,-1,-1,-1
190,1487,1218.74,567.57,85.74,207.19,1,-1,-1,-1
190,1489,802.78,408.61,78.28,202.15,1,-1,-1,-1
190,1491,741.51,726.18,93.96,212.53,1,-1,-1,-1
190,1490,1098.85,491.36,63.95,189.34,1,-1,-1,-1
190,1486,1039.33,648.18,89.91,208.22,1,-1,-1,-1
191,1488,619.98,811.63,94.18,215.15,1,-1,-1,-1
191,1487,1218.78,569.11,85.35,206.64,1,-1,-1,-1
191,1489,810.32,409.82,79.01,202.87,1,-1,-1,-1
191,1491,734.07,727.62,94.15,213.08,1,-1,-1,-1
191,1490,1105.82,494.65,64.69,191.33,1,-1,-1,-1
191,1486,1031.83,649.31,90.20,207.78,1,-1,-1,-1
192,1488,620.69,813.80,93.07,213.89,1,-1,-1,-1
192,1487,1218.61,570.64,84.74,206.17,1,-1,-1,-1
192,1489,814.91,411.16,79.27,203.27,1,-1,-1,-1
192,1491,730.01,730.22,94.62,213.67,1,-1,-1,-1
192,1490,1109.63,497.07,64.37,190.86,1,-1,-1,-1
192,1486,1023.35,650.42,90.78,207.49,1,-1,-1,-1
193,1488,621.58,815.18,92.55,213.10,1,-1,-1,-1
193,1487,1218.21,571.27,84.70,206.20,1,-1,-1,-1
193,1489,820.99,411.34,80.19,205.32,1,-1,-1,-1
193,1491,723.50,730.96,95.41,215.78,1,-1,-1,-1
193,1490,1115.43,497.39,64.52,191.96,1,-1,-1,-1
193,1486,1016.40,654.07,90.92,206.85,1,-1,-1,-1
194,1488,622.28,818.96,91.94,212.93,1,-1,-1,-1
194,1487,1217.24,574.35,84.68,207.17,1,-1,-1,-1
194,1489,828.19,415.27,79.79,203.53,1,-1,-1,-1
194,1491,716.96,732.80,94.86,215.65,1,-1,-1,-1
194,1490,1118.58,497.91,64.53,191.97,1,-1,-1,-1
194,1486,1007.86,656.67,91.58,207.76,1,-1,-1,-1
195,1488,622.62,820.57,91.72,214.07,1,-1,-1,-1
195,1487,1216.98,576.30,83.61,206.53,1,-1,-1,-1
195,1489,834.99,415.75,81.40,206.12,1,-1,-1,-1
195,1491,709.87,733.94,94.60,216.10,1,-1,-1,-1
195,1490,1123.72,500.31,65.89,195.69,1,-1,-1,-1
195,1486,1000.23,659.56,91.19,205.08,1,-1,-1,-1
196,1488,626.86,822.20,90.47,212.54,1,-1,-1,-1
196,1487,1214.02,577.95,82.72,205.23,1,-1,-1,-1
196,1489,842.17,416.60,82.20,207.53,1,-1,-1,-1
196,1491,706.32,737.11,94.37,215.79,1,-1,-1,-1
196,1490,1130.60,503.18,65.20,194.23,1,-1,-1,-1
196,1486,991.81,662.05,92.37,206.14,1,-1,-1,-1
197,1488,628.72,823.32,90.34,212.48,1,-1,-1,-1
197,1487,1211.89,578.47,82.80,206.02,1,-1,-1,-1
197,1489,849.32,418.04,82.56,207.53,1,-1,-1,-1
197,1491,699.72,738.59,94.63,215.94,1,-1,-1,-1
197,1490,1133.75,502.59,65.96,197.03,1,-1,-1,-1
197,1486,986.07,663.03,94.32,208.33,1,-1,-1,-1
198,1488,629.90,826.17,89.91,214.19,1,-1,-1,-1
198,1487,1210.16,580.97,83.40,209.23,1,-1,-1,-1
198,1489,857.75,422.79,81.74,204.85,1,-1,-1,-1
198,1491,693.25,740.95,94.44,215.71,1,-1,-1,-1
198,1490,1139.49,503.39,65.73,197.09,1,-1,-1,-1
198,1486,979.27,664.64,95.06,208.36,1,-1,-1,-1
199,1488,630.65,827.46,89.08,215.86,1,-1,-1,-1
199,1487,1209.15,584.11,82.59,208.13,1,-1,-1,-1
199,1489,864.99,424.67,82.33,205.50,1,-1,-1,-1
199,1491,686.50,742.76,94.05,215.58,1,-1,-1,-1
199,1490,1145.99,506.31,66.00,199.23,1,-1,-1,-1
199,1486,972.19,665.30,95.26,209.07,1,-1,-1,-1
200,1488,631.55,829.23,88.24,215.82,1,-1,-1,-1
200,1487,1206.27,586.63,81.25,205.77,1,-1,-1,-1
200,1489,872.50,426.00,82.64,206.13,1,-1,-1,-1
200,1491,683.32,745.96,93.55,215.18,1,-1,-1,-1
200,1490,1152.97,508.21,65.70,199.48,1,-1,-1,-1
200,1486,964.88,667.37,94.86,206.98,1,-1,-1,-1
201,1487,1209.52,588.09,78.96,202.16,1,-1,-1,-1
201,1489,880.54,426.94,82.52,206.77,1,-1,-1,-1
201,1491,677.06,746.47,94.39,217.65,1,-1,-1,-1
201,1490,1156.86,511.17,64.55,196.57,1,-1,-1,-1
201,1486,957.57,670.48,95.26,208.09,1,-1,-1,-1
202,1487,1206.89,590.02,76.73,197.73,1,-1,-1,-1
202,1489,889.10,431.70,81.69,204.29,1,-1,-1,-1
202,1491,670.08,748.43,94.61,218.19,1,-1,-1,-1
202,1490,1162.95,513.28,63.64,193.23,1,-1,-1,-1
202,1486,952.94,672.95,95.81,208.74,1,-1,-1,-1
203,1487,1205.65,590.22,76.02,197.70,1,-1,-1,-1
203,1489,897.27,434.22,81.02,203.26,1,-1,-1,-1
203,1491,667.00,752.38,93.92,217.43,1,-1,-1,-1
203,1490,1165.42,517.17,63.92,194.60,1,-1,-1,-1
203,1486,942.94,676.67,95.79,208.48,1,-1,-1,-1
204,1487,1206.69,591.70,73.87,194.54,1,-1,-1,-1
204,1489,901.42,433.17,82.30,206.00,1,-1,-1,-1
204,1491,662.21,755.53,91.91,214.17,1,-1,-1,-1
204,1490,1171.19,519.83,63.55,193.52,1,-1,-1,-1
204,1486,934.34,678.85,95.84,207.64,1,-1,-1,-1
205,1487,1215.10,593.90,67.39,180.87,1,-1,-1,-1
205,1489,908.65,434.61,82.15,206.18,1,-1,-1,-1
205,1491,656.02,758.18,90.03,211.22,1,-1,-1,-1
205,1490,1174.28,521.90,62.49,191.33,1,-1,-1,-1
205,1486,926.36,680.63,95.26,206.99,1,-1,-1,-1
206,1487,1218.76,592.89,64.75,178.53,1,-1,-1,-1
206,1489,916.36,439.35,81.06,203.79,1,-1,-1,-1
206,1491,652.88,758.93,90.04,212.20,1,-1,-1,-1
206,1486,920.69,680.82,96.79,210.25,1,-1,-1,-1
207,1489,923.68,441.43,81.03,204.13,1,-1,-1,-1
207,1491,648.00,759.78,89.70,212.79,1,-1,-1,-1
207,1486,911.08,684.70,95.78,209.00,1,-1,-1,-1
207,1490,1186.16,525.63,63.87,195.08,1,-1,-1,-1
208,1489,931.21,442.19,81.45,205.02,1,-1,-1,-1
208,1491,645.77,763.08,89.38,213.17,1,-1,-1,-1
208,1486,905.36,685.63,96.44,210.68,1,-1,-1,-1
208,1490,1188.80,526.13,64.88,197.84,1,-1,-1,-1
209,1489,938.84,443.76,81.26,204.27,1,-1,-1,-1
209,1491,640.63,764.67,88.88,213.46,1,-1,-1,-1
209,1486,898.00,686.55,97.02,211.63,1,-1,-1,-1
209,1490,1194.78,531.37,64.48,196.26,1,-1,-1,-1
210,1489,946.83,447.83,81.27,203.77,1,-1,-1,-1
210,1491,638.87,766.97,87.95,212.86,1,-1,-1,-1
210,1486,889.84,686.73,98.57,215.17,1,-1,-1,-1
210,1490,1196.92,529.73,64.44,195.51,1,-1,-1,-1
211,1489,954.20,449.19,81.94,204.84,1,-1,-1,-1
211,1491,633.91,768.68,87.30,211.95,1,-1,-1,-1
211,1486,883.19,691.02,97.35,212.25,1,-1,-1,-1
211,1490,1197.65,527.97,65.51,198.30,1,-1,-1,-1
211,1487,1163.56,601.05,72.05,202.46,1,-1,-1,-1
212,1489,961.93,449.99,82.01,205.50,1,-1,-1,-1
212,1491,631.88,772.43,86.29,210.15,1,-1,-1,-1
212,1486,875.52,693.74,96.78,210.49,1,-1,-1,-1
212,1490,1202.70,532.42,65.32,198.11,1,-1,-1,-1
212,1487,1158.32,605.63,72.55,206.94,1,-1,-1,-1
213,1489,969.54,450.90,82.46,205.85,1,-1,-1,-1
213,1491,631.16,774.05,85.75,210.31,1,-1,-1,-1
213,1486,869.17,696.41,95.15,207.82,1,-1,-1,-1
213,1490,1204.13,533.18,65.98,200.18,1,-1,-1,-1
213,1487,1152.61,609.00,72.11,206.80,1,-1,-1,-1
213,1488,699.36,855.95,80.45,206.51,1,-1,-1,-1
214,1489,977.68,455.83,81.78,204.18,1,-1,-1,-1
214,1491,626.73,775.79,85.39,210.05,1,-1,-1,-1
214,1486,860.83,697.12,95.82,210.00,1,-1,-1,-1
214,1490,1204.99,537.01,66.31,202.20,1,-1,-1,-1
214,1487,1149.94,612.66,72.96,209.28,1,-1,-1,-1
214,1488,702.03,857.70,78.51,205.80,1,-1,-1,-1
215,1489,985.46,458.50,81.30,203.34,1,-1,-1,-1
215,1491,624.85,777.23,84.69,209.34,1,-1,-1,-1
215,1486,852.98,699.91,96.36,210.41,1,-1,-1,-1
215,1490,1209.61,539.04,66.39,202.28,1,-1,-1,-1
215,1487,1144.94,615.17,73.29,209.41,1,-1,-1,-1
215,1488,703.19,859.25,77.46,204.44,1,-1,-1,-1
216,1489,993.17,460.14,81.11,202.77,1,-1,-1,-1
216,1491,624.44,779.19,83.14,206.82,1,-1,-1,-1
216,1486,845.76,702.68,94.97,208.26,1,-1,-1,-1
216,1490,1212.66,540.79,65.19,200.23,1,-1,-1,-1
216,1487,1142.52,616.81,73.81,209.26,1,-1,-1,-1
216,1488,704.21,863.70,76.86,203.41,1,-1,-1,-1
217,1489,997.42,460.00,81.86,204.72,1,-1,-1,-1
217,1491,619.83,781.62,83.59,208.35,1,-1,-1,-1
217,1486,838.16,704.45,94.94,207.21,1,-1,-1,-1
217,1490,1213.66,540.95,65.38,201.46,1,-1,-1,-1
217,1487,1140.13,618.17,74.21,209.06,1,-1,-1,-1
217,1488,707.80,863.88,77.42,205.63,1,-1,-1,-1
218,1489,1004.60,464.29,81.67,203.74,1,-1,-1,-1
218,1491,618.42,783.57,83.15,208.64,1,-1,-1,-1
218,1486,830.18,706.00,95.29,208.23,1,-1,-1,-1
218,1490,1214.23,541.51,65.35,201.79,1,-1,-1,-1
218,1487,1134.85,621.60,74.93,209.68,1,-1,-1,-1
218,1488,710.82,867.55,76.82,202.00,1,-1,-1,-1
219,1489,1011.41,465.61,82.06,204.58,1,-1,-1,-1
219,1491,617.23,785.40,83.02,209.07,1,-1,-1,-1
219,1486,825.32,708.59,95.82,209.04,1,-1,-1,-1
219,1490,1214.52,544.46,65.52,202.23,1,-1,-1,-1
219,1487,1128.89,624.43,74.94,208.25,1,-1,-1,-1
219,1488,715.06,868.62,76.93,202.22,1,-1,-1,-1
220,1489,1018.63,466.32,82.57,205.57,1,-1,-1,-1
220,1491,616.46,789.66,82.71,208.70,1,-1,-1,-1
220,1486,818.67,709.97,95.69,209.01,1,-1,-1,-1
220,1490,1217.50,546.61,66.06,202.62,1,-1,-1,-1
220,1487,1124.80,625.51,74.90,207.69,1,-1,-1,-1
220,1488,718.03,873.35,76.67,200.78,1,-1,-1,-1
221,1489,1026.17,467.90,82.04,204.29,1,-1,-1,-1
221,1491,612.99,792.58,81.84,206.87,1,-1,-1,-1
221,1486,811.11,711.56,95.97,209.17,1,-1,-1,-1
221,1490,1219.23,548.02,66.34,203.42,1,-1,-1,-1
221,1487,1119.11,626.31,75.04,207.73,1,-1,-1,-1
221,1488,724.11,876.58,75.79,197.87,1,-1,-1,-1
222,1489,1033.95,472.52,81.67,202.65,1,-1,-1,-1
222,1491,611.37,794.49,81.69,206.44,1,-1,-1,-1
222,1486,803.82,713.07,96.30,209.71,1,-1,-1,-1
222,1490,1219.69,548.74,66.67,204.32,1,-1,-1,-1
222,1487,1112.01,629.06,76.22,209.67,1,-1,-1,-1
222,1488,731.21,878.29,75.46,195.70,1,-1,-1,-1
223,1489,1041.47,474.49,81.50,202.24,1,-1,-1,-1
223,1491,610.53,797.56,82.07,206.96,1,-1,-1,-1
223,1486,796.45,713.03,96.99,211.86,1,-1,-1,-1
223,1490,1220.47,552.72,66.48,203.20,1,-1,-1,-1
223,1487,1107.72,630.63,76.76,210.00,1,-1,-1,-1
223,1488,735.07,878.55,75.68,196.22,1,-1,-1,-1
224,1489,1045.92,475.39,81.50,202.01,1,-1,-1,-1
224,1491,609.65,798.81,82.90,208.23,1,-1,-1,-1
224,1486,789.35,716.86,96.55,210.20,1,-1,-1,-1
224,1490,1220.43,554.41,66.49,202.77,1,-1,-1,-1
224,1487,1101.67,632.10,77.38,210.74,1,-1,-1,-1
224,1488,742.40,881.27,74.56,191.38,1,-1,-1,-1
225,1489,1052.53,477.12,80.66,199.58,1,-1,-1,-1
225,1491,609.20,799.51,83.68,210.06,1,-1,-1,-1
225,1486,781.92,719.53,95.86,209.37,1,-1,-1,-1
225,1490,1220.48,556.02,66.38,200.90,1,-1,-1,-1
225,1487,1094.34,631.66,78.58,212.69,1,-1,-1,-1
225,1488,749.02,878.92,76.37,195.32,1,-1,-1,-1
226,1489,1059.16,477.09,80.84,199.77,1,-1,-1,-1
226,1491,609.20,801.45,83.38,209.36,1,-1,-1,-1
226,1486,776.42,722.10,97.17,212.87,1,-1,-1,-1
226,1490,1219.86,557.26,66.89,201.21,1,-1,-1,-1
226,1487,1087.08,636.00,78.36,211.82,1,-1,-1,-1
226,1488,754.98,872.12,79.05,201.21,1,-1,-1,-1
227,1491,609.55,805.24,82.68,207.81,1,-1,-1,-1
227,1486,769.38,723.97,97.45,213.97,1,-1,-1,-1
227,1490,1219.95,561.39,67.10,200.64,1,-1,-1,-1
227,1487,1081.61,649.04,74.24,199.63,1,-1,-1,-1
227,1488,761.45,870.01,79.76,202.33,1,-1,-1,-1
228,1491,609.52,807.12,82.75,208.06,1,-1,-1,-1
228,1486,761.91,724.75,98.11,215.15,1,-1,-1,-1
228,1490,1219.86,562.35,67.69,202.23,1,-1,-1,-1
228,1487,1078.80,662.47,70.68,188.40,1,-1,-1,-1
228,1488,765.19,871.92,80.20,203.15,1,-1,-1,-1
229,1491,608.81,808.54,83.37,208.87,1,-1,-1,-1
229,1486,754.42,727.06,97.82,214.01,1,-1,-1,-1
229,1490,1219.29,563.42,68.23,202.93,1,-1,-1,-1
229,1487,1072.96,668.33,69.76,183.99,1,-1,-1,-1
229,1488,771.37,872.63,80.89,203.48,1,-1,-1,-1
229,1489,1076.69,483.82,80.74,199.80,1,-1,-1,-1
230,1491,608.71,809.79,83.77,209.53,1,-1,-1,-1
230,1486,748.79,729.65,95.69,209.99,1,-1,-1,-1
230,1490,1219.08,564.94,68.24,202.35,1,-1,-1,-1
230,1487,1062.08,655.03,75.48,199.57,1,-1,-1,-1
230,1488,778.14,875.07,80.55,201.28,1,-1,-1,-1
230,1489,1084.52,486.05,79.80,197.48,1,-1,-1,-1
231,1491,608.36,812.14,84.50,210.34,1,-1,-1,-1
231,1486,744.14,731.51,96.71,212.67,1,-1,-1,-1
231,1490,1218.85,566.72,67.67,200.47,1,-1,-1,-1
231,1487,1053.88,650.71,78.38,206.25,1,-1,-1,-1
231,1488,786.18,878.57,79.51,197.25,1,-1,-1,-1
231,1489,1090.71,489.11,81.53,201.57,1,-1,-1,-1
232,1491,608.34,813.82,84.92,210.95,1,-1,-1,-1
232,1486,737.70,733.34,96.74,212.57,1,-1,-1,-1
232,1490,1218.48,569.23,68.11,200.57,1,-1,-1,-1
232,1487,1046.48,649.92,79.50,208.84,1,-1,-1,-1
232,1488,795.38,886.35,76.40,189.20,1,-1,-1,-1
232,1489,1097.77,491.48,81.98,202.78,1,-1,-1,-1
233,1491,609.35,816.03,84.00,209.70,1,-1,-1,-1
233,1486,731.12,734.83,96.59,211.40,1,-1,-1,-1
233,1490,1217.91,570.26,68.50,201.34,1,-1,-1,-1
233,1487,1041.15,651.11,80.78,212.26,1,-1,-1,-1
233,1488,800.07,890.83,74.42,183.93,1,-1,-1,-1
233,1489,1105.27,496.70,81.29,201.33,1,-1,-1,-1
234,1491,610.06,818.11,82.99,208.24,1,-1,-1,-1
234,1486,725.22,737.28,95.26,209.17,1,-1,-1,-1
234,1490,1217.20,571.87,68.29,199.89,1,-1,-1,-1
234,1487,1035.20,654.24,80.05,210.04,1,-1,-1,-1
234,1488,808.06,895.47,72.25,177.57,1,-1,-1,-1
234,1489,1109.18,497.84,82.09,203.34,1,-1,-1,-1
235,1491,610.50,821.62,82.72,206.99,1,-1,-1,-1
235,1486,718.27,740.77,94.94,208.96,1,-1,-1,-1
235,1490,1213.66,574.41,67.81,197.88,1,-1,-1,-1
235,1487,1028.42,655.60,79.72,209.48,1,-1,-1,-1
235,1488,815.66,898.06,71.30,174.17,1,-1,-1,-1
235,1489,1115.27,499.23,81.57,203.20,1,-1,-1,-1
236,1491,610.72,823.24,83.07,207.91,1,-1,-1,-1
236,1486,713.93,742.84,94.33,207.99,1,-1,-1,-1
236,1490,1212.57,576.87,66.95,196.02,1,-1,-1,-1
236,1487,1021.06,657.72,79.20,207.52,1,-1,-1,-1
236,1488,823.56,899.50,71.19,172.50,1,-1,-1,-1
236,1489,1121.58,499.87,81.39,203.43,1,-1,-1,-1
237,1491,611.50,824.97,82.68,207.51,1,-1,-1,-1
237,1486,708.45,744.70,94.09,207.72,1,-1,-1,-1
237,1490,1211.19,578.76,67.49,197.87,1,-1,-1,-1
237,1487,1013.17,660.64,79.80,208.72,1,-1,-1,-1
237,1488,831.69,901.98,70.20,168.23,1,-1,-1,-1
237,1489,1124.86,500.25,81.86,204.08,1,-1,-1,-1
238,1491,611.38,825.86,83.22,208.41,1,-1,-1,-1
238,1486,701.17,745.25,95.02,210.19,1,-1,-1,-1
238,1490,1210.77,580.46,67.16,197.76,1,-1,-1,-1
238,1487,1005.08,662.44,80.33,209.34,1,-1,-1,-1
238,1488,839.19,905.51,70.36,167.48,1,-1,-1,-1
238,1489,1131.41,505.17,81.00,202.02,1,-1,-1,-1
239,1491,615.67,826.75,83.07,208.39,1,-1,-1,-1
239,1486,697.29,746.78,94.62,208.25,1,-1,-1,-1
239,1490,1210.07,583.14,66.64,196.63,1,-1,-1,-1
239,1487,997.60,665.01,80.25,208.09,1,-1,-1,-1
239,1488,844.12,909.40,68.92,163.08,1,-1,-1,-1
239,1489,1137.54,506.21,81.52,203.26,1,-1,-1,-1
240,1491,617.45,829.65,83.21,208.19,1,-1,-1,-1
240,1486,691.75,749.31,95.34,209.43,1,-1,-1,-1
240,1490,1210.84,588.34,65.40,194.01,1,-1,-1,-1
240,1487,989.50,666.09,80.50,207.50,1,-1,-1,-1
240,1488,850.35,909.97,69.38,162.59,1,-1,-1,-1
240,1489,1141.05,506.61,82.19,204.55,1,-1,-1,-1
241,1491,618.79,831.15,83.07,208.53,1,-1,-1,-1
241,1486,686.46,751.05,94.84,208.78,1,-1,-1,-1
241,1490,1210.76,591.88,64.58,191.75,1,-1,-1,-1
241,1487,980.99,668.01,81.77,210.02,1,-1,-1,-1
241,1488,857.76,911.63,69.26,160.85,1,-1,-1,-1
241,1489,1147.01,508.18,82.21,204.01,1,-1,-1,-1
242,1491,619.90,833.14,82.21,208.09,1,-1,-1,-1
242,1486,682.46,752.38,94.86,209.39,1,-1,-1,-1
242,1490,1210.37,592.61,64.68,193.22,1,-1,-1,-1
242,1487,973.76,670.55,81.42,208.86,1,-1,-1,-1
242,1488,865.13,912.67,69.32,159.54,1,-1,-1,-1
242,1489,1153.01,512.13,82.30,204.09,1,-1,-1,-1
243,1491,624.40,833.05,81.98,209.43,1,-1,-1,-1
243,1486,676.37,756.42,95.13,208.92,1,-1,-1,-1
243,1487,966.08,672.80,81.08,207.83,1,-1,-1,-1
243,1488,873.76,915.44,68.11,154.44,1,-1,-1,-1
243,1489,1156.37,513.54,82.62,204.38,1,-1,-1,-1
244,1491,626.27,832.90,81.60,211.11,1,-1,-1,-1
244,1486,673.20,756.84,95.73,210.91,1,-1,-1,-1
244,1487,957.10,672.60,82.24,209.59,1,-1,-1,-1
244,1488,880.67,916.01,69.40,154.09,1,-1,-1,-1
244,1489,1161.67,514.12,83.33,205.10,1,-1,-1,-1
245,1486,667.31,760.60,94.73,207.34,1,-1,-1,-1
245,1487,948.89,675.48,83.05,210.58,1,-1,-1,-1
245,1488,888.59,917.88,68.97,151.03,1,-1,-1,-1
245,1489,1168.89,515.34,82.31,202.81,1,-1,-1,-1
246,1486,661.98,764.60,93.13,202.99,1,-1,-1,-1
246,1487,943.85,677.63,82.60,209.66,1,-1,-1,-1
246,1488,896.10,921.66,69.29,150.76,1,-1,-1,-1
246,1489,1171.69,514.97,82.66,204.30,1,-1,-1,-1
247,1486,655.19,769.62,93.33,201.71,1,-1,-1,-1
247,1487,934.12,679.95,82.59,208.94,1,-1,-1,-1
247,1488,904.08,923.40,69.38,150.02,1,-1,-1,-1
247,1489,1173.15,518.76,83.15,206.44,1,-1,-1,-1
248,1486,651.50,770.08,94.51,203.63,1,-1,-1,-1
248,1487,928.46,680.97,82.78,208.32,1,-1,-1,-1
248,1488,911.55,924.82,69.70,149.28,1,-1,-1,-1
248,1489,1177.66,520.28,83.47,207.73,1,-1,-1,-1
249,1486,649.18,770.57,95.41,205.64,1,-1,-1,-1
249,1487,921.78,683.06,82.09,205.05,1,-1,-1,-1
249,1488,915.48,926.31,70.66,148.83,1,-1,-1,-1
249,1489,1180.63,521.93,82.91,207.09,1,-1,-1,-1
250,1486,643.52,773.32,97.01,208.61,1,-1,-1,-1
250,1487,914.23,683.48,82.84,205.87,1,-1,-1,-1
250,1488,925.70,928.34,70.64,146.60,1,-1,-1,-1
250,1489,1184.86,525.08,83.87,210.68,1,-1,-1,-1
