1,406,572.60,737.36,97.61,215.95,1,-1,-1,-1
1,407,1568.21,736.13,90.57,212.53,1,-1,-1,-1
1,408,922.38,425.52,96.14,206.34,1,-1,-1,-1
2,406,576.83,733.89,97.51,215.51,1,-1,-1,-1
2,407,1567.85,741.54,90.14,211.53,1,-1,-1,-1
2,408,922.76,431.83,95.82,205.75,1,-1,-1,-1
3,406,577.89,731.15,97.41,214.99,1,-1,-1,-1
3,407,1565.78,742.54,91.46,214.33,1,-1,-1,-1
3,408,923.97,444.69,95.88,206.17,1,-1,-1,-1
4,406,579.67,727.47,97.26,213.90,1,-1,-1,-1
4,407,1564.11,741.92,92.86,217.11,1,-1,-1,-1
4,408,925.38,454.67,95.25,205.42,1,-1,-1,-1
5,406,581.60,720.13,96.11,210.79,1,-1,-1,-1
5,407,1564.40,747.30,92.17,215.79,1,-1,-1,-1
5,408,925.98,470.96,94.96,204.76,1,-1,-1,-1
6,406,584.95,711.76,96.53,211.49,1,-1,-1,-1
6,407,1561.32,755.83,90.53,212.30,1,-1,-1,-1
6,408,929.95,475.17,95.13,205.43,1,-1,-1,-1
7,406,585.96,701.42,97.32,212.04,1,-1,-1,-1
7,407,1560.30,759.18,89.43,210.31,1,-1,-1,-1
7,408,931.29,479.59,96.39,208.05,1,-1,-1,-1
8,406,586.89,695.46,98.03,213.14,1,-1,-1,-1
8,407,1559.05,761.49,88.82,209.57,1,-1,-1,-1
8,408,932.11,497.41,96.22,208.54,1,-1,-1,-1
9,406,589.26,692.66,97.13,211.33,1,-1,-1,-1
9,407,1557.29,763.32,90.49,212.37,1,-1,-1,-1
9,408,933.07,498.87,96.17,208.20,1,-1,-1,-1
10,406,590.03,682.86,96.82,210.59,1,-1,-1,-1
10,407,1553.86,763.36,89.14,209.74,1,-1,-1,-1
10,408,937.09,504.61,96.09,208.45,1,-1,-1,-1
11,406,593.30,677.00,97.24,209.95,1,-1,-1,-1
11,407,1551.07,764.06,90.36,211.64,1,-1,-1,-1
11,408,939.63,511.78,95.81,208.48,1,-1,-1,-1
12,406,595.01,675.91,97.81,209.75,1,-1,-1,-1
12,407,1549.84,765.29,90.59,211.58,1,-1,-1,-1
12,408,941.51,521.51,95.04,207.09,1,-1,-1,-1
13,406,597.33,669.98,96.98,207.87,1,-1,-1,-1
13,407,1545.98,773.59,89.89,209.92,1,-1,-1,-1
13,408,945.49,538.49,95.21,207.79,1,-1,-1,-1
14,406,597.79,663.42,97.32,206.99,1,-1,-1,-1
14,407,1544.20,774.82,89.98,209.40,1,-1,-1,-1
14,408,947.54,544.73,95.31,208.24,1,-1,-1,-1
15,406,600.62,655.03,98.65,208.63,1,-1,-1,-1
15,407,1542.88,780.59,90.13,209.63,1,-1,-1,-1
15,408,948.80,553.22,95.32,208.13,1,-1,-1,-1
16,406,603.01,643.70,98.24,209.19,1,-1,-1,-1
16,407,1540.99,773.05,91.29,212.00,1,-1,-1,-1
16,408,949.91,565.46,94.88,207.71,1,-1,-1,-1
17,406,603.29,634.42,99.07,210.24,1,-1,-1,-1
17,407,1539.92,772.79,92.45,213.74,1,-1,-1,-1
17,408,953.90,565.66,94.57,207.95,1,-1,-1,-1
18,406,605.18,636.60,97.83,208.07,1,-1,-1,-1
18,407,1536.71,783.89,91.32,211.53,1,-1,-1,-1
18,408,956.04,569.25,94.55,208.26,1,-1,-1,-1
19,406,608.29,623.95,98.29,209.56,1,-1,-1,-1
19,407,1533.73,776.92,92.50,213.15,1,-1,-1,-1
19,408,957.53,581.03,94.56,207.24,1,-1,-1,-1
20,406,610.84,616.34,97.60,208.42,1,-1,-1,-1
20,407,1532.75,784.96,92.65,213.14,1,-1,-1,-1
20,408,958.68,591.59,94.29,206.78,1,-1,-1,-1
21,406,612.75,615.34,97.22,207.40,1,-1,-1,-1
21,407,1532.54,785.01,91.70,212.76,1,-1,-1,-1
21,408,962.33,604.86,94.08,207.19,1,-1,-1,-1
22,406,613.39,607.43,97.36,206.51,1,-1,-1,-1
22,407,1528.85,784.79,91.11,212.58,1,-1,-1,-1
22,408,964.18,605.48,94.13,207.17,1,-1,-1,-1
23,406,616.27,595.12,97.98,207.77,1,-1,-1,-1
23,407,1526.02,783.85,92.12,214.33,1,-1,-1,-1
23,408,965.39,610.98,93.92,206.49,1,-1,-1,-1
24,406,618.36,586.36,98.13,208.77,1,-1,-1,-1
24,407,1524.99,781.94,92.22,213.99,1,-1,-1,-1
24,408,966.69,617.28,94.12,207.11,1,-1,-1,-1
25,406,619.62,583.06,98.35,209.78,1,-1,-1,-1
25,407,1523.98,780.62,92.87,215.13,1,-1,-1,-1
25,408,969.96,627.82,95.45,209.75,1,-1,-1,-1
26,406,621.71,577.89,97.00,207.84,1,-1,-1,-1
26,407,1520.07,777.49,92.32,214.26,1,-1,-1,-1
26,408,971.43,636.66,96.13,211.03,1,-1,-1,-1
27,406,624.84,562.98,97.52,208.10,1,-1,-1,-1
27,407,1517.57,778.59,92.97,214.69,1,-1,-1,-1
27,408,973.06,640.47,95.27,210.23,1,-1,-1,-1
28,406,626.93,558.51,97.50,207.76,1,-1,-1,-1
28,407,1516.23,774.33,93.42,214.97,1,-1,-1,-1
28,408,974.49,644.60,94.38,206.94,1,-1,-1,-1
29,406,628.62,551.05,97.52,207.14,1,-1,-1,-1
29,407,1515.10,777.04,94.26,215.65,1,-1,-1,-1
29,408,978.20,655.90,94.06,207.14,1,-1,-1,-1
30,406,632.30,538.85,97.59,206.60,1,-1,-1,-1
30,407,1512.27,779.63,92.41,213.12,1,-1,-1,-1
30,408,980.45,665.45,93.80,206.82,1,-1,-1,-1
31,406,634.01,527.81,97.71,207.62,1,-1,-1,-1
31,407,1510.43,779.55,91.88,213.25,1,-1,-1,-1
31,408,981.92,671.82,94.01,207.74,1,-1,-1,-1
32,406,635.91,520.35,96.37,205.96,1,-1,-1,-1
32,407,1509.24,775.28,91.76,213.78,1,-1,-1,-1
32,408,982.68,675.38,94.20,206.94,1,-1,-1,-1
33,406,638.26,513.41,94.68,204.30,1,-1,-1,-1
33,407,1508.44,764.58,91.24,213.19,1,-1,-1,-1
33,408,985.59,679.61,95.95,211.01,1,-1,-1,-1
34,406,640.12,507.61,92.47,200.82,1,-1,-1,-1
34,407,1504.04,759.18,92.13,214.41,1,-1,-1,-1
34,408,987.44,681.57,96.01,210.88,1,-1,-1,-1
35,406,642.93,493.23,93.03,202.57,1,-1,-1,-1
35,407,1502.22,758.05,92.12,214.26,1,-1,-1,-1
35,408,987.88,690.89,97.05,212.24,1,-1,-1,-1
36,406,644.76,486.58,94.33,205.37,1,-1,-1,-1
36,407,1501.56,757.81,91.27,213.42,1,-1,-1,-1
36,408,989.10,695.09,96.85,211.39,1,-1,-1,-1
37,406,645.86,479.00,95.03,205.76,1,-1,-1,-1
37,407,1500.18,750.16,92.14,214.45,1,-1,-1,-1
37,408,993.11,706.79,96.33,211.17,1,-1,-1,-1
38,406,646.74,471.44,95.46,205.91,1,-1,-1,-1
38,407,1497.09,754.34,90.50,211.15,1,-1,-1,-1
38,408,994.75,715.42,97.48,213.50,1,-1,-1,-1
39,406,650.11,463.46,95.85,206.87,1,-1,-1,-1
39,407,1495.39,750.33,90.06,210.91,1,-1,-1,-1
39,408,996.46,715.08,96.21,211.29,1,-1,-1,-1
40,406,652.07,457.19,95.51,206.69,1,-1,-1,-1
40,407,1493.20,745.21,90.96,212.45,1,-1,-1,-1
40,408,997.48,714.60,96.28,212.15,1,-1,-1,-1
41,406,653.41,448.92,95.50,206.88,1,-1,-1,-1
41,407,1492.52,743.80,90.59,212.79,1,-1,-1,-1
41,408,1000.92,717.38,97.72,214.80,1,-1,-1,-1
42,406,655.47,437.40,93.65,204.35,1,-1,-1,-1
42,407,1488.88,740.93,90.13,211.02,1,-1,-1,-1
42,408,1002.58,724.00,98.12,216.41,1,-1,-1,-1
43,406,658.05,430.49,94.89,207.35,1,-1,-1,-1
43,407,1486.93,739.55,90.39,211.28,1,-1,-1,-1
43,408,1004.02,733.16,97.52,214.55,1,-1,-1,-1
44,406,660.56,419.33,94.23,206.23,1,-1,-1,-1
44,407,1485.22,732.67,91.62,213.53,1,-1,-1,-1
44,408,1005.60,741.81,96.60,212.07,1,-1,-1,-1
45,406,662.28,409.49,94.70,206.64,1,-1,-1,-1
45,407,1484.28,723.12,91.50,213.82,1,-1,-1,-1
45,408,1009.52,743.89,96.25,211.39,1,-1,-1,-1
46,406,665.99,401.38,93.96,205.78,1,-1,-1,-1
46,407,1480.88,713.81,90.58,212.12,1,-1,-1,-1
46,408,1011.85,744.23,96.19,211.28,1,-1,-1,-1
47,406,667.12,393.46,94.13,205.47,1,-1,-1,-1
47,407,1478.49,708.89,91.22,213.36,1,-1,-1,-1
47,408,1012.18,744.36,97.87,214.27,1,-1,-1,-1
48,406,669.26,379.37,94.08,206.70,1,-1,-1,-1
48,407,1477.14,703.49,91.24,213.76,1,-1,-1,-1
48,408,1013.43,754.84,97.12,213.13,1,-1,-1,-1
49,406,670.62,378.84,93.85,206.75,1,-1,-1,-1
49,407,1476.27,695.46,91.45,214.10,1,-1,-1,-1
49,408,1017.03,757.67,97.80,214.49,1,-1,-1,-1
50,406,670.86,370.57,94.29,207.08,1,-1,-1,-1
50,407,1472.92,697.98,90.49,211.55,1,-1,-1,-1
50,408,1019.01,758.78,97.79,215.24,1,-1,-1,-1
51,406,671.85,363.45,93.61,204.35,1,-1,-1,-1
51,407,1470.31,688.83,91.70,213.71,1,-1,-1,-1
51,408,1020.98,759.88,96.76,212.77,1,-1,-1,-1
52,406,675.32,352.58,93.98,205.70,1,-1,-1,-1
52,407,1468.67,680.38,92.06,213.38,1,-1,-1,-1
52,408,1022.97,771.61,94.34,207.99,1,-1,-1,-1
53,406,677.03,344.58,94.26,205.44,1,-1,-1,-1
53,407,1467.59,677.81,92.55,214.35,1,-1,-1,-1
53,408,1027.09,772.30,93.62,206.80,1,-1,-1,-1
54,406,679.03,330.95,93.87,204.58,1,-1,-1,-1
54,407,1463.85,667.43,92.24,212.78,1,-1,-1,-1
54,408,1028.58,765.89,94.56,209.36,1,-1,-1,-1
55,406,681.80,322.35,94.44,205.08,1,-1,-1,-1
55,407,1461.46,661.72,92.79,213.22,1,-1,-1,-1
55,408,1030.22,773.81,93.81,208.80,1,-1,-1,-1
56,406,683.30,314.53,94.70,205.98,1,-1,-1,-1
56,407,1460.47,655.90,92.48,213.04,1,-1,-1,-1
56,408,1030.78,779.96,94.35,209.65,1,-1,-1,-1
57,406,684.50,304.57,94.58,206.01,1,-1,-1,-1
57,407,1459.69,651.80,92.77,213.46,1,-1,-1,-1
57,408,1034.64,778.35,94.44,209.81,1,-1,-1,-1
58,406,686.89,296.20,93.42,205.14,1,-1,-1,-1
58,407,1456.23,642.82,91.73,210.09,1,-1,-1,-1
58,408,1036.92,773.05,93.89,209.54,1,-1,-1,-1
59,406,688.13,293.01,93.25,204.84,1,-1,-1,-1
59,407,1454.44,637.86,91.63,209.49,1,-1,-1,-1
59,408,1038.13,780.12,93.25,209.17,1,-1,-1,-1
60,406,691.31,283.24,93.05,205.18,1,-1,-1,-1
60,407,1452.11,628.96,93.66,212.73,1,-1,-1,-1
60,408,1038.74,781.45,94.44,210.94,1,-1,-1,-1
61,406,694.22,270.41,92.06,204.38,1,-1,-1,-1
61,407,1448.32,619.84,92.60,209.81,1,-1,-1,-1
61,408,1042.29,779.05,94.91,210.74,1,-1,-1,-1
62,406,695.95,266.05,91.55,203.06,1,-1,-1,-1
62,407,1446.88,616.75,91.75,207.88,1,-1,-1,-1
62,408,1044.75,777.28,93.68,208.90,1,-1,-1,-1
63,406,699.12,263.60,91.83,205.53,1,-1,-1,-1
63,407,1444.99,607.06,92.84,209.02,1,-1,-1,-1
63,408,1045.68,781.75,94.41,211.43,1,-1,-1,-1
64,406,699.76,259.16,93.16,207.93,1,-1,-1,-1
64,407,1444.46,600.47,92.38,208.77,1,-1,-1,-1
64,408,1046.84,778.46,94.06,210.13,1,-1,-1,-1
65,406,700.92,248.58,93.30,207.74,1,-1,-1,-1
65,407,1444.01,593.43,91.79,208.67,1,-1,-1,-1
65,408,1049.80,778.95,95.58,214.02,1,-1,-1,-1
66,406,702.91,240.11,92.68,207.27,1,-1,-1,-1
66,407,1440.84,586.17,90.49,207.05,1,-1,-1,-1
66,408,1051.83,779.61,95.75,214.30,1,-1,-1,-1
67,406,703.66,233.48,92.57,205.51,1,-1,-1,-1
67,407,1439.68,583.34,89.38,205.67,1,-1,-1,-1
67,408,1053.37,781.18,95.34,213.26,1,-1,-1,-1
68,406,707.01,220.64,92.74,205.42,1,-1,-1,-1
68,407,1438.56,576.42,89.17,206.42,1,-1,-1,-1
68,408,1057.73,778.16,94.87,211.85,1,-1,-1,-1
69,406,708.91,216.78,92.70,204.08,1,-1,-1,-1
69,407,1436.51,566.17,91.24,209.76,1,-1,-1,-1
69,408,1059.78,775.10,94.80,210.93,1,-1,-1,-1
70,406,710.79,206.49,91.71,201.15,1,-1,-1,-1
70,407,1433.32,551.37,89.59,207.55,1,-1,-1,-1
70,408,1060.25,778.40,95.36,212.29,1,-1,-1,-1
71,406,711.72,201.73,92.07,201.52,1,-1,-1,-1
71,407,1431.24,543.85,89.29,207.08,1,-1,-1,-1
71,408,1060.88,774.43,95.91,212.57,1,-1,-1,-1
72,406,715.16,199.14,92.31,202.08,1,-1,-1,-1
72,407,1430.71,542.93,87.92,205.58,1,-1,-1,-1
72,408,1061.95,774.39,95.28,211.23,1,-1,-1,-1
73,406,716.79,192.57,92.73,203.57,1,-1,-1,-1
73,407,1427.28,536.33,86.95,204.15,1,-1,-1,-1
73,408,1065.14,771.48,97.34,214.82,1,-1,-1,-1
74,406,717.66,181.37,93.05,204.99,1,-1,-1,-1
74,407,1425.07,520.45,87.06,203.82,1,-1,-1,-1
74,408,1067.17,762.26,97.34,215.61,1,-1,-1,-1
75,406,718.68,181.95,93.30,205.08,1,-1,-1,-1
75,407,1423.39,509.55,87.36,204.25,1,-1,-1,-1
75,408,1068.07,768.91,97.20,214.07,1,-1,-1,-1
76,406,722.27,177.26,93.10,205.23,1,-1,-1,-1
76,407,1422.70,503.46,87.48,204.04,1,-1,-1,-1
76,408,1069.37,770.88,96.50,212.91,1,-1,-1,-1
77,406,724.40,170.71,92.81,203.51,1,-1,-1,-1
77,407,1421.57,501.27,88.03,204.97,1,-1,-1,-1
77,408,1072.87,761.25,97.94,215.76,1,-1,-1,-1
78,406,726.50,161.33,92.76,204.36,1,-1,-1,-1
78,407,1419.07,491.58,86.44,202.48,1,-1,-1,-1
78,408,1074.08,757.19,99.13,217.77,1,-1,-1,-1
79,406,727.25,153.42,92.56,202.96,1,-1,-1,-1
79,407,1415.79,486.57,87.93,204.35,1,-1,-1,-1
79,408,1075.17,756.19,99.41,217.12,1,-1,-1,-1
80,406,727.20,150.42,93.79,204.62,1,-1,-1,-1
80,407,1414.14,474.92,88.48,204.68,1,-1,-1,-1
80,408,1079.28,748.86,99.94,218.85,1,-1,-1,-1
81,406,731.31,144.43,92.64,203.79,1,-1,-1,-1
81,407,1410.58,467.91,87.97,203.19,1,-1,-1,-1
81,408,1081.13,741.86,99.68,218.85,1,-1,-1,-1
82,406,732.39,142.34,93.68,205.12,1,-1,-1,-1
82,407,1409.27,455.59,87.10,201.33,1,-1,-1,-1
82,408,1082.18,738.05,100.43,219.61,1,-1,-1,-1
83,406,735.39,138.37,92.34,202.83,1,-1,-1,-1
83,407,1406.84,449.31,88.42,203.31,1,-1,-1,-1
83,408,1084.16,737.88,98.93,216.54,1,-1,-1,-1
84,406,735.76,140.19,93.04,203.53,1,-1,-1,-1
84,407,1405.27,435.76,89.55,205.41,1,-1,-1,-1
84,408,1087.92,738.17,98.78,216.28,1,-1,-1,-1
85,406,738.83,135.59,93.31,203.45,1,-1,-1,-1
85,407,1401.56,431.35,89.35,204.05,1,-1,-1,-1
85,408,1089.12,727.62,100.09,218.26,1,-1,-1,-1
86,406,741.22,129.81,92.94,203.29,1,-1,-1,-1
86,407,1399.55,419.47,89.43,203.85,1,-1,-1,-1
86,408,1090.40,718.65,99.86,218.46,1,-1,-1,-1
87,406,742.97,123.35,92.58,202.23,1,-1,-1,-1
87,407,1398.62,405.61,88.91,203.96,1,-1,-1,-1
87,408,1091.31,715.15,100.21,218.78,1,-1,-1,-1
88,406,743.40,124.85,93.65,203.77,1,-1,-1,-1
88,407,1396.67,403.30,90.42,206.19,1,-1,-1,-1
88,408,1092.10,713.00,99.75,218.23,1,-1,-1,-1
89,406,746.01,121.50,94.55,206.18,1,-1,-1,-1
89,407,1393.76,388.76,89.21,204.68,1,-1,-1,-1
89,408,1096.18,707.91,99.19,216.85,1,-1,-1,-1
90,406,750.12,116.20,92.23,203.89,1,-1,-1,-1
90,407,1392.03,379.83,88.54,205.15,1,-1,-1,-1
90,408,1098.12,706.62,99.48,217.21,1,-1,-1,-1
91,406,752.14,109.03,91.59,203.40,1,-1,-1,-1
91,407,1389.65,368.89,89.94,207.36,1,-1,-1,-1
91,408,1100.00,695.97,98.53,215.50,1,-1,-1,-1
92,406,754.82,111.29,92.41,204.71,1,-1,-1,-1
92,407,1388.73,360.81,90.19,207.48,1,-1,-1,-1
92,408,1103.33,695.18,100.22,217.96,1,-1,-1,-1
93,406,756.30,104.63,92.80,204.28,1,-1,-1,-1
93,407,1384.73,359.06,90.43,206.69,1,-1,-1,-1
93,408,1105.48,686.72,98.94,215.77,1,-1,-1,-1
94,406,757.52,98.69,92.63,203.05,1,-1,-1,-1
94,407,1383.27,353.78,89.84,206.24,1,-1,-1,-1
94,408,1106.28,677.68,99.76,216.38,1,-1,-1,-1
95,406,759.06,102.17,93.35,203.74,1,-1,-1,-1
95,407,1381.24,343.89,90.96,208.42,1,-1,-1,-1
95,408,1106.72,675.49,100.44,217.22,1,-1,-1,-1
96,406,759.50,101.98,94.00,203.47,1,-1,-1,-1
96,407,1380.22,334.13,91.12,209.59,1,-1,-1,-1
96,408,1108.09,675.16,99.07,213.97,1,-1,-1,-1
97,406,762.95,94.14,93.74,204.28,1,-1,-1,-1
97,407,1376.65,326.11,90.97,208.59,1,-1,-1,-1
97,408,1111.56,663.03,100.02,215.52,1,-1,-1,-1
98,406,765.47,91.53,92.97,204.80,1,-1,-1,-1
98,407,1374.22,313.80,91.74,209.65,1,-1,-1,-1
98,408,1113.49,653.67,100.40,215.80,1,-1,-1,-1
99,406,768.86,99.81,90.71,201.05,1,-1,-1,-1
99,407,1372.78,304.21,92.10,209.80,1,-1,-1,-1
99,408,1114.39,652.23,100.43,214.91,1,-1,-1,-1
100,406,771.61,93.79,91.79,203.89,1,-1,-1,-1
100,407,1372.40,294.34,91.36,208.24,1,-1,-1,-1
100,408,1116.46,643.01,98.76,211.07,1,-1,-1,-1
101,406,774.28,96.82,91.02,203.25,1,-1,-1,-1
101,407,1369.38,293.18,90.71,208.02,1,-1,-1,-1
101,408,1119.69,635.43,100.40,213.96,1,-1,-1,-1
102,406,775.08,87.86,91.01,202.92,1,-1,-1,-1
102,407,1366.85,283.70,90.53,207.11,1,-1,-1,-1
102,408,1120.82,632.90,101.40,215.35,1,-1,-1,-1
103,406,776.80,84.57,90.41,202.65,1,-1,-1,-1
103,407,1365.39,273.10,90.76,208.56,1,-1,-1,-1
103,408,1122.51,619.21,100.23,213.68,1,-1,-1,-1
104,406,776.66,90.84,91.67,203.62,1,-1,-1,-1
104,407,1364.37,268.36,90.96,209.20,1,-1,-1,-1
104,408,1124.07,614.53,99.14,212.06,1,-1,-1,-1
105,406,779.05,89.03,92.62,204.04,1,-1,-1,-1
105,407,1360.37,258.40,91.03,208.16,1,-1,-1,-1
105,408,1126.88,600.60,101.14,215.80,1,-1,-1,-1
106,406,781.43,84.93,92.01,203.38,1,-1,-1,-1
106,407,1359.20,254.35,90.62,208.19,1,-1,-1,-1
106,408,1128.52,593.44,101.52,216.78,1,-1,-1,-1
107,406,782.74,88.45,92.03,203.36,1,-1,-1,-1
107,407,1358.36,247.23,90.24,208.84,1,-1,-1,-1
107,408,1129.82,589.10,101.34,215.17,1,-1,-1,-1
108,406,787.89,92.92,91.11,203.05,1,-1,-1,-1
108,407,1356.47,231.28,91.81,211.92,1,-1,-1,-1
108,408,1131.63,586.97,99.83,212.21,1,-1,-1,-1
109,406,788.08,91.10,93.33,206.30,1,-1,-1,-1
109,407,1353.01,224.23,91.25,211.28,1,-1,-1,-1
109,408,1132.75,575.56,98.96,210.53,1,-1,-1,-1
110,406,789.54,90.03,92.83,203.49,1,-1,-1,-1
110,407,1351.44,220.59,90.72,210.78,1,-1,-1,-1
110,408,1136.13,570.39,99.85,212.28,1,-1,-1,-1
111,406,791.86,100.81,91.77,200.81,1,-1,-1,-1
111,407,1349.47,213.91,91.15,211.48,1,-1,-1,-1
111,408,1138.10,561.01,99.38,211.97,1,-1,-1,-1
112,406,794.41,103.54,92.88,202.85,1,-1,-1,-1
112,407,1348.94,208.52,89.59,210.08,1,-1,-1,-1
112,408,1139.88,546.90,98.92,211.28,1,-1,-1,-1
113,406,795.83,97.66,93.80,204.97,1,-1,-1,-1
113,407,1344.96,195.85,89.57,210.27,1,-1,-1,-1
113,408,1143.95,541.78,98.72,210.94,1,-1,-1,-1
114,406,798.37,101.69,93.01,203.91,1,-1,-1,-1
114,407,1342.97,194.44,89.89,210.76,1,-1,-1,-1
114,408,1145.68,528.32,98.68,212.36,1,-1,-1,-1
115,406,800.24,100.89,92.30,203.43,1,-1,-1,-1
115,407,1342.05,188.11,89.75,210.83,1,-1,-1,-1
115,408,1147.02,524.57,98.53,212.03,1,-1,-1,-1
116,406,802.96,99.72,92.76,205.05,1,-1,-1,-1
116,407,1341.03,186.08,89.82,211.03,1,-1,-1,-1
116,408,1148.17,522.06,98.16,212.17,1,-1,-1,-1
117,406,804.23,107.91,92.81,204.12,1,-1,-1,-1
117,407,1336.86,176.31,89.67,209.90,1,-1,-1,-1
117,408,1149.62,512.69,96.85,209.92,1,-1,-1,-1
118,406,805.61,113.19,93.26,203.97,1,-1,-1,-1
118,407,1335.47,165.65,88.19,206.51,1,-1,-1,-1
118,408,1153.10,503.42,97.21,210.94,1,-1,-1,-1
119,406,807.73,119.02,92.31,202.24,1,-1,-1,-1
119,407,1334.38,163.87,88.41,207.88,1,-1,-1,-1
119,408,1155.17,493.80,97.08,211.92,1,-1,-1,-1
120,406,810.54,122.11,92.69,204.17,1,-1,-1,-1
120,407,1331.40,161.63,86.13,204.26,1,-1,-1,-1
120,408,1156.65,490.22,96.56,211.53,1,-1,-1,-1
121,406,811.70,122.46,93.18,205.00,1,-1,-1,-1
121,407,1329.98,158.83,86.10,205.41,1,-1,-1,-1
121,408,1158.38,476.35,95.02,208.95,1,-1,-1,-1
122,406,814.63,119.33,91.67,203.42,1,-1,-1,-1
122,407,1328.88,143.61,85.96,205.92,1,-1,-1,-1
122,408,1162.02,465.45,95.57,209.32,1,-1,-1,-1
123,406,815.90,127.51,91.09,201.35,1,-1,-1,-1
123,407,1327.79,141.32,86.52,207.20,1,-1,-1,-1
123,408,1163.93,460.22,95.49,208.77,1,-1,-1,-1
124,406,819.61,125.96,91.46,203.83,1,-1,-1,-1
124,407,1327.38,141.71,86.09,206.74,1,-1,-1,-1
124,408,1165.61,449.74,95.30,208.11,1,-1,-1,-1
125,406,821.09,134.98,91.64,203.22,1,-1,-1,-1
125,407,1326.68,131.73,85.71,207.26,1,-1,-1,-1
125,408,1166.50,440.02,94.94,207.23,1,-1,-1,-1
126,406,823.38,138.56,91.16,202.46,1,-1,-1,-1
126,407,1322.73,132.37,85.69,207.01,1,-1,-1,-1
126,408,1170.55,433.29,94.32,206.21,1,-1,-1,-1
127,406,824.64,143.97,91.14,202.99,1,-1,-1,-1
127,407,1320.64,121.95,85.51,207.36,1,-1,-1,-1
127,408,1172.81,426.09,93.51,205.78,1,-1,-1,-1
128,406,824.36,150.19,92.34,203.50,1,-1,-1,-1
128,407,1315.83,114.46,85.76,206.80,1,-1,-1,-1
128,408,1174.35,415.33,93.88,206.94,1,-1,-1,-1
129,406,828.01,147.50,92.38,204.52,1,-1,-1,-1
129,407,1314.99,112.96,84.48,205.74,1,-1,-1,-1
129,408,1175.45,413.05,93.52,206.12,1,-1,-1,-1
130,406,830.62,156.71,92.05,205.16,1,-1,-1,-1
130,407,1313.42,106.41,84.42,205.99,1,-1,-1,-1
130,408,1178.82,400.79,93.67,207.10,1,-1,-1,-1
131,406,831.46,162.13,92.58,205.60,1,-1,-1,-1
131,407,1311.70,104.38,85.16,207.20,1,-1,-1,-1
131,408,1180.37,396.42,94.51,207.26,1,-1,-1,-1
132,406,831.72,169.51,93.31,204.93,1,-1,-1,-1
132,407,1311.72,108.47,84.49,206.88,1,-1,-1,-1
132,408,1181.96,386.26,93.47,204.94,1,-1,-1,-1
133,406,835.45,175.34,93.63,205.13,1,-1,-1,-1
133,407,1308.24,100.11,83.73,205.27,1,-1,-1,-1
133,408,1183.29,372.93,92.58,203.57,1,-1,-1,-1
134,406,838.13,184.41,92.65,203.45,1,-1,-1,-1
134,407,1306.83,99.27,82.65,203.17,1,-1,-1,-1
134,408,1184.39,369.34,91.98,202.77,1,-1,-1,-1
135,406,839.02,182.30,93.49,204.04,1,-1,-1,-1
135,407,1304.73,97.09,83.62,204.92,1,-1,-1,-1
135,408,1187.54,361.45,92.66,204.25,1,-1,-1,-1
136,406,842.49,184.22,93.63,205.29,1,-1,-1,-1
136,407,1303.80,95.48,83.73,205.91,1,-1,-1,-1
136,408,1189.02,352.20,93.02,205.62,1,-1,-1,-1
137,406,844.45,192.70,93.43,204.65,1,-1,-1,-1
137,407,1300.98,92.35,82.12,203.38,1,-1,-1,-1
137,408,1190.96,339.93,92.71,204.51,1,-1,-1,-1
138,406,844.93,203.81,95.19,207.68,1,-1,-1,-1
138,407,1299.06,96.24,82.04,203.55,1,-1,-1,-1
138,408,1192.03,324.71,92.64,206.53,1,-1,-1,-1
139,406,845.95,210.19,95.33,207.42,1,-1,-1,-1
139,407,1298.25,90.24,81.92,204.50,1,-1,-1,-1
139,408,1195.34,313.08,92.54,206.90,1,-1,-1,-1
140,406,849.21,211.86,96.00,207.34,1,-1,-1,-1
140,407,1297.30,88.22,81.87,204.65,1,-1,-1,-1
140,408,1198.02,311.13,91.64,206.23,1,-1,-1,-1
141,406,851.34,220.52,95.95,207.57,1,-1,-1,-1
141,407,1294.08,84.59,81.06,203.48,1,-1,-1,-1
141,408,1199.84,304.63,91.01,205.01,1,-1,-1,-1
142,406,853.26,227.63,95.10,205.04,1,-1,-1,-1
142,407,1292.23,90.80,80.98,204.79,1,-1,-1,-1
142,408,1200.10,294.29,91.89,208.28,1,-1,-1,-1
143,406,854.70,239.43,95.01,205.17,1,-1,-1,-1
143,407,1290.25,90.82,80.72,205.06,1,-1,-1,-1
143,408,1203.03,286.00,92.24,209.40,1,-1,-1,-1
144,406,858.61,246.74,94.46,205.86,1,-1,-1,-1
144,407,1285.93,89.92,81.33,205.32,1,-1,-1,-1
144,408,1204.76,282.99,91.67,209.80,1,-1,-1,-1
145,406,861.25,249.30,93.87,206.48,1,-1,-1,-1
145,407,1284.16,83.40,81.31,204.94,1,-1,-1,-1
145,408,1206.19,268.39,90.98,209.99,1,-1,-1,-1
146,406,862.00,257.53,93.88,206.65,1,-1,-1,-1
146,407,1282.81,83.56,80.93,203.98,1,-1,-1,-1
146,408,1208.40,261.40,90.14,208.76,1,-1,-1,-1
147,406,863.47,264.35,93.42,205.39,1,-1,-1,-1
147,407,1281.02,80.82,81.57,204.13,1,-1,-1,-1
147,408,1212.81,256.63,88.63,207.47,1,-1,-1,-1
148,406,866.77,271.24,93.29,205.46,1,-1,-1,-1
148,407,1278.03,83.46,80.75,201.92,1,-1,-1,-1
148,408,1215.71,253.78,87.87,205.66,1,-1,-1,-1
149,406,870.00,286.16,92.15,204.66,1,-1,-1,-1
149,407,1276.34,88.64,80.78,201.30,1,-1,-1,-1
149,408,1217.66,244.44,86.94,204.96,1,-1,-1,-1
150,406,871.78,293.35,91.53,202.73,1,-1,-1,-1
150,407,1275.41,89.95,80.71,201.08,1,-1,-1,-1
150,408,1218.86,233.25,86.52,205.39,1,-1,-1,-1
151,406,872.64,300.04,91.65,201.93,1,-1,-1,-1
151,407,1274.53,90.56,79.65,199.61,1,-1,-1,-1
151,408,1222.50,224.59,87.05,205.78,1,-1,-1,-1
152,406,875.93,307.00,92.18,204.09,1,-1,-1,-1
152,407,1271.21,94.57,77.96,196.67,1,-1,-1,-1
152,408,1224.60,222.75,87.09,205.53,1,-1,-1,-1
153,406,879.16,310.30,91.23,203.79,1,-1,-1,-1
153,407,1268.94,92.86,78.03,196.31,1,-1,-1,-1
153,408,1226.42,216.48,86.87,205.93,1,-1,-1,-1
154,406,880.16,324.03,91.55,204.51,1,-1,-1,-1
154,407,1267.49,93.41,78.59,196.86,1,-1,-1,-1
155,406,883.43,330.01,91.33,205.15,1,-1,-1,-1
155,407,1263.21,96.25,78.14,194.43,1,-1,-1,-1
156,406,886.27,333.06,89.82,203.44,1,-1,-1,-1
156,407,1262.44,95.72,76.84,192.04,1,-1,-1,-1
157,406,888.02,344.06,89.59,203.89,1,-1,-1,-1
157,407,1261.50,101.78,77.44,193.71,1,-1,-1,-1
158,406,888.67,350.83,90.96,205.83,1,-1,-1,-1
158,407,1260.38,101.13,76.81,195.50,1,-1,-1,-1
159,406,891.84,358.52,90.86,206.91,1,-1,-1,-1
160,406,892.79,368.85,91.30,205.82,1,-1,-1,-1
160,407,1251.60,102.98,80.92,205.91,1,-1,-1,-1
161,406,895.83,378.31,90.48,205.01,1,-1,-1,-1
161,407,1250.35,106.76,80.45,204.86,1,-1,-1,-1
162,406,896.59,391.93,90.45,203.90,1,-1,-1,-1
162,407,1250.21,111.60,80.20,205.61,1,-1,-1,-1
163,406,900.37,401.94,90.08,204.38,1,-1,-1,-1
163,407,1248.93,115.80,81.86,209.17,1,-1,-1,-1
164,406,901.97,404.89,90.51,204.53,1,-1,-1,-1
164,407,1244.37,112.64,83.64,211.96,1,-1,-1,-1
165,406,904.01,412.33,90.17,203.82,1,-1,-1,-1
165,407,1242.41,118.53,83.74,211.42,1,-1,-1,-1
166,406,905.47,429.07,89.94,203.61,1,-1,-1,-1
166,407,1242.12,120.43,82.23,208.20,1,-1,-1,-1
167,406,907.81,433.15,91.33,205.80,1,-1,-1,-1
167,407,1242.81,127.88,79.74,203.98,1,-1,-1,-1
168,406,911.62,442.45,90.05,204.49,1,-1,-1,-1
168,407,1238.80,134.60,80.12,204.09,1,-1,-1,-1
169,406,911.79,448.82,91.16,206.16,1,-1,-1,-1
169,407,1240.37,142.23,79.89,204.86,1,-1,-1,-1
170,406,912.67,466.01,91.47,206.93,1,-1,-1,-1
170,407,1237.84,145.44,79.43,203.39,1,-1,-1,-1
171,406,915.89,472.16,92.27,208.11,1,-1,-1,-1
171,407,1234.73,146.92,80.74,207.07,1,-1,-1,-1
172,406,917.63,480.72,92.98,207.83,1,-1,-1,-1
172,407,1233.66,155.96,80.81,207.76,1,-1,-1,-1
173,406,920.04,493.60,92.13,205.95,1,-1,-1,-1
173,407,1230.40,156.18,80.08,206.90,1,-1,-1,-1
174,406,923.38,503.08,92.26,205.69,1,-1,-1,-1
174,407,1229.63,161.78,78.03,203.74,1,-1,-1,-1
175,406,926.11,509.08,91.98,204.97,1,-1,-1,-1
175,407,1227.84,169.35,77.68,204.71,1,-1,-1,-1
176,406,927.43,513.64,92.19,206.31,1,-1,-1,-1
176,407,1224.12,177.86,77.47,204.97,1,-1,-1,-1
177,406,928.16,525.92,92.07,206.42,1,-1,-1,-1
177,407,1222.93,184.86,76.70,204.02,1,-1,-1,-1
177,408,1282.81,102.33,80.67,198.46,1,-1,-1,-1
178,406,928.29,529.83,92.53,206.27,1,-1,-1,-1
178,407,1222.03,188.38,76.16,204.20,1,-1,-1,-1
178,408,1283.54,98.14,80.39,199.69,1,-1,-1,-1
179,406,930.44,534.49,94.40,208.51,1,-1,-1,-1
179,407,1219.35,199.22,77.39,206.80,1,-1,-1,-1
179,408,1284.90,103.45,80.64,200.18,1,-1,-1,-1
180,406,933.20,542.94,93.80,207.41,1,-1,-1,-1
180,407,1215.99,203.71,77.03,205.75,1,-1,-1,-1
180,408,1284.99,100.55,81.62,200.67,1,-1,-1,-1
181,406,933.98,552.10,94.86,208.11,1,-1,-1,-1
181,407,1214.45,210.88,76.69,205.14,1,-1,-1,-1
181,408,1285.68,99.84,81.72,199.63,1,-1,-1,-1
182,406,936.93,557.75,96.29,210.30,1,-1,-1,-1
182,407,1212.38,210.54,78.00,208.09,1,-1,-1,-1
182,408,1288.57,103.28,81.38,200.24,1,-1,-1,-1
183,406,939.14,570.51,96.56,211.44,1,-1,-1,-1
183,407,1211.11,214.51,78.14,209.09,1,-1,-1,-1
183,408,1289.12,95.96,82.08,201.27,1,-1,-1,-1
184,406,939.98,585.06,96.61,211.21,1,-1,-1,-1
184,407,1210.66,228.64,77.78,208.29,1,-1,-1,-1
184,408,1289.95,92.76,81.73,200.37,1,-1,-1,-1
185,406,940.51,590.00,96.91,211.07,1,-1,-1,-1
185,407,1208.00,238.97,77.17,206.77,1,-1,-1,-1
185,408,1291.68,87.67,80.93,198.66,1,-1,-1,-1
186,406,941.56,593.40,96.45,209.43,1,-1,-1,-1
186,407,1206.13,241.13,77.00,205.95,1,-1,-1,-1
186,408,1295.94,88.64,81.53,199.17,1,-1,-1,-1
187,406,945.11,608.80,97.25,209.47,1,-1,-1,-1
187,407,1204.11,252.07,77.91,206.55,1,-1,-1,-1
187,408,1298.39,86.21,80.27,197.86,1,-1,-1,-1
188,406,947.17,616.94,97.83,209.23,1,-1,-1,-1
188,407,1199.83,258.47,77.92,204.53,1,-1,-1,-1
188,408,1299.27,91.24,79.50,197.75,1,-1,-1,-1
189,406,949.61,621.01,97.28,208.32,1,-1,-1,-1
189,407,1198.56,264.77,77.43,202.50,1,-1,-1,-1
189,408,1301.41,96.81,79.31,196.98,1,-1,-1,-1
190,406,952.78,623.63,97.62,209.16,1,-1,-1,-1
190,407,1195.80,269.76,78.67,203.08,1,-1,-1,-1
190,408,1303.12,93.62,78.70,196.09,1,-1,-1,-1
191,406,954.21,632.11,98.17,210.05,1,-1,-1,-1
191,407,1194.10,276.22,79.63,204.14,1,-1,-1,-1
191,408,1302.91,91.71,79.73,197.64,1,-1,-1,-1
192,406,956.06,637.58,98.09,210.34,1,-1,-1,-1
192,407,1190.70,287.10,79.75,203.73,1,-1,-1,-1
192,408,1306.14,91.87,79.84,197.38,1,-1,-1,-1
193,406,957.22,645.54,97.85,210.12,1,-1,-1,-1
193,407,1188.46,300.84,80.62,203.91,1,-1,-1,-1
193,408,1307.04,96.93,80.71,198.98,1,-1,-1,-1
194,406,956.94,655.31,98.81,211.16,1,-1,-1,-1
194,407,1187.79,307.60,80.46,204.11,1,-1,-1,-1
194,408,1308.48,94.37,81.31,199.10,1,-1,-1,-1
195,406,959.66,657.87,100.06,212.96,1,-1,-1,-1
195,407,1185.61,314.92,81.80,205.92,1,-1,-1,-1
195,408,1309.13,98.16,81.86,199.21,1,-1,-1,-1
196,406,962.59,669.07,99.06,209.54,1,-1,-1,-1
196,407,1184.26,319.30,83.19,208.48,1,-1,-1,-1
196,408,1312.72,101.76,81.17,197.44,1,-1,-1,-1
197,406,963.61,668.70,99.80,210.82,1,-1,-1,-1
197,407,1180.59,329.20,83.28,208.20,1,-1,-1,-1
197,408,1314.24,100.52,81.31,198.23,1,-1,-1,-1
198,406,967.07,677.69,100.32,211.19,1,-1,-1,-1
198,407,1178.37,339.30,83.85,209.37,1,-1,-1,-1
198,408,1316.42,100.95,81.62,198.35,1,-1,-1,-1
199,406,969.02,680.22,100.69,211.80,1,-1,-1,-1
199,407,1175.95,342.18,85.64,211.30,1,-1,-1,-1
199,408,1317.03,101.07,82.05,199.00,1,-1,-1,-1
200,406,969.90,691.33,100.77,211.06,1,-1,-1,-1
200,407,1172.66,351.86,84.06,207.15,1,-1,-1,-1
200,408,1321.00,105.16,81.88,198.59,1,-1,-1,-1
201,406,970.63,696.38,101.68,213.09,1,-1,-1,-1
201,407,1170.09,360.03,85.19,208.28,1,-1,-1,-1
201,408,1323.47,109.61,80.96,196.55,1,-1,-1,-1
202,406,971.61,702.62,101.41,211.58,1,-1,-1,-1
202,407,1169.18,374.53,84.49,207.03,1,-1,-1,-1
202,408,1324.80,113.93,81.76,198.07,1,-1,-1,-1
203,406,975.24,709.08,101.64,211.19,1,-1,-1,-1
203,407,1168.00,384.52,85.02,207.48,1,-1,-1,-1
203,408,1327.74,115.10,83.47,200.68,1,-1,-1,-1
204,406,977.29,717.29,102.33,212.65,1,-1,-1,-1
204,407,1163.39,386.97,86.09,208.38,1,-1,-1,-1
204,408,1330.08,115.21,83.65,200.52,1,-1,-1,-1
205,406,978.84,725.45,102.27,211.66,1,-1,-1,-1
205,407,1161.96,397.36,85.93,207.62,1,-1,-1,-1
205,408,1332.39,122.33,81.87,197.01,1,-1,-1,-1
206,406,981.67,720.66,103.64,214.78,1,-1,-1,-1
206,407,1161.10,408.33,85.74,206.82,1,-1,-1,-1
206,408,1334.43,121.14,80.86,196.19,1,-1,-1,-1
207,406,982.94,731.67,104.33,214.64,1,-1,-1,-1
207,407,1159.83,416.21,86.09,206.81,1,-1,-1,-1
207,408,1337.30,123.85,80.54,195.93,1,-1,-1,-1
208,406,982.82,729.41,106.14,217.21,1,-1,-1,-1
208,407,1159.16,421.26,85.19,206.02,1,-1,-1,-1
208,408,1338.18,131.14,82.16,198.48,1,-1,-1,-1
209,406,983.93,739.92,106.17,216.35,1,-1,-1,-1
209,407,1159.07,431.77,84.94,206.60,1,-1,-1,-1
209,408,1339.53,134.23,81.76,197.99,1,-1,-1,-1
210,406,985.67,744.75,104.58,213.99,1,-1,-1,-1
210,407,1156.32,445.80,83.76,204.07,1,-1,-1,-1
210,408,1340.59,139.02,82.67,198.92,1,-1,-1,-1
211,406,989.25,745.54,104.96,213.39,1,-1,-1,-1
211,407,1154.49,451.17,83.77,203.88,1,-1,-1,-1
211,408,1343.80,145.14,83.01,200.35,1,-1,-1,-1
212,406,992.55,747.02,103.49,211.65,1,-1,-1,-1
212,407,1152.42,459.05,84.50,204.70,1,-1,-1,-1
212,408,1345.81,148.13,82.95,200.26,1,-1,-1,-1
213,406,993.86,750.31,103.38,210.76,1,-1,-1,-1
213,407,1148.52,466.15,84.13,203.30,1,-1,-1,-1
213,408,1347.85,149.45,81.92,198.13,1,-1,-1,-1
214,406,997.20,754.70,104.51,212.67,1,-1,-1,-1
214,407,1146.29,482.98,84.73,204.28,1,-1,-1,-1
214,408,1348.34,159.24,83.44,201.21,1,-1,-1,-1
215,406,998.60,764.67,104.71,212.47,1,-1,-1,-1
215,407,1145.21,490.52,84.62,204.26,1,-1,-1,-1
215,408,1348.80,158.37,83.86,201.13,1,-1,-1,-1
216,406,999.65,767.70,104.88,213.04,1,-1,-1,-1
216,407,1143.02,497.67,86.78,207.35,1,-1,-1,-1
216,408,1352.23,163.44,84.85,201.82,1,-1,-1,-1
217,406,1001.60,764.12,103.66,211.95,1,-1,-1,-1
217,407,1139.67,506.92,86.06,206.17,1,-1,-1,-1
217,408,1354.11,170.53,84.91,201.39,1,-1,-1,-1
218,406,1005.76,767.12,103.42,211.57,1,-1,-1,-1
218,407,1138.00,518.73,85.76,205.71,1,-1,-1,-1
218,408,1355.48,177.51,84.85,201.86,1,-1,-1,-1
219,406,1008.49,774.13,101.94,210.48,1,-1,-1,-1
219,407,1136.44,518.79,86.23,206.25,1,-1,-1,-1
219,408,1358.37,188.04,85.67,205.07,1,-1,-1,-1
220,406,1010.69,770.94,100.86,209.42,1,-1,-1,-1
220,407,1134.37,527.86,88.25,209.33,1,-1,-1,-1
220,408,1360.11,192.06,85.71,205.98,1,-1,-1,-1
221,406,1012.25,774.86,99.93,208.78,1,-1,-1,-1
221,407,1133.52,534.47,88.81,208.67,1,-1,-1,-1
221,408,1362.16,196.16,85.14,204.52,1,-1,-1,-1
222,406,1015.79,778.77,100.49,211.86,1,-1,-1,-1
222,407,1130.65,543.19,87.91,207.36,1,-1,-1,-1
222,408,1362.95,200.79,85.65,204.63,1,-1,-1,-1
223,406,1018.46,780.75,99.66,212.07,1,-1,-1,-1
223,407,1127.83,555.44,88.71,207.73,1,-1,-1,-1
223,408,1365.83,205.64,87.14,208.20,1,-1,-1,-1
224,406,1018.94,779.57,99.25,210.27,1,-1,-1,-1
224,407,1125.14,561.32,90.70,211.11,1,-1,-1,-1
224,408,1367.20,208.58,88.36,209.10,1,-1,-1,-1
225,406,1019.61,782.12,99.37,209.94,1,-1,-1,-1
225,407,1122.02,574.33,89.17,207.47,1,-1,-1,-1
225,408,1368.33,216.03,87.91,208.84,1,-1,-1,-1
226,406,1023.29,783.88,99.75,210.83,1,-1,-1,-1
226,407,1120.64,583.65,88.32,204.98,1,-1,-1,-1
226,408,1369.75,228.91,87.90,207.25,1,-1,-1,-1
227,406,1026.19,789.11,98.23,209.27,1,-1,-1,-1
227,407,1119.02,587.70,89.45,207.22,1,-1,-1,-1
227,408,1373.05,233.55,88.68,208.34,1,-1,-1,-1
228,406,1026.87,789.07,99.36,211.94,1,-1,-1,-1
228,407,1118.49,599.23,89.53,208.30,1,-1,-1,-1
228,408,1374.95,238.83,88.67,209.45,1,-1,-1,-1
229,406,1028.15,789.12,99.18,211.53,1,-1,-1,-1
229,407,1118.00,607.16,88.74,206.35,1,-1,-1,-1
229,408,1376.60,248.61,87.37,206.69,1,-1,-1,-1
230,406,1031.47,791.08,99.69,212.55,1,-1,-1,-1
230,407,1113.68,606.97,89.20,206.64,1,-1,-1,-1
230,408,1378.29,256.38,86.80,204.88,1,-1,-1,-1
231,406,1033.26,788.61,100.23,213.79,1,-1,-1,-1
231,407,1110.52,611.44,90.57,207.73,1,-1,-1,-1
231,408,1378.72,264.49,87.33,205.03,1,-1,-1,-1
232,406,1034.34,788.14,100.35,213.88,1,-1,-1,-1
232,407,1108.67,620.97,92.30,211.51,1,-1,-1,-1
232,408,1381.98,272.76,88.42,206.69,1,-1,-1,-1
233,406,1036.81,789.80,98.39,211.61,1,-1,-1,-1
233,407,1108.05,630.84,92.07,212.36,1,-1,-1,-1
233,408,1383.78,285.28,88.57,205.79,1,-1,-1,-1
234,406,1040.59,789.65,97.90,212.05,1,-1,-1,-1
234,407,1104.25,637.88,92.19,213.59,1,-1,-1,-1
234,408,1385.07,289.52,88.57,205.95,1,-1,-1,-1
235,406,1043.09,790.26,96.00,210.38,1,-1,-1,-1
235,407,1102.03,643.26,92.79,214.78,1,-1,-1,-1
235,408,1388.98,296.82,88.54,206.32,1,-1,-1,-1
236,406,1045.27,779.42,95.27,210.11,1,-1,-1,-1
236,407,1104.76,653.63,94.34,219.02,1,-1,-1,-1
236,408,1391.35,309.61,88.13,204.39,1,-1,-1,-1
237,406,1046.29,780.55,95.51,210.56,1,-1,-1,-1
237,407,1101.54,653.70,94.61,219.99,1,-1,-1,-1
237,408,1393.53,310.42,87.67,203.37,1,-1,-1,-1
238,406,1049.77,777.81,95.45,210.09,1,-1,-1,-1
238,407,1100.78,664.83,93.73,218.06,1,-1,-1,-1
238,408,1396.75,320.30,88.16,206.02,1,-1,-1,-1
239,406,1051.29,779.99,95.95,210.83,1,-1,-1,-1
239,407,1096.62,666.18,92.17,215.33,1,-1,-1,-1
239,408,1398.32,332.11,88.08,207.18,1,-1,-1,-1
240,406,1051.31,777.30,97.27,212.27,1,-1,-1,-1
240,407,1094.13,673.63,92.31,217.16,1,-1,-1,-1
240,408,1399.22,341.67,88.17,208.17,1,-1,-1,-1
241,406,1052.57,775.12,96.97,211.41,1,-1,-1,-1
241,407,1094.43,680.11,88.93,211.27,1,-1,-1,-1
241,408,1401.06,347.56,88.17,206.90,1,-1,-1,-1
242,406,1054.19,774.03,96.26,210.81,1,-1,-1,-1
242,407,1094.37,682.25,87.79,209.59,1,-1,-1,-1
242,408,1402.45,354.65,87.64,204.05,1,-1,-1,-1
243,406,1056.76,770.78,98.33,214.19,1,-1,-1,-1
243,407,1091.13,686.32,85.09,203.14,1,-1,-1,-1
243,408,1405.85,362.00,88.09,204.78,1,-1,-1,-1
244,406,1059.10,766.50,98.02,213.43,1,-1,-1,-1
244,407,1090.48,695.27,82.82,194.72,1,-1,-1,-1
244,408,1407.77,374.00,88.77,205.39,1,-1,-1,-1
245,406,1059.92,760.43,98.68,214.36,1,-1,-1,-1
245,407,1087.47,703.72,87.32,200.80,1,-1,-1,-1
245,408,1409.39,383.45,88.66,204.66,1,-1,-1,-1
246,406,1060.03,752.62,99.44,214.60,1,-1,-1,-1
246,408,1413.59,392.81,88.81,204.38,1,-1,-1,-1
247,406,1064.09,744.44,99.61,215.14,1,-1,-1,-1
247,408,1415.16,395.50,90.01,205.70,1,-1,-1,-1
248,406,1066.09,739.01,99.81,215.78,1,-1,-1,-1
248,408,1416.85,408.25,89.64,204.44,1,-1,-1,-1
249,406,1066.81,737.91,101.09,218.67,1,-1,-1,-1
249,408,1419.98,411.87,90.96,205.66,1,-1,-1,-1
250,406,1071.62,738.51,99.51,215.93,1,-1,-1,-1
250,408,1421.62,423.98,91.45,205.10,1,-1,-1,-1
