1,692,920.08,425.11,86.65,206.83,1,-1,-1,-1
1,693,902.19,37.44,77.14,201.92,1,-1,-1,-1
1,694,904.29,831.07,89.01,210.87,1,-1,-1,-1
2,692,924.68,415.70,93.07,222.37,1,-1,-1,-1
2,693,894.49,37.31,76.94,201.19,1,-1,-1,-1
2,694,895.88,828.94,90.83,215.00,1,-1,-1,-1
3,692,934.08,408.70,90.36,215.48,1,-1,-1,-1
3,693,885.59,37.02,77.18,201.59,1,-1,-1,-1
3,694,887.99,829.78,90.10,213.28,1,-1,-1,-1
4,692,935.36,399.21,104.62,250.96,1,-1,-1,-1
4,693,873.25,40.10,77.20,200.91,1,-1,-1,-1
4,694,879.02,827.88,90.80,214.83,1,-1,-1,-1
5,692,943.23,391.90,112.13,271.24,1,-1,-1,-1
5,693,863.50,40.73,77.83,201.87,1,-1,-1,-1
5,694,865.81,826.75,91.41,215.86,1,-1,-1,-1
6,692,960.07,381.89,98.55,237.71,1,-1,-1,-1
6,693,854.44,42.26,77.65,201.18,1,-1,-1,-1
6,694,855.96,826.68,90.94,214.31,1,-1,-1,-1
7,692,975.89,370.68,85.59,206.02,1,-1,-1,-1
7,693,845.01,42.23,78.07,202.61,1,-1,-1,-1
7,694,846.93,823.18,91.23,214.46,1,-1,-1,-1
8,692,987.56,360.95,82.07,196.55,1,-1,-1,-1
8,693,835.63,43.93,78.15,202.91,1,-1,-1,-1
8,694,838.02,822.12,90.91,213.65,1,-1,-1,-1
8,695,983.02,502.45,89.40,208.44,1,-1,-1,-1
9,692,995.33,349.59,83.09,197.45,1,-1,-1,-1
9,693,827.58,45.90,77.57,201.37,1,-1,-1,-1
9,694,829.88,820.35,91.04,213.62,1,-1,-1,-1
9,695,992.15,494.37,96.27,224.71,1,-1,-1,-1
10,692,1005.27,337.79,86.11,204.36,1,-1,-1,-1
10,693,818.51,46.20,79.62,206.15,1,-1,-1,-1
10,694,820.82,816.86,91.20,212.92,1,-1,-1,-1
10,695,1007.63,508.79,94.48,221.02,1,-1,-1,-1
11,692,1013.78,328.79,87.77,207.93,1,-1,-1,-1
11,693,807.31,48.42,79.42,205.50,1,-1,-1,-1
11,694,809.49,814.95,90.79,211.94,1,-1,-1,-1
11,695,1019.96,523.02,91.72,214.96,1,-1,-1,-1
12,692,1023.15,320.25,87.23,206.69,1,-1,-1,-1
12,693,797.94,50.69,79.59,205.29,1,-1,-1,-1
12,694,800.03,813.47,91.06,211.56,1,-1,-1,-1
12,695,1029.51,534.18,90.54,211.94,1,-1,-1,-1
13,692,1028.30,312.84,86.71,203.28,1,-1,-1,-1
13,693,789.58,55.63,79.38,203.90,1,-1,-1,-1
13,694,791.32,810.01,91.19,210.31,1,-1,-1,-1
13,695,1037.98,546.02,90.97,212.65,1,-1,-1,-1
14,692,1037.25,301.09,87.72,203.56,1,-1,-1,-1
14,693,781.57,57.41,79.77,204.42,1,-1,-1,-1
14,694,782.99,807.55,91.72,210.77,1,-1,-1,-1
14,695,1046.51,557.59,90.07,210.30,1,-1,-1,-1
15,692,1045.78,290.94,88.08,203.13,1,-1,-1,-1
15,693,772.55,61.14,81.06,206.28,1,-1,-1,-1
15,694,775.07,804.77,92.15,211.13,1,-1,-1,-1
15,695,1053.97,566.09,91.20,211.80,1,-1,-1,-1
16,692,1050.88,281.03,89.08,203.54,1,-1,-1,-1
16,693,767.62,63.73,81.35,207.05,1,-1,-1,-1
16,694,770.42,801.41,91.68,209.67,1,-1,-1,-1
16,695,1061.68,575.99,90.71,210.42,1,-1,-1,-1
17,692,1056.79,272.26,89.42,203.17,1,-1,-1,-1
17,693,760.69,67.14,81.47,206.44,1,-1,-1,-1
17,694,763.82,794.60,92.57,210.86,1,-1,-1,-1
17,695,1068.37,585.73,92.53,214.18,1,-1,-1,-1
18,692,1064.38,263.94,90.03,203.36,1,-1,-1,-1
18,693,753.23,70.89,82.07,207.29,1,-1,-1,-1
18,694,756.92,790.83,93.05,212.00,1,-1,-1,-1
18,695,1073.08,595.96,91.78,212.18,1,-1,-1,-1
19,692,1070.84,252.54,90.86,204.96,1,-1,-1,-1
19,693,746.38,74.30,82.03,207.23,1,-1,-1,-1
19,694,750.13,785.74,92.93,211.54,1,-1,-1,-1
19,695,1079.00,604.36,92.68,213.33,1,-1,-1,-1
20,692,1073.19,243.52,91.98,205.83,1,-1,-1,-1
20,693,739.39,80.14,81.93,206.71,1,-1,-1,-1
20,694,746.18,782.03,92.92,211.41,1,-1,-1,-1
20,695,1085.61,613.04,93.47,213.56,1,-1,-1,-1
21,692,1079.62,235.06,91.57,204.23,1,-1,-1,-1
21,693,735.03,85.01,82.41,207.67,1,-1,-1,-1
21,694,739.93,777.23,93.25,211.14,1,-1,-1,-1
21,695,1092.19,621.90,93.84,213.39,1,-1,-1,-1
22,692,1081.33,226.22,92.96,204.83,1,-1,-1,-1
22,693,730.13,90.29,81.62,205.52,1,-1,-1,-1
22,694,734.57,773.07,92.66,210.46,1,-1,-1,-1
22,695,1095.85,630.47,94.38,213.49,1,-1,-1,-1
23,692,1086.07,217.19,93.79,206.18,1,-1,-1,-1
23,693,727.86,96.20,80.50,204.07,1,-1,-1,-1
23,694,730.89,767.30,92.69,210.58,1,-1,-1,-1
23,695,1100.97,638.32,94.89,214.33,1,-1,-1,-1
24,692,1091.16,208.40,94.58,207.15,1,-1,-1,-1
24,693,723.05,100.67,79.64,202.09,1,-1,-1,-1
24,694,726.15,761.15,92.93,210.59,1,-1,-1,-1
24,695,1104.46,648.18,93.83,211.33,1,-1,-1,-1
25,692,1095.35,200.11,93.66,205.29,1,-1,-1,-1
25,693,720.38,105.85,79.65,202.12,1,-1,-1,-1
25,694,723.55,754.43,92.45,210.26,1,-1,-1,-1
25,695,1108.44,655.34,95.04,212.91,1,-1,-1,-1
26,692,1096.82,192.59,93.79,204.72,1,-1,-1,-1
26,693,716.97,113.43,78.42,199.59,1,-1,-1,-1
26,694,721.90,750.24,92.36,210.19,1,-1,-1,-1
26,695,1111.18,662.93,95.59,213.53,1,-1,-1,-1
27,692,1100.27,183.87,93.66,205.26,1,-1,-1,-1
27,693,713.14,118.85,80.10,203.80,1,-1,-1,-1
27,694,718.84,744.60,91.80,209.96,1,-1,-1,-1
27,695,1115.94,670.63,95.77,213.88,1,-1,-1,-1
28,692,1102.45,176.93,93.65,206.59,1,-1,-1,-1
28,693,709.48,124.71,79.25,201.39,1,-1,-1,-1
28,694,717.66,737.60,91.33,210.04,1,-1,-1,-1
28,695,1117.60,681.26,96.39,215.09,1,-1,-1,-1
29,692,1103.78,169.66,93.01,204.84,1,-1,-1,-1
29,693,707.58,131.35,79.31,202.34,1,-1,-1,-1
29,694,716.33,729.67,91.98,211.61,1,-1,-1,-1
29,695,1119.44,688.55,95.50,213.07,1,-1,-1,-1
30,692,1104.80,162.52,92.51,203.96,1,-1,-1,-1
30,693,706.23,137.28,79.89,203.27,1,-1,-1,-1
30,694,715.56,723.23,92.53,213.29,1,-1,-1,-1
30,695,1120.12,699.17,95.11,212.07,1,-1,-1,-1
31,692,1104.62,155.68,92.53,203.33,1,-1,-1,-1
31,693,705.78,144.00,80.41,203.89,1,-1,-1,-1
31,694,715.38,715.34,93.21,215.08,1,-1,-1,-1
31,695,1123.35,705.25,94.96,211.51,1,-1,-1,-1
32,692,1105.25,151.29,91.76,201.99,1,-1,-1,-1
32,693,706.15,151.02,80.44,204.44,1,-1,-1,-1
32,694,715.46,707.41,93.15,215.43,1,-1,-1,-1
32,695,1124.27,712.28,95.13,211.60,1,-1,-1,-1
33,692,1104.95,144.72,91.95,202.39,1,-1,-1,-1
33,693,705.98,159.25,80.48,203.83,1,-1,-1,-1
33,694,715.76,699.64,93.80,215.86,1,-1,-1,-1
33,695,1123.75,718.53,96.79,214.74,1,-1,-1,-1
34,692,1103.99,137.73,92.08,202.62,1,-1,-1,-1
34,693,706.29,164.61,80.32,203.26,1,-1,-1,-1
34,694,716.64,692.24,93.19,215.12,1,-1,-1,-1
34,695,1123.38,724.73,97.71,216.67,1,-1,-1,-1
35,692,1102.36,130.51,92.58,203.96,1,-1,-1,-1
35,693,706.92,171.87,79.94,202.06,1,-1,-1,-1
35,694,717.94,685.12,93.05,214.24,1,-1,-1,-1
35,695,1120.85,734.02,95.93,211.98,1,-1,-1,-1
36,692,1100.72,125.44,93.31,204.76,1,-1,-1,-1
36,693,707.31,179.04,80.92,203.57,1,-1,-1,-1
36,694,721.55,677.20,93.07,213.79,1,-1,-1,-1
36,695,1119.02,741.69,95.37,210.22,1,-1,-1,-1
37,692,1097.41,121.49,92.27,201.81,1,-1,-1,-1
37,693,711.10,185.95,81.40,205.54,1,-1,-1,-1
37,694,724.41,669.76,92.94,213.08,1,-1,-1,-1
37,695,1116.73,744.72,96.87,213.16,1,-1,-1,-1
38,692,1094.55,114.53,92.44,202.22,1,-1,-1,-1
38,693,713.78,193.92,82.02,206.09,1,-1,-1,-1
38,694,728.70,659.50,94.27,215.64,1,-1,-1,-1
38,695,1114.93,749.52,97.81,215.27,1,-1,-1,-1
39,692,1089.38,107.61,93.36,203.61,1,-1,-1,-1
39,693,718.42,204.23,83.12,208.59,1,-1,-1,-1
39,694,731.16,650.05,95.24,217.62,1,-1,-1,-1
39,695,1110.69,757.06,97.10,213.26,1,-1,-1,-1
40,692,1086.42,102.53,93.19,204.13,1,-1,-1,-1
40,693,720.39,213.34,83.80,209.38,1,-1,-1,-1
40,694,733.33,642.43,95.18,217.14,1,-1,-1,-1
40,695,1108.06,763.51,97.48,214.20,1,-1,-1,-1
41,692,1082.00,97.68,92.60,203.76,1,-1,-1,-1
41,693,726.01,222.49,83.63,209.26,1,-1,-1,-1
41,694,738.51,634.15,95.09,217.34,1,-1,-1,-1
41,695,1102.69,768.42,97.58,213.28,1,-1,-1,-1
42,692,1077.49,91.27,93.21,205.32,1,-1,-1,-1
42,693,729.42,231.51,83.68,208.93,1,-1,-1,-1
42,694,745.77,623.83,93.48,215.59,1,-1,-1,-1
42,695,1099.70,775.24,97.24,212.40,1,-1,-1,-1
43,692,1071.27,88.23,93.01,204.02,1,-1,-1,-1
43,693,735.92,241.78,82.41,206.22,1,-1,-1,-1
43,694,749.89,615.31,93.21,215.00,1,-1,-1,-1
43,695,1093.53,781.06,98.17,214.04,1,-1,-1,-1
44,692,1064.81,83.42,93.13,203.38,1,-1,-1,-1
44,693,739.78,251.34,81.78,204.81,1,-1,-1,-1
44,694,756.82,607.72,91.79,212.40,1,-1,-1,-1
44,695,1086.28,786.53,99.26,216.48,1,-1,-1,-1
45,692,1057.24,79.77,93.54,202.75,1,-1,-1,-1
45,693,745.75,260.59,82.05,203.84,1,-1,-1,-1
45,694,764.28,599.22,91.75,212.21,1,-1,-1,-1
45,695,1081.34,787.61,101.00,220.40,1,-1,-1,-1
46,692,1052.15,74.55,93.80,204.10,1,-1,-1,-1
46,693,752.10,269.49,83.62,206.13,1,-1,-1,-1
46,694,771.50,591.13,90.94,211.41,1,-1,-1,-1
46,695,1075.56,790.55,100.04,218.17,1,-1,-1,-1
47,692,1046.27,71.42,93.09,203.30,1,-1,-1,-1
47,693,759.18,279.29,84.31,206.70,1,-1,-1,-1
47,694,779.89,581.60,90.94,212.45,1,-1,-1,-1
47,695,1068.85,796.36,99.08,216.47,1,-1,-1,-1
48,692,1038.24,66.78,93.00,204.13,1,-1,-1,-1
48,693,767.09,288.10,84.60,206.93,1,-1,-1,-1
48,694,787.48,573.25,90.28,211.88,1,-1,-1,-1
48,695,1061.67,803.21,98.21,214.38,1,-1,-1,-1
49,692,1030.76,64.25,92.32,202.88,1,-1,-1,-1
49,693,774.68,296.45,85.01,207.99,1,-1,-1,-1
49,694,795.27,563.29,90.72,213.94,1,-1,-1,-1
49,695,1054.96,807.59,96.55,210.76,1,-1,-1,-1
50,692,1021.55,59.18,92.97,204.93,1,-1,-1,-1
50,693,783.10,305.59,84.64,207.10,1,-1,-1,-1
50,694,803.39,553.12,89.75,212.31,1,-1,-1,-1
50,695,1046.88,809.32,96.90,211.38,1,-1,-1,-1
51,692,1014.63,57.81,91.49,201.96,1,-1,-1,-1
51,693,791.52,314.85,84.18,206.95,1,-1,-1,-1
51,694,812.02,543.59,89.20,211.65,1,-1,-1,-1
51,695,1039.12,814.27,95.98,210.18,1,-1,-1,-1
52,692,1005.53,54.41,92.43,203.87,1,-1,-1,-1
52,693,799.58,324.90,84.73,208.01,1,-1,-1,-1
52,694,820.57,534.09,88.28,211.47,1,-1,-1,-1
52,695,1030.66,816.08,96.06,210.80,1,-1,-1,-1
53,692,997.07,50.49,92.41,204.39,1,-1,-1,-1
53,693,807.29,332.96,85.85,210.38,1,-1,-1,-1
53,694,830.19,519.91,88.66,214.13,1,-1,-1,-1
53,695,1022.22,817.55,95.75,210.40,1,-1,-1,-1
54,692,984.95,48.84,92.69,203.75,1,-1,-1,-1
54,693,817.16,343.86,83.68,206.08,1,-1,-1,-1
54,694,840.18,511.92,86.59,210.89,1,-1,-1,-1
54,695,1013.55,817.79,95.85,210.95,1,-1,-1,-1
55,692,975.73,48.06,92.71,203.07,1,-1,-1,-1
55,693,825.95,354.55,81.90,203.69,1,-1,-1,-1
55,694,850.38,505.46,84.95,207.83,1,-1,-1,-1
55,695,1004.87,821.08,96.16,212.17,1,-1,-1,-1
56,692,966.65,45.08,92.74,202.97,1,-1,-1,-1
56,693,834.10,362.42,82.03,205.74,1,-1,-1,-1
56,694,861.35,495.33,84.90,208.62,1,-1,-1,-1
56,695,996.52,824.10,95.44,210.94,1,-1,-1,-1
57,692,957.10,43.11,92.62,202.77,1,-1,-1,-1
57,693,843.65,372.31,80.65,202.60,1,-1,-1,-1
57,694,870.90,486.43,84.44,208.77,1,-1,-1,-1
57,695,987.48,823.05,96.95,214.83,1,-1,-1,-1
58,692,948.02,41.36,93.16,203.46,1,-1,-1,-1
58,693,852.57,381.96,79.17,197.88,1,-1,-1,-1
58,694,881.07,474.24,84.90,210.37,1,-1,-1,-1
58,695,979.18,827.53,96.64,214.49,1,-1,-1,-1
59,692,936.72,41.38,92.98,202.77,1,-1,-1,-1
59,693,865.64,392.50,77.09,191.42,1,-1,-1,-1
59,694,890.68,464.69,84.61,210.27,1,-1,-1,-1
59,695,966.97,828.92,96.83,215.10,1,-1,-1,-1
60,692,926.42,41.61,93.26,201.90,1,-1,-1,-1
60,694,899.87,454.61,84.48,210.74,1,-1,-1,-1
60,695,957.16,830.89,96.38,213.07,1,-1,-1,-1
61,692,917.12,41.31,93.38,202.52,1,-1,-1,-1
61,694,911.96,447.39,82.67,207.28,1,-1,-1,-1
61,695,947.92,830.55,97.21,214.58,1,-1,-1,-1
61,693,880.73,414.29,82.19,206.80,1,-1,-1,-1
62,692,907.34,40.30,94.09,203.65,1,-1,-1,-1
62,694,921.07,435.63,82.32,206.91,1,-1,-1,-1
62,695,938.77,829.82,97.73,215.87,1,-1,-1,-1
63,692,895.63,40.36,94.45,203.40,1,-1,-1,-1
63,694,930.76,426.18,82.16,207.29,1,-1,-1,-1
63,695,927.32,831.90,95.85,211.72,1,-1,-1,-1
64,692,886.05,41.42,94.09,202.26,1,-1,-1,-1
64,694,937.83,415.28,86.28,218.75,1,-1,-1,-1
64,695,916.94,830.99,96.27,212.95,1,-1,-1,-1
65,692,876.39,42.08,94.10,201.84,1,-1,-1,-1
65,694,945.57,403.34,86.79,219.67,1,-1,-1,-1
65,695,907.26,830.12,96.94,214.57,1,-1,-1,-1
65,693,933.89,407.88,97.59,247.62,1,-1,-1,-1
66,692,867.04,42.78,94.12,201.61,1,-1,-1,-1
66,694,959.16,394.34,82.69,209.56,1,-1,-1,-1
66,695,898.51,830.13,96.68,213.95,1,-1,-1,-1
67,692,855.05,42.58,94.71,201.84,1,-1,-1,-1
67,694,968.59,384.14,82.31,208.67,1,-1,-1,-1
67,695,886.49,829.87,96.65,213.49,1,-1,-1,-1
68,692,846.06,43.81,94.51,201.66,1,-1,-1,-1
68,694,979.63,374.38,79.83,201.91,1,-1,-1,-1
68,695,876.63,829.11,96.94,214.37,1,-1,-1,-1
69,692,837.98,49.45,92.48,197.48,1,-1,-1,-1
69,694,988.93,365.37,78.47,198.86,1,-1,-1,-1
69,695,867.97,829.81,95.63,211.67,1,-1,-1,-1
70,692,828.72,51.35,93.00,198.44,1,-1,-1,-1
70,694,997.31,356.34,78.76,198.57,1,-1,-1,-1
70,695,858.59,825.01,96.54,213.51,1,-1,-1,-1
70,693,980.90,500.48,82.04,206.71,1,-1,-1,-1
71,692,820.01,51.53,93.75,200.51,1,-1,-1,-1
71,694,1006.21,347.62,79.13,199.15,1,-1,-1,-1
71,695,849.93,823.14,97.14,214.12,1,-1,-1,-1
71,693,988.32,511.43,83.08,207.63,1,-1,-1,-1
72,692,810.90,52.48,94.27,201.94,1,-1,-1,-1
72,694,1016.74,337.92,80.62,202.27,1,-1,-1,-1
72,695,837.86,822.25,97.24,213.84,1,-1,-1,-1
72,693,995.56,520.39,84.09,210.41,1,-1,-1,-1
73,692,802.33,55.20,94.64,201.70,1,-1,-1,-1
73,694,1025.99,329.03,80.98,203.39,1,-1,-1,-1
73,695,827.99,820.21,98.00,214.54,1,-1,-1,-1
73,693,1004.22,530.94,82.77,207.97,1,-1,-1,-1
74,692,794.08,57.58,94.32,202.29,1,-1,-1,-1
74,694,1034.24,320.16,81.12,203.87,1,-1,-1,-1
74,695,819.31,816.18,97.78,213.87,1,-1,-1,-1
74,693,1011.94,542.32,83.48,208.08,1,-1,-1,-1
75,692,782.00,59.70,95.33,202.94,1,-1,-1,-1
75,694,1042.58,310.12,80.59,202.01,1,-1,-1,-1
75,695,811.21,813.77,97.71,214.03,1,-1,-1,-1
75,693,1019.86,552.08,84.10,208.40,1,-1,-1,-1
76,692,773.28,63.69,95.09,202.18,1,-1,-1,-1
76,694,1050.57,300.40,80.97,202.81,1,-1,-1,-1
76,695,803.14,812.60,97.17,212.70,1,-1,-1,-1
76,693,1027.21,561.54,84.96,209.07,1,-1,-1,-1
77,692,765.76,67.50,94.19,201.07,1,-1,-1,-1
77,694,1058.82,291.64,80.29,201.54,1,-1,-1,-1
77,695,795.06,808.66,97.16,212.12,1,-1,-1,-1
77,693,1035.48,570.77,85.05,208.62,1,-1,-1,-1
78,692,757.56,71.25,94.85,201.65,1,-1,-1,-1
78,694,1066.57,282.19,80.62,202.68,1,-1,-1,-1
78,695,787.28,805.99,96.98,211.70,1,-1,-1,-1
78,693,1042.75,581.39,85.75,209.40,1,-1,-1,-1
79,692,753.30,74.77,94.03,200.50,1,-1,-1,-1
79,694,1071.70,272.40,81.17,203.46,1,-1,-1,-1
79,695,779.40,803.61,97.40,213.18,1,-1,-1,-1
79,693,1050.05,590.09,86.88,210.38,1,-1,-1,-1
80,692,746.57,79.79,93.84,200.75,1,-1,-1,-1
80,694,1077.70,263.48,81.61,204.17,1,-1,-1,-1
80,695,771.39,798.40,98.24,215.06,1,-1,-1,-1
80,693,1057.17,598.08,87.99,211.98,1,-1,-1,-1
81,692,739.76,83.10,94.30,201.45,1,-1,-1,-1
81,694,1084.00,252.31,82.36,205.51,1,-1,-1,-1
81,695,763.36,795.32,98.86,216.04,1,-1,-1,-1
81,693,1064.45,606.42,88.15,211.60,1,-1,-1,-1
82,692,732.71,88.07,94.61,201.66,1,-1,-1,-1
82,694,1090.41,243.57,81.85,204.76,1,-1,-1,-1
82,695,755.45,789.76,99.08,216.76,1,-1,-1,-1
82,693,1070.92,614.51,89.19,212.93,1,-1,-1,-1
83,692,728.78,90.73,95.00,203.60,1,-1,-1,-1
83,694,1094.87,233.76,82.44,206.04,1,-1,-1,-1
83,695,751.50,783.31,99.09,216.50,1,-1,-1,-1
83,693,1074.64,623.56,89.43,213.42,1,-1,-1,-1
84,692,724.97,96.75,93.83,202.56,1,-1,-1,-1
84,694,1099.87,224.70,82.64,206.75,1,-1,-1,-1
84,695,746.49,780.58,97.80,214.20,1,-1,-1,-1
84,693,1079.97,632.38,89.80,213.05,1,-1,-1,-1
85,692,722.78,102.87,93.10,201.85,1,-1,-1,-1
85,694,1105.64,215.84,82.71,207.03,1,-1,-1,-1
85,695,743.06,775.09,98.17,214.84,1,-1,-1,-1
85,693,1086.18,643.13,89.82,212.32,1,-1,-1,-1
86,692,717.94,107.69,92.35,201.61,1,-1,-1,-1
86,694,1109.32,208.05,81.96,205.32,1,-1,-1,-1
86,695,738.17,767.64,98.02,215.48,1,-1,-1,-1
86,693,1089.47,652.41,89.96,211.20,1,-1,-1,-1
87,692,714.46,113.43,92.34,202.39,1,-1,-1,-1
87,694,1111.34,200.24,82.02,205.24,1,-1,-1,-1
87,695,732.62,764.98,97.15,213.63,1,-1,-1,-1
87,693,1094.04,659.92,91.07,212.98,1,-1,-1,-1
88,692,710.32,120.60,92.15,201.35,1,-1,-1,-1
88,694,1115.64,192.23,81.55,205.10,1,-1,-1,-1
88,695,729.33,758.47,97.65,214.49,1,-1,-1,-1
88,693,1097.28,668.70,90.47,211.57,1,-1,-1,-1
89,692,707.64,124.96,92.29,202.17,1,-1,-1,-1
89,694,1118.69,185.34,80.38,203.20,1,-1,-1,-1
89,695,727.37,750.41,98.59,216.93,1,-1,-1,-1
89,693,1098.78,676.97,90.27,210.74,1,-1,-1,-1
90,692,706.49,130.44,91.89,201.34,1,-1,-1,-1
90,694,1120.23,178.88,79.40,201.54,1,-1,-1,-1
90,695,726.41,745.58,98.71,217.19,1,-1,-1,-1
90,693,1102.03,683.84,91.26,213.03,1,-1,-1,-1
91,692,702.68,137.33,92.57,202.28,1,-1,-1,-1
91,694,1123.33,171.69,78.93,200.96,1,-1,-1,-1
91,695,723.77,741.39,96.64,212.97,1,-1,-1,-1
91,693,1104.47,692.04,90.93,212.59,1,-1,-1,-1
92,692,702.03,143.58,92.04,202.08,1,-1,-1,-1
92,694,1124.49,164.61,78.60,200.19,1,-1,-1,-1
92,695,721.16,731.95,98.59,216.99,1,-1,-1,-1
92,693,1105.38,700.39,90.17,211.33,1,-1,-1,-1
93,692,700.73,150.87,92.74,202.95,1,-1,-1,-1
93,694,1124.79,156.76,78.63,200.61,1,-1,-1,-1
93,695,719.85,724.76,99.45,218.70,1,-1,-1,-1
93,693,1105.71,705.45,90.59,212.75,1,-1,-1,-1
94,692,700.16,155.52,93.33,204.05,1,-1,-1,-1
94,694,1124.87,152.12,78.35,200.48,1,-1,-1,-1
94,695,719.45,717.62,99.61,218.68,1,-1,-1,-1
94,693,1105.53,714.57,90.68,212.94,1,-1,-1,-1
95,692,700.90,162.57,93.16,204.30,1,-1,-1,-1
95,694,1125.12,145.69,77.87,200.14,1,-1,-1,-1
95,695,719.16,712.08,100.40,220.07,1,-1,-1,-1
95,693,1105.47,720.36,90.97,213.85,1,-1,-1,-1
96,692,701.34,170.20,93.31,204.55,1,-1,-1,-1
96,694,1123.08,140.59,76.92,198.19,1,-1,-1,-1
96,695,720.25,703.77,98.53,216.55,1,-1,-1,-1
96,693,1105.47,727.62,90.76,212.66,1,-1,-1,-1
97,692,704.35,178.05,93.45,205.12,1,-1,-1,-1
97,694,1121.75,133.58,76.66,197.43,1,-1,-1,-1
97,695,720.54,695.33,98.53,216.23,1,-1,-1,-1
97,693,1105.03,733.71,90.93,212.77,1,-1,-1,-1
98,692,706.07,185.10,93.46,204.82,1,-1,-1,-1
98,694,1120.38,126.44,76.22,196.80,1,-1,-1,-1
98,695,721.25,686.83,98.51,216.49,1,-1,-1,-1
98,693,1103.90,740.62,91.24,213.17,1,-1,-1,-1
99,692,708.53,193.43,93.08,204.67,1,-1,-1,-1
99,694,1117.38,121.23,77.04,199.11,1,-1,-1,-1
99,695,722.26,681.58,98.12,216.14,1,-1,-1,-1
99,693,1102.18,744.36,91.91,215.21,1,-1,-1,-1
100,692,712.74,200.88,92.81,204.36,1,-1,-1,-1
100,694,1114.35,117.11,75.90,197.26,1,-1,-1,-1
100,695,726.16,674.42,98.39,216.75,1,-1,-1,-1
100,693,1098.68,751.09,90.77,213.81,1,-1,-1,-1
101,692,715.26,209.22,93.52,205.51,1,-1,-1,-1
101,694,1111.30,110.36,75.47,197.81,1,-1,-1,-1
101,695,728.24,666.59,98.57,217.02,1,-1,-1,-1
101,693,1096.27,757.61,90.51,213.34,1,-1,-1,-1
102,692,717.07,217.80,93.67,205.21,1,-1,-1,-1
102,694,1105.99,105.95,75.47,197.70,1,-1,-1,-1
102,695,730.94,659.55,97.58,214.91,1,-1,-1,-1
102,693,1094.58,764.18,90.66,213.53,1,-1,-1,-1
103,692,722.40,227.38,92.88,202.84,1,-1,-1,-1
103,694,1102.24,101.33,74.47,196.28,1,-1,-1,-1
103,695,735.56,651.53,97.92,215.07,1,-1,-1,-1
103,693,1089.65,769.33,90.15,212.34,1,-1,-1,-1
104,692,725.18,234.73,93.86,204.70,1,-1,-1,-1
104,694,1096.71,94.40,75.20,198.31,1,-1,-1,-1
104,695,738.60,643.02,98.07,215.53,1,-1,-1,-1
104,693,1083.38,775.24,90.35,212.06,1,-1,-1,-1
105,692,730.46,244.73,94.93,205.84,1,-1,-1,-1
105,694,1091.26,90.99,74.91,197.90,1,-1,-1,-1
105,695,743.56,630.99,98.89,216.74,1,-1,-1,-1
105,693,1079.14,780.69,91.17,213.05,1,-1,-1,-1
106,692,737.44,254.88,94.75,205.09,1,-1,-1,-1
106,694,1086.61,86.27,74.24,196.73,1,-1,-1,-1
106,695,750.54,622.04,98.27,215.67,1,-1,-1,-1
106,693,1073.21,784.40,91.46,213.94,1,-1,-1,-1
107,692,745.76,263.74,94.10,204.84,1,-1,-1,-1
107,694,1079.96,80.84,75.61,200.07,1,-1,-1,-1
107,695,754.90,613.76,97.20,213.98,1,-1,-1,-1
107,693,1069.44,788.75,92.21,214.81,1,-1,-1,-1
108,692,753.12,271.82,94.25,205.52,1,-1,-1,-1
108,694,1073.00,75.98,75.31,199.65,1,-1,-1,-1
108,695,760.60,604.07,97.93,215.35,1,-1,-1,-1
108,693,1062.85,792.16,92.40,215.10,1,-1,-1,-1
109,692,757.81,281.56,93.91,203.64,1,-1,-1,-1
109,694,1065.71,73.08,75.11,199.59,1,-1,-1,-1
109,695,767.57,595.00,98.06,216.09,1,-1,-1,-1
109,693,1056.12,797.73,91.79,213.75,1,-1,-1,-1
110,692,765.38,292.30,93.07,201.40,1,-1,-1,-1
110,694,1058.24,68.43,75.10,200.08,1,-1,-1,-1
110,695,774.72,586.01,98.48,216.72,1,-1,-1,-1
110,693,1047.96,803.45,92.01,213.20,1,-1,-1,-1
111,692,773.25,302.35,92.10,198.91,1,-1,-1,-1
111,694,1049.94,65.53,74.82,199.84,1,-1,-1,-1
111,695,783.71,575.72,97.35,214.76,1,-1,-1,-1
111,693,1040.70,806.93,91.67,211.99,1,-1,-1,-1
112,692,780.78,312.08,93.00,201.49,1,-1,-1,-1
112,694,1041.82,60.91,75.07,200.89,1,-1,-1,-1
112,695,791.71,565.54,97.33,215.31,1,-1,-1,-1
112,693,1032.71,809.93,91.12,210.76,1,-1,-1,-1
113,692,789.14,322.46,92.75,201.04,1,-1,-1,-1
113,694,1033.72,59.54,74.29,198.93,1,-1,-1,-1
113,695,800.07,556.90,96.63,214.38,1,-1,-1,-1
113,693,1024.87,814.41,90.49,209.50,1,-1,-1,-1
114,692,796.69,330.42,92.83,202.11,1,-1,-1,-1
114,694,1024.98,54.78,73.91,198.57,1,-1,-1,-1
114,695,805.15,547.73,96.41,214.09,1,-1,-1,-1
114,693,1016.08,815.74,91.58,211.83,1,-1,-1,-1
115,692,806.22,337.82,97.06,214.06,1,-1,-1,-1
115,694,1016.29,52.96,73.30,197.48,1,-1,-1,-1
115,695,813.12,540.53,94.56,211.72,1,-1,-1,-1
115,693,1008.14,817.64,90.96,211.57,1,-1,-1,-1
116,692,815.07,347.75,97.62,216.62,1,-1,-1,-1
116,694,1006.60,50.99,73.73,197.95,1,-1,-1,-1
116,695,818.08,515.66,99.84,225.67,1,-1,-1,-1
116,693,999.62,821.29,90.85,211.34,1,-1,-1,-1
117,692,821.60,356.84,96.64,214.18,1,-1,-1,-1
117,694,997.76,46.50,73.97,198.55,1,-1,-1,-1
117,695,828.88,502.53,100.77,228.80,1,-1,-1,-1
117,693,991.31,823.35,90.54,210.99,1,-1,-1,-1
118,692,835.34,370.29,91.72,205.08,1,-1,-1,-1
118,694,986.41,44.49,74.70,199.50,1,-1,-1,-1
118,695,837.00,499.31,95.28,218.87,1,-1,-1,-1
118,693,979.06,824.92,90.36,211.21,1,-1,-1,-1
119,692,846.95,380.88,88.51,199.44,1,-1,-1,-1
119,694,975.67,43.05,74.88,200.19,1,-1,-1,-1
119,695,847.21,507.51,88.31,203.43,1,-1,-1,-1
119,693,969.19,824.82,90.75,212.37,1,-1,-1,-1
120,692,856.01,393.44,88.78,199.92,1,-1,-1,-1
120,694,966.84,43.86,74.04,198.11,1,-1,-1,-1
120,693,960.16,827.82,90.90,212.71,1,-1,-1,-1
121,692,857.72,399.28,109.17,252.16,1,-1,-1,-1
121,694,958.06,42.81,74.26,199.00,1,-1,-1,-1
121,693,951.35,828.92,91.07,213.93,1,-1,-1,-1
122,692,866.14,406.81,111.61,261.64,1,-1,-1,-1
122,694,945.96,40.96,75.20,200.60,1,-1,-1,-1
122,693,942.38,828.63,91.80,215.23,1,-1,-1,-1
123,692,880.51,416.95,101.08,237.91,1,-1,-1,-1
123,694,935.65,40.51,75.43,201.33,1,-1,-1,-1
123,693,933.71,829.11,91.82,216.33,1,-1,-1,-1
124,692,892.59,426.39,96.03,227.06,1,-1,-1,-1
124,694,926.74,40.57,75.40,201.05,1,-1,-1,-1
124,693,921.89,829.84,90.94,214.66,1,-1,-1,-1
125,692,906.32,437.17,91.72,215.55,1,-1,-1,-1
125,694,917.07,40.58,75.23,201.32,1,-1,-1,-1
125,693,911.94,830.36,90.60,213.74,1,-1,-1,-1
126,692,918.18,447.93,88.89,208.36,1,-1,-1,-1
126,694,905.70,40.27,75.55,201.63,1,-1,-1,-1
126,693,902.56,830.50,90.42,213.79,1,-1,-1,-1
127,692,928.38,457.39,87.47,205.35,1,-1,-1,-1
127,694,895.50,39.45,76.48,203.85,1,-1,-1,-1
127,693,890.31,831.05,89.89,212.15,1,-1,-1,-1
128,692,937.28,467.29,87.46,204.03,1,-1,-1,-1
128,694,886.41,41.87,75.16,199.99,1,-1,-1,-1
128,693,880.43,831.27,89.84,212.18,1,-1,-1,-1
129,692,945.54,478.64,87.75,204.72,1,-1,-1,-1
129,694,877.95,44.22,74.45,198.58,1,-1,-1,-1
129,693,870.88,830.81,89.99,211.81,1,-1,-1,-1
130,692,956.33,487.37,89.14,207.51,1,-1,-1,-1
130,694,869.03,44.60,74.01,198.58,1,-1,-1,-1
130,693,862.16,830.27,90.33,211.88,1,-1,-1,-1
131,692,966.19,496.19,89.83,208.37,1,-1,-1,-1
131,694,857.70,44.75,74.82,200.16,1,-1,-1,-1
131,693,853.25,829.45,90.74,212.38,1,-1,-1,-1
132,692,975.18,506.03,89.95,208.53,1,-1,-1,-1
132,694,848.13,47.76,74.86,200.34,1,-1,-1,-1
132,693,841.45,826.80,90.06,210.64,1,-1,-1,-1
133,692,984.18,514.64,90.25,208.71,1,-1,-1,-1
133,694,839.59,50.87,74.55,199.82,1,-1,-1,-1
133,693,831.30,824.75,90.80,211.59,1,-1,-1,-1
134,692,992.73,526.08,90.19,207.91,1,-1,-1,-1
134,694,831.52,52.69,74.45,199.24,1,-1,-1,-1
134,693,822.68,823.42,90.63,210.48,1,-1,-1,-1
135,692,1003.25,532.68,91.91,211.73,1,-1,-1,-1
135,694,823.22,56.62,74.18,198.55,1,-1,-1,-1
135,693,813.81,821.31,91.48,211.17,1,-1,-1,-1
135,695,1008.98,348.31,86.24,200.49,1,-1,-1,-1
136,692,1012.40,542.04,92.59,212.80,1,-1,-1,-1
136,694,814.77,59.63,74.03,198.57,1,-1,-1,-1
136,693,805.39,817.06,91.86,212.55,1,-1,-1,-1
136,695,1016.79,337.72,87.58,203.88,1,-1,-1,-1
137,692,1019.94,551.31,93.39,212.72,1,-1,-1,-1
137,694,807.35,62.80,73.37,197.40,1,-1,-1,-1
137,693,797.31,814.20,91.77,212.88,1,-1,-1,-1
137,695,1025.47,327.99,88.64,205.68,1,-1,-1,-1
138,692,1028.51,563.27,93.34,211.31,1,-1,-1,-1
138,694,798.73,65.38,74.29,198.97,1,-1,-1,-1
138,693,788.69,811.73,92.38,213.95,1,-1,-1,-1
138,695,1032.61,314.56,90.12,208.85,1,-1,-1,-1
139,692,1037.54,573.27,92.47,209.27,1,-1,-1,-1
139,694,790.98,68.59,74.01,198.43,1,-1,-1,-1
139,693,780.13,807.56,92.94,214.40,1,-1,-1,-1
139,695,1041.78,304.86,89.01,206.16,1,-1,-1,-1
140,692,1044.30,583.20,93.58,210.10,1,-1,-1,-1
140,694,783.05,71.01,73.99,198.16,1,-1,-1,-1
140,693,771.72,803.90,93.83,216.10,1,-1,-1,-1
140,695,1049.57,295.59,88.78,206.16,1,-1,-1,-1
141,692,1051.97,591.38,94.70,212.08,1,-1,-1,-1
141,694,775.91,76.12,73.55,197.54,1,-1,-1,-1
141,693,764.14,802.55,93.68,214.96,1,-1,-1,-1
141,695,1057.61,287.47,87.91,204.44,1,-1,-1,-1
142,692,1056.96,600.95,94.19,210.33,1,-1,-1,-1
142,694,769.14,81.44,73.45,197.49,1,-1,-1,-1
142,693,756.75,798.72,93.25,214.06,1,-1,-1,-1
142,695,1064.88,275.73,88.17,205.32,1,-1,-1,-1
143,692,1063.50,611.86,94.59,209.58,1,-1,-1,-1
143,694,763.92,86.31,72.37,195.27,1,-1,-1,-1
143,693,749.50,793.28,93.09,213.35,1,-1,-1,-1
143,695,1072.59,265.84,87.46,205.49,1,-1,-1,-1
144,692,1068.78,619.61,96.39,212.28,1,-1,-1,-1
144,694,757.62,90.83,72.53,196.83,1,-1,-1,-1
144,693,742.05,789.34,93.27,213.39,1,-1,-1,-1
144,695,1080.11,257.21,86.77,205.00,1,-1,-1,-1
145,692,1074.90,627.89,97.14,213.81,1,-1,-1,-1
145,694,751.97,93.74,73.24,199.01,1,-1,-1,-1
145,693,734.77,784.72,92.60,212.70,1,-1,-1,-1
145,695,1084.49,249.37,86.40,204.04,1,-1,-1,-1
146,692,1081.94,635.46,97.61,214.43,1,-1,-1,-1
146,694,747.61,100.08,72.18,197.26,1,-1,-1,-1
146,693,731.58,781.14,92.48,212.30,1,-1,-1,-1
146,695,1090.63,240.92,86.27,203.77,1,-1,-1,-1
147,692,1085.84,645.22,96.79,212.66,1,-1,-1,-1
147,694,743.43,106.82,71.77,196.39,1,-1,-1,-1
147,693,726.09,776.51,91.95,210.98,1,-1,-1,-1
147,695,1095.73,231.41,87.79,206.61,1,-1,-1,-1
148,692,1090.68,653.94,97.04,212.64,1,-1,-1,-1
148,694,739.64,109.76,72.24,198.04,1,-1,-1,-1
148,693,722.31,768.96,93.01,213.44,1,-1,-1,-1
148,695,1099.12,222.48,88.11,207.54,1,-1,-1,-1
149,692,1093.91,662.66,96.66,210.41,1,-1,-1,-1
149,694,735.62,115.07,72.46,198.73,1,-1,-1,-1
149,693,717.64,765.11,92.37,212.14,1,-1,-1,-1
149,695,1104.39,215.08,88.11,206.56,1,-1,-1,-1
150,692,1098.27,670.64,97.31,211.00,1,-1,-1,-1
150,694,732.89,118.71,72.27,198.34,1,-1,-1,-1
150,693,715.36,758.94,92.18,212.27,1,-1,-1,-1
150,695,1107.39,206.52,88.47,207.46,1,-1,-1,-1
151,692,1100.01,678.11,98.33,212.54,1,-1,-1,-1
151,694,728.15,123.68,73.89,201.82,1,-1,-1,-1
151,693,713.54,751.65,92.74,214.32,1,-1,-1,-1
151,695,1111.80,198.72,87.91,206.61,1,-1,-1,-1
152,692,1101.41,685.89,98.56,212.72,1,-1,-1,-1
152,694,727.08,132.36,73.14,199.96,1,-1,-1,-1
152,693,709.40,745.01,92.38,214.05,1,-1,-1,-1
152,695,1114.34,187.56,87.80,205.94,1,-1,-1,-1
153,692,1102.61,693.35,98.63,212.63,1,-1,-1,-1
153,694,725.46,138.69,73.60,200.66,1,-1,-1,-1
153,693,707.50,739.57,92.50,214.69,1,-1,-1,-1
153,695,1116.95,180.75,85.62,200.22,1,-1,-1,-1
154,692,1103.36,702.03,98.14,210.93,1,-1,-1,-1
154,694,724.52,145.23,73.43,200.51,1,-1,-1,-1
154,693,706.65,732.73,92.53,215.24,1,-1,-1,-1
154,695,1120.85,173.18,85.60,198.99,1,-1,-1,-1
155,692,1105.71,708.83,99.11,212.24,1,-1,-1,-1
155,694,724.27,149.61,73.38,200.85,1,-1,-1,-1
155,693,706.00,726.13,92.73,215.99,1,-1,-1,-1
155,695,1122.51,168.36,85.92,199.75,1,-1,-1,-1
156,692,1106.63,716.04,99.39,213.11,1,-1,-1,-1
156,694,724.11,156.21,73.71,200.56,1,-1,-1,-1
156,693,702.53,719.29,92.72,215.90,1,-1,-1,-1
156,695,1123.44,162.38,85.69,199.29,1,-1,-1,-1
157,692,1106.70,723.76,99.54,213.25,1,-1,-1,-1
157,694,723.91,163.45,74.27,201.04,1,-1,-1,-1
157,693,701.26,713.97,92.65,215.18,1,-1,-1,-1
157,695,1123.33,155.08,85.43,198.89,1,-1,-1,-1
158,692,1106.44,731.36,99.94,213.31,1,-1,-1,-1
158,694,724.15,170.83,74.74,201.36,1,-1,-1,-1
158,693,701.11,704.97,92.80,215.31,1,-1,-1,-1
158,695,1123.90,148.27,84.99,197.40,1,-1,-1,-1
159,692,1105.92,736.17,100.22,213.64,1,-1,-1,-1
159,694,725.16,178.33,75.20,202.63,1,-1,-1,-1
159,693,704.28,697.81,93.48,216.52,1,-1,-1,-1
159,695,1124.25,141.11,84.72,196.81,1,-1,-1,-1
160,692,1103.47,743.33,99.29,212.19,1,-1,-1,-1
160,694,725.52,185.46,75.83,203.10,1,-1,-1,-1
160,693,705.89,690.61,93.64,216.18,1,-1,-1,-1
160,695,1123.99,137.29,84.79,196.96,1,-1,-1,-1
161,692,1100.65,749.76,99.64,212.53,1,-1,-1,-1
161,694,729.13,193.67,75.79,202.72,1,-1,-1,-1
161,693,706.86,682.99,94.06,215.90,1,-1,-1,-1
161,695,1121.99,131.04,85.31,197.55,1,-1,-1,-1
162,692,1098.95,756.43,99.21,211.60,1,-1,-1,-1
162,694,731.48,200.31,76.53,204.29,1,-1,-1,-1
162,693,708.29,675.21,93.91,215.07,1,-1,-1,-1
162,695,1119.08,125.25,84.23,196.40,1,-1,-1,-1
163,692,1094.26,761.59,99.74,211.58,1,-1,-1,-1
163,694,736.33,209.20,76.59,203.73,1,-1,-1,-1
163,693,712.16,666.12,94.78,216.76,1,-1,-1,-1
163,695,1116.32,118.72,83.50,195.77,1,-1,-1,-1
164,692,1090.92,767.67,100.39,212.17,1,-1,-1,-1
164,694,738.60,216.70,77.63,205.67,1,-1,-1,-1
164,693,715.51,658.50,94.52,215.90,1,-1,-1,-1
164,695,1113.83,111.96,83.50,195.73,1,-1,-1,-1
165,692,1086.25,772.96,99.88,211.44,1,-1,-1,-1
165,694,743.96,225.87,77.39,204.59,1,-1,-1,-1
165,693,717.59,651.56,93.71,214.01,1,-1,-1,-1
165,695,1110.67,108.25,82.58,194.11,1,-1,-1,-1
166,692,1082.34,777.65,100.17,211.61,1,-1,-1,-1
166,694,746.72,234.66,76.98,202.79,1,-1,-1,-1
166,693,722.46,643.25,93.98,213.92,1,-1,-1,-1
166,695,1106.18,100.90,84.10,197.17,1,-1,-1,-1
167,692,1078.22,784.59,98.99,209.15,1,-1,-1,-1
167,694,752.85,244.38,76.35,201.31,1,-1,-1,-1
167,693,728.78,632.86,93.95,214.45,1,-1,-1,-1
167,695,1100.90,94.59,84.16,197.85,1,-1,-1,-1
168,692,1073.77,789.02,99.77,211.32,1,-1,-1,-1
168,694,757.75,252.96,76.56,201.60,1,-1,-1,-1
168,693,732.87,624.02,93.82,213.97,1,-1,-1,-1
168,695,1094.62,90.55,84.20,197.16,1,-1,-1,-1
169,692,1067.99,793.61,99.00,209.33,1,-1,-1,-1
169,694,762.71,261.18,77.05,201.91,1,-1,-1,-1
169,693,739.38,614.82,93.47,213.91,1,-1,-1,-1
169,695,1090.93,85.42,84.64,198.14,1,-1,-1,-1
170,692,1061.04,798.97,99.27,209.16,1,-1,-1,-1
170,694,769.46,271.92,77.11,201.43,1,-1,-1,-1
170,693,745.98,604.54,94.30,215.60,1,-1,-1,-1
170,695,1084.50,81.94,85.33,200.03,1,-1,-1,-1
171,692,1053.33,803.89,100.10,210.91,1,-1,-1,-1
171,694,776.39,281.33,77.69,202.27,1,-1,-1,-1
171,693,753.32,595.82,94.54,216.33,1,-1,-1,-1
171,695,1078.00,77.25,84.73,199.09,1,-1,-1,-1
172,692,1047.03,808.25,98.61,208.21,1,-1,-1,-1
172,694,784.11,289.48,78.21,203.42,1,-1,-1,-1
172,693,757.90,588.25,93.58,213.78,1,-1,-1,-1
172,695,1072.66,72.52,85.20,201.13,1,-1,-1,-1
173,692,1038.56,809.92,99.43,209.76,1,-1,-1,-1
173,694,789.50,298.58,79.14,205.27,1,-1,-1,-1
173,693,764.64,580.07,93.33,213.36,1,-1,-1,-1
173,695,1065.57,68.03,85.22,201.22,1,-1,-1,-1
174,692,1032.52,810.69,100.43,211.53,1,-1,-1,-1
174,694,799.33,308.42,78.57,203.19,1,-1,-1,-1
174,693,773.08,570.81,91.48,210.03,1,-1,-1,-1
174,695,1058.44,65.45,85.16,201.35,1,-1,-1,-1
175,692,1025.62,814.42,99.92,210.84,1,-1,-1,-1
175,694,808.32,319.48,78.50,202.95,1,-1,-1,-1
175,693,781.36,561.51,90.66,209.24,1,-1,-1,-1
175,695,1050.06,60.97,84.70,200.64,1,-1,-1,-1
176,692,1018.57,817.45,99.08,208.82,1,-1,-1,-1
176,694,814.06,328.06,79.00,203.71,1,-1,-1,-1
176,693,789.49,551.44,90.36,209.77,1,-1,-1,-1
176,695,1042.18,58.07,84.80,201.32,1,-1,-1,-1
177,692,1007.54,819.58,98.27,207.26,1,-1,-1,-1
177,694,824.04,337.69,79.39,203.92,1,-1,-1,-1
177,693,798.03,542.64,89.70,209.28,1,-1,-1,-1
177,695,1034.09,52.99,84.22,201.25,1,-1,-1,-1
178,692,998.23,822.59,98.37,207.81,1,-1,-1,-1
178,694,833.69,347.21,79.50,204.10,1,-1,-1,-1
178,693,807.08,534.35,88.76,207.47,1,-1,-1,-1
178,695,1025.70,50.19,84.58,202.64,1,-1,-1,-1
179,692,988.91,823.87,98.75,209.28,1,-1,-1,-1
179,694,843.07,356.66,78.98,203.23,1,-1,-1,-1
179,693,819.22,522.38,88.60,209.14,1,-1,-1,-1
179,695,1014.84,49.51,84.16,201.95,1,-1,-1,-1
180,692,979.92,825.74,98.61,209.15,1,-1,-1,-1
180,694,853.03,366.57,77.52,198.63,1,-1,-1,-1
180,695,1005.63,47.60,84.21,202.04,1,-1,-1,-1
181,692,971.17,827.08,98.67,208.52,1,-1,-1,-1
181,694,861.69,375.87,76.83,196.22,1,-1,-1,-1
181,695,995.90,44.83,84.02,201.46,1,-1,-1,-1
182,692,962.42,830.93,98.20,207.49,1,-1,-1,-1
182,694,869.52,385.80,78.41,200.30,1,-1,-1,-1
182,695,986.95,42.17,84.57,202.13,1,-1,-1,-1
183,692,953.98,832.39,98.15,207.33,1,-1,-1,-1
183,694,879.66,393.44,80.42,205.90,1,-1,-1,-1
183,695,978.25,41.44,83.72,200.63,1,-1,-1,-1
184,692,941.79,833.23,98.67,208.38,1,-1,-1,-1
184,694,890.14,403.83,79.51,203.89,1,-1,-1,-1
184,695,966.48,40.87,83.76,199.66,1,-1,-1,-1
185,692,930.67,834.06,100.01,209.81,1,-1,-1,-1
185,694,899.92,416.24,80.28,205.90,1,-1,-1,-1
185,695,956.54,39.65,84.87,201.50,1,-1,-1,-1
186,692,921.56,834.89,99.81,208.88,1,-1,-1,-1
186,694,909.89,424.82,83.97,216.28,1,-1,-1,-1
186,695,948.18,36.93,84.89,201.84,1,-1,-1,-1
187,692,908.88,833.59,100.66,211.20,1,-1,-1,-1
187,694,921.04,436.40,81.95,211.85,1,-1,-1,-1
187,695,938.92,35.66,85.12,202.58,1,-1,-1,-1
188,692,898.74,833.60,100.97,211.24,1,-1,-1,-1
188,694,931.38,447.38,80.73,208.60,1,-1,-1,-1
188,695,929.17,35.59,84.96,202.29,1,-1,-1,-1
189,692,889.08,832.65,101.62,212.38,1,-1,-1,-1
189,694,942.31,458.52,79.36,206.03,1,-1,-1,-1
189,695,919.89,35.54,84.85,201.78,1,-1,-1,-1
189,693,908.29,429.06,80.58,199.18,1,-1,-1,-1
190,692,879.86,833.06,101.12,210.95,1,-1,-1,-1
190,694,953.38,466.13,80.15,208.45,1,-1,-1,-1
190,695,908.32,34.96,85.64,203.35,1,-1,-1,-1
190,693,917.16,418.25,79.92,201.40,1,-1,-1,-1
191,692,868.21,834.06,100.58,208.53,1,-1,-1,-1
191,694,962.93,476.34,80.65,209.82,1,-1,-1,-1
191,695,898.53,35.82,85.55,202.28,1,-1,-1,-1
191,693,929.27,404.65,79.96,202.41,1,-1,-1,-1
192,692,859.00,832.72,100.50,209.27,1,-1,-1,-1
192,694,972.12,486.33,80.83,209.15,1,-1,-1,-1
192,695,889.05,36.34,85.07,201.67,1,-1,-1,-1
192,693,941.12,394.15,76.57,192.41,1,-1,-1,-1
193,692,850.31,832.10,100.14,208.32,1,-1,-1,-1
193,694,981.38,495.64,81.14,209.44,1,-1,-1,-1
193,695,879.91,40.03,84.80,200.88,1,-1,-1,-1
193,693,953.48,382.61,78.07,196.91,1,-1,-1,-1
194,692,841.57,829.39,99.18,205.82,1,-1,-1,-1
194,694,990.24,506.26,80.55,207.79,1,-1,-1,-1
194,695,868.42,42.23,84.30,199.40,1,-1,-1,-1
194,693,961.78,372.90,80.95,205.85,1,-1,-1,-1
195,692,833.37,827.61,98.18,204.65,1,-1,-1,-1
195,694,1000.73,515.12,80.34,207.21,1,-1,-1,-1
195,695,858.48,43.54,84.56,199.86,1,-1,-1,-1
195,693,971.70,361.54,80.25,205.33,1,-1,-1,-1
196,692,825.27,825.44,98.30,205.02,1,-1,-1,-1
196,694,1009.76,521.57,81.60,210.18,1,-1,-1,-1
196,695,849.22,44.96,84.31,200.28,1,-1,-1,-1
196,693,981.37,353.22,79.99,203.81,1,-1,-1,-1
197,692,813.82,821.85,97.54,203.25,1,-1,-1,-1
197,694,1018.02,531.25,82.70,212.31,1,-1,-1,-1
197,695,841.15,49.52,83.65,198.94,1,-1,-1,-1
197,693,992.58,342.05,82.43,209.41,1,-1,-1,-1
198,692,803.72,819.82,98.23,202.95,1,-1,-1,-1
198,694,1026.25,540.86,82.99,212.71,1,-1,-1,-1
198,695,832.44,50.87,84.68,200.39,1,-1,-1,-1
198,693,1001.12,331.74,84.12,212.87,1,-1,-1,-1
199,692,793.95,816.73,100.00,205.86,1,-1,-1,-1
199,694,1034.14,551.75,82.47,211.05,1,-1,-1,-1
199,695,823.99,56.52,83.79,198.77,1,-1,-1,-1
199,693,1010.86,325.10,83.22,209.44,1,-1,-1,-1
200,692,786.18,815.15,100.30,206.18,1,-1,-1,-1
200,694,1042.63,561.33,82.43,210.42,1,-1,-1,-1
200,695,813.05,58.79,83.81,198.51,1,-1,-1,-1
200,693,1018.60,316.67,84.16,208.84,1,-1,-1,-1
201,692,777.30,810.85,101.24,207.68,1,-1,-1,-1
201,694,1050.26,571.86,83.16,211.47,1,-1,-1,-1
201,695,803.59,60.47,83.82,198.01,1,-1,-1,-1
201,693,1027.21,306.44,84.22,208.48,1,-1,-1,-1
202,692,769.56,808.74,101.10,206.55,1,-1,-1,-1
202,694,1058.36,581.11,83.72,212.13,1,-1,-1,-1
202,695,794.52,60.92,85.41,200.83,1,-1,-1,-1
202,693,1035.65,298.26,83.97,206.46,1,-1,-1,-1
203,692,761.11,806.41,101.65,207.26,1,-1,-1,-1
203,694,1066.27,591.31,83.46,210.47,1,-1,-1,-1
203,695,786.77,64.98,85.62,201.71,1,-1,-1,-1
203,693,1042.41,288.09,85.02,206.99,1,-1,-1,-1
204,692,754.01,802.81,101.68,206.89,1,-1,-1,-1
204,694,1073.49,599.58,84.26,211.72,1,-1,-1,-1
204,695,781.32,67.48,86.14,202.16,1,-1,-1,-1
204,693,1050.13,279.47,85.32,206.31,1,-1,-1,-1
205,692,745.88,796.29,101.98,207.75,1,-1,-1,-1
205,694,1078.36,609.20,84.02,209.91,1,-1,-1,-1
205,695,775.06,72.58,85.56,200.67,1,-1,-1,-1
205,693,1056.78,269.66,86.47,207.37,1,-1,-1,-1
206,692,741.15,792.46,102.31,208.17,1,-1,-1,-1
206,694,1084.25,617.52,84.68,210.13,1,-1,-1,-1
206,695,767.88,75.06,86.57,201.76,1,-1,-1,-1
206,693,1064.21,259.36,86.11,207.12,1,-1,-1,-1
207,692,734.86,787.15,102.76,209.17,1,-1,-1,-1
207,694,1090.07,624.86,85.42,211.69,1,-1,-1,-1
207,695,760.37,80.09,87.06,202.51,1,-1,-1,-1
207,693,1071.59,250.12,86.47,207.65,1,-1,-1,-1
208,692,729.25,784.03,102.25,208.39,1,-1,-1,-1
208,694,1096.12,635.51,86.44,212.33,1,-1,-1,-1
208,695,754.14,84.32,86.32,201.12,1,-1,-1,-1
208,693,1074.51,240.50,87.63,209.02,1,-1,-1,-1
209,692,724.90,778.19,103.21,210.12,1,-1,-1,-1
209,694,1099.49,644.32,87.11,213.28,1,-1,-1,-1
209,695,750.07,89.40,86.03,200.45,1,-1,-1,-1
209,693,1079.82,230.86,88.82,211.33,1,-1,-1,-1
210,692,720.87,774.23,102.45,208.63,1,-1,-1,-1
210,694,1104.26,651.11,88.94,216.33,1,-1,-1,-1
210,695,743.91,93.10,86.00,200.92,1,-1,-1,-1
210,693,1082.36,221.89,89.58,211.57,1,-1,-1,-1
211,692,716.88,768.49,103.07,210.30,1,-1,-1,-1
211,694,1107.06,659.89,88.87,214.86,1,-1,-1,-1
211,695,741.07,99.03,85.38,199.36,1,-1,-1,-1
211,693,1087.19,212.80,89.86,212.38,1,-1,-1,-1
212,692,711.89,761.95,103.69,211.53,1,-1,-1,-1
212,694,1111.99,668.85,89.06,213.54,1,-1,-1,-1
212,695,737.44,106.69,84.42,197.06,1,-1,-1,-1
212,693,1090.47,205.75,88.85,209.87,1,-1,-1,-1
213,692,709.90,756.36,103.40,211.74,1,-1,-1,-1
213,694,1114.28,676.74,89.52,213.43,1,-1,-1,-1
213,695,734.19,113.56,85.12,198.07,1,-1,-1,-1
213,693,1095.90,194.84,87.78,208.77,1,-1,-1,-1
214,692,708.18,750.33,103.43,211.63,1,-1,-1,-1
214,694,1115.44,685.25,89.82,213.20,1,-1,-1,-1
214,695,730.11,118.68,84.10,197.11,1,-1,-1,-1
214,693,1099.90,186.51,86.54,206.98,1,-1,-1,-1
215,692,704.71,744.19,103.47,211.53,1,-1,-1,-1
215,694,1118.52,692.35,90.43,213.64,1,-1,-1,-1
215,695,728.12,124.95,82.86,195.56,1,-1,-1,-1
215,693,1104.71,178.25,85.72,206.09,1,-1,-1,-1
216,692,702.66,737.22,103.56,212.11,1,-1,-1,-1
216,694,1119.71,699.18,91.33,215.07,1,-1,-1,-1
216,695,727.20,132.10,81.99,194.59,1,-1,-1,-1
216,693,1106.64,171.10,85.08,204.25,1,-1,-1,-1
217,692,701.06,731.40,104.27,213.65,1,-1,-1,-1
217,694,1120.13,707.47,91.11,214.06,1,-1,-1,-1
217,695,724.38,138.88,81.97,195.38,1,-1,-1,-1
217,693,1107.05,165.12,85.62,206.44,1,-1,-1,-1
218,692,700.24,724.13,105.13,215.20,1,-1,-1,-1
218,694,1119.74,714.46,92.12,215.78,1,-1,-1,-1
218,695,722.91,143.45,81.90,196.19,1,-1,-1,-1
218,693,1108.20,159.34,84.35,204.38,1,-1,-1,-1
219,692,700.43,716.71,105.09,215.37,1,-1,-1,-1
219,694,1119.71,722.80,91.76,214.46,1,-1,-1,-1
219,695,722.78,149.48,81.45,196.20,1,-1,-1,-1
219,693,1107.81,150.94,84.75,205.85,1,-1,-1,-1
220,692,701.58,709.91,103.51,212.55,1,-1,-1,-1
220,694,1120.08,728.65,91.33,213.25,1,-1,-1,-1
220,695,722.66,156.13,81.01,195.80,1,-1,-1,-1
220,693,1108.52,144.81,83.34,203.29,1,-1,-1,-1
221,692,703.28,703.47,101.84,209.81,1,-1,-1,-1
221,694,1119.97,735.31,90.78,212.13,1,-1,-1,-1
221,695,722.86,163.68,81.00,196.11,1,-1,-1,-1
221,693,1108.57,137.37,82.70,202.87,1,-1,-1,-1
222,692,704.38,695.77,101.55,209.05,1,-1,-1,-1
222,694,1119.13,742.67,90.09,211.28,1,-1,-1,-1
222,695,722.77,170.39,81.60,197.98,1,-1,-1,-1
222,693,1108.61,130.97,82.16,202.96,1,-1,-1,-1
223,692,705.82,687.78,101.44,209.31,1,-1,-1,-1
223,694,1114.93,749.08,90.44,211.96,1,-1,-1,-1
223,695,722.67,177.94,82.26,199.23,1,-1,-1,-1
223,693,1107.99,124.54,81.23,201.02,1,-1,-1,-1
224,692,708.43,679.06,102.48,211.30,1,-1,-1,-1
224,694,1111.89,753.44,90.57,212.35,1,-1,-1,-1
224,695,723.74,182.73,81.75,198.39,1,-1,-1,-1
224,693,1106.77,119.55,81.59,202.50,1,-1,-1,-1
225,692,711.13,670.15,102.33,211.85,1,-1,-1,-1
225,694,1110.50,760.53,89.87,210.98,1,-1,-1,-1
225,695,726.50,187.45,83.65,202.26,1,-1,-1,-1
225,693,1102.83,113.85,81.42,202.70,1,-1,-1,-1
226,692,713.27,662.05,102.14,211.67,1,-1,-1,-1
226,694,1106.49,766.70,89.86,210.75,1,-1,-1,-1
226,695,728.62,194.62,84.66,203.38,1,-1,-1,-1
226,693,1099.45,107.14,81.93,204.23,1,-1,-1,-1
227,692,717.38,654.15,102.22,211.42,1,-1,-1,-1
227,694,1103.44,773.04,89.38,210.15,1,-1,-1,-1
227,695,733.37,202.45,85.39,203.78,1,-1,-1,-1
227,693,1095.00,102.85,81.83,204.38,1,-1,-1,-1
228,692,723.49,645.35,102.46,211.60,1,-1,-1,-1
228,694,1098.46,778.55,88.70,208.96,1,-1,-1,-1
228,695,735.87,211.13,85.38,202.32,1,-1,-1,-1
228,693,1091.20,96.91,82.12,205.33,1,-1,-1,-1
229,692,726.94,636.75,102.82,212.22,1,-1,-1,-1
229,694,1092.11,784.31,88.77,208.77,1,-1,-1,-1
229,695,737.51,218.07,86.53,204.97,1,-1,-1,-1
229,693,1086.60,92.06,81.39,203.36,1,-1,-1,-1
230,692,732.42,628.06,103.36,213.27,1,-1,-1,-1
230,694,1087.79,786.83,89.21,209.88,1,-1,-1,-1
230,695,742.43,229.94,86.68,204.90,1,-1,-1,-1
230,693,1079.56,87.05,82.08,204.09,1,-1,-1,-1
231,692,739.56,616.93,102.91,213.21,1,-1,-1,-1
231,694,1081.66,791.23,89.77,211.81,1,-1,-1,-1
231,695,749.98,240.71,85.34,202.56,1,-1,-1,-1
231,693,1075.85,82.35,82.08,203.62,1,-1,-1,-1
232,692,743.90,608.07,102.40,212.95,1,-1,-1,-1
232,694,1074.51,795.70,90.76,213.05,1,-1,-1,-1
232,695,754.35,249.29,84.63,202.15,1,-1,-1,-1
232,693,1069.63,78.39,82.67,203.98,1,-1,-1,-1
233,692,751.62,599.02,101.16,211.94,1,-1,-1,-1
233,694,1067.64,800.96,89.47,210.41,1,-1,-1,-1
233,695,760.47,257.68,85.01,203.16,1,-1,-1,-1
233,693,1062.13,73.19,83.31,205.65,1,-1,-1,-1
234,692,758.37,590.72,100.96,211.47,1,-1,-1,-1
234,694,1059.65,806.05,89.56,209.76,1,-1,-1,-1
234,695,767.25,265.67,85.43,204.13,1,-1,-1,-1
234,693,1057.49,69.96,83.49,205.19,1,-1,-1,-1
235,692,765.97,583.27,100.22,209.40,1,-1,-1,-1
235,694,1055.18,809.52,89.22,208.69,1,-1,-1,-1
235,695,773.89,274.46,85.54,204.56,1,-1,-1,-1
235,693,1051.37,65.36,82.53,204.44,1,-1,-1,-1
236,692,774.33,574.88,99.47,207.78,1,-1,-1,-1
236,694,1047.89,814.18,89.10,208.74,1,-1,-1,-1
236,695,782.74,287.57,84.42,202.37,1,-1,-1,-1
236,693,1043.03,60.98,83.76,207.03,1,-1,-1,-1
237,692,779.19,565.68,99.65,208.11,1,-1,-1,-1
237,694,1040.24,816.86,88.52,208.09,1,-1,-1,-1
237,695,790.62,296.32,84.97,203.94,1,-1,-1,-1
237,693,1034.18,55.96,84.58,208.95,1,-1,-1,-1
238,692,788.98,554.07,99.95,209.98,1,-1,-1,-1
238,694,1032.54,819.38,87.86,207.04,1,-1,-1,-1
238,695,799.57,305.06,84.97,204.03,1,-1,-1,-1
238,693,1026.78,53.63,83.81,207.97,1,-1,-1,-1
239,692,795.47,545.30,98.61,208.71,1,-1,-1,-1
239,694,1023.71,820.93,89.87,211.16,1,-1,-1,-1
239,695,807.52,314.92,85.25,204.45,1,-1,-1,-1
239,693,1018.54,50.51,82.88,206.13,1,-1,-1,-1
240,692,805.33,533.41,100.19,211.91,1,-1,-1,-1
240,694,1015.12,823.02,89.81,210.78,1,-1,-1,-1
240,695,816.33,327.99,84.46,202.79,1,-1,-1,-1
240,693,1010.16,46.99,83.05,206.58,1,-1,-1,-1
241,692,814.69,523.57,100.22,212.69,1,-1,-1,-1
241,694,1003.63,824.80,89.75,210.36,1,-1,-1,-1
241,695,824.73,337.27,85.02,203.91,1,-1,-1,-1
241,693,998.55,45.59,83.04,206.09,1,-1,-1,-1
242,692,824.39,513.62,98.78,210.76,1,-1,-1,-1
242,694,993.81,825.10,90.14,211.44,1,-1,-1,-1
242,695,828.53,348.64,94.75,230.10,1,-1,-1,-1
242,693,988.11,42.48,83.60,206.49,1,-1,-1,-1
243,692,835.11,506.28,96.56,207.36,1,-1,-1,-1
243,694,985.07,828.70,89.98,211.11,1,-1,-1,-1
243,693,979.08,40.58,83.59,206.39,1,-1,-1,-1
244,692,844.44,497.93,95.20,206.46,1,-1,-1,-1
244,694,976.03,829.71,90.37,212.22,1,-1,-1,-1
244,693,970.37,39.34,83.84,206.52,1,-1,-1,-1
245,692,853.48,488.63,94.70,206.69,1,-1,-1,-1
245,694,967.53,831.77,89.21,209.81,1,-1,-1,-1
245,693,958.18,38.55,83.98,205.57,1,-1,-1,-1
246,692,865.31,479.14,93.64,205.96,1,-1,-1,-1
246,694,959.00,832.57,89.20,210.07,1,-1,-1,-1
246,693,947.66,37.26,84.77,206.60,1,-1,-1,-1
247,692,875.22,467.58,93.26,207.37,1,-1,-1,-1
247,694,946.74,832.74,89.61,210.68,1,-1,-1,-1
247,693,939.32,36.16,83.40,203.39,1,-1,-1,-1
248,692,885.76,458.51,92.42,205.15,1,-1,-1,-1
248,694,936.50,833.17,89.35,210.57,1,-1,-1,-1
248,693,930.46,38.17,82.74,202.48,1,-1,-1,-1
249,692,894.87,448.70,91.47,203.85,1,-1,-1,-1
249,694,927.00,832.71,89.76,211.03,1,-1,-1,-1
249,693,920.85,35.80,83.22,203.59,1,-1,-1,-1
250,692,906.77,436.97,90.66,201.97,1,-1,-1,-1
250,694,914.71,832.73,89.98,210.84,1,-1,-1,-1
250,693,912.28,34.95,83.04,203.72,1,-1,-1,-1
