1,281,922.89,432.40,95.08,206.16,1,-1,-1,-1
1,282,1655.17,437.71,88.97,201.35,1,-1,-1,-1
2,281,923.59,439.97,94.80,205.52,1,-1,-1,-1
2,282,1654.52,447.69,88.80,200.69,1,-1,-1,-1
3,281,924.78,448.43,94.42,204.68,1,-1,-1,-1
3,282,1650.22,456.48,88.81,200.24,1,-1,-1,-1
4,281,926.10,457.46,93.83,203.61,1,-1,-1,-1
4,282,1649.17,466.74,87.82,198.17,1,-1,-1,-1
5,281,929.91,465.34,94.59,205.25,1,-1,-1,-1
5,282,1647.40,473.68,89.43,201.16,1,-1,-1,-1
6,281,931.27,473.24,95.27,206.33,1,-1,-1,-1
6,282,1645.29,480.11,91.24,204.23,1,-1,-1,-1
7,281,931.93,484.44,96.24,207.86,1,-1,-1,-1
7,282,1645.06,489.72,90.25,202.75,1,-1,-1,-1
8,281,932.36,492.94,97.06,209.94,1,-1,-1,-1
8,282,1641.41,498.08,90.23,203.00,1,-1,-1,-1
9,281,933.11,501.62,97.08,209.98,1,-1,-1,-1
9,282,1637.90,504.43,92.23,206.15,1,-1,-1,-1
10,281,936.92,509.57,97.23,210.64,1,-1,-1,-1
10,282,1636.92,512.70,91.96,206.67,1,-1,-1,-1
11,281,939.77,518.72,96.20,208.92,1,-1,-1,-1
11,282,1633.11,522.19,91.34,205.83,1,-1,-1,-1
12,281,941.20,527.00,95.80,208.51,1,-1,-1,-1
12,282,1631.43,530.49,91.26,206.37,1,-1,-1,-1
13,281,945.52,535.12,95.69,207.94,1,-1,-1,-1
13,282,1628.99,537.24,92.67,208.20,1,-1,-1,-1
14,281,947.23,543.40,95.81,207.80,1,-1,-1,-1
14,282,1629.13,547.02,90.93,205.95,1,-1,-1,-1
15,281,948.62,551.55,96.33,208.18,1,-1,-1,-1
15,282,1628.34,554.73,90.99,207.14,1,-1,-1,-1
16,281,949.44,559.18,96.69,208.93,1,-1,-1,-1
16,282,1625.07,566.15,90.18,204.51,1,-1,-1,-1
17,281,953.00,565.98,97.18,210.70,1,-1,-1,-1
17,282,1622.44,571.81,91.13,206.70,1,-1,-1,-1
18,281,955.14,574.38,97.40,210.49,1,-1,-1,-1
18,282,1620.68,577.71,92.17,209.45,1,-1,-1,-1
19,281,956.85,582.90,96.71,209.52,1,-1,-1,-1
19,282,1617.04,586.59,91.11,207.33,1,-1,-1,-1
20,281,957.74,591.59,96.64,208.62,1,-1,-1,-1
20,282,1615.80,597.84,90.26,205.14,1,-1,-1,-1
21,281,961.42,599.45,96.14,208.55,1,-1,-1,-1
21,282,1613.62,603.11,91.78,207.44,1,-1,-1,-1
22,281,963.46,606.86,96.10,209.43,1,-1,-1,-1
22,282,1612.40,609.15,92.80,209.52,1,-1,-1,-1
23,281,964.75,614.60,95.84,209.13,1,-1,-1,-1
23,282,1611.60,616.14,93.05,209.81,1,-1,-1,-1
24,281,965.72,621.83,96.01,210.49,1,-1,-1,-1
24,282,1608.01,624.26,92.53,208.52,1,-1,-1,-1
25,281,966.08,629.41,96.33,211.15,1,-1,-1,-1
25,282,1606.02,631.81,92.61,208.60,1,-1,-1,-1
26,281,969.08,632.05,98.32,214.68,1,-1,-1,-1
26,282,1604.35,637.90,93.37,210.81,1,-1,-1,-1
27,281,971.42,639.85,98.11,212.47,1,-1,-1,-1
27,282,1603.34,645.48,93.52,211.30,1,-1,-1,-1
28,281,975.99,647.34,97.96,211.74,1,-1,-1,-1
28,282,1599.72,653.07,93.16,210.85,1,-1,-1,-1
29,281,978.29,655.82,96.83,210.66,1,-1,-1,-1
29,282,1597.05,657.17,94.08,212.96,1,-1,-1,-1
30,281,979.87,662.57,96.57,210.47,1,-1,-1,-1
30,282,1595.39,663.58,94.62,213.76,1,-1,-1,-1
31,281,980.89,669.09,96.93,211.92,1,-1,-1,-1
31,282,1594.47,669.62,95.05,214.60,1,-1,-1,-1
32,281,981.51,676.62,96.83,211.79,1,-1,-1,-1
32,282,1591.02,677.65,94.08,212.02,1,-1,-1,-1
33,281,984.08,679.48,99.00,215.56,1,-1,-1,-1
33,282,1588.77,684.89,94.26,211.99,1,-1,-1,-1
34,281,986.32,686.94,98.38,213.49,1,-1,-1,-1
34,282,1587.62,691.94,94.04,211.98,1,-1,-1,-1
35,281,988.09,693.28,97.96,212.83,1,-1,-1,-1
35,282,1583.55,696.44,93.99,212.08,1,-1,-1,-1
36,281,988.90,700.48,98.16,212.65,1,-1,-1,-1
36,282,1581.24,701.61,94.75,213.00,1,-1,-1,-1
37,281,992.70,705.09,97.84,212.02,1,-1,-1,-1
37,282,1580.36,708.11,94.40,212.49,1,-1,-1,-1
38,281,994.28,710.74,98.32,212.39,1,-1,-1,-1
38,282,1579.28,712.07,94.82,213.31,1,-1,-1,-1
39,281,995.75,716.34,98.48,213.51,1,-1,-1,-1
39,282,1578.21,716.48,95.79,214.82,1,-1,-1,-1
40,281,999.33,719.05,99.26,216.37,1,-1,-1,-1
40,282,1574.65,720.74,95.24,213.87,1,-1,-1,-1
41,281,1001.28,724.01,99.25,216.88,1,-1,-1,-1
41,282,1571.93,725.11,96.16,215.17,1,-1,-1,-1
42,281,1002.68,726.83,98.91,217.18,1,-1,-1,-1
42,282,1571.05,732.08,95.23,213.12,1,-1,-1,-1
43,281,1004.27,733.63,98.09,214.97,1,-1,-1,-1
43,282,1570.28,735.78,95.01,213.59,1,-1,-1,-1
44,281,1006.13,740.87,95.99,211.10,1,-1,-1,-1
44,282,1567.33,741.62,93.55,211.13,1,-1,-1,-1
45,281,1010.02,743.79,96.23,211.50,1,-1,-1,-1
45,282,1565.50,745.30,93.11,211.03,1,-1,-1,-1
46,281,1011.06,744.37,97.82,214.53,1,-1,-1,-1
46,282,1564.87,749.76,92.53,210.82,1,-1,-1,-1
47,281,1012.87,749.36,97.30,213.87,1,-1,-1,-1
47,282,1563.85,752.47,92.59,212.12,1,-1,-1,-1
48,281,1013.74,752.12,96.88,213.53,1,-1,-1,-1
48,282,1560.71,757.29,91.16,210.18,1,-1,-1,-1
49,281,1017.42,756.02,97.35,214.89,1,-1,-1,-1
49,282,1558.43,760.06,91.54,211.15,1,-1,-1,-1
50,281,1019.26,759.31,97.42,214.19,1,-1,-1,-1
50,282,1557.70,764.91,90.61,209.93,1,-1,-1,-1
51,281,1020.81,764.65,96.53,211.84,1,-1,-1,-1
51,282,1556.70,766.81,90.92,211.08,1,-1,-1,-1
52,281,1022.32,767.86,95.55,210.32,1,-1,-1,-1
52,282,1553.32,768.53,90.42,211.21,1,-1,-1,-1
53,281,1026.52,769.54,94.71,209.58,1,-1,-1,-1
53,282,1551.48,769.82,90.13,210.91,1,-1,-1,-1
54,281,1028.87,770.86,93.90,208.95,1,-1,-1,-1
54,282,1549.63,772.66,90.91,212.10,1,-1,-1,-1
55,281,1030.32,775.20,93.15,208.03,1,-1,-1,-1
55,282,1548.43,774.14,91.23,212.67,1,-1,-1,-1
56,281,1034.12,776.09,94.39,210.29,1,-1,-1,-1
56,282,1545.35,776.51,89.86,210.29,1,-1,-1,-1
57,281,1036.13,776.62,93.92,210.40,1,-1,-1,-1
57,282,1543.38,777.40,89.92,211.21,1,-1,-1,-1
58,281,1037.31,777.66,93.98,210.10,1,-1,-1,-1
58,282,1542.24,778.15,89.44,211.01,1,-1,-1,-1
59,281,1037.70,779.87,95.18,212.05,1,-1,-1,-1
59,282,1540.82,779.44,90.85,213.61,1,-1,-1,-1
60,281,1038.91,781.49,94.66,211.05,1,-1,-1,-1
60,282,1540.74,781.31,90.28,213.17,1,-1,-1,-1
61,281,1042.63,781.54,94.70,212.03,1,-1,-1,-1
61,282,1537.03,782.23,89.87,212.84,1,-1,-1,-1
62,281,1044.74,780.94,94.80,213.06,1,-1,-1,-1
62,282,1534.94,782.05,90.01,213.30,1,-1,-1,-1
63,281,1045.76,779.87,95.17,214.84,1,-1,-1,-1
63,282,1533.71,781.56,90.18,213.74,1,-1,-1,-1
64,281,1046.43,779.58,95.36,215.69,1,-1,-1,-1
64,282,1529.60,782.15,89.94,212.35,1,-1,-1,-1
65,281,1050.13,780.24,95.27,214.53,1,-1,-1,-1
65,282,1527.25,781.93,90.29,212.72,1,-1,-1,-1
66,281,1052.06,776.30,95.52,215.86,1,-1,-1,-1
66,282,1526.00,781.53,90.42,213.42,1,-1,-1,-1
67,281,1053.39,779.47,95.08,213.31,1,-1,-1,-1
67,282,1521.19,780.94,90.96,213.52,1,-1,-1,-1
68,281,1057.97,777.75,94.06,211.46,1,-1,-1,-1
68,282,1518.88,779.73,91.76,214.19,1,-1,-1,-1
69,281,1059.90,777.02,93.85,211.13,1,-1,-1,-1
69,282,1517.87,777.11,91.56,214.03,1,-1,-1,-1
70,281,1061.19,776.54,93.89,210.48,1,-1,-1,-1
70,282,1516.48,775.27,92.31,214.91,1,-1,-1,-1
71,281,1062.08,775.46,93.86,210.42,1,-1,-1,-1
71,282,1515.65,773.33,92.92,215.53,1,-1,-1,-1
72,281,1062.90,775.41,93.93,209.76,1,-1,-1,-1
72,282,1511.97,773.19,92.48,213.67,1,-1,-1,-1
73,281,1065.94,772.80,95.62,212.90,1,-1,-1,-1
73,282,1510.13,771.89,92.41,213.55,1,-1,-1,-1
74,281,1067.57,767.89,96.24,214.30,1,-1,-1,-1
74,282,1509.39,768.98,91.60,212.64,1,-1,-1,-1
75,281,1068.61,765.92,96.93,214.55,1,-1,-1,-1
75,282,1507.94,765.70,92.92,214.80,1,-1,-1,-1
76,281,1069.65,760.82,96.52,214.71,1,-1,-1,-1
76,282,1504.97,765.41,91.33,211.95,1,-1,-1,-1
77,281,1073.66,758.35,96.32,214.74,1,-1,-1,-1
77,282,1502.64,761.82,91.45,212.08,1,-1,-1,-1
78,281,1075.52,756.06,96.54,215.08,1,-1,-1,-1
78,282,1501.70,758.98,91.39,212.32,1,-1,-1,-1
79,281,1077.02,751.60,96.22,215.05,1,-1,-1,-1
79,282,1500.50,753.97,91.43,212.72,1,-1,-1,-1
80,281,1077.93,749.13,96.39,214.73,1,-1,-1,-1
80,282,1497.48,752.39,89.93,210.61,1,-1,-1,-1
81,281,1081.17,743.00,97.04,216.71,1,-1,-1,-1
81,282,1495.49,749.83,89.75,210.51,1,-1,-1,-1
82,281,1083.47,740.80,97.07,215.53,1,-1,-1,-1
82,282,1493.38,744.90,90.95,211.75,1,-1,-1,-1
83,281,1084.89,739.55,96.61,213.13,1,-1,-1,-1
83,282,1489.23,742.18,90.67,209.98,1,-1,-1,-1
84,281,1088.71,735.55,96.86,212.67,1,-1,-1,-1
84,282,1487.19,737.50,91.10,210.22,1,-1,-1,-1
85,281,1090.63,732.40,97.22,212.93,1,-1,-1,-1
85,282,1486.07,733.84,91.20,210.81,1,-1,-1,-1
86,281,1091.67,726.32,97.36,213.55,1,-1,-1,-1
86,282,1485.49,728.25,91.06,211.63,1,-1,-1,-1
87,281,1093.20,720.43,96.67,213.28,1,-1,-1,-1
87,282,1484.67,721.62,91.15,212.93,1,-1,-1,-1
88,281,1093.86,716.37,96.49,212.98,1,-1,-1,-1
88,282,1480.35,716.73,91.65,212.98,1,-1,-1,-1
89,281,1097.59,710.57,96.38,213.48,1,-1,-1,-1
89,282,1478.38,711.77,91.51,212.58,1,-1,-1,-1
90,281,1099.59,704.59,96.46,213.07,1,-1,-1,-1
90,282,1477.26,707.56,91.47,212.99,1,-1,-1,-1
91,281,1100.64,699.49,96.53,214.03,1,-1,-1,-1
91,282,1476.26,701.07,92.11,214.35,1,-1,-1,-1
92,281,1104.70,692.72,96.87,214.43,1,-1,-1,-1
92,282,1472.64,695.76,91.38,212.86,1,-1,-1,-1
93,281,1106.91,687.00,96.23,212.66,1,-1,-1,-1
93,282,1471.26,689.23,90.80,212.81,1,-1,-1,-1
94,281,1108.17,680.16,96.11,213.40,1,-1,-1,-1
94,282,1470.27,684.49,90.39,212.45,1,-1,-1,-1
95,281,1109.40,675.83,95.66,212.87,1,-1,-1,-1
95,282,1469.85,678.37,89.74,211.56,1,-1,-1,-1
96,281,1112.88,668.38,96.82,214.67,1,-1,-1,-1
96,282,1465.28,671.19,90.35,211.84,1,-1,-1,-1
97,281,1114.74,661.55,96.62,213.98,1,-1,-1,-1
97,282,1463.06,664.48,90.75,211.93,1,-1,-1,-1
98,281,1116.00,655.02,96.49,212.95,1,-1,-1,-1
98,282,1461.09,656.49,91.72,212.97,1,-1,-1,-1
99,281,1117.54,647.82,95.82,211.69,1,-1,-1,-1
99,282,1460.12,648.71,92.33,213.26,1,-1,-1,-1
100,281,1121.61,641.50,94.80,209.55,1,-1,-1,-1
100,282,1456.58,645.37,91.44,209.85,1,-1,-1,-1
101,281,1123.01,635.99,95.87,211.39,1,-1,-1,-1
101,282,1453.71,637.19,93.00,212.04,1,-1,-1,-1
102,281,1124.28,629.44,95.67,211.35,1,-1,-1,-1
102,282,1453.20,630.91,91.88,210.26,1,-1,-1,-1
103,281,1125.64,622.25,95.28,211.36,1,-1,-1,-1
103,282,1452.12,622.78,92.58,211.30,1,-1,-1,-1
104,281,1126.59,615.64,94.45,209.26,1,-1,-1,-1
104,282,1448.45,615.86,91.81,209.44,1,-1,-1,-1
105,281,1129.85,606.91,95.41,210.80,1,-1,-1,-1
105,282,1446.90,608.71,90.69,208.00,1,-1,-1,-1
106,281,1131.75,598.94,95.11,210.77,1,-1,-1,-1
106,282,1445.63,600.66,90.92,209.11,1,-1,-1,-1
107,281,1133.21,591.58,94.78,209.12,1,-1,-1,-1
107,282,1440.87,593.61,90.86,207.57,1,-1,-1,-1
108,281,1135.11,584.88,93.28,206.08,1,-1,-1,-1
108,282,1438.57,586.08,91.07,207.12,1,-1,-1,-1
109,281,1138.72,577.00,93.62,206.07,1,-1,-1,-1
109,282,1438.24,578.88,89.91,205.98,1,-1,-1,-1
110,281,1139.76,568.29,94.42,206.87,1,-1,-1,-1
110,282,1436.79,570.06,90.96,207.47,1,-1,-1,-1
111,281,1141.03,559.58,94.66,208.24,1,-1,-1,-1
111,282,1432.78,562.28,90.57,206.35,1,-1,-1,-1
112,281,1142.90,552.82,93.33,206.07,1,-1,-1,-1
112,282,1431.45,555.14,89.64,205.40,1,-1,-1,-1
113,281,1144.08,544.80,92.57,205.49,1,-1,-1,-1
113,282,1429.94,546.07,90.20,206.74,1,-1,-1,-1
114,281,1147.64,535.79,92.83,206.92,1,-1,-1,-1
114,282,1428.80,537.04,90.98,208.43,1,-1,-1,-1
115,281,1149.46,528.00,92.66,206.64,1,-1,-1,-1
115,282,1424.77,528.99,90.71,208.23,1,-1,-1,-1
116,281,1151.08,520.81,91.98,204.80,1,-1,-1,-1
116,282,1423.24,521.49,90.04,207.80,1,-1,-1,-1
117,281,1151.96,512.99,92.02,204.50,1,-1,-1,-1
117,282,1422.35,513.31,89.86,206.91,1,-1,-1,-1
118,281,1155.33,500.63,92.56,205.69,1,-1,-1,-1
118,282,1420.67,503.56,91.41,209.13,1,-1,-1,-1
119,281,1156.73,494.17,93.26,206.76,1,-1,-1,-1
119,282,1419.84,495.20,91.94,209.62,1,-1,-1,-1
120,281,1157.28,486.72,94.04,206.73,1,-1,-1,-1
120,282,1416.52,487.72,90.86,207.42,1,-1,-1,-1
121,281,1158.01,475.16,94.73,206.92,1,-1,-1,-1
121,282,1414.20,478.71,91.29,207.68,1,-1,-1,-1
122,281,1162.37,466.29,94.59,205.57,1,-1,-1,-1
122,282,1412.79,471.13,91.51,207.31,1,-1,-1,-1
123,281,1164.93,458.77,93.59,204.16,1,-1,-1,-1
123,282,1409.21,464.94,90.39,204.02,1,-1,-1,-1
124,281,1166.96,451.32,92.60,202.50,1,-1,-1,-1
124,282,1408.11,457.50,89.21,202.41,1,-1,-1,-1
125,281,1167.60,443.49,92.69,202.16,1,-1,-1,-1
125,282,1405.78,445.73,90.04,204.18,1,-1,-1,-1
126,281,1171.41,435.26,92.43,202.08,1,-1,-1,-1
126,282,1404.80,435.92,90.49,205.31,1,-1,-1,-1
127,281,1173.66,427.65,91.95,200.97,1,-1,-1,-1
127,282,1401.61,428.05,89.53,204.45,1,-1,-1,-1
128,281,1174.99,418.92,92.46,200.91,1,-1,-1,-1
128,282,1399.09,418.42,89.86,205.47,1,-1,-1,-1
129,281,1175.52,410.92,92.56,200.68,1,-1,-1,-1
129,282,1397.56,409.16,90.31,206.42,1,-1,-1,-1
130,281,1179.77,398.77,91.70,200.16,1,-1,-1,-1
130,282,1394.11,401.14,89.04,204.49,1,-1,-1,-1
131,281,1182.31,389.91,90.49,198.77,1,-1,-1,-1
131,282,1391.78,392.08,89.60,205.26,1,-1,-1,-1
132,281,1184.25,382.31,89.10,196.39,1,-1,-1,-1
132,282,1390.35,383.04,89.92,206.18,1,-1,-1,-1
133,281,1185.33,373.43,89.36,196.82,1,-1,-1,-1
133,282,1389.03,371.80,90.64,207.41,1,-1,-1,-1
134,281,1188.73,364.26,89.32,198.44,1,-1,-1,-1
134,282,1384.31,362.24,91.82,208.26,1,-1,-1,-1
135,281,1190.86,355.81,89.02,199.41,1,-1,-1,-1
135,282,1383.40,353.99,90.99,206.78,1,-1,-1,-1
136,281,1192.33,347.40,88.70,199.01,1,-1,-1,-1
136,282,1381.24,344.47,92.57,209.25,1,-1,-1,-1
137,281,1194.22,339.75,88.02,198.19,1,-1,-1,-1
137,282,1379.89,335.91,93.42,210.17,1,-1,-1,-1
138,281,1197.45,331.90,87.55,198.54,1,-1,-1,-1
138,282,1376.09,328.57,92.72,209.39,1,-1,-1,-1
139,281,1199.30,323.28,87.30,198.83,1,-1,-1,-1
139,282,1374.17,320.93,92.32,207.41,1,-1,-1,-1
140,281,1200.41,314.97,87.58,199.24,1,-1,-1,-1
140,282,1372.98,312.64,92.61,208.40,1,-1,-1,-1
141,281,1201.69,307.01,87.24,200.29,1,-1,-1,-1
141,282,1371.99,303.82,93.36,210.26,1,-1,-1,-1
142,281,1203.16,299.99,86.54,200.55,1,-1,-1,-1
142,282,1367.78,296.63,93.49,209.37,1,-1,-1,-1
143,281,1206.06,292.16,86.09,200.89,1,-1,-1,-1
143,282,1365.93,287.67,93.98,210.67,1,-1,-1,-1
144,281,1207.64,284.14,85.89,201.86,1,-1,-1,-1
144,282,1365.06,280.89,93.24,209.42,1,-1,-1,-1
145,281,1209.20,275.68,85.72,202.45,1,-1,-1,-1
145,282,1364.08,272.75,93.26,210.15,1,-1,-1,-1
146,281,1211.10,268.05,85.05,201.34,1,-1,-1,-1
146,282,1363.16,264.32,93.36,210.92,1,-1,-1,-1
147,281,1214.75,260.44,83.91,201.11,1,-1,-1,-1
147,282,1359.73,256.60,92.64,209.17,1,-1,-1,-1
148,281,1216.84,252.77,84.04,201.13,1,-1,-1,-1
148,282,1358.60,248.40,92.26,210.24,1,-1,-1,-1
149,281,1218.34,244.12,84.22,202.08,1,-1,-1,-1
149,282,1357.60,240.31,92.06,210.96,1,-1,-1,-1
150,281,1219.80,236.22,84.06,202.74,1,-1,-1,-1
150,282,1356.90,232.42,91.88,211.66,1,-1,-1,-1
151,281,1223.78,232.04,82.87,200.79,1,-1,-1,-1
151,282,1356.62,226.77,91.34,211.49,1,-1,-1,-1
152,281,1225.25,224.93,83.42,202.04,1,-1,-1,-1
152,282,1353.21,221.01,90.35,210.34,1,-1,-1,-1
153,281,1226.57,218.48,82.98,200.92,1,-1,-1,-1
153,282,1351.01,213.52,89.85,210.55,1,-1,-1,-1
154,281,1228.41,211.48,82.56,200.21,1,-1,-1,-1
154,282,1349.78,206.54,88.96,210.05,1,-1,-1,-1
155,281,1229.44,204.51,82.33,200.15,1,-1,-1,-1
155,282,1350.04,200.58,86.97,208.45,1,-1,-1,-1
156,281,1233.02,196.42,83.02,201.33,1,-1,-1,-1
156,282,1345.36,192.35,87.80,210.51,1,-1,-1,-1
157,281,1235.11,192.47,82.54,201.00,1,-1,-1,-1
157,282,1344.01,186.03,86.66,209.00,1,-1,-1,-1
158,281,1236.94,186.48,81.81,199.88,1,-1,-1,-1
158,282,1342.97,180.47,86.84,210.01,1,-1,-1,-1
159,281,1237.65,179.28,81.85,200.84,1,-1,-1,-1
159,282,1342.41,173.71,86.75,210.77,1,-1,-1,-1
160,281,1240.76,172.08,81.98,201.89,1,-1,-1,-1
160,282,1338.67,168.47,86.35,209.69,1,-1,-1,-1
161,281,1243.61,165.28,81.74,199.64,1,-1,-1,-1
161,282,1337.14,162.31,85.37,207.84,1,-1,-1,-1
162,281,1244.26,160.39,82.67,201.47,1,-1,-1,-1
162,282,1335.87,156.36,86.11,209.53,1,-1,-1,-1
163,281,1248.03,156.17,81.86,199.71,1,-1,-1,-1
163,282,1332.51,153.04,84.68,206.55,1,-1,-1,-1
164,281,1250.13,149.89,81.79,199.50,1,-1,-1,-1
164,282,1331.28,147.52,83.60,205.60,1,-1,-1,-1
165,281,1251.92,146.26,81.65,199.07,1,-1,-1,-1
165,282,1331.29,144.29,82.10,204.16,1,-1,-1,-1
166,281,1253.72,142.26,80.07,196.14,1,-1,-1,-1
166,282,1330.13,139.29,81.23,203.63,1,-1,-1,-1
167,281,1257.38,139.63,79.64,195.01,1,-1,-1,-1
167,282,1329.20,135.04,81.09,205.01,1,-1,-1,-1
168,281,1258.55,133.16,80.83,197.55,1,-1,-1,-1
168,282,1326.11,130.18,80.09,204.64,1,-1,-1,-1
169,281,1259.49,129.86,81.23,198.50,1,-1,-1,-1
169,282,1324.46,126.94,79.33,204.60,1,-1,-1,-1
170,281,1260.39,126.32,80.15,196.03,1,-1,-1,-1
170,282,1323.57,123.57,77.83,203.16,1,-1,-1,-1
171,281,1261.69,124.27,79.32,195.67,1,-1,-1,-1
171,282,1320.55,121.39,76.77,201.11,1,-1,-1,-1
172,281,1262.26,122.80,78.40,194.89,1,-1,-1,-1
172,282,1319.30,117.44,76.17,201.46,1,-1,-1,-1
173,281,1262.38,119.12,76.52,193.35,1,-1,-1,-1
173,282,1318.01,114.27,76.20,201.33,1,-1,-1,-1
174,281,1263.84,114.40,73.70,189.34,1,-1,-1,-1
174,282,1316.83,110.33,75.52,200.13,1,-1,-1,-1
175,281,1264.80,113.84,70.73,184.78,1,-1,-1,-1
175,282,1313.26,107.57,75.66,199.85,1,-1,-1,-1
176,281,1264.18,106.68,70.81,187.83,1,-1,-1,-1
176,282,1309.65,104.81,76.90,201.64,1,-1,-1,-1
177,281,1266.60,101.65,67.81,181.45,1,-1,-1,-1
177,282,1307.29,100.38,77.60,203.08,1,-1,-1,-1
178,281,1268.03,97.13,65.23,175.64,1,-1,-1,-1
178,282,1303.44,98.03,77.90,203.55,1,-1,-1,-1
179,281,1268.10,97.76,62.58,170.47,1,-1,-1,-1
179,282,1301.31,96.86,78.07,202.46,1,-1,-1,-1
180,281,1269.78,100.39,59.23,163.35,1,-1,-1,-1
180,282,1300.74,96.57,77.16,200.18,1,-1,-1,-1
181,281,1271.35,101.17,57.88,160.65,1,-1,-1,-1
181,282,1299.52,93.08,77.23,201.26,1,-1,-1,-1
182,282,1296.23,91.28,76.91,199.99,1,-1,-1,-1
183,282,1293.85,90.44,77.48,200.18,1,-1,-1,-1
184,282,1291.14,87.27,79.89,204.50,1,-1,-1,-1
185,282,1291.11,88.72,78.03,201.01,1,-1,-1,-1
186,282,1286.09,86.46,80.40,204.54,1,-1,-1,-1
187,282,1285.72,88.73,78.38,200.52,1,-1,-1,-1
188,282,1283.18,84.55,80.32,204.48,1,-1,-1,-1
189,282,1281.38,83.04,81.36,206.06,1,-1,-1,-1
190,282,1280.40,84.31,82.06,207.18,1,-1,-1,-1
191,282,1277.04,83.35,81.64,206.51,1,-1,-1,-1
192,282,1275.40,85.87,81.33,206.04,1,-1,-1,-1
193,282,1273.96,86.89,81.23,206.73,1,-1,-1,-1
194,282,1273.18,88.64,80.91,206.43,1,-1,-1,-1
195,282,1270.56,90.39,79.71,205.37,1,-1,-1,-1
195,281,1342.01,89.82,69.73,201.12,1,-1,-1,-1
196,282,1269.04,94.25,78.72,204.04,1,-1,-1,-1
196,281,1345.23,91.62,67.79,201.08,1,-1,-1,-1
197,282,1267.36,95.63,78.77,204.52,1,-1,-1,-1
197,281,1347.02,95.74,66.28,201.16,1,-1,-1,-1
198,282,1265.93,96.60,79.17,205.21,1,-1,-1,-1
198,281,1348.35,98.47,65.20,200.29,1,-1,-1,-1
199,282,1263.21,98.74,78.49,204.34,1,-1,-1,-1
199,281,1346.34,101.74,63.50,196.78,1,-1,-1,-1
200,282,1261.40,103.18,77.77,202.09,1,-1,-1,-1
200,281,1347.81,102.86,63.12,196.80,1,-1,-1,-1
201,282,1260.29,105.79,77.17,202.12,1,-1,-1,-1
201,281,1345.33,107.87,63.64,197.08,1,-1,-1,-1
202,282,1255.92,107.11,77.80,203.24,1,-1,-1,-1
202,281,1347.82,108.60,64.64,198.44,1,-1,-1,-1
203,282,1253.49,110.31,78.59,204.31,1,-1,-1,-1
203,281,1347.72,109.56,65.61,199.43,1,-1,-1,-1
204,282,1251.92,112.63,79.40,205.59,1,-1,-1,-1
204,281,1346.82,113.29,66.78,201.16,1,-1,-1,-1
205,282,1252.32,116.47,77.58,203.37,1,-1,-1,-1
205,281,1345.99,119.39,68.23,200.77,1,-1,-1,-1
206,282,1251.16,120.64,77.51,204.24,1,-1,-1,-1
206,281,1344.21,122.91,70.52,202.10,1,-1,-1,-1
207,282,1248.00,124.15,77.12,203.91,1,-1,-1,-1
207,281,1343.85,128.24,71.20,201.23,1,-1,-1,-1
208,282,1246.61,129.02,76.62,203.17,1,-1,-1,-1
208,281,1343.48,130.57,72.85,203.47,1,-1,-1,-1
209,282,1244.48,131.85,77.10,204.08,1,-1,-1,-1
209,281,1343.85,132.18,74.28,203.95,1,-1,-1,-1
210,282,1242.96,136.36,77.59,204.99,1,-1,-1,-1
210,281,1344.64,137.25,75.16,203.23,1,-1,-1,-1
211,282,1239.04,139.09,78.35,206.58,1,-1,-1,-1
211,281,1347.33,140.20,76.74,203.09,1,-1,-1,-1
212,282,1238.64,146.58,76.18,202.07,1,-1,-1,-1
212,281,1349.71,146.90,76.60,202.00,1,-1,-1,-1
213,282,1238.09,153.16,75.25,201.03,1,-1,-1,-1
213,281,1351.61,152.90,76.50,200.18,1,-1,-1,-1
214,282,1232.95,156.78,76.33,202.82,1,-1,-1,-1
214,281,1352.25,157.80,76.36,199.36,1,-1,-1,-1
215,282,1230.40,160.75,77.09,203.95,1,-1,-1,-1
215,281,1354.52,161.92,77.88,201.35,1,-1,-1,-1
216,282,1229.01,167.02,76.89,203.93,1,-1,-1,-1
216,281,1356.56,168.61,78.31,200.76,1,-1,-1,-1
217,282,1226.68,170.41,78.32,206.90,1,-1,-1,-1
217,281,1357.77,171.72,79.49,202.21,1,-1,-1,-1
218,282,1223.30,175.86,78.21,206.18,1,-1,-1,-1
218,281,1360.56,176.09,81.27,204.87,1,-1,-1,-1
219,282,1221.76,182.87,77.92,205.61,1,-1,-1,-1
219,281,1362.53,182.47,81.75,205.60,1,-1,-1,-1
220,282,1220.55,189.22,78.38,206.98,1,-1,-1,-1
220,281,1363.86,190.10,82.30,205.07,1,-1,-1,-1
221,282,1218.90,194.21,78.79,207.87,1,-1,-1,-1
221,281,1364.85,195.57,81.98,203.47,1,-1,-1,-1
222,282,1218.02,200.12,79.01,208.48,1,-1,-1,-1
222,281,1365.16,201.83,82.56,203.22,1,-1,-1,-1
223,282,1214.11,206.47,79.54,208.66,1,-1,-1,-1
223,281,1367.70,208.77,83.46,204.41,1,-1,-1,-1
224,282,1212.79,214.47,78.77,206.77,1,-1,-1,-1
224,281,1369.57,215.68,83.76,204.74,1,-1,-1,-1
225,282,1211.41,221.66,79.33,208.15,1,-1,-1,-1
225,281,1370.74,222.89,84.23,205.32,1,-1,-1,-1
226,282,1209.58,228.00,80.79,210.49,1,-1,-1,-1
226,281,1371.93,230.66,84.49,204.92,1,-1,-1,-1
227,282,1206.61,234.80,79.68,208.26,1,-1,-1,-1
227,281,1374.49,234.13,86.00,207.10,1,-1,-1,-1
228,282,1205.00,241.99,79.27,207.63,1,-1,-1,-1
228,281,1376.58,240.58,86.37,206.42,1,-1,-1,-1
229,282,1203.34,249.95,78.98,207.24,1,-1,-1,-1
229,281,1377.90,249.31,85.74,203.85,1,-1,-1,-1
230,282,1203.00,258.89,77.93,204.53,1,-1,-1,-1
230,281,1378.87,258.06,85.80,202.63,1,-1,-1,-1
231,282,1200.20,267.44,77.19,202.97,1,-1,-1,-1
231,281,1379.28,266.17,86.40,202.36,1,-1,-1,-1
232,282,1198.18,275.91,77.17,202.93,1,-1,-1,-1
232,281,1382.11,273.64,87.32,203.17,1,-1,-1,-1
233,282,1195.72,284.03,77.94,203.12,1,-1,-1,-1
233,281,1384.37,282.36,87.19,202.28,1,-1,-1,-1
234,282,1194.39,290.87,78.34,204.18,1,-1,-1,-1
234,281,1385.56,290.08,87.84,203.02,1,-1,-1,-1
235,282,1191.81,300.01,77.66,203.14,1,-1,-1,-1
235,281,1389.81,298.84,87.29,202.38,1,-1,-1,-1
236,282,1189.09,306.99,78.56,204.46,1,-1,-1,-1
236,281,1391.83,305.47,87.42,203.35,1,-1,-1,-1
237,282,1187.42,315.00,79.11,204.39,1,-1,-1,-1
237,281,1393.65,314.26,86.60,201.12,1,-1,-1,-1
238,282,1185.96,323.02,79.58,203.96,1,-1,-1,-1
238,281,1395.26,322.67,86.19,199.86,1,-1,-1,-1
239,282,1181.88,331.43,79.99,203.38,1,-1,-1,-1
239,281,1398.32,330.87,86.29,200.67,1,-1,-1,-1
240,282,1179.40,338.58,81.06,204.25,1,-1,-1,-1
240,281,1399.68,337.77,87.14,202.91,1,-1,-1,-1
241,282,1178.06,346.38,81.69,204.91,1,-1,-1,-1
241,281,1400.95,345.35,87.10,203.18,1,-1,-1,-1
242,282,1177.36,354.47,81.24,204.24,1,-1,-1,-1
242,281,1402.77,355.06,86.35,201.34,1,-1,-1,-1
243,282,1173.30,362.72,81.48,204.66,1,-1,-1,-1
243,281,1406.16,362.87,87.11,202.54,1,-1,-1,-1
244,282,1171.87,371.67,80.95,204.36,1,-1,-1,-1
244,281,1408.81,371.85,87.54,201.69,1,-1,-1,-1
245,282,1171.32,380.56,79.95,202.59,1,-1,-1,-1
245,281,1410.64,381.96,86.01,198.17,1,-1,-1,-1
246,282,1169.73,389.73,81.39,205.97,1,-1,-1,-1
246,281,1413.67,391.54,88.24,201.42,1,-1,-1,-1
247,282,1164.94,398.45,82.54,206.93,1,-1,-1,-1
247,281,1415.67,400.40,88.74,201.94,1,-1,-1,-1
248,282,1162.47,408.50,82.86,205.58,1,-1,-1,-1
248,281,1416.53,410.09,88.71,201.20,1,-1,-1,-1
249,282,1161.05,417.50,83.15,205.69,1,-1,-1,-1
249,281,1417.14,418.52,89.98,201.99,1,-1,-1,-1
250,282,1159.80,427.05,83.54,205.00,1,-1,-1,-1
250,281,1420.47,426.44,91.18,203.08,1,-1,-1,-1
