1,250,912.59,446.23,87.08,206.99,1,-1,-1,-1
2,250,926.23,457.21,87.11,207.45,1,-1,-1,-1
3,250,941.98,472.34,86.35,206.29,1,-1,-1,-1
3,251,892.99,466.07,73.15,191.90,1,-1,-1,-1
4,250,957.51,488.06,86.53,206.82,1,-1,-1,-1
4,251,886.51,472.84,76.55,200.42,1,-1,-1,-1
5,250,972.65,495.56,88.17,210.36,1,-1,-1,-1
5,251,871.40,490.08,78.81,205.55,1,-1,-1,-1
6,250,989.28,510.56,87.63,209.11,1,-1,-1,-1
6,251,855.54,509.13,79.29,205.74,1,-1,-1,-1
7,250,1001.01,521.88,87.67,208.64,1,-1,-1,-1
7,251,839.83,522.81,78.75,202.51,1,-1,-1,-1
8,250,1016.04,541.66,87.03,207.54,1,-1,-1,-1
8,251,823.92,533.13,79.32,202.60,1,-1,-1,-1
9,250,1031.75,558.97,86.98,207.48,1,-1,-1,-1
9,251,810.60,546.45,80.15,203.01,1,-1,-1,-1
10,250,1047.20,571.26,86.71,206.97,1,-1,-1,-1
10,251,795.20,565.59,81.50,204.81,1,-1,-1,-1
11,250,1062.62,585.43,87.35,207.82,1,-1,-1,-1
11,251,779.45,577.28,82.91,206.67,1,-1,-1,-1
12,250,1078.09,598.91,87.97,208.99,1,-1,-1,-1
12,251,763.43,591.58,84.37,208.77,1,-1,-1,-1
13,250,1093.54,607.01,88.93,210.77,1,-1,-1,-1
13,251,747.21,600.46,85.63,210.10,1,-1,-1,-1
14,250,1106.10,616.67,88.26,208.57,1,-1,-1,-1
14,251,731.52,614.08,86.31,209.44,1,-1,-1,-1
15,250,1120.52,631.95,88.18,208.16,1,-1,-1,-1
15,251,718.48,622.65,87.98,211.35,1,-1,-1,-1
16,250,1135.11,647.08,88.87,208.98,1,-1,-1,-1
16,251,704.08,636.26,88.85,211.67,1,-1,-1,-1
17,250,1150.02,651.67,89.10,209.56,1,-1,-1,-1
17,251,689.21,643.40,88.91,209.65,1,-1,-1,-1
18,250,1162.17,659.53,88.78,209.48,1,-1,-1,-1
18,251,676.62,654.71,90.03,210.94,1,-1,-1,-1
19,250,1175.89,670.31,89.52,211.51,1,-1,-1,-1
19,251,661.81,667.58,91.57,213.19,1,-1,-1,-1
20,250,1189.79,681.02,89.92,211.96,1,-1,-1,-1
20,251,647.33,682.49,91.50,212.56,1,-1,-1,-1
21,250,1201.29,686.63,90.36,212.88,1,-1,-1,-1
21,251,632.59,684.96,91.25,211.11,1,-1,-1,-1
22,250,1215.00,696.04,90.45,212.95,1,-1,-1,-1
22,251,619.44,694.17,93.40,215.10,1,-1,-1,-1
23,250,1229.01,707.94,91.02,213.91,1,-1,-1,-1
23,251,606.91,704.82,92.35,211.87,1,-1,-1,-1
24,250,1241.11,712.53,89.86,211.55,1,-1,-1,-1
24,251,595.17,705.90,93.01,212.51,1,-1,-1,-1
25,250,1253.69,712.65,90.64,213.59,1,-1,-1,-1
25,251,581.70,707.68,93.16,211.72,1,-1,-1,-1
26,250,1264.87,719.95,90.90,214.14,1,-1,-1,-1
26,251,570.81,717.84,93.69,211.79,1,-1,-1,-1
27,250,1278.10,730.31,90.64,213.61,1,-1,-1,-1
27,251,556.57,719.15,94.74,213.39,1,-1,-1,-1
28,250,1289.43,729.44,89.73,211.99,1,-1,-1,-1
28,251,546.28,722.95,93.65,210.73,1,-1,-1,-1
29,250,1302.27,734.27,89.71,211.83,1,-1,-1,-1
29,251,533.14,727.01,93.80,210.84,1,-1,-1,-1
30,250,1313.03,731.01,89.93,212.99,1,-1,-1,-1
30,251,521.68,732.07,95.38,214.12,1,-1,-1,-1
31,250,1325.27,733.25,90.62,215.02,1,-1,-1,-1
31,251,508.79,735.05,95.51,213.57,1,-1,-1,-1
32,250,1336.20,735.50,89.33,212.09,1,-1,-1,-1
32,251,499.05,737.35,95.52,213.15,1,-1,-1,-1
33,250,1345.53,731.02,89.29,211.98,1,-1,-1,-1
33,251,489.05,735.49,96.14,214.53,1,-1,-1,-1
34,250,1354.37,729.89,89.54,212.40,1,-1,-1,-1
34,251,477.67,730.96,95.44,212.87,1,-1,-1,-1
35,250,1365.70,722.54,90.23,214.51,1,-1,-1,-1
35,251,468.02,729.99,95.54,212.98,1,-1,-1,-1
36,250,1376.39,724.24,89.29,212.85,1,-1,-1,-1
36,251,458.22,728.85,95.94,214.07,1,-1,-1,-1
37,250,1385.21,719.93,89.03,212.93,1,-1,-1,-1
37,251,449.73,723.50,95.36,212.11,1,-1,-1,-1
38,250,1393.47,714.65,88.85,212.74,1,-1,-1,-1
38,251,441.18,715.36,95.41,212.30,1,-1,-1,-1
39,250,1402.35,717.21,88.19,211.51,1,-1,-1,-1
39,251,430.39,713.68,94.36,209.60,1,-1,-1,-1
40,250,1409.89,706.00,88.96,212.66,1,-1,-1,-1
40,251,421.10,713.36,94.52,209.79,1,-1,-1,-1
41,250,1417.81,699.14,88.88,212.21,1,-1,-1,-1
41,251,412.71,702.17,94.83,210.04,1,-1,-1,-1
42,250,1425.73,694.91,88.22,210.74,1,-1,-1,-1
42,251,404.09,700.64,95.91,212.03,1,-1,-1,-1
43,250,1433.66,687.50,88.26,210.56,1,-1,-1,-1
43,251,396.40,686.84,95.57,211.33,1,-1,-1,-1
44,250,1441.09,681.48,88.28,210.64,1,-1,-1,-1
44,251,388.59,679.90,95.15,210.66,1,-1,-1,-1
45,250,1448.18,672.22,88.56,211.48,1,-1,-1,-1
45,251,381.34,672.88,94.59,209.66,1,-1,-1,-1
46,250,1455.31,657.71,88.87,211.61,1,-1,-1,-1
46,251,375.88,662.84,96.03,212.55,1,-1,-1,-1
47,250,1459.43,644.91,88.75,210.14,1,-1,-1,-1
47,251,370.01,655.10,95.91,211.71,1,-1,-1,-1
48,250,1465.00,639.39,89.19,210.41,1,-1,-1,-1
48,251,363.39,646.89,96.07,211.20,1,-1,-1,-1
49,250,1471.10,630.20,90.38,211.78,1,-1,-1,-1
49,251,356.61,633.56,96.05,211.37,1,-1,-1,-1
50,250,1475.36,613.27,88.87,207.73,1,-1,-1,-1
50,251,352.87,623.44,96.82,212.83,1,-1,-1,-1
51,250,1480.21,601.61,89.67,208.78,1,-1,-1,-1
51,251,347.39,608.94,96.64,211.58,1,-1,-1,-1
52,250,1486.20,587.52,89.51,208.71,1,-1,-1,-1
52,251,343.90,592.81,97.54,212.53,1,-1,-1,-1
53,250,1489.91,572.73,88.62,207.48,1,-1,-1,-1
53,251,338.74,587.11,97.34,211.65,1,-1,-1,-1
54,250,1491.91,566.07,88.38,207.07,1,-1,-1,-1
54,251,336.40,566.77,97.19,210.65,1,-1,-1,-1
55,250,1495.37,549.41,89.15,208.84,1,-1,-1,-1
55,251,331.72,552.44,96.68,209.17,1,-1,-1,-1
56,250,1498.21,538.46,88.62,207.87,1,-1,-1,-1
56,251,328.91,541.76,97.47,210.15,1,-1,-1,-1
57,250,1499.71,528.93,87.74,205.52,1,-1,-1,-1
57,251,327.61,528.90,97.77,210.61,1,-1,-1,-1
58,250,1502.85,507.68,89.29,207.37,1,-1,-1,-1
58,251,323.61,514.23,97.88,210.39,1,-1,-1,-1
59,250,1504.89,496.78,89.04,206.20,1,-1,-1,-1
59,251,321.41,502.83,97.77,210.02,1,-1,-1,-1
60,250,1506.33,477.90,88.16,203.88,1,-1,-1,-1
60,251,320.49,483.35,98.21,210.72,1,-1,-1,-1
61,250,1506.77,466.20,87.60,201.78,1,-1,-1,-1
61,251,320.18,472.49,97.33,208.97,1,-1,-1,-1
62,250,1507.61,453.92,86.27,200.07,1,-1,-1,-1
62,251,320.28,452.96,96.74,207.61,1,-1,-1,-1
63,250,1506.67,438.41,87.13,202.23,1,-1,-1,-1
63,251,320.13,433.56,97.38,208.84,1,-1,-1,-1
64,250,1505.95,422.73,87.20,202.13,1,-1,-1,-1
64,251,319.85,421.13,98.04,209.83,1,-1,-1,-1
65,250,1505.65,408.84,87.50,202.16,1,-1,-1,-1
65,251,320.18,407.24,97.37,208.42,1,-1,-1,-1
66,250,1504.75,385.83,87.43,202.88,1,-1,-1,-1
66,251,320.86,387.44,96.78,207.40,1,-1,-1,-1
67,250,1504.23,371.96,87.32,203.32,1,-1,-1,-1
67,251,321.19,374.84,96.57,207.24,1,-1,-1,-1
68,250,1500.30,351.84,87.46,203.48,1,-1,-1,-1
68,251,321.77,364.07,96.81,208.49,1,-1,-1,-1
69,250,1498.55,342.28,87.67,204.17,1,-1,-1,-1
69,251,322.87,351.51,95.86,206.40,1,-1,-1,-1
70,250,1495.49,324.89,88.47,205.76,1,-1,-1,-1
70,251,324.23,338.48,95.38,206.39,1,-1,-1,-1
71,250,1491.49,317.41,88.70,206.33,1,-1,-1,-1
71,251,328.44,326.50,95.24,207.36,1,-1,-1,-1
72,250,1488.36,302.49,89.50,207.55,1,-1,-1,-1
72,251,330.78,308.08,94.74,206.78,1,-1,-1,-1
73,250,1486.44,287.15,89.77,207.81,1,-1,-1,-1
73,251,333.78,291.46,93.56,205.44,1,-1,-1,-1
74,250,1481.32,272.50,89.50,206.94,1,-1,-1,-1
74,251,337.94,280.21,92.68,205.02,1,-1,-1,-1
75,250,1475.86,261.70,88.97,206.23,1,-1,-1,-1
75,251,341.47,266.20,93.15,206.40,1,-1,-1,-1
76,250,1471.82,252.23,89.40,207.40,1,-1,-1,-1
76,251,347.85,255.44,91.91,203.55,1,-1,-1,-1
77,250,1466.03,238.11,90.28,209.59,1,-1,-1,-1
77,251,353.61,236.89,92.58,205.41,1,-1,-1,-1
78,250,1458.64,225.42,90.55,209.64,1,-1,-1,-1
78,251,358.48,230.51,91.64,204.10,1,-1,-1,-1
79,250,1455.17,213.82,90.08,209.97,1,-1,-1,-1
79,251,364.58,222.88,91.24,203.07,1,-1,-1,-1
80,250,1449.64,206.96,89.00,208.29,1,-1,-1,-1
80,251,370.49,213.86,92.28,205.06,1,-1,-1,-1
81,250,1442.06,194.28,88.68,208.19,1,-1,-1,-1
81,251,378.74,201.78,91.69,204.00,1,-1,-1,-1
82,250,1434.52,188.70,88.89,208.55,1,-1,-1,-1
82,251,383.64,189.09,90.99,202.35,1,-1,-1,-1
83,250,1426.79,171.43,88.69,207.57,1,-1,-1,-1
83,251,390.12,177.67,90.81,202.69,1,-1,-1,-1
84,250,1422.53,163.24,88.70,208.67,1,-1,-1,-1
84,251,398.35,173.97,90.46,202.17,1,-1,-1,-1
85,250,1415.90,155.62,88.13,208.80,1,-1,-1,-1
85,251,406.98,168.69,89.38,200.74,1,-1,-1,-1
86,250,1408.50,150.32,87.32,207.52,1,-1,-1,-1
86,251,415.10,156.28,89.19,200.12,1,-1,-1,-1
87,250,1400.36,146.34,87.51,208.42,1,-1,-1,-1
87,251,423.21,151.35,89.11,200.69,1,-1,-1,-1
88,250,1392.20,140.01,87.33,209.27,1,-1,-1,-1
88,251,432.11,149.64,88.72,200.51,1,-1,-1,-1
89,250,1381.28,135.43,85.40,205.52,1,-1,-1,-1
89,251,443.90,142.22,86.91,197.85,1,-1,-1,-1
90,250,1370.92,133.38,86.13,206.67,1,-1,-1,-1
90,251,449.95,146.15,88.13,200.83,1,-1,-1,-1
91,250,1362.07,129.57,85.17,205.24,1,-1,-1,-1
91,251,462.51,138.42,87.34,199.72,1,-1,-1,-1
92,250,1349.73,133.95,84.89,204.43,1,-1,-1,-1
92,251,472.89,133.58,86.16,198.23,1,-1,-1,-1
93,250,1340.32,128.65,84.61,204.30,1,-1,-1,-1
93,251,482.56,136.76,85.34,196.69,1,-1,-1,-1
94,250,1330.44,132.05,84.56,204.89,1,-1,-1,-1
94,251,494.94,132.77,84.56,196.48,1,-1,-1,-1
95,250,1321.14,128.85,84.21,205.18,1,-1,-1,-1
95,251,504.64,136.89,84.48,197.96,1,-1,-1,-1
96,250,1308.03,133.77,84.68,205.76,1,-1,-1,-1
96,251,517.19,134.43,84.24,197.55,1,-1,-1,-1
97,250,1297.27,132.72,85.11,207.10,1,-1,-1,-1
97,251,528.73,137.46,83.59,197.32,1,-1,-1,-1
98,250,1284.33,131.23,84.28,205.09,1,-1,-1,-1
98,251,538.19,141.97,85.15,200.58,1,-1,-1,-1
99,250,1273.91,141.20,84.10,204.90,1,-1,-1,-1
99,251,550.35,145.46,85.09,200.57,1,-1,-1,-1
100,250,1261.16,142.58,84.02,205.42,1,-1,-1,-1
100,251,561.84,150.83,84.77,200.41,1,-1,-1,-1
101,250,1249.87,149.13,84.22,206.10,1,-1,-1,-1
101,251,575.26,155.46,84.61,198.79,1,-1,-1,-1
102,250,1236.17,158.77,83.97,204.75,1,-1,-1,-1
102,251,586.51,161.48,84.78,199.37,1,-1,-1,-1
103,250,1224.74,158.35,84.89,207.10,1,-1,-1,-1
103,251,599.69,167.35,84.97,200.28,1,-1,-1,-1
104,250,1211.69,170.12,84.51,206.69,1,-1,-1,-1
104,251,613.45,170.41,85.42,201.73,1,-1,-1,-1
105,250,1200.17,179.65,84.99,207.82,1,-1,-1,-1
105,251,625.29,180.84,85.60,202.24,1,-1,-1,-1
106,250,1186.13,181.76,85.44,209.15,1,-1,-1,-1
106,251,638.83,180.65,85.26,202.00,1,-1,-1,-1
107,250,1171.34,188.40,85.48,209.19,1,-1,-1,-1
107,251,650.82,191.33,85.22,202.30,1,-1,-1,-1
108,250,1155.10,202.90,86.13,210.38,1,-1,-1,-1
108,251,664.32,203.10,86.90,205.28,1,-1,-1,-1
109,250,1140.04,208.25,85.91,209.36,1,-1,-1,-1
109,251,678.63,203.69,87.04,205.78,1,-1,-1,-1
110,250,1127.36,220.11,86.69,211.28,1,-1,-1,-1
110,251,693.60,220.00,86.35,203.60,1,-1,-1,-1
111,250,1113.44,232.40,86.78,211.17,1,-1,-1,-1
111,251,705.72,230.73,86.79,204.31,1,-1,-1,-1
112,250,1099.24,250.75,85.73,207.37,1,-1,-1,-1
112,251,720.33,245.01,85.60,202.14,1,-1,-1,-1
113,250,1083.02,257.67,86.65,206.97,1,-1,-1,-1
113,251,735.09,255.19,85.47,202.58,1,-1,-1,-1
114,250,1070.77,273.62,87.46,209.00,1,-1,-1,-1
114,251,750.43,271.39,85.06,202.08,1,-1,-1,-1
115,250,1056.29,282.58,87.22,208.43,1,-1,-1,-1
115,251,763.51,276.80,84.66,200.77,1,-1,-1,-1
116,250,1041.79,294.51,86.61,207.30,1,-1,-1,-1
116,251,778.59,293.66,84.41,201.69,1,-1,-1,-1
117,250,1026.39,312.78,86.93,207.90,1,-1,-1,-1
117,251,794.41,306.58,83.58,200.04,1,-1,-1,-1
118,250,1010.44,330.95,86.94,208.31,1,-1,-1,-1
118,251,810.06,325.59,83.53,199.89,1,-1,-1,-1
119,250,993.90,337.54,87.96,209.12,1,-1,-1,-1
119,251,824.76,338.09,84.86,202.89,1,-1,-1,-1
120,250,978.44,353.04,87.11,205.97,1,-1,-1,-1
120,251,840.12,354.42,84.44,201.65,1,-1,-1,-1
121,250,965.27,370.05,88.37,208.85,1,-1,-1,-1
121,251,856.19,370.61,83.64,199.98,1,-1,-1,-1
122,250,951.62,385.16,86.80,206.10,1,-1,-1,-1
122,251,872.38,385.99,82.84,197.73,1,-1,-1,-1
123,250,937.25,404.05,86.68,207.02,1,-1,-1,-1
123,251,883.72,397.84,81.27,195.43,1,-1,-1,-1
124,250,921.49,423.16,86.36,206.19,1,-1,-1,-1
125,250,905.88,432.55,86.71,206.25,1,-1,-1,-1
126,250,900.96,441.32,86.50,206.50,1,-1,-1,-1
127,250,889.52,451.08,85.76,206.27,1,-1,-1,-1
127,251,960.81,449.73,83.39,204.47,1,-1,-1,-1
128,250,875.52,465.86,84.73,205.65,1,-1,-1,-1
128,251,967.39,464.37,84.80,205.46,1,-1,-1,-1
129,250,863.38,480.68,84.87,207.29,1,-1,-1,-1
129,251,978.55,484.88,85.81,205.65,1,-1,-1,-1
130,250,845.55,491.31,85.01,206.26,1,-1,-1,-1
130,251,991.73,496.99,87.19,206.75,1,-1,-1,-1
131,250,831.24,507.77,85.92,207.82,1,-1,-1,-1
131,251,1006.64,510.61,88.01,207.38,1,-1,-1,-1
132,250,816.43,524.27,86.29,207.42,1,-1,-1,-1
132,251,1019.46,527.20,87.25,205.12,1,-1,-1,-1
133,250,800.98,535.98,86.91,207.61,1,-1,-1,-1
133,251,1036.49,537.61,88.58,206.65,1,-1,-1,-1
134,250,785.98,551.09,86.35,205.95,1,-1,-1,-1
134,251,1049.90,559.27,88.08,204.84,1,-1,-1,-1
135,250,769.53,557.68,87.12,207.46,1,-1,-1,-1
135,251,1064.36,570.43,89.00,206.15,1,-1,-1,-1
136,250,754.27,579.62,87.49,207.60,1,-1,-1,-1
136,251,1079.24,588.32,89.82,207.31,1,-1,-1,-1
137,250,741.66,592.79,88.61,210.62,1,-1,-1,-1
137,251,1094.47,596.19,90.32,207.29,1,-1,-1,-1
138,250,727.71,602.55,88.71,210.86,1,-1,-1,-1
138,251,1109.62,603.12,91.08,207.20,1,-1,-1,-1
139,250,712.28,618.36,90.16,212.69,1,-1,-1,-1
139,251,1124.12,621.00,93.02,209.80,1,-1,-1,-1
140,250,696.93,624.36,90.42,211.96,1,-1,-1,-1
140,251,1135.76,635.92,93.89,210.85,1,-1,-1,-1
141,250,684.86,638.58,90.46,212.45,1,-1,-1,-1
141,251,1150.00,646.75,93.95,210.39,1,-1,-1,-1
142,250,670.16,646.38,91.58,214.08,1,-1,-1,-1
142,251,1163.91,659.75,95.42,212.72,1,-1,-1,-1
143,250,655.40,661.40,91.75,213.67,1,-1,-1,-1
143,251,1178.40,664.96,96.00,212.87,1,-1,-1,-1
144,250,643.11,664.90,92.52,215.71,1,-1,-1,-1
144,251,1190.59,677.27,95.49,211.64,1,-1,-1,-1
145,250,629.13,676.13,92.53,214.99,1,-1,-1,-1
145,251,1204.09,677.74,95.88,211.70,1,-1,-1,-1
146,250,615.50,685.48,91.32,212.81,1,-1,-1,-1
146,251,1217.92,690.48,97.07,213.92,1,-1,-1,-1
147,250,603.37,697.79,92.03,214.17,1,-1,-1,-1
147,251,1230.35,702.25,95.87,211.47,1,-1,-1,-1
148,250,590.07,709.00,91.17,212.65,1,-1,-1,-1
148,251,1244.03,706.60,96.15,212.18,1,-1,-1,-1
149,250,575.71,715.02,90.77,212.21,1,-1,-1,-1
149,251,1254.95,706.50,95.95,212.47,1,-1,-1,-1
150,250,564.04,710.09,91.55,214.00,1,-1,-1,-1
150,251,1268.06,717.54,96.14,213.68,1,-1,-1,-1
151,250,551.08,716.81,91.03,213.14,1,-1,-1,-1
151,251,1282.39,720.39,95.62,212.32,1,-1,-1,-1
152,250,540.25,724.22,91.19,213.93,1,-1,-1,-1
152,251,1293.56,726.38,95.81,213.11,1,-1,-1,-1
153,250,528.08,727.55,89.74,211.68,1,-1,-1,-1
153,251,1306.05,728.71,96.77,215.60,1,-1,-1,-1
154,250,516.82,732.07,90.43,213.80,1,-1,-1,-1
154,251,1317.64,730.65,95.40,212.84,1,-1,-1,-1
155,250,504.83,735.52,89.22,211.04,1,-1,-1,-1
155,251,1330.66,725.91,94.95,212.21,1,-1,-1,-1
156,250,494.26,736.43,89.33,212.51,1,-1,-1,-1
156,251,1340.47,725.70,95.76,214.26,1,-1,-1,-1
157,250,484.67,737.51,89.17,212.79,1,-1,-1,-1
157,251,1350.77,728.62,94.62,211.18,1,-1,-1,-1
158,250,473.10,733.86,88.22,211.05,1,-1,-1,-1
158,251,1360.15,728.03,94.07,210.43,1,-1,-1,-1
159,250,463.14,731.76,88.17,211.42,1,-1,-1,-1
159,251,1371.06,731.26,95.19,213.54,1,-1,-1,-1
160,250,453.59,728.66,88.76,212.67,1,-1,-1,-1
160,251,1380.98,728.23,95.12,212.85,1,-1,-1,-1
161,250,444.72,723.41,88.81,213.08,1,-1,-1,-1
161,251,1390.77,723.11,94.70,211.68,1,-1,-1,-1
162,250,433.44,722.35,87.88,211.86,1,-1,-1,-1
162,251,1399.65,725.18,93.96,210.36,1,-1,-1,-1
163,250,423.43,716.07,88.03,211.66,1,-1,-1,-1
163,251,1408.45,717.04,93.02,208.02,1,-1,-1,-1
164,250,414.58,718.26,88.62,212.70,1,-1,-1,-1
164,251,1419.13,708.71,93.95,210.13,1,-1,-1,-1
165,250,406.43,707.76,88.58,212.41,1,-1,-1,-1
165,251,1428.52,706.77,93.39,208.88,1,-1,-1,-1
166,250,398.54,698.33,88.42,211.66,1,-1,-1,-1
166,251,1433.01,701.92,94.71,211.87,1,-1,-1,-1
167,250,390.54,699.96,88.55,211.51,1,-1,-1,-1
167,251,1443.22,698.40,93.86,209.71,1,-1,-1,-1
168,250,382.70,686.78,88.16,210.47,1,-1,-1,-1
168,251,1448.65,685.56,94.29,209.97,1,-1,-1,-1
169,250,375.26,685.87,88.41,211.03,1,-1,-1,-1
169,251,1455.21,670.61,94.87,210.81,1,-1,-1,-1
170,250,367.96,676.44,88.09,209.74,1,-1,-1,-1
170,251,1461.84,664.02,95.22,211.61,1,-1,-1,-1
171,250,360.82,671.06,87.64,208.46,1,-1,-1,-1
171,251,1468.59,660.54,96.23,212.94,1,-1,-1,-1
172,250,356.10,655.83,87.96,209.32,1,-1,-1,-1
172,251,1476.01,646.04,95.59,210.65,1,-1,-1,-1
173,250,349.35,646.89,89.25,210.65,1,-1,-1,-1
173,251,1479.41,632.71,95.99,211.37,1,-1,-1,-1
174,250,342.87,634.59,90.03,211.53,1,-1,-1,-1
174,251,1485.45,623.54,95.81,211.16,1,-1,-1,-1
175,250,339.35,621.44,89.49,210.62,1,-1,-1,-1
175,251,1491.72,610.79,96.06,210.63,1,-1,-1,-1
176,250,334.76,609.64,88.88,209.01,1,-1,-1,-1
176,251,1495.48,596.23,95.17,209.12,1,-1,-1,-1
177,250,328.37,591.52,89.07,208.46,1,-1,-1,-1
177,251,1500.63,589.89,95.57,209.56,1,-1,-1,-1
178,250,324.69,586.72,89.67,209.60,1,-1,-1,-1
178,251,1502.85,572.87,96.07,209.92,1,-1,-1,-1
179,250,319.89,572.73,89.23,208.02,1,-1,-1,-1
179,251,1507.29,560.55,96.69,211.47,1,-1,-1,-1
180,250,316.69,561.58,89.69,208.06,1,-1,-1,-1
180,251,1509.22,546.00,96.30,210.19,1,-1,-1,-1
181,250,315.05,542.24,90.38,208.43,1,-1,-1,-1
181,251,1511.02,536.35,96.25,209.41,1,-1,-1,-1
182,250,311.66,529.48,89.29,206.28,1,-1,-1,-1
182,251,1515.24,520.95,96.22,209.05,1,-1,-1,-1
183,250,309.56,514.69,89.57,206.53,1,-1,-1,-1
183,251,1516.24,503.24,97.90,212.05,1,-1,-1,-1
184,250,307.49,499.08,91.29,209.71,1,-1,-1,-1
184,251,1518.06,488.45,96.71,209.32,1,-1,-1,-1
185,250,307.17,483.71,90.64,208.49,1,-1,-1,-1
185,251,1518.69,479.30,96.36,208.53,1,-1,-1,-1
186,250,304.20,466.76,89.69,206.07,1,-1,-1,-1
186,251,1519.35,466.15,95.57,206.83,1,-1,-1,-1
187,250,303.00,452.25,89.59,205.96,1,-1,-1,-1
187,251,1519.77,450.38,94.76,205.31,1,-1,-1,-1
188,250,303.19,445.51,88.72,203.89,1,-1,-1,-1
188,251,1519.51,433.69,94.78,205.10,1,-1,-1,-1
189,250,303.22,432.69,88.94,204.58,1,-1,-1,-1
189,251,1519.17,417.12,95.55,205.80,1,-1,-1,-1
190,250,303.08,416.44,89.20,205.83,1,-1,-1,-1
190,251,1519.44,402.92,94.84,204.44,1,-1,-1,-1
191,250,303.93,402.64,88.51,205.45,1,-1,-1,-1
191,251,1518.26,392.07,95.00,204.91,1,-1,-1,-1
192,250,306.84,380.12,89.60,208.01,1,-1,-1,-1
192,251,1517.38,367.90,94.96,206.21,1,-1,-1,-1
193,250,308.25,358.13,89.94,208.93,1,-1,-1,-1
193,251,1516.38,353.79,94.96,207.11,1,-1,-1,-1
194,250,310.01,344.10,89.81,208.90,1,-1,-1,-1
194,251,1513.06,338.89,94.03,206.56,1,-1,-1,-1
195,250,310.47,332.28,90.92,210.21,1,-1,-1,-1
195,251,1510.67,323.68,93.50,205.56,1,-1,-1,-1
196,250,314.48,317.63,91.14,209.10,1,-1,-1,-1
196,251,1508.52,316.33,93.47,206.32,1,-1,-1,-1
197,250,317.01,308.97,91.16,209.55,1,-1,-1,-1
197,251,1504.90,300.65,92.19,204.21,1,-1,-1,-1
198,250,319.59,296.56,90.19,207.79,1,-1,-1,-1
198,251,1501.41,283.71,92.45,205.69,1,-1,-1,-1
199,250,324.27,282.14,90.22,207.41,1,-1,-1,-1
199,251,1496.11,267.38,92.23,206.18,1,-1,-1,-1
200,250,330.59,271.34,89.85,207.07,1,-1,-1,-1
200,251,1490.31,260.17,91.71,205.49,1,-1,-1,-1
201,250,334.26,259.22,89.17,206.29,1,-1,-1,-1
201,251,1486.47,253.04,91.57,205.29,1,-1,-1,-1
202,250,336.04,240.59,90.35,208.17,1,-1,-1,-1
202,251,1481.22,241.19,91.84,206.04,1,-1,-1,-1
203,250,341.22,233.62,91.14,208.44,1,-1,-1,-1
203,251,1476.84,226.11,92.52,207.34,1,-1,-1,-1
204,250,348.39,216.89,90.23,207.03,1,-1,-1,-1
204,251,1471.24,210.26,92.41,207.12,1,-1,-1,-1
205,250,355.78,203.09,89.54,205.86,1,-1,-1,-1
205,251,1464.34,203.29,92.90,208.48,1,-1,-1,-1
206,250,364.15,191.90,89.31,205.86,1,-1,-1,-1
206,251,1457.48,192.30,91.81,207.00,1,-1,-1,-1
207,250,368.75,183.12,88.42,204.73,1,-1,-1,-1
207,251,1450.10,184.17,90.76,205.51,1,-1,-1,-1
208,250,375.43,181.45,88.39,204.81,1,-1,-1,-1
208,251,1442.35,177.56,90.18,203.52,1,-1,-1,-1
209,250,382.82,173.92,88.41,205.43,1,-1,-1,-1
209,251,1437.84,165.04,89.20,202.14,1,-1,-1,-1
210,250,390.91,168.81,88.19,204.96,1,-1,-1,-1
210,251,1430.64,165.72,89.08,202.11,1,-1,-1,-1
211,250,399.97,161.76,86.39,202.10,1,-1,-1,-1
211,251,1423.13,159.94,89.07,202.62,1,-1,-1,-1
212,250,408.63,153.70,86.22,202.98,1,-1,-1,-1
212,251,1412.76,153.94,87.75,200.15,1,-1,-1,-1
213,250,416.55,146.19,86.27,203.25,1,-1,-1,-1
213,251,1403.61,147.05,87.87,200.54,1,-1,-1,-1
214,250,428.62,138.65,85.59,202.93,1,-1,-1,-1
214,251,1395.58,140.08,86.98,198.53,1,-1,-1,-1
215,250,438.07,136.61,85.39,202.25,1,-1,-1,-1
215,251,1386.29,142.67,87.36,199.92,1,-1,-1,-1
216,250,447.11,133.25,86.22,204.84,1,-1,-1,-1
216,251,1377.31,138.18,86.99,199.30,1,-1,-1,-1
217,250,456.53,129.99,85.56,203.93,1,-1,-1,-1
217,251,1367.92,133.11,86.38,199.25,1,-1,-1,-1
218,250,466.35,127.73,84.76,202.89,1,-1,-1,-1
218,251,1356.30,130.52,86.56,200.35,1,-1,-1,-1
219,250,478.44,131.80,84.61,203.28,1,-1,-1,-1
219,251,1346.36,129.13,86.14,199.66,1,-1,-1,-1
220,250,489.16,127.99,84.62,203.91,1,-1,-1,-1
220,251,1336.79,139.71,85.15,197.90,1,-1,-1,-1
221,250,498.90,133.13,83.77,202.20,1,-1,-1,-1
221,251,1324.87,134.51,85.07,198.01,1,-1,-1,-1
222,250,510.49,134.85,84.53,203.89,1,-1,-1,-1
222,251,1314.46,137.10,84.62,197.79,1,-1,-1,-1
223,250,522.47,133.16,82.99,201.27,1,-1,-1,-1
223,251,1301.34,142.35,85.21,199.58,1,-1,-1,-1
224,250,534.47,139.59,84.43,204.58,1,-1,-1,-1
224,251,1289.84,149.70,85.14,199.59,1,-1,-1,-1
225,250,545.75,146.83,84.42,204.62,1,-1,-1,-1
225,251,1276.89,148.93,84.95,199.21,1,-1,-1,-1
226,250,559.35,150.41,84.11,204.48,1,-1,-1,-1
226,251,1266.00,153.93,84.18,198.23,1,-1,-1,-1
227,250,570.39,157.40,84.04,203.73,1,-1,-1,-1
227,251,1252.69,159.56,84.99,199.17,1,-1,-1,-1
228,250,583.53,155.85,83.73,203.55,1,-1,-1,-1
228,251,1239.89,167.21,86.50,202.76,1,-1,-1,-1
229,250,594.49,166.01,84.22,203.42,1,-1,-1,-1
229,251,1226.37,169.22,86.73,203.23,1,-1,-1,-1
230,250,608.11,177.74,84.85,205.60,1,-1,-1,-1
230,251,1211.65,174.48,87.34,204.60,1,-1,-1,-1
231,250,623.00,182.56,85.21,206.79,1,-1,-1,-1
231,251,1199.20,183.03,87.54,205.23,1,-1,-1,-1
232,250,634.07,193.89,86.28,208.25,1,-1,-1,-1
232,251,1185.59,194.34,88.12,206.28,1,-1,-1,-1
233,250,647.98,199.76,86.19,207.97,1,-1,-1,-1
233,251,1170.32,202.72,89.49,209.50,1,-1,-1,-1
234,250,662.33,210.91,86.92,209.69,1,-1,-1,-1
234,251,1154.97,212.82,88.84,206.58,1,-1,-1,-1
235,250,677.51,214.94,86.89,210.61,1,-1,-1,-1
235,251,1142.23,221.94,89.34,208.04,1,-1,-1,-1
236,250,689.52,224.12,86.39,209.17,1,-1,-1,-1
236,251,1127.76,236.10,89.27,208.54,1,-1,-1,-1
237,250,703.97,243.35,86.00,208.52,1,-1,-1,-1
237,251,1113.35,242.44,88.53,206.81,1,-1,-1,-1
238,250,718.86,258.70,85.93,208.54,1,-1,-1,-1
238,251,1098.73,255.61,87.75,205.16,1,-1,-1,-1
239,250,734.93,271.11,85.40,207.72,1,-1,-1,-1
239,251,1083.38,269.45,87.82,204.51,1,-1,-1,-1
240,250,747.31,284.51,85.46,206.83,1,-1,-1,-1
240,251,1070.99,289.81,87.61,204.89,1,-1,-1,-1
241,250,761.72,297.20,85.25,206.47,1,-1,-1,-1
241,251,1057.41,298.67,86.50,202.82,1,-1,-1,-1
242,250,777.68,312.77,84.44,205.62,1,-1,-1,-1
242,251,1043.72,319.06,84.97,199.52,1,-1,-1,-1
243,250,793.40,322.59,83.93,204.79,1,-1,-1,-1
243,251,1028.01,335.37,85.31,199.97,1,-1,-1,-1
244,250,809.08,336.16,84.28,206.26,1,-1,-1,-1
244,251,1012.50,342.35,84.71,198.16,1,-1,-1,-1
245,250,824.31,347.17,83.81,205.70,1,-1,-1,-1
245,251,996.50,359.53,84.72,197.65,1,-1,-1,-1
246,250,839.10,366.18,84.54,207.45,1,-1,-1,-1
246,251,983.09,375.96,85.87,199.48,1,-1,-1,-1
247,250,852.75,378.47,83.37,205.04,1,-1,-1,-1
247,251,968.20,391.22,86.94,201.13,1,-1,-1,-1
248,250,866.76,394.92,84.29,207.32,1,-1,-1,-1
248,251,956.46,402.17,88.12,203.38,1,-1,-1,-1
249,250,883.01,414.73,82.89,205.22,1,-1,-1,-1
249,251,951.05,416.09,86.23,202.71,1,-1,-1,-1
250,250,898.77,427.06,82.61,205.68,1,-1,-1,-1
