1,253,916.06,440.05,81.26,204.19,1,-1,-1,-1
2,253,929.47,460.49,81.54,204.92,1,-1,-1,-1
3,253,944.19,471.04,82.15,206.83,1,-1,-1,-1
3,254,896.02,467.02,68.36,190.58,1,-1,-1,-1
4,253,960.26,481.63,81.92,206.79,1,-1,-1,-1
4,254,888.80,482.86,72.12,200.38,1,-1,-1,-1
5,253,975.33,501.67,82.45,208.09,1,-1,-1,-1
5,254,873.80,496.21,74.02,205.11,1,-1,-1,-1
6,253,987.67,517.75,83.09,207.98,1,-1,-1,-1
6,254,857.46,510.41,74.88,206.30,1,-1,-1,-1
7,253,1002.95,533.22,82.87,207.20,1,-1,-1,-1
7,254,841.69,521.61,74.94,204.00,1,-1,-1,-1
8,253,1018.06,541.37,82.98,206.72,1,-1,-1,-1
8,254,825.86,537.53,75.18,202.05,1,-1,-1,-1
9,253,1032.95,553.95,83.60,206.60,1,-1,-1,-1
9,254,809.37,546.90,76.25,202.47,1,-1,-1,-1
10,253,1048.25,571.84,84.66,208.24,1,-1,-1,-1
10,254,795.86,560.26,77.99,204.59,1,-1,-1,-1
11,253,1064.43,581.06,84.09,207.25,1,-1,-1,-1
11,254,780.48,575.99,79.52,205.68,1,-1,-1,-1
12,253,1079.71,598.59,84.97,207.95,1,-1,-1,-1
12,254,764.86,585.51,81.16,207.80,1,-1,-1,-1
13,253,1094.81,607.06,86.42,209.63,1,-1,-1,-1
13,254,748.06,597.79,84.73,213.41,1,-1,-1,-1
14,253,1106.90,621.56,87.00,209.87,1,-1,-1,-1
14,254,732.47,613.17,84.89,211.84,1,-1,-1,-1
15,253,1119.93,631.45,88.65,211.82,1,-1,-1,-1
15,254,719.51,624.02,86.20,213.01,1,-1,-1,-1
16,253,1134.50,640.66,89.58,212.00,1,-1,-1,-1
16,254,704.86,637.54,86.98,211.86,1,-1,-1,-1
17,253,1149.68,657.01,90.00,213.19,1,-1,-1,-1
17,254,689.83,647.60,87.81,210.99,1,-1,-1,-1
18,253,1161.73,660.43,89.73,211.81,1,-1,-1,-1
18,254,677.07,659.79,89.05,212.41,1,-1,-1,-1
19,253,1175.76,666.93,89.71,211.80,1,-1,-1,-1
19,254,662.61,670.61,89.75,212.13,1,-1,-1,-1
20,253,1190.22,681.69,89.54,212.30,1,-1,-1,-1
20,254,648.36,681.16,89.08,209.88,1,-1,-1,-1
21,253,1201.40,692.73,90.44,213.39,1,-1,-1,-1
21,254,632.81,688.16,90.39,210.97,1,-1,-1,-1
22,253,1215.14,698.30,90.14,212.62,1,-1,-1,-1
22,254,620.66,695.55,90.88,212.44,1,-1,-1,-1
23,253,1229.12,707.15,90.92,214.49,1,-1,-1,-1
23,254,607.47,698.32,91.10,212.37,1,-1,-1,-1
24,253,1241.51,712.42,89.69,212.44,1,-1,-1,-1
24,254,596.00,704.36,91.37,211.53,1,-1,-1,-1
25,253,1254.45,717.27,90.07,213.82,1,-1,-1,-1
25,254,582.35,716.52,92.02,211.74,1,-1,-1,-1
26,253,1265.80,720.95,89.34,212.86,1,-1,-1,-1
26,254,570.82,715.11,92.55,212.42,1,-1,-1,-1
27,253,1278.03,724.73,90.99,215.70,1,-1,-1,-1
27,254,557.49,715.33,92.80,212.73,1,-1,-1,-1
28,253,1289.87,724.61,89.45,213.42,1,-1,-1,-1
28,254,547.04,721.43,92.11,210.55,1,-1,-1,-1
29,253,1302.45,727.63,89.80,213.62,1,-1,-1,-1
29,254,533.61,725.71,92.74,211.51,1,-1,-1,-1
30,253,1312.75,734.93,89.66,212.97,1,-1,-1,-1
30,254,522.74,727.96,93.36,213.39,1,-1,-1,-1
31,253,1325.57,736.76,89.62,213.78,1,-1,-1,-1
31,254,510.35,733.83,93.22,212.78,1,-1,-1,-1
32,253,1336.61,736.49,88.58,212.52,1,-1,-1,-1
32,254,500.51,736.36,92.76,212.09,1,-1,-1,-1
33,253,1345.24,734.97,89.20,212.53,1,-1,-1,-1
33,254,490.14,731.00,94.36,215.03,1,-1,-1,-1
34,253,1354.42,735.97,89.25,212.29,1,-1,-1,-1
34,254,479.05,725.99,92.84,211.68,1,-1,-1,-1
35,253,1366.55,730.68,89.07,213.15,1,-1,-1,-1
35,254,468.36,730.44,94.64,214.36,1,-1,-1,-1
36,253,1377.02,729.76,88.16,211.83,1,-1,-1,-1
36,254,459.54,724.94,93.98,211.87,1,-1,-1,-1
37,253,1386.08,727.93,87.73,212.14,1,-1,-1,-1
37,254,450.22,720.65,94.36,211.80,1,-1,-1,-1
38,253,1392.85,715.34,89.48,214.26,1,-1,-1,-1
38,254,440.74,714.07,96.11,214.34,1,-1,-1,-1
39,253,1401.72,716.33,88.93,212.42,1,-1,-1,-1
39,254,430.29,718.12,94.72,210.58,1,-1,-1,-1
40,253,1410.20,708.04,88.46,212.00,1,-1,-1,-1
40,254,421.22,713.80,94.27,209.32,1,-1,-1,-1
41,253,1418.12,703.60,88.31,211.96,1,-1,-1,-1
41,254,412.59,702.47,95.05,210.03,1,-1,-1,-1
42,253,1426.11,698.85,87.60,210.25,1,-1,-1,-1
42,254,404.10,696.19,95.62,210.76,1,-1,-1,-1
43,253,1434.51,689.83,86.97,209.41,1,-1,-1,-1
43,254,396.32,688.99,95.22,210.20,1,-1,-1,-1
44,253,1441.18,679.61,88.36,211.21,1,-1,-1,-1
44,254,390.99,680.88,96.91,213.66,1,-1,-1,-1
45,253,1448.13,671.93,88.71,212.58,1,-1,-1,-1
45,254,384.45,673.34,96.80,211.98,1,-1,-1,-1
46,253,1455.69,663.27,88.40,211.76,1,-1,-1,-1
46,254,377.18,660.07,96.41,211.81,1,-1,-1,-1
47,253,1462.68,648.49,89.20,213.25,1,-1,-1,-1
47,254,370.53,650.49,96.07,210.65,1,-1,-1,-1
48,253,1465.57,641.46,89.84,212.35,1,-1,-1,-1
48,254,363.60,641.33,96.36,211.46,1,-1,-1,-1
49,253,1472.27,623.97,88.74,210.30,1,-1,-1,-1
49,254,359.52,626.67,97.37,213.21,1,-1,-1,-1
50,253,1475.50,611.81,88.67,209.75,1,-1,-1,-1
50,254,353.09,619.62,98.47,214.16,1,-1,-1,-1
51,253,1481.10,600.68,88.22,208.86,1,-1,-1,-1
51,254,347.24,613.42,97.77,211.10,1,-1,-1,-1
52,253,1487.38,591.87,88.10,209.16,1,-1,-1,-1
52,254,343.70,595.41,98.47,212.42,1,-1,-1,-1
53,253,1489.45,582.84,88.54,208.82,1,-1,-1,-1
53,254,338.27,579.72,98.44,211.24,1,-1,-1,-1
54,253,1495.23,566.06,87.90,208.97,1,-1,-1,-1
54,254,336.26,563.93,97.77,210.28,1,-1,-1,-1
55,253,1497.06,555.12,88.05,208.71,1,-1,-1,-1
55,254,331.32,552.38,97.80,209.42,1,-1,-1,-1
56,253,1498.16,540.94,88.35,208.23,1,-1,-1,-1
56,254,328.71,536.68,98.22,210.08,1,-1,-1,-1
57,253,1500.11,520.33,87.31,206.14,1,-1,-1,-1
57,254,327.29,526.21,98.46,210.72,1,-1,-1,-1
58,253,1504.36,506.32,86.95,205.69,1,-1,-1,-1
58,254,323.11,512.41,98.63,210.45,1,-1,-1,-1
59,253,1505.99,496.44,86.86,205.72,1,-1,-1,-1
59,254,321.00,496.13,98.84,210.47,1,-1,-1,-1
60,253,1506.87,478.58,86.61,204.50,1,-1,-1,-1
60,254,320.06,486.36,99.24,210.21,1,-1,-1,-1
61,253,1507.54,462.24,86.13,202.68,1,-1,-1,-1
61,254,319.27,465.96,99.35,210.82,1,-1,-1,-1
62,253,1508.40,451.77,84.84,200.42,1,-1,-1,-1
62,254,319.12,448.93,98.71,209.37,1,-1,-1,-1
63,253,1507.95,438.00,84.87,201.01,1,-1,-1,-1
63,254,318.98,439.10,98.67,208.61,1,-1,-1,-1
64,253,1507.72,417.85,84.48,200.93,1,-1,-1,-1
64,254,319.58,420.36,98.31,208.56,1,-1,-1,-1
65,253,1506.47,407.49,85.90,202.75,1,-1,-1,-1
65,254,319.57,411.74,98.38,208.69,1,-1,-1,-1
66,253,1504.64,384.73,86.88,204.01,1,-1,-1,-1
66,254,320.41,389.22,97.41,207.33,1,-1,-1,-1
67,253,1504.73,370.40,86.42,204.07,1,-1,-1,-1
67,254,321.00,370.35,97.06,207.56,1,-1,-1,-1
68,253,1500.65,355.56,86.69,203.80,1,-1,-1,-1
68,254,321.54,354.56,96.71,207.35,1,-1,-1,-1
69,253,1499.39,346.44,85.82,202.43,1,-1,-1,-1
69,254,322.98,344.64,95.71,205.71,1,-1,-1,-1
70,253,1496.16,324.41,87.71,206.13,1,-1,-1,-1
70,254,323.94,328.81,96.11,206.55,1,-1,-1,-1
71,253,1492.20,307.85,87.49,206.09,1,-1,-1,-1
71,254,328.35,314.11,94.92,206.26,1,-1,-1,-1
72,253,1488.95,301.24,88.30,207.13,1,-1,-1,-1
72,254,331.16,298.79,93.94,206.38,1,-1,-1,-1
73,253,1486.79,282.15,88.71,207.52,1,-1,-1,-1
73,254,334.08,288.12,92.94,205.30,1,-1,-1,-1
74,253,1481.57,269.53,88.95,206.84,1,-1,-1,-1
74,254,338.17,279.84,92.45,204.88,1,-1,-1,-1
75,253,1478.65,255.82,88.85,207.42,1,-1,-1,-1
75,254,341.69,271.56,92.60,204.84,1,-1,-1,-1
76,253,1473.60,244.78,89.02,209.05,1,-1,-1,-1
76,254,347.83,257.71,91.72,203.08,1,-1,-1,-1
77,253,1466.97,230.78,89.57,209.86,1,-1,-1,-1
77,254,353.86,241.46,91.79,204.86,1,-1,-1,-1
78,253,1458.98,216.81,90.23,210.96,1,-1,-1,-1
78,254,358.74,233.07,91.10,203.36,1,-1,-1,-1
79,253,1455.26,210.24,89.92,211.10,1,-1,-1,-1
79,254,364.41,218.13,91.09,204.38,1,-1,-1,-1
80,253,1449.65,205.46,88.79,209.29,1,-1,-1,-1
80,254,370.42,205.76,92.56,207.57,1,-1,-1,-1
81,253,1443.10,192.51,87.45,208.13,1,-1,-1,-1
81,254,379.07,195.32,90.32,203.71,1,-1,-1,-1
82,253,1438.96,187.25,87.76,209.64,1,-1,-1,-1
82,254,384.10,187.00,89.57,201.84,1,-1,-1,-1
83,253,1429.21,177.78,86.52,206.83,1,-1,-1,-1
83,254,390.97,183.88,89.21,201.32,1,-1,-1,-1
84,253,1424.11,162.78,86.32,206.62,1,-1,-1,-1
84,254,400.08,179.32,87.21,198.91,1,-1,-1,-1
85,253,1413.23,157.07,86.32,205.78,1,-1,-1,-1
85,254,407.45,169.76,88.69,201.99,1,-1,-1,-1
86,253,1407.62,149.14,86.69,207.53,1,-1,-1,-1
86,254,415.98,158.16,87.32,199.61,1,-1,-1,-1
87,253,1400.57,148.77,85.76,206.74,1,-1,-1,-1
87,254,424.03,151.85,87.31,200.39,1,-1,-1,-1
88,253,1393.17,148.06,84.85,205.92,1,-1,-1,-1
88,254,432.99,151.53,86.55,199.35,1,-1,-1,-1
89,253,1381.29,138.70,84.52,205.31,1,-1,-1,-1
89,254,440.76,144.76,88.02,202.12,1,-1,-1,-1
90,253,1371.69,139.04,84.41,206.30,1,-1,-1,-1
90,254,451.74,144.36,87.63,202.44,1,-1,-1,-1
91,253,1362.36,129.99,84.37,206.02,1,-1,-1,-1
91,254,464.34,135.64,84.90,198.44,1,-1,-1,-1
92,253,1350.85,131.55,83.28,204.34,1,-1,-1,-1
92,254,472.57,139.52,86.56,202.00,1,-1,-1,-1
93,253,1340.98,127.37,83.36,205.20,1,-1,-1,-1
93,254,484.88,137.59,85.29,199.13,1,-1,-1,-1
94,253,1332.34,127.81,82.01,203.37,1,-1,-1,-1
94,254,495.35,132.18,84.83,198.23,1,-1,-1,-1
95,253,1322.19,132.12,82.47,205.44,1,-1,-1,-1
95,254,505.50,136.50,84.06,197.98,1,-1,-1,-1
96,253,1310.04,128.64,82.32,205.22,1,-1,-1,-1
96,254,515.70,136.25,83.78,197.66,1,-1,-1,-1
97,253,1298.74,129.91,82.08,203.64,1,-1,-1,-1
97,254,528.44,133.67,83.33,197.57,1,-1,-1,-1
98,253,1286.51,133.86,81.30,203.18,1,-1,-1,-1
98,254,538.89,136.89,83.87,198.82,1,-1,-1,-1
99,253,1274.63,134.49,82.95,205.18,1,-1,-1,-1
99,254,550.71,138.82,84.28,200.01,1,-1,-1,-1
100,253,1261.28,145.02,83.15,205.12,1,-1,-1,-1
100,254,563.06,144.80,83.26,199.13,1,-1,-1,-1
101,253,1250.31,144.81,83.20,205.64,1,-1,-1,-1
101,254,575.84,152.68,83.68,198.68,1,-1,-1,-1
102,253,1236.23,156.69,83.78,205.26,1,-1,-1,-1
102,254,586.32,150.23,84.44,199.88,1,-1,-1,-1
103,253,1225.07,166.06,83.36,205.47,1,-1,-1,-1
103,254,599.52,153.53,85.06,201.15,1,-1,-1,-1
104,253,1211.73,168.93,83.43,205.15,1,-1,-1,-1
104,254,613.61,160.79,84.77,199.91,1,-1,-1,-1
105,253,1196.61,177.65,85.33,208.24,1,-1,-1,-1
105,254,625.77,172.30,85.36,201.19,1,-1,-1,-1
106,253,1184.33,182.07,85.98,209.41,1,-1,-1,-1
106,254,638.84,177.45,85.48,201.39,1,-1,-1,-1
107,253,1169.53,193.02,87.47,211.77,1,-1,-1,-1
107,254,649.45,192.76,87.41,204.79,1,-1,-1,-1
108,253,1154.74,204.96,86.78,210.43,1,-1,-1,-1
108,254,662.70,203.27,88.10,207.01,1,-1,-1,-1
109,253,1139.46,217.94,87.13,210.74,1,-1,-1,-1
109,254,677.97,204.13,87.57,206.01,1,-1,-1,-1
110,253,1127.51,222.55,87.13,211.50,1,-1,-1,-1
110,254,692.41,214.02,88.49,207.86,1,-1,-1,-1
111,253,1112.92,234.68,87.57,210.77,1,-1,-1,-1
111,254,705.94,224.43,86.71,203.67,1,-1,-1,-1
112,253,1099.86,245.97,85.52,207.06,1,-1,-1,-1
112,254,720.01,243.05,86.01,202.60,1,-1,-1,-1
113,253,1083.15,263.40,87.14,208.74,1,-1,-1,-1
113,254,734.75,254.84,85.83,203.50,1,-1,-1,-1
114,253,1070.28,272.06,87.98,209.16,1,-1,-1,-1
114,254,750.09,268.91,86.19,203.30,1,-1,-1,-1
115,253,1055.54,290.52,88.37,209.43,1,-1,-1,-1
115,254,763.49,280.66,85.00,202.06,1,-1,-1,-1
116,253,1040.92,298.25,87.71,208.29,1,-1,-1,-1
116,254,778.96,295.63,83.99,201.25,1,-1,-1,-1
117,253,1026.33,309.59,87.00,206.93,1,-1,-1,-1
117,254,794.39,302.61,83.18,200.44,1,-1,-1,-1
118,253,1009.78,331.28,87.26,207.21,1,-1,-1,-1
118,254,810.61,316.21,81.60,195.94,1,-1,-1,-1
119,253,993.46,345.17,87.96,206.94,1,-1,-1,-1
119,254,825.76,333.77,83.76,201.11,1,-1,-1,-1
120,253,978.36,358.76,87.63,205.51,1,-1,-1,-1
120,254,841.16,355.79,83.40,200.38,1,-1,-1,-1
121,253,962.70,370.09,87.83,206.09,1,-1,-1,-1
121,254,856.39,369.63,83.22,200.04,1,-1,-1,-1
122,253,950.39,382.52,87.07,207.00,1,-1,-1,-1
122,254,872.85,382.35,82.50,197.77,1,-1,-1,-1
123,253,937.82,400.43,85.36,206.23,1,-1,-1,-1
123,254,884.72,398.07,80.42,195.23,1,-1,-1,-1
124,253,922.24,417.02,84.73,206.49,1,-1,-1,-1
125,253,906.53,430.93,84.93,205.90,1,-1,-1,-1
126,253,901.33,442.39,85.26,206.76,1,-1,-1,-1
127,253,890.27,449.53,84.58,207.45,1,-1,-1,-1
127,254,961.86,459.30,81.52,200.64,1,-1,-1,-1
128,253,875.86,464.86,84.16,207.57,1,-1,-1,-1
128,254,970.83,467.09,84.56,205.10,1,-1,-1,-1
129,253,859.79,482.82,85.01,208.14,1,-1,-1,-1
129,254,979.03,486.14,86.89,206.81,1,-1,-1,-1
130,253,846.76,496.25,86.11,209.65,1,-1,-1,-1
130,254,991.79,501.71,87.93,207.30,1,-1,-1,-1
131,253,832.82,507.71,84.76,207.57,1,-1,-1,-1
131,254,1005.91,508.74,89.50,208.50,1,-1,-1,-1
132,253,818.31,523.12,83.39,204.98,1,-1,-1,-1
132,254,1021.78,527.54,88.27,205.62,1,-1,-1,-1
133,253,802.28,535.03,84.85,207.18,1,-1,-1,-1
133,254,1036.74,538.20,89.83,207.93,1,-1,-1,-1
134,253,786.90,550.51,85.02,206.13,1,-1,-1,-1
134,254,1050.19,553.52,88.77,205.31,1,-1,-1,-1
135,253,770.69,562.02,85.75,207.20,1,-1,-1,-1
135,254,1064.14,567.80,90.16,206.93,1,-1,-1,-1
136,253,758.21,573.25,86.80,210.05,1,-1,-1,-1
136,254,1079.36,584.65,90.01,206.34,1,-1,-1,-1
137,253,742.94,583.10,88.16,211.90,1,-1,-1,-1
137,254,1094.43,593.95,90.41,207.29,1,-1,-1,-1
138,253,728.77,602.11,87.81,210.47,1,-1,-1,-1
138,254,1109.79,612.19,91.25,208.13,1,-1,-1,-1
139,253,712.52,615.81,89.34,211.78,1,-1,-1,-1
139,254,1124.46,623.43,92.81,210.48,1,-1,-1,-1
140,253,699.93,627.24,90.69,214.12,1,-1,-1,-1
140,254,1135.98,637.74,93.32,210.63,1,-1,-1,-1
141,253,686.50,633.56,89.93,212.70,1,-1,-1,-1
141,254,1149.72,648.96,93.47,209.33,1,-1,-1,-1
142,253,670.54,649.25,91.50,214.95,1,-1,-1,-1
142,254,1163.99,656.30,94.55,210.82,1,-1,-1,-1
143,253,655.84,657.25,91.12,213.56,1,-1,-1,-1
143,254,1178.77,659.98,94.69,211.61,1,-1,-1,-1
144,253,640.71,664.47,90.81,212.35,1,-1,-1,-1
144,254,1190.78,670.95,95.26,212.27,1,-1,-1,-1
145,253,627.77,679.62,92.76,215.21,1,-1,-1,-1
145,254,1204.33,684.05,95.65,213.49,1,-1,-1,-1
146,253,613.93,683.68,92.42,213.41,1,-1,-1,-1
146,254,1218.39,688.01,96.42,214.25,1,-1,-1,-1
147,253,603.16,689.48,92.07,213.84,1,-1,-1,-1
147,254,1230.38,695.10,96.09,213.45,1,-1,-1,-1
148,253,590.24,701.48,90.84,212.77,1,-1,-1,-1
148,254,1243.20,701.36,97.32,214.74,1,-1,-1,-1
149,253,575.92,704.17,90.91,213.03,1,-1,-1,-1
149,254,1254.41,714.02,97.17,214.71,1,-1,-1,-1
150,253,563.95,709.35,91.98,214.70,1,-1,-1,-1
150,254,1268.39,715.23,95.50,211.83,1,-1,-1,-1
151,253,550.88,719.56,91.61,213.52,1,-1,-1,-1
151,254,1282.22,719.60,95.79,213.05,1,-1,-1,-1
152,253,539.91,725.41,91.81,214.09,1,-1,-1,-1
152,254,1293.63,726.13,95.55,213.45,1,-1,-1,-1
153,253,527.82,723.30,90.36,211.98,1,-1,-1,-1
153,254,1306.70,728.80,96.12,214.32,1,-1,-1,-1
154,253,516.65,728.10,90.83,213.26,1,-1,-1,-1
154,254,1316.99,724.30,96.85,215.39,1,-1,-1,-1
155,253,504.21,727.87,90.32,211.99,1,-1,-1,-1
155,254,1330.12,733.87,96.33,213.50,1,-1,-1,-1
156,253,494.06,727.85,89.80,212.03,1,-1,-1,-1
156,254,1340.33,730.29,96.22,213.16,1,-1,-1,-1
157,253,484.17,737.07,90.19,213.37,1,-1,-1,-1
157,254,1350.25,734.74,95.98,211.90,1,-1,-1,-1
158,253,473.04,741.98,88.32,210.46,1,-1,-1,-1
158,254,1362.41,736.47,95.84,212.06,1,-1,-1,-1
159,253,462.62,734.90,89.06,211.97,1,-1,-1,-1
159,254,1371.75,730.63,96.75,213.12,1,-1,-1,-1
160,253,453.27,732.29,88.59,211.58,1,-1,-1,-1
160,254,1381.19,733.81,95.67,211.07,1,-1,-1,-1
161,253,444.39,725.12,88.93,212.91,1,-1,-1,-1
161,254,1390.52,730.22,95.11,210.16,1,-1,-1,-1
162,253,433.46,729.08,87.46,210.42,1,-1,-1,-1
162,254,1398.92,727.60,95.13,210.76,1,-1,-1,-1
163,253,424.20,722.68,87.01,209.89,1,-1,-1,-1
163,254,1407.49,721.84,95.00,210.52,1,-1,-1,-1
164,253,415.62,715.47,86.60,209.37,1,-1,-1,-1
164,254,1418.22,718.08,96.41,213.16,1,-1,-1,-1
165,253,406.81,706.22,87.67,211.14,1,-1,-1,-1
165,254,1427.62,714.30,95.44,210.58,1,-1,-1,-1
166,253,398.44,706.59,88.58,212.36,1,-1,-1,-1
166,254,1434.68,698.18,97.79,214.65,1,-1,-1,-1
167,253,390.78,699.86,87.92,211.56,1,-1,-1,-1
167,254,1442.71,688.65,97.93,214.55,1,-1,-1,-1
168,253,382.47,694.71,88.50,211.98,1,-1,-1,-1
168,254,1450.43,680.39,98.56,215.69,1,-1,-1,-1
169,253,374.88,684.61,88.55,211.11,1,-1,-1,-1
169,254,1455.33,673.14,97.31,213.00,1,-1,-1,-1
170,253,367.90,670.91,88.03,210.21,1,-1,-1,-1
170,254,1461.61,664.68,96.27,211.30,1,-1,-1,-1
171,253,360.41,659.19,88.06,209.68,1,-1,-1,-1
171,254,1468.24,657.15,96.65,212.11,1,-1,-1,-1
172,253,355.67,650.62,89.18,211.18,1,-1,-1,-1
172,254,1475.76,650.21,95.52,210.60,1,-1,-1,-1
173,253,350.01,639.71,88.97,210.34,1,-1,-1,-1
173,254,1479.15,635.43,96.62,211.57,1,-1,-1,-1
174,253,342.65,627.35,90.44,212.31,1,-1,-1,-1
174,254,1484.88,623.63,96.78,211.85,1,-1,-1,-1
175,253,339.01,620.41,90.32,211.50,1,-1,-1,-1
175,254,1491.37,610.11,95.91,210.58,1,-1,-1,-1
176,253,332.99,607.93,90.96,211.15,1,-1,-1,-1
176,254,1494.60,599.84,96.48,210.42,1,-1,-1,-1
177,253,329.88,594.57,91.86,212.21,1,-1,-1,-1
177,254,1499.89,590.11,96.72,211.26,1,-1,-1,-1
178,253,325.38,588.59,90.88,210.74,1,-1,-1,-1
178,254,1502.45,577.42,96.76,210.02,1,-1,-1,-1
179,253,320.27,571.78,89.80,208.25,1,-1,-1,-1
179,254,1507.58,558.91,95.87,208.28,1,-1,-1,-1
180,253,316.05,559.90,91.04,208.88,1,-1,-1,-1
180,254,1509.58,551.66,96.19,208.68,1,-1,-1,-1
181,253,314.82,545.50,90.70,207.85,1,-1,-1,-1
181,254,1510.84,536.01,96.53,210.17,1,-1,-1,-1
182,253,311.28,530.50,89.67,205.03,1,-1,-1,-1
182,254,1514.77,516.50,96.78,209.63,1,-1,-1,-1
183,253,308.68,514.88,90.66,205.61,1,-1,-1,-1
183,254,1515.77,501.64,98.36,212.01,1,-1,-1,-1
184,253,307.12,504.41,92.06,207.89,1,-1,-1,-1
184,254,1518.02,489.09,96.29,208.05,1,-1,-1,-1
185,253,306.96,491.01,91.43,207.58,1,-1,-1,-1
185,254,1518.56,478.53,96.08,207.69,1,-1,-1,-1
186,253,303.44,470.96,91.03,206.14,1,-1,-1,-1
186,254,1519.82,467.25,94.58,205.06,1,-1,-1,-1
187,253,302.43,451.70,90.94,205.23,1,-1,-1,-1
187,254,1519.78,450.48,94.97,205.17,1,-1,-1,-1
188,253,303.06,440.56,89.79,204.01,1,-1,-1,-1
188,254,1520.11,435.73,93.81,203.66,1,-1,-1,-1
189,253,302.78,424.93,90.15,205.25,1,-1,-1,-1
189,254,1519.33,418.68,94.97,205.68,1,-1,-1,-1
190,253,303.23,406.19,89.31,204.67,1,-1,-1,-1
190,254,1519.31,407.19,94.86,205.24,1,-1,-1,-1
191,253,302.59,395.63,90.58,207.28,1,-1,-1,-1
191,254,1517.81,387.38,95.57,205.77,1,-1,-1,-1
192,253,306.36,378.40,90.38,207.96,1,-1,-1,-1
192,254,1517.04,370.31,95.78,206.93,1,-1,-1,-1
193,253,307.47,361.57,91.22,208.53,1,-1,-1,-1
193,254,1513.39,359.07,94.74,205.93,1,-1,-1,-1
194,253,309.66,345.86,90.67,208.25,1,-1,-1,-1
194,254,1511.72,345.97,94.03,205.64,1,-1,-1,-1
195,253,309.94,335.52,91.42,209.15,1,-1,-1,-1
195,254,1509.78,325.06,93.66,205.94,1,-1,-1,-1
196,253,314.37,318.19,91.60,209.88,1,-1,-1,-1
196,254,1506.51,313.71,92.02,203.23,1,-1,-1,-1
197,253,317.54,303.29,90.95,209.25,1,-1,-1,-1
197,254,1503.86,304.00,92.38,203.67,1,-1,-1,-1
198,253,319.85,292.97,89.96,206.90,1,-1,-1,-1
198,254,1500.77,288.36,93.14,206.01,1,-1,-1,-1
199,253,324.50,280.66,89.67,206.55,1,-1,-1,-1
199,254,1495.30,268.95,93.25,207.16,1,-1,-1,-1
200,253,327.20,270.23,90.50,207.40,1,-1,-1,-1
200,254,1490.21,257.93,92.06,205.50,1,-1,-1,-1
201,253,333.76,257.90,88.96,205.65,1,-1,-1,-1
201,254,1486.67,248.84,91.40,204.39,1,-1,-1,-1
202,253,335.98,246.47,89.99,207.13,1,-1,-1,-1
202,254,1480.49,237.09,92.91,207.87,1,-1,-1,-1
203,253,341.60,229.00,90.11,206.71,1,-1,-1,-1
203,254,1473.81,219.01,92.77,208.39,1,-1,-1,-1
204,253,348.21,221.84,90.27,207.39,1,-1,-1,-1
204,254,1469.66,211.44,92.73,208.54,1,-1,-1,-1
205,253,355.99,209.93,89.37,206.53,1,-1,-1,-1
205,254,1463.59,204.74,92.38,209.10,1,-1,-1,-1
206,253,364.81,195.80,88.30,205.67,1,-1,-1,-1
206,254,1457.87,199.39,90.61,206.33,1,-1,-1,-1
207,253,372.41,192.75,88.77,207.79,1,-1,-1,-1
207,254,1450.02,189.80,90.74,208.02,1,-1,-1,-1
208,253,376.58,177.70,88.75,207.37,1,-1,-1,-1
208,254,1443.20,177.84,89.16,205.48,1,-1,-1,-1
209,253,384.46,174.58,86.89,205.18,1,-1,-1,-1
209,254,1438.36,167.58,88.28,204.80,1,-1,-1,-1
210,253,392.75,168.08,86.00,204.11,1,-1,-1,-1
210,254,1432.05,160.54,87.19,203.04,1,-1,-1,-1
211,253,401.55,162.09,84.02,201.13,1,-1,-1,-1
211,254,1423.99,151.06,88.26,204.45,1,-1,-1,-1
212,253,409.07,157.29,85.35,203.81,1,-1,-1,-1
212,254,1413.32,146.33,87.34,201.53,1,-1,-1,-1
213,253,417.52,150.72,84.91,203.52,1,-1,-1,-1
213,254,1404.61,149.27,86.32,200.17,1,-1,-1,-1
214,253,429.04,148.40,84.95,204.26,1,-1,-1,-1
214,254,1396.15,141.66,85.21,198.47,1,-1,-1,-1
215,253,438.40,140.35,84.80,203.50,1,-1,-1,-1
215,254,1386.71,142.69,85.02,198.99,1,-1,-1,-1
216,253,449.08,137.21,83.47,202.25,1,-1,-1,-1
216,254,1377.65,134.06,85.50,198.91,1,-1,-1,-1
217,253,457.69,131.56,83.72,202.80,1,-1,-1,-1
217,254,1368.27,131.86,85.21,199.00,1,-1,-1,-1
218,253,465.99,130.96,84.85,205.01,1,-1,-1,-1
218,254,1356.48,133.55,86.39,200.99,1,-1,-1,-1
219,253,478.79,129.48,83.88,204.25,1,-1,-1,-1
219,254,1346.33,136.12,86.36,199.79,1,-1,-1,-1
220,253,489.30,129.51,83.03,202.36,1,-1,-1,-1
220,254,1336.52,133.91,84.86,197.99,1,-1,-1,-1
221,253,498.35,129.73,83.77,202.72,1,-1,-1,-1
221,254,1323.45,136.39,86.58,200.99,1,-1,-1,-1
222,253,511.41,137.37,83.95,203.97,1,-1,-1,-1
222,254,1312.95,142.94,85.92,200.78,1,-1,-1,-1
223,253,521.95,141.10,84.40,204.62,1,-1,-1,-1
223,254,1300.84,144.08,85.74,200.17,1,-1,-1,-1
224,253,535.37,135.50,82.75,201.92,1,-1,-1,-1
224,254,1289.33,144.34,86.72,201.32,1,-1,-1,-1
225,253,546.30,137.74,82.75,202.00,1,-1,-1,-1
225,254,1276.41,145.74,86.07,200.29,1,-1,-1,-1
226,253,561.18,140.28,80.82,199.02,1,-1,-1,-1
226,254,1265.33,147.40,85.54,200.13,1,-1,-1,-1
227,253,571.67,152.53,82.45,203.03,1,-1,-1,-1
227,254,1252.32,157.11,85.77,199.83,1,-1,-1,-1
228,253,584.86,158.05,81.97,203.51,1,-1,-1,-1
228,254,1240.01,165.70,86.45,200.82,1,-1,-1,-1
229,253,596.29,160.59,81.66,202.45,1,-1,-1,-1
229,254,1225.98,169.57,87.23,202.31,1,-1,-1,-1
230,253,608.84,167.32,83.06,204.59,1,-1,-1,-1
230,254,1211.45,174.99,87.71,204.33,1,-1,-1,-1
231,253,623.80,175.97,82.96,204.60,1,-1,-1,-1
231,254,1199.16,187.29,87.87,205.87,1,-1,-1,-1
232,253,634.43,192.03,84.96,207.14,1,-1,-1,-1
232,254,1185.80,192.19,87.79,204.95,1,-1,-1,-1
233,253,649.16,193.76,84.59,207.42,1,-1,-1,-1
233,254,1170.77,199.33,88.25,205.87,1,-1,-1,-1
234,253,663.23,209.18,85.32,209.56,1,-1,-1,-1
234,254,1155.75,217.45,87.90,205.26,1,-1,-1,-1
235,253,675.39,222.34,84.45,207.98,1,-1,-1,-1
235,254,1142.38,228.91,88.40,207.04,1,-1,-1,-1
236,253,689.04,229.00,85.48,209.16,1,-1,-1,-1
236,254,1127.82,232.76,88.72,208.27,1,-1,-1,-1
237,253,704.34,238.28,85.03,208.61,1,-1,-1,-1
237,254,1113.23,244.92,87.45,206.35,1,-1,-1,-1
238,253,719.08,251.39,85.55,208.76,1,-1,-1,-1
238,254,1098.56,264.63,87.44,206.59,1,-1,-1,-1
239,253,734.82,264.57,84.87,207.11,1,-1,-1,-1
239,254,1086.41,279.19,86.75,203.59,1,-1,-1,-1
240,253,748.04,278.14,84.14,205.41,1,-1,-1,-1
240,254,1071.84,288.25,86.80,204.40,1,-1,-1,-1
241,253,762.87,295.51,83.69,205.33,1,-1,-1,-1
241,254,1058.46,304.67,85.97,201.44,1,-1,-1,-1
242,253,777.29,311.65,84.16,205.52,1,-1,-1,-1
242,254,1043.03,314.36,85.76,200.36,1,-1,-1,-1
243,253,792.92,320.33,84.60,207.04,1,-1,-1,-1
243,254,1027.92,328.81,84.89,198.64,1,-1,-1,-1
244,253,808.53,334.01,85.31,208.47,1,-1,-1,-1
244,254,1012.55,340.21,84.68,197.38,1,-1,-1,-1
245,253,823.46,352.30,85.90,209.74,1,-1,-1,-1
245,254,996.29,363.11,85.36,198.90,1,-1,-1,-1
246,253,839.19,363.80,85.92,210.87,1,-1,-1,-1
246,254,982.95,376.47,86.00,200.35,1,-1,-1,-1
247,253,854.73,384.48,85.60,210.43,1,-1,-1,-1
247,254,968.36,388.19,86.78,201.15,1,-1,-1,-1
248,253,867.88,396.38,84.24,206.73,1,-1,-1,-1
248,254,954.01,405.45,87.38,203.54,1,-1,-1,-1
249,253,883.22,410.92,83.28,205.49,1,-1,-1,-1
249,254,952.26,417.74,86.69,205.92,1,-1,-1,-1
250,253,898.82,430.84,82.97,205.35,1,-1,-1,-1
