1,393,570.20,731.12,101.69,213.19,1,-1,-1,-1
1,394,1567.78,740.76,91.39,210.19,1,-1,-1,-1
1,395,920.31,431.44,90.08,206.18,1,-1,-1,-1
2,393,571.35,726.93,101.19,212.09,1,-1,-1,-1
2,394,1567.23,740.40,91.59,210.60,1,-1,-1,-1
2,395,925.33,439.88,89.84,205.41,1,-1,-1,-1
3,393,575.68,725.24,100.86,211.57,1,-1,-1,-1
3,394,1565.70,745.45,92.63,212.89,1,-1,-1,-1
3,395,926.80,447.41,89.89,205.12,1,-1,-1,-1
4,393,578.44,718.60,100.25,210.57,1,-1,-1,-1
4,394,1564.25,747.62,94.12,216.18,1,-1,-1,-1
4,395,928.52,457.24,89.01,203.01,1,-1,-1,-1
5,393,579.54,716.46,100.68,211.15,1,-1,-1,-1
5,394,1563.48,747.54,94.20,216.34,1,-1,-1,-1
5,395,932.51,464.94,89.59,204.17,1,-1,-1,-1
6,393,580.61,710.89,99.87,209.16,1,-1,-1,-1
6,394,1560.26,751.10,92.47,213.02,1,-1,-1,-1
6,395,933.38,475.96,91.25,207.61,1,-1,-1,-1
7,393,583.57,703.79,101.10,211.97,1,-1,-1,-1
7,394,1558.41,758.40,91.66,211.25,1,-1,-1,-1
7,395,934.15,486.47,91.55,207.82,1,-1,-1,-1
8,393,585.33,701.03,100.84,211.21,1,-1,-1,-1
8,394,1557.07,759.67,91.80,211.67,1,-1,-1,-1
8,395,934.34,493.98,92.35,209.40,1,-1,-1,-1
9,393,586.38,693.69,100.81,210.87,1,-1,-1,-1
9,394,1556.21,764.17,92.19,212.82,1,-1,-1,-1
9,395,935.47,503.33,92.11,208.56,1,-1,-1,-1
10,393,590.11,687.85,101.54,212.60,1,-1,-1,-1
10,394,1552.82,766.70,91.06,210.32,1,-1,-1,-1
10,395,939.18,510.89,92.37,209.48,1,-1,-1,-1
11,393,592.52,680.84,101.07,212.29,1,-1,-1,-1
11,394,1551.02,768.58,90.92,210.36,1,-1,-1,-1
11,395,941.42,515.49,92.07,208.09,1,-1,-1,-1
12,393,595.06,671.79,99.53,209.83,1,-1,-1,-1
12,394,1548.90,768.38,92.19,213.14,1,-1,-1,-1
12,395,942.91,525.63,92.09,207.56,1,-1,-1,-1
13,393,596.95,668.65,98.52,207.88,1,-1,-1,-1
13,394,1548.53,773.04,91.33,211.87,1,-1,-1,-1
13,395,947.17,535.42,91.94,206.93,1,-1,-1,-1
14,393,599.45,659.51,99.62,209.29,1,-1,-1,-1
14,394,1544.52,776.03,91.37,212.21,1,-1,-1,-1
14,395,948.99,539.14,92.69,208.44,1,-1,-1,-1
15,393,600.84,653.12,100.21,209.68,1,-1,-1,-1
15,394,1542.77,779.86,90.97,211.15,1,-1,-1,-1
15,395,950.59,550.82,92.25,207.30,1,-1,-1,-1
16,393,601.56,645.76,100.30,209.35,1,-1,-1,-1
16,394,1541.48,781.95,91.16,211.31,1,-1,-1,-1
16,395,951.52,560.70,92.17,206.91,1,-1,-1,-1
17,393,603.53,640.93,99.77,209.50,1,-1,-1,-1
17,394,1540.69,781.74,90.86,211.32,1,-1,-1,-1
17,395,955.14,567.39,92.78,208.61,1,-1,-1,-1
18,393,604.29,634.48,99.59,209.04,1,-1,-1,-1
18,394,1536.75,779.21,90.76,211.06,1,-1,-1,-1
18,395,957.30,577.07,92.66,207.33,1,-1,-1,-1
19,393,607.42,624.58,100.09,210.32,1,-1,-1,-1
19,394,1535.03,781.49,90.74,211.38,1,-1,-1,-1
19,395,959.00,583.96,92.07,206.46,1,-1,-1,-1
20,393,609.86,617.38,99.74,209.85,1,-1,-1,-1
20,394,1533.91,781.09,90.81,211.70,1,-1,-1,-1
20,395,959.92,592.47,91.83,206.34,1,-1,-1,-1
21,393,611.83,610.47,98.80,208.18,1,-1,-1,-1
21,394,1532.83,781.86,91.27,213.30,1,-1,-1,-1
21,395,963.67,600.45,91.56,206.08,1,-1,-1,-1
22,393,613.15,606.48,98.43,207.15,1,-1,-1,-1
22,394,1528.90,783.17,91.11,213.13,1,-1,-1,-1
22,395,965.70,608.99,91.62,206.48,1,-1,-1,-1
23,393,615.55,596.28,99.19,207.96,1,-1,-1,-1
23,394,1527.25,783.82,90.51,212.36,1,-1,-1,-1
23,395,966.65,616.45,92.33,207.77,1,-1,-1,-1
24,393,618.00,585.48,99.02,208.89,1,-1,-1,-1
24,394,1525.31,781.98,91.61,214.04,1,-1,-1,-1
24,395,967.42,622.70,92.58,208.85,1,-1,-1,-1
25,393,619.84,580.18,98.40,208.75,1,-1,-1,-1
25,394,1524.43,780.21,91.58,214.20,1,-1,-1,-1
25,395,971.02,626.40,93.24,209.64,1,-1,-1,-1
26,393,621.48,571.47,97.52,207.51,1,-1,-1,-1
26,394,1520.67,780.23,91.16,212.90,1,-1,-1,-1
26,395,972.66,631.66,93.61,210.70,1,-1,-1,-1
27,393,625.18,562.25,97.10,206.90,1,-1,-1,-1
27,394,1518.51,777.13,91.30,212.91,1,-1,-1,-1
27,395,974.48,644.36,93.01,208.86,1,-1,-1,-1
28,393,628.32,554.85,95.81,204.94,1,-1,-1,-1
28,394,1517.39,776.28,91.05,213.07,1,-1,-1,-1
28,395,975.78,650.58,92.11,206.41,1,-1,-1,-1
29,393,629.53,547.69,96.18,204.63,1,-1,-1,-1
29,394,1516.36,772.59,91.66,214.34,1,-1,-1,-1
29,395,979.31,656.87,92.70,207.25,1,-1,-1,-1
30,393,633.55,539.99,95.27,203.13,1,-1,-1,-1
30,394,1512.58,773.82,91.13,213.85,1,-1,-1,-1
30,395,981.08,664.82,92.87,207.68,1,-1,-1,-1
31,393,634.72,534.28,96.37,204.81,1,-1,-1,-1
31,394,1510.91,769.30,90.68,213.59,1,-1,-1,-1
31,395,982.18,671.57,93.18,208.09,1,-1,-1,-1
32,393,635.46,526.84,97.06,206.18,1,-1,-1,-1
32,394,1509.87,769.99,90.71,213.88,1,-1,-1,-1
32,395,982.93,679.11,93.35,208.17,1,-1,-1,-1
33,393,637.72,517.58,95.33,203.87,1,-1,-1,-1
33,394,1508.91,765.85,91.01,214.88,1,-1,-1,-1
33,395,985.86,680.98,95.18,211.94,1,-1,-1,-1
34,393,638.91,507.08,94.88,203.68,1,-1,-1,-1
34,394,1505.26,765.31,90.21,212.20,1,-1,-1,-1
34,395,988.24,687.82,94.84,211.55,1,-1,-1,-1
35,393,641.83,496.74,95.61,205.81,1,-1,-1,-1
35,394,1502.96,760.47,90.85,213.31,1,-1,-1,-1
35,395,989.65,694.20,94.88,211.90,1,-1,-1,-1
36,393,643.75,487.39,96.22,206.68,1,-1,-1,-1
36,394,1501.12,756.35,91.88,214.86,1,-1,-1,-1
36,395,990.21,700.73,95.28,212.28,1,-1,-1,-1
37,393,645.55,478.61,96.26,206.94,1,-1,-1,-1
37,394,1500.65,751.94,91.36,214.40,1,-1,-1,-1
37,395,993.86,708.12,95.36,212.37,1,-1,-1,-1
38,393,649.09,471.25,96.15,206.96,1,-1,-1,-1
38,394,1496.76,751.29,90.94,213.08,1,-1,-1,-1
38,395,995.40,712.19,96.05,213.42,1,-1,-1,-1
39,393,651.19,459.37,95.95,207.42,1,-1,-1,-1
39,394,1494.17,748.30,91.74,213.89,1,-1,-1,-1
39,395,996.38,716.46,96.49,214.09,1,-1,-1,-1
40,393,652.18,453.28,96.10,208.38,1,-1,-1,-1
40,394,1492.87,747.44,92.08,214.09,1,-1,-1,-1
40,395,997.33,719.72,96.83,214.44,1,-1,-1,-1
41,393,653.24,445.45,96.03,208.62,1,-1,-1,-1
41,394,1488.85,744.56,91.55,212.00,1,-1,-1,-1
41,395,1000.96,724.99,97.46,216.14,1,-1,-1,-1
42,393,654.67,438.50,95.03,207.31,1,-1,-1,-1
42,394,1487.19,737.42,91.17,211.08,1,-1,-1,-1
42,395,1002.85,731.26,97.30,215.75,1,-1,-1,-1
43,393,658.40,427.19,94.26,205.28,1,-1,-1,-1
43,394,1485.69,730.29,91.72,212.23,1,-1,-1,-1
43,395,1004.31,734.47,97.45,215.59,1,-1,-1,-1
44,393,660.22,416.71,94.69,206.11,1,-1,-1,-1
44,394,1484.30,726.29,92.64,213.54,1,-1,-1,-1
44,395,1005.95,741.16,95.76,212.18,1,-1,-1,-1
45,393,662.10,409.46,94.73,205.84,1,-1,-1,-1
45,394,1483.63,719.98,92.53,213.69,1,-1,-1,-1
45,395,1010.12,744.22,95.62,211.91,1,-1,-1,-1
46,393,663.30,401.89,94.52,204.76,1,-1,-1,-1
46,394,1479.87,716.06,92.02,212.24,1,-1,-1,-1
46,395,1011.83,745.34,95.85,211.88,1,-1,-1,-1
47,393,665.60,390.96,95.75,207.50,1,-1,-1,-1
47,394,1477.56,710.06,92.56,213.07,1,-1,-1,-1
47,395,1013.28,750.74,95.88,212.12,1,-1,-1,-1
48,393,668.95,384.21,94.79,206.75,1,-1,-1,-1
48,394,1476.09,706.91,93.30,214.80,1,-1,-1,-1
48,395,1014.20,756.15,95.47,211.49,1,-1,-1,-1
49,393,670.02,375.21,94.57,207.18,1,-1,-1,-1
49,394,1475.38,700.69,93.31,215.18,1,-1,-1,-1
49,395,1017.53,758.25,96.68,214.22,1,-1,-1,-1
50,393,671.00,367.14,94.26,206.56,1,-1,-1,-1
50,394,1471.92,695.10,92.39,212.97,1,-1,-1,-1
50,395,1019.31,759.80,97.14,214.16,1,-1,-1,-1
51,393,672.02,360.85,93.47,204.55,1,-1,-1,-1
51,394,1470.34,692.02,92.27,213.11,1,-1,-1,-1
51,395,1020.88,760.75,96.73,213.00,1,-1,-1,-1
52,393,675.23,352.36,93.90,205.56,1,-1,-1,-1
52,394,1469.28,682.60,91.67,212.09,1,-1,-1,-1
52,395,1025.88,768.41,94.52,208.12,1,-1,-1,-1
53,393,677.50,344.58,93.95,205.21,1,-1,-1,-1
53,394,1468.22,678.93,91.68,212.46,1,-1,-1,-1
53,395,1027.99,771.26,93.80,207.03,1,-1,-1,-1
54,393,678.64,335.22,94.60,206.20,1,-1,-1,-1
54,394,1464.40,670.87,91.59,211.57,1,-1,-1,-1
54,395,1029.37,775.82,93.48,206.82,1,-1,-1,-1
55,393,682.02,327.40,94.28,205.80,1,-1,-1,-1
55,394,1462.19,662.65,91.88,212.03,1,-1,-1,-1
55,395,1030.37,777.21,92.98,205.93,1,-1,-1,-1
56,393,684.17,316.45,93.98,206.13,1,-1,-1,-1
56,394,1460.69,659.23,92.30,212.59,1,-1,-1,-1
56,395,1030.95,778.02,93.77,207.85,1,-1,-1,-1
57,393,685.85,307.57,93.40,205.90,1,-1,-1,-1
57,394,1456.48,653.94,91.79,210.24,1,-1,-1,-1
57,395,1034.17,777.09,94.99,211.18,1,-1,-1,-1
58,393,687.49,299.37,92.43,204.78,1,-1,-1,-1
58,394,1454.91,647.35,91.64,209.57,1,-1,-1,-1
58,395,1036.17,777.10,94.78,210.40,1,-1,-1,-1
59,393,688.82,291.51,91.94,204.24,1,-1,-1,-1
59,394,1453.93,639.88,91.62,209.15,1,-1,-1,-1
59,395,1037.63,780.89,94.62,210.17,1,-1,-1,-1
60,393,691.64,282.83,92.13,204.83,1,-1,-1,-1
60,394,1452.80,630.25,92.09,210.32,1,-1,-1,-1
60,395,1041.68,779.01,94.62,210.09,1,-1,-1,-1
61,393,693.85,275.18,92.12,205.22,1,-1,-1,-1
61,394,1451.73,621.83,92.59,211.44,1,-1,-1,-1
61,395,1043.82,778.54,94.07,209.68,1,-1,-1,-1
62,393,696.01,267.75,91.60,204.75,1,-1,-1,-1
62,394,1448.64,614.93,91.00,208.60,1,-1,-1,-1
62,395,1044.64,777.54,94.82,210.73,1,-1,-1,-1
63,393,696.53,262.57,92.05,205.18,1,-1,-1,-1
63,394,1447.13,608.89,90.17,207.10,1,-1,-1,-1
63,395,1045.74,781.30,95.26,212.04,1,-1,-1,-1
64,393,696.37,255.10,93.15,206.72,1,-1,-1,-1
64,394,1445.23,604.69,91.08,208.35,1,-1,-1,-1
64,395,1046.45,778.21,95.46,212.05,1,-1,-1,-1
65,393,700.56,243.58,92.82,207.99,1,-1,-1,-1
65,394,1444.35,595.00,91.04,209.22,1,-1,-1,-1
65,395,1049.66,775.86,96.42,214.21,1,-1,-1,-1
66,393,702.12,235.71,92.26,206.22,1,-1,-1,-1
66,394,1440.97,590.25,89.93,206.37,1,-1,-1,-1
66,395,1051.76,779.94,95.82,213.42,1,-1,-1,-1
67,393,703.52,229.57,92.46,205.93,1,-1,-1,-1
67,394,1438.65,579.48,90.30,207.27,1,-1,-1,-1
67,395,1053.26,781.86,95.06,211.65,1,-1,-1,-1
68,393,707.17,220.42,92.25,205.45,1,-1,-1,-1
68,394,1437.77,570.91,90.10,207.64,1,-1,-1,-1
68,395,1054.48,781.29,94.74,211.32,1,-1,-1,-1
69,393,709.90,216.62,91.62,203.82,1,-1,-1,-1
69,394,1433.52,562.59,90.20,207.31,1,-1,-1,-1
69,395,1058.64,778.67,94.34,210.65,1,-1,-1,-1
70,393,711.62,211.06,91.21,202.67,1,-1,-1,-1
70,394,1432.10,558.89,89.26,205.58,1,-1,-1,-1
70,395,1060.51,780.33,94.27,210.89,1,-1,-1,-1
71,393,712.57,204.70,90.99,201.60,1,-1,-1,-1
71,394,1431.19,552.83,88.43,204.49,1,-1,-1,-1
71,395,1061.55,776.25,94.11,210.26,1,-1,-1,-1
72,393,715.78,196.37,91.27,203.04,1,-1,-1,-1
72,394,1429.64,540.60,89.09,206.39,1,-1,-1,-1
72,395,1062.48,773.98,94.22,210.71,1,-1,-1,-1
73,393,717.72,191.02,91.46,204.42,1,-1,-1,-1
73,394,1426.63,536.18,87.69,203.94,1,-1,-1,-1
73,395,1065.76,773.51,95.54,213.64,1,-1,-1,-1
74,393,718.52,186.73,91.55,204.70,1,-1,-1,-1
74,394,1425.01,527.97,87.51,204.25,1,-1,-1,-1
74,395,1067.46,772.14,95.69,213.83,1,-1,-1,-1
75,393,719.84,178.17,91.74,204.65,1,-1,-1,-1
75,394,1424.03,516.60,87.16,203.82,1,-1,-1,-1
75,395,1068.94,768.99,95.55,212.96,1,-1,-1,-1
76,393,723.29,175.31,91.82,204.80,1,-1,-1,-1
76,394,1422.66,506.62,87.85,205.34,1,-1,-1,-1
76,395,1069.85,766.76,95.69,213.32,1,-1,-1,-1
77,393,725.93,169.15,91.58,204.13,1,-1,-1,-1
77,394,1418.72,496.96,87.92,203.84,1,-1,-1,-1
77,395,1073.75,759.40,96.11,214.04,1,-1,-1,-1
78,393,727.14,162.85,91.41,203.75,1,-1,-1,-1
78,394,1416.87,489.71,87.90,203.69,1,-1,-1,-1
78,395,1075.72,752.65,96.27,214.82,1,-1,-1,-1
79,393,727.53,155.12,91.60,203.10,1,-1,-1,-1
79,394,1415.24,482.60,88.27,203.93,1,-1,-1,-1
79,395,1076.63,753.52,96.48,214.83,1,-1,-1,-1
80,393,730.88,150.64,91.72,203.56,1,-1,-1,-1
80,394,1414.35,473.68,88.24,203.99,1,-1,-1,-1
80,395,1080.33,747.93,98.04,217.74,1,-1,-1,-1
81,393,732.81,145.29,92.09,205.59,1,-1,-1,-1
81,394,1411.17,467.31,87.04,201.75,1,-1,-1,-1
81,395,1081.54,744.63,99.57,221.16,1,-1,-1,-1
82,393,733.87,143.40,92.17,205.66,1,-1,-1,-1
82,394,1409.68,460.49,86.61,201.13,1,-1,-1,-1
82,395,1082.96,740.52,99.35,220.29,1,-1,-1,-1
83,393,735.97,138.73,91.24,203.22,1,-1,-1,-1
83,394,1408.45,450.28,86.29,200.91,1,-1,-1,-1
83,395,1084.87,739.82,97.66,216.25,1,-1,-1,-1
84,393,738.98,132.18,91.82,204.68,1,-1,-1,-1
84,394,1407.03,441.15,86.87,202.53,1,-1,-1,-1
84,395,1088.67,734.38,97.54,215.38,1,-1,-1,-1
85,393,741.02,130.15,91.67,204.00,1,-1,-1,-1
85,394,1402.99,433.09,87.02,202.71,1,-1,-1,-1
85,395,1090.47,731.66,97.78,215.18,1,-1,-1,-1
86,393,742.08,123.99,91.56,203.58,1,-1,-1,-1
86,394,1401.25,420.53,87.00,203.04,1,-1,-1,-1
86,395,1091.09,723.95,98.55,216.97,1,-1,-1,-1
87,393,744.01,124.86,90.89,202.91,1,-1,-1,-1
87,394,1399.25,408.46,87.93,204.95,1,-1,-1,-1
87,395,1092.13,723.00,97.93,215.55,1,-1,-1,-1
88,393,744.38,117.18,91.96,205.28,1,-1,-1,-1
88,394,1398.19,402.67,87.38,203.99,1,-1,-1,-1
88,395,1092.91,716.96,98.09,216.31,1,-1,-1,-1
89,393,748.16,114.61,91.46,205.57,1,-1,-1,-1
89,394,1393.71,392.15,88.47,205.40,1,-1,-1,-1
89,395,1096.58,709.53,98.48,216.73,1,-1,-1,-1
90,393,749.40,112.26,91.58,205.52,1,-1,-1,-1
90,394,1391.82,385.04,88.40,205.15,1,-1,-1,-1
90,395,1098.49,706.18,98.35,216.28,1,-1,-1,-1
91,393,751.82,110.50,91.00,203.84,1,-1,-1,-1
91,394,1390.93,377.97,88.12,205.15,1,-1,-1,-1
91,395,1099.98,696.05,98.54,216.31,1,-1,-1,-1
92,393,755.12,107.58,91.44,204.72,1,-1,-1,-1
92,394,1389.71,368.80,88.83,206.29,1,-1,-1,-1
92,395,1100.97,691.05,97.96,215.35,1,-1,-1,-1
93,393,757.84,105.75,91.13,203.91,1,-1,-1,-1
93,394,1385.82,360.09,89.08,205.52,1,-1,-1,-1
93,395,1104.72,688.84,98.04,216.16,1,-1,-1,-1
94,393,759.75,100.63,90.82,203.96,1,-1,-1,-1
94,394,1383.60,351.29,89.74,206.23,1,-1,-1,-1
94,395,1106.29,683.56,98.65,216.62,1,-1,-1,-1
95,393,760.83,99.12,90.54,204.45,1,-1,-1,-1
95,394,1381.98,343.30,89.99,206.97,1,-1,-1,-1
95,395,1108.17,677.05,97.49,213.78,1,-1,-1,-1
96,393,761.41,98.11,90.89,205.45,1,-1,-1,-1
96,394,1380.32,333.70,91.34,208.85,1,-1,-1,-1
96,395,1108.85,665.69,97.87,214.30,1,-1,-1,-1
97,393,764.43,95.81,90.62,204.91,1,-1,-1,-1
97,394,1377.23,322.12,90.36,207.63,1,-1,-1,-1
97,395,1112.19,659.43,98.90,215.80,1,-1,-1,-1
98,393,767.11,96.88,90.21,204.02,1,-1,-1,-1
98,394,1375.07,311.70,90.65,207.86,1,-1,-1,-1
98,395,1114.00,656.64,99.37,216.46,1,-1,-1,-1
99,393,768.11,96.46,90.58,203.53,1,-1,-1,-1
99,394,1373.98,307.14,90.94,208.53,1,-1,-1,-1
99,395,1114.97,651.29,99.46,215.38,1,-1,-1,-1
100,393,771.87,94.90,90.54,203.62,1,-1,-1,-1
100,394,1372.54,298.07,90.81,208.13,1,-1,-1,-1
100,395,1116.49,645.25,98.47,213.08,1,-1,-1,-1
101,393,773.25,92.14,91.62,205.07,1,-1,-1,-1
101,394,1369.38,289.80,90.10,206.87,1,-1,-1,-1
101,395,1120.20,636.87,98.93,213.91,1,-1,-1,-1
102,393,775.06,94.62,90.75,202.87,1,-1,-1,-1
102,394,1367.48,281.55,89.84,206.39,1,-1,-1,-1
102,395,1121.64,633.11,99.73,215.24,1,-1,-1,-1
103,393,775.93,91.73,91.23,203.18,1,-1,-1,-1
103,394,1365.34,273.53,90.33,207.96,1,-1,-1,-1
103,395,1122.75,622.71,99.81,215.25,1,-1,-1,-1
104,393,779.35,90.08,90.65,202.11,1,-1,-1,-1
104,394,1363.98,264.85,91.26,210.17,1,-1,-1,-1
104,395,1123.90,613.53,99.14,213.76,1,-1,-1,-1
105,393,779.94,89.52,92.45,205.82,1,-1,-1,-1
105,394,1360.78,257.19,90.54,209.00,1,-1,-1,-1
105,395,1127.12,605.03,100.43,216.33,1,-1,-1,-1
106,393,781.82,89.51,91.71,203.99,1,-1,-1,-1
106,394,1359.09,248.86,90.15,209.29,1,-1,-1,-1
106,395,1128.78,596.62,100.75,216.23,1,-1,-1,-1
107,393,783.70,91.04,91.53,203.90,1,-1,-1,-1
107,394,1357.56,237.93,91.24,211.94,1,-1,-1,-1
107,395,1130.54,588.55,99.61,214.18,1,-1,-1,-1
108,393,787.54,94.30,91.19,203.23,1,-1,-1,-1
108,394,1356.45,233.53,91.66,212.92,1,-1,-1,-1
108,395,1132.67,583.65,98.01,211.01,1,-1,-1,-1
109,393,788.90,91.36,91.93,203.82,1,-1,-1,-1
109,394,1355.90,223.03,91.41,213.58,1,-1,-1,-1
109,395,1135.90,573.63,98.89,212.31,1,-1,-1,-1
110,393,790.55,93.80,92.23,203.95,1,-1,-1,-1
110,394,1352.81,219.99,90.02,211.79,1,-1,-1,-1
110,395,1138.02,565.60,98.58,212.14,1,-1,-1,-1
111,393,791.79,94.70,92.45,204.33,1,-1,-1,-1
111,394,1350.83,214.78,89.45,211.43,1,-1,-1,-1
111,395,1138.90,556.82,98.86,212.88,1,-1,-1,-1
112,393,794.31,96.65,93.53,207.08,1,-1,-1,-1
112,394,1346.25,208.59,89.28,210.64,1,-1,-1,-1
112,395,1140.34,549.81,97.65,211.01,1,-1,-1,-1
113,393,797.61,98.42,92.19,205.14,1,-1,-1,-1
113,394,1344.41,200.94,88.84,209.56,1,-1,-1,-1
113,395,1140.95,541.62,97.96,211.45,1,-1,-1,-1
114,393,798.97,98.80,92.05,204.99,1,-1,-1,-1
114,394,1343.80,193.58,87.87,208.20,1,-1,-1,-1
114,395,1144.62,532.22,98.41,212.85,1,-1,-1,-1
115,393,800.94,104.60,90.56,201.97,1,-1,-1,-1
115,394,1342.70,185.41,87.68,208.30,1,-1,-1,-1
115,395,1147.01,526.08,97.83,212.13,1,-1,-1,-1
116,393,800.43,106.43,92.19,203.80,1,-1,-1,-1
116,394,1342.43,180.40,87.52,208.79,1,-1,-1,-1
116,395,1149.30,518.66,96.18,209.14,1,-1,-1,-1
117,393,804.57,106.83,91.17,201.70,1,-1,-1,-1
117,394,1339.04,176.70,86.50,207.05,1,-1,-1,-1
117,395,1149.94,509.77,96.24,209.36,1,-1,-1,-1
118,393,806.32,110.65,91.49,202.31,1,-1,-1,-1
118,394,1336.91,169.30,86.38,206.51,1,-1,-1,-1
118,395,1153.14,500.89,97.20,211.74,1,-1,-1,-1
119,393,808.25,113.06,90.95,201.60,1,-1,-1,-1
119,394,1335.52,163.08,85.76,205.80,1,-1,-1,-1
119,395,1155.62,489.84,96.34,210.56,1,-1,-1,-1
120,393,811.74,114.90,91.28,203.63,1,-1,-1,-1
120,394,1334.85,158.12,86.10,207.42,1,-1,-1,-1
120,395,1157.12,485.53,95.49,209.37,1,-1,-1,-1
121,393,813.96,119.05,90.78,203.21,1,-1,-1,-1
121,394,1331.47,151.49,85.54,206.40,1,-1,-1,-1
121,395,1161.35,473.73,95.59,209.55,1,-1,-1,-1
122,393,814.86,121.58,90.54,202.63,1,-1,-1,-1
122,394,1330.52,146.83,84.19,204.61,1,-1,-1,-1
122,395,1163.20,463.85,95.66,209.01,1,-1,-1,-1
123,393,815.97,127.24,90.38,201.17,1,-1,-1,-1
123,394,1329.45,142.28,84.32,205.95,1,-1,-1,-1
123,395,1164.87,456.40,95.20,208.34,1,-1,-1,-1
124,393,819.37,129.31,90.89,202.32,1,-1,-1,-1
124,394,1327.87,136.64,84.79,206.99,1,-1,-1,-1
124,395,1165.81,448.03,94.99,208.02,1,-1,-1,-1
125,393,821.18,134.53,91.30,202.37,1,-1,-1,-1
125,394,1324.02,133.71,84.85,206.32,1,-1,-1,-1
125,395,1166.84,440.22,94.36,206.66,1,-1,-1,-1
126,393,823.36,141.82,91.31,202.68,1,-1,-1,-1
126,394,1322.25,130.12,84.20,205.58,1,-1,-1,-1
126,395,1170.34,432.03,94.43,206.67,1,-1,-1,-1
127,393,823.73,146.17,91.89,202.54,1,-1,-1,-1
127,394,1320.93,122.49,84.11,206.65,1,-1,-1,-1
127,395,1172.14,424.73,94.86,207.29,1,-1,-1,-1
128,393,826.53,146.49,92.83,205.15,1,-1,-1,-1
128,394,1319.99,118.93,83.93,207.37,1,-1,-1,-1
128,395,1174.07,417.85,94.53,206.51,1,-1,-1,-1
129,393,828.76,151.42,92.21,204.26,1,-1,-1,-1
129,394,1316.20,117.18,83.72,206.94,1,-1,-1,-1
129,395,1175.40,410.10,93.83,205.12,1,-1,-1,-1
130,393,829.91,155.18,92.35,204.58,1,-1,-1,-1
130,394,1314.77,112.98,83.10,206.12,1,-1,-1,-1
130,395,1178.51,400.66,94.08,205.79,1,-1,-1,-1
131,393,831.29,160.29,92.93,205.72,1,-1,-1,-1
131,394,1313.05,107.34,83.01,205.90,1,-1,-1,-1
131,395,1180.83,388.44,93.51,204.34,1,-1,-1,-1
132,393,834.54,163.54,93.15,206.05,1,-1,-1,-1
132,394,1308.72,105.61,83.58,206.05,1,-1,-1,-1
132,395,1182.41,383.88,93.44,203.77,1,-1,-1,-1
133,393,836.89,172.89,93.20,205.67,1,-1,-1,-1
133,394,1307.46,104.79,83.13,205.34,1,-1,-1,-1
133,395,1182.91,376.43,93.71,204.12,1,-1,-1,-1
134,393,838.96,179.76,92.07,203.17,1,-1,-1,-1
134,394,1306.14,100.29,82.56,203.79,1,-1,-1,-1
134,395,1183.86,364.07,93.03,202.96,1,-1,-1,-1
135,393,840.03,184.09,92.39,204.15,1,-1,-1,-1
135,394,1304.78,98.61,82.76,204.32,1,-1,-1,-1
135,395,1187.39,355.16,92.93,203.42,1,-1,-1,-1
136,393,843.30,190.41,92.43,205.31,1,-1,-1,-1
136,394,1303.79,94.69,83.60,206.72,1,-1,-1,-1
136,395,1188.64,345.76,93.48,205.85,1,-1,-1,-1
137,393,844.98,197.99,92.49,205.51,1,-1,-1,-1
137,394,1300.31,91.50,82.63,204.91,1,-1,-1,-1
137,395,1190.03,335.81,93.77,207.08,1,-1,-1,-1
138,393,846.24,203.18,92.09,203.64,1,-1,-1,-1
138,394,1299.77,95.57,80.92,202.20,1,-1,-1,-1
138,395,1193.76,323.21,94.19,208.65,1,-1,-1,-1
139,393,846.89,211.63,93.78,206.96,1,-1,-1,-1
139,394,1298.26,92.95,80.78,202.36,1,-1,-1,-1
139,395,1195.74,316.67,93.75,209.19,1,-1,-1,-1
140,393,850.74,215.82,93.79,207.03,1,-1,-1,-1
140,394,1297.61,93.46,81.35,204.42,1,-1,-1,-1
140,395,1197.91,311.16,92.38,207.42,1,-1,-1,-1
141,393,852.69,225.35,93.62,206.12,1,-1,-1,-1
141,394,1294.50,90.70,80.59,203.19,1,-1,-1,-1
141,395,1198.91,302.66,92.32,207.63,1,-1,-1,-1
142,393,854.57,231.94,93.35,205.63,1,-1,-1,-1
142,394,1291.90,90.30,80.89,204.05,1,-1,-1,-1
142,395,1199.90,294.54,92.07,208.85,1,-1,-1,-1
143,393,858.19,239.56,93.41,206.75,1,-1,-1,-1
143,394,1290.49,85.54,80.36,203.90,1,-1,-1,-1
143,395,1203.20,286.28,91.76,209.85,1,-1,-1,-1
144,393,860.57,244.01,92.69,206.33,1,-1,-1,-1
144,394,1286.31,87.67,80.73,203.91,1,-1,-1,-1
144,395,1205.38,278.45,90.88,209.91,1,-1,-1,-1
145,393,862.18,254.70,92.06,205.99,1,-1,-1,-1
145,394,1284.29,87.67,80.55,203.14,1,-1,-1,-1
145,395,1207.32,271.34,89.33,207.17,1,-1,-1,-1
146,393,863.45,263.46,91.69,205.38,1,-1,-1,-1
146,394,1282.97,84.99,80.46,203.02,1,-1,-1,-1
146,395,1209.07,264.64,88.66,206.75,1,-1,-1,-1
147,393,864.71,268.09,91.03,203.49,1,-1,-1,-1
147,394,1282.03,87.57,80.22,202.55,1,-1,-1,-1
147,395,1213.18,256.88,88.01,205.87,1,-1,-1,-1
148,393,867.34,277.17,92.35,205.59,1,-1,-1,-1
148,394,1278.52,86.16,80.03,201.33,1,-1,-1,-1
148,395,1215.55,248.13,87.70,205.84,1,-1,-1,-1
149,393,869.51,285.27,92.53,206.11,1,-1,-1,-1
149,394,1278.03,89.62,79.19,199.06,1,-1,-1,-1
149,395,1217.02,240.74,87.00,205.18,1,-1,-1,-1
150,393,871.59,295.82,91.82,203.92,1,-1,-1,-1
150,394,1277.33,91.31,78.67,198.46,1,-1,-1,-1
150,395,1218.28,233.84,87.48,206.69,1,-1,-1,-1
151,393,874.94,303.01,92.09,205.08,1,-1,-1,-1
151,394,1274.75,91.85,79.55,200.76,1,-1,-1,-1
151,395,1222.07,227.48,86.53,204.59,1,-1,-1,-1
152,393,877.05,307.13,92.01,205.29,1,-1,-1,-1
152,394,1270.43,91.50,79.10,198.75,1,-1,-1,-1
152,395,1224.93,222.72,87.04,205.34,1,-1,-1,-1
153,393,877.51,316.31,92.90,206.95,1,-1,-1,-1
153,394,1268.81,96.53,78.60,197.92,1,-1,-1,-1
153,395,1226.45,216.75,86.54,204.49,1,-1,-1,-1
154,393,879.22,321.36,92.58,206.16,1,-1,-1,-1
154,394,1268.28,99.21,77.61,195.95,1,-1,-1,-1
154,395,1230.13,209.41,87.98,207.16,1,-1,-1,-1
155,393,882.73,328.47,92.07,205.93,1,-1,-1,-1
155,394,1267.68,97.91,76.36,193.95,1,-1,-1,-1
155,395,1231.71,200.83,88.13,206.93,1,-1,-1,-1
156,393,884.44,337.39,92.09,205.70,1,-1,-1,-1
156,394,1264.07,97.88,76.28,193.67,1,-1,-1,-1
157,393,886.67,349.42,92.38,206.12,1,-1,-1,-1
157,394,1262.53,103.05,76.01,193.85,1,-1,-1,-1
158,393,888.69,356.67,91.39,203.53,1,-1,-1,-1
158,394,1261.64,103.18,75.19,194.02,1,-1,-1,-1
159,393,891.51,363.31,91.80,205.46,1,-1,-1,-1
160,393,893.03,371.29,91.72,205.10,1,-1,-1,-1
160,394,1253.40,110.21,78.59,204.08,1,-1,-1,-1
161,393,894.76,383.62,91.78,205.48,1,-1,-1,-1
161,394,1251.62,111.27,78.88,205.43,1,-1,-1,-1
162,393,896.24,391.30,91.47,205.94,1,-1,-1,-1
162,394,1250.98,112.75,79.18,206.73,1,-1,-1,-1
163,393,899.34,398.62,91.83,207.21,1,-1,-1,-1
163,394,1250.71,113.79,79.25,207.56,1,-1,-1,-1
164,393,901.80,410.12,91.34,205.42,1,-1,-1,-1
164,394,1246.37,118.34,80.23,208.54,1,-1,-1,-1
165,393,904.14,419.63,91.01,204.37,1,-1,-1,-1
165,394,1244.16,120.17,80.96,209.35,1,-1,-1,-1
166,393,904.98,430.72,91.38,204.92,1,-1,-1,-1
166,394,1243.35,126.93,79.87,206.15,1,-1,-1,-1
167,393,908.54,437.34,90.76,203.12,1,-1,-1,-1
167,394,1242.47,128.81,79.60,205.26,1,-1,-1,-1
168,393,910.34,443.84,91.36,204.69,1,-1,-1,-1
168,394,1241.35,133.37,80.52,206.96,1,-1,-1,-1
169,393,912.39,455.89,90.59,204.10,1,-1,-1,-1
169,394,1238.70,139.03,79.13,203.79,1,-1,-1,-1
170,393,913.39,465.78,89.60,202.46,1,-1,-1,-1
170,394,1237.70,144.70,78.26,202.47,1,-1,-1,-1
171,393,916.68,472.81,90.86,205.25,1,-1,-1,-1
171,394,1236.14,150.16,78.71,204.93,1,-1,-1,-1
172,393,918.53,481.21,91.71,207.04,1,-1,-1,-1
172,394,1234.66,151.92,78.94,206.36,1,-1,-1,-1
173,393,919.95,492.82,92.22,206.80,1,-1,-1,-1
173,394,1231.43,155.76,78.09,204.76,1,-1,-1,-1
174,393,923.09,497.02,93.13,207.91,1,-1,-1,-1
174,394,1229.06,164.85,78.41,205.85,1,-1,-1,-1
175,393,925.25,504.55,92.83,206.82,1,-1,-1,-1
175,394,1227.01,169.63,78.63,206.73,1,-1,-1,-1
176,393,926.42,511.98,93.12,207.34,1,-1,-1,-1
176,394,1223.45,172.42,78.14,205.54,1,-1,-1,-1
177,393,927.63,520.99,93.22,207.96,1,-1,-1,-1
177,394,1222.39,183.11,77.18,204.24,1,-1,-1,-1
178,393,927.91,532.67,93.32,207.72,1,-1,-1,-1
178,394,1221.42,187.40,76.71,204.32,1,-1,-1,-1
178,395,1282.03,105.14,83.14,203.22,1,-1,-1,-1
179,393,930.92,539.14,93.95,208.21,1,-1,-1,-1
179,394,1220.23,194.46,76.90,205.50,1,-1,-1,-1
179,395,1283.29,101.56,81.69,200.98,1,-1,-1,-1
180,393,932.67,549.91,94.25,208.07,1,-1,-1,-1
180,394,1215.63,199.42,78.33,207.85,1,-1,-1,-1
180,395,1284.90,100.80,81.76,199.92,1,-1,-1,-1
181,393,934.95,558.28,94.18,208.51,1,-1,-1,-1
181,394,1212.91,202.89,78.66,208.91,1,-1,-1,-1
181,395,1286.02,100.74,81.39,199.53,1,-1,-1,-1
182,393,938.00,561.54,94.94,209.93,1,-1,-1,-1
182,394,1211.67,209.84,78.16,208.09,1,-1,-1,-1
182,395,1286.47,94.97,81.02,199.59,1,-1,-1,-1
183,393,939.60,572.61,95.15,210.31,1,-1,-1,-1
183,394,1210.84,219.11,78.66,209.46,1,-1,-1,-1
183,395,1286.38,93.40,81.22,199.18,1,-1,-1,-1
184,393,940.71,582.08,95.00,209.48,1,-1,-1,-1
184,394,1207.64,226.23,77.79,207.00,1,-1,-1,-1
184,395,1288.95,94.96,81.72,200.75,1,-1,-1,-1
185,393,941.67,586.60,95.55,210.67,1,-1,-1,-1
185,394,1206.00,232.60,77.88,206.57,1,-1,-1,-1
185,395,1290.66,92.95,82.23,201.23,1,-1,-1,-1
186,393,943.01,597.85,95.20,210.15,1,-1,-1,-1
186,394,1204.39,243.81,78.67,207.72,1,-1,-1,-1
186,395,1292.98,90.84,81.25,199.03,1,-1,-1,-1
187,393,946.11,602.52,95.52,210.70,1,-1,-1,-1
187,394,1202.93,249.50,79.08,207.84,1,-1,-1,-1
187,395,1296.44,90.27,81.77,200.34,1,-1,-1,-1
188,393,948.35,609.63,95.51,209.33,1,-1,-1,-1
188,394,1199.35,258.42,78.39,204.12,1,-1,-1,-1
188,395,1299.42,91.65,80.31,197.92,1,-1,-1,-1
189,393,949.85,617.90,95.83,208.21,1,-1,-1,-1
189,394,1197.35,267.02,78.43,203.35,1,-1,-1,-1
189,395,1301.36,96.56,79.66,196.49,1,-1,-1,-1
190,393,952.69,625.30,96.87,209.74,1,-1,-1,-1
190,394,1195.46,270.77,78.83,202.96,1,-1,-1,-1
190,395,1302.67,95.88,78.83,195.13,1,-1,-1,-1
191,393,953.83,635.18,97.70,209.98,1,-1,-1,-1
191,394,1194.51,279.98,79.47,204.22,1,-1,-1,-1
191,395,1305.43,93.60,79.64,196.57,1,-1,-1,-1
192,393,956.02,640.48,97.79,210.98,1,-1,-1,-1
192,394,1190.94,289.75,79.25,203.19,1,-1,-1,-1
192,395,1307.03,93.03,79.65,196.75,1,-1,-1,-1
193,393,957.34,645.85,97.32,210.46,1,-1,-1,-1
193,394,1189.07,297.78,79.77,203.22,1,-1,-1,-1
193,395,1307.96,93.12,80.26,197.50,1,-1,-1,-1
194,393,957.27,655.57,98.23,211.45,1,-1,-1,-1
194,394,1187.22,304.25,80.96,204.94,1,-1,-1,-1
194,395,1308.59,97.00,81.01,198.44,1,-1,-1,-1
195,393,960.90,662.55,98.27,210.11,1,-1,-1,-1
195,394,1185.72,313.89,81.62,205.90,1,-1,-1,-1
195,395,1309.70,99.50,80.99,197.52,1,-1,-1,-1
196,393,962.90,670.71,98.60,209.68,1,-1,-1,-1
196,394,1181.35,322.24,82.34,206.26,1,-1,-1,-1
196,395,1312.72,99.97,81.65,198.66,1,-1,-1,-1
197,393,963.77,673.95,99.76,210.24,1,-1,-1,-1
197,394,1179.47,329.47,82.93,207.23,1,-1,-1,-1
197,395,1315.08,101.83,81.43,197.98,1,-1,-1,-1
198,393,966.60,679.46,101.31,213.26,1,-1,-1,-1
198,394,1177.51,337.11,83.77,207.83,1,-1,-1,-1
198,395,1316.15,100.50,81.53,198.42,1,-1,-1,-1
199,393,968.54,685.29,101.36,213.28,1,-1,-1,-1
199,394,1176.38,348.07,84.40,208.85,1,-1,-1,-1
199,395,1316.97,99.86,81.78,198.60,1,-1,-1,-1
200,393,970.06,688.78,101.56,213.95,1,-1,-1,-1
200,394,1172.26,354.37,84.45,207.37,1,-1,-1,-1
200,395,1320.10,100.54,82.11,199.65,1,-1,-1,-1
201,393,971.50,694.43,100.82,212.22,1,-1,-1,-1
201,394,1170.04,361.36,85.02,207.66,1,-1,-1,-1
201,395,1322.99,105.85,81.34,197.96,1,-1,-1,-1
202,393,971.63,701.31,101.27,211.81,1,-1,-1,-1
202,394,1168.98,373.60,85.19,207.75,1,-1,-1,-1
202,395,1325.53,110.35,80.10,196.07,1,-1,-1,-1
203,393,974.68,709.85,102.44,213.56,1,-1,-1,-1
203,394,1167.64,379.54,85.59,208.20,1,-1,-1,-1
203,395,1329.33,111.42,79.55,195.12,1,-1,-1,-1
204,393,977.20,711.73,102.53,213.79,1,-1,-1,-1
204,394,1163.38,388.50,86.45,208.76,1,-1,-1,-1
204,395,1331.67,115.25,80.60,197.01,1,-1,-1,-1
205,393,979.04,717.33,102.07,212.81,1,-1,-1,-1
205,394,1161.89,398.97,86.06,206.70,1,-1,-1,-1
205,395,1332.95,116.70,81.11,197.69,1,-1,-1,-1
206,393,981.85,720.01,103.54,215.06,1,-1,-1,-1
206,394,1160.90,406.69,86.16,206.40,1,-1,-1,-1
206,395,1334.15,118.52,81.09,197.21,1,-1,-1,-1
207,393,983.14,724.35,103.98,215.42,1,-1,-1,-1
207,394,1160.32,416.27,85.72,205.88,1,-1,-1,-1
207,395,1337.07,123.44,80.63,197.05,1,-1,-1,-1
208,393,984.59,731.50,103.57,214.65,1,-1,-1,-1
208,394,1159.37,425.82,85.54,205.58,1,-1,-1,-1
208,395,1338.89,125.02,81.47,198.99,1,-1,-1,-1
209,393,985.80,738.25,102.95,213.62,1,-1,-1,-1
209,394,1156.09,435.34,85.07,205.02,1,-1,-1,-1
209,395,1339.47,130.36,81.86,199.91,1,-1,-1,-1
210,393,986.82,744.03,102.23,211.85,1,-1,-1,-1
210,394,1154.34,442.48,85.15,204.57,1,-1,-1,-1
210,395,1340.80,137.33,81.85,199.38,1,-1,-1,-1
211,393,990.26,745.24,103.20,213.24,1,-1,-1,-1
211,394,1152.49,453.89,85.74,204.70,1,-1,-1,-1
211,395,1343.86,144.18,82.49,200.11,1,-1,-1,-1
212,393,993.00,750.85,102.55,212.16,1,-1,-1,-1
212,394,1151.30,460.21,85.98,204.78,1,-1,-1,-1
212,395,1346.37,147.40,82.67,200.12,1,-1,-1,-1
213,393,994.51,752.03,102.39,211.29,1,-1,-1,-1
213,394,1147.56,471.42,85.96,203.86,1,-1,-1,-1
213,395,1348.11,150.18,82.71,199.02,1,-1,-1,-1
214,393,998.07,756.02,102.88,211.62,1,-1,-1,-1
214,394,1145.68,480.26,86.01,202.96,1,-1,-1,-1
214,395,1348.58,154.34,83.31,199.37,1,-1,-1,-1
215,393,999.36,758.70,103.80,214.38,1,-1,-1,-1
215,394,1143.24,489.32,87.68,206.08,1,-1,-1,-1
215,395,1351.30,160.73,84.24,201.95,1,-1,-1,-1
216,393,1001.28,759.20,103.20,214.34,1,-1,-1,-1
216,394,1141.98,497.83,88.25,207.28,1,-1,-1,-1
216,395,1353.33,164.55,83.93,201.72,1,-1,-1,-1
217,393,1002.42,765.09,102.39,212.36,1,-1,-1,-1
217,394,1138.47,505.25,88.12,205.92,1,-1,-1,-1
217,395,1354.76,170.13,84.18,201.80,1,-1,-1,-1
218,393,1003.19,768.72,101.90,211.48,1,-1,-1,-1
218,394,1136.74,513.73,87.89,204.63,1,-1,-1,-1
218,395,1355.32,175.86,84.95,203.52,1,-1,-1,-1
219,393,1007.32,769.80,101.67,211.16,1,-1,-1,-1
219,394,1135.04,524.79,88.75,206.01,1,-1,-1,-1
219,395,1358.71,179.57,85.37,203.39,1,-1,-1,-1
220,393,1010.19,774.73,100.78,209.41,1,-1,-1,-1
220,394,1134.17,529.55,89.06,207.05,1,-1,-1,-1
220,395,1360.57,186.02,85.57,202.89,1,-1,-1,-1
221,393,1011.83,777.57,100.22,208.21,1,-1,-1,-1
221,394,1132.86,537.04,89.72,208.96,1,-1,-1,-1
221,395,1361.90,197.02,86.07,203.43,1,-1,-1,-1
222,393,1015.69,779.99,101.06,210.82,1,-1,-1,-1
222,394,1129.48,546.23,88.98,207.56,1,-1,-1,-1
222,395,1362.65,202.58,86.50,204.26,1,-1,-1,-1
223,393,1018.10,779.80,99.84,208.96,1,-1,-1,-1
223,394,1126.50,553.75,90.34,209.46,1,-1,-1,-1
223,395,1364.91,206.03,88.77,209.42,1,-1,-1,-1
224,393,1019.62,783.73,99.41,209.67,1,-1,-1,-1
224,394,1124.71,560.83,91.34,211.42,1,-1,-1,-1
224,395,1366.99,209.97,88.26,208.56,1,-1,-1,-1
225,393,1020.64,782.87,98.73,209.48,1,-1,-1,-1
225,394,1121.42,570.12,90.07,208.39,1,-1,-1,-1
225,395,1368.68,217.00,87.73,206.82,1,-1,-1,-1
226,393,1023.95,781.66,99.02,211.29,1,-1,-1,-1
226,394,1120.18,582.47,89.22,206.01,1,-1,-1,-1
226,395,1370.04,228.56,87.66,205.80,1,-1,-1,-1
227,393,1026.22,787.36,98.33,210.42,1,-1,-1,-1
227,394,1119.11,586.61,89.55,206.63,1,-1,-1,-1
227,395,1373.08,232.87,88.57,207.32,1,-1,-1,-1
228,393,1027.37,789.42,98.46,211.33,1,-1,-1,-1
228,394,1118.01,593.20,90.30,209.00,1,-1,-1,-1
228,395,1374.87,239.87,89.14,208.89,1,-1,-1,-1
229,393,1029.14,786.71,97.37,210.22,1,-1,-1,-1
229,394,1117.39,604.17,90.02,208.45,1,-1,-1,-1
229,395,1376.43,248.31,88.40,206.56,1,-1,-1,-1
230,393,1032.39,787.91,98.24,212.44,1,-1,-1,-1
230,394,1116.85,608.63,90.09,208.97,1,-1,-1,-1
230,395,1377.73,256.76,88.17,206.18,1,-1,-1,-1
231,393,1034.21,788.33,98.38,212.63,1,-1,-1,-1
231,394,1112.49,617.57,90.01,208.59,1,-1,-1,-1
231,395,1378.17,265.31,88.60,206.51,1,-1,-1,-1
232,393,1035.86,788.25,98.21,213.33,1,-1,-1,-1
232,394,1110.00,623.91,91.06,210.76,1,-1,-1,-1
232,395,1381.45,275.97,89.17,207.67,1,-1,-1,-1
233,393,1037.09,788.36,97.60,212.32,1,-1,-1,-1
233,394,1108.56,632.06,91.36,211.68,1,-1,-1,-1
233,395,1383.86,281.43,88.71,205.95,1,-1,-1,-1
234,393,1040.95,788.02,97.31,213.02,1,-1,-1,-1
234,394,1107.87,636.97,92.22,214.22,1,-1,-1,-1
234,395,1385.52,290.28,88.19,204.71,1,-1,-1,-1
235,393,1042.61,784.46,97.00,212.67,1,-1,-1,-1
235,394,1107.67,642.13,93.10,216.82,1,-1,-1,-1
235,395,1388.79,296.27,88.71,206.23,1,-1,-1,-1
236,393,1045.35,784.31,95.09,209.30,1,-1,-1,-1
236,394,1103.90,647.43,92.61,216.47,1,-1,-1,-1
236,395,1390.99,303.70,88.93,206.63,1,-1,-1,-1
237,393,1046.48,779.65,95.02,208.12,1,-1,-1,-1
237,394,1101.74,657.17,92.32,216.68,1,-1,-1,-1
237,395,1392.90,313.71,88.10,204.92,1,-1,-1,-1
238,393,1049.45,777.82,95.84,209.58,1,-1,-1,-1
238,394,1100.52,660.71,92.24,217.40,1,-1,-1,-1
238,395,1394.15,321.01,87.57,203.73,1,-1,-1,-1
239,393,1051.16,775.82,95.77,209.05,1,-1,-1,-1
239,394,1100.15,667.32,92.29,218.03,1,-1,-1,-1
239,395,1397.64,329.50,87.60,204.17,1,-1,-1,-1
240,393,1052.63,773.66,96.11,209.98,1,-1,-1,-1
240,394,1097.19,677.13,90.13,213.71,1,-1,-1,-1
240,395,1399.44,337.81,88.27,206.13,1,-1,-1,-1
241,393,1053.94,774.10,95.73,209.52,1,-1,-1,-1
241,394,1094.78,680.51,89.76,213.31,1,-1,-1,-1
241,395,1400.41,344.56,88.87,207.42,1,-1,-1,-1
242,393,1053.61,767.47,97.29,213.19,1,-1,-1,-1
242,394,1094.80,688.20,88.25,210.27,1,-1,-1,-1
242,395,1402.01,357.66,88.33,205.63,1,-1,-1,-1
243,393,1056.68,760.52,98.41,216.33,1,-1,-1,-1
243,394,1090.04,695.37,88.16,208.70,1,-1,-1,-1
243,395,1405.87,362.52,88.31,205.55,1,-1,-1,-1
244,393,1058.96,760.74,98.15,215.92,1,-1,-1,-1
244,394,1088.38,701.23,87.05,202.74,1,-1,-1,-1
244,395,1407.73,373.64,89.22,206.28,1,-1,-1,-1
245,393,1059.74,754.36,98.03,213.82,1,-1,-1,-1
245,394,1088.84,706.83,84.70,192.32,1,-1,-1,-1
245,395,1409.70,380.38,88.70,204.53,1,-1,-1,-1
246,393,1060.46,750.37,98.64,215.32,1,-1,-1,-1
246,394,1085.65,707.35,90.03,200.94,1,-1,-1,-1
246,395,1413.48,391.53,89.22,204.41,1,-1,-1,-1
247,393,1064.65,748.47,98.32,214.43,1,-1,-1,-1
247,395,1415.80,401.54,89.10,203.96,1,-1,-1,-1
248,393,1065.83,741.15,100.12,217.90,1,-1,-1,-1
248,395,1416.60,408.49,89.66,204.62,1,-1,-1,-1
249,393,1067.48,735.09,100.20,217.91,1,-1,-1,-1
249,395,1419.54,415.38,91.51,206.97,1,-1,-1,-1
250,393,1071.54,733.02,99.87,217.17,1,-1,-1,-1
250,395,1421.10,422.87,92.37,208.13,1,-1,-1,-1
