1,1,914,441,92,200,1,1,1.0
1,2,1669,433,82,200,1,1,1.0
2,1,917,455,90,200,1,1,1.0
2,2,1666,445,84,200,1,1,1.0
3,1,919,463,90,200,1,1,1.0
3,2,1665,454,82,200,1,1,1.0
4,1,920,461,92,200,1,1,1.0
4,2,1661,459,86,200,1,1,1.0
5,1,921,476,94,200,1,1,1.0
5,2,1662,468,80,200,1,1,1.0
6,1,922,488,96,200,1,1,1.0
6,2,1658,489,84,200,1,1,1.0
7,1,927,495,90,200,1,1,1.0
7,2,1657,497,82,200,1,1,1.0
8,1,930,500,88,200,1,1,1.0
8,2,1653,502,86,200,1,1,1.0
9,1,928,511,96,200,1,1,1.0
9,2,1652,514,84,200,1,1,1.0
10,1,931,520,94,200,1,1,1.0
10,2,1650,525,84,200,1,1,1.0
11,1,933,534,94,200,1,1,1.0
11,2,1648,529,84,200,1,1,1.0
12,1,935,532,94,200,1,1,1.0
12,2,1647,531,82,200,1,1,1.0
13,1,937,542,94,200,1,1,1.0
13,2,1645,540,82,200,1,1,1.0
14,1,940,548,92,200,1,1,1.0
14,2,1643,552,82,200,1,1,1.0
15,1,940,556,96,200,1,1,1.0
15,2,1640,562,84,200,1,1,1.0
16,1,946,576,88,200,1,1,1.0
16,2,1639,561,82,200,1,1,1.0
17,1,946,582,92,200,1,1,1.0
17,2,1638,584,80,200,1,1,1.0
18,1,949,584,90,200,1,1,1.0
18,2,1634,591,84,200,1,1,1.0
19,1,950,589,92,200,1,1,1.0
19,2,1632,594,84,200,1,1,1.0
20,1,953,597,90,200,1,1,1.0
20,2,1631,596,82,200,1,1,1.0
21,1,956,609,88,200,1,1,1.0
21,2,1628,609,84,200,1,1,1.0
22,1,956,617,92,200,1,1,1.0
22,2,1627,614,82,200,1,1,1.0
23,1,958,629,92,200,1,1,1.0
23,2,1626,620,80,200,1,1,1.0
24,1,959,630,94,200,1,1,1.0
24,2,1624,627,80,200,1,1,1.0
25,1,961,635,94,200,1,1,1.0
25,2,1620,646,84,200,1,1,1.0
26,1,964,652,92,200,1,1,1.0
26,2,1619,649,82,200,1,1,1.0
27,1,965,656,94,200,1,1,1.0
27,2,1618,659,80,200,1,1,1.0
28,1,966,661,96,200,1,1,1.0
28,2,1615,661,82,200,1,1,1.0
29,1,971,671,90,200,1,1,1.0
29,2,1613,668,82,200,1,1,1.0
30,1,972,677,92,200,1,1,1.0
30,2,1610,665,84,200,1,1,1.0
31,1,974,673,92,200,1,1,1.0
31,2,1610,685,80,200,1,1,1.0
32,1,976,685,92,200,1,1,1.0
32,2,1607,688,82,200,1,1,1.0
33,1,978,685,92,200,1,1,1.0
33,2,1606,694,80,200,1,1,1.0
34,1,981,697,90,200,1,1,1.0
34,2,1602,703,84,200,1,1,1.0
35,1,982,700,92,200,1,1,1.0
35,2,1601,698,82,200,1,1,1.0
36,1,983,707,94,200,1,1,1.0
36,2,1599,703,82,200,1,1,1.0
37,1,986,707,92,200,1,1,1.0
37,2,1597,711,82,200,1,1,1.0
38,1,989,724,90,200,1,1,1.0
38,2,1594,714,84,200,1,1,1.0
39,1,991,720,90,200,1,1,1.0
39,2,1592,728,84,200,1,1,1.0
40,1,993,733,90,200,1,1,1.0
40,2,1593,730,78,200,1,1,1.0
41,1,995,728,90,200,1,1,1.0
41,2,1590,729,80,200,1,1,1.0
42,1,996,742,92,200,1,1,1.0
42,2,1586,733,84,200,1,1,1.0
43,1,996,743,96,200,1,1,1.0
43,2,1584,749,84,200,1,1,1.0
44,1,998,747,96,200,1,1,1.0
44,2,1582,756,84,200,1,1,1.0
45,1,1004,752,88,200,1,1,1.0
45,2,1582,754,80,200,1,1,1.0
46,1,1004,761,92,200,1,1,1.0
46,2,1580,754,80,200,1,1,1.0
47,1,1005,754,94,200,1,1,1.0
47,2,1578,753,80,200,1,1,1.0
48,1,1008,766,92,200,1,1,1.0
48,2,1577,763,78,200,1,1,1.0
49,1,1011,773,90,200,1,1,1.0
49,2,1573,770,82,200,1,1,1.0
50,1,1010,771,96,200,1,1,1.0
50,2,1570,765,84,200,1,1,1.0
51,1,1014,778,92,200,1,1,1.0
51,2,1567,767,86,200,1,1,1.0
52,1,1016,782,92,200,1,1,1.0
52,2,1569,771,78,200,1,1,1.0
53,1,1017,782,94,200,1,1,1.0
53,2,1564,774,84,200,1,1,1.0
54,1,1021,781,90,200,1,1,1.0
54,2,1562,775,84,200,1,1,1.0
55,1,1021,774,94,200,1,1,1.0
55,2,1562,781,80,200,1,1,1.0
56,1,1025,783,90,200,1,1,1.0
56,2,1560,784,80,200,1,1,1.0
57,1,1025,779,94,200,1,1,1.0
57,2,1556,780,84,200,1,1,1.0
58,1,1027,790,94,200,1,1,1.0
58,2,1553,783,86,200,1,1,1.0
59,1,1031,783,90,200,1,1,1.0
59,2,1553,787,82,200,1,1,1.0
60,1,1032,792,92,200,1,1,1.0
60,2,1550,795,84,200,1,1,1.0
61,1,1035,782,90,200,1,1,1.0
61,2,1548,790,84,200,1,1,1.0
62,1,1035,795,94,200,1,1,1.0
62,2,1548,794,80,200,1,1,1.0
63,1,1037,782,94,200,1,1,1.0
63,2,1544,792,84,200,1,1,1.0
64,1,1039,786,94,200,1,1,1.0
64,2,1542,796,84,200,1,1,1.0
65,1,1041,793,94,200,1,1,1.0
65,2,1539,787,86,200,1,1,1.0
66,1,1045,791,90,200,1,1,1.0
66,2,1540,794,80,200,1,1,1.0
67,1,1046,787,92,200,1,1,1.0
67,2,1538,781,80,200,1,1,1.0
68,1,1047,786,94,200,1,1,1.0
68,2,1536,789,80,200,1,1,1.0
69,1,1048,781,96,200,1,1,1.0
69,2,1532,787,84,200,1,1,1.0
70,1,1052,788,92,200,1,1,1.0
70,2,1532,791,80,200,1,1,1.0
71,1,1053,789,94,200,1,1,1.0
71,2,1528,779,84,200,1,1,1.0
72,1,1056,777,92,200,1,1,1.0
72,2,1526,781,84,200,1,1,1.0
73,1,1059,776,90,200,1,1,1.0
73,2,1524,783,84,200,1,1,1.0
74,1,1061,778,90,200,1,1,1.0
74,2,1523,770,82,200,1,1,1.0
75,1,1061,770,94,200,1,1,1.0
75,2,1520,780,84,200,1,1,1.0
76,1,1063,770,94,200,1,1,1.0
76,2,1520,775,80,200,1,1,1.0
77,1,1066,766,92,200,1,1,1.0
77,2,1516,767,84,200,1,1,1.0
78,1,1068,762,92,200,1,1,1.0
78,2,1514,774,84,200,1,1,1.0
79,1,1070,764,92,200,1,1,1.0
79,2,1512,760,84,200,1,1,1.0
80,1,1074,762,88,200,1,1,1.0
80,2,1512,765,80,200,1,1,1.0
81,1,1075,754,90,200,1,1,1.0
81,2,1508,753,84,200,1,1,1.0
82,1,1076,745,92,200,1,1,1.0
82,2,1509,757,78,200,1,1,1.0
83,1,1079,740,90,200,1,1,1.0
83,2,1506,749,80,200,1,1,1.0
84,1,1078,737,96,200,1,1,1.0
84,2,1501,737,86,200,1,1,1.0
85,1,1084,747,88,200,1,1,1.0
85,2,1503,743,78,200,1,1,1.0
86,1,1083,735,94,200,1,1,1.0
86,2,1500,732,80,200,1,1,1.0
87,1,1084,724,96,200,1,1,1.0
87,2,1495,737,86,200,1,1,1.0
88,1,1088,725,92,200,1,1,1.0
88,2,1494,727,84,200,1,1,1.0
89,1,1092,722,88,200,1,1,1.0
89,2,1494,713,80,200,1,1,1.0
90,1,1092,708,92,200,1,1,1.0
90,2,1493,707,78,200,1,1,1.0
91,1,1095,703,90,200,1,1,1.0
91,2,1488,713,84,200,1,1,1.0
92,1,1098,707,88,200,1,1,1.0
92,2,1489,700,78,200,1,1,1.0
93,1,1096,695,96,200,1,1,1.0
93,2,1485,694,82,200,1,1,1.0
94,1,1098,684,96,200,1,1,1.0
94,2,1484,694,80,200,1,1,1.0
95,1,1103,688,90,200,1,1,1.0
95,2,1483,691,78,200,1,1,1.0
96,1,1106,687,88,200,1,1,1.0
96,2,1481,683,78,200,1,1,1.0
97,1,1105,665,94,200,1,1,1.0
97,2,1476,672,84,200,1,1,1.0
98,1,1108,673,92,200,1,1,1.0
98,2,1473,665,86,200,1,1,1.0
99,1,1109,667,94,200,1,1,1.0
99,2,1472,660,84,200,1,1,1.0
100,1,1111,655,94,200,1,1,1.0
100,2,1472,645,80,200,1,1,1.0
101,1,1115,642,90,200,1,1,1.0
101,2,1470,646,80,200,1,1,1.0
102,1,1115,638,94,200,1,1,1.0
102,2,1467,640,82,200,1,1,1.0
103,1,1116,625,96,200,1,1,1.0
103,2,1465,631,82,200,1,1,1.0
104,1,1122,624,88,200,1,1,1.0
104,2,1463,618,82,200,1,1,1.0
105,1,1121,612,94,200,1,1,1.0
105,2,1462,619,80,200,1,1,1.0
106,1,1126,606,88,200,1,1,1.0
106,2,1461,608,78,200,1,1,1.0
107,1,1124,598,96,200,1,1,1.0
107,2,1457,599,82,200,1,1,1.0
108,1,1128,594,92,200,1,1,1.0
108,2,1457,585,78,200,1,1,1.0
109,1,1131,589,90,200,1,1,1.0
109,2,1452,582,84,200,1,1,1.0
110,1,1132,584,92,200,1,1,1.0
110,2,1449,581,86,200,1,1,1.0
111,1,1136,572,88,200,1,1,1.0
111,2,1449,570,82,200,1,1,1.0
112,1,1138,565,88,200,1,1,1.0
112,2,1447,561,82,200,1,1,1.0
113,1,1137,556,94,200,1,1,1.0
113,2,1445,549,82,200,1,1,1.0
114,1,1140,537,92,200,1,1,1.0
114,2,1442,540,84,200,1,1,1.0
115,1,1143,541,90,200,1,1,1.0
115,2,1440,541,84,200,1,1,1.0
116,1,1146,520,88,200,1,1,1.0
116,2,1439,526,82,200,1,1,1.0
117,1,1147,512,90,200,1,1,1.0
117,2,1436,519,84,200,1,1,1.0
118,1,1149,507,90,200,1,1,1.0
118,2,1436,517,80,200,1,1,1.0
119,1,1151,508,90,200,1,1,1.0
119,2,1434,507,80,200,1,1,1.0
120,1,1150,496,96,200,1,1,1.0
120,2,1430,491,84,200,1,1,1.0
121,1,1155,487,90,200,1,1,1.0
121,2,1428,480,84,200,1,1,1.0
122,1,1155,470,94,200,1,1,1.0
122,2,1425,482,86,200,1,1,1.0
123,1,1158,473,92,200,1,1,1.0
123,2,1425,462,82,200,1,1,1.0
124,1,1159,459,94,200,1,1,1.0
124,2,1424,459,80,200,1,1,1.0
125,1,1162,449,92,200,1,1,1.0
125,2,1420,442,84,200,1,1,1.0
126,1,1165,434,90,200,1,1,1.0
126,2,1417,446,86,200,1,1,1.0
127,1,1164,433,96,200,1,1,1.0
127,2,1416,436,84,200,1,1,1.0
128,1,1169,422,90,200,1,1,1.0
128,2,1415,418,82,200,1,1,1.0
129,1,1171,411,90,200,1,1,1.0
129,2,1414,413,80,200,1,1,1.0
130,1,1173,399,90,200,1,1,1.0
130,2,1412,405,80,200,1,1,1.0
131,1,1172,393,96,200,1,1,1.0
131,2,1409,397,82,200,1,1,1.0
132,1,1176,383,92,200,1,1,1.0
132,2,1408,387,80,200,1,1,1.0
133,1,1179,374,90,200,1,1,1.0
133,2,1407,380,78,200,1,1,1.0
134,1,1180,372,92,200,1,1,1.0
134,2,1404,377,80,200,1,1,1.0
135,1,1182,355,92,200,1,1,1.0
135,2,1400,355,84,200,1,1,1.0
136,1,1185,358,90,200,1,1,1.0
136,2,1398,356,84,200,1,1,1.0
137,1,1184,348,96,200,1,1,1.0
137,2,1396,342,84,200,1,1,1.0
138,1,1189,337,90,200,1,1,1.0
138,2,1395,332,82,200,1,1,1.0
139,1,1188,334,96,200,1,1,1.0
139,2,1394,321,80,200,1,1,1.0
140,1,1191,318,94,200,1,1,1.0
140,2,1390,320,84,200,1,1,1.0
141,1,1192,315,96,200,1,1,1.0
141,2,1388,308,84,200,1,1,1.0
142,1,1197,303,90,200,1,1,1.0
142,2,1388,297,80,200,1,1,1.0
143,1,1199,294,90,200,1,1,1.0
143,2,1384,300,84,200,1,1,1.0
144,1,1198,285,96,200,1,1,1.0
144,2,1384,283,80,200,1,1,1.0
145,1,1203,282,90,200,1,1,1.0
145,2,1379,280,86,200,1,1,1.0
146,1,1202,269,96,200,1,1,1.0
146,2,1378,276,84,200,1,1,1.0
147,1,1204,257,96,200,1,1,1.0
147,2,1376,266,84,200,1,1,1.0
148,1,1208,256,92,200,1,1,1.0
148,2,1373,253,86,200,1,1,1.0
149,1,1211,256,90,200,1,1,1.0
149,2,1374,253,80,200,1,1,1.0
150,1,1213,246,90,200,1,1,1.0
150,2,1369,235,86,200,1,1,1.0
151,1,1216,236,88,200,1,1,1.0
151,2,1370,231,80,200,1,1,1.0
152,1,1217,236,90,200,1,1,1.0
152,2,1366,227,84,200,1,1,1.0
153,1,1217,221,94,200,1,1,1.0
153,2,1365,221,82,200,1,1,1.0
154,1,1221,212,90,200,1,1,1.0
154,2,1362,220,84,200,1,1,1.0
155,1,1223,205,90,200,1,1,1.0
155,2,1359,200,86,200,1,1,1.0
156,1,1223,194,94,200,1,1,1.0
156,2,1360,207,80,200,1,1,1.0
157,1,1227,201,90,200,1,1,1.0
157,2,1356,200,84,200,1,1,1.0
158,1,1226,195,96,200,1,1,1.0
158,2,1354,185,84,200,1,1,1.0
159,1,1228,181,96,200,1,1,1.0
159,2,1352,187,84,200,1,1,1.0
160,1,1230,178,96,200,1,1,1.0
160,2,1350,173,84,200,1,1,1.0
161,1,1236,170,88,200,1,1,1.0
161,2,1350,170,80,200,1,1,1.0
162,1,1235,170,94,200,1,1,1.0
162,2,1347,161,82,200,1,1,1.0
163,1,1238,163,92,200,1,1,1.0
163,2,1346,163,80,200,1,1,1.0
164,1,1241,157,90,200,1,1,1.0
164,2,1344,157,80,200,1,1,1.0
165,1,1242,152,92,200,1,1,1.0
165,2,1343,145,78,200,1,1,1.0
166,1,1245,146,90,200,1,1,1.0
166,2,1341,143,78,200,1,1,1.0
167,1,1248,139,88,200,1,1,1.0
167,2,1336,144,84,200,1,1,1.0
168,1,1248,139,92,200,1,1,1.0
168,2,1336,130,80,200,1,1,1.0
169,1,1251,132,90,200,1,1,1.0
169,2,1333,128,82,200,1,1,1.0
170,1,1254,124,88,200,1,1,1.0
170,2,1331,132,82,200,1,1,1.0
171,1,1253,118,94,200,1,1,1.0
171,2,1328,123,84,200,1,1,1.0
172,1,1257,120,90,200,1,1,1.0
172,2,1327,115,82,200,1,1,1.0
173,1,1256,113,96,200,1,1,1.0
173,2,1327,117,78,200,1,1,1.0
174,1,1259,111,94,200,1,1,1.0
174,2,1322,111,84,200,1,1,1.0
175,1,1261,110,94,200,1,1,1.0
175,2,1321,103,82,200,1,1,1.0
176,1,1263,110,94,200,1,1,1.0
176,2,1320,102,80,200,1,1,1.0
177,1,1264,109,96,200,1,1,1.0
177,2,1319,104,78,200,1,1,1.0
178,1,1267,111,94,200,1,1,1.0
178,2,1316,109,80,200,1,1,1.0
179,1,1272,97,88,200,1,1,1.0
179,2,1315,95,78,200,1,1,1.0
180,1,1271,98,94,200,1,1,1.0
180,2,1310,99,84,200,1,1,1.0
181,1,1272,101,96,200,1,1,1.0
181,2,1308,92,84,200,1,1,1.0
182,1,1274,99,96,200,1,1,1.0
182,2,1306,93,84,200,1,1,1.0
183,1,1279,87,90,200,1,1,1.0
183,2,1306,97,80,200,1,1,1.0
184,1,1281,99,90,200,1,1,1.0
184,2,1301,96,86,200,1,1,1.0
185,1,1282,85,92,200,1,1,1.0
185,2,1302,92,80,200,1,1,1.0
186,1,1284,91,92,200,1,1,1.0
186,2,1300,96,80,200,1,1,1.0
187,1,1287,95,90,200,1,1,1.0
187,2,1297,86,82,200,1,1,1.0
188,1,1289,83,90,200,1,1,1.0
188,2,1296,95,80,200,1,1,1.0
189,1,1291,91,90,200,1,1,1.0
189,2,1293,85,82,200,1,1,1.0
190,1,1291,94,94,200,1,1,1.0
190,2,1293,97,78,200,1,1,1.0
191,1,1294,93,92,200,1,1,1.0
191,2,1289,94,82,200,1,1,1.0
192,1,1294,88,96,200,1,1,1.0
192,2,1285,96,86,200,1,1,1.0
193,1,1299,87,90,200,1,1,1.0
193,2,1285,94,82,200,1,1,1.0
194,1,1300,100,92,200,1,1,1.0
194,2,1283,94,82,200,1,1,1.0
195,1,1303,92,90,200,1,1,1.0
195,2,1280,95,84,200,1,1,1.0
196,1,1306,102,88,200,1,1,1.0
196,2,1280,98,80,200,1,1,1.0
197,1,1305,94,94,200,1,1,1.0
197,2,1278,103,80,200,1,1,1.0
198,1,1307,95,94,200,1,1,1.0
198,2,1276,99,80,200,1,1,1.0
199,1,1311,103,90,200,1,1,1.0
199,2,1275,98,78,200,1,1,1.0
200,1,1313,97,90,200,1,1,1.0
200,2,1270,110,84,200,1,1,1.0
201,1,1312,111,96,200,1,1,1.0
201,2,1270,101,80,200,1,1,1.0
202,1,1315,110,94,200,1,1,1.0
202,2,1266,109,84,200,1,1,1.0
203,1,1317,106,94,200,1,1,1.0
203,2,1264,121,84,200,1,1,1.0
204,1,1319,122,94,200,1,1,1.0
204,2,1263,111,82,200,1,1,1.0
205,1,1321,128,94,200,1,1,1.0
205,2,1261,123,82,200,1,1,1.0
206,1,1324,128,92,200,1,1,1.0
206,2,1257,125,86,200,1,1,1.0
207,1,1326,121,92,200,1,1,1.0
207,2,1256,125,84,200,1,1,1.0
208,1,1328,135,92,200,1,1,1.0
208,2,1255,138,82,200,1,1,1.0
209,1,1329,143,94,200,1,1,1.0
209,2,1254,135,80,200,1,1,1.0
210,1,1332,148,92,200,1,1,1.0
210,2,1252,143,80,200,1,1,1.0
211,1,1334,139,92,200,1,1,1.0
211,2,1248,147,84,200,1,1,1.0
212,1,1336,143,92,200,1,1,1.0
212,2,1247,148,82,200,1,1,1.0
213,1,1340,158,88,200,1,1,1.0
213,2,1245,149,82,200,1,1,1.0
214,1,1342,158,88,200,1,1,1.0
214,2,1245,167,78,200,1,1,1.0
215,1,1342,159,92,200,1,1,1.0
215,2,1242,159,80,200,1,1,1.0
216,1,1344,170,92,200,1,1,1.0
216,2,1239,164,82,200,1,1,1.0
217,1,1345,175,94,200,1,1,1.0
217,2,1235,170,86,200,1,1,1.0
218,1,1349,184,90,200,1,1,1.0
218,2,1237,177,78,200,1,1,1.0
219,1,1348,190,96,200,1,1,1.0
219,2,1234,181,80,200,1,1,1.0
220,1,1351,187,94,200,1,1,1.0
220,2,1229,198,86,200,1,1,1.0
221,1,1354,196,92,200,1,1,1.0
221,2,1229,209,82,200,1,1,1.0
222,1,1356,212,92,200,1,1,1.0
222,2,1228,206,80,200,1,1,1.0
223,1,1356,218,96,200,1,1,1.0
223,2,1225,208,82,200,1,1,1.0
224,1,1358,213,96,200,1,1,1.0
224,2,1221,219,86,200,1,1,1.0
225,1,1364,227,88,200,1,1,1.0
225,2,1222,225,80,200,1,1,1.0
226,1,1363,243,94,200,1,1,1.0
226,2,1221,235,78,200,1,1,1.0
227,1,1367,236,90,200,1,1,1.0
227,2,1217,243,82,200,1,1,1.0
228,1,1370,254,88,200,1,1,1.0
228,2,1213,243,86,200,1,1,1.0
229,1,1371,252,90,200,1,1,1.0
229,2,1212,254,84,200,1,1,1.0
230,1,1373,258,90,200,1,1,1.0
230,2,1211,261,82,200,1,1,1.0
231,1,1375,273,90,200,1,1,1.0
231,2,1209,274,82,200,1,1,1.0
232,1,1377,284,90,200,1,1,1.0
232,2,1209,285,78,200,1,1,1.0
233,1,1379,284,90,200,1,1,1.0
233,2,1204,284,84,200,1,1,1.0
234,1,1381,296,90,200,1,1,1.0
234,2,1203,300,82,200,1,1,1.0
235,1,1382,296,92,200,1,1,1.0
235,2,1200,296,84,200,1,1,1.0
236,1,1385,312,90,200,1,1,1.0
236,2,1198,312,84,200,1,1,1.0
237,1,1387,326,90,200,1,1,1.0
237,2,1197,323,82,200,1,1,1.0
238,1,1387,333,94,200,1,1,1.0
238,2,1197,334,78,200,1,1,1.0
239,1,1390,334,92,200,1,1,1.0
239,2,1195,331,78,200,1,1,1.0
240,1,1391,348,94,200,1,1,1.0
240,2,1190,345,84,200,1,1,1.0
241,1,1396,354,88,200,1,1,1.0
241,2,1190,348,80,200,1,1,1.0
242,1,1396,363,92,200,1,1,1.0
242,2,1186,361,84,200,1,1,1.0
243,1,1398,375,92,200,1,1,1.0
243,2,1183,372,86,200,1,1,1.0
244,1,1400,386,92,200,1,1,1.0
244,2,1183,385,82,200,1,1,1.0
245,1,1402,395,92,200,1,1,1.0
245,2,1179,383,86,200,1,1,1.0
246,1,1403,394,94,200,1,1,1.0
246,2,1179,401,82,200,1,1,1.0
247,1,1405,410,94,200,1,1,1.0
247,2,1176,401,84,200,1,1,1.0
248,1,1407,409,94,200,1,1,1.0
248,2,1173,419,86,200,1,1,1.0
249,1,1412,423,88,200,1,1,1.0
249,2,1173,426,82,200,1,1,1.0
250,1,1413,435,90,200,1,1,1.0
250,2,1170,432,84,200,1,1,1.0
