1,1,363,442,94,200,1,1,1.0
1,2,258,440,84,200,1,1,1.0
1,3,141,445,98,200,1,1,1.0
1,4,39,434,82,200,1,1,1.0
1,5,0,434,2,200,1,1,1.0
2,1,368,447,94,200,1,1,1.0
2,2,264,436,82,200,1,1,1.0
2,3,144,433,102,200,1,1,1.0
2,4,46,434,78,200,1,1,1.0
2,5,0,440,7,200,1,1,1.0
3,1,375,436,88,200,1,1,1.0
3,2,268,435,82,200,1,1,1.0
3,3,149,443,100,200,1,1,1.0
3,4,50,439,78,200,1,1,1.0
3,5,0,435,10,200,1,1,1.0
4,1,377,437,94,200,1,1,1.0
4,2,272,447,84,200,1,1,1.0
4,3,154,447,100,200,1,1,1.0
4,4,55,444,78,200,1,1,1.0
4,5,0,436,17,200,1,1,1.0
5,1,383,435,90,200,1,1,1.0
5,2,275,438,86,200,1,1,1.0
5,3,157,445,102,200,1,1,1.0
5,4,60,433,76,200,1,1,1.0
5,5,0,437,20,200,1,1,1.0
6,1,384,446,96,200,1,1,1.0
6,2,280,443,84,200,1,1,1.0
6,3,163,434,98,200,1,1,1.0
6,4,63,446,78,200,1,1,1.0
6,5,0,443,21,200,1,1,1.0
7,1,390,442,94,200,1,1,1.0
7,2,287,438,80,200,1,1,1.0
7,3,169,440,96,200,1,1,1.0
7,4,67,441,80,200,1,1,1.0
7,5,0,437,28,200,1,1,1.0
8,1,395,438,92,200,1,1,1.0
8,2,292,445,78,200,1,1,1.0
8,3,174,447,94,200,1,1,1.0
8,4,70,433,82,200,1,1,1.0
8,5,0,440,30,200,1,1,1.0
9,1,402,434,88,200,1,1,1.0
9,2,295,445,82,200,1,1,1.0
9,3,175,436,102,200,1,1,1.0
9,4,77,437,78,200,1,1,1.0
9,5,0,436,36,200,1,1,1.0
10,1,405,440,90,200,1,1,1.0
10,2,300,443,80,200,1,1,1.0
10,3,180,437,100,200,1,1,1.0
10,4,80,436,80,200,1,1,1.0
10,5,0,434,40,200,1,1,1.0
11,1,409,445,90,200,1,1,1.0
11,2,303,447,82,200,1,1,1.0
11,3,183,441,102,200,1,1,1.0
11,4,86,442,76,200,1,1,1.0
11,5,0,442,46,200,1,1,1.0
12,1,411,447,96,200,1,1,1.0
12,2,310,446,78,200,1,1,1.0
12,3,192,434,94,200,1,1,1.0
12,4,89,444,80,200,1,1,1.0
12,5,0,440,51,200,1,1,1.0
13,1,416,435,94,200,1,1,1.0
13,2,312,437,82,200,1,1,1.0
13,3,195,440,96,200,1,1,1.0
13,4,92,434,82,200,1,1,1.0
13,5,0,435,55,200,1,1,1.0
14,1,424,441,88,200,1,1,1.0
14,2,317,434,82,200,1,1,1.0
14,3,198,443,100,200,1,1,1.0
14,4,97,440,82,200,1,1,1.0
14,5,0,443,58,200,1,1,1.0
15,1,427,439,90,200,1,1,1.0
15,2,320,433,84,200,1,1,1.0
15,3,201,433,102,200,1,1,1.0
15,4,104,444,76,200,1,1,1.0
15,5,0,443,64,200,1,1,1.0
16,1,429,447,94,200,1,1,1.0
16,2,325,443,82,200,1,1,1.0
16,3,208,444,96,200,1,1,1.0
16,4,106,440,80,200,1,1,1.0
16,5,4,440,64,200,1,1,1.0
17,1,435,434,92,200,1,1,1.0
17,2,329,447,84,200,1,1,1.0
17,3,214,434,94,200,1,1,1.0
17,4,112,445,78,200,1,1,1.0
17,5,10,447,62,200,1,1,1.0
18,1,437,440,96,200,1,1,1.0
18,2,333,443,84,200,1,1,1.0
18,3,214,447,102,200,1,1,1.0
18,4,115,447,80,200,1,1,1.0
18,5,13,441,64,200,1,1,1.0
19,1,444,441,92,200,1,1,1.0
19,2,339,442,82,200,1,1,1.0
19,3,222,436,96,200,1,1,1.0
19,4,120,438,80,200,1,1,1.0
19,5,18,433,64,200,1,1,1.0
20,1,448,439,92,200,1,1,1.0
20,2,341,435,86,200,1,1,1.0
20,3,225,442,98,200,1,1,1.0
20,4,124,437,80,200,1,1,1.0
20,5,23,434,62,200,1,1,1.0
21,1,452,437,92,200,1,1,1.0
21,2,348,441,80,200,1,1,1.0
21,3,231,438,94,200,1,1,1.0
21,4,127,437,82,200,1,1,1.0
21,5,26,441,64,200,1,1,1.0
22,1,459,436,88,200,1,1,1.0
22,2,353,446,80,200,1,1,1.0
22,3,232,435,102,200,1,1,1.0
22,4,135,445,76,200,1,1,1.0
22,5,33,440,60,200,1,1,1.0
23,1,459,439,96,200,1,1,1.0
23,2,357,437,80,200,1,1,1.0
23,3,237,443,100,200,1,1,1.0
23,4,136,439,82,200,1,1,1.0
23,5,35,444,64,200,1,1,1.0
24,1,467,445,90,200,1,1,1.0
24,2,362,434,80,200,1,1,1.0
24,3,243,437,98,200,1,1,1.0
24,4,144,443,76,200,1,1,1.0
24,5,41,445,62,200,1,1,1.0
25,1,470,440,92,200,1,1,1.0
25,2,365,437,82,200,1,1,1.0
25,3,248,442,96,200,1,1,1.0
25,4,145,433,82,200,1,1,1.0
25,5,46,436,60,200,1,1,1.0
25,6,0,435,4,200,1,1,1.0
26,1,474,435,92,200,1,1,1.0
26,2,367,438,86,200,1,1,1.0
26,3,249,447,102,200,1,1,1.0
26,4,151,445,78,200,1,1,1.0
26,5,49,441,62,200,1,1,1.0
26,6,0,446,5,200,1,1,1.0
27,1,479,442,92,200,1,1,1.0
27,2,375,435,80,200,1,1,1.0
27,3,254,436,102,200,1,1,1.0
27,4,154,446,82,200,1,1,1.0
27,5,54,446,62,200,1,1,1.0
27,6,0,440,13,200,1,1,1.0
28,1,483,441,92,200,1,1,1.0
28,2,379,440,80,200,1,1,1.0
28,3,261,438,96,200,1,1,1.0
28,4,160,442,78,200,1,1,1.0
28,5,56,436,66,200,1,1,1.0
28,6,0,447,17,200,1,1,1.0
29,1,487,434,94,200,1,1,1.0
29,2,384,435,80,200,1,1,1.0
29,3,266,442,96,200,1,1,1.0
29,4,163,437,82,200,1,1,1.0
29,5,64,447,60,200,1,1,1.0
29,6,0,435,22,200,1,1,1.0
30,1,490,443,96,200,1,1,1.0
30,2,385,447,86,200,1,1,1.0
30,3,268,436,100,200,1,1,1.0
30,4,167,438,82,200,1,1,1.0
30,5,65,439,66,200,1,1,1.0
30,6,0,438,25,200,1,1,1.0
31,1,496,440,92,200,1,1,1.0
31,2,391,440,82,200,1,1,1.0
31,3,275,440,94,200,1,1,1.0
31,4,173,438,78,200,1,1,1.0
31,5,69,434,66,200,1,1,1.0
31,6,0,439,28,200,1,1,1.0
32,1,503,436,88,200,1,1,1.0
32,2,395,440,84,200,1,1,1.0
32,3,280,434,94,200,1,1,1.0
32,4,176,443,82,200,1,1,1.0
32,5,76,438,62,200,1,1,1.0
32,6,0,435,35,200,1,1,1.0
33,1,503,447,96,200,1,1,1.0
33,2,402,439,78,200,1,1,1.0
33,3,282,440,98,200,1,1,1.0
33,4,181,439,80,200,1,1,1.0
33,5,82,442,58,200,1,1,1.0
33,6,0,444,39,200,1,1,1.0
34,1,511,441,90,200,1,1,1.0
34,2,406,440,80,200,1,1,1.0
34,3,286,440,100,200,1,1,1.0
34,4,187,437,78,200,1,1,1.0
34,5,86,434,60,200,1,1,1.0
34,6,0,433,44,200,1,1,1.0
35,1,512,440,96,200,1,1,1.0
35,2,409,440,82,200,1,1,1.0
35,3,292,440,96,200,1,1,1.0
35,4,190,434,80,200,1,1,1.0
35,5,90,444,60,200,1,1,1.0
35,6,0,440,45,200,1,1,1.0
36,1,518,444,92,200,1,1,1.0
36,2,413,445,82,200,1,1,1.0
36,3,296,437,96,200,1,1,1.0
36,4,194,443,80,200,1,1,1.0
36,5,94,447,60,200,1,1,1.0
36,6,0,442,49,200,1,1,1.0
37,1,523,436,92,200,1,1,1.0
37,2,418,443,82,200,1,1,1.0
37,3,300,437,98,200,1,1,1.0
37,4,200,438,78,200,1,1,1.0
37,5,96,437,66,200,1,1,1.0
37,6,0,438,54,200,1,1,1.0
38,1,525,446,96,200,1,1,1.0
38,2,424,445,78,200,1,1,1.0
38,3,302,442,102,200,1,1,1.0
38,4,204,445,78,200,1,1,1.0
38,5,100,441,66,200,1,1,1.0
38,6,0,439,61,200,1,1,1.0
39,1,531,438,94,200,1,1,1.0
39,2,429,442,78,200,1,1,1.0
39,3,311,438,94,200,1,1,1.0
39,4,207,439,82,200,1,1,1.0
39,5,108,440,60,200,1,1,1.0
39,6,0,440,66,200,1,1,1.0
40,1,538,445,88,200,1,1,1.0
40,2,430,433,84,200,1,1,1.0
40,3,314,436,96,200,1,1,1.0
40,4,212,447,80,200,1,1,1.0
40,5,109,445,66,200,1,1,1.0
40,6,0,434,69,200,1,1,1.0
41,1,540,437,92,200,1,1,1.0
41,2,434,435,84,200,1,1,1.0
41,3,319,445,94,200,1,1,1.0
41,4,215,440,82,200,1,1,1.0
41,5,115,447,62,200,1,1,1.0
41,6,1,446,70,200,1,1,1.0
42,1,545,440,92,200,1,1,1.0
42,2,439,437,84,200,1,1,1.0
42,3,322,440,98,200,1,1,1.0
42,4,222,442,78,200,1,1,1.0
42,5,118,439,66,200,1,1,1.0
42,6,4,440,74,200,1,1,1.0
43,1,547,435,96,200,1,1,1.0
43,2,444,444,82,200,1,1,1.0
43,3,327,441,96,200,1,1,1.0
43,4,227,442,76,200,1,1,1.0
43,5,126,440,58,200,1,1,1.0
43,6,7,436,76,200,1,1,1.0
44,1,553,439,94,200,1,1,1.0
44,2,448,438,84,200,1,1,1.0
44,3,331,437,98,200,1,1,1.0
44,4,231,447,78,200,1,1,1.0
44,5,129,434,62,200,1,1,1.0
44,6,14,445,72,200,1,1,1.0
45,1,557,438,94,200,1,1,1.0
45,2,451,439,86,200,1,1,1.0
45,3,336,440,96,200,1,1,1.0
45,4,234,441,80,200,1,1,1.0
45,5,131,436,66,200,1,1,1.0
45,6,17,443,74,200,1,1,1.0
46,1,562,444,92,200,1,1,1.0
46,2,458,438,80,200,1,1,1.0
46,3,339,439,98,200,1,1,1.0
46,4,239,437,78,200,1,1,1.0
46,5,136,442,64,200,1,1,1.0
46,6,23,445,70,200,1,1,1.0
47,1,569,444,88,200,1,1,1.0
47,2,462,434,82,200,1,1,1.0
47,3,345,438,96,200,1,1,1.0
47,4,244,436,78,200,1,1,1.0
47,5,144,439,58,200,1,1,1.0
47,6,26,439,74,200,1,1,1.0
48,1,570,442,94,200,1,1,1.0
48,2,467,442,80,200,1,1,1.0
48,3,347,437,100,200,1,1,1.0
48,4,246,433,82,200,1,1,1.0
48,5,147,440,60,200,1,1,1.0
48,6,29,438,76,200,1,1,1.0
49,1,576,434,92,200,1,1,1.0
49,2,471,446,82,200,1,1,1.0
49,3,353,438,98,200,1,1,1.0
49,4,253,445,78,200,1,1,1.0
49,5,151,445,62,200,1,1,1.0
49,6,36,444,72,200,1,1,1.0
50,1,581,433,90,200,1,1,1.0
50,2,477,442,78,200,1,1,1.0
50,3,357,440,98,200,1,1,1.0
50,4,256,433,80,200,1,1,1.0
50,5,156,444,60,200,1,1,1.0
50,6,40,444,72,200,1,1,1.0
51,1,582,435,96,200,1,1,1.0
51,2,480,444,80,200,1,1,1.0
51,3,359,445,102,200,1,1,1.0
51,4,262,440,76,200,1,1,1.0
51,5,158,442,64,200,1,1,1.0
51,6,44,445,72,200,1,1,1.0
52,1,589,446,92,200,1,1,1.0
52,2,486,444,78,200,1,1,1.0
52,3,367,440,96,200,1,1,1.0
52,4,265,447,80,200,1,1,1.0
52,5,162,433,66,200,1,1,1.0
52,6,50,437,70,200,1,1,1.0
52,7,0,440,4,200,1,1,1.0
53,1,592,444,94,200,1,1,1.0
53,2,489,435,80,200,1,1,1.0
53,3,370,445,98,200,1,1,1.0
53,4,270,439,78,200,1,1,1.0
53,5,169,434,60,200,1,1,1.0
53,6,53,440,72,200,1,1,1.0
53,7,0,447,8,200,1,1,1.0
54,1,597,440,94,200,1,1,1.0
54,2,494,447,80,200,1,1,1.0
54,3,376,434,96,200,1,1,1.0
54,4,273,436,82,200,1,1,1.0
54,5,174,434,60,200,1,1,1.0
54,6,56,437,76,200,1,1,1.0
54,7,0,442,15,200,1,1,1.0
55,1,603,447,90,200,1,1,1.0
55,2,496,440,84,200,1,1,1.0
55,3,378,434,100,200,1,1,1.0
55,4,277,434,82,200,1,1,1.0
55,5,178,445,60,200,1,1,1.0
55,6,61,438,74,200,1,1,1.0
55,7,0,446,17,200,1,1,1.0
56,1,608,440,88,200,1,1,1.0
56,2,501,442,82,200,1,1,1.0
56,3,384,438,96,200,1,1,1.0
56,4,282,439,80,200,1,1,1.0
56,5,179,438,66,200,1,1,1.0
56,6,64,445,76,200,1,1,1.0
56,7,0,441,21,200,1,1,1.0
57,1,613,447,88,200,1,1,1.0
57,2,507,444,80,200,1,1,1.0
57,3,386,440,102,200,1,1,1.0
57,4,289,440,76,200,1,1,1.0
57,5,187,436,60,200,1,1,1.0
57,6,71,438,72,200,1,1,1.0
57,7,0,442,25,200,1,1,1.0
58,1,614,442,94,200,1,1,1.0
58,2,510,433,82,200,1,1,1.0
58,3,390,435,102,200,1,1,1.0
58,4,292,433,78,200,1,1,1.0
58,5,191,446,60,200,1,1,1.0
58,6,74,440,74,200,1,1,1.0
58,7,0,445,31,200,1,1,1.0
59,1,620,440,92,200,1,1,1.0
59,2,517,443,78,200,1,1,1.0
59,3,399,445,94,200,1,1,1.0
59,4,295,441,82,200,1,1,1.0
59,5,193,442,66,200,1,1,1.0
59,6,82,437,68,200,1,1,1.0
59,7,0,438,33,200,1,1,1.0
60,1,624,439,92,200,1,1,1.0
60,2,518,439,84,200,1,1,1.0
60,3,401,433,98,200,1,1,1.0
60,4,302,440,76,200,1,1,1.0
60,5,198,433,64,200,1,1,1.0
60,6,84,436,72,200,1,1,1.0
60,7,0,438,39,200,1,1,1.0
61,1,628,439,92,200,1,1,1.0
61,2,522,443,84,200,1,1,1.0
61,3,404,434,100,200,1,1,1.0
61,4,306,434,76,200,1,1,1.0
61,5,204,441,60,200,1,1,1.0
61,6,89,447,70,200,1,1,1.0
61,7,0,438,43,200,1,1,1.0
62,1,632,437,94,200,1,1,1.0
62,2,528,445,82,200,1,1,1.0
62,3,409,438,100,200,1,1,1.0
62,4,308,444,82,200,1,1,1.0
62,5,210,444,58,200,1,1,1.0
62,6,92,442,74,200,1,1,1.0
62,7,0,433,49,200,1,1,1.0
63,1,637,443,92,200,1,1,1.0
63,2,532,445,82,200,1,1,1.0
63,3,414,433,98,200,1,1,1.0
63,4,315,447,76,200,1,1,1.0
63,5,212,439,62,200,1,1,1.0
63,6,95,433,76,200,1,1,1.0
63,7,0,435,53,200,1,1,1.0
64,1,641,439,94,200,1,1,1.0
64,2,537,440,82,200,1,1,1.0
64,3,421,444,94,200,1,1,1.0
64,4,320,434,76,200,1,1,1.0
64,5,217,437,62,200,1,1,1.0
64,6,101,437,74,200,1,1,1.0
64,7,1,435,54,200,1,1,1.0
65,1,648,447,88,200,1,1,1.0
65,2,542,442,80,200,1,1,1.0
65,3,422,441,100,200,1,1,1.0
65,4,321,440,82,200,1,1,1.0
65,5,221,445,62,200,1,1,1.0
65,6,107,445,70,200,1,1,1.0
65,7,1,437,62,200,1,1,1.0
66,1,649,434,94,200,1,1,1.0
66,2,545,440,82,200,1,1,1.0
66,3,427,441,98,200,1,1,1.0
66,4,327,440,78,200,1,1,1.0
66,5,226,440,60,200,1,1,1.0
66,6,108,438,76,200,1,1,1.0
66,7,8,436,56,200,1,1,1.0
67,1,656,436,90,200,1,1,1.0
67,2,549,446,84,200,1,1,1.0
67,3,430,434,102,200,1,1,1.0
67,4,330,434,82,200,1,1,1.0
67,5,229,436,64,200,1,1,1.0
67,6,117,435,68,200,1,1,1.0
67,7,11,438,60,200,1,1,1.0
68,1,659,442,92,200,1,1,1.0
68,2,554,437,82,200,1,1,1.0
68,3,437,446,96,200,1,1,1.0
68,4,336,438,78,200,1,1,1.0
68,5,233,436,64,200,1,1,1.0
68,6,118,434,74,200,1,1,1.0
68,7,15,435,60,200,1,1,1.0
69,1,665,444,90,200,1,1,1.0
69,2,558,437,84,200,1,1,1.0
69,3,442,444,96,200,1,1,1.0
69,4,342,440,76,200,1,1,1.0
69,5,238,436,64,200,1,1,1.0
69,6,124,440,72,200,1,1,1.0
69,7,19,435,62,200,1,1,1.0
70,1,669,436,90,200,1,1,1.0
70,2,565,436,78,200,1,1,1.0
70,3,446,438,96,200,1,1,1.0
70,4,344,435,80,200,1,1,1.0
70,5,242,442,64,200,1,1,1.0
70,6,130,439,68,200,1,1,1.0
70,7,25,436,58,200,1,1,1.0
71,1,672,443,94,200,1,1,1.0
71,2,568,446,80,200,1,1,1.0
71,3,447,441,102,200,1,1,1.0
71,4,348,446,80,200,1,1,1.0
71,5,247,442,62,200,1,1,1.0
71,6,130,445,76,200,1,1,1.0
71,7,28,440,60,200,1,1,1.0
72,1,676,442,94,200,1,1,1.0
72,2,572,437,82,200,1,1,1.0
72,3,454,437,98,200,1,1,1.0
72,4,354,446,78,200,1,1,1.0
72,5,253,440,60,200,1,1,1.0
72,6,136,440,74,200,1,1,1.0
72,7,35,436,56,200,1,1,1.0
73,1,680,439,94,200,1,1,1.0
73,2,576,435,82,200,1,1,1.0
73,3,458,447,98,200,1,1,1.0
73,4,358,440,78,200,1,1,1.0
73,5,257,437,60,200,1,1,1.0
73,6,140,444,74,200,1,1,1.0
73,7,38,438,58,200,1,1,1.0
74,1,686,435,92,200,1,1,1.0
74,2,581,444,82,200,1,1,1.0
74,3,465,435,94,200,1,1,1.0
74,4,361,444,82,200,1,1,1.0
74,5,262,436,60,200,1,1,1.0
74,6,147,433,70,200,1,1,1.0
74,7,43,434,58,200,1,1,1.0
74,8,0,438,5,200,1,1,1.0
75,1,691,443,90,200,1,1,1.0
75,2,586,443,80,200,1,1,1.0
75,3,467,443,98,200,1,1,1.0
75,4,367,436,78,200,1,1,1.0
75,5,266,435,60,200,1,1,1.0
75,6,151,439,70,200,1,1,1.0
75,7,46,444,60,200,1,1,1.0
75,8,0,446,8,200,1,1,1.0
76,1,695,436,90,200,1,1,1.0
76,2,587,436,86,200,1,1,1.0
76,3,472,437,96,200,1,1,1.0
76,4,370,445,80,200,1,1,1.0
76,5,269,438,62,200,1,1,1.0
76,6,153,441,74,200,1,1,1.0
76,7,51,438,58,200,1,1,1.0
76,8,0,436,13,200,1,1,1.0
77,1,700,444,90,200,1,1,1.0
77,2,593,438,84,200,1,1,1.0
77,3,475,442,100,200,1,1,1.0
77,4,375,442,80,200,1,1,1.0
77,5,275,435,60,200,1,1,1.0
77,6,160,441,70,200,1,1,1.0
77,7,57,444,56,200,1,1,1.0
77,8,0,437,17,200,1,1,1.0
78,1,704,443,90,200,1,1,1.0
78,2,598,444,82,200,1,1,1.0
78,3,478,441,102,200,1,1,1.0
78,4,379,440,80,200,1,1,1.0
78,5,279,440,60,200,1,1,1.0
78,6,163,444,72,200,1,1,1.0
78,7,59,440,60,200,1,1,1.0
78,8,0,437,20,200,1,1,1.0
79,1,706,445,96,200,1,1,1.0
79,2,601,438,86,200,1,1,1.0
79,3,486,439,96,200,1,1,1.0
79,4,386,435,76,200,1,1,1.0
79,5,284,444,60,200,1,1,1.0
79,6,168,445,72,200,1,1,1.0
79,7,67,440,54,200,1,1,1.0
79,8,0,446,29,200,1,1,1.0
80,1,713,439,90,200,1,1,1.0
80,2,606,440,84,200,1,1,1.0
80,3,489,437,98,200,1,1,1.0
80,4,388,440,80,200,1,1,1.0
80,5,289,442,58,200,1,1,1.0
80,6,173,437,70,200,1,1,1.0
80,7,70,436,56,200,1,1,1.0
80,8,0,435,32,200,1,1,1.0
81,1,718,435,88,200,1,1,1.0
81,2,611,439,82,200,1,1,1.0
81,3,493,440,98,200,1,1,1.0
81,4,393,446,78,200,1,1,1.0
81,5,292,447,60,200,1,1,1.0
81,6,175,442,74,200,1,1,1.0
81,7,75,443,54,200,1,1,1.0
81,8,0,433,36,200,1,1,1.0
82,1,721,433,92,200,1,1,1.0
82,2,616,436,82,200,1,1,1.0
82,3,499,433,96,200,1,1,1.0
82,4,396,441,82,200,1,1,1.0
82,5,297,436,60,200,1,1,1.0
82,6,182,436,70,200,1,1,1.0
82,7,79,435,56,200,1,1,1.0
82,8,0,446,38,200,1,1,1.0
83,1,723,442,96,200,1,1,1.0
83,2,620,435,82,200,1,1,1.0
83,3,503,440,96,200,1,1,1.0
83,4,403,447,76,200,1,1,1.0
83,5,302,442,58,200,1,1,1.0
83,6,183,436,76,200,1,1,1.0
83,7,82,435,58,200,1,1,1.0
83,8,0,447,42,200,1,1,1.0
84,1,730,444,92,200,1,1,1.0
84,2,625,440,82,200,1,1,1.0
84,3,509,440,94,200,1,1,1.0
84,4,408,445,76,200,1,1,1.0
84,5,307,437,58,200,1,1,1.0
84,6,190,445,72,200,1,1,1.0
84,7,86,447,60,200,1,1,1.0
84,8,0,438,48,200,1,1,1.0
85,1,732,436,96,200,1,1,1.0
85,2,629,436,82,200,1,1,1.0
85,3,509,442,102,200,1,1,1.0
85,4,409,433,82,200,1,1,1.0
85,5,310,433,60,200,1,1,1.0
85,6,194,446,72,200,1,1,1.0
85,7,92,433,56,200,1,1,1.0
85,8,0,441,54,200,1,1,1.0
86,1,738,447,92,200,1,1,1.0
86,2,632,434,84,200,1,1,1.0
86,3,515,441,98,200,1,1,1.0
86,4,415,447,78,200,1,1,1.0
86,5,312,440,64,200,1,1,1.0
86,6,198,433,72,200,1,1,1.0
86,7,95,439,58,200,1,1,1.0
86,8,0,438,56,200,1,1,1.0
87,1,742,436,94,200,1,1,1.0
87,2,639,433,80,200,1,1,1.0
87,3,522,435,94,200,1,1,1.0
87,4,421,437,76,200,1,1,1.0
87,5,318,437,62,200,1,1,1.0
87,6,202,442,74,200,1,1,1.0
87,7,101,438,56,200,1,1,1.0
87,8,0,433,64,200,1,1,1.0
88,1,747,446,92,200,1,1,1.0
88,2,643,438,80,200,1,1,1.0
88,3,525,444,96,200,1,1,1.0
88,4,425,444,76,200,1,1,1.0
88,5,321,445,64,200,1,1,1.0
88,6,207,443,72,200,1,1,1.0
88,7,104,438,58,200,1,1,1.0
88,8,0,446,67,200,1,1,1.0
89,1,751,435,94,200,1,1,1.0
89,2,645,438,86,200,1,1,1.0
89,3,530,435,96,200,1,1,1.0
89,4,430,434,76,200,1,1,1.0
89,5,327,440,62,200,1,1,1.0
89,6,213,440,70,200,1,1,1.0
89,7,110,433,56,200,1,1,1.0
89,8,0,443,70,200,1,1,1.0
90,1,756,436,92,200,1,1,1.0
90,2,649,446,86,200,1,1,1.0
90,3,534,447,96,200,1,1,1.0
90,4,433,433,78,200,1,1,1.0
90,5,332,438,60,200,1,1,1.0
90,6,214,443,76,200,1,1,1.0
90,7,114,435,56,200,1,1,1.0
90,8,0,444,75,200,1,1,1.0
91,1,759,442,94,200,1,1,1.0
91,2,653,440,86,200,1,1,1.0
91,3,536,443,100,200,1,1,1.0
91,4,435,439,82,200,1,1,1.0
91,5,337,440,58,200,1,1,1.0
91,6,221,436,70,200,1,1,1.0
91,7,116,438,60,200,1,1,1.0
91,8,0,446,78,200,1,1,1.0
92,1,767,435,88,200,1,1,1.0
92,2,660,441,82,200,1,1,1.0
92,3,543,437,96,200,1,1,1.0
92,4,441,445,80,200,1,1,1.0
92,5,341,438,60,200,1,1,1.0
92,6,225,438,72,200,1,1,1.0
92,7,121,439,60,200,1,1,1.0
92,8,0,433,83,200,1,1,1.0
93,1,767,440,96,200,1,1,1.0
93,2,662,440,86,200,1,1,1.0
93,3,546,439,98,200,1,1,1.0
93,4,444,435,82,200,1,1,1.0
93,5,345,437,60,200,1,1,1.0
93,6,229,433,72,200,1,1,1.0
93,7,125,440,60,200,1,1,1.0
93,8,3,443,84,200,1,1,1.0
94,1,775,444,90,200,1,1,1.0
94,2,671,440,78,200,1,1,1.0
94,3,552,436,96,200,1,1,1.0
94,4,449,439,82,200,1,1,1.0
94,5,350,441,60,200,1,1,1.0
94,6,235,444,70,200,1,1,1.0
94,7,130,434,60,200,1,1,1.0
94,8,9,446,82,200,1,1,1.0
95,1,777,440,94,200,1,1,1.0
95,2,673,446,82,200,1,1,1.0
95,3,556,439,96,200,1,1,1.0
95,4,453,440,82,200,1,1,1.0
95,5,353,433,62,200,1,1,1.0
95,6,238,436,72,200,1,1,1.0
95,7,135,437,58,200,1,1,1.0
95,8,12,437,84,200,1,1,1.0
96,1,784,447,88,200,1,1,1.0
96,2,679,434,80,200,1,1,1.0
96,3,558,444,100,200,1,1,1.0
96,4,458,446,80,200,1,1,1.0
96,5,357,440,62,200,1,1,1.0
96,6,242,438,72,200,1,1,1.0
96,7,141,447,54,200,1,1,1.0
96,8,16,446,84,200,1,1,1.0
97,1,786,437,94,200,1,1,1.0
97,2,682,434,82,200,1,1,1.0
97,3,566,435,94,200,1,1,1.0
97,4,464,446,78,200,1,1,1.0
97,5,361,439,64,200,1,1,1.0
97,6,245,440,76,200,1,1,1.0
97,7,145,447,56,200,1,1,1.0
97,8,20,436,86,200,1,1,1.0
98,1,792,447,90,200,1,1,1.0
98,2,685,443,84,200,1,1,1.0
98,3,569,442,96,200,1,1,1.0
98,4,467,438,80,200,1,1,1.0
98,5,365,435,64,200,1,1,1.0
98,6,253,440,68,200,1,1,1.0
98,7,147,434,60,200,1,1,1.0
98,8,24,447,86,200,1,1,1.0
99,1,795,440,94,200,1,1,1.0
99,2,689,435,86,200,1,1,1.0
99,3,573,441,98,200,1,1,1.0
99,4,472,433,80,200,1,1,1.0
99,5,372,433,60,200,1,1,1.0
99,6,257,441,70,200,1,1,1.0
99,7,152,441,60,200,1,1,1.0
99,8,28,443,88,200,1,1,1.0
100,1,798,433,96,200,1,1,1.0
100,2,696,438,80,200,1,1,1.0
100,3,578,434,96,200,1,1,1.0
100,4,478,439,76,200,1,1,1.0
100,5,374,436,64,200,1,1,1.0
100,6,258,447,76,200,1,1,1.0
100,7,156,437,60,200,1,1,1.0
100,8,32,436,88,200,1,1,1.0
100,9,0,447,2,200,1,1,1.0
101,1,803,439,94,200,1,1,1.0
101,2,697,440,86,200,1,1,1.0
101,3,582,433,96,200,1,1,1.0
101,4,480,441,80,200,1,1,1.0
101,5,380,435,60,200,1,1,1.0
101,6,264,444,72,200,1,1,1.0
101,7,160,446,60,200,1,1,1.0
101,8,37,446,86,200,1,1,1.0
101,9,0,434,5,200,1,1,1.0
102,1,810,447,90,200,1,1,1.0
102,2,702,442,86,200,1,1,1.0
102,3,586,441,98,200,1,1,1.0
102,4,484,445,82,200,1,1,1.0
102,5,385,445,60,200,1,1,1.0
102,6,268,439,74,200,1,1,1.0
102,7,165,445,60,200,1,1,1.0
102,8,41,433,88,200,1,1,1.0
102,9,0,446,12,200,1,1,1.0
103,1,813,446,92,200,1,1,1.0
103,2,710,442,78,200,1,1,1.0
103,3,592,446,94,200,1,1,1.0
103,4,488,437,82,200,1,1,1.0
103,5,389,440,60,200,1,1,1.0
103,6,272,444,74,200,1,1,1.0
103,7,170,438,58,200,1,1,1.0
103,8,48,435,82,200,1,1,1.0
103,9,0,440,14,200,1,1,1.0
104,1,816,443,96,200,1,1,1.0
104,2,713,440,82,200,1,1,1.0
104,3,596,436,96,200,1,1,1.0
104,4,493,440,82,200,1,1,1.0
104,5,393,447,62,200,1,1,1.0
104,6,278,439,72,200,1,1,1.0
104,7,174,443,60,200,1,1,1.0
104,8,50,435,88,200,1,1,1.0
104,9,0,437,18,200,1,1,1.0
105,1,821,447,94,200,1,1,1.0
105,2,715,436,86,200,1,1,1.0
105,3,597,441,102,200,1,1,1.0
105,4,498,436,80,200,1,1,1.0
105,5,399,443,58,200,1,1,1.0
105,6,280,446,76,200,1,1,1.0
105,7,178,436,60,200,1,1,1.0
105,8,56,441,84,200,1,1,1.0
105,9,0,433,21,200,1,1,1.0
106,1,828,433,88,200,1,1,1.0
106,2,721,438,82,200,1,1,1.0
106,3,605,438,94,200,1,1,1.0
106,4,504,443,76,200,1,1,1.0
106,5,403,440,58,200,1,1,1.0
106,6,286,440,72,200,1,1,1.0
106,7,181,436,62,200,1,1,1.0
106,8,57,443,90,200,1,1,1.0
106,9,0,443,25,200,1,1,1.0
107,1,832,440,90,200,1,1,1.0
107,2,725,436,84,200,1,1,1.0
107,3,609,438,96,200,1,1,1.0
107,4,507,440,80,200,1,1,1.0
107,5,404,433,66,200,1,1,1.0
107,6,290,436,74,200,1,1,1.0
107,7,190,435,54,200,1,1,1.0
107,8,64,437,86,200,1,1,1.0
107,9,0,442,30,200,1,1,1.0
108,1,836,440,90,200,1,1,1.0
108,2,731,440,80,200,1,1,1.0
108,3,610,443,102,200,1,1,1.0
108,4,512,435,78,200,1,1,1.0
108,5,411,443,60,200,1,1,1.0
108,6,296,447,70,200,1,1,1.0
108,7,192,433,58,200,1,1,1.0
108,8,70,436,82,200,1,1,1.0
108,9,0,440,36,200,1,1,1.0
109,1,840,445,92,200,1,1,1.0
109,2,734,443,84,200,1,1,1.0
109,3,617,435,98,200,1,1,1.0
109,4,515,439,82,200,1,1,1.0
109,5,414,435,64,200,1,1,1.0
109,6,299,446,74,200,1,1,1.0
109,7,199,439,54,200,1,1,1.0
109,8,72,435,88,200,1,1,1.0
109,9,0,433,41,200,1,1,1.0
110,1,843,443,94,200,1,1,1.0
110,2,739,433,82,200,1,1,1.0
110,3,619,444,102,200,1,1,1.0
110,4,519,437,82,200,1,1,1.0
110,5,420,441,60,200,1,1,1.0
110,6,304,446,72,200,1,1,1.0
110,7,201,445,58,200,1,1,1.0
110,8,77,437,86,200,1,1,1.0
110,9,0,437,47,200,1,1,1.0
111,1,848,445,92,200,1,1,1.0
111,2,745,443,78,200,1,1,1.0
111,3,626,438,96,200,1,1,1.0
111,4,526,436,76,200,1,1,1.0
111,5,423,441,62,200,1,1,1.0
111,6,307,445,74,200,1,1,1.0
111,7,207,445,54,200,1,1,1.0
111,8,80,433,88,200,1,1,1.0
111,9,0,446,50,200,1,1,1.0
112,1,853,437,92,200,1,1,1.0
112,2,749,441,80,200,1,1,1.0
112,3,631,447,96,200,1,1,1.0
112,4,530,440,78,200,1,1,1.0
112,5,429,443,60,200,1,1,1.0
112,6,314,438,70,200,1,1,1.0
112,7,209,440,60,200,1,1,1.0
112,8,88,444,82,200,1,1,1.0
112,9,0,443,53,200,1,1,1.0
113,1,858,439,90,200,1,1,1.0
113,2,751,443,84,200,1,1,1.0
113,3,636,436,94,200,1,1,1.0
113,4,533,442,80,200,1,1,1.0
113,5,431,437,64,200,1,1,1.0
113,6,315,444,76,200,1,1,1.0
113,7,215,445,56,200,1,1,1.0
113,8,88,447,90,200,1,1,1.0
113,9,0,437,56,200,1,1,1.0
114,1,861,437,94,200,1,1,1.0
114,2,758,435,80,200,1,1,1.0
114,3,638,440,100,200,1,1,1.0
114,4,540,438,76,200,1,1,1.0
114,5,437,445,62,200,1,1,1.0
114,6,322,435,72,200,1,1,1.0
114,7,219,437,58,200,1,1,1.0
114,8,95,434,86,200,1,1,1.0
114,9,0,434,63,200,1,1,1.0
115,1,867,434,90,200,1,1,1.0
115,2,759,439,86,200,1,1,1.0
115,3,643,438,98,200,1,1,1.0
115,4,543,438,78,200,1,1,1.0
115,5,443,442,58,200,1,1,1.0
115,6,324,444,76,200,1,1,1.0
115,7,224,440,56,200,1,1,1.0
115,8,97,441,90,200,1,1,1.0
115,9,0,440,65,200,1,1,1.0
116,1,871,443,90,200,1,1,1.0
116,2,766,436,80,200,1,1,1.0
116,3,647,435,98,200,1,1,1.0
116,4,545,440,82,200,1,1,1.0
116,5,443,435,66,200,1,1,1.0
116,6,330,434,72,200,1,1,1.0
116,7,226,443,60,200,1,1,1.0
116,8,103,441,86,200,1,1,1.0
116,9,3,439,66,200,1,1,1.0
117,1,876,444,90,200,1,1,1.0
117,2,770,435,82,200,1,1,1.0
117,3,653,435,96,200,1,1,1.0
117,4,550,435,82,200,1,1,1.0
117,5,449,447,64,200,1,1,1.0
117,6,334,447,74,200,1,1,1.0
117,7,233,440,56,200,1,1,1.0
117,8,106,437,90,200,1,1,1.0
117,9,6,439,70,200,1,1,1.0
118,1,881,435,88,200,1,1,1.0
118,2,773,444,84,200,1,1,1.0
118,3,655,440,100,200,1,1,1.0
118,4,554,444,82,200,1,1,1.0
118,5,454,438,62,200,1,1,1.0
118,6,340,446,70,200,1,1,1.0
118,7,237,443,56,200,1,1,1.0
118,8,111,434,88,200,1,1,1.0
118,9,10,440,70,200,1,1,1.0
119,1,882,438,96,200,1,1,1.0
119,2,779,442,82,200,1,1,1.0
119,3,661,436,98,200,1,1,1.0
119,4,559,447,82,200,1,1,1.0
119,5,459,437,62,200,1,1,1.0
119,6,346,437,68,200,1,1,1.0
119,7,242,447,56,200,1,1,1.0
119,8,116,434,88,200,1,1,1.0
119,9,17,444,66,200,1,1,1.0
120,1,886,441,96,200,1,1,1.0
120,2,782,442,84,200,1,1,1.0
120,3,664,438,100,200,1,1,1.0
120,4,563,436,82,200,1,1,1.0
120,5,464,438,60,200,1,1,1.0
120,6,348,444,72,200,1,1,1.0
120,7,247,437,54,200,1,1,1.0
120,8,121,447,86,200,1,1,1.0
120,9,17,442,74,200,1,1,1.0
121,1,893,436,90,200,1,1,1.0
121,2,785,433,86,200,1,1,1.0
121,3,669,444,100,200,1,1,1.0
121,4,567,444,82,200,1,1,1.0
121,5,466,439,64,200,1,1,1.0
121,6,351,442,74,200,1,1,1.0
121,7,248,437,60,200,1,1,1.0
121,8,124,433,88,200,1,1,1.0
121,9,22,440,72,200,1,1,1.0
122,1,899,433,88,200,1,1,1.0
122,2,793,445,80,200,1,1,1.0
122,3,676,437,94,200,1,1,1.0
122,4,574,433,78,200,1,1,1.0
122,5,474,437,58,200,1,1,1.0
122,6,357,444,72,200,1,1,1.0
122,7,254,441,58,200,1,1,1.0
122,8,129,442,88,200,1,1,1.0
122,9,30,433,66,200,1,1,1.0
123,1,901,440,92,200,1,1,1.0
123,2,795,437,84,200,1,1,1.0
123,3,680,438,94,200,1,1,1.0
123,4,579,433,76,200,1,1,1.0
123,5,476,434,62,200,1,1,1.0
123,6,361,446,72,200,1,1,1.0
123,7,257,435,60,200,1,1,1.0
123,8,135,443,84,200,1,1,1.0
123,9,30,435,74,200,1,1,1.0
124,1,904,445,96,200,1,1,1.0
124,2,800,440,84,200,1,1,1.0
124,3,684,444,96,200,1,1,1.0
124,4,582,440,80,200,1,1,1.0
124,5,482,437,60,200,1,1,1.0
124,6,364,435,76,200,1,1,1.0
124,7,263,446,58,200,1,1,1.0
124,8,139,437,86,200,1,1,1.0
124,9,36,436,72,200,1,1,1.0
124,10,0,447,3,200,1,1,1.0
125,1,910,439,92,200,1,1,1.0
125,2,805,439,82,200,1,1,1.0
125,3,685,446,102,200,1,1,1.0
125,4,585,444,82,200,1,1,1.0
125,5,487,443,58,200,1,1,1.0
125,6,372,434,68,200,1,1,1.0
125,7,267,436,58,200,1,1,1.0
125,8,144,443,84,200,1,1,1.0
125,9,40,440,72,200,1,1,1.0
125,10,0,436,8,200,1,1,1.0
126,1,916,435,88,200,1,1,1.0
126,2,809,439,82,200,1,1,1.0
126,3,690,439,100,200,1,1,1.0
126,4,590,443,80,200,1,1,1.0
126,5,487,444,66,200,1,1,1.0
126,6,372,441,76,200,1,1,1.0
126,7,269,441,62,200,1,1,1.0
126,8,148,440,84,200,1,1,1.0
126,9,47,443,66,200,1,1,1.0
126,10,0,437,12,200,1,1,1.0
127,1,920,443,88,200,1,1,1.0
127,2,814,436,82,200,1,1,1.0
127,3,696,440,98,200,1,1,1.0
127,4,597,443,76,200,1,1,1.0
127,5,493,439,64,200,1,1,1.0
127,6,378,440,74,200,1,1,1.0
127,7,277,439,56,200,1,1,1.0
127,8,153,437,84,200,1,1,1.0
127,9,48,440,74,200,1,1,1.0
127,10,0,440,16,200,1,1,1.0
128,1,921,437,94,200,1,1,1.0
128,2,820,444,78,200,1,1,1.0
128,3,702,447,94,200,1,1,1.0
128,4,598,447,82,200,1,1,1.0
128,5,496,433,66,200,1,1,1.0
128,6,382,436,74,200,1,1,1.0
128,7,281,440,56,200,1,1,1.0
128,8,155,433,88,200,1,1,1.0
128,9,53,443,72,200,1,1,1.0
128,10,0,446,21,200,1,1,1.0
129,1,925,442,96,200,1,1,1.0
129,2,825,440,78,200,1,1,1.0
129,3,706,440,96,200,1,1,1.0
129,4,605,444,78,200,1,1,1.0
129,5,501,445,66,200,1,1,1.0
129,6,387,445,74,200,1,1,1.0
129,7,283,439,62,200,1,1,1.0
129,8,161,439,86,200,1,1,1.0
129,9,61,444,66,200,1,1,1.0
129,10,0,439,25,200,1,1,1.0
130,1,931,444,92,200,1,1,1.0
130,2,829,438,78,200,1,1,1.0
130,3,708,435,100,200,1,1,1.0
130,4,609,434,78,200,1,1,1.0
130,5,508,441,60,200,1,1,1.0
130,6,393,444,70,200,1,1,1.0
130,7,289,437,58,200,1,1,1.0
130,8,165,447,86,200,1,1,1.0
130,9,61,444,74,200,1,1,1.0
130,10,0,440,30,200,1,1,1.0
131,1,936,440,92,200,1,1,1.0
131,2,833,443,78,200,1,1,1.0
131,3,711,446,102,200,1,1,1.0
131,4,613,437,78,200,1,1,1.0
131,5,513,444,58,200,1,1,1.0
131,6,395,446,74,200,1,1,1.0
131,7,293,433,58,200,1,1,1.0
131,8,171,436,82,200,1,1,1.0
131,9,67,447,70,200,1,1,1.0
131,10,0,440,33,200,1,1,1.0
132,1,940,433,92,200,1,1,1.0
132,2,838,433,78,200,1,1,1.0
132,3,716,439,102,200,1,1,1.0
132,4,618,447,78,200,1,1,1.0
132,5,515,440,64,200,1,1,1.0
132,6,401,433,72,200,1,1,1.0
132,7,296,435,62,200,1,1,1.0
132,8,175,445,84,200,1,1,1.0
132,9,73,446,68,200,1,1,1.0
132,10,0,444,39,200,1,1,1.0
133,1,944,440,92,200,1,1,1.0
133,2,841,439,80,200,1,1,1.0
133,3,720,444,102,200,1,1,1.0
133,4,621,446,80,200,1,1,1.0
133,5,518,446,66,200,1,1,1.0
133,6,406,437,70,200,1,1,1.0
133,7,302,444,58,200,1,1,1.0
133,8,177,443,88,200,1,1,1.0
133,9,75,446,72,200,1,1,1.0
133,10,0,437,42,200,1,1,1.0
134,1,948,443,94,200,1,1,1.0
134,2,846,444,80,200,1,1,1.0
134,3,728,446,96,200,1,1,1.0
134,4,627,437,78,200,1,1,1.0
134,5,526,438,60,200,1,1,1.0
134,6,409,447,74,200,1,1,1.0
134,7,307,439,58,200,1,1,1.0
134,8,183,440,86,200,1,1,1.0
134,9,80,438,72,200,1,1,1.0
134,10,0,435,47,200,1,1,1.0
135,1,953,441,92,200,1,1,1.0
135,2,847,435,86,200,1,1,1.0
135,3,732,442,96,200,1,1,1.0
135,4,631,433,78,200,1,1,1.0
135,5,529,447,62,200,1,1,1.0
135,6,413,435,74,200,1,1,1.0
135,7,312,438,56,200,1,1,1.0
135,8,186,439,88,200,1,1,1.0
135,9,84,447,72,200,1,1,1.0
135,10,0,440,52,200,1,1,1.0
136,1,958,433,92,200,1,1,1.0
136,2,853,439,82,200,1,1,1.0
136,3,735,444,98,200,1,1,1.0
136,4,634,445,80,200,1,1,1.0
136,5,535,443,58,200,1,1,1.0
136,6,418,434,72,200,1,1,1.0
136,7,316,440,56,200,1,1,1.0
136,8,190,444,88,200,1,1,1.0
136,9,88,440,72,200,1,1,1.0
136,10,0,447,56,200,1,1,1.0
137,1,964,446,88,200,1,1,1.0
137,2,857,440,84,200,1,1,1.0
137,3,741,446,96,200,1,1,1.0
137,4,641,435,76,200,1,1,1.0
137,5,540,437,58,200,1,1,1.0
137,6,422,434,74,200,1,1,1.0
137,7,321,435,56,200,1,1,1.0
137,8,198,433,82,200,1,1,1.0
137,9,96,441,66,200,1,1,1.0
137,10,0,443,60,200,1,1,1.0
138,1,967,437,90,200,1,1,1.0
138,2,861,447,84,200,1,1,1.0
138,3,744,444,98,200,1,1,1.0
138,4,643,442,80,200,1,1,1.0
138,5,543,440,60,200,1,1,1.0
138,6,426,442,74,200,1,1,1.0
138,7,323,439,60,200,1,1,1.0
138,8,200,434,86,200,1,1,1.0
138,9,97,436,72,200,1,1,1.0
138,10,0,438,65,200,1,1,1.0
139,1,972,447,90,200,1,1,1.0
139,2,867,439,82,200,1,1,1.0
139,3,749,437,98,200,1,1,1.0
139,4,647,438,82,200,1,1,1.0
139,5,547,443,62,200,1,1,1.0
139,6,431,436,74,200,1,1,1.0
139,7,329,437,58,200,1,1,1.0
139,8,204,445,88,200,1,1,1.0
139,9,104,433,68,200,1,1,1.0
139,10,0,437,69,200,1,1,1.0
140,1,974,434,94,200,1,1,1.0
140,2,872,434,80,200,1,1,1.0
140,3,754,443,96,200,1,1,1.0
140,4,651,445,82,200,1,1,1.0
140,5,553,443,58,200,1,1,1.0
140,6,437,435,70,200,1,1,1.0
140,7,334,440,56,200,1,1,1.0
140,8,209,436,86,200,1,1,1.0
140,9,109,440,66,200,1,1,1.0
140,10,0,435,76,200,1,1,1.0
141,1,980,441,92,200,1,1,1.0
141,2,873,433,86,200,1,1,1.0
141,3,757,444,98,200,1,1,1.0
141,4,655,440,82,200,1,1,1.0
141,5,553,438,66,200,1,1,1.0
141,6,441,438,70,200,1,1,1.0
141,7,336,438,60,200,1,1,1.0
141,8,215,438,82,200,1,1,1.0
141,9,110,434,72,200,1,1,1.0
141,10,0,435,78,200,1,1,1.0
142,1,985,435,90,200,1,1,1.0
142,2,878,439,86,200,1,1,1.0
142,3,762,444,98,200,1,1,1.0
142,4,662,433,78,200,1,1,1.0
142,5,558,434,66,200,1,1,1.0
142,6,446,433,70,200,1,1,1.0
142,7,341,444,60,200,1,1,1.0
142,8,218,441,86,200,1,1,1.0
142,9,115,438,72,200,1,1,1.0
142,10,0,445,84,200,1,1,1.0
143,1,987,446,94,200,1,1,1.0
143,2,883,440,84,200,1,1,1.0
143,3,764,439,102,200,1,1,1.0
143,4,664,438,82,200,1,1,1.0
143,5,563,440,64,200,1,1,1.0
143,6,451,434,68,200,1,1,1.0
143,7,346,439,58,200,1,1,1.0
143,8,221,436,88,200,1,1,1.0
143,9,122,436,66,200,1,1,1.0
143,10,4,436,82,200,1,1,1.0
144,1,991,444,96,200,1,1,1.0
144,2,891,445,78,200,1,1,1.0
144,3,771,434,98,200,1,1,1.0
144,4,671,439,78,200,1,1,1.0
144,5,570,439,60,200,1,1,1.0
144,6,453,436,74,200,1,1,1.0
144,7,352,433,56,200,1,1,1.0
144,8,226,444,88,200,1,1,1.0
144,9,124,443,72,200,1,1,1.0
144,10,9,437,82,200,1,1,1.0
145,1,996,443,94,200,1,1,1.0
145,2,893,438,82,200,1,1,1.0
145,3,774,439,100,200,1,1,1.0
145,4,674,437,80,200,1,1,1.0
145,5,572,444,64,200,1,1,1.0
145,6,459,440,70,200,1,1,1.0
145,7,357,440,54,200,1,1,1.0
145,8,229,433,90,200,1,1,1.0
145,9,129,433,70,200,1,1,1.0
145,10,11,433,86,200,1,1,1.0
146,1,1000,441,96,200,1,1,1.0
146,2,895,434,86,200,1,1,1.0
146,3,781,437,94,200,1,1,1.0
146,4,680,440,78,200,1,1,1.0
146,5,579,444,58,200,1,1,1.0
146,6,460,433,76,200,1,1,1.0
146,7,361,441,54,200,1,1,1.0
146,8,234,440,88,200,1,1,1.0
146,9,134,445,68,200,1,1,1.0
146,10,14,444,88,200,1,1,1.0
147,1,1004,447,96,200,1,1,1.0
147,2,900,433,86,200,1,1,1.0
147,3,784,441,98,200,1,1,1.0
147,4,685,433,76,200,1,1,1.0
147,5,584,440,58,200,1,1,1.0
147,6,468,437,70,200,1,1,1.0
147,7,363,433,60,200,1,1,1.0
147,8,240,433,86,200,1,1,1.0
147,9,137,438,72,200,1,1,1.0
147,10,22,441,82,200,1,1,1.0
148,1,1010,440,92,200,1,1,1.0
148,2,906,440,82,200,1,1,1.0
148,3,787,437,100,200,1,1,1.0
148,4,688,444,78,200,1,1,1.0
148,5,587,433,60,200,1,1,1.0
148,6,472,433,70,200,1,1,1.0
148,7,367,438,60,200,1,1,1.0
148,8,245,433,84,200,1,1,1.0
148,9,142,439,70,200,1,1,1.0
148,10,26,438,82,200,1,1,1.0
149,1,1016,445,90,200,1,1,1.0
149,2,910,443,84,200,1,1,1.0
149,3,791,446,102,200,1,1,1.0
149,4,692,442,80,200,1,1,1.0
149,5,591,444,62,200,1,1,1.0
149,6,476,439,72,200,1,1,1.0
149,7,372,443,60,200,1,1,1.0
149,8,249,433,86,200,1,1,1.0
149,9,146,443,72,200,1,1,1.0
149,10,30,440,84,200,1,1,1.0
150,1,1020,445,90,200,1,1,1.0
150,2,915,447,82,200,1,1,1.0
150,3,797,438,98,200,1,1,1.0
150,4,698,433,76,200,1,1,1.0
150,5,594,435,64,200,1,1,1.0
150,6,480,445,72,200,1,1,1.0
150,7,377,444,58,200,1,1,1.0
150,8,255,437,82,200,1,1,1.0
150,9,150,440,72,200,1,1,1.0
150,10,33,444,86,200,1,1,1.0
151,1,1024,442,92,200,1,1,1.0
151,2,920,437,80,200,1,1,1.0
151,3,802,442,96,200,1,1,1.0
151,4,701,441,78,200,1,1,1.0
151,5,600,444,60,200,1,1,1.0
151,6,486,441,68,200,1,1,1.0
151,7,382,446,56,200,1,1,1.0
151,8,257,440,86,200,1,1,1.0
151,9,155,442,70,200,1,1,1.0
151,10,36,440,88,200,1,1,1.0
152,1,1028,438,92,200,1,1,1.0
152,2,921,434,86,200,1,1,1.0
152,3,807,434,96,200,1,1,1.0
152,4,705,433,80,200,1,1,1.0
152,5,605,442,60,200,1,1,1.0
152,6,488,446,74,200,1,1,1.0
152,7,387,446,56,200,1,1,1.0
152,8,261,433,88,200,1,1,1.0
152,9,161,444,68,200,1,1,1.0
152,10,44,435,82,200,1,1,1.0
153,1,1033,437,90,200,1,1,1.0
153,2,928,441,80,200,1,1,1.0
153,3,812,436,94,200,1,1,1.0
153,4,709,438,80,200,1,1,1.0
153,5,607,433,64,200,1,1,1.0
153,6,494,444,70,200,1,1,1.0
153,7,389,440,60,200,1,1,1.0
153,8,265,434,88,200,1,1,1.0
153,9,166,441,66,200,1,1,1.0
153,10,46,442,86,200,1,1,1.0
154,1,1037,441,92,200,1,1,1.0
154,2,933,442,80,200,1,1,1.0
154,3,814,447,100,200,1,1,1.0
154,4,716,433,76,200,1,1,1.0
154,5,613,434,62,200,1,1,1.0
154,6,498,442,72,200,1,1,1.0
154,7,393,439,62,200,1,1,1.0
154,8,270,436,88,200,1,1,1.0
154,9,170,441,68,200,1,1,1.0
154,10,51,438,86,200,1,1,1.0
155,1,1039,433,96,200,1,1,1.0
155,2,935,436,84,200,1,1,1.0
155,3,818,433,100,200,1,1,1.0
155,4,719,434,78,200,1,1,1.0
155,5,619,438,58,200,1,1,1.0
155,6,501,447,74,200,1,1,1.0
155,7,401,438,54,200,1,1,1.0
155,8,276,441,84,200,1,1,1.0
155,9,175,446,66,200,1,1,1.0
155,10,56,436,84,200,1,1,1.0
156,1,1045,436,94,200,1,1,1.0
156,2,942,447,80,200,1,1,1.0
156,3,824,440,96,200,1,1,1.0
156,4,722,441,80,200,1,1,1.0
156,5,621,434,62,200,1,1,1.0
156,6,507,437,70,200,1,1,1.0
156,7,403,438,58,200,1,1,1.0
156,8,280,433,84,200,1,1,1.0
156,9,176,439,72,200,1,1,1.0
156,10,58,441,88,200,1,1,1.0
157,1,1048,445,96,200,1,1,1.0
157,2,943,440,86,200,1,1,1.0
157,3,829,447,96,200,1,1,1.0
157,4,729,441,76,200,1,1,1.0
157,5,627,436,60,200,1,1,1.0
157,6,509,437,76,200,1,1,1.0
157,7,406,439,62,200,1,1,1.0
157,8,283,444,88,200,1,1,1.0
157,9,181,442,72,200,1,1,1.0
157,10,66,440,82,200,1,1,1.0
158,1,1055,433,90,200,1,1,1.0
158,2,948,443,84,200,1,1,1.0
158,3,832,437,98,200,1,1,1.0
158,4,731,444,80,200,1,1,1.0
158,5,629,439,64,200,1,1,1.0
158,6,514,445,74,200,1,1,1.0
158,7,412,441,58,200,1,1,1.0
158,8,289,442,84,200,1,1,1.0
158,9,185,444,72,200,1,1,1.0
158,10,69,443,84,200,1,1,1.0
159,1,1058,439,94,200,1,1,1.0
159,2,953,442,84,200,1,1,1.0
159,3,838,442,96,200,1,1,1.0
159,4,737,437,78,200,1,1,1.0
159,5,635,435,62,200,1,1,1.0
159,6,520,447,72,200,1,1,1.0
159,7,415,438,62,200,1,1,1.0
159,8,291,444,90,200,1,1,1.0
159,9,193,443,66,200,1,1,1.0
159,10,73,443,86,200,1,1,1.0
160,1,1064,440,90,200,1,1,1.0
160,2,956,440,86,200,1,1,1.0
160,3,841,440,98,200,1,1,1.0
160,4,740,438,80,200,1,1,1.0
160,5,639,440,62,200,1,1,1.0
160,6,523,440,74,200,1,1,1.0
160,7,421,447,58,200,1,1,1.0
160,8,297,446,86,200,1,1,1.0
160,9,196,447,68,200,1,1,1.0
160,10,79,440,82,200,1,1,1.0
161,1,1070,445,88,200,1,1,1.0
161,2,962,442,84,200,1,1,1.0
161,3,846,445,96,200,1,1,1.0
161,4,746,439,76,200,1,1,1.0
161,5,642,437,64,200,1,1,1.0
161,6,529,434,70,200,1,1,1.0
161,7,427,444,54,200,1,1,1.0
161,8,302,435,84,200,1,1,1.0
161,9,199,437,70,200,1,1,1.0
161,10,83,436,82,200,1,1,1.0
162,1,1072,437,92,200,1,1,1.0
162,2,966,444,84,200,1,1,1.0
162,3,850,439,98,200,1,1,1.0
162,4,748,441,82,200,1,1,1.0
162,5,648,446,62,200,1,1,1.0
162,6,535,440,68,200,1,1,1.0
162,7,430,442,58,200,1,1,1.0
162,8,305,436,88,200,1,1,1.0
162,9,204,435,70,200,1,1,1.0
162,10,87,440,84,200,1,1,1.0
163,1,1076,434,92,200,1,1,1.0
163,2,971,434,82,200,1,1,1.0
163,3,853,442,100,200,1,1,1.0
163,4,752,445,82,200,1,1,1.0
163,5,653,438,60,200,1,1,1.0
163,6,537,440,72,200,1,1,1.0
163,7,434,436,58,200,1,1,1.0
163,8,310,434,86,200,1,1,1.0
163,9,206,446,74,200,1,1,1.0
163,10,89,433,88,200,1,1,1.0
164,1,1081,447,92,200,1,1,1.0
164,2,977,444,80,200,1,1,1.0
164,3,859,442,98,200,1,1,1.0
164,4,757,441,82,200,1,1,1.0
164,5,657,443,62,200,1,1,1.0
164,6,540,435,76,200,1,1,1.0
164,7,440,438,56,200,1,1,1.0
164,8,316,433,84,200,1,1,1.0
164,9,214,440,68,200,1,1,1.0
164,10,95,446,86,200,1,1,1.0
165,1,1086,434,90,200,1,1,1.0
165,2,979,444,84,200,1,1,1.0
165,3,865,433,94,200,1,1,1.0
165,4,763,440,78,200,1,1,1.0
165,5,661,442,62,200,1,1,1.0
165,6,545,435,74,200,1,1,1.0
165,7,442,434,60,200,1,1,1.0
165,8,317,442,90,200,1,1,1.0
165,9,217,444,70,200,1,1,1.0
165,10,98,447,88,200,1,1,1.0
166,1,1090,439,92,200,1,1,1.0
166,2,985,433,82,200,1,1,1.0
166,3,869,445,94,200,1,1,1.0
166,4,765,440,82,200,1,1,1.0
166,5,666,442,60,200,1,1,1.0
166,6,548,440,76,200,1,1,1.0
166,7,449,447,54,200,1,1,1.0
166,8,321,440,90,200,1,1,1.0
166,9,221,440,70,200,1,1,1.0
166,10,105,445,82,200,1,1,1.0
167,1,1094,442,92,200,1,1,1.0
167,2,991,444,78,200,1,1,1.0
167,3,872,446,98,200,1,1,1.0
167,4,772,442,78,200,1,1,1.0
167,5,670,437,62,200,1,1,1.0
167,6,554,440,74,200,1,1,1.0
167,7,453,440,56,200,1,1,1.0
167,8,329,436,84,200,1,1,1.0
167,9,225,438,72,200,1,1,1.0
167,10,110,443,82,200,1,1,1.0
168,1,1098,439,92,200,1,1,1.0
168,2,995,446,78,200,1,1,1.0
168,3,878,441,94,200,1,1,1.0
168,4,776,445,78,200,1,1,1.0
168,5,675,440,60,200,1,1,1.0
168,6,558,434,74,200,1,1,1.0
168,7,456,434,58,200,1,1,1.0
168,8,332,440,86,200,1,1,1.0
168,9,231,441,68,200,1,1,1.0
168,10,111,441,88,200,1,1,1.0
169,1,1104,444,90,200,1,1,1.0
169,2,998,435,82,200,1,1,1.0
169,3,883,434,94,200,1,1,1.0
169,4,779,437,82,200,1,1,1.0
169,5,679,442,62,200,1,1,1.0
169,6,562,438,76,200,1,1,1.0
169,7,462,433,56,200,1,1,1.0
169,8,338,434,84,200,1,1,1.0
169,9,237,435,66,200,1,1,1.0
169,10,119,434,82,200,1,1,1.0
170,1,1105,440,96,200,1,1,1.0
170,2,1003,441,80,200,1,1,1.0
170,3,886,442,96,200,1,1,1.0
170,4,783,443,82,200,1,1,1.0
170,5,683,442,62,200,1,1,1.0
170,6,567,440,74,200,1,1,1.0
170,7,467,439,54,200,1,1,1.0
170,8,339,446,90,200,1,1,1.0
170,9,238,445,72,200,1,1,1.0
170,10,123,446,82,200,1,1,1.0
171,1,1111,440,94,200,1,1,1.0
171,2,1006,435,84,200,1,1,1.0
171,3,891,435,94,200,1,1,1.0
171,4,788,435,80,200,1,1,1.0
171,5,687,439,64,200,1,1,1.0
171,6,570,441,76,200,1,1,1.0
171,7,470,440,56,200,1,1,1.0
171,8,346,444,84,200,1,1,1.0
171,9,245,442,66,200,1,1,1.0
171,10,125,440,86,200,1,1,1.0
172,1,1117,443,90,200,1,1,1.0
172,2,1009,434,86,200,1,1,1.0
172,3,893,442,100,200,1,1,1.0
172,4,792,440,82,200,1,1,1.0
172,5,690,434,66,200,1,1,1.0
172,6,576,439,74,200,1,1,1.0
172,7,474,435,58,200,1,1,1.0
172,8,349,439,88,200,1,1,1.0
172,9,250,440,66,200,1,1,1.0
172,10,132,437,82,200,1,1,1.0
173,1,1120,437,92,200,1,1,1.0
173,2,1017,443,78,200,1,1,1.0
173,3,898,447,98,200,1,1,1.0
173,4,799,446,76,200,1,1,1.0
173,5,694,436,66,200,1,1,1.0
173,6,581,440,72,200,1,1,1.0
173,7,479,440,56,200,1,1,1.0
173,8,355,445,84,200,1,1,1.0
173,9,252,442,70,200,1,1,1.0
173,10,134,439,86,200,1,1,1.0
174,1,1126,435,90,200,1,1,1.0
174,2,1019,440,84,200,1,1,1.0
174,3,901,438,102,200,1,1,1.0
174,4,801,447,82,200,1,1,1.0
174,5,700,440,64,200,1,1,1.0
174,6,587,447,70,200,1,1,1.0
174,7,482,437,60,200,1,1,1.0
174,8,358,438,88,200,1,1,1.0
174,9,259,445,66,200,1,1,1.0
174,10,141,445,82,200,1,1,1.0
175,1,1128,441,94,200,1,1,1.0
175,2,1022,447,86,200,1,1,1.0
175,3,909,438,94,200,1,1,1.0
175,4,807,445,78,200,1,1,1.0
175,5,705,433,62,200,1,1,1.0
175,6,592,435,68,200,1,1,1.0
175,7,487,433,58,200,1,1,1.0
175,8,365,442,82,200,1,1,1.0
175,9,261,435,70,200,1,1,1.0
175,10,145,440,82,200,1,1,1.0
176,1,1136,434,88,200,1,1,1.0
176,2,1029,445,82,200,1,1,1.0
176,3,910,439,100,200,1,1,1.0
176,4,810,434,80,200,1,1,1.0
176,5,711,437,58,200,1,1,1.0
176,6,593,446,74,200,1,1,1.0
176,7,489,440,62,200,1,1,1.0
176,8,366,433,88,200,1,1,1.0
176,9,265,441,70,200,1,1,1.0
176,10,149,439,82,200,1,1,1.0
177,1,1136,447,96,200,1,1,1.0
177,2,1032,443,84,200,1,1,1.0
177,3,916,443,96,200,1,1,1.0
177,4,815,439,80,200,1,1,1.0
177,5,714,439,62,200,1,1,1.0
177,6,601,438,68,200,1,1,1.0
177,7,496,444,58,200,1,1,1.0
177,8,372,439,86,200,1,1,1.0
177,9,271,441,68,200,1,1,1.0
177,10,154,440,82,200,1,1,1.0
178,1,1142,439,92,200,1,1,1.0
178,2,1037,446,82,200,1,1,1.0
178,3,921,443,94,200,1,1,1.0
178,4,819,434,80,200,1,1,1.0
178,5,718,439,62,200,1,1,1.0
178,6,601,437,76,200,1,1,1.0
178,7,498,446,62,200,1,1,1.0
178,8,375,434,88,200,1,1,1.0
178,9,273,434,72,200,1,1,1.0
178,10,156,444,86,200,1,1,1.0
179,1,1147,441,92,200,1,1,1.0
179,2,1042,445,82,200,1,1,1.0
179,3,925,444,96,200,1,1,1.0
179,4,823,445,82,200,1,1,1.0
179,5,723,436,62,200,1,1,1.0
179,6,607,441,74,200,1,1,1.0
179,7,505,437,58,200,1,1,1.0
179,8,381,440,86,200,1,1,1.0
179,9,277,437,74,200,1,1,1.0
179,10,161,439,86,200,1,1,1.0
180,1,1150,441,94,200,1,1,1.0
180,2,1047,437,80,200,1,1,1.0
180,3,929,447,96,200,1,1,1.0
180,4,827,445,82,200,1,1,1.0
180,5,727,433,62,200,1,1,1.0
180,6,611,443,74,200,1,1,1.0
180,7,508,436,60,200,1,1,1.0
180,8,384,434,88,200,1,1,1.0
180,9,283,444,70,200,1,1,1.0
180,10,166,442,84,200,1,1,1.0
181,1,1155,440,94,200,1,1,1.0
181,2,1050,440,84,200,1,1,1.0
181,3,931,447,102,200,1,1,1.0
181,4,834,443,76,200,1,1,1.0
181,5,731,435,62,200,1,1,1.0
181,6,617,435,70,200,1,1,1.0
181,7,512,440,60,200,1,1,1.0
181,8,389,439,86,200,1,1,1.0
181,9,287,444,70,200,1,1,1.0
181,10,169,438,86,200,1,1,1.0
182,1,1160,435,92,200,1,1,1.0
182,2,1055,447,82,200,1,1,1.0
182,3,937,442,98,200,1,1,1.0
182,4,839,437,76,200,1,1,1.0
182,5,736,435,62,200,1,1,1.0
182,6,621,433,72,200,1,1,1.0
182,7,517,442,60,200,1,1,1.0
182,8,392,440,90,200,1,1,1.0
182,9,294,435,66,200,1,1,1.0
182,10,173,441,88,200,1,1,1.0
183,1,1165,433,90,200,1,1,1.0
183,2,1058,440,84,200,1,1,1.0
183,3,943,440,94,200,1,1,1.0
183,4,843,446,76,200,1,1,1.0
183,5,741,444,60,200,1,1,1.0
183,6,624,446,74,200,1,1,1.0
183,7,522,447,58,200,1,1,1.0
183,8,396,440,90,200,1,1,1.0
183,9,294,442,74,200,1,1,1.0
183,10,179,436,84,200,1,1,1.0
184,1,1169,440,92,200,1,1,1.0
184,2,1064,447,82,200,1,1,1.0
184,3,948,440,94,200,1,1,1.0
184,4,848,442,76,200,1,1,1.0
184,5,744,438,64,200,1,1,1.0
184,6,630,443,72,200,1,1,1.0
184,7,527,437,58,200,1,1,1.0
184,8,404,440,84,200,1,1,1.0
184,9,300,441,72,200,1,1,1.0
184,10,182,444,88,200,1,1,1.0
185,1,1173,445,92,200,1,1,1.0
185,2,1067,447,84,200,1,1,1.0
185,3,949,438,100,200,1,1,1.0
185,4,851,447,78,200,1,1,1.0
185,5,749,433,62,200,1,1,1.0
185,6,634,438,72,200,1,1,1.0
185,7,529,435,62,200,1,1,1.0
185,8,405,433,90,200,1,1,1.0
185,9,304,435,72,200,1,1,1.0
185,10,188,436,84,200,1,1,1.0
186,1,1180,441,88,200,1,1,1.0
186,2,1075,442,78,200,1,1,1.0
186,3,954,436,100,200,1,1,1.0
186,4,855,435,78,200,1,1,1.0
186,5,753,434,62,200,1,1,1.0
186,6,638,438,72,200,1,1,1.0
186,7,534,446,60,200,1,1,1.0
186,8,411,437,86,200,1,1,1.0
186,9,308,446,72,200,1,1,1.0
186,10,192,447,84,200,1,1,1.0
187,1,1182,437,92,200,1,1,1.0
187,2,1076,436,84,200,1,1,1.0
187,3,957,436,102,200,1,1,1.0
187,4,858,440,82,200,1,1,1.0
187,5,758,442,62,200,1,1,1.0
187,6,642,443,74,200,1,1,1.0
187,7,541,446,56,200,1,1,1.0
187,8,416,443,86,200,1,1,1.0
187,9,314,442,70,200,1,1,1.0
187,10,195,443,88,200,1,1,1.0
188,1,1184,440,96,200,1,1,1.0
188,2,1079,446,86,200,1,1,1.0
188,3,961,435,102,200,1,1,1.0
188,4,862,445,82,200,1,1,1.0
188,5,763,434,60,200,1,1,1.0
188,6,646,441,74,200,1,1,1.0
188,7,542,443,62,200,1,1,1.0
188,8,420,439,86,200,1,1,1.0
188,9,318,441,70,200,1,1,1.0
188,10,201,434,84,200,1,1,1.0
189,1,1189,446,96,200,1,1,1.0
189,2,1084,447,86,200,1,1,1.0
189,3,968,441,98,200,1,1,1.0
189,4,867,446,82,200,1,1,1.0
189,5,766,444,64,200,1,1,1.0
189,6,654,444,68,200,1,1,1.0
189,7,548,434,60,200,1,1,1.0
189,8,426,441,84,200,1,1,1.0
189,9,323,444,70,200,1,1,1.0
189,10,206,438,84,200,1,1,1.0
190,1,1193,443,96,200,1,1,1.0
190,2,1088,447,86,200,1,1,1.0
190,3,971,447,100,200,1,1,1.0
190,4,873,438,78,200,1,1,1.0
190,5,770,433,64,200,1,1,1.0
190,6,656,446,72,200,1,1,1.0
190,7,553,439,58,200,1,1,1.0
190,8,430,440,84,200,1,1,1.0
190,9,325,447,74,200,1,1,1.0
190,10,211,440,82,200,1,1,1.0
191,1,1201,440,90,200,1,1,1.0
191,2,1094,433,84,200,1,1,1.0
191,3,977,435,98,200,1,1,1.0
191,4,877,447,78,200,1,1,1.0
191,5,775,444,62,200,1,1,1.0
191,6,660,437,72,200,1,1,1.0
191,7,559,445,54,200,1,1,1.0
191,8,434,442,84,200,1,1,1.0
191,9,330,447,72,200,1,1,1.0
191,10,214,441,84,200,1,1,1.0
192,1,1203,447,94,200,1,1,1.0
192,2,1100,437,80,200,1,1,1.0
192,3,981,441,98,200,1,1,1.0
192,4,881,436,80,200,1,1,1.0
192,5,782,447,58,200,1,1,1.0
192,6,666,439,70,200,1,1,1.0
192,7,562,443,58,200,1,1,1.0
192,8,438,446,86,200,1,1,1.0
192,9,334,440,74,200,1,1,1.0
192,10,219,436,84,200,1,1,1.0
193,1,1209,440,90,200,1,1,1.0
193,2,1102,443,84,200,1,1,1.0
193,3,984,443,100,200,1,1,1.0
193,4,884,443,82,200,1,1,1.0
193,5,785,440,60,200,1,1,1.0
193,6,670,445,70,200,1,1,1.0
193,7,568,445,54,200,1,1,1.0
193,8,442,447,86,200,1,1,1.0
193,9,338,444,74,200,1,1,1.0
193,10,222,435,86,200,1,1,1.0
194,1,1211,444,96,200,1,1,1.0
194,2,1110,439,78,200,1,1,1.0
194,3,991,438,96,200,1,1,1.0
194,4,891,445,78,200,1,1,1.0
194,5,790,447,60,200,1,1,1.0
194,6,673,435,74,200,1,1,1.0
194,7,572,436,56,200,1,1,1.0
194,8,449,439,82,200,1,1,1.0
194,9,346,433,68,200,1,1,1.0
194,10,226,444,88,200,1,1,1.0
195,1,1216,440,94,200,1,1,1.0
195,2,1111,433,84,200,1,1,1.0
195,3,995,436,96,200,1,1,1.0
195,4,896,435,76,200,1,1,1.0
195,5,792,434,64,200,1,1,1.0
195,6,676,440,76,200,1,1,1.0
195,7,574,442,60,200,1,1,1.0
195,8,450,440,88,200,1,1,1.0
195,9,351,442,66,200,1,1,1.0
195,10,231,436,86,200,1,1,1.0
196,1,1223,434,90,200,1,1,1.0
196,2,1118,447,80,200,1,1,1.0
196,3,999,434,98,200,1,1,1.0
196,4,898,446,80,200,1,1,1.0
196,5,796,433,64,200,1,1,1.0
196,6,683,444,72,200,1,1,1.0
196,7,579,440,58,200,1,1,1.0
196,8,457,441,82,200,1,1,1.0
196,9,354,440,68,200,1,1,1.0
196,10,234,433,88,200,1,1,1.0
197,1,1224,434,96,200,1,1,1.0
197,2,1120,444,84,200,1,1,1.0
197,3,1003,436,98,200,1,1,1.0
197,4,905,438,76,200,1,1,1.0
197,5,803,441,60,200,1,1,1.0
197,6,685,446,76,200,1,1,1.0
197,7,584,436,58,200,1,1,1.0
197,8,462,444,82,200,1,1,1.0
197,9,359,446,68,200,1,1,1.0
197,10,240,433,86,200,1,1,1.0
198,1,1230,447,92,200,1,1,1.0
198,2,1125,440,82,200,1,1,1.0
198,3,1006,444,100,200,1,1,1.0
198,4,908,438,78,200,1,1,1.0
198,5,804,434,66,200,1,1,1.0
198,6,691,440,72,200,1,1,1.0
198,7,587,443,60,200,1,1,1.0
198,8,463,437,88,200,1,1,1.0
198,9,361,435,72,200,1,1,1.0
198,10,244,442,86,200,1,1,1.0
199,1,1237,434,88,200,1,1,1.0
199,2,1131,437,80,200,1,1,1.0
199,3,1012,438,98,200,1,1,1.0
199,4,912,445,80,200,1,1,1.0
199,5,811,439,62,200,1,1,1.0
199,6,696,434,72,200,1,1,1.0
199,7,594,443,56,200,1,1,1.0
199,8,469,443,86,200,1,1,1.0
199,9,367,439,70,200,1,1,1.0
199,10,250,440,84,200,1,1,1.0
200,1,1237,445,96,200,1,1,1.0
200,2,1133,443,84,200,1,1,1.0
200,3,1014,438,102,200,1,1,1.0
200,4,916,441,80,200,1,1,1.0
200,5,815,445,62,200,1,1,1.0
200,6,700,446,72,200,1,1,1.0
200,7,596,442,60,200,1,1,1.0
200,8,472,444,88,200,1,1,1.0
200,9,370,437,72,200,1,1,1.0
200,10,252,443,88,200,1,1,1.0
201,1,1245,433,90,200,1,1,1.0
201,2,1139,442,82,200,1,1,1.0
201,3,1019,436,102,200,1,1,1.0
201,4,921,437,78,200,1,1,1.0
201,5,818,439,64,200,1,1,1.0
201,6,703,437,74,200,1,1,1.0
201,7,603,437,54,200,1,1,1.0
201,8,479,439,82,200,1,1,1.0
201,9,374,438,72,200,1,1,1.0
201,10,259,443,82,200,1,1,1.0
202,1,1248,438,92,200,1,1,1.0
202,2,1141,445,86,200,1,1,1.0
202,3,1025,440,98,200,1,1,1.0
202,4,924,445,80,200,1,1,1.0
202,5,822,435,66,200,1,1,1.0
202,6,711,438,68,200,1,1,1.0
202,7,607,434,56,200,1,1,1.0
202,8,483,438,84,200,1,1,1.0
202,9,382,435,66,200,1,1,1.0
202,10,262,440,86,200,1,1,1.0
203,1,1253,444,90,200,1,1,1.0
203,2,1145,439,86,200,1,1,1.0
203,3,1029,446,98,200,1,1,1.0
203,4,929,436,78,200,1,1,1.0
203,5,829,444,60,200,1,1,1.0
203,6,714,440,70,200,1,1,1.0
203,7,608,438,62,200,1,1,1.0
203,8,487,441,84,200,1,1,1.0
203,9,383,438,72,200,1,1,1.0
203,10,267,446,84,200,1,1,1.0
204,1,1256,438,94,200,1,1,1.0
204,2,1152,444,82,200,1,1,1.0
204,3,1032,439,102,200,1,1,1.0
204,4,933,439,80,200,1,1,1.0
204,5,834,434,60,200,1,1,1.0
204,6,719,447,70,200,1,1,1.0
204,7,614,439,60,200,1,1,1.0
204,8,490,438,88,200,1,1,1.0
204,9,387,433,74,200,1,1,1.0
204,10,270,444,88,200,1,1,1.0
205,1,1263,439,88,200,1,1,1.0
205,2,1156,435,82,200,1,1,1.0
205,3,1038,444,98,200,1,1,1.0
205,4,937,434,80,200,1,1,1.0
205,5,836,445,64,200,1,1,1.0
205,6,720,439,76,200,1,1,1.0
205,7,619,444,58,200,1,1,1.0
205,8,497,447,82,200,1,1,1.0
205,9,394,441,68,200,1,1,1.0
205,10,274,440,88,200,1,1,1.0
206,1,1268,445,88,200,1,1,1.0
206,2,1163,443,78,200,1,1,1.0
206,3,1043,435,98,200,1,1,1.0
206,4,942,439,80,200,1,1,1.0
206,5,841,441,62,200,1,1,1.0
206,6,725,437,74,200,1,1,1.0
206,7,623,433,58,200,1,1,1.0
206,8,498,445,88,200,1,1,1.0
206,9,397,439,70,200,1,1,1.0
206,10,281,438,82,200,1,1,1.0
207,1,1268,440,96,200,1,1,1.0
207,2,1167,437,78,200,1,1,1.0
207,3,1048,447,96,200,1,1,1.0
207,4,948,441,76,200,1,1,1.0
207,5,847,435,60,200,1,1,1.0
207,6,732,433,70,200,1,1,1.0
207,7,626,437,62,200,1,1,1.0
207,8,503,442,88,200,1,1,1.0
207,9,400,438,74,200,1,1,1.0
207,10,284,446,86,200,1,1,1.0
208,1,1274,433,92,200,1,1,1.0
208,2,1170,438,80,200,1,1,1.0
208,3,1049,443,102,200,1,1,1.0
208,4,949,440,82,200,1,1,1.0
208,5,850,444,62,200,1,1,1.0
208,6,733,445,76,200,1,1,1.0
208,7,634,438,54,200,1,1,1.0
208,8,509,445,84,200,1,1,1.0
208,9,404,442,74,200,1,1,1.0
208,10,287,438,88,200,1,1,1.0
209,1,1281,441,88,200,1,1,1.0
209,2,1176,440,78,200,1,1,1.0
209,3,1054,435,102,200,1,1,1.0
209,4,957,439,76,200,1,1,1.0
209,5,856,440,60,200,1,1,1.0
209,6,740,435,72,200,1,1,1.0
209,7,639,443,54,200,1,1,1.0
209,8,511,446,90,200,1,1,1.0
209,9,409,446,74,200,1,1,1.0
209,10,294,441,84,200,1,1,1.0
210,1,1284,447,90,200,1,1,1.0
210,2,1178,437,82,200,1,1,1.0
210,3,1061,447,96,200,1,1,1.0
210,4,958,440,82,200,1,1,1.0
210,5,861,435,58,200,1,1,1.0
210,6,745,444,70,200,1,1,1.0
210,7,640,437,60,200,1,1,1.0
210,8,517,437,86,200,1,1,1.0
210,9,416,443,68,200,1,1,1.0
210,10,299,444,82,200,1,1,1.0
211,1,1289,433,90,200,1,1,1.0
211,2,1185,440,78,200,1,1,1.0
211,3,1065,433,98,200,1,1,1.0
211,4,965,443,78,200,1,1,1.0
211,5,864,439,60,200,1,1,1.0
211,6,746,440,76,200,1,1,1.0
211,7,646,444,56,200,1,1,1.0
211,8,521,443,86,200,1,1,1.0
211,9,418,445,72,200,1,1,1.0
211,10,303,438,82,200,1,1,1.0
212,1,1292,440,92,200,1,1,1.0
212,2,1189,439,78,200,1,1,1.0
212,3,1070,445,96,200,1,1,1.0
212,4,969,436,78,200,1,1,1.0
212,5,867,433,64,200,1,1,1.0
212,6,755,441,68,200,1,1,1.0
212,7,650,443,58,200,1,1,1.0
212,8,525,435,88,200,1,1,1.0
212,9,425,439,68,200,1,1,1.0
212,10,306,445,86,200,1,1,1.0
213,1,1296,439,92,200,1,1,1.0
213,2,1191,441,82,200,1,1,1.0
213,3,1073,436,98,200,1,1,1.0
213,4,972,440,80,200,1,1,1.0
213,5,870,435,66,200,1,1,1.0
213,6,757,435,72,200,1,1,1.0
213,7,656,441,54,200,1,1,1.0
213,8,532,446,82,200,1,1,1.0
213,9,429,437,68,200,1,1,1.0
213,10,310,440,86,200,1,1,1.0
214,1,1300,439,94,200,1,1,1.0
214,2,1196,440,82,200,1,1,1.0
214,3,1077,444,100,200,1,1,1.0
214,4,978,438,78,200,1,1,1.0
214,5,877,439,62,200,1,1,1.0
214,6,762,435,72,200,1,1,1.0
214,7,658,442,60,200,1,1,1.0
214,8,534,438,88,200,1,1,1.0
214,9,432,436,72,200,1,1,1.0
214,10,317,437,82,200,1,1,1.0
215,1,1305,435,92,200,1,1,1.0
215,2,1198,446,86,200,1,1,1.0
215,3,1081,442,100,200,1,1,1.0
215,4,980,439,82,200,1,1,1.0
215,5,882,438,60,200,1,1,1.0
215,6,766,434,72,200,1,1,1.0
215,7,662,443,60,200,1,1,1.0
215,8,541,436,82,200,1,1,1.0
215,9,438,437,68,200,1,1,1.0
215,10,320,440,84,200,1,1,1.0
216,1,1310,436,92,200,1,1,1.0
216,2,1204,446,84,200,1,1,1.0
216,3,1086,441,100,200,1,1,1.0
216,4,988,438,76,200,1,1,1.0
216,5,884,446,64,200,1,1,1.0
216,6,770,444,72,200,1,1,1.0
216,7,668,446,56,200,1,1,1.0
216,8,544,441,84,200,1,1,1.0
216,9,441,437,70,200,1,1,1.0
216,10,324,445,84,200,1,1,1.0
217,1,1314,439,92,200,1,1,1.0
217,2,1210,441,80,200,1,1,1.0
217,3,1091,445,98,200,1,1,1.0
217,4,990,438,80,200,1,1,1.0
217,5,892,445,58,200,1,1,1.0
217,6,776,440,70,200,1,1,1.0
217,7,671,435,60,200,1,1,1.0
217,8,546,445,90,200,1,1,1.0
217,9,445,444,72,200,1,1,1.0
217,10,329,446,84,200,1,1,1.0
218,1,1316,443,96,200,1,1,1.0
218,2,1212,442,84,200,1,1,1.0
218,3,1094,443,100,200,1,1,1.0
218,4,994,433,80,200,1,1,1.0
218,5,894,434,62,200,1,1,1.0
218,6,780,445,70,200,1,1,1.0
218,7,678,441,54,200,1,1,1.0
218,8,553,433,84,200,1,1,1.0
218,9,450,436,70,200,1,1,1.0
218,10,332,437,86,200,1,1,1.0
219,1,1323,440,92,200,1,1,1.0
219,2,1216,437,86,200,1,1,1.0
219,3,1101,443,96,200,1,1,1.0
219,4,1000,447,78,200,1,1,1.0
219,5,897,434,66,200,1,1,1.0
219,6,786,441,68,200,1,1,1.0
219,7,682,440,56,200,1,1,1.0
219,8,555,440,90,200,1,1,1.0
219,9,457,440,66,200,1,1,1.0
219,10,337,440,86,200,1,1,1.0
220,1,1326,441,94,200,1,1,1.0
220,2,1223,433,80,200,1,1,1.0
220,3,1103,444,100,200,1,1,1.0
220,4,1003,442,80,200,1,1,1.0
220,5,902,440,64,200,1,1,1.0
220,6,787,444,74,200,1,1,1.0
220,7,684,435,60,200,1,1,1.0
220,8,560,445,88,200,1,1,1.0
220,9,460,445,68,200,1,1,1.0
220,10,340,439,88,200,1,1,1.0
221,1,1331,437,94,200,1,1,1.0
221,2,1227,443,82,200,1,1,1.0
221,3,1110,437,96,200,1,1,1.0
221,4,1009,438,78,200,1,1,1.0
221,5,908,434,60,200,1,1,1.0
221,6,792,435,72,200,1,1,1.0
221,7,692,440,54,200,1,1,1.0
221,8,566,447,84,200,1,1,1.0
221,9,465,440,66,200,1,1,1.0
221,10,347,439,82,200,1,1,1.0
222,1,1338,446,88,200,1,1,1.0
222,2,1233,435,78,200,1,1,1.0
222,3,1111,446,102,200,1,1,1.0
222,4,1012,439,80,200,1,1,1.0
222,5,912,437,62,200,1,1,1.0
222,6,798,445,70,200,1,1,1.0
222,7,694,435,58,200,1,1,1.0
222,8,569,446,88,200,1,1,1.0
222,9,470,435,66,200,1,1,1.0
222,10,352,434,82,200,1,1,1.0
223,1,1342,446,88,200,1,1,1.0
223,2,1237,440,78,200,1,1,1.0
223,3,1116,443,100,200,1,1,1.0
223,4,1017,445,78,200,1,1,1.0
223,5,916,435,62,200,1,1,1.0
223,6,803,433,68,200,1,1,1.0
223,7,699,440,56,200,1,1,1.0
223,8,572,441,90,200,1,1,1.0
223,9,474,433,66,200,1,1,1.0
223,10,354,444,86,200,1,1,1.0
224,1,1346,445,90,200,1,1,1.0
224,2,1242,440,78,200,1,1,1.0
224,3,1122,443,98,200,1,1,1.0
224,4,1022,436,78,200,1,1,1.0
224,5,922,434,60,200,1,1,1.0
224,6,808,435,68,200,1,1,1.0
224,7,705,446,54,200,1,1,1.0
224,8,580,434,84,200,1,1,1.0
224,9,477,444,70,200,1,1,1.0
224,10,360,438,84,200,1,1,1.0
225,1,1350,442,90,200,1,1,1.0
225,2,1246,442,78,200,1,1,1.0
225,3,1126,438,98,200,1,1,1.0
225,4,1026,447,78,200,1,1,1.0
225,5,924,437,64,200,1,1,1.0
225,6,809,434,74,200,1,1,1.0
225,7,709,440,54,200,1,1,1.0
225,8,583,433,86,200,1,1,1.0
225,9,480,443,72,200,1,1,1.0
225,10,364,443,84,200,1,1,1.0
226,1,1353,438,94,200,1,1,1.0
226,2,1250,436,80,200,1,1,1.0
226,3,1129,435,102,200,1,1,1.0
226,4,1030,435,80,200,1,1,1.0
226,5,929,445,62,200,1,1,1.0
226,6,814,434,72,200,1,1,1.0
226,7,712,435,56,200,1,1,1.0
226,8,589,444,82,200,1,1,1.0
226,9,485,447,70,200,1,1,1.0
226,10,366,434,88,200,1,1,1.0
227,1,1359,439,90,200,1,1,1.0
227,2,1254,441,80,200,1,1,1.0
227,3,1137,445,94,200,1,1,1.0
227,4,1036,442,76,200,1,1,1.0
227,5,933,444,62,200,1,1,1.0
227,6,817,435,76,200,1,1,1.0
227,7,718,437,54,200,1,1,1.0
227,8,592,446,86,200,1,1,1.0
227,9,490,438,70,200,1,1,1.0
227,10,371,439,88,200,1,1,1.0
228,1,1360,440,96,200,1,1,1.0
228,2,1259,443,78,200,1,1,1.0
228,3,1139,447,98,200,1,1,1.0
228,4,1038,433,80,200,1,1,1.0
228,5,936,444,64,200,1,1,1.0
228,6,823,438,72,200,1,1,1.0
228,7,720,435,58,200,1,1,1.0
228,8,595,442,88,200,1,1,1.0
228,9,496,445,66,200,1,1,1.0
228,10,377,438,84,200,1,1,1.0
229,1,1369,442,88,200,1,1,1.0
229,2,1262,442,82,200,1,1,1.0
229,3,1142,444,102,200,1,1,1.0
229,4,1045,442,76,200,1,1,1.0
229,5,943,442,60,200,1,1,1.0
229,6,828,444,72,200,1,1,1.0
229,7,723,444,62,200,1,1,1.0
229,8,603,436,82,200,1,1,1.0
229,9,499,433,70,200,1,1,1.0
229,10,381,436,86,200,1,1,1.0
230,1,1373,447,88,200,1,1,1.0
230,2,1267,447,80,200,1,1,1.0
230,3,1150,437,94,200,1,1,1.0
230,4,1046,442,82,200,1,1,1.0
230,5,947,434,60,200,1,1,1.0
230,6,831,442,74,200,1,1,1.0
230,7,730,440,56,200,1,1,1.0
230,8,604,443,88,200,1,1,1.0
230,9,502,436,72,200,1,1,1.0
230,10,387,436,82,200,1,1,1.0
231,1,1378,441,88,200,1,1,1.0
231,2,1273,434,78,200,1,1,1.0
231,3,1152,439,100,200,1,1,1.0
231,4,1052,439,80,200,1,1,1.0
231,5,952,438,60,200,1,1,1.0
231,6,836,444,72,200,1,1,1.0
231,7,733,441,58,200,1,1,1.0
231,8,611,446,82,200,1,1,1.0
231,9,506,444,72,200,1,1,1.0
231,10,388,434,88,200,1,1,1.0
232,1,1381,437,90,200,1,1,1.0
232,2,1276,437,80,200,1,1,1.0
232,3,1158,447,96,200,1,1,1.0
232,4,1057,436,78,200,1,1,1.0
232,5,954,447,64,200,1,1,1.0
232,6,843,435,68,200,1,1,1.0
232,7,737,441,60,200,1,1,1.0
232,8,614,434,86,200,1,1,1.0
232,9,512,443,70,200,1,1,1.0
232,10,394,437,86,200,1,1,1.0
233,1,1385,435,90,200,1,1,1.0
233,2,1279,441,82,200,1,1,1.0
233,3,1163,444,94,200,1,1,1.0
233,4,1060,445,80,200,1,1,1.0
233,5,960,433,60,200,1,1,1.0
233,6,843,447,76,200,1,1,1.0
233,7,741,440,60,200,1,1,1.0
233,8,619,440,84,200,1,1,1.0
233,9,514,434,74,200,1,1,1.0
233,10,400,434,82,200,1,1,1.0
234,1,1390,443,90,200,1,1,1.0
234,2,1282,434,86,200,1,1,1.0
234,3,1167,447,96,200,1,1,1.0
234,4,1065,435,80,200,1,1,1.0
234,5,963,442,64,200,1,1,1.0
234,6,851,444,70,200,1,1,1.0
234,7,746,435,60,200,1,1,1.0
234,8,624,439,84,200,1,1,1.0
234,9,522,437,68,200,1,1,1.0
234,10,405,442,82,200,1,1,1.0
235,1,1394,444,90,200,1,1,1.0
235,2,1290,436,78,200,1,1,1.0
235,3,1168,438,102,200,1,1,1.0
235,4,1068,443,82,200,1,1,1.0
235,5,966,443,66,200,1,1,1.0
235,6,854,436,72,200,1,1,1.0
235,7,751,438,58,200,1,1,1.0
235,8,629,447,82,200,1,1,1.0
235,9,525,441,70,200,1,1,1.0
235,10,408,443,84,200,1,1,1.0
236,1,1398,443,92,200,1,1,1.0
236,2,1294,440,80,200,1,1,1.0
236,3,1176,443,96,200,1,1,1.0
236,4,1076,447,76,200,1,1,1.0
236,5,972,435,64,200,1,1,1.0
236,6,858,435,72,200,1,1,1.0
236,7,756,447,56,200,1,1,1.0
236,8,630,436,88,200,1,1,1.0
236,9,531,435,66,200,1,1,1.0
236,10,410,439,88,200,1,1,1.0
237,1,1402,444,92,200,1,1,1.0
237,2,1295,442,86,200,1,1,1.0
237,3,1179,444,98,200,1,1,1.0
237,4,1078,440,80,200,1,1,1.0
237,5,978,435,60,200,1,1,1.0
237,6,864,446,70,200,1,1,1.0
237,7,762,440,54,200,1,1,1.0
237,8,636,447,86,200,1,1,1.0
237,9,532,443,74,200,1,1,1.0
237,10,418,447,82,200,1,1,1.0
238,1,1406,446,92,200,1,1,1.0
238,2,1303,435,78,200,1,1,1.0
238,3,1184,439,96,200,1,1,1.0
238,4,1081,437,82,200,1,1,1.0
238,5,981,444,62,200,1,1,1.0
238,6,869,445,68,200,1,1,1.0
238,7,764,436,58,200,1,1,1.0
238,8,641,436,84,200,1,1,1.0
238,9,540,435,66,200,1,1,1.0
238,10,420,441,86,200,1,1,1.0
239,1,1411,443,92,200,1,1,1.0
239,2,1308,439,78,200,1,1,1.0
239,3,1188,440,98,200,1,1,1.0
239,4,1087,436,80,200,1,1,1.0
239,5,987,440,60,200,1,1,1.0
239,6,871,445,74,200,1,1,1.0
239,7,769,443,58,200,1,1,1.0
239,8,646,438,84,200,1,1,1.0
239,9,544,443,68,200,1,1,1.0
239,10,427,437,82,200,1,1,1.0
240,1,1414,443,94,200,1,1,1.0
240,2,1310,438,82,200,1,1,1.0
240,3,1192,442,98,200,1,1,1.0
240,4,1091,440,80,200,1,1,1.0
240,5,989,442,64,200,1,1,1.0
240,6,875,443,74,200,1,1,1.0
240,7,772,447,60,200,1,1,1.0
240,8,650,434,84,200,1,1,1.0
240,9,548,442,68,200,1,1,1.0
240,10,430,440,84,200,1,1,1.0
241,1,1419,444,94,200,1,1,1.0
241,2,1317,445,78,200,1,1,1.0
241,3,1198,440,96,200,1,1,1.0
241,4,1095,434,82,200,1,1,1.0
241,5,996,447,60,200,1,1,1.0
241,6,880,437,72,200,1,1,1.0
241,7,777,447,58,200,1,1,1.0
241,8,654,437,84,200,1,1,1.0
241,9,551,440,70,200,1,1,1.0
241,10,433,433,86,200,1,1,1.0
242,1,1423,443,94,200,1,1,1.0
242,2,1317,442,86,200,1,1,1.0
242,3,1202,446,96,200,1,1,1.0
242,4,1101,440,78,200,1,1,1.0
242,5,998,445,64,200,1,1,1.0
242,6,883,440,76,200,1,1,1.0
242,7,783,441,56,200,1,1,1.0
242,8,659,440,84,200,1,1,1.0
242,9,557,440,68,200,1,1,1.0
242,10,440,440,82,200,1,1,1.0
243,1,1428,441,92,200,1,1,1.0
243,2,1324,444,80,200,1,1,1.0
243,3,1205,439,98,200,1,1,1.0
243,4,1105,447,78,200,1,1,1.0
243,5,1003,436,62,200,1,1,1.0
243,6,890,434,70,200,1,1,1.0
243,7,785,437,60,200,1,1,1.0
243,8,663,447,84,200,1,1,1.0
243,9,559,444,72,200,1,1,1.0
243,10,441,434,88,200,1,1,1.0
244,1,1434,440,90,200,1,1,1.0
244,2,1328,447,82,200,1,1,1.0
244,3,1209,440,100,200,1,1,1.0
244,4,1108,435,82,200,1,1,1.0
244,5,1007,439,64,200,1,1,1.0
244,6,895,441,70,200,1,1,1.0
244,7,792,445,56,200,1,1,1.0
244,8,666,440,88,200,1,1,1.0
244,9,566,436,68,200,1,1,1.0
244,10,447,433,86,200,1,1,1.0
245,1,1438,443,90,200,1,1,1.0
245,2,1332,444,82,200,1,1,1.0
245,3,1212,437,102,200,1,1,1.0
245,4,1115,437,76,200,1,1,1.0
245,5,1014,444,58,200,1,1,1.0
245,6,896,434,76,200,1,1,1.0
245,7,793,442,62,200,1,1,1.0
245,8,671,433,86,200,1,1,1.0
245,9,569,435,70,200,1,1,1.0
245,10,451,438,86,200,1,1,1.0
246,1,1441,436,94,200,1,1,1.0
246,2,1336,447,84,200,1,1,1.0
246,3,1219,434,98,200,1,1,1.0
246,4,1117,446,82,200,1,1,1.0
246,5,1016,446,64,200,1,1,1.0
246,6,904,442,68,200,1,1,1.0
246,7,801,446,54,200,1,1,1.0
246,8,678,441,82,200,1,1,1.0
246,9,575,440,66,200,1,1,1.0
246,10,454,437,88,200,1,1,1.0
247,1,1447,442,90,200,1,1,1.0
247,2,1339,438,86,200,1,1,1.0
247,3,1225,439,94,200,1,1,1.0
247,4,1122,439,80,200,1,1,1.0
247,5,1023,435,58,200,1,1,1.0
247,6,906,440,74,200,1,1,1.0
247,7,805,438,56,200,1,1,1.0
247,8,679,447,88,200,1,1,1.0
247,9,577,435,72,200,1,1,1.0
247,10,460,435,86,200,1,1,1.0
248,1,1450,435,92,200,1,1,1.0
248,2,1344,433,84,200,1,1,1.0
248,3,1226,440,100,200,1,1,1.0
248,4,1126,443,80,200,1,1,1.0
248,5,1026,440,60,200,1,1,1.0
248,6,913,444,68,200,1,1,1.0
248,7,807,447,60,200,1,1,1.0
248,8,682,444,90,200,1,1,1.0
248,9,581,440,72,200,1,1,1.0
248,10,463,445,88,200,1,1,1.0
249,1,1455,445,92,200,1,1,1.0
249,2,1348,434,86,200,1,1,1.0
249,3,1230,435,102,200,1,1,1.0
249,4,1132,440,78,200,1,1,1.0
249,5,1030,440,62,200,1,1,1.0
249,6,917,442,70,200,1,1,1.0
249,7,812,439,60,200,1,1,1.0
249,8,688,445,88,200,1,1,1.0
249,9,586,445,72,200,1,1,1.0
249,10,469,440,86,200,1,1,1.0
250,1,1459,440,92,200,1,1,1.0
250,2,1354,446,82,200,1,1,1.0
250,3,1237,436,96,200,1,1,1.0
250,4,1135,440,80,200,1,1,1.0
250,5,1035,436,60,200,1,1,1.0
250,6,920,436,72,200,1,1,1.0
250,7,816,433,60,200,1,1,1.0
250,8,694,435,84,200,1,1,1.0
250,9,589,437,74,200,1,1,1.0
250,10,473,442,86,200,1,1,1.0
