1,1,472.35,445.42,71.52,197.27,-1,-1,-1,-1
2,1,476.94,445.70,66.37,199.28,-1,-1,-1,-1
3,1,478.86,444.98,69.82,200.69,-1,-1,-1,-1
4,1,479.53,445.30,69.74,199.39,-1,-1,-1,-1
5,1,481.11,444.80,67.80,199.92,-1,-1,-1,-1
6,1,481.83,442.64,66.97,200.26,-1,-1,-1,-1
7,1,482.25,444.57,67.90,198.55,-1,-1,-1,-1
8,1,483.89,445.23,67.70,201.52,-1,-1,-1,-1
9,1,484.13,446.04,66.69,199.96,-1,-1,-1,-1
10,1,484.31,449.68,66.71,199.14,-1,-1,-1,-1
11,1,486.48,444.81,63.90,199.71,-1,-1,-1,-1
12,1,491.10,445.07,62.95,198.79,-1,-1,-1,-1
13,1,493.24,445.98,61.75,196.62,-1,-1,-1,-1
14,1,494.41,444.85,61.55,197.47,-1,-1,-1,-1
15,1,494.41,445.81,62.93,198.37,-1,-1,-1,-1
16,1,495.14,444.26,61.70,197.67,-1,-1,-1,-1
17,1,498.07,444.87,63.85,197.86,-1,-1,-1,-1
18,1,499.39,446.65,62.81,199.62,-1,-1,-1,-1
19,1,500.13,441.86,63.06,201.51,-1,-1,-1,-1
20,1,500.94,444.53,62.80,198.72,-1,-1,-1,-1
21,1,500.42,445.29,65.16,201.80,-1,-1,-1,-1
22,1,502.23,443.50,62.87,198.50,-1,-1,-1,-1
23,1,501.96,447.50,63.80,198.74,-1,-1,-1,-1
24,1,503.62,446.96,61.84,198.26,-1,-1,-1,-1
25,1,506.03,444.08,63.84,198.02,-1,-1,-1,-1
26,1,507.40,444.54,63.26,195.55,-1,-1,-1,-1
27,1,509.00,446.81,62.93,196.98,-1,-1,-1,-1
28,1,509.51,446.71,63.71,195.34,-1,-1,-1,-1
29,1,509.53,449.65,64.46,198.76,-1,-1,-1,-1
30,1,511.31,446.24,62.20,197.31,-1,-1,-1,-1
31,1,513.70,445.49,64.53,198.53,-1,-1,-1,-1
32,1,516.22,444.36,61.34,199.85,-1,-1,-1,-1
33,1,515.66,445.56,63.85,198.25,-1,-1,-1,-1
34,1,517.51,445.31,61.40,198.38,-1,-1,-1,-1
35,1,518.12,446.28,61.75,198.66,-1,-1,-1,-1
36,1,518.17,445.17,62.32,198.22,-1,-1,-1,-1
37,1,519.26,445.01,62.29,198.15,-1,-1,-1,-1
38,1,520.95,447.50,65.54,198.53,-1,-1,-1,-1
39,1,522.52,444.78,64.43,196.48,-1,-1,-1,-1
40,1,524.67,445.83,62.88,197.09,-1,-1,-1,-1
41,1,525.19,446.12,63.67,194.29,-1,-1,-1,-1
42,1,525.51,445.65,65.51,198.13,-1,-1,-1,-1
43,1,530.16,444.96,62.92,199.19,-1,-1,-1,-1
44,1,530.02,446.04,65.17,200.01,-1,-1,-1,-1
45,1,530.90,445.60,64.80,200.38,-1,-1,-1,-1
46,1,531.66,442.45,63.21,201.25,-1,-1,-1,-1
47,1,534.95,443.62,60.56,200.65,-1,-1,-1,-1
48,1,534.15,444.39,62.82,199.82,-1,-1,-1,-1
49,1,534.96,442.56,61.12,198.91,-1,-1,-1,-1
50,1,534.20,443.50,63.76,199.01,-1,-1,-1,-1
51,1,537.49,442.28,64.20,199.39,-1,-1,-1,-1
52,1,538.33,445.22,65.24,199.62,-1,-1,-1,-1
53,1,539.52,446.21,64.47,198.77,-1,-1,-1,-1
54,1,541.31,446.00,63.37,199.89,-1,-1,-1,-1
55,1,541.65,445.66,63.83,197.33,-1,-1,-1,-1
56,1,542.30,445.35,63.72,199.18,-1,-1,-1,-1
57,1,546.28,443.64,63.23,201.70,-1,-1,-1,-1
58,1,546.74,445.40,63.34,200.95,-1,-1,-1,-1
59,1,546.82,443.68,64.09,199.84,-1,-1,-1,-1
60,1,547.65,444.51,64.06,199.59,-1,-1,-1,-1
61,1,550.93,444.61,60.15,201.29,-1,-1,-1,-1
62,1,551.50,443.16,60.96,200.35,-1,-1,-1,-1
63,1,550.13,443.88,63.88,200.21,-1,-1,-1,-1
64,1,554.32,443.92,62.53,199.84,-1,-1,-1,-1
65,1,554.71,443.85,63.11,197.46,-1,-1,-1,-1
66,1,555.10,447.12,64.50,198.41,-1,-1,-1,-1
67,1,557.10,446.62,63.72,195.95,-1,-1,-1,-1
68,1,558.02,445.33,63.38,195.84,-1,-1,-1,-1
69,1,559.11,443.92,61.83,197.57,-1,-1,-1,-1
70,1,563.07,442.98,61.09,200.69,-1,-1,-1,-1
71,1,562.12,449.47,64.74,199.96,-1,-1,-1,-1
72,1,563.78,443.45,65.23,203.17,-1,-1,-1,-1
73,1,565.72,443.98,62.81,202.19,-1,-1,-1,-1
74,1,566.64,442.67,61.00,199.04,-1,-1,-1,-1
75,1,566.10,442.96,62.78,197.93,-1,-1,-1,-1
76,1,566.90,443.70,62.56,200.82,-1,-1,-1,-1
77,1,570.07,450.80,63.19,197.11,-1,-1,-1,-1
78,1,570.89,445.43,63.74,197.24,-1,-1,-1,-1
79,1,571.52,446.19,64.15,197.68,-1,-1,-1,-1
80,1,571.56,445.04,65.18,195.45,-1,-1,-1,-1
81,1,574.00,444.32,62.90,197.14,-1,-1,-1,-1
82,1,575.86,445.85,61.63,198.35,-1,-1,-1,-1
83,1,577.37,449.03,64.33,200.38,-1,-1,-1,-1
84,1,576.84,443.58,66.41,199.12,-1,-1,-1,-1
85,1,578.26,447.14,66.50,204.62,-1,-1,-1,-1
86,1,578.07,442.44,67.21,204.07,-1,-1,-1,-1
87,1,579.48,444.40,66.99,200.58,-1,-1,-1,-1
88,1,579.60,444.45,67.87,199.71,-1,-1,-1,-1
89,1,581.24,443.30,65.88,200.56,-1,-1,-1,-1
90,1,583.73,447.81,67.70,198.44,-1,-1,-1,-1
91,1,584.14,445.23,68.03,199.04,-1,-1,-1,-1
92,1,585.04,444.53,69.39,196.69,-1,-1,-1,-1
93,1,586.18,444.92,67.52,197.96,-1,-1,-1,-1
94,1,587.09,445.03,67.61,198.21,-1,-1,-1,-1
95,1,588.80,444.72,66.15,200.30,-1,-1,-1,-1
96,1,588.53,448.73,67.74,200.96,-1,-1,-1,-1
97,1,591.80,444.33,68.89,201.72,-1,-1,-1,-1
98,1,592.61,445.82,70.17,201.77,-1,-1,-1,-1
99,1,593.14,444.95,69.58,202.18,-1,-1,-1,-1
100,1,594.17,442.13,67.93,201.21,-1,-1,-1,-1
101,1,595.16,445.72,68.59,200.76,-1,-1,-1,-1
102,1,597.46,443.78,65.49,201.39,-1,-1,-1,-1
103,1,598.93,442.69,62.94,198.86,-1,-1,-1,-1
104,1,600.80,446.45,66.10,198.43,-1,-1,-1,-1
105,1,599.57,449.77,69.15,199.77,-1,-1,-1,-1
106,1,600.98,443.82,69.05,197.90,-1,-1,-1,-1
107,1,602.97,449.88,68.19,197.94,-1,-1,-1,-1
108,1,603.23,443.76,69.06,198.00,-1,-1,-1,-1
109,1,606.77,445.15,69.63,201.85,-1,-1,-1,-1
110,1,607.35,444.82,69.79,199.91,-1,-1,-1,-1
111,1,609.59,445.77,67.15,200.88,-1,-1,-1,-1
112,1,609.27,442.05,68.35,200.91,-1,-1,-1,-1
113,1,611.56,445.09,65.55,199.77,-1,-1,-1,-1
114,1,614.22,444.47,61.03,198.84,-1,-1,-1,-1
115,1,613.37,449.97,63.45,198.53,-1,-1,-1,-1
116,1,614.42,443.08,62.07,199.06,-1,-1,-1,-1
117,1,615.68,444.00,61.70,197.93,-1,-1,-1,-1
118,1,617.52,446.70,64.74,198.73,-1,-1,-1,-1
119,1,619.42,445.83,62.42,198.35,-1,-1,-1,-1
120,1,620.13,445.58,62.61,197.15,-1,-1,-1,-1
121,1,621.04,445.44,62.36,197.69,-1,-1,-1,-1
122,1,622.27,444.83,63.47,196.05,-1,-1,-1,-1
123,1,626.92,443.62,61.11,199.10,-1,-1,-1,-1
124,1,626.49,444.63,63.08,197.66,-1,-1,-1,-1
125,1,627.80,446.29,63.44,200.61,-1,-1,-1,-1
126,1,629.30,445.40,61.16,200.65,-1,-1,-1,-1
127,1,630.58,444.30,60.22,198.79,-1,-1,-1,-1
128,1,630.61,443.04,61.14,198.11,-1,-1,-1,-1
129,1,631.40,446.48,61.39,198.58,-1,-1,-1,-1
130,1,633.26,446.61,64.00,198.33,-1,-1,-1,-1
131,1,632.90,447.13,66.34,198.37,-1,-1,-1,-1
132,1,634.05,445.57,67.80,200.18,-1,-1,-1,-1
133,1,634.23,444.20,67.69,197.98,-1,-1,-1,-1
134,1,636.58,445.64,65.85,196.78,-1,-1,-1,-1
135,1,638.57,446.31,62.61,195.68,-1,-1,-1,-1
136,1,638.11,444.64,64.26,197.24,-1,-1,-1,-1
137,1,642.14,443.93,63.34,198.52,-1,-1,-1,-1
138,1,643.22,449.69,63.14,198.89,-1,-1,-1,-1
139,1,644.36,444.45,62.82,200.35,-1,-1,-1,-1
140,1,645.98,443.17,60.70,199.71,-1,-1,-1,-1
141,1,645.94,445.98,63.21,200.17,-1,-1,-1,-1
142,1,646.35,445.54,63.48,197.81,-1,-1,-1,-1
143,1,649.48,446.80,63.87,198.48,-1,-1,-1,-1
144,1,650.06,445.73,64.26,197.58,-1,-1,-1,-1
145,1,650.50,447.50,65.46,197.01,-1,-1,-1,-1
146,1,652.28,444.28,63.04,196.93,-1,-1,-1,-1
147,1,652.46,450.28,65.10,197.16,-1,-1,-1,-1
148,1,655.15,445.49,61.39,197.63,-1,-1,-1,-1
149,1,655.40,443.82,61.93,199.48,-1,-1,-1,-1
150,1,658.97,442.87,61.10,200.24,-1,-1,-1,-1
151,1,658.61,446.10,63.58,197.83,-1,-1,-1,-1
152,1,660.10,443.45,63.42,199.73,-1,-1,-1,-1
153,1,661.05,445.90,63.30,201.09,-1,-1,-1,-1
154,1,662.43,442.58,61.87,201.10,-1,-1,-1,-1
155,1,662.71,446.20,62.47,199.96,-1,-1,-1,-1
156,1,663.79,445.90,61.21,199.55,-1,-1,-1,-1
157,1,666.04,446.92,63.66,197.56,-1,-1,-1,-1
158,1,665.86,447.14,65.36,197.90,-1,-1,-1,-1
159,1,668.18,444.26,63.38,196.94,-1,-1,-1,-1
160,1,668.02,444.49,64.51,195.96,-1,-1,-1,-1
161,1,670.01,450.52,63.15,196.56,-1,-1,-1,-1
162,1,672.25,443.77,59.95,199.06,-1,-1,-1,-1
163,1,676.51,446.48,57.66,199.60,-1,-1,-1,-1
164,1,675.99,446.70,60.05,196.49,-1,-1,-1,-1
165,1,675.88,445.08,62.25,198.94,-1,-1,-1,-1
166,1,676.57,445.17,61.50,198.47,-1,-1,-1,-1
167,1,677.72,446.15,62.57,198.52,-1,-1,-1,-1
168,1,677.60,447.14,63.90,199.27,-1,-1,-1,-1
169,1,678.41,451.39,62.45,195.70,-1,-1,-1,-1
170,1,680.86,446.39,59.10,197.05,-1,-1,-1,-1
171,1,684.47,444.95,58.27,195.39,-1,-1,-1,-1
172,1,685.79,447.27,58.69,196.99,-1,-1,-1,-1
173,1,686.38,445.86,58.75,195.44,-1,-1,-1,-1
174,1,687.70,446.12,57.60,196.39,-1,-1,-1,-1
175,1,688.51,445.31,58.38,196.16,-1,-1,-1,-1
176,1,689.24,446.44,57.92,196.86,-1,-1,-1,-1
177,1,692.46,445.34,58.76,200.36,-1,-1,-1,-1
178,1,694.39,444.36,56.60,200.86,-1,-1,-1,-1
179,1,695.13,444.27,57.31,201.34,-1,-1,-1,-1
180,1,694.46,450.66,59.53,198.23,-1,-1,-1,-1
181,1,695.16,444.36,59.44,199.09,-1,-1,-1,-1
182,1,698.11,444.49,56.06,197.56,-1,-1,-1,-1
183,1,699.23,451.25,60.19,195.83,-1,-1,-1,-1
184,1,699.21,446.03,61.75,197.89,-1,-1,-1,-1
185,1,699.78,446.14,63.03,196.24,-1,-1,-1,-1
186,1,700.20,446.78,62.58,197.25,-1,-1,-1,-1
187,1,703.61,444.89,59.50,199.52,-1,-1,-1,-1
188,1,703.34,444.66,60.06,198.08,-1,-1,-1,-1
189,1,706.35,445.71,61.69,201.00,-1,-1,-1,-1
190,1,706.94,445.40,62.28,199.90,-1,-1,-1,-1
191,1,708.28,442.75,61.61,201.97,-1,-1,-1,-1
192,1,710.07,442.04,60.46,202.38,-1,-1,-1,-1
193,1,709.99,445.42,63.20,202.35,-1,-1,-1,-1
194,1,711.32,444.05,60.38,201.24,-1,-1,-1,-1
195,1,711.69,442.60,59.29,199.48,-1,-1,-1,-1
196,1,713.89,443.85,55.20,197.69,-1,-1,-1,-1
197,1,716.16,444.77,58.60,195.94,-1,-1,-1,-1
198,1,718.12,444.80,57.07,195.78,-1,-1,-1,-1
199,1,719.59,446.71,57.47,197.84,-1,-1,-1,-1
200,1,718.15,446.12,60.73,198.13,-1,-1,-1,-1
201,1,719.97,445.45,59.66,197.96,-1,-1,-1,-1
202,1,724.64,444.21,57.21,198.90,-1,-1,-1,-1
203,1,723.85,446.43,60.69,199.32,-1,-1,-1,-1
204,1,722.91,448.87,64.43,201.07,-1,-1,-1,-1
205,1,723.13,445.94,64.95,200.52,-1,-1,-1,-1
206,1,723.28,446.18,65.20,200.97,-1,-1,-1,-1
207,1,726.03,445.29,62.35,199.90,-1,-1,-1,-1
208,1,726.48,444.93,62.77,199.08,-1,-1,-1,-1
209,1,727.36,445.29,61.78,198.69,-1,-1,-1,-1
210,1,725.93,450.44,64.74,197.07,-1,-1,-1,-1
211,1,730.78,445.40,61.96,198.97,-1,-1,-1,-1
212,1,733.18,444.22,60.99,197.41,-1,-1,-1,-1
213,1,734.54,446.48,61.59,198.64,-1,-1,-1,-1
214,1,734.72,450.49,62.28,196.42,-1,-1,-1,-1
215,1,735.91,446.37,60.84,197.85,-1,-1,-1,-1
216,1,738.51,445.89,62.06,199.64,-1,-1,-1,-1
217,1,739.03,445.96,63.31,198.32,-1,-1,-1,-1
218,1,739.51,445.92,63.67,201.38,-1,-1,-1,-1
219,1,740.45,444.65,62.20,199.24,-1,-1,-1,-1
220,1,741.69,444.64,61.06,199.31,-1,-1,-1,-1
221,1,742.16,445.95,62.60,200.32,-1,-1,-1,-1
222,1,742.81,444.12,62.36,198.42,-1,-1,-1,-1
223,1,743.79,444.64,61.10,198.62,-1,-1,-1,-1
224,1,744.99,445.89,65.53,197.46,-1,-1,-1,-1
225,1,746.39,447.87,63.37,198.27,-1,-1,-1,-1
226,1,747.52,444.53,63.24,196.46,-1,-1,-1,-1
227,1,750.63,445.12,61.41,195.42,-1,-1,-1,-1
228,1,751.72,444.13,60.85,196.77,-1,-1,-1,-1
229,1,754.18,442.82,63.15,199.16,-1,-1,-1,-1
230,1,755.43,444.95,62.19,196.75,-1,-1,-1,-1
231,1,755.64,445.69,63.24,198.63,-1,-1,-1,-1
232,1,758.22,444.83,60.82,199.68,-1,-1,-1,-1
233,1,758.29,443.72,61.46,200.75,-1,-1,-1,-1
234,1,757.87,446.51,63.01,198.71,-1,-1,-1,-1
235,1,760.16,446.59,59.89,198.96,-1,-1,-1,-1
236,1,761.04,445.46,58.14,196.64,-1,-1,-1,-1
237,1,763.94,445.75,59.89,196.91,-1,-1,-1,-1
238,1,764.15,447.44,60.33,196.33,-1,-1,-1,-1
239,1,763.41,447.67,63.13,195.37,-1,-1,-1,-1
240,1,766.14,445.86,60.68,194.10,-1,-1,-1,-1
241,1,766.29,445.33,62.32,194.53,-1,-1,-1,-1
242,1,766.57,443.18,63.62,197.44,-1,-1,-1,-1
243,1,770.55,446.36,62.18,198.88,-1,-1,-1,-1
244,1,770.30,445.76,63.76,196.40,-1,-1,-1,-1
245,1,772.13,443.72,61.91,197.82,-1,-1,-1,-1
246,1,772.22,445.76,62.44,199.96,-1,-1,-1,-1
247,1,775.39,444.98,59.13,199.78,-1,-1,-1,-1
248,1,776.34,446.36,57.96,199.28,-1,-1,-1,-1
249,1,777.80,443.42,55.00,198.89,-1,-1,-1,-1
250,1,777.34,448.16,57.96,196.64,-1,-1,-1,-1
251,1,780.26,444.25,58.67,197.25,-1,-1,-1,-1
252,1,782.32,446.40,57.98,196.97,-1,-1,-1,-1
253,1,782.71,446.17,58.23,196.99,-1,-1,-1,-1
254,1,783.97,446.38,57.48,196.79,-1,-1,-1,-1
255,1,783.34,450.22,60.99,198.71,-1,-1,-1,-1
256,1,785.45,446.53,57.66,198.04,-1,-1,-1,-1
257,1,788.88,443.87,57.46,200.02,-1,-1,-1,-1
258,1,789.53,446.70,58.11,199.03,-1,-1,-1,-1
259,1,789.11,442.99,60.08,200.06,-1,-1,-1,-1
260,1,789.10,444.88,62.33,201.42,-1,-1,-1,-1
261,1,790.93,444.23,61.01,202.77,-1,-1,-1,-1
262,1,792.15,442.20,59.00,201.31,-1,-1,-1,-1
263,1,793.96,445.45,57.14,198.77,-1,-1,-1,-1
264,1,797.07,451.12,57.09,198.08,-1,-1,-1,-1
265,1,797.60,446.02,58.23,197.62,-1,-1,-1,-1
266,1,798.15,450.66,59.86,198.42,-1,-1,-1,-1
267,1,800.79,446.01,57.59,199.02,-1,-1,-1,-1
268,1,800.87,444.35,57.89,199.24,-1,-1,-1,-1
269,1,801.17,443.36,58.41,200.11,-1,-1,-1,-1
270,1,804.74,445.76,57.31,199.38,-1,-1,-1,-1
271,1,805.31,445.85,57.68,199.42,-1,-1,-1,-1
272,1,806.13,446.14,58.53,198.72,-1,-1,-1,-1
273,1,806.37,443.51,58.60,198.67,-1,-1,-1,-1
274,1,807.89,443.91,56.18,198.24,-1,-1,-1,-1
275,1,809.00,444.58,55.69,197.96,-1,-1,-1,-1
276,1,808.86,443.00,57.12,199.32,-1,-1,-1,-1
277,1,811.56,447.34,60.17,198.17,-1,-1,-1,-1
278,1,812.30,446.71,60.07,199.22,-1,-1,-1,-1
279,1,812.96,443.62,61.07,198.42,-1,-1,-1,-1
280,1,814.08,446.32,60.53,200.26,-1,-1,-1,-1
281,1,815.25,446.68,60.35,199.38,-1,-1,-1,-1
282,1,814.74,447.32,63.65,198.65,-1,-1,-1,-1
283,1,819.05,444.20,61.09,198.99,-1,-1,-1,-1
284,1,818.87,449.57,63.23,199.24,-1,-1,-1,-1
285,1,819.56,449.21,63.30,200.67,-1,-1,-1,-1
286,1,820.79,445.70,62.80,201.80,-1,-1,-1,-1
287,1,822.70,444.06,61.58,201.55,-1,-1,-1,-1
288,1,822.05,445.30,63.85,198.54,-1,-1,-1,-1
289,1,823.72,446.78,61.11,198.61,-1,-1,-1,-1
290,1,823.27,442.61,61.93,199.83,-1,-1,-1,-1
291,1,826.62,442.70,62.24,199.18,-1,-1,-1,-1
292,1,826.72,444.87,65.24,195.87,-1,-1,-1,-1
293,1,828.95,445.03,62.89,196.03,-1,-1,-1,-1
294,1,829.77,446.45,63.51,197.33,-1,-1,-1,-1
295,1,830.12,446.40,63.63,196.93,-1,-1,-1,-1
296,1,833.41,446.06,63.79,198.13,-1,-1,-1,-1
297,1,834.25,449.69,63.77,199.05,-1,-1,-1,-1
298,1,835.57,446.24,62.95,199.27,-1,-1,-1,-1
299,1,837.41,446.75,60.92,199.54,-1,-1,-1,-1
300,1,836.84,449.87,62.48,199.09,-1,-1,-1,-1
301,1,838.00,446.53,63.22,199.84,-1,-1,-1,-1
302,1,839.44,444.82,61.66,198.55,-1,-1,-1,-1
303,1,840.67,443.34,65.82,199.53,-1,-1,-1,-1
304,1,843.03,443.78,61.86,197.32,-1,-1,-1,-1
305,1,843.90,446.47,61.29,196.46,-1,-1,-1,-1
306,1,844.99,447.54,61.96,197.21,-1,-1,-1,-1
307,1,844.50,447.36,64.55,194.71,-1,-1,-1,-1
308,1,846.23,446.83,63.04,196.00,-1,-1,-1,-1
309,1,848.02,447.11,61.15,195.37,-1,-1,-1,-1
310,1,849.67,445.72,64.01,197.92,-1,-1,-1,-1
311,1,850.80,449.84,63.37,198.56,-1,-1,-1,-1
312,1,852.87,445.89,63.16,200.20,-1,-1,-1,-1
313,1,852.92,442.60,63.18,199.22,-1,-1,-1,-1
314,1,853.87,442.70,62.78,198.33,-1,-1,-1,-1
315,1,854.11,444.03,62.85,197.55,-1,-1,-1,-1
316,1,855.10,450.34,62.00,197.16,-1,-1,-1,-1
317,1,858.61,444.47,62.24,196.66,-1,-1,-1,-1
318,1,858.79,446.65,63.52,197.20,-1,-1,-1,-1
319,1,858.45,444.74,66.58,194.91,-1,-1,-1,-1
320,1,858.40,444.95,67.14,195.81,-1,-1,-1,-1
321,1,858.72,444.37,68.49,195.71,-1,-1,-1,-1
322,1,859.43,445.66,69.97,198.48,-1,-1,-1,-1
323,1,863.60,445.76,67.75,199.33,-1,-1,-1,-1
324,1,863.79,446.47,69.21,200.01,-1,-1,-1,-1
325,1,864.59,446.57,68.43,200.05,-1,-1,-1,-1
326,1,865.25,443.97,68.29,198.84,-1,-1,-1,-1
327,1,868.90,445.49,63.61,198.87,-1,-1,-1,-1
328,1,870.89,443.90,61.10,196.90,-1,-1,-1,-1
329,1,871.26,446.70,62.05,196.12,-1,-1,-1,-1
330,1,874.35,446.65,61.74,196.88,-1,-1,-1,-1
331,1,874.24,446.88,64.39,195.03,-1,-1,-1,-1
332,1,876.25,445.79,62.83,193.91,-1,-1,-1,-1
333,1,876.51,447.89,62.69,195.83,-1,-1,-1,-1
334,1,876.97,447.03,62.61,195.37,-1,-1,-1,-1
335,1,879.50,447.96,60.76,197.10,-1,-1,-1,-1
336,1,878.83,447.92,63.32,197.43,-1,-1,-1,-1
337,1,882.73,444.54,62.04,198.19,-1,-1,-1,-1
338,1,884.03,445.85,61.98,198.24,-1,-1,-1,-1
339,1,884.43,444.00,61.98,197.49,-1,-1,-1,-1
340,1,884.56,446.13,63.23,196.73,-1,-1,-1,-1
341,1,885.00,447.16,64.73,198.54,-1,-1,-1,-1
342,1,888.04,446.44,60.42,196.83,-1,-1,-1,-1
343,1,890.21,447.49,62.52,197.86,-1,-1,-1,-1
344,1,891.58,447.34,61.13,197.79,-1,-1,-1,-1
345,1,892.62,445.96,60.97,196.79,-1,-1,-1,-1
346,1,892.19,446.29,62.82,196.33,-1,-1,-1,-1
347,1,892.77,446.64,64.06,196.54,-1,-1,-1,-1
348,1,894.28,446.83,63.54,198.02,-1,-1,-1,-1
349,1,894.24,443.17,64.23,198.19,-1,-1,-1,-1
350,1,896.81,444.59,65.87,199.29,-1,-1,-1,-1
351,1,898.22,447.48,64.09,198.67,-1,-1,-1,-1
352,1,901.57,443.96,61.28,200.69,-1,-1,-1,-1
353,1,901.00,446.21,63.32,199.38,-1,-1,-1,-1
354,1,902.50,446.73,62.20,199.15,-1,-1,-1,-1
355,1,902.39,446.99,62.84,198.11,-1,-1,-1,-1
356,1,902.12,448.15,64.28,196.60,-1,-1,-1,-1
357,1,906.15,444.74,63.51,198.31,-1,-1,-1,-1
358,1,907.27,445.95,62.86,196.88,-1,-1,-1,-1
359,1,907.04,445.08,65.36,195.40,-1,-1,-1,-1
360,1,910.04,446.24,61.53,196.77,-1,-1,-1,-1
361,1,911.09,446.28,61.05,196.59,-1,-1,-1,-1
362,1,910.50,444.91,64.05,198.66,-1,-1,-1,-1
363,1,914.27,443.44,62.65,199.94,-1,-1,-1,-1
364,1,915.15,446.34,62.60,196.58,-1,-1,-1,-1
365,1,916.70,448.67,62.08,200.68,-1,-1,-1,-1
366,1,915.21,443.64,64.56,199.20,-1,-1,-1,-1
367,1,917.55,446.32,63.78,200.01,-1,-1,-1,-1
368,1,917.77,445.15,63.77,197.99,-1,-1,-1,-1
369,1,920.11,445.39,60.25,197.85,-1,-1,-1,-1
370,1,922.47,446.55,61.98,199.73,-1,-1,-1,-1
371,1,921.06,446.82,66.21,198.39,-1,-1,-1,-1
372,1,922.43,445.36,66.87,197.58,-1,-1,-1,-1
373,1,923.60,446.44,65.82,196.64,-1,-1,-1,-1
374,1,923.90,445.01,66.35,194.95,-1,-1,-1,-1
375,1,925.28,445.81,65.68,198.20,-1,-1,-1,-1
376,1,929.32,445.97,63.51,201.03,-1,-1,-1,-1
377,1,928.78,443.48,65.79,198.84,-1,-1,-1,-1
378,1,930.53,447.58,62.93,198.14,-1,-1,-1,-1
379,1,931.30,443.04,61.62,198.63,-1,-1,-1,-1
380,1,932.20,445.62,62.26,197.72,-1,-1,-1,-1
381,1,933.66,444.73,62.25,196.34,-1,-1,-1,-1
382,1,935.07,447.48,61.61,198.01,-1,-1,-1,-1
383,1,935.58,446.21,60.80,196.42,-1,-1,-1,-1
384,1,936.63,445.95,59.26,196.94,-1,-1,-1,-1
385,1,940.30,444.91,57.77,195.86,-1,-1,-1,-1
386,1,941.28,446.57,59.24,195.34,-1,-1,-1,-1
387,1,941.31,446.24,60.54,193.40,-1,-1,-1,-1
388,1,940.38,451.50,64.17,195.00,-1,-1,-1,-1
389,1,942.70,447.17,61.54,195.02,-1,-1,-1,-1
390,1,941.28,450.81,65.64,196.04,-1,-1,-1,-1
391,1,945.76,446.98,63.98,198.99,-1,-1,-1,-1
392,1,947.10,443.39,62.61,198.26,-1,-1,-1,-1
393,1,947.86,446.71,63.88,196.70,-1,-1,-1,-1
394,1,949.75,447.01,62.03,199.15,-1,-1,-1,-1
395,1,950.25,446.36,62.40,197.61,-1,-1,-1,-1
396,1,950.79,451.48,62.59,195.29,-1,-1,-1,-1
397,1,953.50,451.07,64.06,196.82,-1,-1,-1,-1
398,1,955.19,447.73,62.33,197.59,-1,-1,-1,-1
399,1,954.36,451.19,65.07,196.35,-1,-1,-1,-1
400,1,955.63,446.30,63.81,194.12,-1,-1,-1,-1
401,1,958.33,447.66,61.74,196.96,-1,-1,-1,-1
402,1,958.77,446.11,61.48,194.77,-1,-1,-1,-1
403,1,959.57,444.75,61.29,196.42,-1,-1,-1,-1
404,1,962.64,446.54,61.56,197.77,-1,-1,-1,-1
405,1,963.55,447.47,61.25,198.77,-1,-1,-1,-1
406,1,963.62,446.47,63.68,197.83,-1,-1,-1,-1
407,1,965.53,444.80,60.73,196.80,-1,-1,-1,-1
408,1,965.85,446.83,62.07,196.76,-1,-1,-1,-1
409,1,965.82,451.83,63.56,195.39,-1,-1,-1,-1
410,1,967.76,443.96,60.11,197.63,-1,-1,-1,-1
411,1,968.55,448.38,60.40,196.57,-1,-1,-1,-1
412,1,970.47,447.09,63.78,198.19,-1,-1,-1,-1
413,1,971.55,447.32,63.69,196.78,-1,-1,-1,-1
414,1,972.63,447.63,62.38,196.56,-1,-1,-1,-1
415,1,973.52,446.98,62.18,195.41,-1,-1,-1,-1
416,1,975.31,446.76,62.56,196.43,-1,-1,-1,-1
417,1,978.13,445.77,62.92,198.53,-1,-1,-1,-1
418,1,979.18,444.56,62.00,200.11,-1,-1,-1,-1
419,1,980.31,445.22,61.35,199.23,-1,-1,-1,-1
420,1,980.40,445.97,62.55,200.16,-1,-1,-1,-1
421,1,981.45,444.90,62.59,198.75,-1,-1,-1,-1
422,1,982.85,446.62,62.53,199.11,-1,-1,-1,-1
423,1,984.26,444.99,60.07,198.35,-1,-1,-1,-1
424,1,985.24,443.05,65.10,199.02,-1,-1,-1,-1
425,1,986.54,445.88,63.48,196.95,-1,-1,-1,-1
426,1,989.31,447.04,61.45,197.92,-1,-1,-1,-1
427,1,989.37,444.95,62.65,195.88,-1,-1,-1,-1
428,1,992.06,446.07,59.10,197.75,-1,-1,-1,-1
429,1,992.30,452.33,58.92,194.95,-1,-1,-1,-1
430,1,993.54,445.90,57.65,196.78,-1,-1,-1,-1
431,1,996.14,446.10,59.50,198.08,-1,-1,-1,-1
432,1,997.09,447.20,58.84,198.32,-1,-1,-1,-1
433,1,997.51,446.81,59.52,199.24,-1,-1,-1,-1
434,1,999.79,444.54,56.65,199.75,-1,-1,-1,-1
435,1,1000.75,446.43,57.53,200.01,-1,-1,-1,-1
436,1,1001.21,443.37,57.68,198.23,-1,-1,-1,-1
437,1,1003.94,445.90,59.51,197.24,-1,-1,-1,-1
438,1,1005.37,446.30,57.22,196.51,-1,-1,-1,-1
439,1,1005.41,446.37,58.49,196.03,-1,-1,-1,-1
440,1,1007.89,446.31,55.70,196.00,-1,-1,-1,-1
441,1,1007.80,445.69,57.93,194.29,-1,-1,-1,-1
442,1,1010.16,447.32,56.11,195.66,-1,-1,-1,-1
443,1,1011.82,446.16,59.24,197.51,-1,-1,-1,-1
444,1,1013.22,446.97,57.53,198.42,-1,-1,-1,-1
445,1,1012.79,447.32,58.93,198.11,-1,-1,-1,-1
446,1,1014.20,443.47,58.71,198.29,-1,-1,-1,-1
447,1,1015.65,450.92,57.06,197.28,-1,-1,-1,-1
448,1,1016.29,446.36,57.86,199.86,-1,-1,-1,-1
449,1,1015.67,445.07,60.00,196.11,-1,-1,-1,-1
450,1,1014.61,443.48,63.22,197.98,-1,-1,-1,-1
451,1,1018.61,446.86,62.50,197.77,-1,-1,-1,-1
452,1,1020.25,446.22,60.20,196.47,-1,-1,-1,-1
453,1,1020.08,447.27,62.00,197.04,-1,-1,-1,-1
454,1,1019.50,447.16,64.22,195.39,-1,-1,-1,-1
455,1,1021.76,446.89,61.62,198.22,-1,-1,-1,-1
456,1,1024.65,447.23,59.93,196.24,-1,-1,-1,-1
457,1,1027.51,447.19,60.48,197.21,-1,-1,-1,-1
458,1,1026.96,446.37,62.37,197.58,-1,-1,-1,-1
459,1,1028.29,447.04,61.36,198.09,-1,-1,-1,-1
460,1,1028.33,445.10,62.51,198.55,-1,-1,-1,-1
461,1,1029.41,446.47,62.12,196.52,-1,-1,-1,-1
462,1,1030.73,447.20,61.83,198.38,-1,-1,-1,-1
463,1,1031.37,444.31,60.26,196.85,-1,-1,-1,-1
464,1,1031.45,446.66,62.08,196.67,-1,-1,-1,-1
465,1,1034.12,450.67,62.87,196.81,-1,-1,-1,-1
466,1,1036.02,445.57,61.41,194.76,-1,-1,-1,-1
467,1,1037.49,447.56,61.42,197.58,-1,-1,-1,-1
468,1,1037.53,447.15,62.92,198.27,-1,-1,-1,-1
469,1,1039.30,447.90,60.81,197.22,-1,-1,-1,-1
470,1,1038.87,444.92,62.47,196.40,-1,-1,-1,-1
471,1,1042.97,445.20,61.73,198.97,-1,-1,-1,-1
472,1,1044.49,443.97,60.59,198.19,-1,-1,-1,-1
473,1,1042.61,450.12,65.15,198.34,-1,-1,-1,-1
474,1,1043.03,446.60,65.23,197.42,-1,-1,-1,-1
475,1,1045.71,443.61,60.77,197.05,-1,-1,-1,-1
476,1,1047.20,450.16,61.36,197.51,-1,-1,-1,-1
477,1,1047.28,445.11,61.89,197.65,-1,-1,-1,-1
478,1,1048.84,447.29,65.77,198.52,-1,-1,-1,-1
479,1,1050.22,450.43,64.25,197.72,-1,-1,-1,-1
480,1,1053.76,445.87,59.62,197.20,-1,-1,-1,-1
481,1,1055.37,447.92,59.11,195.76,-1,-1,-1,-1
482,1,1055.89,451.73,59.97,194.87,-1,-1,-1,-1
483,1,1056.25,445.24,59.16,195.46,-1,-1,-1,-1
484,1,1059.63,446.86,59.26,196.71,-1,-1,-1,-1
485,1,1060.80,447.87,58.85,196.62,-1,-1,-1,-1
486,1,1061.53,446.77,59.29,196.36,-1,-1,-1,-1
487,1,1063.54,446.83,57.43,199.10,-1,-1,-1,-1
488,1,1062.49,444.27,60.24,196.51,-1,-1,-1,-1
489,1,1062.83,444.73,61.36,196.82,-1,-1,-1,-1
490,1,1063.72,443.47,59.82,197.62,-1,-1,-1,-1
491,1,1068.50,445.96,57.33,196.93,-1,-1,-1,-1
492,1,1068.95,445.84,59.29,194.19,-1,-1,-1,-1
493,1,1069.91,446.63,59.29,193.74,-1,-1,-1,-1
494,1,1071.65,446.52,57.36,196.94,-1,-1,-1,-1
495,1,1071.87,447.10,58.53,195.74,-1,-1,-1,-1
496,1,1073.76,445.51,57.03,196.04,-1,-1,-1,-1
497,1,1076.13,447.62,59.44,197.10,-1,-1,-1,-1
498,1,1076.21,445.51,59.58,196.20,-1,-1,-1,-1
499,1,1076.58,450.51,60.72,197.95,-1,-1,-1,-1
500,1,1076.55,444.70,62.06,199.62,-1,-1,-1,-1
1,2,624.49,437.39,72.45,199.43,-1,-1,-1,-1
2,2,628.54,437.33,74.80,199.77,-1,-1,-1,-1
3,2,629.21,434.16,75.61,200.06,-1,-1,-1,-1
4,2,630.24,437.34,73.88,199.97,-1,-1,-1,-1
5,2,630.15,437.74,74.97,198.16,-1,-1,-1,-1
6,2,629.83,436.94,76.56,197.96,-1,-1,-1,-1
7,2,632.58,436.09,73.99,197.22,-1,-1,-1,-1
8,2,634.76,437.15,70.18,197.48,-1,-1,-1,-1
9,2,638.59,438.81,70.29,199.61,-1,-1,-1,-1
10,2,640.07,436.06,68.73,200.21,-1,-1,-1,-1
11,2,641.51,439.60,68.86,196.54,-1,-1,-1,-1
12,2,641.62,436.01,69.59,198.10,-1,-1,-1,-1
13,2,642.16,436.33,70.26,196.60,-1,-1,-1,-1
14,2,643.20,438.26,69.79,197.65,-1,-1,-1,-1
15,2,646.02,437.74,72.54,197.18,-1,-1,-1,-1
16,2,648.63,435.00,70.23,197.94,-1,-1,-1,-1
17,2,649.44,438.18,68.54,196.86,-1,-1,-1,-1
18,2,648.73,438.11,70.36,195.95,-1,-1,-1,-1
19,2,648.29,438.47,71.25,197.30,-1,-1,-1,-1
20,2,647.99,438.57,72.82,197.06,-1,-1,-1,-1
21,2,650.11,435.14,70.81,198.00,-1,-1,-1,-1
22,2,655.49,438.70,68.19,198.70,-1,-1,-1,-1
23,2,655.66,436.36,69.43,197.90,-1,-1,-1,-1
24,2,657.07,436.41,69.38,198.04,-1,-1,-1,-1
25,2,657.15,438.30,68.59,198.29,-1,-1,-1,-1
26,2,655.92,435.03,73.23,196.74,-1,-1,-1,-1
27,2,658.93,435.13,70.37,196.65,-1,-1,-1,-1
28,2,663.37,437.78,69.37,196.57,-1,-1,-1,-1
29,2,663.66,439.66,70.92,196.90,-1,-1,-1,-1
30,2,664.02,436.14,71.29,197.16,-1,-1,-1,-1
31,2,664.00,436.36,70.36,197.97,-1,-1,-1,-1
32,2,664.81,434.10,70.61,199.64,-1,-1,-1,-1
33,2,665.94,434.22,70.56,198.15,-1,-1,-1,-1
34,2,666.70,436.74,69.37,195.32,-1,-1,-1,-1
35,2,667.68,433.61,68.48,199.60,-1,-1,-1,-1
36,2,666.80,436.18,70.41,196.48,-1,-1,-1,-1
37,2,671.93,437.26,68.71,198.25,-1,-1,-1,-1
38,2,672.67,434.65,70.91,197.64,-1,-1,-1,-1
39,2,674.17,434.50,69.66,199.46,-1,-1,-1,-1
40,2,674.16,437.71,70.09,198.25,-1,-1,-1,-1
41,2,672.56,434.81,74.12,197.12,-1,-1,-1,-1
42,2,675.27,435.72,77.46,199.21,-1,-1,-1,-1
43,2,677.49,434.54,76.14,199.47,-1,-1,-1,-1
44,2,678.22,437.14,75.09,197.98,-1,-1,-1,-1
45,2,677.08,436.99,76.24,199.67,-1,-1,-1,-1
46,2,678.21,438.14,74.73,199.70,-1,-1,-1,-1
47,2,678.47,437.10,76.75,198.18,-1,-1,-1,-1
48,2,680.37,436.43,74.76,196.99,-1,-1,-1,-1
49,2,681.33,438.43,73.02,196.55,-1,-1,-1,-1
50,2,686.84,439.90,69.34,197.07,-1,-1,-1,-1
51,2,688.92,438.77,67.90,199.02,-1,-1,-1,-1
52,2,689.60,436.06,69.30,200.18,-1,-1,-1,-1
53,2,690.44,434.27,69.79,198.68,-1,-1,-1,-1
54,2,689.47,434.98,72.76,197.12,-1,-1,-1,-1
55,2,690.16,436.18,71.29,199.00,-1,-1,-1,-1
56,2,694.66,438.25,70.46,196.88,-1,-1,-1,-1
57,2,695.07,439.67,71.75,196.93,-1,-1,-1,-1
58,2,695.96,436.35,71.03,199.56,-1,-1,-1,-1
59,2,696.28,436.19,71.09,199.45,-1,-1,-1,-1
60,2,696.64,438.02,70.60,198.82,-1,-1,-1,-1
61,2,697.10,437.22,72.55,195.99,-1,-1,-1,-1
62,2,701.60,436.83,72.94,198.57,-1,-1,-1,-1
63,2,702.09,437.87,74.07,199.09,-1,-1,-1,-1
64,2,702.67,436.41,74.34,199.59,-1,-1,-1,-1
65,2,702.05,437.11,75.18,198.15,-1,-1,-1,-1
66,2,703.30,434.34,74.13,200.17,-1,-1,-1,-1
67,2,702.60,436.11,77.43,197.37,-1,-1,-1,-1
68,2,705.39,434.74,81.64,199.19,-1,-1,-1,-1
69,2,706.78,438.55,82.02,198.27,-1,-1,-1,-1
70,2,707.36,435.63,80.98,200.51,-1,-1,-1,-1
71,2,706.94,434.85,82.80,200.64,-1,-1,-1,-1
72,2,709.02,433.52,80.01,200.41,-1,-1,-1,-1
73,2,710.48,436.79,77.32,199.43,-1,-1,-1,-1
74,2,712.46,433.23,73.62,201.60,-1,-1,-1,-1
75,2,712.72,438.05,74.68,199.95,-1,-1,-1,-1
76,2,716.94,437.85,75.03,198.52,-1,-1,-1,-1
77,2,718.34,434.26,75.16,201.58,-1,-1,-1,-1
78,2,717.81,435.11,76.88,198.19,-1,-1,-1,-1
79,2,719.14,436.97,75.95,202.12,-1,-1,-1,-1
80,2,718.10,436.55,77.27,198.66,-1,-1,-1,-1
81,2,718.21,438.01,77.78,199.02,-1,-1,-1,-1
82,2,723.12,436.95,78.25,198.59,-1,-1,-1,-1
83,2,725.78,437.23,75.08,199.17,-1,-1,-1,-1
84,2,725.55,437.67,75.36,199.26,-1,-1,-1,-1
85,2,725.23,434.06,77.66,199.77,-1,-1,-1,-1
86,2,726.86,434.27,75.34,198.61,-1,-1,-1,-1
87,2,727.51,438.72,74.65,197.44,-1,-1,-1,-1
88,2,726.81,437.08,76.66,198.85,-1,-1,-1,-1
89,2,731.03,437.64,78.18,199.44,-1,-1,-1,-1
90,2,733.48,434.70,75.66,200.44,-1,-1,-1,-1
91,2,733.73,436.17,75.93,197.88,-1,-1,-1,-1
92,2,735.18,437.39,74.20,199.20,-1,-1,-1,-1
93,2,735.04,436.70,75.35,198.79,-1,-1,-1,-1
94,2,734.31,434.88,78.05,198.81,-1,-1,-1,-1
95,2,733.92,434.70,79.32,199.48,-1,-1,-1,-1
96,2,738.56,435.65,78.86,198.20,-1,-1,-1,-1
97,2,741.34,436.24,75.10,198.73,-1,-1,-1,-1
98,2,741.50,436.13,76.05,199.52,-1,-1,-1,-1
99,2,741.18,437.06,77.42,198.17,-1,-1,-1,-1
100,2,742.47,438.34,75.11,198.45,-1,-1,-1,-1
101,2,744.44,437.53,73.99,197.14,-1,-1,-1,-1
102,2,747.53,439.53,69.58,196.22,-1,-1,-1,-1
103,2,751.32,434.27,69.75,198.70,-1,-1,-1,-1
104,2,752.38,434.61,69.75,197.66,-1,-1,-1,-1
105,2,752.92,438.42,70.66,199.03,-1,-1,-1,-1
106,2,752.43,437.09,72.23,198.29,-1,-1,-1,-1
107,2,750.75,436.58,77.13,198.03,-1,-1,-1,-1
108,2,752.03,436.52,75.59,197.80,-1,-1,-1,-1
109,2,753.56,433.72,81.15,199.41,-1,-1,-1,-1
110,2,754.38,433.89,82.41,199.28,-1,-1,-1,-1
111,2,754.52,435.74,81.88,199.93,-1,-1,-1,-1
112,2,754.67,433.98,83.53,199.49,-1,-1,-1,-1
113,2,756.88,435.29,80.04,198.69,-1,-1,-1,-1
114,2,756.39,436.22,81.33,199.59,-1,-1,-1,-1
115,2,756.84,433.02,80.73,202.30,-1,-1,-1,-1
116,2,758.88,438.16,78.39,199.74,-1,-1,-1,-1
117,2,765.15,436.18,74.22,200.55,-1,-1,-1,-1
118,2,765.49,436.43,76.06,197.88,-1,-1,-1,-1
119,2,764.85,437.42,77.65,198.70,-1,-1,-1,-1
120,2,765.83,436.40,76.38,199.36,-1,-1,-1,-1
121,2,766.23,438.03,77.23,198.74,-1,-1,-1,-1
122,2,767.55,437.12,76.84,197.25,-1,-1,-1,-1
123,2,771.39,437.50,76.91,197.39,-1,-1,-1,-1
124,2,771.27,435.56,78.61,198.50,-1,-1,-1,-1
125,2,772.51,435.95,77.36,199.51,-1,-1,-1,-1
126,2,772.56,431.93,78.66,196.95,-1,-1,-1,-1
127,2,774.30,437.36,76.02,194.83,-1,-1,-1,-1
128,2,775.19,436.83,76.12,196.11,-1,-1,-1,-1
129,2,777.10,438.99,73.95,197.83,-1,-1,-1,-1
130,2,782.72,436.65,70.88,198.30,-1,-1,-1,-1
131,2,783.77,434.88,70.97,197.64,-1,-1,-1,-1
132,2,785.47,437.04,69.70,198.85,-1,-1,-1,-1
133,2,784.46,434.64,72.85,197.18,-1,-1,-1,-1
134,2,785.41,437.39,71.42,198.01,-1,-1,-1,-1
135,2,784.51,438.24,74.39,198.70,-1,-1,-1,-1
136,2,782.07,434.98,79.77,197.22,-1,-1,-1,-1
137,2,788.21,439.05,75.57,198.62,-1,-1,-1,-1
138,2,788.86,438.55,76.71,199.76,-1,-1,-1,-1
139,2,789.51,437.31,76.05,200.95,-1,-1,-1,-1
140,2,790.05,437.42,76.37,200.53,-1,-1,-1,-1
141,2,792.14,433.94,75.31,200.35,-1,-1,-1,-1
142,2,795.70,434.47,76.43,198.98,-1,-1,-1,-1
143,2,797.86,434.82,73.03,198.40,-1,-1,-1,-1
144,2,798.61,437.81,74.10,197.96,-1,-1,-1,-1
145,2,797.75,434.41,76.31,197.58,-1,-1,-1,-1
146,2,799.23,437.72,73.69,199.37,-1,-1,-1,-1
147,2,799.38,436.41,75.48,197.09,-1,-1,-1,-1
148,2,799.31,436.69,76.87,196.22,-1,-1,-1,-1
149,2,799.04,437.14,77.79,198.21,-1,-1,-1,-1
150,2,804.46,438.45,74.96,197.85,-1,-1,-1,-1
151,2,804.71,436.36,76.47,199.32,-1,-1,-1,-1
152,2,805.92,436.15,76.33,199.78,-1,-1,-1,-1
153,2,808.20,437.93,74.19,200.57,-1,-1,-1,-1
154,2,808.08,437.29,74.95,198.90,-1,-1,-1,-1
155,2,808.27,439.32,75.57,198.41,-1,-1,-1,-1
156,2,813.54,434.48,73.09,199.23,-1,-1,-1,-1
157,2,815.13,438.98,73.92,198.78,-1,-1,-1,-1
158,2,814.94,437.56,75.65,199.23,-1,-1,-1,-1
159,2,815.49,437.58,75.48,198.66,-1,-1,-1,-1
160,2,815.59,437.99,75.90,198.16,-1,-1,-1,-1
161,2,815.05,434.98,77.34,197.83,-1,-1,-1,-1
162,2,819.69,438.29,76.18,199.22,-1,-1,-1,-1
163,2,820.98,436.78,76.30,198.26,-1,-1,-1,-1
164,2,822.26,438.17,74.47,198.59,-1,-1,-1,-1
165,2,821.88,435.39,76.46,198.66,-1,-1,-1,-1
166,2,822.67,437.63,75.75,198.21,-1,-1,-1,-1
167,2,823.63,438.53,76.24,198.30,-1,-1,-1,-1
168,2,824.59,438.53,75.24,196.53,-1,-1,-1,-1
169,2,828.65,438.52,75.18,198.61,-1,-1,-1,-1
170,2,829.85,437.13,74.83,198.32,-1,-1,-1,-1
171,2,830.91,438.86,74.80,196.09,-1,-1,-1,-1
172,2,830.18,437.95,77.40,199.43,-1,-1,-1,-1
173,2,831.35,438.99,76.24,198.34,-1,-1,-1,-1
174,2,831.66,438.23,75.98,196.30,-1,-1,-1,-1
175,2,833.51,438.99,73.55,194.70,-1,-1,-1,-1
176,2,838.38,434.47,71.68,199.56,-1,-1,-1,-1
177,2,840.65,437.82,70.64,197.05,-1,-1,-1,-1
178,2,841.06,439.06,69.75,198.14,-1,-1,-1,-1
179,2,841.55,434.00,70.53,198.84,-1,-1,-1,-1
180,2,842.97,438.15,68.67,198.33,-1,-1,-1,-1
181,2,843.11,436.87,69.64,195.60,-1,-1,-1,-1
182,2,847.03,438.12,70.29,197.67,-1,-1,-1,-1
183,2,849.38,435.65,68.79,197.80,-1,-1,-1,-1
184,2,849.87,439.75,68.76,196.72,-1,-1,-1,-1
185,2,849.36,439.46,72.08,197.70,-1,-1,-1,-1
186,2,849.47,434.36,71.35,197.59,-1,-1,-1,-1
187,2,849.18,437.18,73.74,196.89,-1,-1,-1,-1
188,2,854.49,437.79,71.03,198.66,-1,-1,-1,-1
189,2,855.02,438.04,72.52,196.99,-1,-1,-1,-1
190,2,855.55,436.29,72.29,196.82,-1,-1,-1,-1
191,2,857.09,437.45,68.83,197.52,-1,-1,-1,-1
192,2,856.67,436.18,71.56,198.53,-1,-1,-1,-1
193,2,858.61,439.09,70.35,197.46,-1,-1,-1,-1
194,2,859.05,432.88,69.44,201.36,-1,-1,-1,-1
195,2,862.54,433.47,70.92,199.78,-1,-1,-1,-1
196,2,864.19,438.03,69.17,197.87,-1,-1,-1,-1
197,2,865.24,435.57,69.36,199.02,-1,-1,-1,-1
198,2,865.12,438.59,70.11,196.20,-1,-1,-1,-1
199,2,865.46,438.63,71.37,199.17,-1,-1,-1,-1
200,2,865.52,435.91,71.29,197.02,-1,-1,-1,-1
201,2,865.34,434.50,72.75,197.86,-1,-1,-1,-1
202,2,869.38,436.27,73.32,197.61,-1,-1,-1,-1
203,2,872.35,436.73,71.54,196.41,-1,-1,-1,-1
204,2,873.14,436.64,71.58,196.56,-1,-1,-1,-1
205,2,874.25,435.33,69.79,196.40,-1,-1,-1,-1
206,2,874.20,434.88,69.55,198.48,-1,-1,-1,-1
207,2,873.71,438.45,72.28,194.94,-1,-1,-1,-1
208,2,874.75,438.14,70.54,195.60,-1,-1,-1,-1
209,2,879.34,439.31,69.82,197.65,-1,-1,-1,-1
210,2,881.85,436.53,68.58,197.71,-1,-1,-1,-1
211,2,881.34,439.88,71.49,196.66,-1,-1,-1,-1
212,2,881.77,438.99,71.22,198.27,-1,-1,-1,-1
213,2,881.17,434.64,72.13,198.55,-1,-1,-1,-1
214,2,879.35,436.38,76.79,196.23,-1,-1,-1,-1
215,2,879.11,436.46,77.44,195.96,-1,-1,-1,-1
216,2,883.68,435.46,76.77,200.08,-1,-1,-1,-1
217,2,886.44,436.01,75.89,199.14,-1,-1,-1,-1
218,2,886.87,437.66,75.84,199.37,-1,-1,-1,-1
219,2,887.77,433.90,74.74,200.40,-1,-1,-1,-1
220,2,888.19,436.44,74.39,198.71,-1,-1,-1,-1
221,2,891.50,434.81,77.54,198.14,-1,-1,-1,-1
222,2,893.96,438.89,75.35,198.00,-1,-1,-1,-1
223,2,894.65,436.89,74.00,198.44,-1,-1,-1,-1
224,2,894.76,438.57,74.80,196.82,-1,-1,-1,-1
225,2,894.61,436.60,75.68,199.11,-1,-1,-1,-1
226,2,895.25,434.73,75.83,198.72,-1,-1,-1,-1
227,2,895.74,436.32,76.23,197.04,-1,-1,-1,-1
228,2,898.92,437.85,77.99,196.75,-1,-1,-1,-1
229,2,900.34,435.87,77.05,200.15,-1,-1,-1,-1
230,2,902.89,435.80,73.87,199.65,-1,-1,-1,-1
231,2,902.49,436.25,75.67,197.71,-1,-1,-1,-1
232,2,903.21,437.18,76.07,197.07,-1,-1,-1,-1
233,2,903.53,438.91,75.70,198.14,-1,-1,-1,-1
234,2,904.92,437.23,74.05,195.66,-1,-1,-1,-1
235,2,904.33,437.15,75.87,198.62,-1,-1,-1,-1
236,2,908.47,436.42,75.60,199.37,-1,-1,-1,-1
237,2,910.38,434.50,76.17,199.18,-1,-1,-1,-1
238,2,910.82,437.84,75.04,197.85,-1,-1,-1,-1
239,2,910.81,436.84,76.55,198.96,-1,-1,-1,-1
240,2,911.53,436.57,75.82,199.21,-1,-1,-1,-1
241,2,911.17,434.51,76.81,199.96,-1,-1,-1,-1
242,2,914.02,435.66,80.31,199.93,-1,-1,-1,-1
243,2,916.44,438.84,79.34,197.32,-1,-1,-1,-1
244,2,919.18,434.83,74.97,198.38,-1,-1,-1,-1
245,2,918.01,435.93,76.92,199.51,-1,-1,-1,-1
246,2,919.55,437.83,74.48,199.95,-1,-1,-1,-1
247,2,920.88,437.92,73.95,198.50,-1,-1,-1,-1
248,2,923.66,433.60,76.43,201.79,-1,-1,-1,-1
249,2,925.53,433.27,73.68,201.23,-1,-1,-1,-1
250,2,926.59,438.05,72.67,197.14,-1,-1,-1,-1
251,2,929.23,439.44,68.50,196.87,-1,-1,-1,-1
252,2,929.71,436.95,67.82,198.79,-1,-1,-1,-1
253,2,929.62,434.32,68.90,200.22,-1,-1,-1,-1
254,2,929.65,436.97,71.38,198.07,-1,-1,-1,-1
255,2,929.86,438.23,71.34,197.39,-1,-1,-1,-1
256,2,933.98,434.58,71.85,198.82,-1,-1,-1,-1
257,2,936.70,438.46,68.54,195.86,-1,-1,-1,-1
258,2,937.08,437.98,69.18,196.56,-1,-1,-1,-1
259,2,936.73,436.11,71.49,197.62,-1,-1,-1,-1
260,2,938.43,434.29,70.07,198.40,-1,-1,-1,-1
261,2,939.33,437.83,69.35,196.41,-1,-1,-1,-1
262,2,943.18,438.81,69.16,198.23,-1,-1,-1,-1
263,2,943.54,436.58,69.92,198.42,-1,-1,-1,-1
264,2,944.76,435.74,69.11,198.51,-1,-1,-1,-1
265,2,945.65,433.94,69.17,198.81,-1,-1,-1,-1
266,2,946.19,433.99,70.11,199.84,-1,-1,-1,-1
267,2,945.83,439.48,71.62,197.34,-1,-1,-1,-1
268,2,945.40,436.84,72.90,195.49,-1,-1,-1,-1
269,2,945.32,435.27,72.94,197.62,-1,-1,-1,-1
270,2,950.06,438.40,71.59,198.33,-1,-1,-1,-1
271,2,951.92,437.11,70.63,196.36,-1,-1,-1,-1
272,2,952.75,437.52,71.06,196.72,-1,-1,-1,-1
273,2,953.33,438.11,71.32,195.15,-1,-1,-1,-1
274,2,953.40,438.68,71.09,195.15,-1,-1,-1,-1
275,2,957.80,436.83,72.36,196.48,-1,-1,-1,-1
276,2,960.09,437.29,68.66,197.91,-1,-1,-1,-1
277,2,961.67,436.81,69.39,196.45,-1,-1,-1,-1
278,2,961.38,439.84,69.59,196.02,-1,-1,-1,-1
279,2,961.77,435.93,69.36,197.60,-1,-1,-1,-1
280,2,961.56,436.00,71.07,197.61,-1,-1,-1,-1
281,2,961.60,436.93,71.19,196.49,-1,-1,-1,-1
282,2,963.38,436.80,69.52,196.26,-1,-1,-1,-1
283,2,965.89,436.47,72.82,197.50,-1,-1,-1,-1
284,2,969.62,439.65,68.89,196.00,-1,-1,-1,-1
285,2,970.80,434.77,68.49,197.39,-1,-1,-1,-1
286,2,970.38,434.48,69.22,198.30,-1,-1,-1,-1
287,2,970.63,438.54,68.92,197.44,-1,-1,-1,-1
288,2,975.28,433.65,69.48,199.81,-1,-1,-1,-1
289,2,975.66,438.04,70.45,198.17,-1,-1,-1,-1
290,2,976.79,436.07,68.85,199.71,-1,-1,-1,-1
291,2,978.11,436.42,68.05,198.17,-1,-1,-1,-1
292,2,978.85,434.16,68.61,198.74,-1,-1,-1,-1
293,2,979.05,436.53,67.94,198.18,-1,-1,-1,-1
294,2,978.31,438.40,69.98,197.53,-1,-1,-1,-1
295,2,977.58,433.53,71.93,199.75,-1,-1,-1,-1
296,2,982.27,435.64,71.57,198.71,-1,-1,-1,-1
297,2,985.46,435.72,68.33,197.23,-1,-1,-1,-1
298,2,985.11,438.23,68.81,196.77,-1,-1,-1,-1
299,2,984.44,436.44,70.09,198.10,-1,-1,-1,-1
300,2,985.21,436.93,69.72,197.18,-1,-1,-1,-1
301,2,987.40,436.65,68.82,195.38,-1,-1,-1,-1
302,2,986.88,437.65,70.58,196.64,-1,-1,-1,-1
303,2,991.39,439.04,69.17,197.98,-1,-1,-1,-1
304,2,992.19,437.16,69.17,196.87,-1,-1,-1,-1
305,2,993.73,436.97,67.66,198.05,-1,-1,-1,-1
306,2,993.26,436.05,70.61,196.78,-1,-1,-1,-1
307,2,993.57,436.57,70.56,197.77,-1,-1,-1,-1
308,2,992.92,438.14,72.46,198.25,-1,-1,-1,-1
309,2,991.48,435.70,76.97,198.05,-1,-1,-1,-1
310,2,995.72,435.27,76.34,198.57,-1,-1,-1,-1
311,2,997.88,437.35,74.71,197.45,-1,-1,-1,-1
312,2,998.36,436.07,74.68,199.36,-1,-1,-1,-1
313,2,999.48,433.88,73.39,199.73,-1,-1,-1,-1
314,2,1000.49,438.28,72.84,197.68,-1,-1,-1,-1
315,2,1004.21,433.32,66.88,199.71,-1,-1,-1,-1
316,2,1007.28,436.99,69.02,197.51,-1,-1,-1,-1
317,2,1008.49,436.59,68.75,195.79,-1,-1,-1,-1
318,2,1009.01,436.65,69.62,196.20,-1,-1,-1,-1
319,2,1009.45,437.10,68.73,197.42,-1,-1,-1,-1
320,2,1008.85,434.07,70.62,198.24,-1,-1,-1,-1
321,2,1009.16,437.19,72.04,197.12,-1,-1,-1,-1
322,2,1011.52,440.35,70.08,195.88,-1,-1,-1,-1
323,2,1014.40,437.50,70.94,197.17,-1,-1,-1,-1
324,2,1015.97,435.00,70.16,197.55,-1,-1,-1,-1
325,2,1016.49,437.03,69.62,196.81,-1,-1,-1,-1
326,2,1017.14,437.01,69.19,197.58,-1,-1,-1,-1
327,2,1018.10,437.72,68.58,195.89,-1,-1,-1,-1
328,2,1019.34,436.92,68.44,195.26,-1,-1,-1,-1
329,2,1022.57,434.13,70.43,200.01,-1,-1,-1,-1
330,2,1024.14,438.50,67.79,195.90,-1,-1,-1,-1
331,2,1025.41,440.09,69.19,195.46,-1,-1,-1,-1
332,2,1024.99,439.59,69.75,196.89,-1,-1,-1,-1
333,2,1025.65,434.86,68.57,197.07,-1,-1,-1,-1
334,2,1024.55,438.77,71.43,195.50,-1,-1,-1,-1
335,2,1024.51,439.01,73.35,196.05,-1,-1,-1,-1
336,2,1030.99,438.22,69.16,198.27,-1,-1,-1,-1
337,2,1032.27,436.95,68.69,197.72,-1,-1,-1,-1
338,2,1032.98,439.23,70.54,196.50,-1,-1,-1,-1
339,2,1033.08,438.70,70.47,197.67,-1,-1,-1,-1
340,2,1033.61,434.47,69.75,198.86,-1,-1,-1,-1
341,2,1034.56,437.40,69.94,194.48,-1,-1,-1,-1
342,2,1034.45,435.47,71.20,197.44,-1,-1,-1,-1
343,2,1039.67,438.70,69.10,197.00,-1,-1,-1,-1
344,2,1040.80,437.48,69.48,196.85,-1,-1,-1,-1
345,2,1041.32,439.81,68.33,196.25,-1,-1,-1,-1
346,2,1041.74,437.48,68.44,197.77,-1,-1,-1,-1
347,2,1041.78,438.68,70.20,194.89,-1,-1,-1,-1
348,2,1040.85,437.36,73.54,195.39,-1,-1,-1,-1
349,2,1042.93,435.26,70.18,196.03,-1,-1,-1,-1
350,2,1046.82,439.77,70.74,196.80,-1,-1,-1,-1
351,2,1048.61,438.37,70.91,195.80,-1,-1,-1,-1
352,2,1048.73,436.96,71.44,197.20,-1,-1,-1,-1
353,2,1049.03,437.51,71.35,196.19,-1,-1,-1,-1
354,2,1049.87,437.00,71.51,195.21,-1,-1,-1,-1
355,2,1050.14,437.58,71.05,194.08,-1,-1,-1,-1
356,2,1054.82,439.99,69.87,196.72,-1,-1,-1,-1
357,2,1056.73,434.25,68.28,198.75,-1,-1,-1,-1
358,2,1057.94,437.03,67.17,198.31,-1,-1,-1,-1
359,2,1057.03,435.14,71.05,195.88,-1,-1,-1,-1
360,2,1057.20,438.14,71.49,198.98,-1,-1,-1,-1
361,2,1057.45,434.70,71.56,198.65,-1,-1,-1,-1
362,2,1058.38,437.27,71.35,194.59,-1,-1,-1,-1
363,2,1062.42,435.93,71.42,197.52,-1,-1,-1,-1
364,2,1063.89,435.54,72.36,197.52,-1,-1,-1,-1
365,2,1064.83,434.59,71.64,198.94,-1,-1,-1,-1
366,2,1065.62,437.47,69.70,199.43,-1,-1,-1,-1
367,2,1064.88,438.40,72.60,197.35,-1,-1,-1,-1
368,2,1067.17,433.77,68.94,199.18,-1,-1,-1,-1
369,2,1067.19,440.39,70.04,195.51,-1,-1,-1,-1
370,2,1071.53,438.19,68.95,197.10,-1,-1,-1,-1
371,2,1074.02,439.83,68.45,195.64,-1,-1,-1,-1
372,2,1073.12,434.88,71.80,196.64,-1,-1,-1,-1
373,2,1073.86,433.72,70.56,198.84,-1,-1,-1,-1
374,2,1073.84,438.08,70.86,196.20,-1,-1,-1,-1
375,2,1073.12,438.38,73.23,194.19,-1,-1,-1,-1
376,2,1078.11,438.11,71.51,197.78,-1,-1,-1,-1
377,2,1079.69,436.01,71.29,196.26,-1,-1,-1,-1
378,2,1080.35,436.23,70.05,197.96,-1,-1,-1,-1
379,2,1082.01,432.38,70.20,197.08,-1,-1,-1,-1
380,2,1081.46,438.51,70.00,198.27,-1,-1,-1,-1
381,2,1082.79,437.42,69.77,196.01,-1,-1,-1,-1
382,2,1082.21,438.40,70.83,194.84,-1,-1,-1,-1
383,2,1087.10,430.91,69.62,199.71,-1,-1,-1,-1
384,2,1088.51,437.23,67.62,198.32,-1,-1,-1,-1
385,2,1089.13,439.79,68.05,196.48,-1,-1,-1,-1
386,2,1089.69,436.57,69.79,196.08,-1,-1,-1,-1
387,2,1089.27,436.38,71.34,195.68,-1,-1,-1,-1
388,2,1089.87,438.63,71.48,194.89,-1,-1,-1,-1
389,2,1089.55,435.55,72.90,196.23,-1,-1,-1,-1
390,2,1095.02,435.98,70.52,196.99,-1,-1,-1,-1
391,2,1096.63,437.39,71.00,196.11,-1,-1,-1,-1
392,2,1097.42,438.16,69.90,196.05,-1,-1,-1,-1
393,2,1098.19,434.02,69.26,198.64,-1,-1,-1,-1
394,2,1098.43,438.65,68.56,197.28,-1,-1,-1,-1
395,2,1099.08,437.43,68.58,195.65,-1,-1,-1,-1
396,2,1100.53,440.14,67.73,193.68,-1,-1,-1,-1
397,2,1103.75,434.58,69.61,199.06,-1,-1,-1,-1
398,2,1105.11,437.35,69.02,196.97,-1,-1,-1,-1
399,2,1105.14,438.87,69.33,195.44,-1,-1,-1,-1
400,2,1105.14,436.26,70.21,196.82,-1,-1,-1,-1
401,2,1105.61,436.76,71.27,196.65,-1,-1,-1,-1
402,2,1105.99,438.56,71.95,194.76,-1,-1,-1,-1
403,2,1109.52,435.73,72.67,199.01,-1,-1,-1,-1
404,2,1109.74,434.91,74.81,198.04,-1,-1,-1,-1
405,2,1110.28,434.62,75.57,197.62,-1,-1,-1,-1
406,2,1111.66,437.86,73.70,196.50,-1,-1,-1,-1
407,2,1114.53,436.43,69.47,196.06,-1,-1,-1,-1
408,2,1114.34,438.85,69.39,195.88,-1,-1,-1,-1
409,2,1114.22,437.85,71.49,195.75,-1,-1,-1,-1
410,2,1114.88,438.33,70.44,194.79,-1,-1,-1,-1
411,2,1119.95,439.19,68.41,197.56,-1,-1,-1,-1
412,2,1122.01,436.56,68.58,197.04,-1,-1,-1,-1
413,2,1120.90,434.29,71.18,198.71,-1,-1,-1,-1
414,2,1121.22,437.98,71.22,198.29,-1,-1,-1,-1
415,2,1121.39,436.67,71.82,196.94,-1,-1,-1,-1
416,2,1126.72,438.20,70.48,196.02,-1,-1,-1,-1
417,2,1126.96,438.86,71.23,195.87,-1,-1,-1,-1
418,2,1128.54,438.24,69.15,197.89,-1,-1,-1,-1
419,2,1128.06,434.77,71.35,198.88,-1,-1,-1,-1
420,2,1128.93,439.18,70.03,196.92,-1,-1,-1,-1
421,2,1130.19,437.82,69.20,195.27,-1,-1,-1,-1
422,2,1130.79,437.88,70.12,195.61,-1,-1,-1,-1
423,2,1135.12,434.25,69.31,198.64,-1,-1,-1,-1
424,2,1136.87,436.14,67.12,199.54,-1,-1,-1,-1
425,2,1136.96,436.98,69.04,197.47,-1,-1,-1,-1
426,2,1137.21,436.43,70.40,196.86,-1,-1,-1,-1
427,2,1137.08,434.35,71.47,198.86,-1,-1,-1,-1
428,2,1137.68,436.16,70.95,196.93,-1,-1,-1,-1
429,2,1137.11,438.75,73.87,194.89,-1,-1,-1,-1
430,2,1141.04,435.11,74.54,198.07,-1,-1,-1,-1
431,2,1142.56,439.16,74.59,197.01,-1,-1,-1,-1
432,2,1141.69,434.28,76.39,200.01,-1,-1,-1,-1
433,2,1142.40,435.81,75.28,198.41,-1,-1,-1,-1
434,2,1144.04,436.30,73.99,197.09,-1,-1,-1,-1
435,2,1147.09,431.53,68.95,198.29,-1,-1,-1,-1
436,2,1150.49,433.98,71.27,200.29,-1,-1,-1,-1
437,2,1153.31,438.29,67.90,196.66,-1,-1,-1,-1
438,2,1153.73,438.51,66.84,196.07,-1,-1,-1,-1
439,2,1153.23,438.79,69.57,194.80,-1,-1,-1,-1
440,2,1153.54,438.53,70.55,199.07,-1,-1,-1,-1
441,2,1153.22,439.10,71.84,195.38,-1,-1,-1,-1
442,2,1157.63,437.70,72.52,196.26,-1,-1,-1,-1
443,2,1158.95,436.54,71.24,198.23,-1,-1,-1,-1
444,2,1160.78,436.65,69.86,197.21,-1,-1,-1,-1
445,2,1160.76,436.75,69.88,196.76,-1,-1,-1,-1
446,2,1161.75,435.04,69.76,197.09,-1,-1,-1,-1
447,2,1162.45,437.60,68.65,195.53,-1,-1,-1,-1
448,2,1163.83,440.42,67.70,194.72,-1,-1,-1,-1
449,2,1164.26,437.62,67.78,194.05,-1,-1,-1,-1
450,2,1167.54,438.22,69.71,197.38,-1,-1,-1,-1
451,2,1169.53,439.40,69.84,196.90,-1,-1,-1,-1
452,2,1169.31,437.07,69.89,198.30,-1,-1,-1,-1
453,2,1168.66,438.46,72.23,196.33,-1,-1,-1,-1
454,2,1169.73,434.62,70.88,197.92,-1,-1,-1,-1
455,2,1170.19,434.45,70.34,198.78,-1,-1,-1,-1
456,2,1174.70,439.87,70.64,197.08,-1,-1,-1,-1
457,2,1176.90,436.44,70.32,196.59,-1,-1,-1,-1
458,2,1177.32,439.01,69.63,195.89,-1,-1,-1,-1
459,2,1177.38,436.12,69.81,197.67,-1,-1,-1,-1
460,2,1177.23,439.81,70.92,196.97,-1,-1,-1,-1
461,2,1177.90,437.77,71.09,195.46,-1,-1,-1,-1
462,2,1179.70,433.95,67.93,199.36,-1,-1,-1,-1
463,2,1178.77,438.61,70.41,194.00,-1,-1,-1,-1
464,2,1182.16,436.01,71.53,200.18,-1,-1,-1,-1
465,2,1184.64,436.67,68.36,198.78,-1,-1,-1,-1
466,2,1184.12,439.17,72.90,197.61,-1,-1,-1,-1
467,2,1185.45,437.19,70.55,195.09,-1,-1,-1,-1
468,2,1184.32,439.70,74.10,194.90,-1,-1,-1,-1
469,2,1182.79,435.31,76.90,198.18,-1,-1,-1,-1
470,2,1182.85,435.59,78.28,196.65,-1,-1,-1,-1
471,2,1188.70,438.38,74.94,196.36,-1,-1,-1,-1
472,2,1190.81,435.50,74.25,196.99,-1,-1,-1,-1
473,2,1190.31,434.57,75.22,199.14,-1,-1,-1,-1
474,2,1190.90,438.51,74.15,197.23,-1,-1,-1,-1
475,2,1190.53,438.92,75.53,196.55,-1,-1,-1,-1
476,2,1195.81,437.92,76.80,197.66,-1,-1,-1,-1
477,2,1198.36,435.87,73.91,200.61,-1,-1,-1,-1
478,2,1198.64,434.76,74.30,198.59,-1,-1,-1,-1
479,2,1199.40,438.20,73.54,199.08,-1,-1,-1,-1
480,2,1199.21,438.28,75.56,196.99,-1,-1,-1,-1
481,2,1202.73,437.83,78.87,197.36,-1,-1,-1,-1
482,2,1204.37,435.71,78.00,198.63,-1,-1,-1,-1
483,2,1206.12,438.66,74.52,198.40,-1,-1,-1,-1
484,2,1206.37,436.24,75.21,199.57,-1,-1,-1,-1
485,2,1205.85,438.46,75.62,197.93,-1,-1,-1,-1
486,2,1206.00,434.60,76.90,198.63,-1,-1,-1,-1
487,2,1207.86,437.46,74.16,196.78,-1,-1,-1,-1
488,2,1207.92,437.83,74.34,196.14,-1,-1,-1,-1
489,2,1209.22,434.33,72.98,199.54,-1,-1,-1,-1
490,2,1212.22,433.80,75.76,199.98,-1,-1,-1,-1
491,2,1214.86,434.51,73.83,199.93,-1,-1,-1,-1
492,2,1214.60,439.34,76.70,198.03,-1,-1,-1,-1
493,2,1214.52,438.28,76.19,196.86,-1,-1,-1,-1
494,2,1215.26,436.72,75.00,196.83,-1,-1,-1,-1
495,2,1215.47,439.77,76.86,196.95,-1,-1,-1,-1
496,2,1219.86,436.02,76.54,199.54,-1,-1,-1,-1
497,2,1222.93,438.51,73.47,198.21,-1,-1,-1,-1
498,2,1222.46,437.62,74.15,198.60,-1,-1,-1,-1
499,2,1222.07,437.90,76.07,199.09,-1,-1,-1,-1
500,2,1223.11,437.62,74.24,199.14,-1,-1,-1,-1
1,3,332.48,439.66,62.29,194.72,-1,-1,-1,-1
2,3,332.81,441.68,62.85,191.05,-1,-1,-1,-1
3,3,333.31,438.94,63.03,196.48,-1,-1,-1,-1
4,3,333.86,438.74,62.39,196.85,-1,-1,-1,-1
5,3,334.45,438.64,62.03,195.07,-1,-1,-1,-1
6,3,335.48,436.95,60.51,198.39,-1,-1,-1,-1
7,3,334.67,442.55,62.40,201.32,-1,-1,-1,-1
8,3,335.22,436.87,61.14,199.32,-1,-1,-1,-1
9,3,339.10,439.28,62.20,195.04,-1,-1,-1,-1
10,3,340.94,437.85,63.71,197.82,-1,-1,-1,-1
11,3,340.94,437.87,65.11,195.50,-1,-1,-1,-1
12,3,346.35,440.78,63.11,191.85,-1,-1,-1,-1
13,3,347.12,438.09,62.54,195.04,-1,-1,-1,-1
14,3,347.87,437.30,63.38,197.48,-1,-1,-1,-1
15,3,348.12,440.19,63.80,193.96,-1,-1,-1,-1
16,3,351.13,440.70,61.04,191.82,-1,-1,-1,-1
17,3,355.44,440.80,61.24,191.64,-1,-1,-1,-1
18,3,356.43,438.59,62.75,195.92,-1,-1,-1,-1
19,3,356.62,438.00,62.80,197.76,-1,-1,-1,-1
20,3,356.99,437.59,64.09,198.33,-1,-1,-1,-1
21,3,357.21,439.31,63.71,195.16,-1,-1,-1,-1
22,3,357.22,439.28,64.74,193.82,-1,-1,-1,-1
23,3,356.66,439.62,65.81,193.92,-1,-1,-1,-1
24,3,356.34,441.08,66.08,189.91,-1,-1,-1,-1
25,3,356.98,439.68,65.65,192.90,-1,-1,-1,-1
26,3,357.75,447.89,63.85,191.66,-1,-1,-1,-1
27,3,364.94,440.03,58.14,193.30,-1,-1,-1,-1
28,3,366.56,441.05,59.14,190.41,-1,-1,-1,-1
29,3,367.54,439.40,58.45,193.38,-1,-1,-1,-1
30,3,367.92,440.50,58.53,192.56,-1,-1,-1,-1
31,3,368.29,439.62,58.49,193.87,-1,-1,-1,-1
32,3,369.24,440.93,57.70,192.68,-1,-1,-1,-1
33,3,373.87,441.67,56.38,189.34,-1,-1,-1,-1
34,3,374.80,446.33,58.37,194.30,-1,-1,-1,-1
35,3,376.94,441.83,55.77,190.45,-1,-1,-1,-1
36,3,375.26,448.72,60.03,189.75,-1,-1,-1,-1
37,3,374.51,440.74,62.35,191.37,-1,-1,-1,-1
38,3,372.77,439.24,65.97,193.69,-1,-1,-1,-1
39,3,374.33,441.04,63.73,191.85,-1,-1,-1,-1
40,3,378.56,442.11,63.78,188.13,-1,-1,-1,-1
41,3,379.63,441.25,64.20,190.10,-1,-1,-1,-1
42,3,379.21,447.08,66.07,192.67,-1,-1,-1,-1
43,3,378.05,438.50,69.88,196.88,-1,-1,-1,-1
44,3,378.98,438.99,68.95,194.28,-1,-1,-1,-1
45,3,378.72,437.26,69.51,199.32,-1,-1,-1,-1
46,3,379.55,438.18,68.52,197.20,-1,-1,-1,-1
47,3,383.64,444.32,69.84,198.96,-1,-1,-1,-1
48,3,385.15,444.75,69.64,197.59,-1,-1,-1,-1
49,3,386.01,438.73,69.35,195.41,-1,-1,-1,-1
50,3,384.87,440.16,72.08,192.79,-1,-1,-1,-1
51,3,385.58,438.69,71.64,195.42,-1,-1,-1,-1
52,3,386.70,439.52,70.25,194.79,-1,-1,-1,-1
53,3,386.30,438.21,70.58,196.05,-1,-1,-1,-1
54,3,386.94,438.03,69.91,196.36,-1,-1,-1,-1
55,3,391.60,440.85,68.63,192.60,-1,-1,-1,-1
56,3,391.25,439.13,71.72,196.05,-1,-1,-1,-1
57,3,393.12,439.31,70.48,194.07,-1,-1,-1,-1
58,3,395.10,438.83,68.45,196.08,-1,-1,-1,-1
59,3,395.31,443.23,68.49,200.15,-1,-1,-1,-1
60,3,395.03,443.22,67.88,201.80,-1,-1,-1,-1
61,3,394.77,444.81,68.99,198.30,-1,-1,-1,-1
62,3,400.40,445.96,67.90,194.97,-1,-1,-1,-1
63,3,402.14,446.54,68.64,194.40,-1,-1,-1,-1
64,3,402.84,439.30,69.10,193.97,-1,-1,-1,-1
65,3,401.15,438.79,72.46,194.72,-1,-1,-1,-1
66,3,403.17,438.89,68.90,195.58,-1,-1,-1,-1
67,3,407.93,439.62,68.96,194.55,-1,-1,-1,-1
68,3,409.20,436.81,69.43,199.86,-1,-1,-1,-1
69,3,410.38,436.68,68.41,199.30,-1,-1,-1,-1
70,3,411.09,436.39,68.17,199.15,-1,-1,-1,-1
71,3,410.05,435.27,71.06,201.81,-1,-1,-1,-1
72,3,415.98,440.61,67.98,192.53,-1,-1,-1,-1
73,3,417.37,438.78,66.63,196.60,-1,-1,-1,-1
74,3,417.05,436.87,69.33,198.93,-1,-1,-1,-1
75,3,417.12,434.04,69.60,204.93,-1,-1,-1,-1
76,3,417.65,436.56,69.59,200.10,-1,-1,-1,-1
77,3,417.66,438.04,71.86,197.49,-1,-1,-1,-1
78,3,417.65,438.92,71.29,195.57,-1,-1,-1,-1
79,3,418.75,439.27,70.38,194.93,-1,-1,-1,-1
80,3,419.52,437.90,68.60,197.55,-1,-1,-1,-1
81,3,419.47,436.07,68.84,199.62,-1,-1,-1,-1
82,3,423.95,436.83,69.18,198.02,-1,-1,-1,-1
83,3,425.28,436.33,70.72,199.34,-1,-1,-1,-1
84,3,427.25,437.12,68.06,198.00,-1,-1,-1,-1
85,3,427.63,435.47,67.98,202.53,-1,-1,-1,-1
86,3,427.92,435.78,67.36,202.70,-1,-1,-1,-1
87,3,431.76,436.81,69.14,199.50,-1,-1,-1,-1
88,3,433.25,433.99,70.38,205.22,-1,-1,-1,-1
89,3,433.42,435.06,71.64,202.20,-1,-1,-1,-1
90,3,433.67,435.16,71.48,201.69,-1,-1,-1,-1
91,3,434.61,437.68,70.40,197.52,-1,-1,-1,-1
92,3,439.60,438.39,69.05,196.09,-1,-1,-1,-1
93,3,440.66,435.61,70.68,201.23,-1,-1,-1,-1
94,3,441.34,438.33,70.21,196.26,-1,-1,-1,-1
95,3,443.57,439.11,67.52,196.10,-1,-1,-1,-1
96,3,442.88,435.27,68.76,202.67,-1,-1,-1,-1
97,3,447.81,437.48,68.86,199.24,-1,-1,-1,-1
98,3,448.59,436.00,70.40,201.20,-1,-1,-1,-1
99,3,448.58,442.40,70.07,200.65,-1,-1,-1,-1
100,3,449.67,442.68,69.06,200.49,-1,-1,-1,-1
101,3,449.73,441.56,70.49,203.52,-1,-1,-1,-1
102,3,450.13,443.82,71.01,199.59,-1,-1,-1,-1
103,3,450.54,436.72,70.01,200.54,-1,-1,-1,-1
104,3,450.12,437.35,70.61,198.32,-1,-1,-1,-1
105,3,448.74,435.61,73.21,201.23,-1,-1,-1,-1
106,3,446.21,442.99,78.36,200.96,-1,-1,-1,-1
107,3,454.56,438.34,71.91,196.48,-1,-1,-1,-1
108,3,456.43,437.33,71.85,197.99,-1,-1,-1,-1
109,3,458.86,438.97,69.13,195.84,-1,-1,-1,-1
110,3,458.01,435.33,70.60,202.13,-1,-1,-1,-1
111,3,458.78,438.38,69.09,197.56,-1,-1,-1,-1
112,3,459.23,442.26,68.88,202.00,-1,-1,-1,-1
113,3,459.92,436.86,66.66,199.60,-1,-1,-1,-1
114,3,458.78,434.72,69.47,203.76,-1,-1,-1,-1
115,3,463.61,436.52,69.52,200.74,-1,-1,-1,-1
116,3,465.28,433.53,69.94,205.90,-1,-1,-1,-1
117,3,466.12,436.65,70.58,199.35,-1,-1,-1,-1
118,3,467.22,437.16,68.73,198.96,-1,-1,-1,-1
119,3,467.14,437.82,68.97,197.20,-1,-1,-1,-1
120,3,467.49,438.35,68.50,196.11,-1,-1,-1,-1
121,3,471.95,439.74,68.28,195.09,-1,-1,-1,-1
122,3,473.05,439.61,70.53,193.78,-1,-1,-1,-1
123,3,474.87,437.54,69.42,197.56,-1,-1,-1,-1
124,3,475.35,438.85,68.11,194.71,-1,-1,-1,-1
125,3,474.44,437.89,70.01,197.84,-1,-1,-1,-1
126,3,475.16,438.73,69.13,195.35,-1,-1,-1,-1
127,3,480.23,439.20,68.36,195.10,-1,-1,-1,-1
128,3,480.01,443.97,72.66,199.88,-1,-1,-1,-1
129,3,478.48,443.78,77.59,200.66,-1,-1,-1,-1
130,3,479.37,442.72,76.09,202.31,-1,-1,-1,-1
131,3,478.86,445.21,77.54,197.71,-1,-1,-1,-1
132,3,484.96,443.76,74.72,199.14,-1,-1,-1,-1
133,3,484.85,441.66,77.66,203.53,-1,-1,-1,-1
134,3,485.03,442.98,77.29,200.51,-1,-1,-1,-1
135,3,486.69,442.76,75.85,200.76,-1,-1,-1,-1
136,3,487.46,441.24,75.96,203.33,-1,-1,-1,-1
137,3,488.15,439.40,74.74,207.54,-1,-1,-1,-1
138,3,486.79,438.25,76.17,210.84,-1,-1,-1,-1
139,3,487.48,439.92,76.42,207.27,-1,-1,-1,-1
140,3,488.43,440.65,74.15,205.17,-1,-1,-1,-1
141,3,492.73,441.26,75.18,204.10,-1,-1,-1,-1
142,3,495.07,441.04,75.66,204.07,-1,-1,-1,-1
143,3,495.55,439.75,75.93,206.20,-1,-1,-1,-1
144,3,496.14,440.66,75.02,205.16,-1,-1,-1,-1
145,3,495.96,440.33,75.36,205.81,-1,-1,-1,-1
146,3,501.73,437.81,72.66,197.82,-1,-1,-1,-1
147,3,505.48,442.67,70.65,199.66,-1,-1,-1,-1
148,3,506.33,444.20,69.84,198.23,-1,-1,-1,-1
149,3,507.33,442.56,68.56,201.54,-1,-1,-1,-1
150,3,508.09,437.99,66.79,197.11,-1,-1,-1,-1
151,3,507.01,438.30,68.80,196.53,-1,-1,-1,-1
152,3,511.96,439.82,68.45,194.65,-1,-1,-1,-1
153,3,512.50,437.63,70.32,197.88,-1,-1,-1,-1
154,3,512.73,436.29,70.66,201.39,-1,-1,-1,-1
155,3,513.24,442.36,71.81,201.71,-1,-1,-1,-1
156,3,513.61,442.68,71.80,201.45,-1,-1,-1,-1
157,3,514.78,444.94,70.49,196.89,-1,-1,-1,-1
158,3,519.46,439.67,69.51,194.51,-1,-1,-1,-1
159,3,519.55,439.15,71.70,194.96,-1,-1,-1,-1
160,3,520.06,438.46,71.06,195.93,-1,-1,-1,-1
161,3,520.19,437.82,71.70,196.58,-1,-1,-1,-1
162,3,522.60,437.89,69.80,196.54,-1,-1,-1,-1
163,3,523.26,439.48,69.35,194.72,-1,-1,-1,-1
164,3,522.42,437.39,70.06,198.09,-1,-1,-1,-1
165,3,522.17,438.48,71.05,195.02,-1,-1,-1,-1
166,3,522.46,438.19,70.04,196.92,-1,-1,-1,-1
167,3,528.01,439.55,68.69,195.59,-1,-1,-1,-1
168,3,529.17,436.85,70.65,199.75,-1,-1,-1,-1
169,3,529.78,441.07,71.50,204.67,-1,-1,-1,-1
170,3,531.06,435.24,69.07,203.00,-1,-1,-1,-1
171,3,529.64,437.54,71.92,198.05,-1,-1,-1,-1
172,3,534.56,438.87,71.10,196.13,-1,-1,-1,-1
173,3,535.88,437.68,72.29,196.57,-1,-1,-1,-1
174,3,537.67,437.10,71.09,197.29,-1,-1,-1,-1
175,3,539.45,438.01,68.40,196.83,-1,-1,-1,-1
176,3,538.96,436.60,69.55,199.32,-1,-1,-1,-1
177,3,543.14,436.42,70.32,198.89,-1,-1,-1,-1
178,3,545.33,437.61,69.81,198.14,-1,-1,-1,-1
179,3,545.56,434.57,70.90,203.23,-1,-1,-1,-1
180,3,546.40,434.23,69.47,204.15,-1,-1,-1,-1
181,3,546.63,431.56,69.83,209.38,-1,-1,-1,-1
182,3,549.86,436.19,72.73,200.89,-1,-1,-1,-1
183,3,548.76,434.01,78.18,204.48,-1,-1,-1,-1
184,3,545.86,439.19,84.73,208.69,-1,-1,-1,-1
185,3,547.22,438.72,83.02,209.46,-1,-1,-1,-1
186,3,547.05,439.62,83.31,207.25,-1,-1,-1,-1
187,3,549.42,439.21,80.19,207.68,-1,-1,-1,-1
188,3,548.09,440.28,81.77,206.27,-1,-1,-1,-1
189,3,547.08,439.33,84.47,207.58,-1,-1,-1,-1
190,3,548.76,439.25,80.73,207.76,-1,-1,-1,-1
191,3,548.18,438.09,82.22,210.50,-1,-1,-1,-1
192,3,547.13,437.00,84.28,213.95,-1,-1,-1,-1
193,3,543.27,436.96,91.74,214.64,-1,-1,-1,-1
194,3,545.33,436.35,87.98,214.24,-1,-1,-1,-1
195,3,550.32,432.29,88.79,208.89,-1,-1,-1,-1
196,3,551.85,429.52,89.37,214.18,-1,-1,-1,-1
197,3,556.38,440.22,92.85,205.61,-1,-1,-1,-1
198,3,559.14,438.80,90.40,208.65,-1,-1,-1,-1
199,3,560.60,437.34,88.59,211.44,-1,-1,-1,-1
200,3,560.89,432.14,87.70,208.64,-1,-1,-1,-1
201,3,560.38,433.28,89.55,207.23,-1,-1,-1,-1
202,3,565.27,435.50,90.69,202.48,-1,-1,-1,-1
203,3,567.12,438.67,90.21,208.30,-1,-1,-1,-1
204,3,569.33,430.72,87.09,211.74,-1,-1,-1,-1
205,3,568.26,430.82,89.40,211.19,-1,-1,-1,-1
206,3,572.14,434.09,93.30,204.64,-1,-1,-1,-1
207,3,575.31,431.24,90.14,210.06,-1,-1,-1,-1
208,3,576.89,431.67,87.32,209.83,-1,-1,-1,-1
209,3,577.35,426.00,86.96,220.32,-1,-1,-1,-1
210,3,577.36,429.35,87.07,213.30,-1,-1,-1,-1
211,3,576.68,438.68,88.39,209.16,-1,-1,-1,-1
212,3,576.55,440.15,88.82,206.54,-1,-1,-1,-1
213,3,576.63,439.67,88.54,206.85,-1,-1,-1,-1
214,3,576.96,435.05,88.17,203.79,-1,-1,-1,-1
215,3,577.39,434.31,87.43,204.87,-1,-1,-1,-1
216,3,576.45,437.60,89.66,199.56,-1,-1,-1,-1
217,3,581.52,436.65,90.26,200.67,-1,-1,-1,-1
218,3,583.34,431.24,89.43,210.54,-1,-1,-1,-1
219,3,585.02,439.77,87.42,206.83,-1,-1,-1,-1
220,3,586.38,431.16,85.37,210.71,-1,-1,-1,-1
221,3,588.66,432.44,80.79,207.62,-1,-1,-1,-1
222,3,588.50,440.31,81.57,206.10,-1,-1,-1,-1
223,3,590.36,430.85,77.77,210.76,-1,-1,-1,-1
224,3,591.95,434.71,75.32,202.73,-1,-1,-1,-1
225,3,591.27,449.32,76.30,189.12,-1,-1,-1,-1
226,3,598.52,438.76,71.42,196.29,-1,-1,-1,-1
227,3,601.83,443.78,69.27,198.38,-1,-1,-1,-1
228,3,603.48,440.61,67.51,191.56,-1,-1,-1,-1
229,3,607.50,441.11,60.97,191.45,-1,-1,-1,-1
230,3,605.98,440.97,63.68,190.74,-1,-1,-1,-1
231,3,607.03,440.37,61.83,191.70,-1,-1,-1,-1
232,3,611.64,441.52,61.62,188.97,-1,-1,-1,-1
233,3,613.03,439.61,62.53,193.92,-1,-1,-1,-1
234,3,613.93,440.73,62.74,191.17,-1,-1,-1,-1
235,3,613.58,447.45,64.41,192.61,-1,-1,-1,-1
236,3,614.34,447.92,63.07,191.72,-1,-1,-1,-1
237,3,619.54,442.58,60.72,187.32,-1,-1,-1,-1
238,3,619.84,441.94,61.59,188.14,-1,-1,-1,-1
239,3,619.95,456.05,64.14,175.94,-1,-1,-1,-1
240,3,622.02,440.95,61.81,191.19,-1,-1,-1,-1
241,3,622.03,443.27,61.66,186.01,-1,-1,-1,-1
242,3,622.71,441.50,62.09,190.57,-1,-1,-1,-1
243,3,622.58,439.47,61.77,193.94,-1,-1,-1,-1
244,3,622.73,440.80,62.18,190.61,-1,-1,-1,-1
245,3,623.75,440.70,60.70,192.46,-1,-1,-1,-1
246,3,628.48,441.82,59.69,189.31,-1,-1,-1,-1
247,3,632.34,441.81,57.14,189.56,-1,-1,-1,-1
248,3,632.77,441.72,57.32,189.93,-1,-1,-1,-1
249,3,632.80,441.47,58.13,189.17,-1,-1,-1,-1
250,3,633.46,444.75,56.78,183.95,-1,-1,-1,-1
251,3,634.10,443.78,56.41,184.89,-1,-1,-1,-1
252,3,637.70,442.75,57.79,186.70,-1,-1,-1,-1
253,3,639.14,442.81,57.21,188.37,-1,-1,-1,-1
254,3,639.36,442.81,57.84,187.03,-1,-1,-1,-1
255,3,641.47,443.60,56.06,186.99,-1,-1,-1,-1
256,3,641.32,446.05,56.47,180.62,-1,-1,-1,-1
257,3,641.58,446.03,56.41,180.15,-1,-1,-1,-1
258,3,641.52,442.62,56.83,186.41,-1,-1,-1,-1
259,3,645.98,442.21,55.22,187.31,-1,-1,-1,-1
260,3,647.21,443.78,56.38,184.44,-1,-1,-1,-1
261,3,647.76,448.00,57.90,190.51,-1,-1,-1,-1
262,3,650.05,441.55,56.64,189.86,-1,-1,-1,-1
263,3,652.82,442.15,58.39,187.54,-1,-1,-1,-1
264,3,653.91,443.24,59.16,185.67,-1,-1,-1,-1
265,3,654.38,457.96,59.52,171.41,-1,-1,-1,-1
266,3,656.56,452.48,57.13,182.70,-1,-1,-1,-1
267,3,656.68,455.12,57.02,178.39,-1,-1,-1,-1
268,3,656.68,440.19,56.78,193.61,-1,-1,-1,-1
269,3,657.20,440.62,56.55,191.55,-1,-1,-1,-1
270,3,657.46,440.43,56.46,192.46,-1,-1,-1,-1
271,3,657.80,439.45,56.25,192.42,-1,-1,-1,-1
272,3,661.96,439.18,55.72,195.03,-1,-1,-1,-1
273,3,662.53,439.48,57.31,193.71,-1,-1,-1,-1
274,3,663.06,437.45,57.43,197.54,-1,-1,-1,-1
275,3,663.64,446.75,58.12,194.11,-1,-1,-1,-1
276,3,664.94,439.25,57.36,193.28,-1,-1,-1,-1
277,3,669.69,441.95,55.84,187.14,-1,-1,-1,-1
278,3,670.57,443.45,56.31,184.30,-1,-1,-1,-1
279,3,671.26,440.44,57.13,191.08,-1,-1,-1,-1
280,3,671.74,439.97,56.45,193.03,-1,-1,-1,-1
281,3,671.70,439.13,57.56,193.24,-1,-1,-1,-1
282,3,673.10,440.84,56.96,191.59,-1,-1,-1,-1
283,3,672.96,440.24,57.54,190.90,-1,-1,-1,-1
284,3,674.08,440.34,56.14,191.24,-1,-1,-1,-1
285,3,677.67,439.33,57.43,193.87,-1,-1,-1,-1
286,3,680.15,440.87,56.82,191.10,-1,-1,-1,-1
287,3,680.88,439.52,57.89,193.49,-1,-1,-1,-1
288,3,680.20,440.71,59.33,190.70,-1,-1,-1,-1
289,3,680.14,438.78,60.18,193.13,-1,-1,-1,-1
290,3,682.68,439.63,63.28,193.07,-1,-1,-1,-1
291,3,684.23,439.67,63.69,192.19,-1,-1,-1,-1
292,3,685.94,439.42,62.87,193.30,-1,-1,-1,-1
293,3,686.62,444.77,61.14,195.75,-1,-1,-1,-1
294,3,686.77,440.50,61.09,192.28,-1,-1,-1,-1
295,3,686.05,440.53,62.96,190.45,-1,-1,-1,-1
296,3,686.93,439.72,61.44,194.62,-1,-1,-1,-1
297,3,691.73,440.02,60.51,193.17,-1,-1,-1,-1
298,3,693.07,438.24,59.43,196.77,-1,-1,-1,-1
299,3,695.94,438.83,56.28,194.46,-1,-1,-1,-1
300,3,696.46,441.47,57.20,190.06,-1,-1,-1,-1
301,3,696.19,437.99,58.52,195.41,-1,-1,-1,-1
302,3,697.95,440.00,56.62,192.89,-1,-1,-1,-1
303,3,700.95,440.54,57.87,191.31,-1,-1,-1,-1
304,3,702.44,442.42,56.61,187.87,-1,-1,-1,-1
305,3,702.80,440.62,57.85,190.25,-1,-1,-1,-1
306,3,703.54,441.82,56.37,190.30,-1,-1,-1,-1
307,3,704.07,441.24,57.67,190.50,-1,-1,-1,-1
308,3,704.51,445.42,56.47,194.53,-1,-1,-1,-1
309,3,706.47,441.27,55.24,191.35,-1,-1,-1,-1
310,3,710.62,440.81,54.91,192.41,-1,-1,-1,-1
311,3,711.44,441.25,56.24,189.99,-1,-1,-1,-1
312,3,711.96,440.33,57.41,190.88,-1,-1,-1,-1
313,3,712.66,440.80,56.99,191.57,-1,-1,-1,-1
314,3,712.95,446.34,57.26,193.91,-1,-1,-1,-1
315,3,713.58,448.95,56.85,189.60,-1,-1,-1,-1
316,3,717.39,450.37,57.43,186.83,-1,-1,-1,-1
317,3,718.94,452.54,58.06,182.22,-1,-1,-1,-1
318,3,719.81,442.09,55.81,188.41,-1,-1,-1,-1
319,3,719.39,449.29,57.66,187.54,-1,-1,-1,-1
320,3,721.04,450.30,56.17,186.50,-1,-1,-1,-1
321,3,721.11,446.79,56.64,192.08,-1,-1,-1,-1
322,3,721.91,442.52,56.03,187.92,-1,-1,-1,-1
323,3,721.36,443.14,56.18,187.06,-1,-1,-1,-1
324,3,722.26,442.82,55.35,187.11,-1,-1,-1,-1
325,3,722.75,441.47,54.89,190.27,-1,-1,-1,-1
326,3,725.48,447.96,57.08,191.09,-1,-1,-1,-1
327,3,729.16,450.44,55.69,187.27,-1,-1,-1,-1
328,3,729.37,447.18,57.09,192.19,-1,-1,-1,-1
329,3,729.12,441.33,57.97,190.86,-1,-1,-1,-1
330,3,732.29,448.83,59.60,189.56,-1,-1,-1,-1
331,3,734.53,454.82,58.47,178.99,-1,-1,-1,-1
332,3,735.82,442.44,57.24,188.41,-1,-1,-1,-1
333,3,735.85,447.20,57.97,191.33,-1,-1,-1,-1
334,3,737.48,449.50,55.45,187.85,-1,-1,-1,-1
335,3,736.86,445.07,57.02,194.99,-1,-1,-1,-1
336,3,736.73,442.77,57.55,187.35,-1,-1,-1,-1
337,3,736.82,442.26,58.35,187.91,-1,-1,-1,-1
338,3,737.40,442.69,57.33,187.03,-1,-1,-1,-1
339,3,741.83,439.48,57.19,193.75,-1,-1,-1,-1
340,3,743.51,440.50,57.95,192.10,-1,-1,-1,-1
341,3,743.79,440.88,58.67,191.23,-1,-1,-1,-1
342,3,744.57,440.46,58.00,191.15,-1,-1,-1,-1
343,3,745.08,447.71,58.27,191.31,-1,-1,-1,-1
344,3,749.38,443.34,57.05,185.71,-1,-1,-1,-1
345,3,749.87,443.24,57.05,185.81,-1,-1,-1,-1
346,3,751.32,440.33,56.84,192.17,-1,-1,-1,-1
347,3,752.12,442.23,57.91,187.42,-1,-1,-1,-1
348,3,753.01,444.19,56.53,184.97,-1,-1,-1,-1
349,3,752.25,440.36,58.49,191.49,-1,-1,-1,-1
350,3,752.26,441.56,58.10,190.11,-1,-1,-1,-1
351,3,753.79,441.04,56.60,190.02,-1,-1,-1,-1
352,3,757.49,441.32,57.74,189.94,-1,-1,-1,-1
353,3,759.49,441.00,57.17,190.82,-1,-1,-1,-1
354,3,759.91,441.27,58.86,189.06,-1,-1,-1,-1
355,3,760.28,440.72,58.15,190.45,-1,-1,-1,-1
356,3,759.83,441.90,60.02,188.16,-1,-1,-1,-1
357,3,761.97,439.49,63.79,191.43,-1,-1,-1,-1
358,3,763.75,440.07,62.70,190.44,-1,-1,-1,-1
359,3,764.88,441.63,61.97,189.27,-1,-1,-1,-1
360,3,765.77,440.88,61.91,189.70,-1,-1,-1,-1
361,3,766.35,442.11,61.41,188.16,-1,-1,-1,-1
362,3,766.88,440.79,62.00,191.46,-1,-1,-1,-1
363,3,766.46,440.99,62.61,190.24,-1,-1,-1,-1
364,3,766.66,442.02,63.05,188.42,-1,-1,-1,-1
365,3,770.44,440.49,63.83,191.54,-1,-1,-1,-1
366,3,772.40,441.05,63.01,190.74,-1,-1,-1,-1
367,3,773.19,440.97,63.17,190.22,-1,-1,-1,-1
368,3,772.49,438.25,65.79,195.41,-1,-1,-1,-1
369,3,772.58,437.84,65.95,197.26,-1,-1,-1,-1
370,3,773.46,439.67,64.59,193.38,-1,-1,-1,-1
371,3,773.44,439.79,65.24,191.57,-1,-1,-1,-1
372,3,778.67,438.96,63.43,192.76,-1,-1,-1,-1
373,3,780.46,444.96,62.35,196.22,-1,-1,-1,-1
374,3,783.05,441.65,59.46,191.29,-1,-1,-1,-1
375,3,784.41,440.47,57.16,190.02,-1,-1,-1,-1
376,3,785.13,441.69,56.49,190.97,-1,-1,-1,-1
377,3,784.47,439.40,58.36,193.03,-1,-1,-1,-1
378,3,786.07,442.15,56.23,188.47,-1,-1,-1,-1
379,3,789.37,440.34,56.92,190.74,-1,-1,-1,-1
380,3,790.14,444.84,56.93,196.30,-1,-1,-1,-1
381,3,791.94,443.17,56.69,199.84,-1,-1,-1,-1
382,3,792.95,451.61,57.17,184.50,-1,-1,-1,-1
383,3,793.72,440.84,56.85,191.81,-1,-1,-1,-1
384,3,797.16,443.47,56.81,184.07,-1,-1,-1,-1
385,3,797.80,443.91,56.66,182.94,-1,-1,-1,-1
386,3,798.00,445.40,58.71,181.06,-1,-1,-1,-1
387,3,798.83,440.34,59.13,189.28,-1,-1,-1,-1
388,3,798.80,444.42,58.69,197.20,-1,-1,-1,-1
389,3,800.29,443.60,57.67,198.96,-1,-1,-1,-1
390,3,801.52,441.38,56.14,190.86,-1,-1,-1,-1
391,3,800.70,442.24,58.88,201.93,-1,-1,-1,-1
392,3,806.12,443.45,56.76,198.40,-1,-1,-1,-1
393,3,807.07,443.92,57.34,198.69,-1,-1,-1,-1
394,3,808.27,445.10,57.10,195.87,-1,-1,-1,-1
395,3,808.64,441.24,57.44,190.13,-1,-1,-1,-1
396,3,807.64,439.74,60.26,193.60,-1,-1,-1,-1
397,3,805.30,440.29,65.41,192.33,-1,-1,-1,-1
398,3,810.79,441.90,62.46,188.48,-1,-1,-1,-1
399,3,812.83,441.51,61.04,189.50,-1,-1,-1,-1
400,3,812.73,440.65,61.84,191.01,-1,-1,-1,-1
401,3,812.51,441.14,62.74,190.77,-1,-1,-1,-1
402,3,814.04,440.71,61.74,193.21,-1,-1,-1,-1
403,3,813.27,440.75,64.25,192.49,-1,-1,-1,-1
404,3,814.66,440.10,62.57,192.64,-1,-1,-1,-1
405,3,814.89,440.19,62.44,193.78,-1,-1,-1,-1
406,3,819.96,440.94,60.67,191.85,-1,-1,-1,-1
407,3,819.95,439.53,64.54,193.27,-1,-1,-1,-1
408,3,820.28,440.03,65.66,193.35,-1,-1,-1,-1
409,3,820.30,440.01,66.35,193.29,-1,-1,-1,-1
410,3,818.47,445.32,70.66,181.99,-1,-1,-1,-1
411,3,816.39,437.77,73.81,196.62,-1,-1,-1,-1
412,3,823.77,441.53,69.30,189.35,-1,-1,-1,-1
413,3,825.15,439.15,70.04,193.18,-1,-1,-1,-1
414,3,826.72,440.13,67.85,191.56,-1,-1,-1,-1
415,3,829.54,448.77,63.17,189.40,-1,-1,-1,-1
416,3,830.54,442.01,61.86,189.37,-1,-1,-1,-1
417,3,830.02,441.50,63.81,188.39,-1,-1,-1,-1
418,3,835.71,441.76,60.26,188.71,-1,-1,-1,-1
419,3,835.42,440.40,62.86,191.48,-1,-1,-1,-1
420,3,835.86,438.81,64.12,194.71,-1,-1,-1,-1
421,3,836.66,438.61,64.85,195.05,-1,-1,-1,-1
422,3,838.06,448.52,63.90,189.83,-1,-1,-1,-1
423,3,842.51,440.86,62.92,189.24,-1,-1,-1,-1
424,3,843.42,442.36,62.65,186.62,-1,-1,-1,-1
425,3,843.37,440.23,64.65,190.53,-1,-1,-1,-1
426,3,844.54,441.03,63.63,190.02,-1,-1,-1,-1
427,3,845.52,439.39,63.68,191.68,-1,-1,-1,-1
428,3,845.60,440.07,63.54,190.85,-1,-1,-1,-1
429,3,846.45,440.00,62.55,191.79,-1,-1,-1,-1
430,3,846.92,439.24,62.03,194.88,-1,-1,-1,-1
431,3,847.65,439.91,61.09,192.74,-1,-1,-1,-1
432,3,851.78,438.63,61.74,194.90,-1,-1,-1,-1
433,3,853.21,439.81,62.61,192.32,-1,-1,-1,-1
434,3,852.72,437.79,64.83,195.98,-1,-1,-1,-1
435,3,853.96,438.32,63.20,196.13,-1,-1,-1,-1
436,3,853.43,438.77,65.09,194.35,-1,-1,-1,-1
437,3,853.81,439.87,64.83,191.67,-1,-1,-1,-1
438,3,857.99,441.15,64.46,190.17,-1,-1,-1,-1
439,3,860.34,440.45,62.70,190.68,-1,-1,-1,-1
440,3,860.99,441.55,62.55,189.64,-1,-1,-1,-1
441,3,861.92,441.36,62.95,190.66,-1,-1,-1,-1
442,3,863.39,440.17,61.09,193.63,-1,-1,-1,-1
443,3,863.87,440.57,60.63,192.09,-1,-1,-1,-1
444,3,867.87,440.05,60.62,192.82,-1,-1,-1,-1
445,3,867.77,440.40,63.91,190.97,-1,-1,-1,-1
446,3,869.03,439.74,62.64,192.83,-1,-1,-1,-1
447,3,869.73,439.13,63.47,195.01,-1,-1,-1,-1
448,3,869.39,441.02,64.27,191.60,-1,-1,-1,-1
449,3,869.85,438.96,64.84,193.95,-1,-1,-1,-1
450,3,874.55,440.48,63.25,192.23,-1,-1,-1,-1
451,3,876.22,441.23,63.37,190.44,-1,-1,-1,-1
452,3,876.86,440.99,62.39,189.48,-1,-1,-1,-1
453,3,877.57,440.07,62.00,191.91,-1,-1,-1,-1
454,3,878.57,442.13,60.98,188.98,-1,-1,-1,-1
455,3,878.81,440.72,60.95,191.84,-1,-1,-1,-1
456,3,877.89,439.15,63.70,193.48,-1,-1,-1,-1
457,3,883.56,439.65,60.53,192.37,-1,-1,-1,-1
458,3,884.50,440.04,60.89,191.17,-1,-1,-1,-1
459,3,884.50,438.17,63.48,196.13,-1,-1,-1,-1
460,3,885.29,439.60,63.28,194.73,-1,-1,-1,-1
461,3,885.85,439.44,63.12,193.65,-1,-1,-1,-1
462,3,885.05,439.89,66.29,194.04,-1,-1,-1,-1
463,3,887.01,439.41,70.32,194.91,-1,-1,-1,-1
464,3,888.97,438.34,69.45,195.32,-1,-1,-1,-1
465,3,889.53,438.98,69.52,194.62,-1,-1,-1,-1
466,3,890.05,439.19,69.16,193.02,-1,-1,-1,-1
467,3,891.17,439.29,67.68,193.74,-1,-1,-1,-1
468,3,891.31,440.22,67.00,194.33,-1,-1,-1,-1
469,3,891.61,440.97,68.32,191.04,-1,-1,-1,-1
470,3,892.30,439.26,67.59,195.60,-1,-1,-1,-1
471,3,896.86,439.39,67.18,193.83,-1,-1,-1,-1
472,3,897.83,438.09,68.59,196.70,-1,-1,-1,-1
473,3,897.66,443.92,70.03,198.79,-1,-1,-1,-1
474,3,899.07,446.83,68.44,194.26,-1,-1,-1,-1
475,3,899.28,438.29,68.26,197.36,-1,-1,-1,-1
476,3,897.38,438.24,72.06,197.19,-1,-1,-1,-1
477,3,903.32,439.25,69.74,193.30,-1,-1,-1,-1
478,3,905.55,440.49,68.60,191.72,-1,-1,-1,-1
479,3,905.49,438.02,68.54,195.77,-1,-1,-1,-1
480,3,906.40,438.85,67.68,195.85,-1,-1,-1,-1
481,3,907.29,444.78,67.16,196.47,-1,-1,-1,-1
482,3,907.64,440.37,67.61,192.81,-1,-1,-1,-1
483,3,908.11,440.19,66.80,193.41,-1,-1,-1,-1
484,3,906.90,440.27,69.50,191.98,-1,-1,-1,-1
485,3,907.42,440.18,68.53,192.06,-1,-1,-1,-1
486,3,907.86,440.87,67.94,190.94,-1,-1,-1,-1
487,3,915.75,440.66,60.98,192.49,-1,-1,-1,-1
488,3,915.93,438.82,65.21,195.06,-1,-1,-1,-1
489,3,916.30,445.30,66.42,196.58,-1,-1,-1,-1
490,3,915.50,449.16,68.82,189.64,-1,-1,-1,-1
491,3,921.13,439.94,65.65,192.88,-1,-1,-1,-1
492,3,923.60,440.42,62.24,191.24,-1,-1,-1,-1
493,3,924.56,441.58,62.28,191.23,-1,-1,-1,-1
494,3,924.20,438.89,62.87,194.63,-1,-1,-1,-1
495,3,924.18,440.57,64.07,191.60,-1,-1,-1,-1
496,3,926.01,440.67,62.19,192.78,-1,-1,-1,-1
497,3,926.08,440.82,63.74,189.20,-1,-1,-1,-1
498,3,926.51,439.79,63.01,191.78,-1,-1,-1,-1
499,3,931.47,437.90,61.70,196.48,-1,-1,-1,-1
500,3,932.45,437.18,62.54,197.88,-1,-1,-1,-1
1,4,179.85,456.55,64.25,188.42,-1,-1,-1,-1
2,4,178.72,450.30,66.45,191.45,-1,-1,-1,-1
3,4,180.29,448.89,63.50,191.20,-1,-1,-1,-1
4,4,180.71,449.26,64.92,190.80,-1,-1,-1,-1
5,4,180.96,448.22,64.74,190.37,-1,-1,-1,-1
6,4,181.54,449.59,65.14,188.92,-1,-1,-1,-1
7,4,186.81,451.72,62.56,185.51,-1,-1,-1,-1
8,4,186.99,450.04,65.44,189.06,-1,-1,-1,-1
9,4,187.22,449.15,64.61,190.16,-1,-1,-1,-1
10,4,187.82,449.53,64.56,188.34,-1,-1,-1,-1
11,4,188.12,448.10,66.52,194.18,-1,-1,-1,-1
12,4,186.29,448.90,71.22,192.91,-1,-1,-1,-1
13,4,184.42,448.05,73.08,195.46,-1,-1,-1,-1
14,4,186.00,449.17,71.53,191.19,-1,-1,-1,-1
15,4,186.49,447.71,70.89,191.04,-1,-1,-1,-1
16,4,190.75,448.19,70.59,193.61,-1,-1,-1,-1
17,4,193.98,448.37,70.14,195.31,-1,-1,-1,-1
18,4,194.13,447.24,71.05,191.99,-1,-1,-1,-1
19,4,194.93,447.00,70.20,191.50,-1,-1,-1,-1
20,4,199.53,448.32,68.84,189.76,-1,-1,-1,-1
21,4,199.75,450.53,70.24,190.33,-1,-1,-1,-1
22,4,201.55,455.22,70.46,190.05,-1,-1,-1,-1
23,4,202.35,448.39,69.47,193.03,-1,-1,-1,-1
24,4,202.15,446.33,70.72,193.69,-1,-1,-1,-1
25,4,202.25,446.42,71.07,193.05,-1,-1,-1,-1
26,4,201.14,448.98,73.17,193.82,-1,-1,-1,-1
27,4,207.51,449.74,69.14,190.61,-1,-1,-1,-1
28,4,209.20,449.59,69.81,190.83,-1,-1,-1,-1
29,4,210.04,448.52,68.99,192.38,-1,-1,-1,-1
30,4,209.99,447.24,69.94,191.45,-1,-1,-1,-1
31,4,210.35,448.64,70.30,195.47,-1,-1,-1,-1
32,4,210.48,449.95,69.93,192.08,-1,-1,-1,-1
33,4,211.23,450.22,69.19,189.74,-1,-1,-1,-1
34,4,216.87,451.11,65.84,187.74,-1,-1,-1,-1
35,4,219.34,450.73,63.39,187.51,-1,-1,-1,-1
36,4,220.22,449.41,64.62,192.21,-1,-1,-1,-1
37,4,220.68,447.25,66.04,191.24,-1,-1,-1,-1
38,4,220.45,448.83,66.79,192.27,-1,-1,-1,-1
39,4,217.78,448.94,71.59,193.65,-1,-1,-1,-1
40,4,218.03,448.97,71.31,194.00,-1,-1,-1,-1
41,4,218.44,447.10,70.66,191.54,-1,-1,-1,-1
42,4,222.42,448.34,71.55,193.95,-1,-1,-1,-1
43,4,225.66,447.40,68.47,191.97,-1,-1,-1,-1
44,4,225.34,446.21,70.04,193.52,-1,-1,-1,-1
45,4,225.86,448.88,70.91,193.04,-1,-1,-1,-1
46,4,226.67,449.54,69.89,191.45,-1,-1,-1,-1
47,4,232.85,450.55,67.15,190.37,-1,-1,-1,-1
48,4,235.34,449.23,63.99,189.26,-1,-1,-1,-1
49,4,235.53,448.84,64.98,191.48,-1,-1,-1,-1
50,4,236.58,450.39,65.52,190.92,-1,-1,-1,-1
51,4,235.92,448.36,66.35,192.98,-1,-1,-1,-1
52,4,234.34,449.31,71.19,191.81,-1,-1,-1,-1
53,4,234.69,449.62,70.50,189.75,-1,-1,-1,-1
54,4,233.78,449.45,71.03,192.12,-1,-1,-1,-1
55,4,234.10,448.94,70.46,189.90,-1,-1,-1,-1
56,4,233.10,448.79,73.03,192.02,-1,-1,-1,-1
57,4,238.94,448.59,71.85,190.76,-1,-1,-1,-1
58,4,241.60,446.53,69.85,192.47,-1,-1,-1,-1
59,4,243.04,446.99,69.06,192.02,-1,-1,-1,-1
60,4,243.35,446.81,68.60,192.56,-1,-1,-1,-1
61,4,241.54,448.23,71.33,190.61,-1,-1,-1,-1
62,4,248.50,446.93,68.15,192.29,-1,-1,-1,-1
63,4,248.65,448.23,70.80,194.46,-1,-1,-1,-1
64,4,250.48,446.80,69.65,194.77,-1,-1,-1,-1
65,4,250.26,447.26,70.29,192.89,-1,-1,-1,-1
66,4,248.84,448.26,72.45,193.80,-1,-1,-1,-1
67,4,254.77,447.83,70.58,192.45,-1,-1,-1,-1
68,4,257.17,447.98,68.92,193.86,-1,-1,-1,-1
69,4,257.95,446.71,69.40,194.88,-1,-1,-1,-1
70,4,258.49,446.37,69.87,194.00,-1,-1,-1,-1
71,4,258.70,447.69,69.99,195.50,-1,-1,-1,-1
72,4,258.80,445.91,69.62,192.97,-1,-1,-1,-1
73,4,258.67,447.77,70.61,192.65,-1,-1,-1,-1
74,4,259.25,447.60,69.35,191.54,-1,-1,-1,-1
75,4,264.57,447.16,66.86,191.76,-1,-1,-1,-1
76,4,268.45,448.47,64.42,190.84,-1,-1,-1,-1
77,4,268.78,447.81,66.31,192.55,-1,-1,-1,-1
78,4,265.43,447.02,71.75,192.71,-1,-1,-1,-1
79,4,266.28,446.30,70.82,193.09,-1,-1,-1,-1
80,4,265.13,449.01,72.62,190.81,-1,-1,-1,-1
81,4,266.07,446.55,71.22,192.30,-1,-1,-1,-1
82,4,271.70,447.06,69.96,194.11,-1,-1,-1,-1
83,4,273.94,448.09,69.54,191.43,-1,-1,-1,-1
84,4,273.93,447.41,71.37,192.33,-1,-1,-1,-1
85,4,274.98,447.75,69.57,192.63,-1,-1,-1,-1
86,4,274.68,445.96,69.12,193.39,-1,-1,-1,-1
87,4,275.27,447.94,69.63,191.81,-1,-1,-1,-1
88,4,280.03,447.66,68.80,191.34,-1,-1,-1,-1
89,4,282.04,446.61,68.94,192.98,-1,-1,-1,-1
90,4,281.99,446.55,70.12,195.22,-1,-1,-1,-1
91,4,281.85,445.93,70.98,195.70,-1,-1,-1,-1
92,4,281.94,446.46,71.60,195.26,-1,-1,-1,-1
93,4,281.69,447.26,71.63,193.89,-1,-1,-1,-1
94,4,281.50,447.93,72.00,192.72,-1,-1,-1,-1
95,4,281.92,447.97,71.80,192.96,-1,-1,-1,-1
96,4,281.83,447.83,71.38,194.35,-1,-1,-1,-1
97,4,287.89,446.04,69.10,194.23,-1,-1,-1,-1
98,4,290.21,446.71,68.83,195.74,-1,-1,-1,-1
99,4,290.95,447.72,69.16,194.82,-1,-1,-1,-1
100,4,291.54,448.08,68.83,192.45,-1,-1,-1,-1
101,4,291.55,447.17,68.27,191.00,-1,-1,-1,-1
102,4,296.30,447.32,68.01,193.01,-1,-1,-1,-1
103,4,296.59,446.28,70.39,193.95,-1,-1,-1,-1
104,4,296.76,446.70,71.14,194.03,-1,-1,-1,-1
105,4,296.78,447.24,71.71,196.35,-1,-1,-1,-1
106,4,297.09,447.63,71.67,195.61,-1,-1,-1,-1
107,4,297.92,446.04,71.26,194.43,-1,-1,-1,-1
108,4,297.44,448.50,71.81,192.34,-1,-1,-1,-1
109,4,297.63,448.73,71.98,193.66,-1,-1,-1,-1
110,4,298.29,447.98,70.65,193.08,-1,-1,-1,-1
111,4,297.71,448.45,71.43,191.40,-1,-1,-1,-1
112,4,303.23,447.38,71.37,193.82,-1,-1,-1,-1
113,4,306.67,447.14,68.42,191.90,-1,-1,-1,-1
114,4,307.13,448.31,68.37,190.37,-1,-1,-1,-1
115,4,307.49,447.93,68.59,191.45,-1,-1,-1,-1
116,4,312.47,447.23,68.03,192.91,-1,-1,-1,-1
117,4,313.48,446.70,69.83,195.26,-1,-1,-1,-1
118,4,314.24,447.63,70.06,193.88,-1,-1,-1,-1
119,4,314.21,448.06,70.27,193.19,-1,-1,-1,-1
120,4,313.93,448.26,70.97,193.65,-1,-1,-1,-1
121,4,314.45,447.57,70.25,192.30,-1,-1,-1,-1
122,4,314.27,447.95,70.73,193.55,-1,-1,-1,-1
123,4,319.88,447.28,69.37,193.70,-1,-1,-1,-1
124,4,322.64,447.74,68.13,195.08,-1,-1,-1,-1
125,4,322.72,447.99,69.33,193.43,-1,-1,-1,-1
126,4,323.80,448.63,68.55,192.00,-1,-1,-1,-1
127,4,328.07,449.27,68.61,189.57,-1,-1,-1,-1
128,4,329.09,454.24,70.00,192.37,-1,-1,-1,-1
129,4,329.57,448.42,70.28,194.17,-1,-1,-1,-1
130,4,330.67,447.86,69.72,191.73,-1,-1,-1,-1
131,4,329.48,447.00,71.47,194.33,-1,-1,-1,-1
132,4,330.58,446.58,71.13,193.15,-1,-1,-1,-1
133,4,334.49,448.92,71.03,193.07,-1,-1,-1,-1
134,4,337.06,448.01,69.62,191.89,-1,-1,-1,-1
135,4,336.76,448.74,70.01,191.83,-1,-1,-1,-1
136,4,336.91,448.24,70.84,193.53,-1,-1,-1,-1
137,4,339.11,447.56,69.67,192.13,-1,-1,-1,-1
138,4,337.68,445.48,70.83,195.07,-1,-1,-1,-1
139,4,339.05,447.32,69.70,194.32,-1,-1,-1,-1
140,4,339.07,448.91,69.68,193.25,-1,-1,-1,-1
141,4,338.32,449.16,70.79,193.31,-1,-1,-1,-1
142,4,344.82,448.08,67.11,192.33,-1,-1,-1,-1
143,4,346.08,446.13,69.91,194.47,-1,-1,-1,-1
144,4,345.95,445.31,71.44,195.36,-1,-1,-1,-1
145,4,344.83,447.01,73.00,193.89,-1,-1,-1,-1
146,4,345.00,445.99,73.59,194.23,-1,-1,-1,-1
147,4,351.11,448.67,70.49,193.42,-1,-1,-1,-1
148,4,354.09,448.29,69.33,191.88,-1,-1,-1,-1
149,4,354.03,448.15,71.19,195.01,-1,-1,-1,-1
150,4,354.31,444.80,71.32,195.87,-1,-1,-1,-1
151,4,353.33,446.10,73.25,195.81,-1,-1,-1,-1
152,4,360.22,448.09,67.21,192.70,-1,-1,-1,-1
153,4,360.26,446.40,68.62,193.33,-1,-1,-1,-1
154,4,360.56,447.34,70.89,192.63,-1,-1,-1,-1
155,4,361.97,446.74,70.45,192.72,-1,-1,-1,-1
156,4,362.34,445.52,70.74,195.22,-1,-1,-1,-1
157,4,362.18,444.09,71.37,196.96,-1,-1,-1,-1
158,4,360.77,446.85,73.19,193.23,-1,-1,-1,-1
159,4,361.96,447.71,71.82,191.48,-1,-1,-1,-1
160,4,360.78,448.46,73.43,192.17,-1,-1,-1,-1
161,4,361.32,448.28,73.02,195.04,-1,-1,-1,-1
162,4,367.31,446.51,69.94,194.86,-1,-1,-1,-1
163,4,369.69,444.87,69.53,196.01,-1,-1,-1,-1
164,4,369.45,446.92,72.00,195.79,-1,-1,-1,-1
165,4,370.28,448.21,70.73,193.44,-1,-1,-1,-1
166,4,371.35,448.27,69.21,192.88,-1,-1,-1,-1
167,4,375.96,449.40,68.19,191.91,-1,-1,-1,-1
168,4,377.00,454.46,70.19,192.38,-1,-1,-1,-1
169,4,378.60,447.28,68.95,194.55,-1,-1,-1,-1
170,4,378.23,446.46,70.53,195.49,-1,-1,-1,-1
171,4,378.50,446.62,70.25,196.73,-1,-1,-1,-1
172,4,377.68,447.52,72.26,194.93,-1,-1,-1,-1
173,4,377.64,448.08,72.47,195.23,-1,-1,-1,-1
174,4,378.27,447.50,71.18,194.31,-1,-1,-1,-1
175,4,383.79,445.23,69.53,196.29,-1,-1,-1,-1
176,4,384.36,446.48,71.71,196.51,-1,-1,-1,-1
177,4,385.23,445.70,72.72,196.67,-1,-1,-1,-1
178,4,385.48,445.82,72.19,196.12,-1,-1,-1,-1
179,4,386.48,447.00,70.81,194.82,-1,-1,-1,-1
180,4,386.42,447.98,70.95,192.74,-1,-1,-1,-1
181,4,387.21,446.96,69.72,194.08,-1,-1,-1,-1
182,4,391.54,447.61,71.80,194.86,-1,-1,-1,-1
183,4,393.08,445.48,71.17,196.38,-1,-1,-1,-1
184,4,392.43,446.97,72.99,197.44,-1,-1,-1,-1
185,4,393.60,446.80,71.50,193.62,-1,-1,-1,-1
186,4,393.03,445.85,72.72,194.86,-1,-1,-1,-1
187,4,394.31,446.24,71.35,194.04,-1,-1,-1,-1
188,4,393.27,447.41,71.85,194.32,-1,-1,-1,-1
189,4,393.08,448.95,72.74,194.58,-1,-1,-1,-1
190,4,399.76,447.17,69.32,193.03,-1,-1,-1,-1
191,4,400.63,448.39,70.45,195.42,-1,-1,-1,-1
192,4,400.60,447.56,71.65,193.53,-1,-1,-1,-1
193,4,401.66,448.77,71.42,193.92,-1,-1,-1,-1
194,4,403.23,446.90,68.95,192.04,-1,-1,-1,-1
195,4,402.28,447.46,70.75,191.73,-1,-1,-1,-1
196,4,407.89,448.57,69.30,192.85,-1,-1,-1,-1
197,4,408.80,446.63,71.48,193.95,-1,-1,-1,-1
198,4,409.09,447.09,72.42,192.84,-1,-1,-1,-1
199,4,409.52,447.87,71.86,191.95,-1,-1,-1,-1
200,4,408.89,445.68,72.80,195.34,-1,-1,-1,-1
201,4,408.26,447.95,73.81,192.74,-1,-1,-1,-1
202,4,415.34,446.62,70.41,194.47,-1,-1,-1,-1
203,4,416.38,447.57,71.89,195.87,-1,-1,-1,-1
204,4,417.66,448.03,71.44,196.29,-1,-1,-1,-1
205,4,417.72,445.72,70.97,194.83,-1,-1,-1,-1
206,4,418.48,447.39,70.90,193.55,-1,-1,-1,-1
207,4,419.09,447.91,69.85,192.82,-1,-1,-1,-1
208,4,424.17,448.40,68.46,191.53,-1,-1,-1,-1
209,4,424.69,447.60,70.09,192.93,-1,-1,-1,-1
210,4,425.58,445.82,70.48,195.05,-1,-1,-1,-1
211,4,424.78,447.55,72.11,196.26,-1,-1,-1,-1
212,4,425.47,448.02,71.91,193.09,-1,-1,-1,-1
213,4,425.30,445.43,72.47,195.31,-1,-1,-1,-1
214,4,424.96,448.01,72.53,194.71,-1,-1,-1,-1
215,4,425.59,448.16,71.74,195.39,-1,-1,-1,-1
216,4,431.18,448.01,70.72,193.27,-1,-1,-1,-1
217,4,433.05,447.40,71.04,193.87,-1,-1,-1,-1
218,4,434.02,448.44,70.36,194.23,-1,-1,-1,-1
219,4,434.38,448.75,70.04,192.28,-1,-1,-1,-1
220,4,434.19,449.22,70.61,190.64,-1,-1,-1,-1
221,4,433.33,449.33,72.18,192.53,-1,-1,-1,-1
222,4,440.83,448.84,66.65,191.13,-1,-1,-1,-1
223,4,445.05,448.74,64.08,189.87,-1,-1,-1,-1
224,4,444.46,447.07,66.38,192.56,-1,-1,-1,-1
225,4,440.62,446.46,73.09,193.53,-1,-1,-1,-1
226,4,441.53,448.32,72.03,192.53,-1,-1,-1,-1
227,4,441.04,448.22,73.33,195.03,-1,-1,-1,-1
228,4,442.85,447.52,70.37,192.64,-1,-1,-1,-1
229,4,447.30,448.10,70.70,194.89,-1,-1,-1,-1
230,4,449.59,446.62,69.96,194.41,-1,-1,-1,-1
231,4,448.94,448.29,73.01,195.39,-1,-1,-1,-1
232,4,455.82,449.62,68.15,189.09,-1,-1,-1,-1
233,4,456.40,450.49,68.93,188.72,-1,-1,-1,-1
234,4,456.73,448.18,69.69,190.55,-1,-1,-1,-1
235,4,456.97,449.90,71.02,190.89,-1,-1,-1,-1
236,4,457.61,447.59,70.69,191.75,-1,-1,-1,-1
237,4,457.99,445.71,71.47,194.42,-1,-1,-1,-1
238,4,457.41,446.24,72.07,193.72,-1,-1,-1,-1
239,4,456.43,447.08,73.89,192.43,-1,-1,-1,-1
240,4,457.67,448.80,72.05,191.93,-1,-1,-1,-1
241,4,457.13,447.79,73.26,190.59,-1,-1,-1,-1
242,4,463.20,448.05,70.37,193.16,-1,-1,-1,-1
243,4,465.23,448.30,71.05,192.51,-1,-1,-1,-1
244,4,466.23,448.16,70.64,194.71,-1,-1,-1,-1
245,4,466.03,449.09,71.11,193.23,-1,-1,-1,-1
246,4,467.04,448.99,69.76,191.08,-1,-1,-1,-1
247,4,471.94,451.11,67.96,187.09,-1,-1,-1,-1
248,4,475.78,450.93,63.12,189.29,-1,-1,-1,-1
249,4,476.36,450.02,64.49,190.83,-1,-1,-1,-1
250,4,477.11,447.82,64.96,190.61,-1,-1,-1,-1
251,4,476.43,447.27,67.23,192.20,-1,-1,-1,-1
252,4,479.95,448.67,68.36,189.96,-1,-1,-1,-1
253,4,480.72,448.63,68.79,191.51,-1,-1,-1,-1
254,4,480.78,447.45,70.59,191.04,-1,-1,-1,-1
255,4,480.73,447.95,71.76,193.08,-1,-1,-1,-1
256,4,481.44,448.81,71.35,193.23,-1,-1,-1,-1
257,4,482.08,447.90,71.30,192.25,-1,-1,-1,-1
258,4,482.07,447.39,71.38,193.62,-1,-1,-1,-1
259,4,481.54,449.74,72.70,191.86,-1,-1,-1,-1
260,4,488.75,447.57,66.14,191.33,-1,-1,-1,-1
261,4,490.70,449.79,64.70,188.91,-1,-1,-1,-1
262,4,492.93,448.21,64.66,190.21,-1,-1,-1,-1
263,4,492.42,446.02,66.66,193.94,-1,-1,-1,-1
264,4,490.16,446.39,71.15,193.95,-1,-1,-1,-1
265,4,489.65,447.85,71.92,194.22,-1,-1,-1,-1
266,4,489.31,448.67,72.54,191.61,-1,-1,-1,-1
267,4,495.14,447.97,70.11,192.85,-1,-1,-1,-1
268,4,496.97,447.52,70.12,193.49,-1,-1,-1,-1
269,4,498.07,445.03,70.33,196.02,-1,-1,-1,-1
270,4,496.96,445.59,71.92,196.70,-1,-1,-1,-1
271,4,497.60,446.97,72.05,195.03,-1,-1,-1,-1
272,4,498.74,449.04,70.59,192.73,-1,-1,-1,-1
273,4,504.70,446.48,66.67,193.31,-1,-1,-1,-1
274,4,504.72,446.56,70.06,192.57,-1,-1,-1,-1
275,4,505.26,445.13,70.21,195.28,-1,-1,-1,-1
276,4,505.95,448.72,70.34,193.42,-1,-1,-1,-1
277,4,507.04,446.31,70.14,193.61,-1,-1,-1,-1
278,4,511.62,447.20,68.77,193.65,-1,-1,-1,-1
279,4,512.75,446.79,69.15,192.79,-1,-1,-1,-1
280,4,513.15,446.98,68.88,195.09,-1,-1,-1,-1
281,4,513.43,448.13,68.87,193.34,-1,-1,-1,-1
282,4,514.97,446.11,68.21,194.63,-1,-1,-1,-1
283,4,514.08,444.02,71.05,197.71,-1,-1,-1,-1
284,4,514.22,447.53,70.83,195.12,-1,-1,-1,-1
285,4,514.81,449.12,70.64,192.88,-1,-1,-1,-1
286,4,521.22,447.24,65.75,192.30,-1,-1,-1,-1
287,4,524.34,448.22,64.69,191.39,-1,-1,-1,-1
288,4,524.84,448.15,65.35,190.23,-1,-1,-1,-1
289,4,525.01,449.81,66.28,190.76,-1,-1,-1,-1
290,4,530.34,448.11,62.76,191.80,-1,-1,-1,-1
291,4,531.19,447.66,63.11,191.73,-1,-1,-1,-1
292,4,532.11,451.80,64.14,187.97,-1,-1,-1,-1
293,4,533.60,450.51,63.19,188.39,-1,-1,-1,-1
294,4,533.44,450.19,63.76,189.61,-1,-1,-1,-1
295,4,533.53,449.34,63.87,190.14,-1,-1,-1,-1
296,4,533.53,450.41,65.01,191.77,-1,-1,-1,-1
297,4,539.10,449.10,61.56,189.34,-1,-1,-1,-1
298,4,538.04,449.02,64.27,189.42,-1,-1,-1,-1
299,4,538.63,448.27,65.25,189.88,-1,-1,-1,-1
300,4,539.49,449.86,65.17,188.58,-1,-1,-1,-1
301,4,540.70,451.48,64.23,187.81,-1,-1,-1,-1
302,4,541.72,448.15,64.30,190.84,-1,-1,-1,-1
303,4,541.29,447.99,64.78,192.19,-1,-1,-1,-1
304,4,541.39,448.62,65.20,192.26,-1,-1,-1,-1
305,4,540.91,447.72,66.31,191.44,-1,-1,-1,-1
306,4,546.11,450.27,63.88,190.77,-1,-1,-1,-1
307,4,549.20,450.33,63.37,189.09,-1,-1,-1,-1
308,4,549.58,449.01,63.58,191.38,-1,-1,-1,-1
309,4,549.80,453.06,64.18,194.33,-1,-1,-1,-1
310,4,549.00,448.83,65.90,192.90,-1,-1,-1,-1
311,4,549.34,448.58,65.60,191.71,-1,-1,-1,-1
312,4,554.62,449.51,63.11,187.76,-1,-1,-1,-1
313,4,555.41,448.56,65.74,189.30,-1,-1,-1,-1
314,4,556.48,448.17,65.42,190.45,-1,-1,-1,-1
315,4,557.02,450.63,65.19,189.72,-1,-1,-1,-1
316,4,557.42,448.67,65.05,190.59,-1,-1,-1,-1
317,4,557.02,448.66,66.18,193.92,-1,-1,-1,-1
318,4,559.21,448.41,69.53,191.80,-1,-1,-1,-1
319,4,560.07,448.91,69.26,191.84,-1,-1,-1,-1
320,4,561.15,452.32,69.30,195.56,-1,-1,-1,-1
321,4,559.81,449.04,72.73,192.01,-1,-1,-1,-1
322,4,562.39,448.10,70.37,193.01,-1,-1,-1,-1
323,4,562.85,447.89,69.21,194.55,-1,-1,-1,-1
324,4,562.25,448.68,71.26,195.38,-1,-1,-1,-1
325,4,562.75,446.23,69.76,194.66,-1,-1,-1,-1
326,4,562.94,448.57,70.41,193.76,-1,-1,-1,-1
327,4,568.20,449.81,69.22,190.15,-1,-1,-1,-1
328,4,570.03,448.86,68.96,191.22,-1,-1,-1,-1
329,4,570.78,454.04,69.49,193.72,-1,-1,-1,-1
330,4,571.53,446.54,68.72,195.15,-1,-1,-1,-1
331,4,570.79,447.24,70.72,197.60,-1,-1,-1,-1
332,4,575.80,449.83,69.81,191.18,-1,-1,-1,-1
333,4,576.83,449.59,70.18,191.52,-1,-1,-1,-1
334,4,578.25,447.00,68.73,193.48,-1,-1,-1,-1
335,4,577.19,447.94,72.16,194.68,-1,-1,-1,-1
336,4,578.49,447.42,69.96,195.33,-1,-1,-1,-1
337,4,584.28,446.93,67.01,193.23,-1,-1,-1,-1
338,4,583.52,449.10,70.25,192.49,-1,-1,-1,-1
339,4,584.86,449.53,69.85,190.90,-1,-1,-1,-1
340,4,584.55,449.64,70.94,190.62,-1,-1,-1,-1
341,4,585.30,449.64,71.44,190.66,-1,-1,-1,-1
342,4,586.82,448.82,69.51,192.29,-1,-1,-1,-1
343,4,586.66,447.88,70.74,192.68,-1,-1,-1,-1
344,4,592.03,447.22,68.36,192.22,-1,-1,-1,-1
345,4,593.40,449.27,68.61,193.36,-1,-1,-1,-1
346,4,593.20,449.03,70.04,191.22,-1,-1,-1,-1
347,4,594.14,449.30,70.20,192.28,-1,-1,-1,-1
348,4,594.35,449.74,70.09,192.57,-1,-1,-1,-1
349,4,594.71,446.47,70.51,193.84,-1,-1,-1,-1
350,4,593.47,452.17,72.53,195.44,-1,-1,-1,-1
351,4,593.24,448.65,73.53,193.52,-1,-1,-1,-1
352,4,600.03,450.10,69.08,189.87,-1,-1,-1,-1
353,4,602.06,451.11,68.17,189.72,-1,-1,-1,-1
354,4,601.76,449.30,70.85,189.30,-1,-1,-1,-1
355,4,601.21,449.91,72.58,190.87,-1,-1,-1,-1
356,4,602.68,449.33,70.86,189.47,-1,-1,-1,-1
357,4,608.45,447.77,67.51,191.36,-1,-1,-1,-1
358,4,612.22,449.21,63.06,191.16,-1,-1,-1,-1
359,4,612.60,450.52,62.60,191.16,-1,-1,-1,-1
360,4,612.94,454.17,62.91,193.15,-1,-1,-1,-1
361,4,611.45,449.73,67.18,191.77,-1,-1,-1,-1
362,4,614.10,448.03,64.00,191.57,-1,-1,-1,-1
363,4,618.82,449.70,61.98,191.13,-1,-1,-1,-1
364,4,619.22,450.51,62.40,187.99,-1,-1,-1,-1
365,4,618.89,451.29,64.00,189.04,-1,-1,-1,-1
366,4,618.48,450.88,66.54,187.66,-1,-1,-1,-1
367,4,620.13,451.86,65.31,186.10,-1,-1,-1,-1
368,4,620.64,450.28,65.38,189.22,-1,-1,-1,-1
369,4,620.91,449.06,66.23,191.13,-1,-1,-1,-1
370,4,626.03,449.87,63.61,190.73,-1,-1,-1,-1
371,4,626.80,449.40,63.20,191.30,-1,-1,-1,-1
372,4,628.18,450.66,64.13,189.09,-1,-1,-1,-1
373,4,628.48,455.83,65.11,190.13,-1,-1,-1,-1
374,4,627.20,450.70,67.73,190.05,-1,-1,-1,-1
375,4,629.16,450.77,64.28,188.82,-1,-1,-1,-1
376,4,629.50,449.41,64.22,190.64,-1,-1,-1,-1
377,4,629.37,449.37,65.15,190.33,-1,-1,-1,-1
378,4,629.99,449.58,64.48,190.38,-1,-1,-1,-1
379,4,634.92,449.52,61.64,187.85,-1,-1,-1,-1
380,4,634.82,451.19,63.92,187.51,-1,-1,-1,-1
381,4,635.43,449.73,65.85,187.90,-1,-1,-1,-1
382,4,637.17,450.20,64.85,190.11,-1,-1,-1,-1
383,4,636.86,455.86,65.74,189.68,-1,-1,-1,-1
384,4,636.74,455.38,66.75,191.73,-1,-1,-1,-1
385,4,640.79,449.32,65.71,191.20,-1,-1,-1,-1
386,4,642.89,455.51,63.03,190.67,-1,-1,-1,-1
387,4,643.93,449.58,65.26,191.55,-1,-1,-1,-1
388,4,646.05,454.17,62.85,192.36,-1,-1,-1,-1
389,4,645.27,452.76,64.60,194.49,-1,-1,-1,-1
390,4,644.05,449.12,67.52,192.76,-1,-1,-1,-1
391,4,642.34,447.69,70.77,194.96,-1,-1,-1,-1
392,4,648.75,449.65,66.58,190.29,-1,-1,-1,-1
393,4,650.97,449.30,65.68,189.08,-1,-1,-1,-1
394,4,652.51,450.80,64.60,188.06,-1,-1,-1,-1
395,4,651.95,450.28,66.92,191.02,-1,-1,-1,-1
396,4,653.58,456.10,64.99,189.48,-1,-1,-1,-1
397,4,657.56,447.98,65.07,195.21,-1,-1,-1,-1
398,4,659.40,449.85,64.82,190.39,-1,-1,-1,-1
399,4,659.51,449.24,64.84,189.95,-1,-1,-1,-1
400,4,660.30,448.63,64.03,191.14,-1,-1,-1,-1
401,4,660.94,453.92,64.22,192.37,-1,-1,-1,-1
402,4,660.08,449.79,67.36,192.36,-1,-1,-1,-1
403,4,658.12,448.42,71.06,194.50,-1,-1,-1,-1
404,4,658.97,447.68,69.35,192.35,-1,-1,-1,-1
405,4,658.27,448.48,70.73,193.18,-1,-1,-1,-1
406,4,659.42,449.33,69.30,189.92,-1,-1,-1,-1
407,4,664.37,449.84,68.45,188.06,-1,-1,-1,-1
408,4,665.24,449.55,70.21,189.88,-1,-1,-1,-1
409,4,666.98,454.47,69.64,191.93,-1,-1,-1,-1
410,4,666.02,449.89,70.64,190.27,-1,-1,-1,-1
411,4,666.01,448.44,71.17,191.20,-1,-1,-1,-1
412,4,671.59,453.26,69.13,194.18,-1,-1,-1,-1
413,4,671.20,449.61,72.77,191.62,-1,-1,-1,-1
414,4,673.95,449.18,68.47,190.22,-1,-1,-1,-1
415,4,674.06,454.52,69.95,191.26,-1,-1,-1,-1
416,4,673.95,450.43,70.55,189.12,-1,-1,-1,-1
417,4,673.74,452.52,71.40,196.33,-1,-1,-1,-1
418,4,671.75,449.55,74.57,190.87,-1,-1,-1,-1
419,4,671.10,448.31,76.11,195.12,-1,-1,-1,-1
420,4,671.16,448.73,76.34,194.25,-1,-1,-1,-1
421,4,672.06,455.59,75.32,190.15,-1,-1,-1,-1
422,4,676.47,448.59,76.05,192.03,-1,-1,-1,-1
423,4,678.67,448.72,75.13,191.20,-1,-1,-1,-1
424,4,678.82,448.69,76.59,192.86,-1,-1,-1,-1
425,4,679.51,447.53,75.93,197.04,-1,-1,-1,-1
426,4,679.19,448.64,76.33,191.77,-1,-1,-1,-1
427,4,678.59,452.82,77.58,195.40,-1,-1,-1,-1
428,4,679.38,453.39,76.72,194.70,-1,-1,-1,-1
429,4,683.86,447.94,77.25,195.44,-1,-1,-1,-1
430,4,686.44,448.01,75.24,194.64,-1,-1,-1,-1
431,4,687.80,447.80,74.54,192.51,-1,-1,-1,-1
432,4,687.71,449.21,75.45,192.42,-1,-1,-1,-1
433,4,687.73,449.33,75.45,192.36,-1,-1,-1,-1
434,4,688.55,449.47,73.93,191.41,-1,-1,-1,-1
435,4,696.81,449.23,67.19,189.80,-1,-1,-1,-1
436,4,700.87,448.54,64.52,191.01,-1,-1,-1,-1
437,4,701.10,447.83,65.96,192.14,-1,-1,-1,-1
438,4,706.27,454.35,63.54,192.33,-1,-1,-1,-1
439,4,706.71,454.05,66.09,192.63,-1,-1,-1,-1
440,4,704.03,448.96,71.39,192.26,-1,-1,-1,-1
441,4,704.34,454.55,70.41,193.97,-1,-1,-1,-1
442,4,704.55,449.24,72.78,192.43,-1,-1,-1,-1
443,4,706.08,448.70,70.24,193.05,-1,-1,-1,-1
444,4,705.73,448.31,71.69,194.03,-1,-1,-1,-1
445,4,706.57,449.47,70.26,191.29,-1,-1,-1,-1
446,4,707.99,449.68,67.94,189.49,-1,-1,-1,-1
447,4,715.21,451.78,62.63,187.56,-1,-1,-1,-1
448,4,715.88,456.45,65.95,190.82,-1,-1,-1,-1
449,4,717.73,448.83,64.25,193.24,-1,-1,-1,-1
450,4,716.87,448.67,65.74,192.93,-1,-1,-1,-1
451,4,716.46,448.70,66.57,192.88,-1,-1,-1,-1
452,4,714.37,448.98,71.23,192.74,-1,-1,-1,-1
453,4,714.26,449.16,71.20,193.66,-1,-1,-1,-1
454,4,714.78,454.44,70.41,192.93,-1,-1,-1,-1
455,4,719.82,447.82,69.10,193.73,-1,-1,-1,-1
456,4,721.93,449.12,69.40,193.80,-1,-1,-1,-1
457,4,722.01,449.38,71.39,191.78,-1,-1,-1,-1
458,4,723.70,448.79,68.95,190.55,-1,-1,-1,-1
459,4,728.92,450.40,67.03,187.99,-1,-1,-1,-1
460,4,731.54,450.00,64.85,187.98,-1,-1,-1,-1
461,4,732.83,451.52,63.63,187.64,-1,-1,-1,-1
462,4,733.49,449.79,64.71,191.94,-1,-1,-1,-1
463,4,733.19,448.10,65.50,192.25,-1,-1,-1,-1
464,4,733.21,448.37,65.97,190.74,-1,-1,-1,-1
465,4,737.86,448.82,65.02,193.00,-1,-1,-1,-1
466,4,739.95,450.08,64.32,189.99,-1,-1,-1,-1
467,4,740.09,454.07,66.32,193.26,-1,-1,-1,-1
468,4,737.81,448.02,70.90,192.71,-1,-1,-1,-1
469,4,738.63,448.00,69.97,195.52,-1,-1,-1,-1
470,4,739.49,446.25,68.83,194.67,-1,-1,-1,-1
471,4,737.80,447.74,71.88,195.72,-1,-1,-1,-1
472,4,743.50,454.08,69.24,193.05,-1,-1,-1,-1
473,4,745.25,453.24,69.62,194.46,-1,-1,-1,-1
474,4,746.13,453.45,69.90,194.38,-1,-1,-1,-1
475,4,746.51,447.40,69.24,194.83,-1,-1,-1,-1
476,4,745.51,445.72,71.85,194.84,-1,-1,-1,-1
477,4,746.04,445.65,71.91,195.16,-1,-1,-1,-1
478,4,745.84,445.84,72.30,194.50,-1,-1,-1,-1
479,4,750.92,447.33,70.40,194.77,-1,-1,-1,-1
480,4,753.88,447.98,68.75,194.14,-1,-1,-1,-1
481,4,753.88,452.88,70.04,195.75,-1,-1,-1,-1
482,4,753.38,446.22,71.63,197.32,-1,-1,-1,-1
483,4,754.48,447.29,69.87,195.97,-1,-1,-1,-1
484,4,755.12,445.66,69.46,195.87,-1,-1,-1,-1
485,4,755.11,447.45,69.64,197.47,-1,-1,-1,-1
486,4,759.88,448.52,68.08,193.88,-1,-1,-1,-1
487,4,761.60,448.99,68.19,193.30,-1,-1,-1,-1
488,4,762.25,446.45,69.12,193.71,-1,-1,-1,-1
489,4,762.45,447.03,70.24,197.31,-1,-1,-1,-1
490,4,762.03,448.18,70.97,195.15,-1,-1,-1,-1
491,4,762.42,445.74,70.54,197.29,-1,-1,-1,-1
492,4,762.83,447.00,70.28,195.51,-1,-1,-1,-1
493,4,767.85,447.31,68.49,194.75,-1,-1,-1,-1
494,4,769.75,445.86,69.10,195.45,-1,-1,-1,-1
495,4,769.79,452.97,70.26,195.42,-1,-1,-1,-1
496,4,768.78,446.14,72.89,197.59,-1,-1,-1,-1
497,4,769.35,447.36,72.42,197.30,-1,-1,-1,-1
498,4,770.38,446.90,70.84,195.26,-1,-1,-1,-1
499,4,771.41,446.70,69.40,195.46,-1,-1,-1,-1
500,4,775.97,448.10,68.79,193.20,-1,-1,-1,-1
