1,1,926.12,437.32,73.33,197.43,-1,-1,-1,-1
2,1,928.12,438.37,71.80,200.08,-1,-1,-1,-1
3,1,928.60,440.71,71.81,202.11,-1,-1,-1,-1
4,1,930.04,443.80,70.57,200.05,-1,-1,-1,-1
5,1,930.20,449.64,71.05,199.49,-1,-1,-1,-1
6,1,930.39,457.81,71.74,198.78,-1,-1,-1,-1
7,1,935.03,458.05,70.20,198.74,-1,-1,-1,-1
8,1,937.15,460.52,68.73,197.21,-1,-1,-1,-1
9,1,936.53,466.51,70.07,198.65,-1,-1,-1,-1
10,1,936.89,470.72,70.19,199.25,-1,-1,-1,-1
11,1,937.78,475.81,68.61,199.70,-1,-1,-1,-1
12,1,938.40,476.65,69.21,200.59,-1,-1,-1,-1
13,1,938.84,477.29,69.29,200.00,-1,-1,-1,-1
14,1,939.14,483.55,70.48,200.56,-1,-1,-1,-1
15,1,943.75,483.82,68.62,200.86,-1,-1,-1,-1
16,1,945.30,490.88,68.62,200.04,-1,-1,-1,-1
17,1,945.54,496.85,68.81,201.66,-1,-1,-1,-1
18,1,945.79,500.87,69.97,201.59,-1,-1,-1,-1
19,1,946.05,501.38,71.02,202.46,-1,-1,-1,-1
20,1,945.92,508.72,71.65,200.59,-1,-1,-1,-1
21,1,947.11,509.95,70.06,200.69,-1,-1,-1,-1
22,1,951.28,510.80,70.21,199.16,-1,-1,-1,-1
23,1,952.64,516.97,69.70,201.06,-1,-1,-1,-1
24,1,953.88,517.09,68.40,197.94,-1,-1,-1,-1
25,1,953.24,517.51,71.00,202.28,-1,-1,-1,-1
26,1,953.60,523.23,69.98,200.78,-1,-1,-1,-1
27,1,953.45,533.58,70.37,201.11,-1,-1,-1,-1
28,1,953.53,531.85,71.17,199.47,-1,-1,-1,-1
29,1,954.52,534.17,69.99,200.18,-1,-1,-1,-1
30,1,958.28,541.11,71.02,203.54,-1,-1,-1,-1
31,1,959.87,546.17,68.63,203.26,-1,-1,-1,-1
32,1,960.89,545.71,68.59,201.66,-1,-1,-1,-1
33,1,960.00,553.27,70.62,202.25,-1,-1,-1,-1
34,1,961.63,556.14,67.78,202.65,-1,-1,-1,-1
35,1,961.24,556.97,69.05,201.83,-1,-1,-1,-1
36,1,961.22,564.52,70.41,201.02,-1,-1,-1,-1
37,1,962.29,565.18,70.37,200.29,-1,-1,-1,-1
38,1,963.34,570.17,69.84,201.72,-1,-1,-1,-1
39,1,967.57,571.85,69.09,202.04,-1,-1,-1,-1
40,1,969.22,578.59,69.76,199.75,-1,-1,-1,-1
41,1,969.49,578.66,69.05,201.47,-1,-1,-1,-1
42,1,968.92,578.65,70.69,201.27,-1,-1,-1,-1
43,1,969.21,587.58,70.64,203.00,-1,-1,-1,-1
44,1,970.13,586.73,69.71,202.56,-1,-1,-1,-1
45,1,971.27,587.21,67.93,202.46,-1,-1,-1,-1
46,1,971.43,598.19,69.83,201.21,-1,-1,-1,-1
47,1,972.57,594.78,67.45,201.35,-1,-1,-1,-1
48,1,974.81,603.13,71.37,201.14,-1,-1,-1,-1
49,1,978.29,602.16,65.78,203.37,-1,-1,-1,-1
50,1,979.36,610.28,64.44,203.01,-1,-1,-1,-1
51,1,979.07,612.26,65.40,201.55,-1,-1,-1,-1
52,1,979.95,612.23,65.08,200.84,-1,-1,-1,-1
53,1,980.20,612.56,66.04,200.05,-1,-1,-1,-1
54,1,981.73,619.85,72.62,201.30,-1,-1,-1,-1
55,1,981.58,625.77,75.82,201.74,-1,-1,-1,-1
56,1,983.57,622.51,73.28,199.76,-1,-1,-1,-1
57,1,983.52,629.54,73.66,202.07,-1,-1,-1,-1
58,1,983.14,628.89,74.58,201.84,-1,-1,-1,-1
59,1,982.71,632.05,75.86,203.66,-1,-1,-1,-1
60,1,985.02,635.18,73.60,206.55,-1,-1,-1,-1
61,1,984.49,635.65,73.57,205.35,-1,-1,-1,-1
62,1,985.67,641.56,72.52,201.76,-1,-1,-1,-1
63,1,984.96,641.83,73.66,203.58,-1,-1,-1,-1
64,1,987.67,647.97,76.90,204.64,-1,-1,-1,-1
65,1,990.67,644.84,74.08,203.04,-1,-1,-1,-1
66,1,991.44,648.49,73.44,203.87,-1,-1,-1,-1
67,1,992.25,652.67,73.23,203.46,-1,-1,-1,-1
68,1,992.50,657.95,73.80,201.59,-1,-1,-1,-1
69,1,991.88,655.82,74.91,204.46,-1,-1,-1,-1
70,1,992.71,665.60,74.78,201.62,-1,-1,-1,-1
71,1,996.15,663.31,75.33,205.81,-1,-1,-1,-1
72,1,997.49,666.64,74.93,202.03,-1,-1,-1,-1
73,1,998.41,673.38,74.43,202.51,-1,-1,-1,-1
74,1,998.04,668.72,75.78,203.33,-1,-1,-1,-1
75,1,998.25,671.90,75.45,204.03,-1,-1,-1,-1
76,1,998.76,680.03,75.56,203.10,-1,-1,-1,-1
77,1,1000.07,674.71,73.52,202.81,-1,-1,-1,-1
78,1,1001.45,681.15,73.20,205.02,-1,-1,-1,-1
79,1,1005.15,680.42,73.66,206.58,-1,-1,-1,-1
80,1,1006.72,682.89,72.34,204.22,-1,-1,-1,-1
81,1,1006.24,688.57,74.04,203.38,-1,-1,-1,-1
82,1,1007.09,690.12,73.53,201.73,-1,-1,-1,-1
83,1,1007.00,692.06,73.90,200.81,-1,-1,-1,-1
84,1,1007.58,692.69,74.05,201.79,-1,-1,-1,-1
85,1,1008.81,692.66,73.40,201.70,-1,-1,-1,-1
86,1,1012.39,692.36,75.08,202.55,-1,-1,-1,-1
87,1,1012.28,701.10,76.35,202.72,-1,-1,-1,-1
88,1,1014.84,697.06,73.16,202.81,-1,-1,-1,-1
89,1,1014.59,704.91,74.58,203.59,-1,-1,-1,-1
90,1,1014.24,700.80,75.62,203.46,-1,-1,-1,-1
91,1,1015.65,704.81,74.45,203.69,-1,-1,-1,-1
92,1,1015.40,708.05,75.58,204.96,-1,-1,-1,-1
93,1,1015.22,707.32,75.31,203.08,-1,-1,-1,-1
94,1,1016.72,708.57,74.70,203.84,-1,-1,-1,-1
95,1,1020.38,712.83,75.89,207.28,-1,-1,-1,-1
96,1,1022.96,712.74,73.86,206.59,-1,-1,-1,-1
97,1,1022.38,710.94,74.52,207.11,-1,-1,-1,-1
98,1,1023.40,712.13,73.20,207.30,-1,-1,-1,-1
99,1,1024.47,711.20,72.85,207.05,-1,-1,-1,-1
100,1,1024.94,712.39,73.25,206.01,-1,-1,-1,-1
101,1,1025.14,714.72,73.17,204.00,-1,-1,-1,-1
102,1,1028.05,721.29,75.79,202.64,-1,-1,-1,-1
103,1,1029.80,722.93,73.49,203.16,-1,-1,-1,-1
104,1,1030.33,721.82,74.03,203.33,-1,-1,-1,-1
105,1,1030.56,721.81,73.44,203.75,-1,-1,-1,-1
106,1,1029.26,727.54,76.75,204.04,-1,-1,-1,-1
107,1,1030.51,727.26,74.00,203.82,-1,-1,-1,-1
108,1,1030.91,723.33,74.21,202.80,-1,-1,-1,-1
109,1,1032.11,726.74,74.43,205.47,-1,-1,-1,-1
110,1,1032.98,724.09,73.82,201.76,-1,-1,-1,-1
111,1,1033.96,729.87,72.56,204.82,-1,-1,-1,-1
112,1,1037.29,728.50,74.82,205.24,-1,-1,-1,-1
113,1,1040.35,729.36,70.06,205.24,-1,-1,-1,-1
114,1,1042.61,727.12,67.39,204.44,-1,-1,-1,-1
115,1,1043.38,728.02,66.78,205.28,-1,-1,-1,-1
116,1,1043.24,731.02,69.11,203.49,-1,-1,-1,-1
117,1,1043.64,735.64,68.63,204.34,-1,-1,-1,-1
118,1,1046.55,733.31,70.73,202.33,-1,-1,-1,-1
119,1,1048.57,731.21,68.04,202.50,-1,-1,-1,-1
120,1,1049.59,732.25,68.57,201.41,-1,-1,-1,-1
121,1,1049.89,731.62,67.66,201.05,-1,-1,-1,-1
122,1,1049.66,731.38,68.51,203.35,-1,-1,-1,-1
123,1,1049.63,737.03,69.76,202.70,-1,-1,-1,-1
124,1,1049.71,730.70,70.90,203.62,-1,-1,-1,-1
125,1,1050.71,736.99,69.71,203.35,-1,-1,-1,-1
126,1,1050.84,737.77,70.43,201.84,-1,-1,-1,-1
127,1,1052.95,732.89,67.48,203.08,-1,-1,-1,-1
128,1,1055.80,731.05,68.83,204.00,-1,-1,-1,-1
129,1,1057.71,729.51,66.63,204.57,-1,-1,-1,-1
130,1,1057.87,730.72,67.66,204.71,-1,-1,-1,-1
131,1,1057.75,735.18,68.61,205.49,-1,-1,-1,-1
132,1,1059.20,735.41,68.30,204.51,-1,-1,-1,-1
133,1,1059.22,733.57,69.32,201.69,-1,-1,-1,-1
134,1,1062.80,732.82,69.93,202.27,-1,-1,-1,-1
135,1,1064.54,736.22,68.31,202.67,-1,-1,-1,-1
136,1,1064.91,729.06,68.48,202.65,-1,-1,-1,-1
137,1,1065.12,729.28,67.94,202.67,-1,-1,-1,-1
138,1,1065.18,728.15,68.54,202.80,-1,-1,-1,-1
139,1,1064.95,727.51,69.21,203.30,-1,-1,-1,-1
140,1,1065.34,727.79,70.35,203.23,-1,-1,-1,-1
141,1,1066.45,724.64,69.45,200.94,-1,-1,-1,-1
142,1,1067.25,727.50,69.82,205.36,-1,-1,-1,-1
143,1,1071.24,724.02,68.89,203.97,-1,-1,-1,-1
144,1,1072.95,723.52,67.23,201.79,-1,-1,-1,-1
145,1,1073.41,722.51,66.71,202.57,-1,-1,-1,-1
146,1,1072.38,724.82,71.05,203.50,-1,-1,-1,-1
147,1,1073.57,724.66,68.43,202.32,-1,-1,-1,-1
148,1,1074.31,720.78,69.16,201.53,-1,-1,-1,-1
149,1,1075.76,720.19,68.12,202.89,-1,-1,-1,-1
150,1,1078.65,717.26,70.52,201.97,-1,-1,-1,-1
151,1,1080.21,722.19,68.24,202.85,-1,-1,-1,-1
152,1,1082.19,716.53,67.30,200.97,-1,-1,-1,-1
153,1,1082.10,719.73,67.91,203.30,-1,-1,-1,-1
154,1,1081.37,720.04,70.56,203.16,-1,-1,-1,-1
155,1,1082.61,712.12,68.32,204.60,-1,-1,-1,-1
156,1,1081.84,711.12,70.65,204.61,-1,-1,-1,-1
157,1,1082.21,708.23,70.17,201.85,-1,-1,-1,-1
158,1,1082.81,709.18,70.74,202.58,-1,-1,-1,-1
159,1,1087.50,706.31,68.89,204.14,-1,-1,-1,-1
160,1,1089.14,708.10,66.63,201.74,-1,-1,-1,-1
161,1,1088.25,700.90,69.66,203.12,-1,-1,-1,-1
162,1,1089.55,706.02,67.91,204.01,-1,-1,-1,-1
163,1,1090.11,697.18,67.83,204.54,-1,-1,-1,-1
164,1,1091.12,700.36,68.62,203.17,-1,-1,-1,-1
165,1,1091.26,700.31,68.93,202.57,-1,-1,-1,-1
166,1,1095.68,697.78,68.16,202.13,-1,-1,-1,-1
167,1,1096.40,695.46,67.50,203.83,-1,-1,-1,-1
168,1,1098.08,692.46,66.93,200.98,-1,-1,-1,-1
169,1,1096.89,694.28,68.89,200.60,-1,-1,-1,-1
170,1,1096.79,692.17,69.38,202.03,-1,-1,-1,-1
171,1,1097.35,690.71,68.83,201.21,-1,-1,-1,-1
172,1,1099.03,681.71,67.29,203.62,-1,-1,-1,-1
173,1,1098.93,683.46,68.64,204.44,-1,-1,-1,-1
174,1,1100.21,677.21,68.35,200.61,-1,-1,-1,-1
175,1,1103.90,676.81,67.64,201.76,-1,-1,-1,-1
176,1,1105.20,672.46,67.11,203.43,-1,-1,-1,-1
177,1,1105.71,675.02,66.20,201.53,-1,-1,-1,-1
178,1,1105.56,676.33,68.49,202.10,-1,-1,-1,-1
179,1,1105.59,667.05,68.61,202.69,-1,-1,-1,-1
180,1,1107.25,663.56,67.55,204.51,-1,-1,-1,-1
181,1,1107.50,667.24,68.86,203.01,-1,-1,-1,-1
182,1,1112.15,660.94,67.17,201.64,-1,-1,-1,-1
183,1,1112.30,658.67,68.90,199.61,-1,-1,-1,-1
184,1,1113.91,661.95,67.95,199.30,-1,-1,-1,-1
185,1,1113.95,652.83,67.37,199.07,-1,-1,-1,-1
186,1,1114.01,653.42,68.18,202.14,-1,-1,-1,-1
187,1,1114.02,647.24,68.75,205.19,-1,-1,-1,-1
188,1,1114.36,644.87,69.97,202.83,-1,-1,-1,-1
189,1,1114.32,644.82,70.11,200.62,-1,-1,-1,-1
190,1,1118.76,639.25,69.94,205.23,-1,-1,-1,-1
191,1,1120.28,636.27,67.40,204.47,-1,-1,-1,-1
192,1,1120.75,636.85,67.77,202.01,-1,-1,-1,-1
193,1,1121.87,637.11,66.30,201.18,-1,-1,-1,-1
194,1,1121.68,629.67,68.49,200.11,-1,-1,-1,-1
195,1,1121.21,629.74,68.82,199.40,-1,-1,-1,-1
196,1,1122.00,621.79,69.29,200.43,-1,-1,-1,-1
197,1,1123.32,621.10,68.36,200.46,-1,-1,-1,-1
198,1,1127.76,615.90,67.86,203.30,-1,-1,-1,-1
199,1,1128.63,612.98,67.27,201.25,-1,-1,-1,-1
200,1,1129.62,613.81,67.84,199.66,-1,-1,-1,-1
201,1,1129.80,606.18,67.53,200.87,-1,-1,-1,-1
202,1,1129.66,608.91,68.76,200.91,-1,-1,-1,-1
203,1,1130.20,602.13,68.01,202.63,-1,-1,-1,-1
204,1,1130.22,597.23,69.01,200.19,-1,-1,-1,-1
205,1,1130.54,600.40,69.39,201.61,-1,-1,-1,-1
206,1,1132.43,597.73,67.89,199.98,-1,-1,-1,-1
207,1,1136.18,586.84,67.40,204.21,-1,-1,-1,-1
208,1,1137.41,592.15,66.03,203.98,-1,-1,-1,-1
209,1,1137.25,586.17,67.39,203.24,-1,-1,-1,-1
210,1,1138.56,583.82,66.96,202.67,-1,-1,-1,-1
211,1,1138.54,575.63,67.78,203.91,-1,-1,-1,-1
212,1,1139.06,579.54,68.30,200.32,-1,-1,-1,-1
213,1,1138.29,573.29,70.10,200.55,-1,-1,-1,-1
214,1,1140.34,570.87,67.76,200.78,-1,-1,-1,-1
215,1,1144.16,564.90,67.41,201.62,-1,-1,-1,-1
216,1,1144.65,563.39,68.26,199.53,-1,-1,-1,-1
217,1,1145.98,560.98,67.56,200.47,-1,-1,-1,-1
218,1,1145.65,558.10,68.63,200.83,-1,-1,-1,-1
219,1,1145.66,550.14,68.66,201.31,-1,-1,-1,-1
220,1,1146.32,543.95,69.16,203.17,-1,-1,-1,-1
221,1,1146.12,547.82,69.28,199.44,-1,-1,-1,-1
222,1,1147.44,538.62,69.44,202.24,-1,-1,-1,-1
223,1,1151.45,538.35,69.21,204.19,-1,-1,-1,-1
224,1,1153.43,537.46,68.28,203.04,-1,-1,-1,-1
225,1,1153.87,533.07,66.30,198.41,-1,-1,-1,-1
226,1,1153.41,531.68,67.88,200.96,-1,-1,-1,-1
227,1,1154.17,521.56,68.00,203.79,-1,-1,-1,-1
228,1,1155.04,521.73,68.58,203.75,-1,-1,-1,-1
229,1,1155.54,517.03,67.87,199.67,-1,-1,-1,-1
230,1,1158.34,514.94,71.14,198.88,-1,-1,-1,-1
231,1,1160.56,513.86,68.39,199.63,-1,-1,-1,-1
232,1,1161.74,502.15,67.98,199.85,-1,-1,-1,-1
233,1,1162.28,502.26,66.62,198.21,-1,-1,-1,-1
234,1,1161.13,501.40,69.38,199.26,-1,-1,-1,-1
235,1,1161.35,499.04,69.91,199.50,-1,-1,-1,-1
236,1,1162.84,490.70,68.32,202.07,-1,-1,-1,-1
237,1,1162.10,485.12,70.17,199.09,-1,-1,-1,-1
238,1,1163.55,487.21,69.85,199.00,-1,-1,-1,-1
239,1,1167.86,477.36,68.19,202.68,-1,-1,-1,-1
240,1,1169.09,476.33,68.03,201.18,-1,-1,-1,-1
241,1,1169.67,473.27,68.43,202.57,-1,-1,-1,-1
242,1,1169.85,467.82,68.03,200.21,-1,-1,-1,-1
243,1,1168.73,462.54,71.46,199.99,-1,-1,-1,-1
244,1,1170.06,462.35,70.38,198.89,-1,-1,-1,-1
245,1,1170.57,456.11,69.64,202.92,-1,-1,-1,-1
246,1,1170.76,453.17,70.64,198.30,-1,-1,-1,-1
247,1,1173.94,450.52,72.74,199.57,-1,-1,-1,-1
248,1,1175.58,450.53,73.62,198.54,-1,-1,-1,-1
249,1,1175.31,441.46,74.06,200.89,-1,-1,-1,-1
250,1,1175.81,442.99,73.24,199.59,-1,-1,-1,-1
251,1,1175.12,439.02,75.12,197.63,-1,-1,-1,-1
252,1,1177.06,430.64,73.34,199.97,-1,-1,-1,-1
253,1,1176.88,429.68,73.49,197.46,-1,-1,-1,-1
254,1,1182.29,425.48,71.51,200.07,-1,-1,-1,-1
255,1,1185.48,421.58,68.47,197.76,-1,-1,-1,-1
256,1,1185.82,422.56,68.09,195.96,-1,-1,-1,-1
257,1,1183.98,414.22,71.85,198.27,-1,-1,-1,-1
258,1,1184.15,405.69,72.00,201.05,-1,-1,-1,-1
259,1,1182.61,408.06,75.87,204.05,-1,-1,-1,-1
260,1,1182.49,397.82,76.57,199.62,-1,-1,-1,-1
261,1,1184.02,398.16,75.29,199.02,-1,-1,-1,-1
262,1,1184.08,396.05,75.85,197.25,-1,-1,-1,-1
263,1,1188.60,388.03,75.11,200.07,-1,-1,-1,-1
264,1,1188.87,386.17,77.66,201.20,-1,-1,-1,-1
265,1,1189.41,385.24,76.29,201.01,-1,-1,-1,-1
266,1,1189.12,382.07,76.89,199.61,-1,-1,-1,-1
267,1,1189.04,372.65,76.36,202.53,-1,-1,-1,-1
268,1,1190.10,373.13,75.92,200.47,-1,-1,-1,-1
269,1,1191.51,369.68,74.64,201.55,-1,-1,-1,-1
270,1,1192.64,364.97,73.76,202.06,-1,-1,-1,-1
271,1,1192.25,362.44,74.69,203.51,-1,-1,-1,-1
272,1,1192.72,359.89,74.59,203.39,-1,-1,-1,-1
273,1,1196.54,349.07,75.62,202.23,-1,-1,-1,-1
274,1,1198.32,345.75,74.65,203.27,-1,-1,-1,-1
275,1,1198.46,339.70,74.72,205.15,-1,-1,-1,-1
276,1,1199.73,340.64,73.38,201.76,-1,-1,-1,-1
277,1,1199.82,340.86,75.00,201.70,-1,-1,-1,-1
278,1,1199.76,333.01,76.41,200.62,-1,-1,-1,-1
279,1,1199.95,330.53,75.79,200.52,-1,-1,-1,-1
280,1,1204.86,329.86,74.56,201.86,-1,-1,-1,-1
281,1,1205.97,324.61,74.78,203.10,-1,-1,-1,-1
282,1,1207.03,320.73,74.84,202.39,-1,-1,-1,-1
283,1,1208.21,314.02,72.69,202.29,-1,-1,-1,-1
284,1,1208.45,312.46,73.55,202.77,-1,-1,-1,-1
285,1,1207.96,309.36,74.45,200.09,-1,-1,-1,-1
286,1,1207.95,308.27,75.27,199.65,-1,-1,-1,-1
287,1,1208.23,304.02,74.44,205.12,-1,-1,-1,-1
288,1,1209.74,298.07,73.03,202.01,-1,-1,-1,-1
289,1,1213.99,297.06,72.19,204.15,-1,-1,-1,-1
290,1,1215.45,292.56,72.48,199.94,-1,-1,-1,-1
291,1,1215.18,291.25,72.91,200.84,-1,-1,-1,-1
292,1,1215.77,289.08,73.99,201.68,-1,-1,-1,-1
293,1,1216.11,283.58,75.23,201.51,-1,-1,-1,-1
294,1,1220.60,277.77,74.40,201.83,-1,-1,-1,-1
295,1,1221.87,276.77,72.87,202.68,-1,-1,-1,-1
296,1,1223.98,277.52,71.87,199.23,-1,-1,-1,-1
297,1,1225.80,269.44,67.74,198.60,-1,-1,-1,-1
298,1,1226.39,270.46,66.94,197.72,-1,-1,-1,-1
299,1,1224.51,262.94,70.52,198.04,-1,-1,-1,-1
300,1,1225.55,261.61,69.86,196.99,-1,-1,-1,-1
301,1,1228.57,254.70,66.55,198.96,-1,-1,-1,-1
302,1,1228.51,254.18,67.35,200.15,-1,-1,-1,-1
303,1,1231.72,252.83,68.16,202.81,-1,-1,-1,-1
304,1,1233.03,246.03,67.79,199.07,-1,-1,-1,-1
305,1,1233.87,251.55,67.32,199.67,-1,-1,-1,-1
306,1,1234.00,243.19,68.01,199.95,-1,-1,-1,-1
307,1,1234.30,244.69,68.97,200.16,-1,-1,-1,-1
308,1,1235.88,238.91,68.27,197.49,-1,-1,-1,-1
309,1,1239.53,233.30,68.97,201.29,-1,-1,-1,-1
310,1,1239.83,229.72,70.19,200.06,-1,-1,-1,-1
311,1,1239.72,233.40,70.97,200.60,-1,-1,-1,-1
312,1,1242.14,228.53,67.65,198.71,-1,-1,-1,-1
313,1,1241.47,226.04,69.21,199.44,-1,-1,-1,-1
314,1,1242.53,220.73,67.95,199.88,-1,-1,-1,-1
315,1,1243.20,221.59,66.94,199.97,-1,-1,-1,-1
316,1,1242.75,213.14,68.84,198.68,-1,-1,-1,-1
317,1,1243.15,213.31,68.69,196.97,-1,-1,-1,-1
318,1,1244.19,214.79,68.01,197.27,-1,-1,-1,-1
319,1,1246.42,209.64,71.06,201.38,-1,-1,-1,-1
320,1,1248.58,204.92,68.09,201.98,-1,-1,-1,-1
321,1,1250.09,202.16,67.00,202.53,-1,-1,-1,-1
322,1,1250.67,204.00,66.79,202.53,-1,-1,-1,-1
323,1,1250.60,199.77,69.03,203.79,-1,-1,-1,-1
324,1,1251.12,196.69,68.47,198.40,-1,-1,-1,-1
325,1,1250.96,197.09,70.07,196.52,-1,-1,-1,-1
326,1,1254.05,193.65,72.17,200.44,-1,-1,-1,-1
327,1,1253.60,193.53,75.80,200.82,-1,-1,-1,-1
328,1,1255.28,190.37,73.63,197.83,-1,-1,-1,-1
329,1,1257.57,187.21,69.10,200.13,-1,-1,-1,-1
330,1,1257.41,181.09,69.39,199.80,-1,-1,-1,-1
331,1,1256.97,181.89,69.83,199.25,-1,-1,-1,-1
332,1,1258.58,178.24,68.49,199.27,-1,-1,-1,-1
333,1,1259.04,182.17,68.11,197.17,-1,-1,-1,-1
334,1,1259.48,177.82,68.93,199.85,-1,-1,-1,-1
335,1,1259.13,177.94,68.86,199.87,-1,-1,-1,-1
336,1,1260.41,173.91,68.26,199.91,-1,-1,-1,-1
337,1,1263.15,165.33,69.93,201.71,-1,-1,-1,-1
338,1,1265.64,165.27,67.44,199.25,-1,-1,-1,-1
339,1,1265.74,170.08,68.45,199.89,-1,-1,-1,-1
340,1,1267.32,164.99,66.72,196.07,-1,-1,-1,-1
341,1,1266.15,164.00,70.48,197.07,-1,-1,-1,-1
342,1,1266.33,163.87,71.48,195.62,-1,-1,-1,-1
343,1,1271.24,163.66,69.33,199.98,-1,-1,-1,-1
344,1,1271.65,163.47,70.16,198.50,-1,-1,-1,-1
345,1,1273.06,157.67,68.67,199.55,-1,-1,-1,-1
346,1,1273.32,157.73,68.13,199.02,-1,-1,-1,-1
347,1,1273.24,157.28,67.90,200.17,-1,-1,-1,-1
348,1,1273.56,150.45,69.52,198.55,-1,-1,-1,-1
349,1,1275.04,156.20,67.93,200.01,-1,-1,-1,-1
350,1,1274.55,151.03,70.57,198.88,-1,-1,-1,-1
351,1,1274.70,149.73,69.76,196.27,-1,-1,-1,-1
352,1,1276.56,150.22,67.23,196.25,-1,-1,-1,-1
353,1,1279.08,148.84,69.50,198.34,-1,-1,-1,-1
354,1,1279.40,142.19,70.91,200.74,-1,-1,-1,-1
355,1,1281.62,146.62,69.01,199.53,-1,-1,-1,-1
356,1,1281.54,140.25,70.96,199.83,-1,-1,-1,-1
357,1,1282.41,145.01,69.98,201.35,-1,-1,-1,-1
358,1,1285.81,142.59,71.95,199.64,-1,-1,-1,-1
359,1,1287.04,141.77,70.82,198.83,-1,-1,-1,-1
360,1,1288.61,147.49,69.96,197.23,-1,-1,-1,-1
361,1,1288.29,138.36,69.98,200.58,-1,-1,-1,-1
362,1,1288.91,138.94,68.80,200.98,-1,-1,-1,-1
363,1,1289.44,140.13,67.79,201.01,-1,-1,-1,-1
364,1,1289.86,138.85,69.31,199.07,-1,-1,-1,-1
365,1,1291.05,139.53,67.89,201.62,-1,-1,-1,-1
366,1,1290.87,134.94,70.86,199.94,-1,-1,-1,-1
367,1,1292.16,134.78,68.68,199.96,-1,-1,-1,-1
368,1,1295.57,133.50,68.85,200.40,-1,-1,-1,-1
369,1,1295.75,138.58,69.13,201.50,-1,-1,-1,-1
370,1,1298.43,139.16,66.93,201.12,-1,-1,-1,-1
371,1,1298.06,133.14,68.36,202.27,-1,-1,-1,-1
372,1,1299.54,136.03,67.76,202.20,-1,-1,-1,-1
373,1,1299.11,133.06,68.76,200.24,-1,-1,-1,-1
374,1,1302.15,138.96,71.45,198.68,-1,-1,-1,-1
375,1,1302.80,139.13,71.15,200.05,-1,-1,-1,-1
376,1,1305.86,132.44,68.14,197.73,-1,-1,-1,-1
377,1,1304.97,131.94,68.87,200.04,-1,-1,-1,-1
378,1,1304.51,132.61,70.45,197.50,-1,-1,-1,-1
379,1,1303.78,134.35,71.44,200.19,-1,-1,-1,-1
380,1,1306.34,138.38,68.76,199.13,-1,-1,-1,-1
381,1,1306.40,133.54,69.82,198.31,-1,-1,-1,-1
382,1,1307.50,137.81,69.33,200.30,-1,-1,-1,-1
383,1,1310.80,133.83,69.86,201.94,-1,-1,-1,-1
384,1,1312.05,138.52,68.51,201.52,-1,-1,-1,-1
385,1,1314.05,138.19,66.29,202.40,-1,-1,-1,-1
386,1,1313.37,132.86,68.55,201.50,-1,-1,-1,-1
387,1,1313.76,138.38,68.65,200.79,-1,-1,-1,-1
388,1,1315.74,139.36,67.68,200.37,-1,-1,-1,-1
389,1,1315.87,140.00,68.11,199.19,-1,-1,-1,-1
390,1,1319.04,140.91,69.52,201.64,-1,-1,-1,-1
391,1,1319.68,142.53,69.71,199.13,-1,-1,-1,-1
392,1,1321.55,142.53,68.43,197.02,-1,-1,-1,-1
393,1,1322.00,141.56,67.12,198.90,-1,-1,-1,-1
394,1,1321.70,140.06,67.76,199.04,-1,-1,-1,-1
395,1,1322.15,140.61,66.72,201.68,-1,-1,-1,-1
396,1,1322.17,148.63,68.45,199.14,-1,-1,-1,-1
397,1,1324.41,142.00,66.45,199.98,-1,-1,-1,-1
398,1,1323.98,143.83,68.15,203.53,-1,-1,-1,-1
399,1,1324.92,147.78,66.80,196.68,-1,-1,-1,-1
400,1,1328.30,149.36,67.52,200.08,-1,-1,-1,-1
401,1,1328.91,152.96,68.81,201.01,-1,-1,-1,-1
402,1,1330.43,148.59,65.85,199.89,-1,-1,-1,-1
403,1,1331.49,148.85,64.36,201.37,-1,-1,-1,-1
404,1,1333.13,149.62,63.32,198.95,-1,-1,-1,-1
405,1,1333.43,154.23,64.79,199.47,-1,-1,-1,-1
406,1,1337.31,154.57,64.81,199.07,-1,-1,-1,-1
407,1,1338.46,156.99,64.30,197.68,-1,-1,-1,-1
408,1,1340.54,157.73,62.87,196.16,-1,-1,-1,-1
409,1,1339.77,164.30,63.79,197.86,-1,-1,-1,-1
410,1,1340.21,162.99,63.78,197.58,-1,-1,-1,-1
411,1,1340.47,163.48,64.11,198.22,-1,-1,-1,-1
412,1,1341.50,167.11,64.29,198.84,-1,-1,-1,-1
413,1,1341.29,164.88,64.24,196.41,-1,-1,-1,-1
414,1,1342.06,167.41,64.72,198.40,-1,-1,-1,-1
415,1,1341.89,167.11,65.05,198.42,-1,-1,-1,-1
416,1,1346.92,173.31,61.95,201.68,-1,-1,-1,-1
417,1,1346.32,169.89,63.69,202.71,-1,-1,-1,-1
418,1,1348.03,179.14,62.50,199.57,-1,-1,-1,-1
419,1,1347.98,176.74,63.90,201.48,-1,-1,-1,-1
420,1,1348.97,180.46,63.53,196.28,-1,-1,-1,-1
421,1,1348.80,182.33,65.23,198.15,-1,-1,-1,-1
422,1,1349.34,187.02,65.95,197.31,-1,-1,-1,-1
423,1,1354.01,180.41,63.92,200.38,-1,-1,-1,-1
424,1,1355.16,190.63,63.14,196.75,-1,-1,-1,-1
425,1,1354.68,194.42,65.47,198.91,-1,-1,-1,-1
426,1,1355.31,191.40,64.98,197.86,-1,-1,-1,-1
427,1,1355.19,195.83,64.99,197.51,-1,-1,-1,-1
428,1,1356.55,195.25,64.49,196.98,-1,-1,-1,-1
429,1,1357.04,198.09,64.52,196.62,-1,-1,-1,-1
430,1,1358.38,205.67,63.58,198.50,-1,-1,-1,-1
431,1,1358.27,202.38,64.49,199.09,-1,-1,-1,-1
432,1,1362.95,205.62,61.65,200.54,-1,-1,-1,-1
433,1,1362.00,211.15,64.14,199.90,-1,-1,-1,-1
434,1,1363.17,213.54,64.27,199.55,-1,-1,-1,-1
435,1,1363.92,213.03,63.27,196.77,-1,-1,-1,-1
436,1,1364.70,214.44,63.69,196.40,-1,-1,-1,-1
437,1,1364.59,221.23,65.60,197.45,-1,-1,-1,-1
438,1,1366.19,223.26,63.67,195.80,-1,-1,-1,-1
439,1,1369.41,220.78,64.76,198.88,-1,-1,-1,-1
440,1,1370.70,229.17,64.06,198.59,-1,-1,-1,-1
441,1,1370.95,229.00,64.14,198.38,-1,-1,-1,-1
442,1,1370.88,230.47,65.01,199.29,-1,-1,-1,-1
443,1,1370.98,230.16,65.21,199.60,-1,-1,-1,-1
444,1,1373.21,238.64,63.13,198.62,-1,-1,-1,-1
445,1,1373.41,239.07,63.86,198.67,-1,-1,-1,-1
446,1,1374.72,238.56,63.11,199.07,-1,-1,-1,-1
447,1,1374.76,246.16,63.19,195.29,-1,-1,-1,-1
448,1,1377.79,246.34,64.16,198.68,-1,-1,-1,-1
449,1,1378.97,254.11,63.13,199.50,-1,-1,-1,-1
450,1,1379.97,258.60,62.96,198.20,-1,-1,-1,-1
451,1,1379.94,259.38,63.88,199.06,-1,-1,-1,-1
452,1,1381.13,263.04,62.62,198.45,-1,-1,-1,-1
453,1,1381.56,261.95,63.37,200.50,-1,-1,-1,-1
454,1,1382.27,271.74,63.99,196.93,-1,-1,-1,-1
455,1,1386.13,268.90,63.64,198.59,-1,-1,-1,-1
456,1,1386.95,277.56,63.97,197.90,-1,-1,-1,-1
457,1,1387.04,278.05,64.14,198.46,-1,-1,-1,-1
458,1,1387.96,277.43,63.00,198.68,-1,-1,-1,-1
459,1,1388.52,285.22,62.94,199.11,-1,-1,-1,-1
460,1,1389.91,285.33,62.10,200.80,-1,-1,-1,-1
461,1,1389.83,291.52,63.62,196.95,-1,-1,-1,-1
462,1,1391.06,293.53,62.35,195.35,-1,-1,-1,-1
463,1,1393.62,297.77,63.98,200.68,-1,-1,-1,-1
464,1,1395.99,300.04,61.25,200.43,-1,-1,-1,-1
465,1,1395.84,307.66,62.41,199.02,-1,-1,-1,-1
466,1,1395.79,309.48,63.83,198.79,-1,-1,-1,-1
467,1,1395.81,309.40,64.20,201.15,-1,-1,-1,-1
468,1,1397.49,314.31,62.84,199.55,-1,-1,-1,-1
469,1,1397.55,317.65,63.94,199.08,-1,-1,-1,-1
470,1,1398.17,319.39,63.96,196.12,-1,-1,-1,-1
471,1,1400.88,327.94,66.23,203.25,-1,-1,-1,-1
472,1,1401.23,328.41,67.85,202.25,-1,-1,-1,-1
473,1,1401.75,333.46,67.49,201.38,-1,-1,-1,-1
474,1,1401.79,334.61,68.78,199.56,-1,-1,-1,-1
475,1,1402.21,333.08,68.75,201.79,-1,-1,-1,-1
476,1,1402.23,344.62,69.85,200.43,-1,-1,-1,-1
477,1,1403.21,348.47,67.73,201.66,-1,-1,-1,-1
478,1,1403.36,348.79,68.83,201.56,-1,-1,-1,-1
479,1,1403.02,352.20,69.44,204.14,-1,-1,-1,-1
480,1,1406.10,357.91,70.95,201.91,-1,-1,-1,-1
481,1,1408.79,364.00,66.82,201.71,-1,-1,-1,-1
482,1,1409.15,364.12,67.54,202.14,-1,-1,-1,-1
483,1,1409.53,372.07,68.04,199.56,-1,-1,-1,-1
484,1,1410.25,376.18,68.60,201.86,-1,-1,-1,-1
485,1,1411.37,373.31,67.93,196.87,-1,-1,-1,-1
486,1,1410.19,385.10,70.70,200.69,-1,-1,-1,-1
487,1,1411.52,383.68,69.29,195.99,-1,-1,-1,-1
488,1,1415.51,389.58,69.30,198.59,-1,-1,-1,-1
489,1,1415.57,393.43,70.28,200.77,-1,-1,-1,-1
490,1,1418.19,398.10,66.98,198.82,-1,-1,-1,-1
491,1,1417.93,398.52,67.81,199.50,-1,-1,-1,-1
492,1,1418.45,405.27,68.10,196.43,-1,-1,-1,-1
493,1,1418.75,406.58,68.65,196.42,-1,-1,-1,-1
494,1,1419.67,408.01,69.35,196.40,-1,-1,-1,-1
495,1,1424.06,413.07,67.90,201.35,-1,-1,-1,-1
496,1,1425.72,412.75,67.72,201.88,-1,-1,-1,-1
497,1,1425.28,420.76,67.30,198.45,-1,-1,-1,-1
498,1,1425.36,421.90,68.27,197.16,-1,-1,-1,-1
499,1,1425.46,430.43,69.23,199.94,-1,-1,-1,-1
500,1,1426.64,430.64,70.01,199.94,-1,-1,-1,-1
1,2,674.77,445.35,67.47,202.11,-1,-1,-1,-1
2,2,677.07,443.44,65.12,200.49,-1,-1,-1,-1
3,2,679.30,436.21,60.54,199.23,-1,-1,-1,-1
4,2,679.57,431.99,61.74,197.17,-1,-1,-1,-1
5,2,682.28,431.17,62.80,198.65,-1,-1,-1,-1
6,2,682.80,429.86,63.14,199.24,-1,-1,-1,-1
7,2,683.65,420.28,63.83,201.56,-1,-1,-1,-1
8,2,684.24,419.80,63.97,201.06,-1,-1,-1,-1
9,2,685.94,420.30,62.64,200.00,-1,-1,-1,-1
10,2,686.37,417.09,62.67,200.95,-1,-1,-1,-1
11,2,687.49,414.22,61.71,198.35,-1,-1,-1,-1
12,2,690.50,409.81,61.67,198.61,-1,-1,-1,-1
13,2,690.51,398.55,63.62,199.04,-1,-1,-1,-1
14,2,691.75,396.25,63.56,199.49,-1,-1,-1,-1
15,2,692.77,390.47,61.39,198.06,-1,-1,-1,-1
16,2,692.55,388.25,62.85,198.09,-1,-1,-1,-1
17,2,692.96,386.97,63.00,197.96,-1,-1,-1,-1
18,2,694.30,386.95,62.54,198.24,-1,-1,-1,-1
19,2,695.52,381.55,61.03,198.15,-1,-1,-1,-1
20,2,695.05,373.12,62.16,198.43,-1,-1,-1,-1
21,2,698.11,374.40,62.99,197.89,-1,-1,-1,-1
22,2,698.16,365.00,64.21,199.50,-1,-1,-1,-1
23,2,699.92,365.38,63.13,197.61,-1,-1,-1,-1
24,2,699.97,358.40,64.46,199.19,-1,-1,-1,-1
25,2,701.82,362.32,63.45,198.09,-1,-1,-1,-1
26,2,701.58,350.62,64.31,198.99,-1,-1,-1,-1
27,2,703.28,350.49,62.33,199.87,-1,-1,-1,-1
28,2,706.45,345.70,61.91,200.17,-1,-1,-1,-1
29,2,707.72,342.40,61.52,200.06,-1,-1,-1,-1
30,2,707.81,341.53,63.92,201.65,-1,-1,-1,-1
31,2,707.85,339.50,63.55,200.29,-1,-1,-1,-1
32,2,709.21,331.15,63.08,203.09,-1,-1,-1,-1
33,2,710.59,329.17,61.15,200.19,-1,-1,-1,-1
34,2,709.74,329.94,62.83,198.70,-1,-1,-1,-1
35,2,710.45,322.78,62.20,200.88,-1,-1,-1,-1
36,2,711.29,324.04,61.29,197.06,-1,-1,-1,-1
37,2,715.14,315.16,60.80,199.96,-1,-1,-1,-1
38,2,715.74,308.49,62.51,201.79,-1,-1,-1,-1
39,2,716.75,309.17,62.56,200.77,-1,-1,-1,-1
40,2,718.25,308.44,62.33,201.00,-1,-1,-1,-1
41,2,719.48,301.97,60.69,200.74,-1,-1,-1,-1
42,2,719.34,299.66,60.85,198.79,-1,-1,-1,-1
43,2,719.57,299.12,60.97,198.17,-1,-1,-1,-1
44,2,723.33,292.43,60.87,199.34,-1,-1,-1,-1
45,2,722.96,289.31,62.18,200.53,-1,-1,-1,-1
46,2,723.93,282.45,62.49,200.60,-1,-1,-1,-1
47,2,725.25,285.59,60.83,199.71,-1,-1,-1,-1
48,2,725.45,282.13,61.80,199.72,-1,-1,-1,-1
49,2,726.37,278.40,61.52,198.27,-1,-1,-1,-1
50,2,725.69,276.30,63.46,196.79,-1,-1,-1,-1
51,2,727.58,269.83,60.68,195.87,-1,-1,-1,-1
52,2,728.18,264.19,60.41,194.91,-1,-1,-1,-1
53,2,729.42,266.57,64.02,197.22,-1,-1,-1,-1
54,2,730.41,259.92,65.25,197.79,-1,-1,-1,-1
55,2,731.64,260.65,64.24,196.89,-1,-1,-1,-1
56,2,732.51,255.04,63.89,197.97,-1,-1,-1,-1
57,2,734.26,253.76,62.34,193.65,-1,-1,-1,-1
58,2,735.16,253.81,61.94,196.95,-1,-1,-1,-1
59,2,735.84,248.30,61.76,194.55,-1,-1,-1,-1
60,2,738.58,247.48,61.66,198.79,-1,-1,-1,-1
61,2,738.31,239.18,63.56,199.24,-1,-1,-1,-1
62,2,740.37,236.71,61.70,200.06,-1,-1,-1,-1
63,2,740.37,233.73,61.73,199.49,-1,-1,-1,-1
64,2,741.67,229.49,60.25,198.10,-1,-1,-1,-1
65,2,741.45,231.14,61.15,197.26,-1,-1,-1,-1
66,2,741.96,229.11,61.68,197.17,-1,-1,-1,-1
67,2,743.53,222.43,59.83,197.07,-1,-1,-1,-1
68,2,745.83,221.21,56.79,196.98,-1,-1,-1,-1
69,2,747.97,219.68,58.96,197.78,-1,-1,-1,-1
70,2,748.33,213.70,59.86,199.27,-1,-1,-1,-1
71,2,749.60,221.01,59.68,196.71,-1,-1,-1,-1
72,2,749.44,211.47,60.11,200.15,-1,-1,-1,-1
73,2,749.46,212.56,62.13,197.46,-1,-1,-1,-1
74,2,750.65,210.97,62.18,198.30,-1,-1,-1,-1
75,2,750.93,203.23,61.83,199.30,-1,-1,-1,-1
76,2,752.20,206.08,61.31,198.36,-1,-1,-1,-1
77,2,754.95,203.68,61.77,202.03,-1,-1,-1,-1
78,2,755.69,197.43,61.19,199.97,-1,-1,-1,-1
79,2,756.31,196.58,61.80,199.50,-1,-1,-1,-1
80,2,756.82,194.79,62.02,200.51,-1,-1,-1,-1
81,2,757.43,194.94,61.97,199.36,-1,-1,-1,-1
82,2,758.96,189.19,61.20,200.16,-1,-1,-1,-1
83,2,758.51,194.62,62.14,197.65,-1,-1,-1,-1
84,2,759.96,189.65,60.78,198.55,-1,-1,-1,-1
85,2,763.00,181.58,61.44,200.63,-1,-1,-1,-1
86,2,761.93,182.44,65.18,200.39,-1,-1,-1,-1
87,2,764.29,179.62,63.19,202.82,-1,-1,-1,-1
88,2,763.80,177.78,64.85,201.51,-1,-1,-1,-1
89,2,766.67,177.42,61.87,199.98,-1,-1,-1,-1
90,2,766.49,178.73,62.56,199.87,-1,-1,-1,-1
91,2,767.23,170.95,61.51,200.19,-1,-1,-1,-1
92,2,767.97,175.53,61.75,198.82,-1,-1,-1,-1
93,2,770.31,170.25,62.83,203.56,-1,-1,-1,-1
94,2,770.98,171.96,62.73,203.16,-1,-1,-1,-1
95,2,771.89,165.03,61.83,200.90,-1,-1,-1,-1
96,2,772.37,163.47,62.54,200.96,-1,-1,-1,-1
97,2,772.99,165.43,62.50,199.92,-1,-1,-1,-1
98,2,773.71,163.04,62.05,200.74,-1,-1,-1,-1
99,2,774.47,166.02,62.16,199.12,-1,-1,-1,-1
100,2,774.42,159.73,62.92,197.58,-1,-1,-1,-1
101,2,774.97,163.75,62.14,199.44,-1,-1,-1,-1
102,2,778.41,161.66,62.50,201.80,-1,-1,-1,-1
103,2,778.85,161.57,62.66,202.13,-1,-1,-1,-1
104,2,781.02,156.14,61.29,200.83,-1,-1,-1,-1
105,2,782.03,158.66,61.48,198.32,-1,-1,-1,-1
106,2,782.92,158.73,61.46,197.96,-1,-1,-1,-1
107,2,783.08,157.21,61.86,198.66,-1,-1,-1,-1
108,2,784.12,153.74,61.09,200.30,-1,-1,-1,-1
109,2,786.65,152.62,61.78,201.45,-1,-1,-1,-1
110,2,787.53,152.65,61.90,202.84,-1,-1,-1,-1
111,2,788.60,152.92,61.65,201.98,-1,-1,-1,-1
112,2,789.22,152.91,62.04,201.80,-1,-1,-1,-1
113,2,789.41,153.34,63.11,200.83,-1,-1,-1,-1
114,2,790.54,150.14,61.02,198.91,-1,-1,-1,-1
115,2,790.21,151.21,62.83,198.08,-1,-1,-1,-1
116,2,790.64,149.82,62.46,198.23,-1,-1,-1,-1
117,2,790.78,147.81,62.76,199.34,-1,-1,-1,-1
118,2,793.47,148.01,65.06,201.41,-1,-1,-1,-1
119,2,794.58,144.48,65.38,202.69,-1,-1,-1,-1
120,2,796.12,141.75,64.16,201.41,-1,-1,-1,-1
121,2,797.66,149.71,63.52,198.99,-1,-1,-1,-1
122,2,797.72,146.60,64.02,199.20,-1,-1,-1,-1
123,2,799.16,151.16,62.40,196.47,-1,-1,-1,-1
124,2,802.24,149.11,62.55,199.61,-1,-1,-1,-1
125,2,802.41,150.91,63.42,199.14,-1,-1,-1,-1
126,2,803.23,149.17,63.67,200.03,-1,-1,-1,-1
127,2,803.50,148.10,63.24,199.83,-1,-1,-1,-1
128,2,804.00,142.18,64.46,200.32,-1,-1,-1,-1
129,2,805.21,147.24,62.92,199.06,-1,-1,-1,-1
130,2,805.38,147.60,62.70,199.55,-1,-1,-1,-1
131,2,805.62,147.95,63.19,199.11,-1,-1,-1,-1
132,2,806.26,150.16,62.85,197.79,-1,-1,-1,-1
133,2,806.25,145.84,62.81,200.83,-1,-1,-1,-1
134,2,806.70,147.08,62.38,200.87,-1,-1,-1,-1
135,2,807.17,146.50,61.69,201.46,-1,-1,-1,-1
136,2,809.92,146.58,64.22,202.64,-1,-1,-1,-1
137,2,812.39,147.69,63.96,198.29,-1,-1,-1,-1
138,2,814.70,151.74,62.15,196.88,-1,-1,-1,-1
139,2,814.45,154.38,62.69,199.73,-1,-1,-1,-1
140,2,815.18,150.26,62.25,197.64,-1,-1,-1,-1
141,2,818.55,150.79,61.95,199.30,-1,-1,-1,-1
142,2,818.88,152.62,62.81,202.62,-1,-1,-1,-1
143,2,820.56,153.92,61.59,202.10,-1,-1,-1,-1
144,2,821.54,153.71,60.98,202.08,-1,-1,-1,-1
145,2,821.99,149.57,61.53,200.30,-1,-1,-1,-1
146,2,821.67,155.16,63.34,200.41,-1,-1,-1,-1
147,2,822.92,154.08,60.97,200.61,-1,-1,-1,-1
148,2,823.51,154.81,61.74,200.62,-1,-1,-1,-1
149,2,825.68,162.23,63.83,200.91,-1,-1,-1,-1
150,2,826.81,155.82,62.82,201.01,-1,-1,-1,-1
151,2,826.83,161.87,64.53,200.93,-1,-1,-1,-1
152,2,827.96,163.20,63.86,202.02,-1,-1,-1,-1
153,2,828.93,164.30,63.05,198.99,-1,-1,-1,-1
154,2,830.58,167.00,62.43,198.08,-1,-1,-1,-1
155,2,831.08,166.33,62.01,197.45,-1,-1,-1,-1
156,2,834.25,165.49,62.06,199.83,-1,-1,-1,-1
157,2,835.00,165.30,62.05,198.82,-1,-1,-1,-1
158,2,834.93,165.88,64.10,201.32,-1,-1,-1,-1
159,2,835.71,171.98,63.35,202.57,-1,-1,-1,-1
160,2,837.21,172.29,62.27,201.73,-1,-1,-1,-1
161,2,837.56,177.95,62.71,200.73,-1,-1,-1,-1
162,2,837.43,178.67,63.36,200.94,-1,-1,-1,-1
163,2,837.80,179.94,63.14,199.12,-1,-1,-1,-1
164,2,838.52,182.65,62.82,197.75,-1,-1,-1,-1
165,2,838.63,180.58,63.11,198.69,-1,-1,-1,-1
166,2,841.82,181.57,64.45,200.55,-1,-1,-1,-1
167,2,843.69,189.20,64.08,197.57,-1,-1,-1,-1
168,2,844.29,182.14,63.81,199.86,-1,-1,-1,-1
169,2,846.30,189.41,62.09,197.13,-1,-1,-1,-1
170,2,845.95,189.02,63.11,197.26,-1,-1,-1,-1
171,2,847.38,190.58,62.02,199.66,-1,-1,-1,-1
172,2,850.02,193.32,62.68,200.18,-1,-1,-1,-1
173,2,851.10,197.35,62.45,198.23,-1,-1,-1,-1
174,2,851.62,197.73,63.50,200.04,-1,-1,-1,-1
175,2,852.12,202.07,63.06,200.25,-1,-1,-1,-1
176,2,853.78,203.32,61.91,201.52,-1,-1,-1,-1
177,2,854.64,206.44,61.86,199.00,-1,-1,-1,-1
178,2,854.53,210.66,62.03,200.19,-1,-1,-1,-1
179,2,854.67,206.40,62.71,199.02,-1,-1,-1,-1
180,2,857.90,214.32,62.98,199.18,-1,-1,-1,-1
181,2,859.36,213.16,62.21,198.98,-1,-1,-1,-1
182,2,859.28,213.81,64.82,200.22,-1,-1,-1,-1
183,2,859.61,215.06,64.93,198.78,-1,-1,-1,-1
184,2,860.83,226.22,64.28,198.30,-1,-1,-1,-1
185,2,862.63,229.83,61.84,194.93,-1,-1,-1,-1
186,2,862.67,229.81,62.47,196.91,-1,-1,-1,-1
187,2,863.41,229.19,61.73,197.50,-1,-1,-1,-1
188,2,866.21,230.81,62.61,199.16,-1,-1,-1,-1
189,2,866.51,238.42,63.66,199.70,-1,-1,-1,-1
190,2,867.38,233.63,63.74,202.03,-1,-1,-1,-1
191,2,868.67,237.94,62.16,201.36,-1,-1,-1,-1
192,2,869.32,237.87,62.93,201.36,-1,-1,-1,-1
193,2,869.41,246.39,63.57,201.00,-1,-1,-1,-1
194,2,868.82,249.84,64.40,199.05,-1,-1,-1,-1
195,2,869.55,249.97,63.55,199.16,-1,-1,-1,-1
196,2,870.39,258.53,63.27,196.92,-1,-1,-1,-1
197,2,874.18,259.50,62.99,197.81,-1,-1,-1,-1
198,2,875.08,258.83,62.57,198.31,-1,-1,-1,-1
199,2,875.38,261.45,63.91,198.51,-1,-1,-1,-1
200,2,877.22,270.06,62.29,199.05,-1,-1,-1,-1
201,2,877.60,268.05,63.53,196.12,-1,-1,-1,-1
202,2,878.39,275.10,63.19,197.33,-1,-1,-1,-1
203,2,879.06,275.31,62.75,197.74,-1,-1,-1,-1
204,2,882.05,282.22,62.75,197.66,-1,-1,-1,-1
205,2,883.58,284.87,61.84,199.49,-1,-1,-1,-1
206,2,884.12,285.76,62.19,200.89,-1,-1,-1,-1
207,2,884.33,292.03,61.71,198.76,-1,-1,-1,-1
208,2,884.54,290.90,62.59,199.34,-1,-1,-1,-1
209,2,885.71,293.76,61.23,197.59,-1,-1,-1,-1
210,2,886.30,295.18,62.18,197.65,-1,-1,-1,-1
211,2,886.00,306.61,63.09,197.11,-1,-1,-1,-1
212,2,887.35,309.16,62.30,197.31,-1,-1,-1,-1
213,2,890.61,308.41,62.46,198.61,-1,-1,-1,-1
214,2,890.95,311.00,63.97,197.67,-1,-1,-1,-1
215,2,891.78,316.46,64.29,195.93,-1,-1,-1,-1
216,2,893.61,318.85,62.48,198.04,-1,-1,-1,-1
217,2,894.27,325.07,62.72,195.19,-1,-1,-1,-1
218,2,895.01,328.48,62.68,196.68,-1,-1,-1,-1
219,2,898.66,330.74,61.85,197.26,-1,-1,-1,-1
220,2,899.21,331.52,62.60,198.21,-1,-1,-1,-1
221,2,900.06,341.06,62.82,197.78,-1,-1,-1,-1
222,2,900.18,340.67,62.85,197.71,-1,-1,-1,-1
223,2,900.94,342.50,62.50,198.28,-1,-1,-1,-1
224,2,901.39,348.60,63.96,200.36,-1,-1,-1,-1
225,2,902.99,349.60,61.28,198.70,-1,-1,-1,-1
226,2,902.71,357.55,61.43,197.11,-1,-1,-1,-1
227,2,903.07,358.71,62.03,196.18,-1,-1,-1,-1
228,2,904.71,365.44,66.28,197.54,-1,-1,-1,-1
229,2,904.94,367.65,67.68,196.96,-1,-1,-1,-1
230,2,905.61,366.01,68.14,197.77,-1,-1,-1,-1
231,2,905.10,371.20,69.44,197.83,-1,-1,-1,-1
232,2,906.46,378.24,69.14,197.48,-1,-1,-1,-1
233,2,908.91,380.21,65.73,196.75,-1,-1,-1,-1
234,2,911.73,383.46,61.12,197.17,-1,-1,-1,-1
235,2,913.64,386.23,63.62,198.07,-1,-1,-1,-1
236,2,913.67,391.62,65.24,198.10,-1,-1,-1,-1
237,2,915.48,391.48,63.46,196.11,-1,-1,-1,-1
238,2,915.30,393.28,64.47,200.59,-1,-1,-1,-1
239,2,916.43,405.75,63.27,197.50,-1,-1,-1,-1
240,2,917.41,405.78,64.17,200.09,-1,-1,-1,-1
241,2,918.09,406.36,63.26,198.67,-1,-1,-1,-1
242,2,916.81,418.22,65.38,198.24,-1,-1,-1,-1
243,2,919.37,413.56,61.96,198.22,-1,-1,-1,-1
244,2,921.54,419.11,64.66,197.29,-1,-1,-1,-1
245,2,921.11,426.29,66.64,199.11,-1,-1,-1,-1
246,2,921.22,426.52,69.27,198.75,-1,-1,-1,-1
247,2,922.19,433.39,67.85,198.89,-1,-1,-1,-1
248,2,923.40,435.35,67.83,199.08,-1,-1,-1,-1
249,2,924.71,438.35,67.26,199.40,-1,-1,-1,-1
250,2,924.70,442.47,67.31,199.08,-1,-1,-1,-1
251,2,927.37,445.48,68.13,198.96,-1,-1,-1,-1
252,2,927.66,448.66,68.85,200.92,-1,-1,-1,-1
253,2,928.00,454.27,69.91,200.48,-1,-1,-1,-1
254,2,930.05,453.04,67.59,198.02,-1,-1,-1,-1
255,2,930.59,459.86,66.87,198.84,-1,-1,-1,-1
256,2,932.01,459.09,66.57,201.08,-1,-1,-1,-1
257,2,931.97,466.45,66.77,197.89,-1,-1,-1,-1
258,2,932.81,468.58,65.61,198.21,-1,-1,-1,-1
259,2,934.25,472.97,63.24,199.29,-1,-1,-1,-1
260,2,937.45,477.70,63.65,198.33,-1,-1,-1,-1
261,2,937.83,482.14,64.39,197.99,-1,-1,-1,-1
262,2,938.52,484.47,64.78,196.72,-1,-1,-1,-1
263,2,940.28,486.09,64.01,198.41,-1,-1,-1,-1
264,2,940.29,497.28,65.12,199.99,-1,-1,-1,-1
265,2,942.92,495.26,62.00,198.34,-1,-1,-1,-1
266,2,942.30,505.73,64.01,198.59,-1,-1,-1,-1
267,2,946.94,500.69,61.07,198.80,-1,-1,-1,-1
268,2,946.68,505.65,63.39,199.41,-1,-1,-1,-1
269,2,947.18,510.02,64.66,201.45,-1,-1,-1,-1
270,2,948.19,517.78,63.41,200.96,-1,-1,-1,-1
271,2,948.97,521.77,62.24,200.25,-1,-1,-1,-1
272,2,950.55,525.59,62.17,199.49,-1,-1,-1,-1
273,2,951.95,525.32,60.05,199.50,-1,-1,-1,-1
274,2,951.55,533.01,60.83,199.06,-1,-1,-1,-1
275,2,950.87,536.70,62.09,200.29,-1,-1,-1,-1
276,2,952.40,533.97,60.14,197.67,-1,-1,-1,-1
277,2,953.25,542.85,65.22,199.34,-1,-1,-1,-1
278,2,956.07,541.54,62.24,200.65,-1,-1,-1,-1
279,2,955.98,547.10,63.81,200.07,-1,-1,-1,-1
280,2,956.41,552.89,64.88,200.15,-1,-1,-1,-1
281,2,958.77,556.18,61.48,197.44,-1,-1,-1,-1
282,2,959.60,555.71,60.85,201.16,-1,-1,-1,-1
283,2,961.86,564.96,62.73,200.82,-1,-1,-1,-1
284,2,962.11,568.79,63.11,200.78,-1,-1,-1,-1
285,2,963.57,566.04,61.01,200.61,-1,-1,-1,-1
286,2,963.18,573.82,64.31,201.24,-1,-1,-1,-1
287,2,964.25,576.81,62.01,202.49,-1,-1,-1,-1
288,2,964.97,573.04,62.64,202.80,-1,-1,-1,-1
289,2,965.62,584.51,62.19,201.24,-1,-1,-1,-1
290,2,967.07,581.81,60.60,200.67,-1,-1,-1,-1
291,2,967.15,588.97,61.93,199.40,-1,-1,-1,-1
292,2,970.26,590.20,62.42,200.97,-1,-1,-1,-1
293,2,969.52,597.57,64.77,201.09,-1,-1,-1,-1
294,2,970.90,595.88,63.29,199.88,-1,-1,-1,-1
295,2,972.21,598.67,63.88,199.38,-1,-1,-1,-1
296,2,973.20,603.09,63.27,199.13,-1,-1,-1,-1
297,2,973.85,611.57,62.98,197.88,-1,-1,-1,-1
298,2,974.91,609.71,62.08,200.59,-1,-1,-1,-1
299,2,976.22,619.24,60.18,199.23,-1,-1,-1,-1
300,2,978.74,613.41,61.39,201.98,-1,-1,-1,-1
301,2,978.00,621.93,64.57,202.08,-1,-1,-1,-1
302,2,980.05,627.58,62.24,199.52,-1,-1,-1,-1
303,2,980.25,621.53,63.02,202.13,-1,-1,-1,-1
304,2,981.85,626.17,60.51,201.07,-1,-1,-1,-1
305,2,982.09,632.48,61.89,200.92,-1,-1,-1,-1
306,2,982.34,632.42,61.79,201.64,-1,-1,-1,-1
307,2,982.97,641.59,61.86,199.16,-1,-1,-1,-1
308,2,983.54,643.75,61.78,199.69,-1,-1,-1,-1
309,2,986.22,645.17,63.01,201.13,-1,-1,-1,-1
310,2,986.31,651.67,64.86,198.33,-1,-1,-1,-1
311,2,988.94,646.23,62.46,201.13,-1,-1,-1,-1
312,2,989.40,652.33,64.03,202.76,-1,-1,-1,-1
313,2,991.40,653.26,60.37,198.37,-1,-1,-1,-1
314,2,990.68,657.65,62.61,199.74,-1,-1,-1,-1
315,2,992.45,660.07,60.34,200.29,-1,-1,-1,-1
316,2,994.16,664.68,62.23,200.59,-1,-1,-1,-1
317,2,994.96,667.74,62.07,199.33,-1,-1,-1,-1
318,2,995.37,669.78,62.16,201.69,-1,-1,-1,-1
319,2,997.36,666.99,60.26,201.97,-1,-1,-1,-1
320,2,997.33,674.53,60.50,200.49,-1,-1,-1,-1
321,2,998.09,675.32,59.89,199.10,-1,-1,-1,-1
322,2,1000.69,676.76,56.74,197.36,-1,-1,-1,-1
323,2,1000.41,681.44,57.99,199.44,-1,-1,-1,-1
324,2,1001.48,683.93,58.06,198.47,-1,-1,-1,-1
325,2,1003.32,686.22,60.54,200.64,-1,-1,-1,-1
326,2,1002.01,689.95,64.06,200.70,-1,-1,-1,-1
327,2,1003.75,690.98,63.26,201.72,-1,-1,-1,-1
328,2,1004.30,690.40,63.36,199.95,-1,-1,-1,-1
329,2,1006.00,692.55,61.46,199.43,-1,-1,-1,-1
330,2,1007.36,699.83,61.25,198.11,-1,-1,-1,-1
331,2,1008.27,698.67,59.85,197.84,-1,-1,-1,-1
332,2,1012.57,700.27,58.09,199.51,-1,-1,-1,-1
333,2,1012.72,701.56,58.88,199.38,-1,-1,-1,-1
334,2,1013.65,708.41,59.12,200.31,-1,-1,-1,-1
335,2,1014.30,708.40,58.34,199.81,-1,-1,-1,-1
336,2,1014.46,706.54,58.58,199.65,-1,-1,-1,-1
337,2,1015.06,709.77,58.54,200.60,-1,-1,-1,-1
338,2,1016.39,708.12,57.33,199.85,-1,-1,-1,-1
339,2,1017.27,710.31,57.14,198.68,-1,-1,-1,-1
340,2,1017.10,715.87,58.89,198.45,-1,-1,-1,-1
341,2,1019.54,721.80,59.81,199.93,-1,-1,-1,-1
342,2,1021.70,716.27,58.35,200.37,-1,-1,-1,-1
343,2,1021.60,721.27,60.50,201.46,-1,-1,-1,-1
344,2,1020.67,722.54,63.27,202.05,-1,-1,-1,-1
345,2,1022.16,721.72,62.73,200.37,-1,-1,-1,-1
346,2,1023.92,723.82,60.73,201.16,-1,-1,-1,-1
347,2,1026.50,722.24,62.06,202.59,-1,-1,-1,-1
348,2,1026.38,723.57,63.40,200.89,-1,-1,-1,-1
349,2,1027.49,725.21,63.23,199.81,-1,-1,-1,-1
350,2,1028.12,731.80,62.67,199.08,-1,-1,-1,-1
351,2,1029.14,730.78,60.80,200.49,-1,-1,-1,-1
352,2,1029.98,729.13,60.06,201.08,-1,-1,-1,-1
353,2,1030.16,730.94,62.07,200.16,-1,-1,-1,-1
354,2,1031.29,728.93,60.25,201.42,-1,-1,-1,-1
355,2,1031.20,733.92,62.08,201.26,-1,-1,-1,-1
356,2,1034.66,732.45,61.52,200.78,-1,-1,-1,-1
357,2,1034.12,737.03,63.26,201.37,-1,-1,-1,-1
358,2,1035.18,733.31,62.85,201.85,-1,-1,-1,-1
359,2,1035.14,738.50,64.73,201.79,-1,-1,-1,-1
360,2,1036.77,738.25,63.17,202.31,-1,-1,-1,-1
361,2,1038.84,739.92,61.67,200.96,-1,-1,-1,-1
362,2,1039.03,737.55,61.99,201.13,-1,-1,-1,-1
363,2,1042.43,737.37,62.10,203.55,-1,-1,-1,-1
364,2,1042.59,739.70,63.01,200.43,-1,-1,-1,-1
365,2,1043.74,740.98,62.72,199.84,-1,-1,-1,-1
366,2,1044.51,740.62,61.81,200.13,-1,-1,-1,-1
367,2,1044.99,741.54,61.79,200.64,-1,-1,-1,-1
368,2,1045.46,744.11,61.39,201.66,-1,-1,-1,-1
369,2,1047.03,740.56,60.13,200.09,-1,-1,-1,-1
370,2,1047.59,741.69,60.02,200.30,-1,-1,-1,-1
371,2,1046.71,743.86,62.32,201.98,-1,-1,-1,-1
372,2,1048.61,742.77,60.27,198.73,-1,-1,-1,-1
373,2,1050.53,740.07,62.47,201.43,-1,-1,-1,-1
374,2,1050.59,745.07,64.97,199.92,-1,-1,-1,-1
375,2,1052.61,740.10,62.64,201.25,-1,-1,-1,-1
376,2,1053.05,747.87,63.38,200.68,-1,-1,-1,-1
377,2,1054.62,741.06,62.07,201.02,-1,-1,-1,-1
378,2,1056.07,741.92,60.80,200.63,-1,-1,-1,-1
379,2,1058.33,746.25,62.30,201.65,-1,-1,-1,-1
380,2,1059.57,740.56,60.41,201.16,-1,-1,-1,-1
381,2,1059.44,741.40,61.43,199.76,-1,-1,-1,-1
382,2,1060.63,740.73,61.42,200.70,-1,-1,-1,-1
383,2,1060.17,743.88,62.81,202.64,-1,-1,-1,-1
384,2,1061.84,739.21,59.87,202.55,-1,-1,-1,-1
385,2,1063.05,740.90,57.74,199.50,-1,-1,-1,-1
386,2,1063.74,745.41,57.69,199.72,-1,-1,-1,-1
387,2,1064.89,740.04,57.36,199.92,-1,-1,-1,-1
388,2,1065.28,740.71,57.89,199.45,-1,-1,-1,-1
389,2,1067.29,741.01,60.13,201.97,-1,-1,-1,-1
390,2,1067.40,737.97,61.59,202.69,-1,-1,-1,-1
391,2,1067.96,737.01,63.16,202.03,-1,-1,-1,-1
392,2,1068.47,732.49,63.26,202.89,-1,-1,-1,-1
393,2,1071.34,734.03,60.91,199.93,-1,-1,-1,-1
394,2,1072.27,733.85,59.46,199.84,-1,-1,-1,-1
395,2,1074.59,734.16,55.63,197.59,-1,-1,-1,-1
396,2,1076.49,733.66,58.16,201.73,-1,-1,-1,-1
397,2,1076.61,733.21,59.26,202.40,-1,-1,-1,-1
398,2,1077.81,736.07,58.93,203.33,-1,-1,-1,-1
399,2,1078.69,730.93,58.20,202.99,-1,-1,-1,-1
400,2,1079.78,730.15,56.86,201.33,-1,-1,-1,-1
401,2,1080.50,732.72,57.76,199.94,-1,-1,-1,-1
402,2,1081.74,733.38,56.84,199.34,-1,-1,-1,-1
403,2,1081.65,731.34,57.84,199.40,-1,-1,-1,-1
404,2,1081.99,730.82,57.62,197.48,-1,-1,-1,-1
405,2,1084.28,723.18,59.30,201.75,-1,-1,-1,-1
406,2,1084.63,723.19,60.34,202.75,-1,-1,-1,-1
407,2,1084.62,722.84,63.32,203.33,-1,-1,-1,-1
408,2,1085.33,721.89,63.48,202.06,-1,-1,-1,-1
409,2,1086.04,722.35,63.23,199.05,-1,-1,-1,-1
410,2,1088.44,716.28,59.52,200.48,-1,-1,-1,-1
411,2,1091.97,714.55,58.90,201.66,-1,-1,-1,-1
412,2,1092.90,716.06,58.71,201.53,-1,-1,-1,-1
413,2,1093.05,709.43,59.05,201.59,-1,-1,-1,-1
414,2,1093.85,708.51,58.70,200.68,-1,-1,-1,-1
415,2,1093.67,712.37,59.75,202.22,-1,-1,-1,-1
416,2,1095.14,709.17,57.97,202.21,-1,-1,-1,-1
417,2,1095.62,707.18,58.31,199.00,-1,-1,-1,-1
418,2,1096.22,706.59,58.25,199.83,-1,-1,-1,-1
419,2,1096.81,706.96,57.79,198.70,-1,-1,-1,-1
420,2,1098.08,700.87,56.87,198.52,-1,-1,-1,-1
421,2,1100.73,699.45,57.54,198.41,-1,-1,-1,-1
422,2,1100.96,699.60,59.38,196.43,-1,-1,-1,-1
423,2,1101.92,691.11,59.58,201.39,-1,-1,-1,-1
424,2,1102.63,690.73,59.28,200.87,-1,-1,-1,-1
425,2,1104.76,686.99,57.54,198.15,-1,-1,-1,-1
426,2,1104.89,693.45,58.41,196.73,-1,-1,-1,-1
427,2,1106.72,682.92,55.75,197.93,-1,-1,-1,-1
428,2,1108.47,682.18,57.80,198.43,-1,-1,-1,-1
429,2,1108.94,684.57,58.07,198.37,-1,-1,-1,-1
430,2,1109.65,677.52,57.69,201.12,-1,-1,-1,-1
431,2,1109.89,672.97,59.16,201.40,-1,-1,-1,-1
432,2,1111.33,675.98,57.81,200.20,-1,-1,-1,-1
433,2,1112.18,668.51,57.86,200.62,-1,-1,-1,-1
434,2,1113.72,667.25,55.99,198.81,-1,-1,-1,-1
435,2,1114.12,668.20,56.50,197.63,-1,-1,-1,-1
436,2,1116.29,666.21,57.86,198.53,-1,-1,-1,-1
437,2,1117.00,659.12,58.99,199.14,-1,-1,-1,-1
438,2,1117.78,659.42,59.36,200.05,-1,-1,-1,-1
439,2,1118.42,659.00,59.11,201.20,-1,-1,-1,-1
440,2,1119.74,652.03,57.77,201.17,-1,-1,-1,-1
441,2,1119.64,646.39,59.52,199.35,-1,-1,-1,-1
442,2,1120.95,646.76,58.35,199.00,-1,-1,-1,-1
443,2,1124.16,642.27,58.36,201.59,-1,-1,-1,-1
444,2,1123.80,640.94,59.25,201.35,-1,-1,-1,-1
445,2,1124.41,636.39,58.90,200.93,-1,-1,-1,-1
446,2,1125.54,637.72,58.11,201.02,-1,-1,-1,-1
447,2,1125.90,630.05,58.03,200.84,-1,-1,-1,-1
448,2,1126.84,627.41,57.39,200.01,-1,-1,-1,-1
449,2,1127.85,628.73,56.46,197.37,-1,-1,-1,-1
450,2,1128.75,628.43,56.84,197.45,-1,-1,-1,-1
451,2,1129.61,619.90,56.16,198.62,-1,-1,-1,-1
452,2,1130.40,619.61,55.33,198.49,-1,-1,-1,-1
453,2,1131.95,613.16,58.58,201.31,-1,-1,-1,-1
454,2,1133.50,610.97,57.58,199.30,-1,-1,-1,-1
455,2,1135.01,605.29,56.45,199.76,-1,-1,-1,-1
456,2,1134.75,603.78,58.32,198.46,-1,-1,-1,-1
457,2,1135.35,604.58,58.13,195.59,-1,-1,-1,-1
458,2,1136.85,599.30,57.54,198.10,-1,-1,-1,-1
459,2,1138.37,599.41,55.93,197.35,-1,-1,-1,-1
460,2,1140.25,594.86,58.12,201.28,-1,-1,-1,-1
461,2,1140.49,587.72,58.60,200.46,-1,-1,-1,-1
462,2,1141.92,584.86,57.11,201.57,-1,-1,-1,-1
463,2,1142.42,581.83,57.62,200.80,-1,-1,-1,-1
464,2,1143.17,579.13,57.49,199.95,-1,-1,-1,-1
465,2,1143.17,573.47,58.55,201.68,-1,-1,-1,-1
466,2,1145.32,571.62,56.85,199.72,-1,-1,-1,-1
467,2,1146.48,572.82,55.57,198.44,-1,-1,-1,-1
468,2,1144.66,564.47,59.07,200.72,-1,-1,-1,-1
469,2,1148.57,562.52,58.27,199.01,-1,-1,-1,-1
470,2,1149.20,563.77,58.93,199.06,-1,-1,-1,-1
471,2,1150.86,556.75,57.98,200.43,-1,-1,-1,-1
472,2,1150.08,549.06,60.98,201.23,-1,-1,-1,-1
473,2,1150.84,550.44,62.25,199.37,-1,-1,-1,-1
474,2,1150.55,546.49,62.81,200.58,-1,-1,-1,-1
475,2,1152.20,538.37,59.62,199.38,-1,-1,-1,-1
476,2,1156.11,538.42,58.87,201.44,-1,-1,-1,-1
477,2,1157.26,534.68,58.17,199.94,-1,-1,-1,-1
478,2,1157.70,532.30,59.32,199.32,-1,-1,-1,-1
479,2,1158.02,525.61,60.34,202.40,-1,-1,-1,-1
480,2,1158.07,523.30,62.11,202.20,-1,-1,-1,-1
481,2,1158.67,516.27,59.93,200.00,-1,-1,-1,-1
482,2,1160.20,516.64,58.32,198.58,-1,-1,-1,-1
483,2,1160.71,515.98,58.35,197.21,-1,-1,-1,-1
484,2,1160.64,511.52,59.49,197.65,-1,-1,-1,-1
485,2,1164.24,503.52,58.41,198.26,-1,-1,-1,-1
486,2,1165.32,503.56,59.13,196.90,-1,-1,-1,-1
487,2,1165.92,499.85,60.04,199.09,-1,-1,-1,-1
488,2,1165.13,490.31,62.84,198.88,-1,-1,-1,-1
489,2,1166.88,491.96,61.59,196.85,-1,-1,-1,-1
490,2,1166.70,489.82,63.00,198.81,-1,-1,-1,-1
491,2,1170.90,485.38,61.21,198.37,-1,-1,-1,-1
492,2,1170.40,477.11,63.27,202.00,-1,-1,-1,-1
493,2,1171.57,477.45,63.39,201.04,-1,-1,-1,-1
494,2,1173.07,469.28,61.36,201.14,-1,-1,-1,-1
495,2,1172.34,466.27,62.99,198.89,-1,-1,-1,-1
496,2,1173.43,461.72,63.38,201.51,-1,-1,-1,-1
497,2,1173.92,457.38,62.17,200.45,-1,-1,-1,-1
498,2,1175.38,452.49,60.00,198.84,-1,-1,-1,-1
499,2,1174.74,451.19,61.67,196.57,-1,-1,-1,-1
500,2,1174.94,451.28,62.55,198.88,-1,-1,-1,-1
