1,1,1314,440,92,200,1,1,1.0
1,2,722,92,82,200,1,1,1.0
1,3,707,783,96,200,1,1,1.0
2,1,1314,450,90,200,1,1,1.0
2,2,733,88,78,200,1,1,1.0
2,3,699,777,94,200,1,1,1.0
3,1,1314,460,90,200,1,1,1.0
3,2,741,83,80,200,1,1,1.0
3,3,687,772,102,200,1,1,1.0
4,1,1313,470,90,200,1,1,1.0
4,2,749,79,82,200,1,1,1.0
4,3,680,766,98,200,1,1,1.0
5,1,1311,480,92,200,1,1,1.0
5,2,758,74,82,200,1,1,1.0
5,3,673,760,96,200,1,1,1.0
6,1,1311,490,90,200,1,1,1.0
6,2,766,70,86,200,1,1,1.0
6,3,665,754,96,200,1,1,1.0
7,1,1309,500,92,200,1,1,1.0
7,2,778,67,80,200,1,1,1.0
7,3,658,748,96,200,1,1,1.0
8,1,1307,510,92,200,1,1,1.0
8,2,787,63,80,200,1,1,1.0
8,3,649,741,98,200,1,1,1.0
9,1,1304,519,94,200,1,1,1.0
9,2,796,60,82,200,1,1,1.0
9,3,640,735,100,200,1,1,1.0
10,1,1304,529,90,200,1,1,1.0
10,2,807,57,78,200,1,1,1.0
10,3,632,728,102,200,1,1,1.0
11,1,1301,539,92,200,1,1,1.0
11,2,814,54,84,200,1,1,1.0
11,3,626,721,100,200,1,1,1.0
12,1,1298,549,92,200,1,1,1.0
12,2,824,52,84,200,1,1,1.0
12,3,620,713,98,200,1,1,1.0
13,1,1293,558,96,200,1,1,1.0
13,2,834,50,84,200,1,1,1.0
13,3,614,706,96,200,1,1,1.0
14,1,1290,568,96,200,1,1,1.0
14,2,844,48,84,200,1,1,1.0
14,3,609,698,94,200,1,1,1.0
15,1,1287,577,96,200,1,1,1.0
15,2,854,46,82,200,1,1,1.0
15,3,600,691,98,200,1,1,1.0
16,1,1286,587,90,200,1,1,1.0
16,2,865,44,80,200,1,1,1.0
16,3,595,683,96,200,1,1,1.0
17,1,1281,596,94,200,1,1,1.0
17,2,876,43,78,200,1,1,1.0
17,3,589,675,96,200,1,1,1.0
18,1,1277,605,94,200,1,1,1.0
18,2,884,42,82,200,1,1,1.0
18,3,581,666,100,200,1,1,1.0
19,1,1273,614,92,200,1,1,1.0
19,2,895,41,80,200,1,1,1.0
19,3,575,658,100,200,1,1,1.0
20,1,1268,623,94,200,1,1,1.0
20,2,903,41,84,200,1,1,1.0
20,3,570,650,100,200,1,1,1.0
21,1,1265,632,90,200,1,1,1.0
21,2,915,41,80,200,1,1,1.0
21,3,568,641,94,200,1,1,1.0
22,1,1257,641,96,200,1,1,1.0
22,2,925,41,80,200,1,1,1.0
22,3,561,632,98,200,1,1,1.0
23,1,1254,650,92,200,1,1,1.0
23,2,933,41,84,200,1,1,1.0
23,3,556,623,98,200,1,1,1.0
24,1,1250,658,90,200,1,1,1.0
24,2,942,41,86,200,1,1,1.0
24,3,552,614,98,200,1,1,1.0
25,1,1242,666,94,200,1,1,1.0
25,2,953,42,84,200,1,1,1.0
25,3,547,605,98,200,1,1,1.0
26,1,1239,675,88,200,1,1,1.0
26,2,964,43,82,200,1,1,1.0
26,3,545,596,94,200,1,1,1.0
27,1,1231,683,92,200,1,1,1.0
27,2,974,44,82,200,1,1,1.0
27,3,542,587,94,200,1,1,1.0
28,1,1225,691,92,200,1,1,1.0
28,2,984,46,82,200,1,1,1.0
28,3,535,577,100,200,1,1,1.0
29,1,1216,698,96,200,1,1,1.0
29,2,993,48,82,200,1,1,1.0
29,3,534,568,96,200,1,1,1.0
30,1,1213,706,90,200,1,1,1.0
30,2,1003,50,82,200,1,1,1.0
30,3,528,558,102,200,1,1,1.0
31,1,1204,713,94,200,1,1,1.0
31,2,1013,52,82,200,1,1,1.0
31,3,529,549,94,200,1,1,1.0
32,1,1197,721,94,200,1,1,1.0
32,2,1023,54,82,200,1,1,1.0
32,3,524,539,98,200,1,1,1.0
33,1,1189,728,96,200,1,1,1.0
33,2,1033,57,82,200,1,1,1.0
33,3,521,529,100,200,1,1,1.0
34,1,1183,735,94,200,1,1,1.0
34,2,1040,60,86,200,1,1,1.0
34,3,518,519,102,200,1,1,1.0
35,1,1178,741,88,200,1,1,1.0
35,2,1050,63,86,200,1,1,1.0
35,3,516,510,102,200,1,1,1.0
36,1,1166,748,96,200,1,1,1.0
36,2,1060,67,84,200,1,1,1.0
36,3,515,500,100,200,1,1,1.0
37,1,1163,754,88,200,1,1,1.0
37,2,1072,70,78,200,1,1,1.0
37,3,514,490,100,200,1,1,1.0
38,1,1152,760,94,200,1,1,1.0
38,2,1078,74,86,200,1,1,1.0
38,3,516,480,94,200,1,1,1.0
39,1,1145,766,92,200,1,1,1.0
39,2,1090,79,80,200,1,1,1.0
39,3,513,470,98,200,1,1,1.0
40,1,1136,772,92,200,1,1,1.0
40,2,1097,83,84,200,1,1,1.0
40,3,514,460,94,200,1,1,1.0
41,1,1126,777,96,200,1,1,1.0
41,2,1109,88,78,200,1,1,1.0
41,3,514,450,94,200,1,1,1.0
42,1,1121,783,88,200,1,1,1.0
42,2,1115,92,84,200,1,1,1.0
42,3,511,440,98,200,1,1,1.0
43,1,1110,788,94,200,1,1,1.0
43,2,1125,97,80,200,1,1,1.0
43,3,513,430,96,200,1,1,1.0
44,1,1101,792,94,200,1,1,1.0
44,2,1131,103,86,200,1,1,1.0
44,3,511,420,100,200,1,1,1.0
45,1,1093,797,92,200,1,1,1.0
45,2,1140,108,84,200,1,1,1.0
45,3,514,410,96,200,1,1,1.0
46,1,1084,801,92,200,1,1,1.0
46,2,1150,114,82,200,1,1,1.0
46,3,512,400,102,200,1,1,1.0
47,1,1075,806,92,200,1,1,1.0
47,2,1158,120,82,200,1,1,1.0
47,3,517,390,94,200,1,1,1.0
48,1,1065,810,92,200,1,1,1.0
48,2,1167,126,80,200,1,1,1.0
48,3,516,380,98,200,1,1,1.0
49,1,1054,813,96,200,1,1,1.0
49,2,1173,132,82,200,1,1,1.0
49,3,519,370,96,200,1,1,1.0
50,1,1047,817,92,200,1,1,1.0
50,2,1181,139,82,200,1,1,1.0
50,3,520,361,98,200,1,1,1.0
51,1,1038,820,90,200,1,1,1.0
51,2,1187,145,86,200,1,1,1.0
51,3,520,351,102,200,1,1,1.0
52,1,1026,823,96,200,1,1,1.0
52,2,1197,152,80,200,1,1,1.0
52,3,522,341,102,200,1,1,1.0
53,1,1016,826,96,200,1,1,1.0
53,2,1205,159,78,200,1,1,1.0
53,3,525,331,102,200,1,1,1.0
54,1,1006,828,96,200,1,1,1.0
54,2,1211,167,80,200,1,1,1.0
54,3,531,322,96,200,1,1,1.0
55,1,998,830,92,200,1,1,1.0
55,2,1217,174,82,200,1,1,1.0
55,3,533,312,98,200,1,1,1.0
56,1,987,832,94,200,1,1,1.0
56,2,1224,182,80,200,1,1,1.0
56,3,534,303,102,200,1,1,1.0
57,1,978,834,94,200,1,1,1.0
57,2,1232,189,78,200,1,1,1.0
57,3,539,293,100,200,1,1,1.0
58,1,971,836,88,200,1,1,1.0
58,2,1237,197,80,200,1,1,1.0
58,3,542,284,100,200,1,1,1.0
59,1,959,837,92,200,1,1,1.0
59,2,1241,205,84,200,1,1,1.0
59,3,546,275,100,200,1,1,1.0
60,1,947,838,96,200,1,1,1.0
60,2,1248,214,82,200,1,1,1.0
60,3,553,266,96,200,1,1,1.0
61,1,939,839,92,200,1,1,1.0
61,2,1253,222,84,200,1,1,1.0
61,3,556,257,98,200,1,1,1.0
62,1,927,839,96,200,1,1,1.0
62,2,1261,230,78,200,1,1,1.0
62,3,563,248,94,200,1,1,1.0
63,1,920,839,90,200,1,1,1.0
63,2,1264,239,82,200,1,1,1.0
63,3,568,239,94,200,1,1,1.0
64,1,908,839,94,200,1,1,1.0
64,2,1268,248,84,200,1,1,1.0
64,3,571,230,98,200,1,1,1.0
65,1,898,839,94,200,1,1,1.0
65,2,1272,257,86,200,1,1,1.0
65,3,575,222,100,200,1,1,1.0
66,1,889,839,92,200,1,1,1.0
66,2,1278,266,82,200,1,1,1.0
66,3,581,214,100,200,1,1,1.0
67,1,880,838,90,200,1,1,1.0
67,2,1282,275,84,200,1,1,1.0
67,3,587,205,100,200,1,1,1.0
68,1,871,837,88,200,1,1,1.0
68,2,1287,284,82,200,1,1,1.0
68,3,594,197,98,200,1,1,1.0
69,1,860,836,90,200,1,1,1.0
69,2,1291,293,80,200,1,1,1.0
69,3,600,189,98,200,1,1,1.0
70,1,848,834,94,200,1,1,1.0
70,2,1295,303,80,200,1,1,1.0
70,3,605,182,102,200,1,1,1.0
71,1,840,832,92,200,1,1,1.0
71,2,1299,312,78,200,1,1,1.0
71,3,612,174,100,200,1,1,1.0
72,1,832,830,88,200,1,1,1.0
72,2,1301,322,80,200,1,1,1.0
72,3,619,167,100,200,1,1,1.0
73,1,818,828,96,200,1,1,1.0
73,2,1301,331,86,200,1,1,1.0
73,3,626,159,100,200,1,1,1.0
74,1,810,826,92,200,1,1,1.0
74,2,1305,341,84,200,1,1,1.0
74,3,634,152,98,200,1,1,1.0
75,1,801,823,90,200,1,1,1.0
75,2,1307,351,84,200,1,1,1.0
75,3,642,145,96,200,1,1,1.0
76,1,793,820,88,200,1,1,1.0
76,2,1311,361,80,200,1,1,1.0
76,3,649,139,98,200,1,1,1.0
77,1,780,817,94,200,1,1,1.0
77,2,1310,370,86,200,1,1,1.0
77,3,659,132,94,200,1,1,1.0
78,1,771,813,94,200,1,1,1.0
78,2,1313,380,84,200,1,1,1.0
78,3,664,126,98,200,1,1,1.0
79,1,764,810,90,200,1,1,1.0
79,2,1313,390,86,200,1,1,1.0
79,3,671,120,100,200,1,1,1.0
80,1,753,806,92,200,1,1,1.0
80,2,1317,400,80,200,1,1,1.0
80,3,682,114,94,200,1,1,1.0
81,1,745,801,90,200,1,1,1.0
81,2,1318,410,80,200,1,1,1.0
81,3,690,108,96,200,1,1,1.0
82,1,736,797,90,200,1,1,1.0
82,2,1317,420,84,200,1,1,1.0
82,3,695,103,102,200,1,1,1.0
83,1,727,792,90,200,1,1,1.0
83,2,1319,430,80,200,1,1,1.0
83,3,704,97,102,200,1,1,1.0
84,1,716,788,94,200,1,1,1.0
84,2,1319,440,82,200,1,1,1.0
84,3,716,92,94,200,1,1,1.0
85,1,709,783,92,200,1,1,1.0
85,2,1317,450,84,200,1,1,1.0
85,3,721,88,102,200,1,1,1.0
86,1,700,777,92,200,1,1,1.0
86,2,1317,460,84,200,1,1,1.0
86,3,731,83,100,200,1,1,1.0
87,1,692,772,92,200,1,1,1.0
87,2,1317,470,82,200,1,1,1.0
87,3,743,79,94,200,1,1,1.0
88,1,682,766,94,200,1,1,1.0
88,2,1316,480,82,200,1,1,1.0
88,3,750,74,98,200,1,1,1.0
89,1,675,760,92,200,1,1,1.0
89,2,1315,490,82,200,1,1,1.0
89,3,759,70,100,200,1,1,1.0
90,1,668,754,90,200,1,1,1.0
90,2,1315,500,80,200,1,1,1.0
90,3,771,67,94,200,1,1,1.0
91,1,662,748,88,200,1,1,1.0
91,2,1312,510,82,200,1,1,1.0
91,3,780,63,94,200,1,1,1.0
92,1,651,741,94,200,1,1,1.0
92,2,1311,519,80,200,1,1,1.0
92,3,789,60,96,200,1,1,1.0
93,1,643,735,94,200,1,1,1.0
93,2,1309,529,80,200,1,1,1.0
93,3,799,57,94,200,1,1,1.0
94,1,638,728,90,200,1,1,1.0
94,2,1305,539,84,200,1,1,1.0
94,3,808,54,96,200,1,1,1.0
95,1,629,721,94,200,1,1,1.0
95,2,1301,549,86,200,1,1,1.0
95,3,817,52,98,200,1,1,1.0
96,1,623,713,92,200,1,1,1.0
96,2,1299,558,84,200,1,1,1.0
96,3,827,50,98,200,1,1,1.0
97,1,615,706,94,200,1,1,1.0
97,2,1298,568,80,200,1,1,1.0
97,3,837,48,98,200,1,1,1.0
98,1,608,698,96,200,1,1,1.0
98,2,1293,577,84,200,1,1,1.0
98,3,845,46,100,200,1,1,1.0
99,1,602,691,94,200,1,1,1.0
99,2,1290,587,82,200,1,1,1.0
99,3,854,44,102,200,1,1,1.0
100,1,599,683,88,200,1,1,1.0
100,2,1288,596,80,200,1,1,1.0
100,3,866,43,98,200,1,1,1.0
101,1,591,675,92,200,1,1,1.0
101,2,1284,605,80,200,1,1,1.0
101,3,874,42,102,200,1,1,1.0
102,1,586,666,90,200,1,1,1.0
102,2,1279,614,80,200,1,1,1.0
102,3,887,41,96,200,1,1,1.0
103,1,578,658,94,200,1,1,1.0
103,2,1273,623,84,200,1,1,1.0
103,3,895,41,100,200,1,1,1.0
104,1,575,650,90,200,1,1,1.0
104,2,1270,632,80,200,1,1,1.0
104,3,904,41,102,200,1,1,1.0
105,1,568,641,94,200,1,1,1.0
105,2,1265,641,80,200,1,1,1.0
105,3,916,41,98,200,1,1,1.0
106,1,564,632,92,200,1,1,1.0
106,2,1258,650,84,200,1,1,1.0
106,3,928,41,94,200,1,1,1.0
107,1,558,623,94,200,1,1,1.0
107,2,1254,658,82,200,1,1,1.0
107,3,935,41,100,200,1,1,1.0
108,1,553,614,96,200,1,1,1.0
108,2,1247,666,84,200,1,1,1.0
108,3,946,42,98,200,1,1,1.0
109,1,550,605,92,200,1,1,1.0
109,2,1242,675,82,200,1,1,1.0
109,3,957,43,96,200,1,1,1.0
110,1,546,596,92,200,1,1,1.0
110,2,1237,683,80,200,1,1,1.0
110,3,968,44,94,200,1,1,1.0
111,1,542,587,94,200,1,1,1.0
111,2,1231,691,80,200,1,1,1.0
111,3,975,46,100,200,1,1,1.0
112,1,541,577,88,200,1,1,1.0
112,2,1224,698,80,200,1,1,1.0
112,3,985,48,98,200,1,1,1.0
113,1,535,568,94,200,1,1,1.0
113,2,1215,706,86,200,1,1,1.0
113,3,995,50,98,200,1,1,1.0
114,1,534,558,90,200,1,1,1.0
114,2,1211,713,80,200,1,1,1.0
114,3,1005,52,98,200,1,1,1.0
115,1,529,549,94,200,1,1,1.0
115,2,1203,721,82,200,1,1,1.0
115,3,1017,54,94,200,1,1,1.0
116,1,526,539,94,200,1,1,1.0
116,2,1197,728,80,200,1,1,1.0
116,3,1026,57,96,200,1,1,1.0
117,1,526,529,90,200,1,1,1.0
117,2,1189,735,82,200,1,1,1.0
117,3,1035,60,96,200,1,1,1.0
118,1,524,519,90,200,1,1,1.0
118,2,1179,741,86,200,1,1,1.0
118,3,1045,63,96,200,1,1,1.0
119,1,520,510,94,200,1,1,1.0
119,2,1174,748,80,200,1,1,1.0
119,3,1052,67,100,200,1,1,1.0
120,1,520,500,90,200,1,1,1.0
120,2,1164,754,86,200,1,1,1.0
120,3,1063,70,96,200,1,1,1.0
121,1,517,490,94,200,1,1,1.0
121,2,1159,760,80,200,1,1,1.0
121,3,1071,74,100,200,1,1,1.0
122,1,515,480,96,200,1,1,1.0
122,2,1150,766,82,200,1,1,1.0
122,3,1079,79,102,200,1,1,1.0
123,1,515,470,94,200,1,1,1.0
123,2,1142,772,80,200,1,1,1.0
123,3,1092,83,94,200,1,1,1.0
124,1,513,460,96,200,1,1,1.0
124,2,1132,777,84,200,1,1,1.0
124,3,1100,88,96,200,1,1,1.0
125,1,514,450,94,200,1,1,1.0
125,2,1122,783,86,200,1,1,1.0
125,3,1109,92,96,200,1,1,1.0
126,1,516,440,88,200,1,1,1.0
126,2,1116,788,82,200,1,1,1.0
126,3,1116,97,98,200,1,1,1.0
127,1,514,430,94,200,1,1,1.0
127,2,1109,792,78,200,1,1,1.0
127,3,1124,103,100,200,1,1,1.0
128,1,516,420,90,200,1,1,1.0
128,2,1097,797,84,200,1,1,1.0
128,3,1135,108,94,200,1,1,1.0
129,1,517,410,90,200,1,1,1.0
129,2,1091,801,78,200,1,1,1.0
129,3,1142,114,98,200,1,1,1.0
130,1,518,400,90,200,1,1,1.0
130,2,1080,806,82,200,1,1,1.0
130,3,1151,120,96,200,1,1,1.0
131,1,518,390,92,200,1,1,1.0
131,2,1069,810,84,200,1,1,1.0
131,3,1157,126,100,200,1,1,1.0
132,1,521,380,88,200,1,1,1.0
132,2,1061,813,82,200,1,1,1.0
132,3,1163,132,102,200,1,1,1.0
133,1,520,370,94,200,1,1,1.0
133,2,1050,817,86,200,1,1,1.0
133,3,1173,139,98,200,1,1,1.0
134,1,523,361,92,200,1,1,1.0
134,2,1043,820,80,200,1,1,1.0
134,3,1179,145,102,200,1,1,1.0
135,1,525,351,92,200,1,1,1.0
135,2,1032,823,84,200,1,1,1.0
135,3,1188,152,98,200,1,1,1.0
136,1,526,341,94,200,1,1,1.0
136,2,1022,826,84,200,1,1,1.0
136,3,1196,159,96,200,1,1,1.0
137,1,529,331,94,200,1,1,1.0
137,2,1012,828,84,200,1,1,1.0
137,3,1200,167,102,200,1,1,1.0
138,1,534,322,90,200,1,1,1.0
138,2,1004,830,80,200,1,1,1.0
138,3,1211,174,94,200,1,1,1.0
139,1,536,312,92,200,1,1,1.0
139,2,993,832,82,200,1,1,1.0
139,3,1215,182,98,200,1,1,1.0
140,1,540,303,90,200,1,1,1.0
140,2,984,834,82,200,1,1,1.0
140,3,1222,189,98,200,1,1,1.0
141,1,544,293,90,200,1,1,1.0
141,2,976,836,78,200,1,1,1.0
141,3,1227,197,100,200,1,1,1.0
142,1,545,284,94,200,1,1,1.0
142,2,963,837,84,200,1,1,1.0
142,3,1236,205,94,200,1,1,1.0
143,1,551,275,90,200,1,1,1.0
143,2,955,838,80,200,1,1,1.0
143,3,1240,214,98,200,1,1,1.0
144,1,554,266,94,200,1,1,1.0
144,2,942,839,86,200,1,1,1.0
144,3,1247,222,96,200,1,1,1.0
145,1,559,257,92,200,1,1,1.0
145,2,934,839,82,200,1,1,1.0
145,3,1251,230,98,200,1,1,1.0
146,1,565,248,90,200,1,1,1.0
146,2,923,839,84,200,1,1,1.0
146,3,1258,239,94,200,1,1,1.0
147,1,569,239,92,200,1,1,1.0
147,2,914,839,82,200,1,1,1.0
147,3,1262,248,96,200,1,1,1.0
148,1,575,230,90,200,1,1,1.0
148,2,905,839,80,200,1,1,1.0
148,3,1265,257,100,200,1,1,1.0
149,1,578,222,94,200,1,1,1.0
149,2,894,839,82,200,1,1,1.0
149,3,1272,266,94,200,1,1,1.0
150,1,587,214,88,200,1,1,1.0
150,2,885,838,80,200,1,1,1.0
150,3,1275,275,98,200,1,1,1.0
151,1,589,205,96,200,1,1,1.0
151,2,875,837,80,200,1,1,1.0
151,3,1278,284,100,200,1,1,1.0
152,1,596,197,94,200,1,1,1.0
152,2,865,836,80,200,1,1,1.0
152,3,1281,293,100,200,1,1,1.0
153,1,604,189,90,200,1,1,1.0
153,2,853,834,84,200,1,1,1.0
153,3,1287,303,96,200,1,1,1.0
154,1,610,182,92,200,1,1,1.0
154,2,845,832,82,200,1,1,1.0
154,3,1291,312,94,200,1,1,1.0
155,1,615,174,94,200,1,1,1.0
155,2,834,830,84,200,1,1,1.0
155,3,1293,322,96,200,1,1,1.0
156,1,623,167,92,200,1,1,1.0
156,2,826,828,80,200,1,1,1.0
156,3,1296,331,96,200,1,1,1.0
157,1,630,159,92,200,1,1,1.0
157,2,815,826,82,200,1,1,1.0
157,3,1297,341,100,200,1,1,1.0
158,1,638,152,90,200,1,1,1.0
158,2,806,823,80,200,1,1,1.0
158,3,1301,351,96,200,1,1,1.0
159,1,643,145,94,200,1,1,1.0
159,2,795,820,84,200,1,1,1.0
159,3,1302,361,98,200,1,1,1.0
160,1,653,139,90,200,1,1,1.0
160,2,788,817,78,200,1,1,1.0
160,3,1302,370,102,200,1,1,1.0
161,1,658,132,96,200,1,1,1.0
161,2,776,813,84,200,1,1,1.0
161,3,1306,380,98,200,1,1,1.0
162,1,669,126,88,200,1,1,1.0
162,2,768,810,82,200,1,1,1.0
162,3,1305,390,102,200,1,1,1.0
163,1,676,120,90,200,1,1,1.0
163,2,757,806,84,200,1,1,1.0
163,3,1309,400,96,200,1,1,1.0
164,1,681,114,96,200,1,1,1.0
164,2,748,801,84,200,1,1,1.0
164,3,1309,410,98,200,1,1,1.0
165,1,692,108,92,200,1,1,1.0
165,2,738,797,86,200,1,1,1.0
165,3,1310,420,98,200,1,1,1.0
166,1,701,103,90,200,1,1,1.0
166,2,732,792,80,200,1,1,1.0
166,3,1311,430,96,200,1,1,1.0
167,1,708,97,94,200,1,1,1.0
167,2,722,788,82,200,1,1,1.0
167,3,1311,440,98,200,1,1,1.0
168,1,717,92,92,200,1,1,1.0
168,2,714,783,82,200,1,1,1.0
168,3,1310,450,98,200,1,1,1.0
169,1,727,88,90,200,1,1,1.0
169,2,705,777,82,200,1,1,1.0
169,3,1309,460,100,200,1,1,1.0
170,1,735,83,92,200,1,1,1.0
170,2,696,772,84,200,1,1,1.0
170,3,1310,470,96,200,1,1,1.0
171,1,743,79,94,200,1,1,1.0
171,2,689,766,80,200,1,1,1.0
171,3,1310,480,94,200,1,1,1.0
172,1,753,74,92,200,1,1,1.0
172,2,682,760,78,200,1,1,1.0
172,3,1309,490,94,200,1,1,1.0
173,1,761,70,96,200,1,1,1.0
173,2,673,754,80,200,1,1,1.0
173,3,1305,500,100,200,1,1,1.0
174,1,772,67,92,200,1,1,1.0
174,2,663,748,86,200,1,1,1.0
174,3,1304,510,98,200,1,1,1.0
175,1,782,63,90,200,1,1,1.0
175,2,658,741,80,200,1,1,1.0
175,3,1300,519,102,200,1,1,1.0
176,1,792,60,90,200,1,1,1.0
176,2,648,735,84,200,1,1,1.0
176,3,1300,529,98,200,1,1,1.0
177,1,798,57,96,200,1,1,1.0
177,2,640,728,86,200,1,1,1.0
177,3,1297,539,100,200,1,1,1.0
178,1,811,54,90,200,1,1,1.0
178,2,636,721,80,200,1,1,1.0
178,3,1296,549,96,200,1,1,1.0
179,1,820,52,92,200,1,1,1.0
179,2,626,713,86,200,1,1,1.0
179,3,1294,558,94,200,1,1,1.0
180,1,832,50,88,200,1,1,1.0
180,2,623,706,78,200,1,1,1.0
180,3,1287,568,102,200,1,1,1.0
181,1,839,48,94,200,1,1,1.0
181,2,615,698,82,200,1,1,1.0
181,3,1286,577,98,200,1,1,1.0
182,1,849,46,92,200,1,1,1.0
182,2,609,691,80,200,1,1,1.0
182,3,1283,587,96,200,1,1,1.0
183,1,857,44,96,200,1,1,1.0
183,2,603,683,80,200,1,1,1.0
183,3,1278,596,100,200,1,1,1.0
184,1,871,43,88,200,1,1,1.0
184,2,597,675,80,200,1,1,1.0
184,3,1275,605,98,200,1,1,1.0
185,1,878,42,94,200,1,1,1.0
185,2,590,666,82,200,1,1,1.0
185,3,1271,614,96,200,1,1,1.0
186,1,890,41,90,200,1,1,1.0
186,2,582,658,86,200,1,1,1.0
186,3,1265,623,100,200,1,1,1.0
187,1,897,41,96,200,1,1,1.0
187,2,579,650,82,200,1,1,1.0
187,3,1260,632,100,200,1,1,1.0
188,1,907,41,96,200,1,1,1.0
188,2,576,641,78,200,1,1,1.0
188,3,1255,641,100,200,1,1,1.0
189,1,917,41,96,200,1,1,1.0
189,2,571,632,78,200,1,1,1.0
189,3,1250,650,100,200,1,1,1.0
190,1,928,41,94,200,1,1,1.0
190,2,565,623,80,200,1,1,1.0
190,3,1246,658,98,200,1,1,1.0
191,1,939,41,92,200,1,1,1.0
191,2,559,614,84,200,1,1,1.0
191,3,1238,666,102,200,1,1,1.0
192,1,949,42,92,200,1,1,1.0
192,2,556,605,80,200,1,1,1.0
192,3,1235,675,96,200,1,1,1.0
193,1,958,43,94,200,1,1,1.0
193,2,553,596,78,200,1,1,1.0
193,3,1227,683,100,200,1,1,1.0
194,1,969,44,92,200,1,1,1.0
194,2,546,587,86,200,1,1,1.0
194,3,1224,691,94,200,1,1,1.0
195,1,980,46,90,200,1,1,1.0
195,2,546,577,78,200,1,1,1.0
195,3,1215,698,98,200,1,1,1.0
196,1,988,48,92,200,1,1,1.0
196,2,540,568,84,200,1,1,1.0
196,3,1208,706,100,200,1,1,1.0
197,1,998,50,92,200,1,1,1.0
197,2,537,558,84,200,1,1,1.0
197,3,1203,713,96,200,1,1,1.0
198,1,1007,52,94,200,1,1,1.0
198,2,536,549,80,200,1,1,1.0
198,3,1195,721,98,200,1,1,1.0
199,1,1019,54,90,200,1,1,1.0
199,2,531,539,84,200,1,1,1.0
199,3,1187,728,100,200,1,1,1.0
200,1,1027,57,94,200,1,1,1.0
200,2,531,529,80,200,1,1,1.0
200,3,1183,735,94,200,1,1,1.0
201,1,1037,60,92,200,1,1,1.0
201,2,527,519,84,200,1,1,1.0
201,3,1174,741,96,200,1,1,1.0
202,1,1045,63,96,200,1,1,1.0
202,2,526,510,82,200,1,1,1.0
202,3,1164,748,100,200,1,1,1.0
203,1,1057,67,90,200,1,1,1.0
203,2,522,500,86,200,1,1,1.0
203,3,1159,754,96,200,1,1,1.0
204,1,1064,70,94,200,1,1,1.0
204,2,523,490,82,200,1,1,1.0
204,3,1151,760,96,200,1,1,1.0
205,1,1077,74,88,200,1,1,1.0
205,2,520,480,86,200,1,1,1.0
205,3,1141,766,100,200,1,1,1.0
206,1,1086,79,88,200,1,1,1.0
206,2,521,470,82,200,1,1,1.0
206,3,1133,772,98,200,1,1,1.0
207,1,1095,83,88,200,1,1,1.0
207,2,519,460,84,200,1,1,1.0
207,3,1126,777,96,200,1,1,1.0
208,1,1102,88,92,200,1,1,1.0
208,2,521,450,80,200,1,1,1.0
208,3,1116,783,98,200,1,1,1.0
209,1,1111,92,92,200,1,1,1.0
209,2,521,440,78,200,1,1,1.0
209,3,1108,788,98,200,1,1,1.0
210,1,1120,97,90,200,1,1,1.0
210,2,519,430,84,200,1,1,1.0
210,3,1099,792,98,200,1,1,1.0
211,1,1130,103,88,200,1,1,1.0
211,2,522,420,78,200,1,1,1.0
211,3,1091,797,96,200,1,1,1.0
212,1,1137,108,90,200,1,1,1.0
212,2,523,410,78,200,1,1,1.0
212,3,1082,801,96,200,1,1,1.0
213,1,1144,114,94,200,1,1,1.0
213,2,520,400,86,200,1,1,1.0
213,3,1071,806,100,200,1,1,1.0
214,1,1154,120,90,200,1,1,1.0
214,2,524,390,80,200,1,1,1.0
214,3,1064,810,94,200,1,1,1.0
215,1,1160,126,94,200,1,1,1.0
215,2,525,380,80,200,1,1,1.0
215,3,1052,813,100,200,1,1,1.0
216,1,1166,132,96,200,1,1,1.0
216,2,527,370,80,200,1,1,1.0
216,3,1046,817,94,200,1,1,1.0
217,1,1176,139,92,200,1,1,1.0
217,2,528,361,82,200,1,1,1.0
217,3,1034,820,98,200,1,1,1.0
218,1,1185,145,90,200,1,1,1.0
218,2,531,351,80,200,1,1,1.0
218,3,1025,823,98,200,1,1,1.0
219,1,1190,152,94,200,1,1,1.0
219,2,534,341,78,200,1,1,1.0
219,3,1014,826,100,200,1,1,1.0
220,1,1198,159,92,200,1,1,1.0
220,2,536,331,80,200,1,1,1.0
220,3,1005,828,98,200,1,1,1.0
221,1,1205,167,92,200,1,1,1.0
221,2,539,322,80,200,1,1,1.0
221,3,994,830,100,200,1,1,1.0
222,1,1212,174,92,200,1,1,1.0
222,2,542,312,80,200,1,1,1.0
222,3,986,832,96,200,1,1,1.0
223,1,1217,182,94,200,1,1,1.0
223,2,545,303,80,200,1,1,1.0
223,3,975,834,100,200,1,1,1.0
224,1,1226,189,90,200,1,1,1.0
224,2,547,293,84,200,1,1,1.0
224,3,966,836,98,200,1,1,1.0
225,1,1231,197,92,200,1,1,1.0
225,2,553,284,78,200,1,1,1.0
225,3,955,837,100,200,1,1,1.0
226,1,1235,205,96,200,1,1,1.0
226,2,557,275,78,200,1,1,1.0
226,3,946,838,98,200,1,1,1.0
227,1,1245,214,88,200,1,1,1.0
227,2,562,266,78,200,1,1,1.0
227,3,935,839,100,200,1,1,1.0
228,1,1249,222,92,200,1,1,1.0
228,2,563,257,84,200,1,1,1.0
228,3,926,839,98,200,1,1,1.0
229,1,1254,230,92,200,1,1,1.0
229,2,569,248,82,200,1,1,1.0
229,3,916,839,98,200,1,1,1.0
230,1,1259,239,92,200,1,1,1.0
230,2,576,239,78,200,1,1,1.0
230,3,906,839,98,200,1,1,1.0
231,1,1265,248,90,200,1,1,1.0
231,2,579,230,82,200,1,1,1.0
231,3,894,839,102,200,1,1,1.0
232,1,1270,257,90,200,1,1,1.0
232,2,586,222,78,200,1,1,1.0
232,3,887,839,96,200,1,1,1.0
233,1,1273,266,92,200,1,1,1.0
233,2,590,214,82,200,1,1,1.0
233,3,878,838,94,200,1,1,1.0
234,1,1280,275,88,200,1,1,1.0
234,2,597,205,80,200,1,1,1.0
234,3,868,837,94,200,1,1,1.0
235,1,1282,284,92,200,1,1,1.0
235,2,601,197,84,200,1,1,1.0
235,3,858,836,94,200,1,1,1.0
236,1,1286,293,90,200,1,1,1.0
236,2,606,189,86,200,1,1,1.0
236,3,846,834,98,200,1,1,1.0
237,1,1287,303,96,200,1,1,1.0
237,2,616,182,80,200,1,1,1.0
237,3,837,832,98,200,1,1,1.0
238,1,1293,312,90,200,1,1,1.0
238,2,619,174,86,200,1,1,1.0
238,3,826,830,100,200,1,1,1.0
239,1,1295,322,92,200,1,1,1.0
239,2,627,167,84,200,1,1,1.0
239,3,818,828,96,200,1,1,1.0
240,1,1296,331,96,200,1,1,1.0
240,2,636,159,80,200,1,1,1.0
240,3,808,826,96,200,1,1,1.0
241,1,1300,341,94,200,1,1,1.0
241,2,642,152,82,200,1,1,1.0
241,3,798,823,96,200,1,1,1.0
242,1,1305,351,88,200,1,1,1.0
242,2,649,145,82,200,1,1,1.0
242,3,789,820,96,200,1,1,1.0
243,1,1304,361,94,200,1,1,1.0
243,2,657,139,82,200,1,1,1.0
243,3,776,817,102,200,1,1,1.0
244,1,1309,370,88,200,1,1,1.0
244,2,665,132,82,200,1,1,1.0
244,3,768,813,100,200,1,1,1.0
245,1,1311,380,88,200,1,1,1.0
245,2,673,126,80,200,1,1,1.0
245,3,760,810,98,200,1,1,1.0
246,1,1310,390,92,200,1,1,1.0
246,2,679,120,84,200,1,1,1.0
246,3,751,806,96,200,1,1,1.0
247,1,1310,400,94,200,1,1,1.0
247,2,687,114,84,200,1,1,1.0
247,3,740,801,100,200,1,1,1.0
248,1,1312,410,92,200,1,1,1.0
248,2,699,108,78,200,1,1,1.0
248,3,734,797,94,200,1,1,1.0
249,1,1314,420,90,200,1,1,1.0
249,2,705,103,82,200,1,1,1.0
249,3,725,792,94,200,1,1,1.0
250,1,1313,430,92,200,1,1,1.0
250,2,712,97,86,200,1,1,1.0
250,3,712,788,102,200,1,1,1.0
