1,1,364,441,92,200,1,1,1.0
1,2,1834,443,82,200,1,1,1.0
2,1,370,438,90,200,1,1,1.0
2,2,1829,440,82,200,1,1,1.0
3,1,372,440,94,200,1,1,1.0
3,2,1823,440,86,200,1,1,1.0
4,1,378,440,92,200,1,1,1.0
4,2,1820,439,84,200,1,1,1.0
5,1,380,438,96,200,1,1,1.0
5,2,1814,440,86,200,1,1,1.0
6,1,385,440,94,200,1,1,1.0
6,2,1814,440,78,200,1,1,1.0
7,1,392,440,90,200,1,1,1.0
7,2,1806,442,84,200,1,1,1.0
8,1,394,437,94,200,1,1,1.0
8,2,1801,440,86,200,1,1,1.0
9,1,400,438,92,200,1,1,1.0
9,2,1801,443,78,200,1,1,1.0
10,1,405,440,90,200,1,1,1.0
10,2,1794,437,82,200,1,1,1.0
11,1,407,439,94,200,1,1,1.0
11,2,1792,439,78,200,1,1,1.0
12,1,413,440,92,200,1,1,1.0
12,2,1783,440,86,200,1,1,1.0
13,1,419,437,88,200,1,1,1.0
13,2,1779,438,86,200,1,1,1.0
14,1,421,437,94,200,1,1,1.0
14,2,1775,437,86,200,1,1,1.0
15,1,427,437,90,200,1,1,1.0
15,2,1772,440,82,200,1,1,1.0
16,1,432,440,88,200,1,1,1.0
16,2,1768,443,82,200,1,1,1.0
17,1,434,440,94,200,1,1,1.0
17,2,1763,443,82,200,1,1,1.0
18,1,437,439,96,200,1,1,1.0
18,2,1759,440,82,200,1,1,1.0
19,1,443,437,94,200,1,1,1.0
19,2,1755,439,82,200,1,1,1.0
20,1,448,439,92,200,1,1,1.0
20,2,1749,441,84,200,1,1,1.0
21,1,452,443,92,200,1,1,1.0
21,2,1744,440,86,200,1,1,1.0
22,1,455,440,96,200,1,1,1.0
22,2,1740,438,84,200,1,1,1.0
23,1,463,438,88,200,1,1,1.0
23,2,1739,438,78,200,1,1,1.0
24,1,467,443,90,200,1,1,1.0
24,2,1733,440,82,200,1,1,1.0
25,1,469,438,94,200,1,1,1.0
25,2,1730,439,78,200,1,1,1.0
26,1,476,442,88,200,1,1,1.0
26,2,1725,437,80,200,1,1,1.0
27,1,478,440,94,200,1,1,1.0
27,2,1719,443,82,200,1,1,1.0
28,1,481,438,96,200,1,1,1.0
28,2,1716,442,80,200,1,1,1.0
29,1,487,442,94,200,1,1,1.0
29,2,1711,440,82,200,1,1,1.0
30,1,490,438,96,200,1,1,1.0
30,2,1707,440,80,200,1,1,1.0
31,1,496,440,92,200,1,1,1.0
31,2,1701,439,84,200,1,1,1.0
32,1,502,437,90,200,1,1,1.0
32,2,1696,443,84,200,1,1,1.0
33,1,505,438,92,200,1,1,1.0
33,2,1695,439,78,200,1,1,1.0
34,1,508,440,96,200,1,1,1.0
34,2,1690,442,80,200,1,1,1.0
35,1,512,443,96,200,1,1,1.0
35,2,1684,441,82,200,1,1,1.0
36,1,517,440,94,200,1,1,1.0
36,2,1682,437,78,200,1,1,1.0
37,1,522,442,94,200,1,1,1.0
37,2,1675,441,82,200,1,1,1.0
38,1,526,440,94,200,1,1,1.0
38,2,1672,440,80,200,1,1,1.0
39,1,532,439,92,200,1,1,1.0
39,2,1666,442,84,200,1,1,1.0
40,1,536,441,92,200,1,1,1.0
40,2,1663,440,80,200,1,1,1.0
41,1,541,439,90,200,1,1,1.0
41,2,1657,440,84,200,1,1,1.0
42,1,545,438,92,200,1,1,1.0
42,2,1654,440,80,200,1,1,1.0
43,1,548,440,94,200,1,1,1.0
43,2,1650,441,80,200,1,1,1.0
44,1,554,437,92,200,1,1,1.0
44,2,1645,437,82,200,1,1,1.0
45,1,558,441,92,200,1,1,1.0
45,2,1640,441,82,200,1,1,1.0
46,1,564,439,88,200,1,1,1.0
46,2,1638,438,78,200,1,1,1.0
47,1,568,441,90,200,1,1,1.0
47,2,1633,440,78,200,1,1,1.0
48,1,571,443,92,200,1,1,1.0
48,2,1629,437,78,200,1,1,1.0
49,1,576,440,92,200,1,1,1.0
49,2,1624,440,80,200,1,1,1.0
50,1,579,441,94,200,1,1,1.0
50,2,1618,441,82,200,1,1,1.0
51,1,586,441,88,200,1,1,1.0
51,2,1615,442,80,200,1,1,1.0
52,1,590,440,90,200,1,1,1.0
52,2,1610,437,80,200,1,1,1.0
53,1,592,440,94,200,1,1,1.0
53,2,1606,439,80,200,1,1,1.0
54,1,597,439,94,200,1,1,1.0
54,2,1601,443,82,200,1,1,1.0
55,1,604,441,88,200,1,1,1.0
55,2,1596,440,82,200,1,1,1.0
56,1,604,442,96,200,1,1,1.0
56,2,1593,437,80,200,1,1,1.0
57,1,612,440,90,200,1,1,1.0
57,2,1589,443,78,200,1,1,1.0
58,1,617,440,88,200,1,1,1.0
58,2,1584,442,80,200,1,1,1.0
59,1,619,437,94,200,1,1,1.0
59,2,1580,439,80,200,1,1,1.0
60,1,624,437,92,200,1,1,1.0
60,2,1572,438,86,200,1,1,1.0
61,1,627,440,94,200,1,1,1.0
61,2,1570,443,82,200,1,1,1.0
62,1,632,438,94,200,1,1,1.0
62,2,1565,438,82,200,1,1,1.0
63,1,635,440,96,200,1,1,1.0
63,2,1560,443,84,200,1,1,1.0
63,3,0,438,4,200,1,1,1.0
64,1,642,438,92,200,1,1,1.0
64,2,1557,443,82,200,1,1,1.0
64,3,0,437,7,200,1,1,1.0
65,1,646,437,92,200,1,1,1.0
65,2,1552,438,82,200,1,1,1.0
65,3,0,441,11,200,1,1,1.0
66,1,648,440,96,200,1,1,1.0
66,2,1548,439,82,200,1,1,1.0
66,3,0,439,16,200,1,1,1.0
67,1,657,440,88,200,1,1,1.0
67,2,1541,438,86,200,1,1,1.0
67,3,0,442,20,200,1,1,1.0
68,1,661,440,88,200,1,1,1.0
68,2,1541,438,78,200,1,1,1.0
68,3,0,439,23,200,1,1,1.0
69,1,663,439,94,200,1,1,1.0
69,2,1534,439,84,200,1,1,1.0
69,3,0,440,28,200,1,1,1.0
70,1,669,443,90,200,1,1,1.0
70,2,1531,440,80,200,1,1,1.0
70,3,0,439,33,200,1,1,1.0
71,1,673,437,92,200,1,1,1.0
71,2,1528,439,78,200,1,1,1.0
71,3,0,440,36,200,1,1,1.0
72,1,678,440,90,200,1,1,1.0
72,2,1520,442,84,200,1,1,1.0
72,3,0,440,41,200,1,1,1.0
73,1,683,442,88,200,1,1,1.0
73,2,1519,441,78,200,1,1,1.0
73,3,0,439,45,200,1,1,1.0
74,1,685,443,94,200,1,1,1.0
74,2,1511,438,86,200,1,1,1.0
74,3,0,439,50,200,1,1,1.0
75,1,691,442,90,200,1,1,1.0
75,2,1510,440,78,200,1,1,1.0
75,3,0,440,56,200,1,1,1.0
76,1,696,443,88,200,1,1,1.0
76,2,1506,443,78,200,1,1,1.0
76,3,0,437,59,200,1,1,1.0
77,1,698,440,94,200,1,1,1.0
77,2,1499,441,82,200,1,1,1.0
77,3,0,442,63,200,1,1,1.0
78,1,702,440,94,200,1,1,1.0
78,2,1496,440,80,200,1,1,1.0
78,3,0,441,67,200,1,1,1.0
79,1,709,443,90,200,1,1,1.0
79,2,1489,440,86,200,1,1,1.0
79,3,0,438,71,200,1,1,1.0
80,1,714,440,88,200,1,1,1.0
80,2,1484,438,86,200,1,1,1.0
80,3,0,438,75,200,1,1,1.0
81,1,717,438,90,200,1,1,1.0
81,2,1482,438,82,200,1,1,1.0
81,3,0,438,80,200,1,1,1.0
82,1,719,437,96,200,1,1,1.0
82,2,1477,442,82,200,1,1,1.0
82,3,0,440,84,200,1,1,1.0
83,1,723,437,96,200,1,1,1.0
83,2,1474,439,80,200,1,1,1.0
83,3,0,443,90,200,1,1,1.0
84,1,731,438,90,200,1,1,1.0
84,2,1471,442,78,200,1,1,1.0
84,3,0,442,93,200,1,1,1.0
85,1,736,440,88,200,1,1,1.0
85,2,1465,441,80,200,1,1,1.0
85,3,1,443,98,200,1,1,1.0
86,1,737,441,94,200,1,1,1.0
86,2,1458,442,86,200,1,1,1.0
86,3,7,438,94,200,1,1,1.0
87,1,744,437,90,200,1,1,1.0
87,2,1455,443,82,200,1,1,1.0
87,3,8,441,100,200,1,1,1.0
88,1,747,440,92,200,1,1,1.0
88,2,1450,437,84,200,1,1,1.0
88,3,15,442,96,200,1,1,1.0
89,1,751,440,94,200,1,1,1.0
89,2,1449,437,78,200,1,1,1.0
89,3,18,442,98,200,1,1,1.0
90,1,758,437,88,200,1,1,1.0
90,2,1440,437,86,200,1,1,1.0
90,3,21,439,102,200,1,1,1.0
91,1,762,440,88,200,1,1,1.0
91,2,1437,440,84,200,1,1,1.0
91,3,27,440,98,200,1,1,1.0
92,1,764,437,94,200,1,1,1.0
92,2,1432,440,84,200,1,1,1.0
92,3,32,442,96,200,1,1,1.0
93,1,771,440,88,200,1,1,1.0
93,2,1429,440,82,200,1,1,1.0
93,3,34,437,102,200,1,1,1.0
94,1,775,443,90,200,1,1,1.0
94,2,1423,438,86,200,1,1,1.0
94,3,38,441,102,200,1,1,1.0
95,1,780,441,88,200,1,1,1.0
95,2,1420,441,82,200,1,1,1.0
95,3,46,442,96,200,1,1,1.0
96,1,780,443,96,200,1,1,1.0
96,2,1416,439,82,200,1,1,1.0
96,3,50,440,96,200,1,1,1.0
97,1,787,440,92,200,1,1,1.0
97,2,1410,443,84,200,1,1,1.0
97,3,55,440,94,200,1,1,1.0
98,1,792,440,90,200,1,1,1.0
98,2,1405,441,86,200,1,1,1.0
98,3,58,440,98,200,1,1,1.0
99,1,795,438,94,200,1,1,1.0
99,2,1403,440,82,200,1,1,1.0
99,3,61,443,100,200,1,1,1.0
100,1,800,439,92,200,1,1,1.0
100,2,1398,441,82,200,1,1,1.0
100,3,67,441,98,200,1,1,1.0
101,1,804,442,92,200,1,1,1.0
101,2,1393,437,84,200,1,1,1.0
101,3,71,443,98,200,1,1,1.0
102,1,808,440,94,200,1,1,1.0
102,2,1388,438,84,200,1,1,1.0
102,3,74,443,100,200,1,1,1.0
103,1,812,442,94,200,1,1,1.0
103,2,1383,443,86,200,1,1,1.0
103,3,81,441,96,200,1,1,1.0
104,1,817,443,94,200,1,1,1.0
104,2,1381,443,82,200,1,1,1.0
104,3,85,440,96,200,1,1,1.0
105,1,821,437,94,200,1,1,1.0
105,2,1375,441,84,200,1,1,1.0
105,3,89,443,98,200,1,1,1.0
106,1,825,438,94,200,1,1,1.0
106,2,1374,443,78,200,1,1,1.0
106,3,93,437,98,200,1,1,1.0
107,1,831,440,92,200,1,1,1.0
107,2,1365,440,86,200,1,1,1.0
107,3,96,437,100,200,1,1,1.0
108,1,833,443,96,200,1,1,1.0
108,2,1362,440,84,200,1,1,1.0
108,3,102,441,98,200,1,1,1.0
109,1,839,442,94,200,1,1,1.0
109,2,1360,442,80,200,1,1,1.0
109,3,105,443,100,200,1,1,1.0
110,1,843,438,94,200,1,1,1.0
110,2,1353,438,84,200,1,1,1.0
110,3,111,438,98,200,1,1,1.0
111,1,848,442,92,200,1,1,1.0
111,2,1352,440,78,200,1,1,1.0
111,3,114,441,100,200,1,1,1.0
112,1,852,443,94,200,1,1,1.0
112,2,1343,440,86,200,1,1,1.0
112,3,117,442,102,200,1,1,1.0
113,1,857,443,92,200,1,1,1.0
113,2,1342,441,80,200,1,1,1.0
113,3,123,443,100,200,1,1,1.0
114,1,863,440,90,200,1,1,1.0
114,2,1338,440,80,200,1,1,1.0
114,3,129,440,96,200,1,1,1.0
115,1,867,441,90,200,1,1,1.0
115,2,1333,438,80,200,1,1,1.0
115,3,135,439,94,200,1,1,1.0
116,1,870,441,92,200,1,1,1.0
116,2,1326,438,86,200,1,1,1.0
116,3,138,438,96,200,1,1,1.0
117,1,876,442,90,200,1,1,1.0
117,2,1322,437,84,200,1,1,1.0
117,3,140,443,100,200,1,1,1.0
118,1,879,441,92,200,1,1,1.0
118,2,1320,441,80,200,1,1,1.0
118,3,145,437,100,200,1,1,1.0
119,1,882,437,96,200,1,1,1.0
119,2,1314,437,84,200,1,1,1.0
119,3,151,438,96,200,1,1,1.0
120,1,888,439,92,200,1,1,1.0
120,2,1308,440,86,200,1,1,1.0
120,3,155,440,98,200,1,1,1.0
121,1,893,440,90,200,1,1,1.0
121,2,1306,440,82,200,1,1,1.0
121,3,159,441,98,200,1,1,1.0
122,1,898,443,90,200,1,1,1.0
122,2,1302,437,80,200,1,1,1.0
122,3,162,438,100,200,1,1,1.0
123,1,900,437,94,200,1,1,1.0
123,2,1298,441,80,200,1,1,1.0
123,3,166,440,102,200,1,1,1.0
124,1,907,441,90,200,1,1,1.0
124,2,1292,437,84,200,1,1,1.0
124,3,174,441,94,200,1,1,1.0
125,1,909,440,94,200,1,1,1.0
125,2,1286,442,86,200,1,1,1.0
125,3,175,438,102,200,1,1,1.0
126,1,916,440,88,200,1,1,1.0
126,2,1285,442,80,200,1,1,1.0
126,3,180,440,100,200,1,1,1.0
127,1,918,442,92,200,1,1,1.0
127,2,1280,438,80,200,1,1,1.0
127,3,186,438,96,200,1,1,1.0
128,1,921,440,94,200,1,1,1.0
128,2,1276,440,80,200,1,1,1.0
128,3,188,440,102,200,1,1,1.0
129,1,928,443,90,200,1,1,1.0
129,2,1271,443,82,200,1,1,1.0
129,3,192,443,102,200,1,1,1.0
130,1,930,439,94,200,1,1,1.0
130,2,1264,438,86,200,1,1,1.0
130,3,198,440,100,200,1,1,1.0
131,1,938,443,88,200,1,1,1.0
131,2,1263,438,80,200,1,1,1.0
131,3,203,440,98,200,1,1,1.0
132,1,939,440,94,200,1,1,1.0
132,2,1259,441,78,200,1,1,1.0
132,3,209,442,94,200,1,1,1.0
133,1,945,443,90,200,1,1,1.0
133,2,1254,437,80,200,1,1,1.0
133,3,213,437,96,200,1,1,1.0
134,1,948,440,94,200,1,1,1.0
134,2,1249,438,82,200,1,1,1.0
134,3,216,438,98,200,1,1,1.0
135,1,955,439,88,200,1,1,1.0
135,2,1244,437,82,200,1,1,1.0
135,3,222,440,96,200,1,1,1.0
136,1,960,442,88,200,1,1,1.0
136,2,1238,437,86,200,1,1,1.0
136,3,227,440,94,200,1,1,1.0
137,1,963,442,90,200,1,1,1.0
137,2,1237,437,78,200,1,1,1.0
137,3,228,438,100,200,1,1,1.0
138,1,964,439,96,200,1,1,1.0
138,2,1232,443,80,200,1,1,1.0
138,3,236,443,94,200,1,1,1.0
139,1,973,439,88,200,1,1,1.0
139,2,1227,440,82,200,1,1,1.0
139,3,238,440,98,200,1,1,1.0
140,1,973,439,96,200,1,1,1.0
140,2,1220,440,86,200,1,1,1.0
140,3,243,443,98,200,1,1,1.0
141,1,979,439,94,200,1,1,1.0
141,2,1217,441,84,200,1,1,1.0
141,3,248,440,96,200,1,1,1.0
142,1,983,443,94,200,1,1,1.0
142,2,1214,441,80,200,1,1,1.0
142,3,249,438,102,200,1,1,1.0
143,1,988,437,92,200,1,1,1.0
143,2,1209,442,82,200,1,1,1.0
143,3,256,437,98,200,1,1,1.0
144,1,992,437,94,200,1,1,1.0
144,2,1207,442,78,200,1,1,1.0
144,3,260,437,98,200,1,1,1.0
145,1,997,437,92,200,1,1,1.0
145,2,1201,439,80,200,1,1,1.0
145,3,266,443,96,200,1,1,1.0
146,1,1000,442,96,200,1,1,1.0
146,2,1196,439,82,200,1,1,1.0
146,3,270,443,96,200,1,1,1.0
147,1,1008,438,88,200,1,1,1.0
147,2,1192,443,80,200,1,1,1.0
147,3,275,440,94,200,1,1,1.0
148,1,1011,440,90,200,1,1,1.0
148,2,1187,440,82,200,1,1,1.0
148,3,277,442,100,200,1,1,1.0
149,1,1017,443,88,200,1,1,1.0
149,2,1182,440,84,200,1,1,1.0
149,3,284,443,94,200,1,1,1.0
150,1,1019,443,92,200,1,1,1.0
150,2,1177,439,84,200,1,1,1.0
150,3,288,438,96,200,1,1,1.0
151,1,1025,441,90,200,1,1,1.0
151,2,1174,441,82,200,1,1,1.0
151,3,293,440,94,200,1,1,1.0
152,1,1027,443,94,200,1,1,1.0
152,2,1168,440,84,200,1,1,1.0
152,3,295,441,98,200,1,1,1.0
153,1,1031,437,94,200,1,1,1.0
153,2,1164,441,84,200,1,1,1.0
153,3,300,443,98,200,1,1,1.0
154,1,1036,438,94,200,1,1,1.0
154,2,1160,440,82,200,1,1,1.0
154,3,303,442,100,200,1,1,1.0
155,1,1041,443,92,200,1,1,1.0
155,2,1158,443,78,200,1,1,1.0
155,3,310,440,96,200,1,1,1.0
156,1,1048,439,88,200,1,1,1.0
156,2,1154,441,78,200,1,1,1.0
156,3,312,437,100,200,1,1,1.0
157,1,1050,443,92,200,1,1,1.0
157,2,1148,441,80,200,1,1,1.0
157,3,315,442,102,200,1,1,1.0
158,1,1054,442,92,200,1,1,1.0
158,2,1142,438,84,200,1,1,1.0
158,3,324,437,94,200,1,1,1.0
159,1,1060,438,90,200,1,1,1.0
159,2,1140,439,80,200,1,1,1.0
159,3,328,441,94,200,1,1,1.0
160,1,1064,441,90,200,1,1,1.0
160,2,1134,441,82,200,1,1,1.0
160,3,330,441,100,200,1,1,1.0
161,1,1066,438,96,200,1,1,1.0
161,2,1129,443,84,200,1,1,1.0
161,3,336,440,96,200,1,1,1.0
162,1,1071,440,94,200,1,1,1.0
162,2,1123,437,86,200,1,1,1.0
162,3,340,438,96,200,1,1,1.0
163,1,1077,443,90,200,1,1,1.0
163,2,1122,441,80,200,1,1,1.0
163,3,346,438,94,200,1,1,1.0
164,1,1079,438,96,200,1,1,1.0
164,2,1116,440,84,200,1,1,1.0
164,3,348,439,98,200,1,1,1.0
165,1,1084,443,94,200,1,1,1.0
165,2,1112,440,82,200,1,1,1.0
165,3,352,441,100,200,1,1,1.0
166,1,1090,440,92,200,1,1,1.0
166,2,1108,442,82,200,1,1,1.0
166,3,356,437,100,200,1,1,1.0
167,1,1093,442,94,200,1,1,1.0
167,2,1103,442,82,200,1,1,1.0
167,3,359,437,102,200,1,1,1.0
168,1,1096,438,96,200,1,1,1.0
168,2,1098,441,84,200,1,1,1.0
168,3,366,442,98,200,1,1,1.0
169,1,1103,440,92,200,1,1,1.0
169,2,1096,440,80,200,1,1,1.0
169,3,371,443,96,200,1,1,1.0
170,1,1107,439,92,200,1,1,1.0
170,2,1090,441,82,200,1,1,1.0
170,3,375,440,98,200,1,1,1.0
171,1,1112,440,92,200,1,1,1.0
171,2,1088,437,78,200,1,1,1.0
171,3,377,440,102,200,1,1,1.0
172,1,1117,440,90,200,1,1,1.0
172,2,1081,442,82,200,1,1,1.0
172,3,383,439,98,200,1,1,1.0
173,1,1119,438,94,200,1,1,1.0
173,2,1077,440,82,200,1,1,1.0
173,3,387,440,100,200,1,1,1.0
174,1,1126,443,90,200,1,1,1.0
174,2,1074,440,80,200,1,1,1.0
174,3,393,440,96,200,1,1,1.0
175,1,1129,439,92,200,1,1,1.0
175,2,1069,438,80,200,1,1,1.0
175,3,398,441,96,200,1,1,1.0
176,1,1133,438,94,200,1,1,1.0
176,2,1065,440,80,200,1,1,1.0
176,3,403,442,94,200,1,1,1.0
177,1,1137,442,94,200,1,1,1.0
177,2,1057,443,86,200,1,1,1.0
177,3,403,442,102,200,1,1,1.0
178,1,1140,439,96,200,1,1,1.0
178,2,1055,443,82,200,1,1,1.0
178,3,409,440,100,200,1,1,1.0
179,1,1148,441,90,200,1,1,1.0
179,2,1052,440,80,200,1,1,1.0
179,3,412,440,102,200,1,1,1.0
180,1,1152,442,90,200,1,1,1.0
180,2,1045,440,84,200,1,1,1.0
180,3,418,439,100,200,1,1,1.0
181,1,1156,439,92,200,1,1,1.0
181,2,1040,439,86,200,1,1,1.0
181,3,423,443,98,200,1,1,1.0
182,1,1159,440,94,200,1,1,1.0
182,2,1036,441,84,200,1,1,1.0
182,3,429,440,94,200,1,1,1.0
183,1,1165,442,90,200,1,1,1.0
183,2,1034,442,80,200,1,1,1.0
183,3,432,440,98,200,1,1,1.0
184,1,1168,440,94,200,1,1,1.0
184,2,1030,441,80,200,1,1,1.0
184,3,436,439,98,200,1,1,1.0
185,1,1173,440,92,200,1,1,1.0
185,2,1023,441,84,200,1,1,1.0
185,3,441,440,98,200,1,1,1.0
186,1,1178,437,92,200,1,1,1.0
186,2,1020,440,82,200,1,1,1.0
186,3,446,443,96,200,1,1,1.0
187,1,1184,442,88,200,1,1,1.0
187,2,1015,440,82,200,1,1,1.0
187,3,451,441,94,200,1,1,1.0
188,1,1185,439,94,200,1,1,1.0
188,2,1010,438,84,200,1,1,1.0
188,3,454,438,98,200,1,1,1.0
189,1,1193,441,88,200,1,1,1.0
189,2,1006,442,84,200,1,1,1.0
189,3,460,440,94,200,1,1,1.0
190,1,1197,442,88,200,1,1,1.0
190,2,1003,440,80,200,1,1,1.0
190,3,463,441,98,200,1,1,1.0
191,1,1202,441,88,200,1,1,1.0
191,2,999,438,80,200,1,1,1.0
191,3,469,443,94,200,1,1,1.0
192,1,1202,437,96,200,1,1,1.0
192,2,993,442,82,200,1,1,1.0
192,3,470,437,100,200,1,1,1.0
193,1,1209,442,90,200,1,1,1.0
193,2,988,439,84,200,1,1,1.0
193,3,474,441,102,200,1,1,1.0
194,1,1213,438,92,200,1,1,1.0
194,2,985,437,82,200,1,1,1.0
194,3,479,439,100,200,1,1,1.0
195,1,1218,440,90,200,1,1,1.0
195,2,978,442,86,200,1,1,1.0
195,3,484,442,100,200,1,1,1.0
196,1,1220,443,96,200,1,1,1.0
196,2,975,439,84,200,1,1,1.0
196,3,488,441,100,200,1,1,1.0
197,1,1227,439,90,200,1,1,1.0
197,2,973,442,78,200,1,1,1.0
197,3,493,439,98,200,1,1,1.0
198,1,1229,443,94,200,1,1,1.0
198,2,968,438,80,200,1,1,1.0
198,3,500,437,94,200,1,1,1.0
199,1,1235,438,92,200,1,1,1.0
199,2,963,440,82,200,1,1,1.0
199,3,502,443,98,200,1,1,1.0
200,1,1238,442,94,200,1,1,1.0
200,2,958,443,82,200,1,1,1.0
200,3,509,440,94,200,1,1,1.0
201,1,1242,443,96,200,1,1,1.0
201,2,952,440,86,200,1,1,1.0
201,3,510,442,100,200,1,1,1.0
202,1,1250,437,88,200,1,1,1.0
202,2,949,440,82,200,1,1,1.0
202,3,513,438,102,200,1,1,1.0
203,1,1252,438,92,200,1,1,1.0
203,2,946,439,80,200,1,1,1.0
203,3,522,442,94,200,1,1,1.0
204,1,1257,440,92,200,1,1,1.0
204,2,942,443,80,200,1,1,1.0
204,3,524,439,98,200,1,1,1.0
205,1,1260,442,94,200,1,1,1.0
205,2,937,439,80,200,1,1,1.0
205,3,531,443,94,200,1,1,1.0
206,1,1267,443,90,200,1,1,1.0
206,2,933,440,80,200,1,1,1.0
206,3,535,437,94,200,1,1,1.0
207,1,1269,440,94,200,1,1,1.0
207,2,928,443,80,200,1,1,1.0
207,3,537,440,98,200,1,1,1.0
208,1,1276,437,88,200,1,1,1.0
208,2,922,438,84,200,1,1,1.0
208,3,541,440,100,200,1,1,1.0
209,1,1280,437,90,200,1,1,1.0
209,2,919,443,82,200,1,1,1.0
209,3,547,437,96,200,1,1,1.0
210,1,1281,440,96,200,1,1,1.0
210,2,917,441,78,200,1,1,1.0
210,3,551,440,98,200,1,1,1.0
211,1,1289,443,90,200,1,1,1.0
211,2,912,437,80,200,1,1,1.0
211,3,553,442,102,200,1,1,1.0
212,1,1293,439,90,200,1,1,1.0
212,2,906,438,82,200,1,1,1.0
212,3,559,443,98,200,1,1,1.0
213,1,1295,440,94,200,1,1,1.0
213,2,904,439,78,200,1,1,1.0
213,3,565,442,96,200,1,1,1.0
214,1,1300,439,94,200,1,1,1.0
214,2,896,439,84,200,1,1,1.0
214,3,569,442,96,200,1,1,1.0
215,1,1303,441,96,200,1,1,1.0
215,2,894,440,80,200,1,1,1.0
215,3,573,437,98,200,1,1,1.0
216,1,1310,437,92,200,1,1,1.0
216,2,890,439,80,200,1,1,1.0
216,3,577,438,98,200,1,1,1.0
217,1,1314,438,92,200,1,1,1.0
217,2,884,442,82,200,1,1,1.0
217,3,581,438,98,200,1,1,1.0
218,1,1317,438,94,200,1,1,1.0
218,2,880,443,82,200,1,1,1.0
218,3,585,440,100,200,1,1,1.0
219,1,1322,441,94,200,1,1,1.0
219,2,876,437,80,200,1,1,1.0
219,3,589,440,100,200,1,1,1.0
220,1,1329,437,88,200,1,1,1.0
220,2,870,439,84,200,1,1,1.0
220,3,596,440,96,200,1,1,1.0
221,1,1334,441,88,200,1,1,1.0
221,2,869,441,78,200,1,1,1.0
221,3,599,439,98,200,1,1,1.0
222,1,1337,443,90,200,1,1,1.0
222,2,861,438,84,200,1,1,1.0
222,3,602,440,100,200,1,1,1.0
223,1,1338,442,96,200,1,1,1.0
223,2,857,440,84,200,1,1,1.0
223,3,609,441,96,200,1,1,1.0
224,1,1343,443,96,200,1,1,1.0
224,2,855,440,78,200,1,1,1.0
224,3,612,440,98,200,1,1,1.0
225,1,1351,442,88,200,1,1,1.0
225,2,848,438,84,200,1,1,1.0
225,3,618,440,96,200,1,1,1.0
226,1,1355,442,90,200,1,1,1.0
226,2,847,439,78,200,1,1,1.0
226,3,620,441,100,200,1,1,1.0
227,1,1359,442,90,200,1,1,1.0
227,2,839,440,84,200,1,1,1.0
227,3,626,438,96,200,1,1,1.0
228,1,1363,443,90,200,1,1,1.0
228,2,838,440,78,200,1,1,1.0
228,3,629,443,100,200,1,1,1.0
229,1,1366,442,94,200,1,1,1.0
229,2,831,440,82,200,1,1,1.0
229,3,634,443,98,200,1,1,1.0
230,1,1372,440,90,200,1,1,1.0
230,2,828,442,80,200,1,1,1.0
230,3,637,439,102,200,1,1,1.0
231,1,1378,437,88,200,1,1,1.0
231,2,822,440,84,200,1,1,1.0
231,3,642,440,100,200,1,1,1.0
232,1,1378,440,96,200,1,1,1.0
232,2,816,438,86,200,1,1,1.0
232,3,645,442,102,200,1,1,1.0
233,1,1383,440,94,200,1,1,1.0
233,2,815,441,80,200,1,1,1.0
233,3,653,443,96,200,1,1,1.0
234,1,1388,440,94,200,1,1,1.0
234,2,808,440,84,200,1,1,1.0
234,3,657,438,96,200,1,1,1.0
235,1,1392,438,94,200,1,1,1.0
235,2,804,443,84,200,1,1,1.0
235,3,661,440,98,200,1,1,1.0
236,1,1398,437,92,200,1,1,1.0
236,2,800,437,84,200,1,1,1.0
236,3,664,437,100,200,1,1,1.0
237,1,1404,440,88,200,1,1,1.0
237,2,797,441,80,200,1,1,1.0
237,3,671,441,96,200,1,1,1.0
238,1,1407,438,90,200,1,1,1.0
238,2,792,442,82,200,1,1,1.0
238,3,673,443,100,200,1,1,1.0
239,1,1409,440,96,200,1,1,1.0
239,2,788,440,80,200,1,1,1.0
239,3,678,438,98,200,1,1,1.0
240,1,1414,440,94,200,1,1,1.0
240,2,782,437,84,200,1,1,1.0
240,3,681,437,102,200,1,1,1.0
241,1,1420,438,92,200,1,1,1.0
241,2,781,439,78,200,1,1,1.0
241,3,687,440,98,200,1,1,1.0
242,1,1422,442,96,200,1,1,1.0
242,2,773,440,84,200,1,1,1.0
242,3,693,439,94,200,1,1,1.0
243,1,1429,441,90,200,1,1,1.0
243,2,771,437,80,200,1,1,1.0
243,3,695,438,100,200,1,1,1.0
244,1,1431,440,96,200,1,1,1.0
244,2,765,439,82,200,1,1,1.0
244,3,701,439,96,200,1,1,1.0
245,1,1438,440,90,200,1,1,1.0
245,2,760,438,84,200,1,1,1.0
245,3,706,442,96,200,1,1,1.0
246,1,1441,441,94,200,1,1,1.0
246,2,757,438,82,200,1,1,1.0
246,3,711,442,94,200,1,1,1.0
247,1,1445,442,94,200,1,1,1.0
247,2,754,439,78,200,1,1,1.0
247,3,712,441,100,200,1,1,1.0
248,1,1450,437,92,200,1,1,1.0
248,2,747,439,84,200,1,1,1.0
248,3,717,437,100,200,1,1,1.0
249,1,1455,440,92,200,1,1,1.0
249,2,744,439,80,200,1,1,1.0
249,3,720,439,102,200,1,1,1.0
250,1,1458,442,94,200,1,1,1.0
250,2,738,442,84,200,1,1,1.0
250,3,727,443,98,200,1,1,1.0
