1,1,912,440,96,200,1,1,1.0
1,2,795,91,82,200,1,1,1.0
1,3,666,432,92,200,1,1,1.0
1,4,552,789,72,200,1,1,1.0
2,1,917,448,90,200,1,1,1.0
2,2,796,91,84,200,1,1,1.0
2,3,665,423,98,200,1,1,1.0
2,4,547,789,86,200,1,1,1.0
3,1,915,457,98,200,1,1,1.0
3,2,800,91,80,200,1,1,1.0
3,3,669,414,94,200,1,1,1.0
3,4,550,788,84,200,1,1,1.0
4,1,916,466,100,200,1,1,1.0
4,2,799,92,86,200,1,1,1.0
4,3,670,405,96,200,1,1,1.0
4,4,555,787,78,200,1,1,1.0
5,1,924,475,88,200,1,1,1.0
5,2,799,93,90,200,1,1,1.0
5,3,670,397,100,200,1,1,1.0
5,4,559,786,74,200,1,1,1.0
6,1,926,483,88,200,1,1,1.0
6,2,804,94,84,200,1,1,1.0
6,3,673,388,98,200,1,1,1.0
6,4,561,785,74,200,1,1,1.0
7,1,927,492,90,200,1,1,1.0
7,2,806,95,84,200,1,1,1.0
7,3,675,379,98,200,1,1,1.0
7,4,563,783,74,200,1,1,1.0
8,1,929,501,90,200,1,1,1.0
8,2,809,97,82,200,1,1,1.0
8,3,675,371,102,200,1,1,1.0
8,4,559,782,86,200,1,1,1.0
9,1,927,509,98,200,1,1,1.0
9,2,810,98,84,200,1,1,1.0
9,3,677,362,102,200,1,1,1.0
9,4,563,780,82,200,1,1,1.0
10,1,933,518,90,200,1,1,1.0
10,2,811,100,86,200,1,1,1.0
10,3,679,353,102,200,1,1,1.0
10,4,568,777,76,200,1,1,1.0
11,1,931,527,98,200,1,1,1.0
11,2,813,103,86,200,1,1,1.0
11,3,686,345,92,200,1,1,1.0
11,4,567,775,82,200,1,1,1.0
12,1,938,535,88,200,1,1,1.0
12,2,813,105,90,200,1,1,1.0
12,3,687,337,94,200,1,1,1.0
12,4,572,772,76,200,1,1,1.0
13,1,935,543,98,200,1,1,1.0
13,2,816,108,88,200,1,1,1.0
13,3,687,328,98,200,1,1,1.0
13,4,573,770,78,200,1,1,1.0
14,1,943,552,86,200,1,1,1.0
14,2,821,110,82,200,1,1,1.0
14,3,686,320,104,200,1,1,1.0
14,4,578,767,72,200,1,1,1.0
15,1,944,560,88,200,1,1,1.0
15,2,822,113,84,200,1,1,1.0
15,3,689,312,102,200,1,1,1.0
15,4,577,763,78,200,1,1,1.0
16,1,941,568,98,200,1,1,1.0
16,2,827,117,78,200,1,1,1.0
16,3,696,304,92,200,1,1,1.0
16,4,579,760,78,200,1,1,1.0
17,1,948,576,88,200,1,1,1.0
17,2,831,120,74,200,1,1,1.0
17,3,695,295,98,200,1,1,1.0
17,4,582,756,76,200,1,1,1.0
18,1,945,585,98,200,1,1,1.0
18,2,828,124,84,200,1,1,1.0
18,3,694,288,104,200,1,1,1.0
18,4,579,752,86,200,1,1,1.0
19,1,954,592,84,200,1,1,1.0
19,2,832,128,80,200,1,1,1.0
19,3,702,280,92,200,1,1,1.0
19,4,583,748,82,200,1,1,1.0
20,1,951,600,94,200,1,1,1.0
20,2,834,132,80,200,1,1,1.0
20,3,705,272,90,200,1,1,1.0
20,4,584,744,84,200,1,1,1.0
21,1,952,608,96,200,1,1,1.0
21,2,831,136,90,200,1,1,1.0
21,3,705,264,94,200,1,1,1.0
21,4,591,740,74,200,1,1,1.0
22,1,953,616,98,200,1,1,1.0
22,2,834,140,88,200,1,1,1.0
22,3,702,257,104,200,1,1,1.0
22,4,594,735,72,200,1,1,1.0
23,1,959,623,90,200,1,1,1.0
23,2,842,145,76,200,1,1,1.0
23,3,707,249,98,200,1,1,1.0
23,4,591,730,82,200,1,1,1.0
24,1,957,631,98,200,1,1,1.0
24,2,838,150,88,200,1,1,1.0
24,3,711,242,94,200,1,1,1.0
24,4,591,725,86,200,1,1,1.0
25,1,964,638,88,200,1,1,1.0
25,2,847,155,74,200,1,1,1.0
25,3,710,235,100,200,1,1,1.0
25,4,594,720,84,200,1,1,1.0
26,1,967,645,86,200,1,1,1.0
26,2,843,160,86,200,1,1,1.0
26,3,712,228,100,200,1,1,1.0
26,4,598,715,80,200,1,1,1.0
27,1,964,652,96,200,1,1,1.0
27,2,848,165,80,200,1,1,1.0
27,3,717,221,94,200,1,1,1.0
27,4,598,709,84,200,1,1,1.0
28,1,967,659,94,200,1,1,1.0
28,2,851,171,78,200,1,1,1.0
28,3,718,214,96,200,1,1,1.0
28,4,606,703,72,200,1,1,1.0
29,1,971,666,90,200,1,1,1.0
29,2,852,177,80,200,1,1,1.0
29,3,723,207,90,200,1,1,1.0
29,4,601,698,86,200,1,1,1.0
30,1,969,673,98,200,1,1,1.0
30,2,850,182,88,200,1,1,1.0
30,3,723,201,94,200,1,1,1.0
30,4,610,692,72,200,1,1,1.0
31,1,973,679,94,200,1,1,1.0
31,2,858,188,76,200,1,1,1.0
31,3,724,195,96,200,1,1,1.0
31,4,611,685,74,200,1,1,1.0
32,1,973,685,98,200,1,1,1.0
32,2,860,195,76,200,1,1,1.0
32,3,725,188,98,200,1,1,1.0
32,4,613,679,74,200,1,1,1.0
33,1,976,692,96,200,1,1,1.0
33,2,862,201,76,200,1,1,1.0
33,3,725,182,102,200,1,1,1.0
33,4,614,673,76,200,1,1,1.0
34,1,979,698,94,200,1,1,1.0
34,2,861,207,82,200,1,1,1.0
34,3,729,177,98,200,1,1,1.0
34,4,612,666,84,200,1,1,1.0
35,1,980,703,96,200,1,1,1.0
35,2,861,214,86,200,1,1,1.0
35,3,730,171,100,200,1,1,1.0
35,4,620,659,72,200,1,1,1.0
36,1,983,709,94,200,1,1,1.0
36,2,869,221,74,200,1,1,1.0
36,3,735,165,94,200,1,1,1.0
36,4,619,652,78,200,1,1,1.0
37,1,983,715,98,200,1,1,1.0
37,2,870,228,76,200,1,1,1.0
37,3,739,160,90,200,1,1,1.0
37,4,623,645,74,200,1,1,1.0
38,1,985,720,98,200,1,1,1.0
38,2,872,235,76,200,1,1,1.0
38,3,734,155,104,200,1,1,1.0
38,4,619,638,86,200,1,1,1.0
39,1,988,725,96,200,1,1,1.0
39,2,868,242,88,200,1,1,1.0
39,3,739,150,98,200,1,1,1.0
39,4,623,631,82,200,1,1,1.0
40,1,992,730,92,200,1,1,1.0
40,2,872,249,84,200,1,1,1.0
40,3,744,145,92,200,1,1,1.0
40,4,623,623,86,200,1,1,1.0
41,1,993,735,94,200,1,1,1.0
41,2,874,257,84,200,1,1,1.0
41,3,745,140,94,200,1,1,1.0
41,4,629,616,78,200,1,1,1.0
42,1,993,740,98,200,1,1,1.0
42,2,876,264,84,200,1,1,1.0
42,3,745,136,98,200,1,1,1.0
42,4,633,608,74,200,1,1,1.0
43,1,997,744,94,200,1,1,1.0
43,2,878,272,84,200,1,1,1.0
43,3,751,132,90,200,1,1,1.0
43,4,633,600,78,200,1,1,1.0
44,1,1002,748,88,200,1,1,1.0
44,2,884,280,76,200,1,1,1.0
44,3,747,128,102,200,1,1,1.0
44,4,633,592,82,200,1,1,1.0
45,1,999,752,98,200,1,1,1.0
45,2,886,288,76,200,1,1,1.0
45,3,747,124,106,200,1,1,1.0
45,4,634,585,84,200,1,1,1.0
46,1,1000,756,100,200,1,1,1.0
46,2,888,295,76,200,1,1,1.0
46,3,755,120,94,200,1,1,1.0
46,4,639,576,78,200,1,1,1.0
47,1,1007,760,90,200,1,1,1.0
47,2,888,304,80,200,1,1,1.0
47,3,754,117,100,200,1,1,1.0
47,4,639,568,82,200,1,1,1.0
48,1,1007,763,94,200,1,1,1.0
48,2,888,312,84,200,1,1,1.0
48,3,759,113,94,200,1,1,1.0
48,4,640,560,84,200,1,1,1.0
49,1,1013,767,86,200,1,1,1.0
49,2,889,320,86,200,1,1,1.0
49,3,760,110,96,200,1,1,1.0
49,4,644,552,80,200,1,1,1.0
50,1,1010,770,96,200,1,1,1.0
50,2,890,328,88,200,1,1,1.0
50,3,764,108,92,200,1,1,1.0
50,4,650,543,72,200,1,1,1.0
51,1,1016,772,88,200,1,1,1.0
51,2,896,337,80,200,1,1,1.0
51,3,761,105,102,200,1,1,1.0
51,4,646,535,84,200,1,1,1.0
52,1,1019,775,86,200,1,1,1.0
52,2,897,345,82,200,1,1,1.0
52,3,768,103,92,200,1,1,1.0
52,4,650,527,80,200,1,1,1.0
53,1,1020,777,88,200,1,1,1.0
53,2,898,353,84,200,1,1,1.0
53,3,771,100,90,200,1,1,1.0
53,4,650,518,84,200,1,1,1.0
54,1,1020,780,92,200,1,1,1.0
54,2,898,362,88,200,1,1,1.0
54,3,773,98,90,200,1,1,1.0
54,4,656,509,76,200,1,1,1.0
55,1,1021,782,94,200,1,1,1.0
55,2,900,371,88,200,1,1,1.0
55,3,773,97,94,200,1,1,1.0
55,4,654,501,84,200,1,1,1.0
56,1,1028,783,84,200,1,1,1.0
56,2,904,379,84,200,1,1,1.0
56,3,769,95,106,200,1,1,1.0
56,4,657,492,82,200,1,1,1.0
57,1,1023,785,98,200,1,1,1.0
57,2,904,388,88,200,1,1,1.0
57,3,778,94,92,200,1,1,1.0
57,4,659,483,82,200,1,1,1.0
58,1,1025,786,98,200,1,1,1.0
58,2,907,397,86,200,1,1,1.0
58,3,777,93,98,200,1,1,1.0
58,4,665,475,74,200,1,1,1.0
59,1,1034,787,84,200,1,1,1.0
59,2,908,405,88,200,1,1,1.0
59,3,777,92,102,200,1,1,1.0
59,4,667,466,74,200,1,1,1.0
60,1,1034,788,88,200,1,1,1.0
60,2,914,414,80,200,1,1,1.0
60,3,783,91,94,200,1,1,1.0
60,4,669,457,74,200,1,1,1.0
61,1,1035,789,90,200,1,1,1.0
61,2,911,423,90,200,1,1,1.0
61,3,786,91,92,200,1,1,1.0
61,4,665,448,86,200,1,1,1.0
62,1,1034,789,96,200,1,1,1.0
62,2,916,432,84,200,1,1,1.0
62,3,782,91,104,200,1,1,1.0
62,4,670,440,80,200,1,1,1.0
63,1,1037,789,94,200,1,1,1.0
63,2,920,440,80,200,1,1,1.0
63,3,790,91,92,200,1,1,1.0
63,4,673,432,78,200,1,1,1.0
64,1,1038,789,96,200,1,1,1.0
64,2,920,448,84,200,1,1,1.0
64,3,789,91,98,200,1,1,1.0
64,4,675,423,78,200,1,1,1.0
65,1,1041,789,94,200,1,1,1.0
65,2,920,457,88,200,1,1,1.0
65,3,794,91,92,200,1,1,1.0
65,4,677,414,78,200,1,1,1.0
66,1,1047,789,86,200,1,1,1.0
66,2,924,466,84,200,1,1,1.0
66,3,790,92,104,200,1,1,1.0
66,4,680,405,76,200,1,1,1.0
67,1,1046,788,92,200,1,1,1.0
67,2,923,475,90,200,1,1,1.0
67,3,791,93,106,200,1,1,1.0
67,4,681,397,78,200,1,1,1.0
68,1,1049,787,90,200,1,1,1.0
68,2,932,483,76,200,1,1,1.0
68,3,794,94,104,200,1,1,1.0
68,4,682,388,80,200,1,1,1.0
69,1,1049,786,94,200,1,1,1.0
69,2,933,492,78,200,1,1,1.0
69,3,798,95,100,200,1,1,1.0
69,4,684,379,80,200,1,1,1.0
70,1,1054,785,88,200,1,1,1.0
70,2,933,501,82,200,1,1,1.0
70,3,800,97,100,200,1,1,1.0
70,4,683,371,86,200,1,1,1.0
71,1,1054,783,92,200,1,1,1.0
71,2,934,509,84,200,1,1,1.0
71,3,806,98,92,200,1,1,1.0
71,4,685,362,86,200,1,1,1.0
72,1,1055,782,94,200,1,1,1.0
72,2,934,518,88,200,1,1,1.0
72,3,808,100,92,200,1,1,1.0
72,4,689,353,82,200,1,1,1.0
73,1,1056,780,96,200,1,1,1.0
73,2,941,527,78,200,1,1,1.0
73,3,809,103,94,200,1,1,1.0
73,4,691,345,82,200,1,1,1.0
74,1,1057,777,98,200,1,1,1.0
74,2,940,535,84,200,1,1,1.0
74,3,805,105,106,200,1,1,1.0
74,4,695,337,78,200,1,1,1.0
75,1,1060,775,96,200,1,1,1.0
75,2,941,543,86,200,1,1,1.0
75,3,810,108,100,200,1,1,1.0
75,4,697,328,78,200,1,1,1.0
76,1,1066,772,88,200,1,1,1.0
76,2,946,552,80,200,1,1,1.0
76,3,811,110,102,200,1,1,1.0
76,4,699,320,78,200,1,1,1.0
77,1,1067,770,90,200,1,1,1.0
77,2,944,560,88,200,1,1,1.0
77,3,818,113,92,200,1,1,1.0
77,4,703,312,74,200,1,1,1.0
78,1,1071,767,86,200,1,1,1.0
78,2,953,568,74,200,1,1,1.0
78,3,814,117,104,200,1,1,1.0
78,4,700,304,84,200,1,1,1.0
79,1,1067,763,98,200,1,1,1.0
79,2,953,576,78,200,1,1,1.0
79,3,818,120,100,200,1,1,1.0
79,4,702,295,84,200,1,1,1.0
80,1,1074,760,88,200,1,1,1.0
80,2,951,585,86,200,1,1,1.0
80,3,819,124,102,200,1,1,1.0
80,4,703,288,86,200,1,1,1.0
81,1,1071,756,98,200,1,1,1.0
81,2,956,592,80,200,1,1,1.0
81,3,820,128,104,200,1,1,1.0
81,4,708,280,80,200,1,1,1.0
82,1,1072,752,100,200,1,1,1.0
82,2,958,600,80,200,1,1,1.0
82,3,826,132,96,200,1,1,1.0
82,4,713,272,74,200,1,1,1.0
83,1,1079,748,90,200,1,1,1.0
83,2,959,608,82,200,1,1,1.0
83,3,823,136,106,200,1,1,1.0
83,4,710,264,84,200,1,1,1.0
84,1,1078,744,96,200,1,1,1.0
84,2,963,616,78,200,1,1,1.0
84,3,831,140,94,200,1,1,1.0
84,4,715,257,78,200,1,1,1.0
85,1,1082,740,92,200,1,1,1.0
85,2,966,623,76,200,1,1,1.0
85,3,829,145,102,200,1,1,1.0
85,4,718,249,76,200,1,1,1.0
86,1,1084,735,92,200,1,1,1.0
86,2,964,631,84,200,1,1,1.0
86,3,831,150,102,200,1,1,1.0
86,4,720,242,76,200,1,1,1.0
87,1,1082,730,100,200,1,1,1.0
87,2,967,638,82,200,1,1,1.0
87,3,833,155,102,200,1,1,1.0
87,4,720,235,80,200,1,1,1.0
88,1,1089,725,90,200,1,1,1.0
88,2,969,645,82,200,1,1,1.0
88,3,840,160,92,200,1,1,1.0
88,4,725,228,74,200,1,1,1.0
89,1,1086,720,100,200,1,1,1.0
89,2,972,652,80,200,1,1,1.0
89,3,841,165,94,200,1,1,1.0
89,4,722,221,84,200,1,1,1.0
90,1,1094,715,88,200,1,1,1.0
90,2,976,659,76,200,1,1,1.0
90,3,844,171,92,200,1,1,1.0
90,4,723,214,86,200,1,1,1.0
91,1,1091,709,98,200,1,1,1.0
91,2,976,666,80,200,1,1,1.0
91,3,839,177,106,200,1,1,1.0
91,4,725,207,86,200,1,1,1.0
92,1,1097,703,90,200,1,1,1.0
92,2,979,673,78,200,1,1,1.0
92,3,843,182,102,200,1,1,1.0
92,4,729,201,82,200,1,1,1.0
93,1,1097,698,94,200,1,1,1.0
93,2,975,679,90,200,1,1,1.0
93,3,844,188,104,200,1,1,1.0
93,4,730,195,84,200,1,1,1.0
94,1,1097,692,98,200,1,1,1.0
94,2,980,685,84,200,1,1,1.0
94,3,846,195,104,200,1,1,1.0
94,4,732,188,84,200,1,1,1.0
95,1,1100,685,96,200,1,1,1.0
95,2,980,692,88,200,1,1,1.0
95,3,852,201,96,200,1,1,1.0
95,4,735,182,82,200,1,1,1.0
96,1,1104,679,92,200,1,1,1.0
96,2,984,698,84,200,1,1,1.0
96,3,855,207,94,200,1,1,1.0
96,4,742,177,72,200,1,1,1.0
97,1,1110,673,84,200,1,1,1.0
97,2,989,703,78,200,1,1,1.0
97,3,859,214,90,200,1,1,1.0
97,4,737,171,86,200,1,1,1.0
98,1,1112,666,84,200,1,1,1.0
98,2,988,709,84,200,1,1,1.0
98,3,857,221,98,200,1,1,1.0
98,4,744,165,76,200,1,1,1.0
99,1,1111,659,90,200,1,1,1.0
99,2,990,715,84,200,1,1,1.0
99,3,861,228,94,200,1,1,1.0
99,4,743,160,82,200,1,1,1.0
100,1,1110,652,96,200,1,1,1.0
100,2,993,720,82,200,1,1,1.0
100,3,864,235,92,200,1,1,1.0
100,4,746,155,80,200,1,1,1.0
101,1,1110,645,100,200,1,1,1.0
101,2,995,725,82,200,1,1,1.0
101,3,860,242,104,200,1,1,1.0
101,4,748,150,80,200,1,1,1.0
102,1,1118,638,88,200,1,1,1.0
102,2,993,730,90,200,1,1,1.0
102,3,862,249,104,200,1,1,1.0
102,4,747,145,86,200,1,1,1.0
103,1,1120,631,88,200,1,1,1.0
103,2,999,735,82,200,1,1,1.0
103,3,866,257,100,200,1,1,1.0
103,4,749,140,86,200,1,1,1.0
104,1,1117,623,98,200,1,1,1.0
104,2,1005,740,74,200,1,1,1.0
104,3,867,264,102,200,1,1,1.0
104,4,751,136,86,200,1,1,1.0
105,1,1120,616,96,200,1,1,1.0
105,2,1002,744,84,200,1,1,1.0
105,3,870,272,100,200,1,1,1.0
105,4,755,132,82,200,1,1,1.0
106,1,1124,608,92,200,1,1,1.0
106,2,1009,748,74,200,1,1,1.0
106,3,875,280,94,200,1,1,1.0
106,4,758,128,80,200,1,1,1.0
107,1,1126,600,92,200,1,1,1.0
107,2,1006,752,84,200,1,1,1.0
107,3,874,288,100,200,1,1,1.0
107,4,761,124,78,200,1,1,1.0
108,1,1125,592,98,200,1,1,1.0
108,2,1005,756,90,200,1,1,1.0
108,3,877,295,98,200,1,1,1.0
108,4,765,120,74,200,1,1,1.0
109,1,1132,585,88,200,1,1,1.0
109,2,1012,760,80,200,1,1,1.0
109,3,881,304,94,200,1,1,1.0
109,4,768,117,72,200,1,1,1.0
110,1,1129,576,98,200,1,1,1.0
110,2,1013,763,82,200,1,1,1.0
110,3,881,312,98,200,1,1,1.0
110,4,769,113,74,200,1,1,1.0
111,1,1136,568,88,200,1,1,1.0
111,2,1016,767,80,200,1,1,1.0
111,3,887,320,90,200,1,1,1.0
111,4,770,110,76,200,1,1,1.0
112,1,1139,560,86,200,1,1,1.0
112,2,1020,770,76,200,1,1,1.0
112,3,887,328,94,200,1,1,1.0
112,4,770,108,80,200,1,1,1.0
113,1,1142,552,84,200,1,1,1.0
113,2,1017,772,86,200,1,1,1.0
113,3,889,337,94,200,1,1,1.0
113,4,773,105,78,200,1,1,1.0
114,1,1136,543,100,200,1,1,1.0
114,2,1019,775,86,200,1,1,1.0
114,3,887,345,102,200,1,1,1.0
114,4,777,103,74,200,1,1,1.0
115,1,1146,535,84,200,1,1,1.0
115,2,1024,777,80,200,1,1,1.0
115,3,890,353,100,200,1,1,1.0
115,4,779,100,74,200,1,1,1.0
116,1,1143,527,94,200,1,1,1.0
116,2,1023,780,86,200,1,1,1.0
116,3,893,362,98,200,1,1,1.0
116,4,776,98,84,200,1,1,1.0
117,1,1145,518,94,200,1,1,1.0
117,2,1029,782,78,200,1,1,1.0
117,3,895,371,98,200,1,1,1.0
117,4,780,97,80,200,1,1,1.0
118,1,1145,509,98,200,1,1,1.0
118,2,1030,783,80,200,1,1,1.0
118,3,899,379,94,200,1,1,1.0
118,4,782,95,80,200,1,1,1.0
119,1,1152,501,88,200,1,1,1.0
119,2,1032,785,80,200,1,1,1.0
119,3,896,388,104,200,1,1,1.0
119,4,781,94,86,200,1,1,1.0
120,1,1156,492,84,200,1,1,1.0
120,2,1030,786,88,200,1,1,1.0
120,3,900,397,100,200,1,1,1.0
120,4,784,93,84,200,1,1,1.0
121,1,1154,483,92,200,1,1,1.0
121,2,1038,787,76,200,1,1,1.0
121,3,906,405,92,200,1,1,1.0
121,4,788,92,80,200,1,1,1.0
122,1,1158,475,88,200,1,1,1.0
122,2,1038,788,80,200,1,1,1.0
122,3,904,414,100,200,1,1,1.0
122,4,787,91,86,200,1,1,1.0
123,1,1161,466,86,200,1,1,1.0
123,2,1037,789,86,200,1,1,1.0
123,3,908,423,96,200,1,1,1.0
123,4,791,91,82,200,1,1,1.0
124,1,1164,457,84,200,1,1,1.0
124,2,1041,789,82,200,1,1,1.0
124,3,909,432,98,200,1,1,1.0
124,4,794,91,80,200,1,1,1.0
125,1,1162,448,92,200,1,1,1.0
125,2,1043,789,82,200,1,1,1.0
125,3,914,440,92,200,1,1,1.0
125,4,800,91,72,200,1,1,1.0
126,1,1166,440,88,200,1,1,1.0
126,2,1044,789,84,200,1,1,1.0
126,3,911,448,102,200,1,1,1.0
126,4,802,91,72,200,1,1,1.0
127,1,1169,432,86,200,1,1,1.0
127,2,1048,789,80,200,1,1,1.0
127,3,916,457,96,200,1,1,1.0
127,4,801,91,78,200,1,1,1.0
128,1,1166,423,96,200,1,1,1.0
128,2,1053,789,74,200,1,1,1.0
128,3,920,466,92,200,1,1,1.0
128,4,800,92,84,200,1,1,1.0
129,1,1167,414,98,200,1,1,1.0
129,2,1054,788,76,200,1,1,1.0
129,3,920,475,96,200,1,1,1.0
129,4,804,93,80,200,1,1,1.0
130,1,1169,405,98,200,1,1,1.0
130,2,1055,787,78,200,1,1,1.0
130,3,924,483,92,200,1,1,1.0
130,4,808,94,76,200,1,1,1.0
131,1,1174,397,92,200,1,1,1.0
131,2,1056,786,80,200,1,1,1.0
131,3,922,492,100,200,1,1,1.0
131,4,807,95,82,200,1,1,1.0
132,1,1175,388,94,200,1,1,1.0
132,2,1058,785,80,200,1,1,1.0
132,3,921,501,106,200,1,1,1.0
132,4,812,97,76,200,1,1,1.0
133,1,1176,379,96,200,1,1,1.0
133,2,1062,783,76,200,1,1,1.0
133,3,929,509,94,200,1,1,1.0
133,4,813,98,78,200,1,1,1.0
134,1,1179,371,94,200,1,1,1.0
134,2,1061,782,82,200,1,1,1.0
134,3,929,518,98,200,1,1,1.0
134,4,812,100,84,200,1,1,1.0
135,1,1181,362,94,200,1,1,1.0
135,2,1064,780,80,200,1,1,1.0
135,3,933,527,94,200,1,1,1.0
135,4,815,103,82,200,1,1,1.0
136,1,1186,353,88,200,1,1,1.0
136,2,1063,777,86,200,1,1,1.0
136,3,931,535,102,200,1,1,1.0
136,4,817,105,82,200,1,1,1.0
137,1,1183,345,98,200,1,1,1.0
137,2,1064,775,88,200,1,1,1.0
137,3,935,543,98,200,1,1,1.0
137,4,818,108,84,200,1,1,1.0
138,1,1190,337,88,200,1,1,1.0
138,2,1070,772,80,200,1,1,1.0
138,3,937,552,98,200,1,1,1.0
138,4,821,110,82,200,1,1,1.0
139,1,1189,328,94,200,1,1,1.0
139,2,1069,770,86,200,1,1,1.0
139,3,941,560,94,200,1,1,1.0
139,4,826,113,76,200,1,1,1.0
140,1,1189,320,98,200,1,1,1.0
140,2,1070,767,88,200,1,1,1.0
140,3,942,568,96,200,1,1,1.0
140,4,824,117,84,200,1,1,1.0
141,1,1191,312,98,200,1,1,1.0
141,2,1078,763,76,200,1,1,1.0
141,3,940,576,104,200,1,1,1.0
141,4,827,120,82,200,1,1,1.0
142,1,1195,304,94,200,1,1,1.0
142,2,1080,760,76,200,1,1,1.0
142,3,945,585,98,200,1,1,1.0
142,4,830,124,80,200,1,1,1.0
143,1,1198,295,92,200,1,1,1.0
143,2,1082,756,76,200,1,1,1.0
143,3,947,592,98,200,1,1,1.0
143,4,831,128,82,200,1,1,1.0
144,1,1201,288,90,200,1,1,1.0
144,2,1080,752,84,200,1,1,1.0
144,3,945,600,106,200,1,1,1.0
144,4,832,132,84,200,1,1,1.0
145,1,1203,280,90,200,1,1,1.0
145,2,1084,748,80,200,1,1,1.0
145,3,951,608,98,200,1,1,1.0
145,4,834,136,84,200,1,1,1.0
146,1,1206,272,88,200,1,1,1.0
146,2,1086,744,80,200,1,1,1.0
146,3,949,616,106,200,1,1,1.0
146,4,836,140,84,200,1,1,1.0
147,1,1203,264,98,200,1,1,1.0
147,2,1084,740,88,200,1,1,1.0
147,3,954,623,100,200,1,1,1.0
147,4,838,145,84,200,1,1,1.0
148,1,1204,257,100,200,1,1,1.0
148,2,1090,735,80,200,1,1,1.0
148,3,955,631,102,200,1,1,1.0
148,4,840,150,84,200,1,1,1.0
149,1,1207,249,98,200,1,1,1.0
149,2,1092,730,80,200,1,1,1.0
149,3,959,638,98,200,1,1,1.0
149,4,844,155,80,200,1,1,1.0
150,1,1211,242,94,200,1,1,1.0
150,2,1095,725,78,200,1,1,1.0
150,3,961,645,98,200,1,1,1.0
150,4,848,160,76,200,1,1,1.0
151,1,1213,235,94,200,1,1,1.0
151,2,1095,720,82,200,1,1,1.0
151,3,966,652,92,200,1,1,1.0
151,4,847,165,82,200,1,1,1.0
152,1,1217,228,90,200,1,1,1.0
152,2,1095,715,86,200,1,1,1.0
152,3,968,659,92,200,1,1,1.0
152,4,852,171,76,200,1,1,1.0
153,1,1217,221,94,200,1,1,1.0
153,2,1099,709,82,200,1,1,1.0
153,3,966,666,100,200,1,1,1.0
153,4,855,177,74,200,1,1,1.0
154,1,1221,214,90,200,1,1,1.0
154,2,1102,703,80,200,1,1,1.0
154,3,967,673,102,200,1,1,1.0
154,4,857,182,74,200,1,1,1.0
155,1,1225,207,86,200,1,1,1.0
155,2,1102,698,84,200,1,1,1.0
155,3,974,679,92,200,1,1,1.0
155,4,853,188,86,200,1,1,1.0
156,1,1226,201,88,200,1,1,1.0
156,2,1102,692,88,200,1,1,1.0
156,3,974,685,96,200,1,1,1.0
156,4,857,195,82,200,1,1,1.0
157,1,1225,195,94,200,1,1,1.0
157,2,1103,685,90,200,1,1,1.0
157,3,977,692,94,200,1,1,1.0
157,4,859,201,82,200,1,1,1.0
158,1,1227,188,94,200,1,1,1.0
158,2,1112,679,76,200,1,1,1.0
158,3,978,698,96,200,1,1,1.0
158,4,860,207,84,200,1,1,1.0
159,1,1229,182,94,200,1,1,1.0
159,2,1111,673,82,200,1,1,1.0
159,3,982,703,92,200,1,1,1.0
159,4,866,214,76,200,1,1,1.0
160,1,1231,177,94,200,1,1,1.0
160,2,1110,666,88,200,1,1,1.0
160,3,981,709,98,200,1,1,1.0
160,4,865,221,82,200,1,1,1.0
161,1,1233,171,94,200,1,1,1.0
161,2,1112,659,88,200,1,1,1.0
161,3,983,715,98,200,1,1,1.0
161,4,870,228,76,200,1,1,1.0
162,1,1239,165,86,200,1,1,1.0
162,2,1119,652,78,200,1,1,1.0
162,3,982,720,104,200,1,1,1.0
162,4,871,235,78,200,1,1,1.0
163,1,1239,160,90,200,1,1,1.0
163,2,1123,645,74,200,1,1,1.0
163,3,990,725,92,200,1,1,1.0
163,4,876,242,72,200,1,1,1.0
164,1,1243,155,86,200,1,1,1.0
164,2,1124,638,76,200,1,1,1.0
164,3,986,730,104,200,1,1,1.0
164,4,874,249,80,200,1,1,1.0
165,1,1245,150,86,200,1,1,1.0
165,2,1127,631,74,200,1,1,1.0
165,3,989,735,102,200,1,1,1.0
165,4,878,257,76,200,1,1,1.0
166,1,1245,145,90,200,1,1,1.0
166,2,1122,623,88,200,1,1,1.0
166,3,993,740,98,200,1,1,1.0
166,4,877,264,82,200,1,1,1.0
167,1,1244,140,96,200,1,1,1.0
167,2,1129,616,78,200,1,1,1.0
167,3,995,744,98,200,1,1,1.0
167,4,881,272,78,200,1,1,1.0
168,1,1251,136,86,200,1,1,1.0
168,2,1128,608,84,200,1,1,1.0
168,3,1000,748,92,200,1,1,1.0
168,4,882,280,80,200,1,1,1.0
169,1,1250,132,92,200,1,1,1.0
169,2,1127,600,90,200,1,1,1.0
169,3,995,752,106,200,1,1,1.0
169,4,883,288,82,200,1,1,1.0
170,1,1251,128,94,200,1,1,1.0
170,2,1136,592,76,200,1,1,1.0
170,3,997,756,106,200,1,1,1.0
170,4,889,295,74,200,1,1,1.0
171,1,1254,124,92,200,1,1,1.0
171,2,1137,585,78,200,1,1,1.0
171,3,1004,760,96,200,1,1,1.0
171,4,892,304,72,200,1,1,1.0
172,1,1255,120,94,200,1,1,1.0
172,2,1136,576,84,200,1,1,1.0
172,3,1008,763,92,200,1,1,1.0
172,4,889,312,82,200,1,1,1.0
173,1,1255,117,98,200,1,1,1.0
173,2,1136,568,88,200,1,1,1.0
173,3,1010,767,92,200,1,1,1.0
173,4,896,320,72,200,1,1,1.0
174,1,1264,113,84,200,1,1,1.0
174,2,1144,560,76,200,1,1,1.0
174,3,1012,770,92,200,1,1,1.0
174,4,897,328,74,200,1,1,1.0
175,1,1261,110,94,200,1,1,1.0
175,2,1140,552,88,200,1,1,1.0
175,3,1011,772,98,200,1,1,1.0
175,4,900,337,72,200,1,1,1.0
176,1,1267,108,86,200,1,1,1.0
176,2,1145,543,82,200,1,1,1.0
176,3,1010,775,104,200,1,1,1.0
176,4,895,345,86,200,1,1,1.0
177,1,1264,105,96,200,1,1,1.0
177,2,1145,535,86,200,1,1,1.0
177,3,1018,777,92,200,1,1,1.0
177,4,904,353,72,200,1,1,1.0
178,1,1265,103,98,200,1,1,1.0
178,2,1151,527,78,200,1,1,1.0
178,3,1014,780,104,200,1,1,1.0
178,4,899,362,86,200,1,1,1.0
179,1,1268,100,96,200,1,1,1.0
179,2,1148,518,88,200,1,1,1.0
179,3,1019,782,98,200,1,1,1.0
179,4,901,371,86,200,1,1,1.0
180,1,1271,98,94,200,1,1,1.0
180,2,1156,509,76,200,1,1,1.0
180,3,1020,783,100,200,1,1,1.0
180,4,904,379,84,200,1,1,1.0
181,1,1272,97,96,200,1,1,1.0
181,2,1154,501,84,200,1,1,1.0
181,3,1027,785,90,200,1,1,1.0
181,4,907,388,82,200,1,1,1.0
182,1,1276,95,92,200,1,1,1.0
182,2,1160,492,76,200,1,1,1.0
182,3,1027,786,94,200,1,1,1.0
182,4,911,397,78,200,1,1,1.0
183,1,1277,94,94,200,1,1,1.0
183,2,1155,483,90,200,1,1,1.0
183,3,1026,787,100,200,1,1,1.0
183,4,914,405,76,200,1,1,1.0
184,1,1282,93,88,200,1,1,1.0
184,2,1161,475,82,200,1,1,1.0
184,3,1028,788,100,200,1,1,1.0
184,4,911,414,86,200,1,1,1.0
185,1,1283,92,90,200,1,1,1.0
185,2,1165,466,78,200,1,1,1.0
185,3,1028,789,104,200,1,1,1.0
185,4,915,423,82,200,1,1,1.0
186,1,1287,91,86,200,1,1,1.0
186,2,1164,457,84,200,1,1,1.0
186,3,1036,789,92,200,1,1,1.0
186,4,919,432,78,200,1,1,1.0
187,1,1283,91,98,200,1,1,1.0
187,2,1171,448,74,200,1,1,1.0
187,3,1035,789,98,200,1,1,1.0
187,4,923,440,74,200,1,1,1.0
188,1,1292,91,84,200,1,1,1.0
188,2,1168,440,84,200,1,1,1.0
188,3,1041,789,90,200,1,1,1.0
188,4,925,448,74,200,1,1,1.0
189,1,1288,91,96,200,1,1,1.0
189,2,1172,432,80,200,1,1,1.0
189,3,1043,789,90,200,1,1,1.0
189,4,923,457,82,200,1,1,1.0
190,1,1294,91,88,200,1,1,1.0
190,2,1175,423,78,200,1,1,1.0
190,3,1043,789,94,200,1,1,1.0
190,4,928,466,76,200,1,1,1.0
191,1,1293,91,94,200,1,1,1.0
191,2,1175,414,82,200,1,1,1.0
191,3,1043,788,98,200,1,1,1.0
191,4,930,475,76,200,1,1,1.0
192,1,1295,92,94,200,1,1,1.0
192,2,1175,405,86,200,1,1,1.0
192,3,1043,787,102,200,1,1,1.0
192,4,931,483,78,200,1,1,1.0
193,1,1300,93,88,200,1,1,1.0
193,2,1181,397,78,200,1,1,1.0
193,3,1050,786,92,200,1,1,1.0
193,4,934,492,76,200,1,1,1.0
194,1,1299,94,94,200,1,1,1.0
194,2,1177,388,90,200,1,1,1.0
194,3,1050,785,96,200,1,1,1.0
194,4,932,501,84,200,1,1,1.0
195,1,1302,95,92,200,1,1,1.0
195,2,1183,379,82,200,1,1,1.0
195,3,1055,783,90,200,1,1,1.0
195,4,934,509,84,200,1,1,1.0
196,1,1305,97,90,200,1,1,1.0
196,2,1184,371,84,200,1,1,1.0
196,3,1050,782,104,200,1,1,1.0
196,4,935,518,86,200,1,1,1.0
197,1,1309,98,86,200,1,1,1.0
197,2,1185,362,86,200,1,1,1.0
197,3,1059,780,90,200,1,1,1.0
197,4,944,527,72,200,1,1,1.0
198,1,1309,100,90,200,1,1,1.0
198,2,1188,353,84,200,1,1,1.0
198,3,1060,777,92,200,1,1,1.0
198,4,943,535,78,200,1,1,1.0
199,1,1314,103,84,200,1,1,1.0
199,2,1188,345,88,200,1,1,1.0
199,3,1061,775,94,200,1,1,1.0
199,4,946,543,76,200,1,1,1.0
200,1,1308,105,100,200,1,1,1.0
200,2,1195,337,78,200,1,1,1.0
200,3,1064,772,92,200,1,1,1.0
200,4,948,552,76,200,1,1,1.0
201,1,1316,108,88,200,1,1,1.0
201,2,1195,328,82,200,1,1,1.0
201,3,1061,770,102,200,1,1,1.0
201,4,950,560,76,200,1,1,1.0
202,1,1316,110,92,200,1,1,1.0
202,2,1199,320,78,200,1,1,1.0
202,3,1067,767,94,200,1,1,1.0
202,4,948,568,84,200,1,1,1.0
203,1,1316,113,96,200,1,1,1.0
203,2,1200,312,80,200,1,1,1.0
203,3,1064,763,104,200,1,1,1.0
203,4,953,576,78,200,1,1,1.0
204,1,1319,117,94,200,1,1,1.0
204,2,1199,304,86,200,1,1,1.0
204,3,1070,760,96,200,1,1,1.0
204,4,954,585,80,200,1,1,1.0
205,1,1319,120,98,200,1,1,1.0
205,2,1203,295,82,200,1,1,1.0
205,3,1067,756,106,200,1,1,1.0
205,4,959,592,74,200,1,1,1.0
206,1,1322,124,96,200,1,1,1.0
206,2,1204,288,84,200,1,1,1.0
206,3,1072,752,100,200,1,1,1.0
206,4,958,600,80,200,1,1,1.0
207,1,1327,128,90,200,1,1,1.0
207,2,1209,280,78,200,1,1,1.0
207,3,1074,748,100,200,1,1,1.0
207,4,962,608,76,200,1,1,1.0
208,1,1328,132,92,200,1,1,1.0
208,2,1212,272,76,200,1,1,1.0
208,3,1078,744,96,200,1,1,1.0
208,4,965,616,74,200,1,1,1.0
209,1,1329,136,94,200,1,1,1.0
209,2,1214,264,76,200,1,1,1.0
209,3,1080,740,96,200,1,1,1.0
209,4,967,623,74,200,1,1,1.0
210,1,1336,140,84,200,1,1,1.0
210,2,1211,257,86,200,1,1,1.0
210,3,1078,735,104,200,1,1,1.0
210,4,969,631,74,200,1,1,1.0
211,1,1338,145,84,200,1,1,1.0
211,2,1211,249,90,200,1,1,1.0
211,3,1086,730,92,200,1,1,1.0
211,4,965,638,86,200,1,1,1.0
212,1,1339,150,86,200,1,1,1.0
212,2,1217,242,82,200,1,1,1.0
212,3,1081,725,106,200,1,1,1.0
212,4,970,645,80,200,1,1,1.0
213,1,1340,155,88,200,1,1,1.0
213,2,1221,235,78,200,1,1,1.0
213,3,1085,720,102,200,1,1,1.0
213,4,971,652,82,200,1,1,1.0
214,1,1337,160,98,200,1,1,1.0
214,2,1225,228,74,200,1,1,1.0
214,3,1088,715,100,200,1,1,1.0
214,4,977,659,74,200,1,1,1.0
215,1,1345,165,86,200,1,1,1.0
215,2,1220,221,88,200,1,1,1.0
215,3,1095,709,90,200,1,1,1.0
215,4,975,666,82,200,1,1,1.0
216,1,1345,171,90,200,1,1,1.0
216,2,1223,214,86,200,1,1,1.0
216,3,1089,703,106,200,1,1,1.0
216,4,976,673,84,200,1,1,1.0
217,1,1350,177,84,200,1,1,1.0
217,2,1223,207,90,200,1,1,1.0
217,3,1098,698,92,200,1,1,1.0
217,4,979,679,82,200,1,1,1.0
218,1,1352,182,84,200,1,1,1.0
218,2,1226,201,88,200,1,1,1.0
218,3,1097,692,98,200,1,1,1.0
218,4,980,685,84,200,1,1,1.0
219,1,1350,188,92,200,1,1,1.0
219,2,1230,195,84,200,1,1,1.0
219,3,1101,685,94,200,1,1,1.0
219,4,987,692,74,200,1,1,1.0
220,1,1355,195,86,200,1,1,1.0
220,2,1230,188,88,200,1,1,1.0
220,3,1104,679,92,200,1,1,1.0
220,4,988,698,76,200,1,1,1.0
221,1,1353,201,94,200,1,1,1.0
221,2,1234,182,84,200,1,1,1.0
221,3,1100,673,104,200,1,1,1.0
221,4,986,703,84,200,1,1,1.0
222,1,1354,207,96,200,1,1,1.0
222,2,1238,177,80,200,1,1,1.0
222,3,1107,666,94,200,1,1,1.0
222,4,994,709,72,200,1,1,1.0
223,1,1361,214,86,200,1,1,1.0
223,2,1238,171,84,200,1,1,1.0
223,3,1106,659,100,200,1,1,1.0
223,4,990,715,84,200,1,1,1.0
224,1,1359,221,94,200,1,1,1.0
224,2,1242,165,80,200,1,1,1.0
224,3,1111,652,94,200,1,1,1.0
224,4,996,720,76,200,1,1,1.0
225,1,1366,228,84,200,1,1,1.0
225,2,1242,160,84,200,1,1,1.0
225,3,1114,645,92,200,1,1,1.0
225,4,993,725,86,200,1,1,1.0
226,1,1362,235,96,200,1,1,1.0
226,2,1249,155,74,200,1,1,1.0
226,3,1113,638,98,200,1,1,1.0
226,4,999,730,78,200,1,1,1.0
227,1,1363,242,98,200,1,1,1.0
227,2,1246,150,84,200,1,1,1.0
227,3,1117,631,94,200,1,1,1.0
227,4,997,735,86,200,1,1,1.0
228,1,1366,249,96,200,1,1,1.0
228,2,1248,145,84,200,1,1,1.0
228,3,1119,623,94,200,1,1,1.0
228,4,1004,740,76,200,1,1,1.0
229,1,1374,257,84,200,1,1,1.0
229,2,1253,140,78,200,1,1,1.0
229,3,1122,616,92,200,1,1,1.0
229,4,1007,744,74,200,1,1,1.0
230,1,1370,264,96,200,1,1,1.0
230,2,1253,136,82,200,1,1,1.0
230,3,1117,608,106,200,1,1,1.0
230,4,1003,748,86,200,1,1,1.0
231,1,1370,272,100,200,1,1,1.0
231,2,1254,132,84,200,1,1,1.0
231,3,1126,600,92,200,1,1,1.0
231,4,1011,752,74,200,1,1,1.0
232,1,1377,280,90,200,1,1,1.0
232,2,1259,128,78,200,1,1,1.0
232,3,1125,592,98,200,1,1,1.0
232,4,1012,756,76,200,1,1,1.0
233,1,1374,288,100,200,1,1,1.0
233,2,1255,124,90,200,1,1,1.0
233,3,1127,585,98,200,1,1,1.0
233,4,1013,760,78,200,1,1,1.0
234,1,1378,295,96,200,1,1,1.0
234,2,1264,120,76,200,1,1,1.0
234,3,1129,576,98,200,1,1,1.0
234,4,1015,763,78,200,1,1,1.0
235,1,1380,304,96,200,1,1,1.0
235,2,1261,117,86,200,1,1,1.0
235,3,1131,568,98,200,1,1,1.0
235,4,1017,767,78,200,1,1,1.0
236,1,1387,312,86,200,1,1,1.0
236,2,1267,113,78,200,1,1,1.0
236,3,1134,560,96,200,1,1,1.0
236,4,1017,770,82,200,1,1,1.0
237,1,1384,320,96,200,1,1,1.0
237,2,1265,110,86,200,1,1,1.0
237,3,1132,552,104,200,1,1,1.0
237,4,1018,772,84,200,1,1,1.0
238,1,1387,328,94,200,1,1,1.0
238,2,1270,108,80,200,1,1,1.0
238,3,1134,543,104,200,1,1,1.0
238,4,1024,775,76,200,1,1,1.0
239,1,1392,337,88,200,1,1,1.0
239,2,1270,105,84,200,1,1,1.0
239,3,1138,535,100,200,1,1,1.0
239,4,1025,777,78,200,1,1,1.0
240,1,1394,345,88,200,1,1,1.0
240,2,1275,103,78,200,1,1,1.0
240,3,1141,527,98,200,1,1,1.0
240,4,1025,780,82,200,1,1,1.0
241,1,1392,353,96,200,1,1,1.0
241,2,1271,100,90,200,1,1,1.0
241,3,1141,518,102,200,1,1,1.0
241,4,1029,782,78,200,1,1,1.0
242,1,1393,362,98,200,1,1,1.0
242,2,1281,98,74,200,1,1,1.0
242,3,1142,509,104,200,1,1,1.0
242,4,1029,783,82,200,1,1,1.0
243,1,1398,371,92,200,1,1,1.0
243,2,1276,97,88,200,1,1,1.0
243,3,1147,501,98,200,1,1,1.0
243,4,1033,785,78,200,1,1,1.0
244,1,1403,379,86,200,1,1,1.0
244,2,1283,95,78,200,1,1,1.0
244,3,1148,492,100,200,1,1,1.0
244,4,1033,786,82,200,1,1,1.0
245,1,1405,388,86,200,1,1,1.0
245,2,1286,94,76,200,1,1,1.0
245,3,1150,483,100,200,1,1,1.0
245,4,1033,787,86,200,1,1,1.0
246,1,1401,397,98,200,1,1,1.0
246,2,1283,93,86,200,1,1,1.0
246,3,1153,475,98,200,1,1,1.0
246,4,1042,788,72,200,1,1,1.0
247,1,1405,405,94,200,1,1,1.0
247,2,1284,92,88,200,1,1,1.0
247,3,1155,466,98,200,1,1,1.0
247,4,1038,789,84,200,1,1,1.0
248,1,1405,414,98,200,1,1,1.0
248,2,1288,91,84,200,1,1,1.0
248,3,1157,457,98,200,1,1,1.0
248,4,1039,789,86,200,1,1,1.0
249,1,1409,423,94,200,1,1,1.0
249,2,1288,91,88,200,1,1,1.0
249,3,1158,448,100,200,1,1,1.0
249,4,1048,789,72,200,1,1,1.0
250,1,1410,432,96,200,1,1,1.0
250,2,1289,91,90,200,1,1,1.0
250,3,1164,440,92,200,1,1,1.0
250,4,1049,789,74,200,1,1,1.0
