1,1,924.52,142.80,65.48,198.95,-1,-1,-1,-1
2,1,923.90,145.17,63.27,201.15,-1,-1,-1,-1
3,1,918.77,143.95,63.16,196.69,-1,-1,-1,-1
4,1,915.70,144.05,63.78,196.84,-1,-1,-1,-1
5,1,910.24,144.65,64.32,195.32,-1,-1,-1,-1
6,1,908.45,144.86,64.61,195.24,-1,-1,-1,-1
7,1,905.60,148.15,65.35,194.49,-1,-1,-1,-1
8,1,900.68,148.10,65.12,194.69,-1,-1,-1,-1
9,1,897.71,147.54,65.16,195.68,-1,-1,-1,-1
10,1,893.53,144.82,64.55,195.47,-1,-1,-1,-1
11,1,890.17,147.28,65.59,197.17,-1,-1,-1,-1
12,1,886.18,147.94,64.68,196.49,-1,-1,-1,-1
13,1,883.20,147.85,64.36,197.02,-1,-1,-1,-1
14,1,877.93,148.39,64.92,196.25,-1,-1,-1,-1
15,1,875.65,149.68,65.59,195.86,-1,-1,-1,-1
16,1,873.21,150.98,65.34,195.71,-1,-1,-1,-1
17,1,868.55,150.98,65.08,196.49,-1,-1,-1,-1
18,1,864.36,151.30,66.21,196.44,-1,-1,-1,-1
19,1,858.86,150.81,68.64,198.86,-1,-1,-1,-1
20,1,856.03,155.09,69.30,197.72,-1,-1,-1,-1
21,1,852.41,155.36,67.95,197.78,-1,-1,-1,-1
22,1,850.15,155.37,68.42,198.10,-1,-1,-1,-1
23,1,846.85,156.22,69.36,197.02,-1,-1,-1,-1
24,1,843.23,156.93,69.21,196.54,-1,-1,-1,-1
25,1,839.69,158.60,69.12,194.33,-1,-1,-1,-1
26,1,836.71,158.72,67.18,196.29,-1,-1,-1,-1
27,1,833.28,159.36,68.17,195.90,-1,-1,-1,-1
28,1,828.18,163.20,67.96,196.57,-1,-1,-1,-1
29,1,827.28,162.07,67.85,199.89,-1,-1,-1,-1
30,1,825.59,162.88,67.83,199.43,-1,-1,-1,-1
31,1,823.64,165.24,68.95,198.18,-1,-1,-1,-1
32,1,819.56,165.16,69.15,199.63,-1,-1,-1,-1
33,1,816.72,167.22,69.80,197.05,-1,-1,-1,-1
34,1,814.93,170.07,69.78,199.54,-1,-1,-1,-1
35,1,810.62,170.06,70.17,200.01,-1,-1,-1,-1
36,1,808.69,171.71,70.10,198.69,-1,-1,-1,-1
37,1,807.21,173.45,70.14,199.10,-1,-1,-1,-1
38,1,803.90,174.13,68.82,198.13,-1,-1,-1,-1
39,1,801.41,177.68,70.45,199.75,-1,-1,-1,-1
40,1,799.61,178.63,70.13,199.86,-1,-1,-1,-1
41,1,798.43,180.41,70.17,199.45,-1,-1,-1,-1
42,1,794.15,180.62,70.80,200.78,-1,-1,-1,-1
43,1,792.02,182.02,71.13,200.44,-1,-1,-1,-1
44,1,790.61,186.72,71.09,199.17,-1,-1,-1,-1
45,1,790.30,187.98,70.63,198.96,-1,-1,-1,-1
46,1,786.47,188.88,71.16,199.67,-1,-1,-1,-1
47,1,785.26,193.31,70.92,200.64,-1,-1,-1,-1
48,1,784.57,194.17,70.93,200.83,-1,-1,-1,-1
49,1,783.93,195.81,69.65,199.96,-1,-1,-1,-1
50,1,783.07,197.88,70.18,200.29,-1,-1,-1,-1
51,1,782.42,201.89,70.87,200.19,-1,-1,-1,-1
52,1,778.81,202.46,70.75,200.94,-1,-1,-1,-1
53,1,777.81,204.74,71.53,200.75,-1,-1,-1,-1
54,1,776.94,208.59,71.54,202.45,-1,-1,-1,-1
55,1,776.90,209.63,71.20,202.46,-1,-1,-1,-1
56,1,776.34,210.89,70.51,202.77,-1,-1,-1,-1
57,1,775.19,217.29,70.56,200.69,-1,-1,-1,-1
58,1,775.44,218.44,70.12,200.33,-1,-1,-1,-1
59,1,775.22,219.85,69.49,201.33,-1,-1,-1,-1
60,1,774.00,221.38,70.83,201.59,-1,-1,-1,-1
61,1,774.77,225.04,69.90,202.56,-1,-1,-1,-1
62,1,775.16,226.72,69.77,202.16,-1,-1,-1,-1
63,1,775.29,229.99,69.85,200.74,-1,-1,-1,-1
64,1,775.12,233.90,70.18,200.47,-1,-1,-1,-1
65,1,775.32,235.32,69.64,201.29,-1,-1,-1,-1
66,1,774.38,237.49,70.83,201.70,-1,-1,-1,-1
67,1,774.49,241.09,70.77,202.07,-1,-1,-1,-1
68,1,774.66,243.89,70.59,202.19,-1,-1,-1,-1
69,1,774.10,248.84,72.28,201.14,-1,-1,-1,-1
70,1,772.84,249.66,75.45,201.98,-1,-1,-1,-1
71,1,773.46,251.56,74.74,203.68,-1,-1,-1,-1
72,1,773.88,256.43,75.64,202.11,-1,-1,-1,-1
73,1,774.48,258.00,75.76,202.67,-1,-1,-1,-1
74,1,775.34,261.33,75.23,201.60,-1,-1,-1,-1
75,1,775.70,264.98,75.93,201.60,-1,-1,-1,-1
76,1,774.94,267.79,77.47,200.94,-1,-1,-1,-1
77,1,774.90,269.78,78.17,201.05,-1,-1,-1,-1
78,1,780.01,273.45,76.52,201.55,-1,-1,-1,-1
79,1,781.88,276.99,76.09,200.39,-1,-1,-1,-1
80,1,782.22,280.92,76.46,201.50,-1,-1,-1,-1
81,1,783.19,283.70,77.32,200.53,-1,-1,-1,-1
82,1,782.98,286.25,77.41,200.10,-1,-1,-1,-1
83,1,788.09,290.38,76.10,200.07,-1,-1,-1,-1
84,1,789.70,292.82,75.71,200.53,-1,-1,-1,-1
85,1,790.06,297.90,76.85,199.94,-1,-1,-1,-1
86,1,791.18,300.06,76.79,199.69,-1,-1,-1,-1
87,1,792.00,302.40,76.16,199.03,-1,-1,-1,-1
88,1,796.51,307.35,76.63,200.74,-1,-1,-1,-1
89,1,798.38,310.49,75.44,198.89,-1,-1,-1,-1
90,1,799.74,314.39,75.91,199.97,-1,-1,-1,-1
91,1,799.07,316.45,77.65,200.14,-1,-1,-1,-1
92,1,804.82,317.55,75.89,201.50,-1,-1,-1,-1
93,1,807.45,322.03,74.60,204.71,-1,-1,-1,-1
94,1,808.41,324.12,74.15,203.77,-1,-1,-1,-1
95,1,812.95,328.42,75.23,206.34,-1,-1,-1,-1
96,1,815.36,331.45,74.03,204.57,-1,-1,-1,-1
97,1,815.39,334.77,76.75,207.41,-1,-1,-1,-1
98,1,820.20,338.07,76.80,205.72,-1,-1,-1,-1
99,1,822.87,345.36,75.74,203.28,-1,-1,-1,-1
100,1,827.36,348.25,77.83,198.25,-1,-1,-1,-1
101,1,830.65,351.76,75.45,193.30,-1,-1,-1,-1
102,1,830.29,352.81,78.66,192.73,-1,-1,-1,-1
103,1,835.23,357.71,80.90,194.03,-1,-1,-1,-1
104,1,835.41,360.70,83.89,191.92,-1,-1,-1,-1
105,1,841.92,364.26,82.74,199.53,-1,-1,-1,-1
106,1,843.20,366.67,82.93,195.83,-1,-1,-1,-1
107,1,850.27,370.52,81.51,202.70,-1,-1,-1,-1
108,1,850.77,372.49,81.99,213.89,-1,-1,-1,-1
109,1,851.89,376.78,80.98,206.24,-1,-1,-1,-1
110,1,857.43,381.86,83.61,211.42,-1,-1,-1,-1
1,2,920.83,739.11,85.79,203.62,-1,-1,-1,-1
2,2,920.85,739.83,84.27,201.69,-1,-1,-1,-1
3,2,914.46,739.65,84.15,201.61,-1,-1,-1,-1
4,2,912.72,739.58,84.04,202.13,-1,-1,-1,-1
5,2,907.00,739.38,83.00,201.79,-1,-1,-1,-1
6,2,905.50,740.69,83.12,200.81,-1,-1,-1,-1
7,2,898.10,739.92,84.30,201.15,-1,-1,-1,-1
8,2,896.28,739.68,84.80,200.94,-1,-1,-1,-1
9,2,890.57,739.82,84.48,200.32,-1,-1,-1,-1
10,2,889.49,739.20,84.12,201.73,-1,-1,-1,-1
11,2,883.12,738.49,83.86,202.09,-1,-1,-1,-1
12,2,881.35,738.73,84.80,201.89,-1,-1,-1,-1
13,2,875.08,739.40,84.45,200.05,-1,-1,-1,-1
14,2,874.82,739.65,82.46,199.58,-1,-1,-1,-1
15,2,873.03,739.15,83.92,199.53,-1,-1,-1,-1
16,2,866.71,738.69,83.45,198.30,-1,-1,-1,-1
17,2,866.18,734.17,82.45,199.82,-1,-1,-1,-1
18,2,858.92,734.11,83.23,199.44,-1,-1,-1,-1
19,2,857.99,734.65,83.43,197.62,-1,-1,-1,-1
20,2,856.82,734.20,83.76,198.02,-1,-1,-1,-1
21,2,850.77,733.43,83.01,197.81,-1,-1,-1,-1
22,2,850.23,732.15,81.70,199.80,-1,-1,-1,-1
23,2,843.77,732.05,81.95,199.76,-1,-1,-1,-1
24,2,842.17,731.16,83.43,200.32,-1,-1,-1,-1
25,2,835.30,731.35,83.10,199.16,-1,-1,-1,-1
26,2,834.09,729.82,83.55,201.29,-1,-1,-1,-1
27,2,833.47,725.10,83.25,201.51,-1,-1,-1,-1
28,2,827.02,725.22,82.64,199.62,-1,-1,-1,-1
29,2,825.86,723.87,83.46,201.70,-1,-1,-1,-1
30,2,825.00,723.46,84.39,202.26,-1,-1,-1,-1
31,2,818.26,722.46,84.25,201.37,-1,-1,-1,-1
32,2,817.82,721.84,83.65,202.36,-1,-1,-1,-1
33,2,817.28,720.66,83.38,204.28,-1,-1,-1,-1
34,2,811.71,715.88,81.73,202.38,-1,-1,-1,-1
35,2,810.08,713.70,83.52,204.74,-1,-1,-1,-1
36,2,808.98,713.49,84.92,205.08,-1,-1,-1,-1
37,2,802.31,713.07,85.27,204.18,-1,-1,-1,-1
38,2,800.77,712.87,86.37,203.76,-1,-1,-1,-1
39,2,797.51,706.02,92.33,206.29,-1,-1,-1,-1
40,2,797.46,705.21,91.65,206.94,-1,-1,-1,-1
41,2,791.77,705.20,89.60,205.80,-1,-1,-1,-1
42,2,791.03,704.81,89.84,206.03,-1,-1,-1,-1
43,2,790.03,702.96,90.90,208.35,-1,-1,-1,-1
44,2,790.07,702.90,90.31,207.99,-1,-1,-1,-1
45,2,784.50,698.00,88.22,204.93,-1,-1,-1,-1
46,2,783.73,696.89,89.10,205.39,-1,-1,-1,-1
1,3,921.77,428.62,84.04,216.56,-1,-1,-1,-1
2,3,919.77,426.14,89.74,220.55,-1,-1,-1,-1
3,3,926.89,423.98,88.96,225.28,-1,-1,-1,-1
4,3,928.84,420.20,87.86,231.08,-1,-1,-1,-1
5,3,935.67,416.44,87.04,237.76,-1,-1,-1,-1
6,3,937.54,414.84,84.91,240.86,-1,-1,-1,-1
7,3,944.11,412.33,85.92,246.53,-1,-1,-1,-1
8,3,944.62,408.66,86.84,256.09,-1,-1,-1,-1
9,3,943.15,404.62,91.26,263.71,-1,-1,-1,-1
10,3,949.11,401.77,92.88,268.74,-1,-1,-1,-1
11,3,957.38,397.54,92.65,279.06,-1,-1,-1,-1
12,3,957.64,391.80,94.30,291.73,-1,-1,-1,-1
13,3,961.92,387.47,100.42,299.13,-1,-1,-1,-1
14,3,965.92,385.51,107.64,302.91,-1,-1,-1,-1
15,3,964.67,382.43,111.88,308.78,-1,-1,-1,-1
17,4,980.70,377.72,79.29,218.57,-1,-1,-1,-1
18,4,986.94,372.75,79.93,216.09,-1,-1,-1,-1
19,4,988.14,367.97,79.54,224.22,-1,-1,-1,-1
20,4,989.06,365.54,78.92,213.54,-1,-1,-1,-1
21,4,996.11,363.05,78.08,216.36,-1,-1,-1,-1
22,4,997.25,356.71,78.61,214.87,-1,-1,-1,-1
23,4,1002.93,351.51,79.68,211.01,-1,-1,-1,-1
24,4,1005.88,350.13,75.94,211.08,-1,-1,-1,-1
25,4,1010.84,345.65,69.27,208.05,-1,-1,-1,-1
26,4,1017.88,343.93,68.22,207.33,-1,-1,-1,-1
27,4,1020.31,340.89,66.80,210.33,-1,-1,-1,-1
28,4,1025.49,335.32,67.44,210.76,-1,-1,-1,-1
29,4,1028.43,332.77,64.52,210.50,-1,-1,-1,-1
30,4,1029.62,327.16,63.95,212.11,-1,-1,-1,-1
31,4,1035.02,324.14,62.43,213.31,-1,-1,-1,-1
32,4,1037.57,318.85,61.54,212.99,-1,-1,-1,-1
33,4,1037.61,315.04,63.20,216.68,-1,-1,-1,-1
34,4,1037.99,313.54,63.02,217.68,-1,-1,-1,-1
35,4,1043.74,307.63,61.93,218.18,-1,-1,-1,-1
36,4,1045.14,307.45,61.97,214.02,-1,-1,-1,-1
37,4,1046.95,301.38,61.27,214.25,-1,-1,-1,-1
38,4,1050.92,298.88,63.29,217.35,-1,-1,-1,-1
39,4,1053.05,292.61,62.71,218.01,-1,-1,-1,-1
40,4,1053.51,289.43,63.30,219.80,-1,-1,-1,-1
41,4,1054.40,286.61,63.07,213.59,-1,-1,-1,-1
42,4,1058.26,284.99,63.45,215.21,-1,-1,-1,-1
43,4,1059.95,285.07,62.85,211.17,-1,-1,-1,-1
44,4,1062.21,281.54,61.04,208.71,-1,-1,-1,-1
45,4,1062.59,279.27,62.25,210.57,-1,-1,-1,-1
46,4,1067.18,278.26,61.46,209.45,-1,-1,-1,-1
47,4,1067.65,273.17,63.72,209.70,-1,-1,-1,-1
48,4,1068.36,271.34,64.11,210.36,-1,-1,-1,-1
49,4,1066.73,269.47,68.69,210.01,-1,-1,-1,-1
50,4,1067.27,264.37,68.23,209.35,-1,-1,-1,-1
51,4,1067.08,262.96,69.01,207.69,-1,-1,-1,-1
52,4,1071.76,256.77,68.47,210.05,-1,-1,-1,-1
53,4,1074.18,255.04,65.91,210.02,-1,-1,-1,-1
54,4,1074.82,252.78,66.09,212.11,-1,-1,-1,-1
55,4,1075.24,248.40,65.56,210.01,-1,-1,-1,-1
56,4,1075.39,246.38,66.58,209.83,-1,-1,-1,-1
57,4,1076.23,241.28,65.53,209.02,-1,-1,-1,-1
58,4,1075.56,239.81,66.61,210.42,-1,-1,-1,-1
59,4,1076.87,237.76,65.28,214.31,-1,-1,-1,-1
60,4,1077.20,236.21,64.87,214.15,-1,-1,-1,-1
61,4,1076.27,236.09,66.44,212.23,-1,-1,-1,-1
62,4,1077.34,230.41,64.95,211.57,-1,-1,-1,-1
63,4,1077.36,228.75,64.65,210.95,-1,-1,-1,-1
64,4,1077.52,222.58,64.64,212.84,-1,-1,-1,-1
65,4,1077.50,221.30,64.78,211.50,-1,-1,-1,-1
66,4,1077.28,220.40,65.08,211.38,-1,-1,-1,-1
67,4,1077.30,215.35,64.88,210.90,-1,-1,-1,-1
68,4,1077.28,214.49,64.92,208.88,-1,-1,-1,-1
69,4,1077.63,208.92,63.60,208.70,-1,-1,-1,-1
70,4,1079.24,207.46,60.80,208.63,-1,-1,-1,-1
71,4,1079.41,205.84,60.13,209.09,-1,-1,-1,-1
72,4,1078.85,202.47,60.30,207.44,-1,-1,-1,-1
73,4,1079.01,201.87,59.06,206.58,-1,-1,-1,-1
74,4,1077.99,199.76,59.95,206.43,-1,-1,-1,-1
75,4,1077.59,195.83,59.53,203.86,-1,-1,-1,-1
76,4,1077.77,192.72,58.31,206.86,-1,-1,-1,-1
77,4,1075.05,189.82,62.68,210.73,-1,-1,-1,-1
78,4,1074.91,188.09,62.59,212.21,-1,-1,-1,-1
79,4,1070.34,184.10,63.33,209.63,-1,-1,-1,-1
80,4,1069.62,183.38,63.52,208.82,-1,-1,-1,-1
81,4,1068.87,183.32,62.05,206.36,-1,-1,-1,-1
82,4,1068.37,180.11,61.23,203.42,-1,-1,-1,-1
83,4,1067.10,177.31,62.10,206.31,-1,-1,-1,-1
84,4,1062.65,174.34,62.65,209.22,-1,-1,-1,-1
85,4,1061.82,173.24,62.29,210.05,-1,-1,-1,-1
86,4,1060.42,172.69,63.15,210.44,-1,-1,-1,-1
87,4,1058.87,168.09,63.51,211.00,-1,-1,-1,-1
88,4,1057.74,165.92,64.11,212.78,-1,-1,-1,-1
89,4,1051.54,163.82,67.87,214.46,-1,-1,-1,-1
90,4,1049.58,164.29,67.50,213.09,-1,-1,-1,-1
91,4,1049.74,160.52,65.36,210.42,-1,-1,-1,-1
92,4,1044.97,158.21,65.79,212.62,-1,-1,-1,-1
93,4,1042.25,157.33,67.63,213.61,-1,-1,-1,-1
94,4,1040.21,153.88,69.41,219.33,-1,-1,-1,-1
95,4,1035.61,154.49,67.88,216.76,-1,-1,-1,-1
96,4,1034.80,155.42,65.30,215.15,-1,-1,-1,-1
97,4,1029.39,150.32,64.48,214.17,-1,-1,-1,-1
98,4,1028.49,150.64,64.96,212.72,-1,-1,-1,-1
99,4,1026.09,150.41,67.39,212.78,-1,-1,-1,-1
100,4,1023.77,148.02,69.19,214.78,-1,-1,-1,-1
101,4,1019.41,148.42,67.68,211.99,-1,-1,-1,-1
102,4,1017.48,148.65,67.29,211.44,-1,-1,-1,-1
103,4,1013.17,145.72,64.49,208.01,-1,-1,-1,-1
104,4,1009.59,145.64,68.45,207.55,-1,-1,-1,-1
105,4,1007.55,146.00,69.05,204.97,-1,-1,-1,-1
106,4,1003.10,145.34,68.46,205.04,-1,-1,-1,-1
107,4,1001.18,146.52,67.10,201.89,-1,-1,-1,-1
108,4,995.96,144.66,66.27,204.10,-1,-1,-1,-1
109,4,993.37,144.17,68.34,207.10,-1,-1,-1,-1
110,4,987.51,143.47,68.24,207.80,-1,-1,-1,-1
111,4,987.02,143.38,66.18,207.63,-1,-1,-1,-1
112,4,985.10,143.44,66.79,205.58,-1,-1,-1,-1
113,4,980.10,140.09,66.30,203.45,-1,-1,-1,-1
114,4,975.10,142.43,71.39,207.08,-1,-1,-1,-1
115,4,970.14,142.54,69.37,207.01,-1,-1,-1,-1
116,4,969.20,143.27,67.81,205.82,-1,-1,-1,-1
117,4,964.41,140.84,65.31,210.33,-1,-1,-1,-1
118,4,962.59,140.86,65.38,210.53,-1,-1,-1,-1
119,4,957.38,137.50,64.93,208.74,-1,-1,-1,-1
120,4,954.70,138.14,65.79,207.69,-1,-1,-1,-1
121,4,949.22,136.80,64.03,209.10,-1,-1,-1,-1
122,4,948.54,137.17,62.75,208.45,-1,-1,-1,-1
123,4,943.20,136.37,60.26,209.39,-1,-1,-1,-1
124,4,941.64,137.78,59.69,205.83,-1,-1,-1,-1
125,4,935.15,136.42,60.05,207.73,-1,-1,-1,-1
126,4,935.04,135.19,57.98,208.63,-1,-1,-1,-1
127,4,934.83,136.48,55.76,208.06,-1,-1,-1,-1
128,4,927.28,135.53,59.47,207.60,-1,-1,-1,-1
129,4,923.75,134.92,61.08,208.77,-1,-1,-1,-1
130,4,918.24,134.62,60.96,208.54,-1,-1,-1,-1
131,4,916.61,136.03,60.95,207.77,-1,-1,-1,-1
132,4,909.65,134.61,63.13,210.34,-1,-1,-1,-1
133,4,907.89,137.33,61.85,206.13,-1,-1,-1,-1
134,4,902.64,135.88,61.71,207.44,-1,-1,-1,-1
135,4,901.05,136.48,61.65,206.84,-1,-1,-1,-1
136,4,893.69,135.88,64.12,209.02,-1,-1,-1,-1
137,4,889.87,136.13,68.39,209.59,-1,-1,-1,-1
138,4,884.01,136.80,67.41,208.38,-1,-1,-1,-1
139,4,883.28,137.13,65.63,207.48,-1,-1,-1,-1
140,4,881.19,137.07,67.14,209.74,-1,-1,-1,-1
141,4,875.71,136.63,66.95,210.46,-1,-1,-1,-1
142,4,873.04,141.27,67.43,209.27,-1,-1,-1,-1
143,4,869.24,137.49,64.13,209.01,-1,-1,-1,-1
144,4,865.71,141.31,68.25,209.08,-1,-1,-1,-1
145,4,864.02,141.80,68.49,208.92,-1,-1,-1,-1
146,4,858.34,141.63,68.73,209.77,-1,-1,-1,-1
147,4,856.80,143.21,67.14,208.65,-1,-1,-1,-1
148,4,852.73,143.78,65.28,208.08,-1,-1,-1,-1
149,4,850.69,145.60,66.20,206.42,-1,-1,-1,-1
150,4,844.25,145.02,66.48,207.98,-1,-1,-1,-1
151,4,842.60,145.84,67.29,207.83,-1,-1,-1,-1
152,4,840.51,148.95,68.31,210.82,-1,-1,-1,-1
153,4,835.76,149.43,66.18,210.63,-1,-1,-1,-1
154,4,834.00,150.15,67.32,210.65,-1,-1,-1,-1
155,4,831.56,149.98,70.31,212.05,-1,-1,-1,-1
156,4,824.38,150.17,74.17,213.38,-1,-1,-1,-1
157,4,823.84,152.94,72.45,209.89,-1,-1,-1,-1
158,4,822.63,155.31,71.80,213.81,-1,-1,-1,-1
159,4,818.26,156.17,69.20,213.31,-1,-1,-1,-1
160,4,817.99,157.97,67.44,211.38,-1,-1,-1,-1
161,4,816.44,158.23,68.49,213.95,-1,-1,-1,-1
162,4,811.06,162.20,68.89,216.52,-1,-1,-1,-1
163,4,810.05,163.24,68.59,215.19,-1,-1,-1,-1
164,4,808.82,164.70,68.10,214.19,-1,-1,-1,-1
165,4,804.06,166.22,66.66,212.55,-1,-1,-1,-1
166,4,802.66,167.40,67.49,211.84,-1,-1,-1,-1
167,4,801.66,167.68,68.83,212.07,-1,-1,-1,-1
168,4,799.38,171.72,71.48,213.47,-1,-1,-1,-1
169,4,792.24,173.31,74.49,211.31,-1,-1,-1,-1
170,4,790.68,175.09,75.36,210.62,-1,-1,-1,-1
171,4,790.97,175.53,74.41,212.38,-1,-1,-1,-1
172,4,790.56,180.33,73.34,212.70,-1,-1,-1,-1
173,4,785.86,182.43,71.72,210.29,-1,-1,-1,-1
174,4,786.69,184.01,67.86,208.56,-1,-1,-1,-1
175,4,786.62,183.95,67.31,211.96,-1,-1,-1,-1
176,4,785.75,188.38,68.07,211.72,-1,-1,-1,-1
177,4,786.05,189.33,66.76,213.08,-1,-1,-1,-1
178,4,785.63,190.39,67.10,214.15,-1,-1,-1,-1
179,4,785.34,195.42,67.26,214.45,-1,-1,-1,-1
180,4,784.99,197.10,66.80,213.54,-1,-1,-1,-1
181,4,784.14,197.93,68.01,214.09,-1,-1,-1,-1
182,4,783.50,198.55,69.15,214.98,-1,-1,-1,-1
183,4,779.82,203.97,68.44,213.27,-1,-1,-1,-1
184,4,779.03,207.14,68.54,211.28,-1,-1,-1,-1
185,4,779.19,208.07,67.63,211.90,-1,-1,-1,-1
186,4,779.33,212.27,67.54,213.50,-1,-1,-1,-1
187,4,779.20,213.73,68.16,213.87,-1,-1,-1,-1
188,4,779.04,218.93,68.76,213.69,-1,-1,-1,-1
189,4,779.28,220.17,68.25,215.27,-1,-1,-1,-1
190,4,778.86,221.99,69.11,214.12,-1,-1,-1,-1
191,4,779.00,227.32,68.42,213.39,-1,-1,-1,-1
192,4,778.91,227.89,68.21,216.09,-1,-1,-1,-1
193,4,778.98,230.40,68.69,214.19,-1,-1,-1,-1
194,4,779.17,234.75,68.95,215.68,-1,-1,-1,-1
195,4,779.45,236.98,68.51,215.29,-1,-1,-1,-1
196,4,779.91,240.18,68.26,212.12,-1,-1,-1,-1
197,4,784.30,244.80,67.41,212.04,-1,-1,-1,-1
198,4,786.27,247.52,65.68,210.87,-1,-1,-1,-1
199,4,786.42,252.15,66.07,211.01,-1,-1,-1,-1
200,4,786.38,254.52,66.62,211.54,-1,-1,-1,-1
201,4,786.41,257.13,67.28,210.39,-1,-1,-1,-1
202,4,786.47,262.27,67.78,208.31,-1,-1,-1,-1
203,4,786.94,263.89,68.04,208.94,-1,-1,-1,-1
204,4,786.76,269.96,69.95,207.62,-1,-1,-1,-1
205,4,790.94,270.75,70.56,212.04,-1,-1,-1,-1
206,4,790.15,270.00,75.94,216.75,-1,-1,-1,-1
207,4,791.32,275.46,74.88,214.70,-1,-1,-1,-1
208,4,790.78,276.02,76.82,217.49,-1,-1,-1,-1
209,4,790.98,282.02,76.84,216.51,-1,-1,-1,-1
210,4,797.11,283.16,75.01,218.11,-1,-1,-1,-1
211,4,798.99,285.43,74.47,215.92,-1,-1,-1,-1
212,4,799.00,290.57,75.55,217.60,-1,-1,-1,-1
213,4,799.87,292.49,74.83,217.42,-1,-1,-1,-1
214,4,805.39,298.47,74.78,219.08,-1,-1,-1,-1
215,4,808.48,299.10,72.29,219.37,-1,-1,-1,-1
216,4,807.73,307.07,74.08,215.24,-1,-1,-1,-1
217,4,814.06,308.13,73.02,216.20,-1,-1,-1,-1
218,4,815.64,309.23,72.13,216.55,-1,-1,-1,-1
219,4,814.78,315.85,74.12,214.34,-1,-1,-1,-1
220,4,815.99,320.77,74.21,207.50,-1,-1,-1,-1
221,4,821.92,325.14,74.33,210.93,-1,-1,-1,-1
222,4,824.37,326.63,72.04,211.53,-1,-1,-1,-1
223,4,823.44,333.22,74.34,209.95,-1,-1,-1,-1
224,4,830.85,332.87,72.25,213.58,-1,-1,-1,-1
225,4,832.34,337.25,72.01,207.81,-1,-1,-1,-1
226,4,837.52,342.19,75.36,210.86,-1,-1,-1,-1
227,4,839.33,347.77,73.31,213.07,-1,-1,-1,-1
228,4,839.96,347.13,73.81,217.56,-1,-1,-1,-1
229,4,844.18,352.73,77.75,220.92,-1,-1,-1,-1
230,4,843.26,352.94,81.66,222.54,-1,-1,-1,-1
231,4,844.38,357.68,80.70,229.38,-1,-1,-1,-1
232,4,850.92,362.01,80.92,234.43,-1,-1,-1,-1
233,4,853.32,364.69,78.70,228.62,-1,-1,-1,-1
234,4,852.01,369.76,81.72,219.51,-1,-1,-1,-1
235,4,858.55,374.58,82.40,210.78,-1,-1,-1,-1
236,4,858.16,377.74,84.84,218.98,-1,-1,-1,-1
237,4,864.41,378.25,86.30,220.58,-1,-1,-1,-1
238,4,863.73,381.06,88.31,228.83,-1,-1,-1,-1
19,5,991.95,540.61,69.55,166.44,-1,-1,-1,-1
20,5,992.62,533.04,70.90,179.29,-1,-1,-1,-1
21,5,991.99,528.45,74.58,188.81,-1,-1,-1,-1
22,5,996.46,524.85,78.66,196.68,-1,-1,-1,-1
23,5,998.49,522.00,78.31,201.56,-1,-1,-1,-1
24,5,1004.49,520.67,77.67,205.57,-1,-1,-1,-1
25,5,1005.66,521.67,78.77,205.45,-1,-1,-1,-1
26,5,1003.79,527.27,84.29,206.51,-1,-1,-1,-1
27,5,1009.63,528.99,83.99,204.52,-1,-1,-1,-1
28,5,1010.97,530.78,83.72,205.54,-1,-1,-1,-1
29,5,1016.60,536.17,83.71,207.14,-1,-1,-1,-1
30,5,1018.49,538.24,82.79,206.18,-1,-1,-1,-1
31,5,1018.98,542.41,84.64,208.04,-1,-1,-1,-1
32,5,1025.60,545.40,81.87,206.30,-1,-1,-1,-1
33,5,1026.78,550.65,83.21,206.12,-1,-1,-1,-1
34,5,1028.29,551.89,82.77,207.15,-1,-1,-1,-1
35,5,1033.16,554.25,83.21,207.32,-1,-1,-1,-1
36,5,1034.63,559.78,84.23,205.68,-1,-1,-1,-1
37,5,1035.63,561.48,84.22,207.22,-1,-1,-1,-1
38,5,1039.67,565.23,85.19,211.10,-1,-1,-1,-1
39,5,1041.43,568.33,84.10,209.18,-1,-1,-1,-1
40,5,1041.85,573.56,85.01,209.29,-1,-1,-1,-1
41,5,1043.85,575.59,83.18,208.54,-1,-1,-1,-1
42,5,1044.31,578.14,83.16,207.35,-1,-1,-1,-1
43,5,1048.75,583.55,84.28,208.31,-1,-1,-1,-1
44,5,1050.71,585.51,83.64,208.05,-1,-1,-1,-1
45,5,1051.90,589.02,83.91,211.26,-1,-1,-1,-1
46,5,1057.06,590.96,82.82,210.66,-1,-1,-1,-1
47,5,1057.23,596.01,83.58,211.88,-1,-1,-1,-1
48,5,1057.83,598.31,82.69,210.60,-1,-1,-1,-1
49,5,1059.40,601.40,82.42,209.05,-1,-1,-1,-1
50,5,1060.19,605.34,83.04,210.86,-1,-1,-1,-1
51,5,1060.57,607.74,82.14,210.12,-1,-1,-1,-1
52,5,1063.91,613.53,84.89,209.29,-1,-1,-1,-1
53,5,1065.13,613.91,83.08,209.80,-1,-1,-1,-1
54,5,1065.17,616.49,84.13,209.09,-1,-1,-1,-1
55,5,1065.61,620.48,84.24,210.88,-1,-1,-1,-1
56,5,1067.29,623.19,83.87,207.56,-1,-1,-1,-1
57,5,1067.68,625.35,83.08,206.87,-1,-1,-1,-1
58,5,1067.24,629.31,83.45,208.98,-1,-1,-1,-1
59,5,1067.68,629.84,83.96,211.04,-1,-1,-1,-1
60,5,1068.03,632.90,83.11,209.52,-1,-1,-1,-1
61,5,1067.96,637.40,83.85,210.03,-1,-1,-1,-1
62,5,1068.14,639.24,83.14,208.70,-1,-1,-1,-1
63,5,1067.74,641.18,83.36,207.80,-1,-1,-1,-1
64,5,1067.44,645.47,83.69,209.80,-1,-1,-1,-1
65,5,1067.67,647.38,83.25,208.94,-1,-1,-1,-1
66,5,1068.25,649.38,82.81,207.31,-1,-1,-1,-1
67,5,1072.49,653.88,84.12,209.56,-1,-1,-1,-1
68,5,1073.29,654.68,83.48,209.14,-1,-1,-1,-1
69,5,1069.51,656.86,81.10,207.77,-1,-1,-1,-1
70,5,1068.36,657.93,82.12,207.76,-1,-1,-1,-1
71,5,1067.40,662.79,82.70,209.28,-1,-1,-1,-1
72,5,1066.52,664.52,82.88,208.99,-1,-1,-1,-1
73,5,1065.85,665.79,83.33,208.32,-1,-1,-1,-1
74,5,1065.30,669.78,83.36,209.91,-1,-1,-1,-1
75,5,1065.01,671.35,83.40,209.76,-1,-1,-1,-1
76,5,1064.88,672.35,82.84,210.75,-1,-1,-1,-1
77,5,1060.62,677.21,82.50,209.97,-1,-1,-1,-1
78,5,1058.75,679.08,83.05,208.58,-1,-1,-1,-1
79,5,1057.77,680.79,83.72,207.87,-1,-1,-1,-1
80,5,1057.52,681.44,83.96,208.29,-1,-1,-1,-1
81,5,1055.86,684.94,86.13,210.62,-1,-1,-1,-1
82,5,1054.27,685.97,88.79,210.59,-1,-1,-1,-1
83,5,1049.90,687.69,87.23,209.65,-1,-1,-1,-1
84,5,1047.12,688.42,89.43,210.71,-1,-1,-1,-1
85,5,1045.91,692.69,89.96,212.10,-1,-1,-1,-1
86,5,1046.01,692.65,89.37,212.98,-1,-1,-1,-1
87,5,1041.47,694.35,87.67,211.47,-1,-1,-1,-1
88,5,1040.77,696.27,87.84,209.45,-1,-1,-1,-1
89,5,1039.55,696.98,88.65,209.79,-1,-1,-1,-1
90,5,1038.20,696.32,89.90,211.20,-1,-1,-1,-1
91,5,1033.26,700.48,88.45,211.81,-1,-1,-1,-1
92,5,1031.78,702.37,88.53,211.12,-1,-1,-1,-1
93,5,1029.99,703.45,89.13,211.73,-1,-1,-1,-1
94,5,1025.78,704.87,87.31,209.95,-1,-1,-1,-1
95,5,1022.74,708.66,89.43,211.09,-1,-1,-1,-1
96,5,1021.84,708.39,88.92,212.89,-1,-1,-1,-1
97,5,1017.18,709.34,87.52,211.98,-1,-1,-1,-1
98,5,1014.99,710.53,88.91,211.21,-1,-1,-1,-1
99,5,1010.46,711.02,86.83,211.47,-1,-1,-1,-1
100,5,1008.12,712.30,88.90,210.34,-1,-1,-1,-1
101,5,1007.46,712.99,88.70,209.84,-1,-1,-1,-1
102,5,1006.37,712.45,89.91,211.42,-1,-1,-1,-1
103,5,1000.16,716.79,88.75,210.75,-1,-1,-1,-1
104,5,998.34,717.86,88.49,211.17,-1,-1,-1,-1
105,5,993.53,719.06,86.89,209.38,-1,-1,-1,-1
106,5,991.18,719.73,87.09,210.10,-1,-1,-1,-1
107,5,985.18,719.55,86.66,210.73,-1,-1,-1,-1
108,5,982.88,719.62,88.54,212.41,-1,-1,-1,-1
109,5,977.25,723.80,88.11,212.81,-1,-1,-1,-1
110,5,975.66,724.09,88.15,212.12,-1,-1,-1,-1
111,5,974.95,724.60,88.22,211.89,-1,-1,-1,-1
112,5,969.49,724.76,86.83,211.65,-1,-1,-1,-1
113,5,967.34,726.47,86.37,210.86,-1,-1,-1,-1
114,5,961.85,725.95,86.16,211.18,-1,-1,-1,-1
115,5,959.41,727.41,86.77,210.22,-1,-1,-1,-1
116,5,958.25,727.35,87.93,210.23,-1,-1,-1,-1
117,5,952.86,727.60,86.02,209.60,-1,-1,-1,-1
118,5,946.54,727.63,86.57,210.19,-1,-1,-1,-1
119,5,944.30,728.47,87.56,209.10,-1,-1,-1,-1
120,5,942.54,728.03,88.97,210.10,-1,-1,-1,-1
121,5,937.04,727.58,87.95,210.24,-1,-1,-1,-1
122,5,935.79,729.09,87.92,208.67,-1,-1,-1,-1
123,5,930.17,728.82,86.60,208.64,-1,-1,-1,-1
124,5,927.67,728.92,87.65,208.84,-1,-1,-1,-1
125,5,922.50,728.08,86.02,208.92,-1,-1,-1,-1
126,5,919.83,729.71,87.35,207.97,-1,-1,-1,-1
127,5,918.99,729.73,87.65,207.50,-1,-1,-1,-1
128,5,912.43,728.94,87.81,207.89,-1,-1,-1,-1
129,5,910.55,728.34,88.37,208.83,-1,-1,-1,-1
130,5,904.60,727.99,87.19,208.86,-1,-1,-1,-1
131,5,902.73,728.86,87.56,208.67,-1,-1,-1,-1
132,5,896.55,728.26,87.23,209.58,-1,-1,-1,-1
133,5,894.56,727.24,88.11,210.41,-1,-1,-1,-1
134,5,890.48,727.40,85.67,208.39,-1,-1,-1,-1
135,5,888.91,727.69,83.62,208.63,-1,-1,-1,-1
136,5,883.31,728.06,82.78,207.30,-1,-1,-1,-1
137,5,881.14,728.21,83.52,207.48,-1,-1,-1,-1
138,5,876.45,727.09,82.16,208.51,-1,-1,-1,-1
139,5,873.59,727.43,82.69,208.63,-1,-1,-1,-1
140,5,868.75,727.69,81.80,206.66,-1,-1,-1,-1
141,5,865.19,727.52,83.58,205.93,-1,-1,-1,-1
142,5,859.53,726.40,82.79,208.22,-1,-1,-1,-1
143,5,857.11,725.93,83.63,208.86,-1,-1,-1,-1
144,5,853.12,722.46,80.89,206.08,-1,-1,-1,-1
145,5,850.67,722.24,82.34,205.35,-1,-1,-1,-1
146,5,844.96,720.33,81.11,208.02,-1,-1,-1,-1
147,5,843.98,719.94,81.89,207.94,-1,-1,-1,-1
148,5,841.83,719.09,82.79,208.57,-1,-1,-1,-1
149,5,836.10,718.65,82.59,208.61,-1,-1,-1,-1
150,5,833.40,718.70,82.66,207.66,-1,-1,-1,-1
151,5,828.04,714.93,81.64,205.41,-1,-1,-1,-1
152,5,826.97,714.09,82.62,206.38,-1,-1,-1,-1
153,5,825.01,712.02,83.06,207.85,-1,-1,-1,-1
154,5,819.75,712.29,82.37,206.27,-1,-1,-1,-1
155,5,818.13,711.82,82.96,207.36,-1,-1,-1,-1
156,5,816.67,710.49,84.10,207.61,-1,-1,-1,-1
157,5,812.49,705.74,82.62,207.39,-1,-1,-1,-1
158,5,810.47,705.01,83.92,207.60,-1,-1,-1,-1
159,5,810.42,705.33,83.03,206.16,-1,-1,-1,-1
160,5,809.26,705.81,83.01,204.70,-1,-1,-1,-1
161,5,804.80,704.89,81.86,204.89,-1,-1,-1,-1
162,5,802.74,704.02,83.12,205.39,-1,-1,-1,-1
163,5,802.07,703.35,82.24,205.86,-1,-1,-1,-1
164,5,802.34,698.54,81.11,204.90,-1,-1,-1,-1
165,5,796.25,696.63,82.51,205.64,-1,-1,-1,-1
166,5,794.52,696.60,82.33,204.83,-1,-1,-1,-1
167,5,793.61,696.95,82.46,203.63,-1,-1,-1,-1
168,5,789.39,691.49,80.75,203.63,-1,-1,-1,-1
169,5,787.04,689.62,82.72,204.92,-1,-1,-1,-1
170,5,786.37,688.86,83.01,205.18,-1,-1,-1,-1
171,5,785.53,686.91,83.98,208.01,-1,-1,-1,-1
172,5,786.17,681.19,82.44,208.20,-1,-1,-1,-1
173,5,785.10,679.28,83.33,209.74,-1,-1,-1,-1
174,5,780.26,679.15,81.42,207.99,-1,-1,-1,-1
175,5,780.00,677.96,79.54,209.59,-1,-1,-1,-1
176,5,780.59,672.08,77.56,210.34,-1,-1,-1,-1
177,5,782.60,670.44,73.21,212.16,-1,-1,-1,-1
40,6,759.35,587.69,121.49,331.32,-1,-1,-1,-1
41,6,759.84,589.32,120.55,327.10,-1,-1,-1,-1
42,6,759.67,589.41,120.90,325.95,-1,-1,-1,-1
44,7,760.75,585.45,118.18,321.04,-1,-1,-1,-1
45,7,761.44,586.35,116.29,318.02,-1,-1,-1,-1
46,7,762.97,587.71,113.45,314.69,-1,-1,-1,-1
47,7,753.18,588.12,118.87,311.06,-1,-1,-1,-1
48,7,749.71,588.80,124.49,308.78,-1,-1,-1,-1
49,7,749.39,590.27,124.40,305.31,-1,-1,-1,-1
50,7,750.38,584.66,122.48,303.81,-1,-1,-1,-1
51,7,750.81,585.45,121.71,301.35,-1,-1,-1,-1
52,7,750.34,586.26,122.24,299.18,-1,-1,-1,-1
53,7,749.56,587.47,123.43,296.05,-1,-1,-1,-1
54,7,741.64,587.85,126.54,295.61,-1,-1,-1,-1
55,7,742.46,589.56,124.59,291.89,-1,-1,-1,-1
56,7,742.73,590.22,123.31,289.78,-1,-1,-1,-1
57,7,742.84,584.41,123.69,288.87,-1,-1,-1,-1
58,7,742.80,585.15,124.27,286.81,-1,-1,-1,-1
59,7,741.51,584.94,125.80,285.83,-1,-1,-1,-1
60,7,742.56,586.05,123.79,282.92,-1,-1,-1,-1
61,7,744.38,587.90,120.34,278.61,-1,-1,-1,-1
62,7,744.32,588.29,120.17,277.12,-1,-1,-1,-1
63,7,744.59,582.03,120.09,277.18,-1,-1,-1,-1
64,7,744.15,583.89,121.16,272.11,-1,-1,-1,-1
65,7,751.76,584.42,118.67,270.09,-1,-1,-1,-1
66,7,751.53,585.35,119.50,267.63,-1,-1,-1,-1
67,7,753.66,586.46,115.82,265.21,-1,-1,-1,-1
68,7,753.43,587.50,116.16,262.93,-1,-1,-1,-1
69,7,753.98,588.78,116.56,260.67,-1,-1,-1,-1
70,7,754.43,591.98,116.63,254.80,-1,-1,-1,-1
71,7,754.72,583.98,116.13,256.26,-1,-1,-1,-1
72,7,754.88,586.19,116.20,250.96,-1,-1,-1,-1
73,7,755.46,587.03,115.07,248.97,-1,-1,-1,-1
74,7,757.55,589.39,110.92,244.11,-1,-1,-1,-1
75,7,763.60,579.43,111.22,250.07,-1,-1,-1,-1
76,7,763.92,594.87,110.43,232.72,-1,-1,-1,-1
77,7,765.66,598.77,107.28,225.03,-1,-1,-1,-1
78,7,766.15,602.48,107.23,217.46,-1,-1,-1,-1
79,7,769.34,602.74,102.18,215.73,-1,-1,-1,-1
80,7,770.23,595.56,101.17,216.63,-1,-1,-1,-1
81,7,776.21,595.46,101.67,214.93,-1,-1,-1,-1
82,7,769.25,588.12,103.04,216.57,-1,-1,-1,-1
83,7,775.76,589.34,103.35,212.83,-1,-1,-1,-1
84,7,776.17,588.49,104.02,212.84,-1,-1,-1,-1
85,7,778.09,582.50,101.35,212.12,-1,-1,-1,-1
86,7,785.15,581.61,99.84,211.35,-1,-1,-1,-1
87,7,788.55,575.48,95.25,211.10,-1,-1,-1,-1
88,7,789.20,575.77,95.31,208.05,-1,-1,-1,-1
89,7,795.52,568.80,94.69,209.03,-1,-1,-1,-1
90,7,796.56,567.72,94.76,208.49,-1,-1,-1,-1
91,7,796.28,567.16,95.76,207.16,-1,-1,-1,-1
92,7,797.99,562.01,93.83,206.41,-1,-1,-1,-1
93,7,800.50,561.50,89.06,202.77,-1,-1,-1,-1
94,7,806.52,553.58,89.58,207.28,-1,-1,-1,-1
95,7,806.68,552.00,92.01,206.47,-1,-1,-1,-1
96,7,814.00,545.66,91.21,206.40,-1,-1,-1,-1
97,7,814.98,546.09,92.42,202.48,-1,-1,-1,-1
98,7,820.80,544.58,92.53,203.91,-1,-1,-1,-1
99,7,822.91,538.49,90.11,203.52,-1,-1,-1,-1
100,7,823.10,538.21,91.48,201.91,-1,-1,-1,-1
101,7,830.74,532.59,89.53,200.62,-1,-1,-1,-1
102,7,831.46,531.39,89.76,200.93,-1,-1,-1,-1
103,7,839.22,521.11,87.78,208.17,-1,-1,-1,-1
104,7,839.34,521.60,89.26,203.59,-1,-1,-1,-1
105,7,839.85,512.90,89.58,208.40,-1,-1,-1,-1
106,7,845.84,514.83,90.83,202.03,-1,-1,-1,-1
107,7,848.41,507.63,88.90,202.98,-1,-1,-1,-1
108,7,853.98,507.10,90.01,202.51,-1,-1,-1,-1
109,7,855.51,506.61,89.46,200.07,-1,-1,-1,-1
110,7,861.50,501.51,91.02,199.19,-1,-1,-1,-1
111,7,863.17,501.02,89.96,196.74,-1,-1,-1,-1
112,7,864.44,494.15,89.28,198.13,-1,-1,-1,-1
113,7,870.34,491.61,89.74,200.49,-1,-1,-1,-1
114,7,871.38,491.49,90.31,198.67,-1,-1,-1,-1
115,7,878.25,486.63,89.99,196.45,-1,-1,-1,-1
116,7,879.62,484.71,89.20,196.19,-1,-1,-1,-1
117,7,887.26,476.28,88.04,199.92,-1,-1,-1,-1
118,7,886.03,404.62,90.81,265.49,-1,-1,-1,-1
119,7,885.18,408.97,94.23,256.95,-1,-1,-1,-1
120,7,882.98,412.10,99.45,250.39,-1,-1,-1,-1
121,7,890.29,413.74,97.93,246.51,-1,-1,-1,-1
122,7,898.43,416.21,97.13,242.17,-1,-1,-1,-1
123,7,899.51,429.72,97.85,226.70,-1,-1,-1,-1
124,7,907.51,437.21,95.24,214.17,-1,-1,-1,-1
125,7,907.70,439.01,97.85,208.81,-1,-1,-1,-1
126,7,907.66,439.36,98.23,207.44,-1,-1,-1,-1
127,7,913.95,436.18,98.99,213.55,-1,-1,-1,-1
128,7,922.31,432.70,97.28,222.17,-1,-1,-1,-1
129,7,924.25,429.68,96.33,227.17,-1,-1,-1,-1
130,7,931.27,425.62,95.43,234.13,-1,-1,-1,-1
131,7,931.76,416.73,96.13,241.95,-1,-1,-1,-1
132,7,931.69,418.97,97.45,246.84,-1,-1,-1,-1
133,7,938.53,408.20,98.01,258.66,-1,-1,-1,-1
134,7,936.25,405.03,103.71,264.37,-1,-1,-1,-1
135,7,937.76,402.65,102.09,269.46,-1,-1,-1,-1
136,7,945.84,404.02,99.74,278.55,-1,-1,-1,-1
137,7,946.62,401.54,99.40,284.42,-1,-1,-1,-1
138,7,953.90,397.65,99.65,292.15,-1,-1,-1,-1
139,7,956.61,394.06,96.75,298.61,-1,-1,-1,-1
140,7,963.65,390.55,95.84,306.45,-1,-1,-1,-1
141,7,968.29,381.77,101.97,276.35,-1,-1,-1,-1
142,7,967.30,378.71,105.31,249.75,-1,-1,-1,-1
143,7,969.79,374.70,101.81,273.97,-1,-1,-1,-1
144,7,978.29,367.36,98.20,289.17,-1,-1,-1,-1
145,7,977.94,367.36,101.20,256.88,-1,-1,-1,-1
146,7,982.46,365.03,105.49,244.48,-1,-1,-1,-1
147,7,983.25,362.33,106.10,219.70,-1,-1,-1,-1
148,7,987.61,362.60,98.40,216.92,-1,-1,-1,-1
149,7,996.61,358.83,93.33,210.15,-1,-1,-1,-1
150,7,997.75,356.81,93.16,212.25,-1,-1,-1,-1
151,7,998.41,352.50,93.59,206.02,-1,-1,-1,-1
152,7,1006.63,347.33,89.14,201.19,-1,-1,-1,-1
153,7,1008.19,345.82,88.86,202.13,-1,-1,-1,-1
154,7,1015.22,339.38,87.07,201.76,-1,-1,-1,-1
155,7,1018.73,338.98,81.34,198.41,-1,-1,-1,-1
156,7,1020.13,333.73,80.84,197.61,-1,-1,-1,-1
157,7,1019.27,330.74,83.79,200.04,-1,-1,-1,-1
158,7,1026.23,324.83,81.70,200.55,-1,-1,-1,-1
159,7,1027.24,323.05,82.59,201.06,-1,-1,-1,-1
160,7,1034.52,316.82,79.81,201.55,-1,-1,-1,-1
161,7,1037.68,316.91,75.47,198.83,-1,-1,-1,-1
162,7,1038.17,313.64,76.59,201.45,-1,-1,-1,-1
163,7,1038.63,307.89,78.06,202.08,-1,-1,-1,-1
164,7,1043.35,306.52,79.12,202.43,-1,-1,-1,-1
165,7,1044.95,305.67,78.18,200.60,-1,-1,-1,-1
166,7,1046.70,299.75,77.48,200.99,-1,-1,-1,-1
167,7,1050.97,298.22,78.62,201.38,-1,-1,-1,-1
168,7,1052.76,293.85,76.37,199.46,-1,-1,-1,-1
169,7,1053.71,291.90,76.56,199.46,-1,-1,-1,-1
170,7,1053.79,290.59,77.60,199.59,-1,-1,-1,-1
171,7,1054.48,285.57,77.22,198.20,-1,-1,-1,-1
172,7,1054.52,282.56,78.35,200.78,-1,-1,-1,-1
173,7,1059.93,277.44,76.90,200.06,-1,-1,-1,-1
174,7,1062.05,275.43,76.26,201.27,-1,-1,-1,-1
175,7,1063.00,273.36,76.23,202.35,-1,-1,-1,-1
176,7,1063.66,268.98,75.51,199.94,-1,-1,-1,-1
177,7,1062.82,267.32,77.30,199.27,-1,-1,-1,-1
178,7,1063.22,262.74,76.45,198.57,-1,-1,-1,-1
179,7,1063.92,260.68,76.05,199.26,-1,-1,-1,-1
180,7,1067.65,257.91,77.15,201.44,-1,-1,-1,-1
181,7,1068.62,254.52,76.21,198.14,-1,-1,-1,-1
182,7,1068.67,251.56,77.46,199.73,-1,-1,-1,-1
183,7,1068.53,250.91,78.10,198.74,-1,-1,-1,-1
184,7,1069.31,248.75,77.01,201.94,-1,-1,-1,-1
185,7,1069.08,244.01,77.43,201.46,-1,-1,-1,-1
186,7,1069.03,241.27,77.58,203.92,-1,-1,-1,-1
187,7,1069.44,237.16,75.94,201.66,-1,-1,-1,-1
188,7,1069.18,236.58,77.18,199.66,-1,-1,-1,-1
189,7,1069.70,234.25,76.78,201.77,-1,-1,-1,-1
190,7,1069.50,229.77,76.97,200.00,-1,-1,-1,-1
191,7,1069.05,228.13,78.01,199.36,-1,-1,-1,-1
192,7,1069.24,225.56,77.69,201.02,-1,-1,-1,-1
193,7,1069.66,222.93,76.20,196.95,-1,-1,-1,-1
194,7,1069.18,220.46,76.61,196.85,-1,-1,-1,-1
195,7,1069.18,219.49,76.65,197.09,-1,-1,-1,-1
196,7,1068.72,214.87,75.69,197.52,-1,-1,-1,-1
197,7,1068.95,212.83,74.83,198.14,-1,-1,-1,-1
198,7,1069.55,210.86,73.94,198.20,-1,-1,-1,-1
199,7,1069.78,206.54,72.96,196.79,-1,-1,-1,-1
200,7,1067.32,205.50,68.83,196.63,-1,-1,-1,-1
201,7,1066.33,204.30,70.16,196.23,-1,-1,-1,-1
202,7,1065.35,204.01,71.11,195.39,-1,-1,-1,-1
203,7,1065.20,199.75,70.16,192.82,-1,-1,-1,-1
204,7,1064.09,197.66,70.64,193.75,-1,-1,-1,-1
205,7,1063.63,193.42,70.25,193.75,-1,-1,-1,-1
206,7,1058.11,192.22,71.18,193.62,-1,-1,-1,-1
207,7,1057.15,191.85,72.18,192.34,-1,-1,-1,-1
208,7,1056.82,189.71,71.74,193.04,-1,-1,-1,-1
209,7,1056.09,188.14,71.22,195.09,-1,-1,-1,-1
210,7,1055.29,183.73,70.93,196.26,-1,-1,-1,-1
211,7,1050.39,181.60,70.88,198.24,-1,-1,-1,-1
212,7,1048.91,180.25,71.61,197.36,-1,-1,-1,-1
213,7,1048.01,178.84,71.22,197.88,-1,-1,-1,-1
214,7,1047.83,174.41,70.46,199.03,-1,-1,-1,-1
215,7,1042.11,174.84,70.92,196.74,-1,-1,-1,-1
216,7,1040.54,174.07,71.46,196.40,-1,-1,-1,-1
217,7,1040.11,172.20,71.46,196.98,-1,-1,-1,-1
218,7,1039.88,171.53,69.47,197.23,-1,-1,-1,-1
219,7,1034.11,166.71,70.35,197.98,-1,-1,-1,-1
220,7,1031.51,167.63,71.51,195.68,-1,-1,-1,-1
221,7,1030.40,166.46,71.99,196.52,-1,-1,-1,-1
222,7,1025.15,165.30,71.54,195.87,-1,-1,-1,-1
223,7,1023.76,164.63,72.09,196.52,-1,-1,-1,-1
224,7,1023.29,163.15,70.76,197.54,-1,-1,-1,-1
225,7,1018.11,157.61,69.50,198.54,-1,-1,-1,-1
226,7,1015.28,158.24,71.50,197.36,-1,-1,-1,-1
227,7,1010.43,158.20,70.48,196.21,-1,-1,-1,-1
228,7,1008.10,157.24,70.93,196.51,-1,-1,-1,-1
229,7,1007.21,156.91,70.27,195.91,-1,-1,-1,-1
230,7,1001.63,157.30,69.60,193.93,-1,-1,-1,-1
231,7,999.46,156.00,71.42,195.10,-1,-1,-1,-1
232,7,993.22,155.95,71.60,195.31,-1,-1,-1,-1
233,7,991.78,152.72,71.83,195.24,-1,-1,-1,-1
234,7,990.67,152.54,72.02,194.66,-1,-1,-1,-1
235,7,984.20,151.48,72.29,195.79,-1,-1,-1,-1
236,7,982.09,149.87,73.38,198.28,-1,-1,-1,-1
237,7,973.61,150.17,77.64,196.45,-1,-1,-1,-1
238,7,972.46,149.07,77.21,197.67,-1,-1,-1,-1
239,7,967.17,149.17,75.83,195.54,-1,-1,-1,-1
240,7,963.99,148.34,77.76,196.86,-1,-1,-1,-1
241,7,958.44,148.65,77.33,196.63,-1,-1,-1,-1
242,7,956.91,148.59,76.57,196.34,-1,-1,-1,-1
243,7,951.61,147.77,75.20,196.95,-1,-1,-1,-1
244,7,949.01,146.81,77.16,198.57,-1,-1,-1,-1
245,7,943.00,146.42,76.46,199.93,-1,-1,-1,-1
246,7,941.87,148.39,75.53,195.86,-1,-1,-1,-1
247,7,941.74,147.90,74.09,196.83,-1,-1,-1,-1
248,7,935.37,146.40,73.62,198.54,-1,-1,-1,-1
249,7,927.74,146.29,74.88,199.49,-1,-1,-1,-1
250,7,925.69,147.37,76.00,197.99,-1,-1,-1,-1
251,7,926.06,143.65,73.65,197.08,-1,-1,-1,-1
252,7,921.61,147.01,70.22,197.27,-1,-1,-1,-1
253,7,920.26,146.35,70.15,198.28,-1,-1,-1,-1
254,7,912.99,147.71,71.46,196.75,-1,-1,-1,-1
255,7,912.36,147.61,69.80,196.23,-1,-1,-1,-1
256,7,906.27,143.88,69.40,196.17,-1,-1,-1,-1
257,7,903.13,143.82,72.18,196.00,-1,-1,-1,-1
258,7,896.12,147.57,73.62,196.05,-1,-1,-1,-1
259,7,895.94,148.28,71.97,195.24,-1,-1,-1,-1
260,7,895.16,148.49,71.21,194.22,-1,-1,-1,-1
261,7,888.61,148.30,71.23,195.33,-1,-1,-1,-1
262,7,886.94,147.94,72.45,195.40,-1,-1,-1,-1
263,7,880.77,149.88,72.18,193.15,-1,-1,-1,-1
264,7,879.65,149.43,70.95,193.96,-1,-1,-1,-1
265,7,873.61,150.25,70.93,193.80,-1,-1,-1,-1
266,7,871.11,151.44,71.84,193.08,-1,-1,-1,-1
267,7,865.15,151.73,72.42,193.94,-1,-1,-1,-1
268,7,863.37,152.59,72.59,193.47,-1,-1,-1,-1
269,7,862.85,152.98,70.93,194.11,-1,-1,-1,-1
270,7,857.06,152.74,71.39,195.02,-1,-1,-1,-1
271,7,855.47,152.29,70.89,195.83,-1,-1,-1,-1
272,7,849.98,156.76,70.51,194.06,-1,-1,-1,-1
273,7,849.33,157.79,69.44,192.94,-1,-1,-1,-1
274,7,848.40,157.50,68.37,194.87,-1,-1,-1,-1
275,7,842.00,158.72,68.98,193.46,-1,-1,-1,-1
276,7,839.67,159.81,70.56,193.64,-1,-1,-1,-1
277,7,834.21,159.71,70.17,194.67,-1,-1,-1,-1
278,7,833.04,161.12,69.83,193.46,-1,-1,-1,-1
279,7,831.02,165.85,71.26,192.36,-1,-1,-1,-1
280,7,825.46,166.02,71.84,193.02,-1,-1,-1,-1
281,7,823.44,167.53,72.82,192.71,-1,-1,-1,-1
282,7,822.51,167.45,72.01,194.34,-1,-1,-1,-1
283,7,817.63,167.66,71.21,194.01,-1,-1,-1,-1
284,7,816.66,168.40,70.54,194.12,-1,-1,-1,-1
285,7,809.62,173.56,71.24,192.38,-1,-1,-1,-1
286,7,808.46,174.53,71.93,192.25,-1,-1,-1,-1
287,7,807.60,175.45,71.75,192.84,-1,-1,-1,-1
288,7,806.67,175.66,71.82,193.37,-1,-1,-1,-1
289,7,801.76,176.38,71.33,193.77,-1,-1,-1,-1
290,7,799.65,181.69,73.15,192.40,-1,-1,-1,-1
291,7,799.72,182.62,71.17,193.51,-1,-1,-1,-1
292,7,798.89,184.05,71.40,193.66,-1,-1,-1,-1
293,7,793.47,183.12,71.80,196.42,-1,-1,-1,-1
294,7,791.39,184.24,73.18,196.04,-1,-1,-1,-1
295,7,790.23,188.82,73.22,194.90,-1,-1,-1,-1
296,7,790.55,189.31,72.16,196.34,-1,-1,-1,-1
297,7,785.59,190.61,72.08,196.56,-1,-1,-1,-1
298,7,784.47,192.40,73.15,195.44,-1,-1,-1,-1
299,7,784.03,197.87,72.14,193.37,-1,-1,-1,-1
300,7,784.20,199.03,70.78,194.72,-1,-1,-1,-1
301,7,783.67,200.03,70.67,194.72,-1,-1,-1,-1
302,7,783.19,204.14,71.66,195.67,-1,-1,-1,-1
303,7,783.34,205.36,70.19,195.40,-1,-1,-1,-1
304,7,777.98,205.53,71.29,198.62,-1,-1,-1,-1
305,7,775.96,211.36,73.39,196.46,-1,-1,-1,-1
306,7,776.30,213.11,72.12,195.83,-1,-1,-1,-1
307,7,775.45,214.80,72.74,196.81,-1,-1,-1,-1
308,7,774.88,215.80,73.12,197.10,-1,-1,-1,-1
309,7,774.24,221.87,72.98,195.68,-1,-1,-1,-1
310,7,774.71,224.15,72.19,194.38,-1,-1,-1,-1
311,7,774.89,228.44,72.53,194.33,-1,-1,-1,-1
312,7,774.80,230.45,72.46,192.82,-1,-1,-1,-1
313,7,774.22,232.05,72.65,194.78,-1,-1,-1,-1
314,7,774.32,235.60,73.21,196.34,-1,-1,-1,-1
315,7,774.28,236.79,73.48,195.87,-1,-1,-1,-1
316,7,774.24,239.17,73.31,195.77,-1,-1,-1,-1
317,7,774.49,243.22,73.70,196.39,-1,-1,-1,-1
318,7,774.40,246.04,73.27,196.09,-1,-1,-1,-1
319,7,774.77,247.14,73.67,197.99,-1,-1,-1,-1
320,7,774.46,251.31,74.04,196.97,-1,-1,-1,-1
321,7,773.50,254.53,77.43,195.10,-1,-1,-1,-1
322,7,774.44,255.22,77.30,197.12,-1,-1,-1,-1
323,7,774.48,260.98,77.63,194.33,-1,-1,-1,-1
324,7,775.17,264.66,77.33,191.38,-1,-1,-1,-1
325,7,774.51,264.61,78.74,195.01,-1,-1,-1,-1
326,7,779.92,269.50,77.18,195.22,-1,-1,-1,-1
327,7,781.14,271.20,76.72,196.30,-1,-1,-1,-1
328,7,781.40,275.88,78.20,197.04,-1,-1,-1,-1
329,7,781.90,277.71,78.91,196.97,-1,-1,-1,-1
330,7,781.47,279.05,79.75,197.43,-1,-1,-1,-1
331,7,786.64,283.19,79.65,198.64,-1,-1,-1,-1
332,7,788.22,284.87,77.56,198.98,-1,-1,-1,-1
333,7,789.50,286.54,77.66,199.03,-1,-1,-1,-1
334,7,790.03,291.56,78.23,200.05,-1,-1,-1,-1
335,7,789.93,293.93,79.44,199.56,-1,-1,-1,-1
336,7,794.19,299.65,81.13,199.30,-1,-1,-1,-1
337,7,794.58,300.98,83.34,200.13,-1,-1,-1,-1
338,7,793.68,306.63,85.89,200.78,-1,-1,-1,-1
339,7,794.54,309.65,85.11,197.88,-1,-1,-1,-1
340,7,794.36,313.74,85.94,201.61,-1,-1,-1,-1
341,7,800.46,316.48,85.14,200.93,-1,-1,-1,-1
342,7,803.29,318.51,83.34,198.13,-1,-1,-1,-1
343,7,809.23,323.87,82.91,199.16,-1,-1,-1,-1
344,7,810.99,326.30,81.60,197.33,-1,-1,-1,-1
345,7,810.11,331.80,84.39,198.13,-1,-1,-1,-1
346,7,816.71,333.43,84.09,197.72,-1,-1,-1,-1
347,7,817.76,335.61,84.75,196.25,-1,-1,-1,-1
348,7,818.10,340.76,85.67,197.99,-1,-1,-1,-1
349,7,825.12,341.76,83.66,199.91,-1,-1,-1,-1
350,7,826.03,347.91,84.81,199.11,-1,-1,-1,-1
351,7,826.49,349.87,85.63,198.51,-1,-1,-1,-1
352,7,832.47,354.47,85.95,202.27,-1,-1,-1,-1
353,7,835.39,357.52,83.74,199.25,-1,-1,-1,-1
354,7,841.49,360.78,83.82,205.97,-1,-1,-1,-1
355,7,842.86,363.07,83.48,203.69,-1,-1,-1,-1
356,7,841.29,366.30,87.36,210.62,-1,-1,-1,-1
357,7,844.85,370.35,94.18,205.13,-1,-1,-1,-1
358,7,840.80,371.34,103.44,217.77,-1,-1,-1,-1
359,7,846.07,374.05,105.89,226.57,-1,-1,-1,-1
360,7,845.49,376.22,108.56,222.82,-1,-1,-1,-1
361,7,844.17,377.60,111.81,235.61,-1,-1,-1,-1
362,7,852.53,381.08,109.70,244.62,-1,-1,-1,-1
363,7,858.18,383.25,100.46,307.28,-1,-1,-1,-1
364,7,857.52,389.44,102.51,296.10,-1,-1,-1,-1
365,7,865.83,392.72,100.14,289.89,-1,-1,-1,-1
366,7,864.71,395.43,103.81,284.03,-1,-1,-1,-1
367,7,872.68,400.03,101.50,274.32,-1,-1,-1,-1
368,7,874.31,404.85,99.93,264.03,-1,-1,-1,-1
369,7,881.31,409.77,99.66,256.23,-1,-1,-1,-1
370,7,881.63,413.95,101.43,247.47,-1,-1,-1,-1
371,7,889.07,416.85,100.37,241.60,-1,-1,-1,-1
372,7,892.57,420.13,96.58,234.75,-1,-1,-1,-1
373,7,898.60,429.70,97.17,226.36,-1,-1,-1,-1
374,7,902.10,432.54,93.74,221.67,-1,-1,-1,-1
375,7,907.25,434.68,96.67,216.42,-1,-1,-1,-1
376,7,907.60,438.55,97.95,208.93,-1,-1,-1,-1
377,7,914.51,437.45,98.50,211.78,-1,-1,-1,-1
378,7,922.55,436.70,97.56,214.51,-1,-1,-1,-1
379,7,925.22,430.76,94.73,223.58,-1,-1,-1,-1
380,7,931.86,425.07,94.00,235.06,-1,-1,-1,-1
381,7,933.10,423.27,94.31,238.37,-1,-1,-1,-1
382,7,931.45,419.61,98.64,245.66,-1,-1,-1,-1
383,7,930.25,411.55,100.26,252.20,-1,-1,-1,-1
384,7,926.70,406.93,108.12,260.48,-1,-1,-1,-1
385,7,933.08,402.37,110.41,269.99,-1,-1,-1,-1
386,7,940.24,404.22,110.92,277.30,-1,-1,-1,-1
387,7,938.53,404.32,115.18,280.13,-1,-1,-1,-1
388,7,946.55,398.75,113.56,290.27,-1,-1,-1,-1
389,7,948.68,391.88,110.94,289.83,-1,-1,-1,-1
390,7,950.14,388.09,108.96,279.98,-1,-1,-1,-1
391,7,959.76,382.80,103.32,257.83,-1,-1,-1,-1
392,7,960.78,381.60,102.15,243.53,-1,-1,-1,-1
393,7,961.78,374.61,102.21,243.53,-1,-1,-1,-1
394,7,969.16,372.28,100.16,231.59,-1,-1,-1,-1
395,7,972.64,370.89,95.76,233.27,-1,-1,-1,-1
396,7,982.34,368.12,90.27,223.06,-1,-1,-1,-1
397,7,983.66,364.97,91.35,228.05,-1,-1,-1,-1
398,7,989.59,362.35,91.28,217.55,-1,-1,-1,-1
399,7,993.20,355.93,87.23,215.74,-1,-1,-1,-1
400,7,998.52,351.49,88.22,208.99,-1,-1,-1,-1
401,7,1001.17,348.47,85.72,201.83,-1,-1,-1,-1
402,7,1005.36,345.92,80.80,203.71,-1,-1,-1,-1
403,7,1010.05,344.67,81.29,204.85,-1,-1,-1,-1
404,7,1013.84,338.14,78.06,206.85,-1,-1,-1,-1
405,7,1013.90,335.65,79.80,207.37,-1,-1,-1,-1
406,7,1019.11,330.40,79.32,206.90,-1,-1,-1,-1
407,7,1020.45,327.88,81.06,208.25,-1,-1,-1,-1
408,7,1025.11,325.56,81.60,208.86,-1,-1,-1,-1
409,7,1026.62,320.76,81.29,207.41,-1,-1,-1,-1
410,7,1027.90,318.40,81.94,206.98,-1,-1,-1,-1
411,7,1029.08,314.53,81.44,205.13,-1,-1,-1,-1
412,7,1033.07,311.74,81.51,205.52,-1,-1,-1,-1
413,7,1034.95,307.68,81.33,203.97,-1,-1,-1,-1
414,7,1036.13,305.32,81.37,203.65,-1,-1,-1,-1
415,7,1037.60,300.15,80.49,203.64,-1,-1,-1,-1
416,7,1041.53,298.18,81.55,204.23,-1,-1,-1,-1
417,7,1044.30,296.49,79.50,203.65,-1,-1,-1,-1
418,7,1047.62,292.69,75.26,201.75,-1,-1,-1,-1
419,7,1048.20,289.44,75.74,203.43,-1,-1,-1,-1
420,7,1052.65,288.84,75.21,201.63,-1,-1,-1,-1
421,7,1054.54,283.61,74.78,201.97,-1,-1,-1,-1
422,7,1055.92,280.65,75.48,203.72,-1,-1,-1,-1
423,7,1056.17,276.13,75.51,203.36,-1,-1,-1,-1
424,7,1060.23,272.30,74.86,205.54,-1,-1,-1,-1
425,7,1061.09,268.67,74.41,204.03,-1,-1,-1,-1
426,7,1061.64,267.25,74.85,202.86,-1,-1,-1,-1
427,7,1062.84,264.67,74.50,203.91,-1,-1,-1,-1
428,7,1064.37,260.49,73.09,204.04,-1,-1,-1,-1
429,7,1064.66,258.38,73.70,205.94,-1,-1,-1,-1
430,7,1064.26,256.49,74.87,204.95,-1,-1,-1,-1
431,7,1065.26,253.22,74.24,202.26,-1,-1,-1,-1
432,7,1068.42,250.08,74.07,203.56,-1,-1,-1,-1
433,7,1068.99,248.32,73.44,203.86,-1,-1,-1,-1
434,7,1070.40,244.29,72.01,203.84,-1,-1,-1,-1
435,7,1070.59,240.70,72.80,205.71,-1,-1,-1,-1
436,7,1070.38,239.42,72.99,204.80,-1,-1,-1,-1
437,7,1070.34,235.14,73.21,204.55,-1,-1,-1,-1
438,7,1070.87,233.56,72.77,204.76,-1,-1,-1,-1
439,7,1070.46,230.98,72.78,206.37,-1,-1,-1,-1
440,7,1070.44,227.31,72.27,204.66,-1,-1,-1,-1
441,7,1070.33,225.16,72.57,205.37,-1,-1,-1,-1
442,7,1070.20,223.90,72.64,204.66,-1,-1,-1,-1
443,7,1070.71,220.95,71.74,202.17,-1,-1,-1,-1
444,7,1071.45,218.49,69.08,202.02,-1,-1,-1,-1
445,7,1070.87,217.04,69.40,202.09,-1,-1,-1,-1
446,7,1067.56,213.16,69.50,200.79,-1,-1,-1,-1
447,7,1067.12,211.53,69.78,200.95,-1,-1,-1,-1
448,7,1067.11,209.76,69.22,201.11,-1,-1,-1,-1
449,7,1066.36,205.83,69.49,200.05,-1,-1,-1,-1
450,7,1065.28,203.54,70.17,200.24,-1,-1,-1,-1
451,7,1064.70,203.17,69.86,198.66,-1,-1,-1,-1
452,7,1064.05,201.70,69.27,199.98,-1,-1,-1,-1
453,7,1063.23,196.89,70.40,200.53,-1,-1,-1,-1
454,7,1063.07,194.42,68.77,202.20,-1,-1,-1,-1
455,7,1059.28,193.80,69.34,200.83,-1,-1,-1,-1
456,7,1057.90,190.21,69.12,199.96,-1,-1,-1,-1
457,7,1057.66,189.06,68.49,199.76,-1,-1,-1,-1
458,7,1056.51,187.15,68.23,200.10,-1,-1,-1,-1
459,7,1054.86,185.44,68.81,202.36,-1,-1,-1,-1
460,7,1050.64,181.18,69.99,202.29,-1,-1,-1,-1
461,7,1049.73,180.96,69.67,201.10,-1,-1,-1,-1
462,7,1048.91,178.41,69.18,203.62,-1,-1,-1,-1
463,7,1047.63,176.91,69.36,204.70,-1,-1,-1,-1
464,7,1044.17,176.91,68.51,201.56,-1,-1,-1,-1
465,7,1042.34,173.25,68.61,202.01,-1,-1,-1,-1
466,7,1039.87,171.93,70.01,202.25,-1,-1,-1,-1
467,7,1038.31,169.83,70.74,203.11,-1,-1,-1,-1
468,7,1033.44,169.95,71.36,201.22,-1,-1,-1,-1
469,7,1032.02,169.01,70.74,201.71,-1,-1,-1,-1
470,7,1030.45,167.77,70.66,203.60,-1,-1,-1,-1
471,7,1027.25,165.04,68.44,201.67,-1,-1,-1,-1
472,7,1024.72,162.74,67.36,203.05,-1,-1,-1,-1
473,7,1023.03,161.79,68.50,204.24,-1,-1,-1,-1
474,7,1018.78,161.77,68.82,201.17,-1,-1,-1,-1
475,7,1016.47,160.93,68.50,201.36,-1,-1,-1,-1
476,7,1012.73,158.57,67.41,199.65,-1,-1,-1,-1
477,7,1010.50,157.48,68.32,200.12,-1,-1,-1,-1
478,7,1006.55,156.48,69.97,200.43,-1,-1,-1,-1
479,7,1002.00,156.32,69.57,198.37,-1,-1,-1,-1
480,7,1000.56,155.74,68.37,198.40,-1,-1,-1,-1
481,7,999.28,154.38,68.11,200.39,-1,-1,-1,-1
482,7,992.74,154.29,69.48,198.79,-1,-1,-1,-1
483,7,988.12,151.65,68.14,197.49,-1,-1,-1,-1
484,7,985.60,151.23,69.26,197.83,-1,-1,-1,-1
485,7,983.74,151.09,68.79,198.16,-1,-1,-1,-1
486,7,980.26,150.87,67.53,197.41,-1,-1,-1,-1
487,7,976.22,150.31,69.13,196.32,-1,-1,-1,-1
488,7,971.72,149.79,68.67,196.65,-1,-1,-1,-1
489,7,969.28,149.88,68.61,195.53,-1,-1,-1,-1
490,7,964.82,149.31,67.06,196.30,-1,-1,-1,-1
491,7,962.52,148.45,68.09,196.97,-1,-1,-1,-1
492,7,959.75,146.52,67.75,200.56,-1,-1,-1,-1
493,7,954.73,145.46,67.67,201.79,-1,-1,-1,-1
494,7,952.77,147.22,67.56,199.86,-1,-1,-1,-1
495,7,947.27,145.63,67.30,202.01,-1,-1,-1,-1
496,7,943.49,145.77,68.44,201.16,-1,-1,-1,-1
497,7,938.87,145.57,68.74,201.17,-1,-1,-1,-1
498,7,936.39,146.25,68.83,199.44,-1,-1,-1,-1
499,7,931.40,146.11,67.85,199.69,-1,-1,-1,-1
500,7,928.71,144.90,66.31,202.41,-1,-1,-1,-1
81,8,448.65,660.67,166.11,310.29,-1,-1,-1,-1
82,8,448.54,660.03,166.37,311.53,-1,-1,-1,-1
83,8,448.66,660.55,166.13,310.59,-1,-1,-1,-1
84,8,448.05,660.25,167.30,310.89,-1,-1,-1,-1
85,8,447.90,660.12,167.63,311.13,-1,-1,-1,-1
86,8,447.41,659.71,168.63,311.80,-1,-1,-1,-1
118,9,889.78,474.34,85.86,201.39,-1,-1,-1,-1
142,10,977.95,526.20,81.68,177.26,-1,-1,-1,-1
143,10,982.81,526.53,74.59,176.66,-1,-1,-1,-1
144,10,982.96,520.42,76.66,188.73,-1,-1,-1,-1
145,10,981.83,521.68,80.61,190.20,-1,-1,-1,-1
146,10,988.77,520.66,78.38,194.79,-1,-1,-1,-1
147,10,990.47,521.85,78.55,200.04,-1,-1,-1,-1
148,10,997.22,519.52,76.54,205.48,-1,-1,-1,-1
149,10,1000.28,530.87,75.24,198.64,-1,-1,-1,-1
150,10,1004.82,532.10,75.75,200.17,-1,-1,-1,-1
151,10,1007.53,532.42,75.91,202.45,-1,-1,-1,-1
152,10,1008.61,538.34,75.59,200.58,-1,-1,-1,-1
153,10,1013.70,541.42,74.72,200.42,-1,-1,-1,-1
154,10,1017.81,546.46,72.92,199.15,-1,-1,-1,-1
155,10,1020.72,548.13,73.75,199.24,-1,-1,-1,-1
156,10,1023.65,550.29,73.95,201.16,-1,-1,-1,-1
157,10,1025.93,555.16,72.96,200.45,-1,-1,-1,-1
158,10,1029.48,558.28,73.47,200.56,-1,-1,-1,-1
159,10,1031.81,562.40,74.00,200.02,-1,-1,-1,-1
160,10,1033.37,565.57,74.44,201.02,-1,-1,-1,-1
161,10,1035.89,568.43,75.84,202.93,-1,-1,-1,-1
162,10,1037.28,572.57,75.81,202.11,-1,-1,-1,-1
163,10,1039.84,576.20,75.48,202.58,-1,-1,-1,-1
164,10,1043.76,578.08,75.34,203.32,-1,-1,-1,-1
165,10,1044.27,581.16,76.58,203.46,-1,-1,-1,-1
166,10,1046.02,586.45,75.39,202.04,-1,-1,-1,-1
167,10,1048.97,589.34,73.28,201.52,-1,-1,-1,-1
168,10,1050.21,594.17,72.96,200.51,-1,-1,-1,-1
169,10,1053.89,596.07,72.59,200.65,-1,-1,-1,-1
170,10,1056.89,600.62,71.87,201.78,-1,-1,-1,-1
171,10,1059.08,603.12,69.29,199.68,-1,-1,-1,-1
172,10,1060.33,605.12,68.51,201.13,-1,-1,-1,-1
173,10,1062.89,610.04,68.85,200.66,-1,-1,-1,-1
174,10,1064.58,613.04,69.48,199.63,-1,-1,-1,-1
175,10,1065.14,616.96,68.90,201.05,-1,-1,-1,-1
176,10,1065.66,619.92,68.55,199.10,-1,-1,-1,-1
177,10,1066.99,621.73,68.81,199.79,-1,-1,-1,-1
178,10,1067.50,625.88,69.25,199.25,-1,-1,-1,-1
179,10,1068.31,627.27,68.35,200.47,-1,-1,-1,-1
180,10,1069.99,630.11,70.45,199.98,-1,-1,-1,-1
181,10,1070.99,633.31,69.82,201.81,-1,-1,-1,-1
182,10,1071.73,636.25,69.08,199.98,-1,-1,-1,-1
183,10,1071.82,638.39,69.39,199.48,-1,-1,-1,-1
184,10,1072.97,642.44,70.15,199.60,-1,-1,-1,-1
185,10,1073.33,644.34,69.25,199.42,-1,-1,-1,-1
186,10,1072.80,647.31,70.17,199.07,-1,-1,-1,-1
187,10,1072.51,651.14,70.49,198.47,-1,-1,-1,-1
188,10,1072.84,652.77,69.41,198.65,-1,-1,-1,-1
189,10,1073.05,655.47,69.61,198.60,-1,-1,-1,-1
190,10,1073.40,659.32,69.12,198.31,-1,-1,-1,-1
191,10,1073.43,661.16,68.47,197.99,-1,-1,-1,-1
192,10,1072.77,665.52,70.67,199.53,-1,-1,-1,-1
193,10,1072.81,666.68,71.29,198.83,-1,-1,-1,-1
194,10,1071.84,668.31,70.88,199.45,-1,-1,-1,-1
195,10,1071.42,670.64,70.79,199.28,-1,-1,-1,-1
196,10,1071.12,673.94,70.73,200.97,-1,-1,-1,-1
197,10,1070.23,675.63,70.92,200.72,-1,-1,-1,-1
198,10,1066.82,677.28,71.98,200.06,-1,-1,-1,-1
199,10,1066.25,681.82,71.86,199.42,-1,-1,-1,-1
200,10,1065.57,682.77,71.88,199.29,-1,-1,-1,-1
201,10,1064.20,684.46,72.57,199.48,-1,-1,-1,-1
202,10,1061.76,685.83,76.35,200.14,-1,-1,-1,-1
203,10,1061.45,688.92,75.51,202.08,-1,-1,-1,-1
204,10,1060.32,690.48,75.40,202.01,-1,-1,-1,-1
205,10,1059.50,691.93,76.11,202.45,-1,-1,-1,-1
206,10,1055.92,693.62,76.43,201.24,-1,-1,-1,-1
207,10,1055.28,697.27,75.91,201.65,-1,-1,-1,-1
208,10,1054.25,697.92,75.40,201.78,-1,-1,-1,-1
209,10,1052.13,699.56,76.66,201.95,-1,-1,-1,-1
210,10,1048.15,701.07,76.92,202.20,-1,-1,-1,-1
211,10,1047.60,701.90,76.01,201.50,-1,-1,-1,-1
212,10,1046.79,705.27,75.14,201.50,-1,-1,-1,-1
213,10,1044.38,706.95,77.01,201.94,-1,-1,-1,-1
214,10,1042.35,708.05,78.46,202.74,-1,-1,-1,-1
215,10,1038.82,709.53,77.35,201.58,-1,-1,-1,-1
216,10,1037.35,712.76,76.57,201.47,-1,-1,-1,-1
217,10,1035.94,713.82,76.05,201.47,-1,-1,-1,-1
218,10,1030.47,715.65,77.35,199.83,-1,-1,-1,-1
219,10,1028.80,717.35,76.53,200.13,-1,-1,-1,-1
220,10,1025.20,717.95,74.91,200.14,-1,-1,-1,-1
221,10,1023.53,718.55,75.36,200.03,-1,-1,-1,-1
222,10,1020.77,720.71,75.62,202.14,-1,-1,-1,-1
223,10,1016.95,721.91,74.65,201.14,-1,-1,-1,-1
224,10,1014.40,722.78,76.80,200.42,-1,-1,-1,-1
225,10,1011.85,724.54,77.53,201.22,-1,-1,-1,-1
226,10,1008.05,725.49,76.57,201.05,-1,-1,-1,-1
227,10,1006.07,726.37,76.45,200.39,-1,-1,-1,-1
228,10,1003.30,728.82,77.04,201.08,-1,-1,-1,-1
229,10,999.17,730.65,75.14,198.91,-1,-1,-1,-1
230,10,996.37,731.74,75.91,198.92,-1,-1,-1,-1
231,10,992.58,731.95,74.96,199.62,-1,-1,-1,-1
232,10,989.46,731.94,75.87,201.60,-1,-1,-1,-1
233,10,984.98,733.06,74.68,200.18,-1,-1,-1,-1
234,10,981.90,733.33,75.96,201.48,-1,-1,-1,-1
235,10,976.58,733.75,75.73,200.81,-1,-1,-1,-1
236,10,975.54,737.65,75.17,199.49,-1,-1,-1,-1
237,10,972.92,736.90,74.97,201.97,-1,-1,-1,-1
238,10,967.89,737.78,75.13,200.38,-1,-1,-1,-1
239,10,965.81,738.50,74.20,199.34,-1,-1,-1,-1
240,10,960.36,738.54,74.48,200.82,-1,-1,-1,-1
241,10,957.53,738.83,75.64,201.38,-1,-1,-1,-1
242,10,952.58,739.49,75.10,199.94,-1,-1,-1,-1
243,10,948.72,738.55,77.46,201.37,-1,-1,-1,-1
244,10,947.67,740.08,76.85,200.19,-1,-1,-1,-1
245,10,942.02,740.57,77.73,201.01,-1,-1,-1,-1
246,10,938.95,741.00,78.34,200.23,-1,-1,-1,-1
247,10,934.86,740.91,77.96,199.88,-1,-1,-1,-1
248,10,931.95,742.13,77.81,198.47,-1,-1,-1,-1
249,10,927.13,741.78,77.33,199.32,-1,-1,-1,-1
250,10,923.91,741.02,77.81,200.47,-1,-1,-1,-1
251,10,920.15,741.55,76.30,200.01,-1,-1,-1,-1
252,10,917.25,741.17,77.52,200.58,-1,-1,-1,-1
253,10,912.26,740.43,76.11,201.53,-1,-1,-1,-1
254,10,908.64,740.08,78.23,201.80,-1,-1,-1,-1
255,10,903.94,740.21,76.68,200.74,-1,-1,-1,-1
256,10,900.77,740.10,78.66,200.70,-1,-1,-1,-1
257,10,899.38,740.97,77.33,200.33,-1,-1,-1,-1
258,10,894.24,739.48,77.34,201.41,-1,-1,-1,-1
259,10,892.29,739.30,76.88,200.93,-1,-1,-1,-1
260,10,886.42,739.02,77.93,201.40,-1,-1,-1,-1
261,10,883.81,738.39,77.64,201.99,-1,-1,-1,-1
262,10,878.80,738.47,77.33,202.26,-1,-1,-1,-1
263,10,877.28,737.32,76.68,202.78,-1,-1,-1,-1
264,10,871.13,736.94,76.91,202.93,-1,-1,-1,-1
265,10,869.63,736.56,76.80,203.15,-1,-1,-1,-1
266,10,868.36,737.14,76.40,202.16,-1,-1,-1,-1
267,10,861.87,736.44,76.95,203.08,-1,-1,-1,-1
268,10,860.24,736.16,76.46,203.41,-1,-1,-1,-1
269,10,854.40,732.05,77.88,203.11,-1,-1,-1,-1
270,10,853.01,731.88,76.18,203.56,-1,-1,-1,-1
271,10,847.02,730.94,76.63,203.97,-1,-1,-1,-1
272,10,845.11,731.15,76.15,202.51,-1,-1,-1,-1
273,10,840.02,730.10,75.86,201.49,-1,-1,-1,-1
274,10,838.16,729.82,76.33,202.25,-1,-1,-1,-1
275,10,835.84,729.19,77.14,202.34,-1,-1,-1,-1
276,10,830.70,729.09,76.51,201.91,-1,-1,-1,-1
277,10,827.86,725.05,77.76,201.65,-1,-1,-1,-1
278,10,822.49,722.59,78.02,203.12,-1,-1,-1,-1
279,10,820.80,721.46,77.23,204.76,-1,-1,-1,-1
280,10,820.27,720.35,76.61,205.28,-1,-1,-1,-1
281,10,815.00,719.62,77.09,204.91,-1,-1,-1,-1
282,10,813.07,719.98,77.62,204.60,-1,-1,-1,-1
283,10,811.93,716.50,77.53,202.92,-1,-1,-1,-1
284,10,807.43,715.81,77.23,201.21,-1,-1,-1,-1
285,10,806.35,715.94,77.20,200.88,-1,-1,-1,-1
286,10,805.72,715.38,76.49,201.00,-1,-1,-1,-1
287,10,804.50,714.74,77.43,200.65,-1,-1,-1,-1
288,10,802.91,713.73,78.84,201.51,-1,-1,-1,-1
289,10,799.06,708.67,77.28,201.28,-1,-1,-1,-1
290,10,797.60,708.47,76.69,200.43,-1,-1,-1,-1
291,10,795.73,706.53,77.88,201.88,-1,-1,-1,-1
292,10,790.52,705.73,78.28,202.37,-1,-1,-1,-1
293,10,789.49,705.11,77.13,202.46,-1,-1,-1,-1
294,10,788.24,700.27,77.80,202.25,-1,-1,-1,-1
295,10,787.49,698.13,78.11,204.13,-1,-1,-1,-1
296,10,784.97,695.93,83.48,206.56,-1,-1,-1,-1
297,10,780.12,695.44,82.26,206.19,-1,-1,-1,-1
298,10,779.83,691.19,81.05,203.76,-1,-1,-1,-1
299,10,779.48,690.64,80.25,203.10,-1,-1,-1,-1
300,10,777.96,688.15,82.15,205.20,-1,-1,-1,-1
301,10,778.44,683.09,81.22,204.24,-1,-1,-1,-1
302,10,779.58,681.78,78.60,205.11,-1,-1,-1,-1
303,10,778.62,681.07,80.34,205.27,-1,-1,-1,-1
304,10,779.84,679.19,77.90,208.25,-1,-1,-1,-1
305,10,781.94,679.43,73.29,207.72,-1,-1,-1,-1
175,11,771.22,588.78,97.47,297.43,-1,-1,-1,-1
176,11,771.68,589.81,95.59,294.18,-1,-1,-1,-1
177,11,773.03,591.08,92.63,290.93,-1,-1,-1,-1
178,11,767.27,591.53,91.25,289.59,-1,-1,-1,-1
179,11,765.48,592.46,93.42,286.35,-1,-1,-1,-1
180,11,765.55,591.77,93.02,287.05,-1,-1,-1,-1
181,11,765.58,585.87,93.45,286.77,-1,-1,-1,-1
182,11,766.57,587.32,91.70,281.95,-1,-1,-1,-1
183,11,766.31,588.72,91.90,278.17,-1,-1,-1,-1
184,11,766.23,589.72,92.24,275.34,-1,-1,-1,-1
185,11,765.97,590.63,92.71,273.09,-1,-1,-1,-1
186,11,765.35,591.86,93.52,269.91,-1,-1,-1,-1
187,11,764.98,586.17,94.69,269.79,-1,-1,-1,-1
188,11,765.25,587.38,94.20,265.69,-1,-1,-1,-1
189,11,764.85,588.39,94.81,262.85,-1,-1,-1,-1
190,11,764.97,588.85,94.27,260.96,-1,-1,-1,-1
191,11,764.54,589.45,95.07,259.00,-1,-1,-1,-1
192,11,764.42,590.12,95.30,257.46,-1,-1,-1,-1
193,11,763.72,583.60,96.99,258.52,-1,-1,-1,-1
194,11,762.43,585.28,99.78,254.44,-1,-1,-1,-1
195,11,761.98,589.15,100.59,247.01,-1,-1,-1,-1
196,11,759.71,589.85,105.30,245.22,-1,-1,-1,-1
197,11,760.48,591.96,104.24,240.74,-1,-1,-1,-1
198,11,761.85,592.86,102.52,237.31,-1,-1,-1,-1
199,11,762.66,595.80,101.19,230.64,-1,-1,-1,-1
200,11,764.23,597.43,98.00,226.46,-1,-1,-1,-1
201,11,767.41,594.03,92.61,222.29,-1,-1,-1,-1
202,11,772.03,593.48,94.20,221.52,-1,-1,-1,-1
203,11,772.83,593.21,93.71,219.68,-1,-1,-1,-1
204,11,773.35,593.52,93.92,217.80,-1,-1,-1,-1
205,11,775.77,589.29,91.08,214.47,-1,-1,-1,-1
206,11,782.62,588.70,87.94,212.57,-1,-1,-1,-1
207,11,783.97,584.92,86.82,209.58,-1,-1,-1,-1
208,11,784.18,582.39,87.21,212.19,-1,-1,-1,-1
209,11,784.60,580.90,87.32,212.19,-1,-1,-1,-1
210,11,786.07,576.75,85.47,209.16,-1,-1,-1,-1
211,11,788.45,574.82,82.60,208.68,-1,-1,-1,-1
212,11,794.23,571.04,81.35,205.41,-1,-1,-1,-1
213,11,794.71,566.95,83.74,209.58,-1,-1,-1,-1
214,11,795.13,565.20,84.29,210.31,-1,-1,-1,-1
215,11,801.45,560.84,83.14,208.53,-1,-1,-1,-1
216,11,802.77,558.38,83.15,208.78,-1,-1,-1,-1
217,11,804.32,554.19,81.65,206.34,-1,-1,-1,-1
218,11,808.73,551.50,84.06,207.85,-1,-1,-1,-1
219,11,809.73,546.94,83.67,205.54,-1,-1,-1,-1
220,11,810.90,544.60,84.38,207.22,-1,-1,-1,-1
221,11,817.10,543.12,83.28,207.55,-1,-1,-1,-1
222,11,818.90,537.75,82.20,206.64,-1,-1,-1,-1
223,11,818.88,536.86,82.61,205.42,-1,-1,-1,-1
224,11,818.77,529.56,84.17,206.44,-1,-1,-1,-1
225,11,825.22,527.66,84.05,207.73,-1,-1,-1,-1
226,11,827.25,525.77,84.12,209.96,-1,-1,-1,-1
227,11,834.60,518.35,81.40,211.62,-1,-1,-1,-1
228,11,836.03,516.66,81.65,213.78,-1,-1,-1,-1
229,11,841.81,521.26,82.18,203.95,-1,-1,-1,-1
230,11,843.47,514.40,82.06,205.09,-1,-1,-1,-1
231,11,849.49,516.72,83.04,199.34,-1,-1,-1,-1
232,11,850.16,521.82,83.71,189.77,-1,-1,-1,-1
233,11,850.95,528.69,83.47,176.37,-1,-1,-1,-1
234,11,858.21,544.92,81.90,157.70,-1,-1,-1,-1
235,11,861.51,551.02,78.01,146.22,-1,-1,-1,-1
236,11,867.96,549.41,78.61,149.87,-1,-1,-1,-1
237,11,869.39,539.55,78.38,154.94,-1,-1,-1,-1
240,12,878.56,390.11,89.83,292.88,-1,-1,-1,-1
241,12,880.42,395.30,88.90,281.10,-1,-1,-1,-1
242,12,885.68,399.39,90.98,273.04,-1,-1,-1,-1
243,12,886.93,403.93,90.87,265.11,-1,-1,-1,-1
244,12,887.09,408.37,91.86,256.88,-1,-1,-1,-1
245,12,895.80,412.18,87.55,248.99,-1,-1,-1,-1
246,12,896.66,414.12,88.05,243.35,-1,-1,-1,-1
247,12,902.38,417.68,90.14,236.52,-1,-1,-1,-1
248,12,908.36,419.80,93.55,234.25,-1,-1,-1,-1
249,12,908.91,422.38,94.82,228.85,-1,-1,-1,-1
250,12,908.87,424.58,95.89,223.65,-1,-1,-1,-1
251,12,914.41,425.47,97.62,222.77,-1,-1,-1,-1
252,12,916.00,421.55,97.10,230.28,-1,-1,-1,-1
253,12,919.89,417.02,102.91,239.64,-1,-1,-1,-1
254,12,920.97,412.46,102.42,248.82,-1,-1,-1,-1
255,12,920.99,409.53,103.01,253.92,-1,-1,-1,-1
256,12,920.86,407.66,103.24,257.79,-1,-1,-1,-1
257,12,928.18,404.01,102.93,264.09,-1,-1,-1,-1
258,12,928.82,399.52,103.91,273.50,-1,-1,-1,-1
259,12,936.61,397.25,102.60,276.66,-1,-1,-1,-1
260,12,934.66,395.20,108.30,282.08,-1,-1,-1,-1
261,12,940.64,389.67,110.99,293.53,-1,-1,-1,-1
262,12,942.12,387.93,109.74,295.98,-1,-1,-1,-1
263,12,961.68,383.29,84.35,208.12,-1,-1,-1,-1
264,12,963.11,380.34,84.14,215.88,-1,-1,-1,-1
265,12,967.74,375.59,87.14,224.60,-1,-1,-1,-1
266,12,969.67,373.38,86.43,227.23,-1,-1,-1,-1
267,12,975.23,370.27,87.49,234.98,-1,-1,-1,-1
268,12,978.24,366.31,83.80,227.32,-1,-1,-1,-1
269,12,985.38,362.77,83.20,217.42,-1,-1,-1,-1
270,12,987.70,358.75,81.17,224.81,-1,-1,-1,-1
271,12,994.35,352.86,81.36,223.16,-1,-1,-1,-1
272,12,996.30,349.93,80.10,227.41,-1,-1,-1,-1
273,12,996.92,346.61,80.12,219.91,-1,-1,-1,-1
274,12,1002.12,344.52,81.63,223.04,-1,-1,-1,-1
275,12,1003.36,341.08,82.20,227.87,-1,-1,-1,-1
276,12,1003.13,338.02,84.85,219.84,-1,-1,-1,-1
277,12,1008.98,332.92,84.08,216.52,-1,-1,-1,-1
278,12,1008.95,331.30,86.59,215.19,-1,-1,-1,-1
279,12,1010.69,325.77,85.31,214.77,-1,-1,-1,-1
280,12,1014.90,323.22,87.74,215.58,-1,-1,-1,-1
281,12,1016.95,317.86,86.85,213.87,-1,-1,-1,-1
282,12,1017.46,316.33,88.25,213.79,-1,-1,-1,-1
283,12,1024.29,309.39,86.27,216.38,-1,-1,-1,-1
284,12,1025.23,307.75,86.70,216.16,-1,-1,-1,-1
285,12,1026.74,302.83,85.70,213.02,-1,-1,-1,-1
286,12,1031.24,301.51,86.54,212.73,-1,-1,-1,-1
287,12,1032.57,295.61,87.01,212.62,-1,-1,-1,-1
288,12,1033.17,293.72,87.91,212.50,-1,-1,-1,-1
289,12,1033.06,293.97,89.04,209.43,-1,-1,-1,-1
290,12,1039.17,288.13,86.65,210.33,-1,-1,-1,-1
291,12,1039.98,286.55,88.06,209.92,-1,-1,-1,-1
292,12,1041.60,280.95,86.63,209.77,-1,-1,-1,-1
293,12,1041.58,278.75,88.22,211.13,-1,-1,-1,-1
294,12,1046.62,277.08,87.57,212.20,-1,-1,-1,-1
295,12,1048.75,272.45,86.30,210.98,-1,-1,-1,-1
296,12,1047.98,270.26,89.11,211.41,-1,-1,-1,-1
297,12,1048.60,268.72,89.76,211.05,-1,-1,-1,-1
298,12,1050.12,263.03,87.15,210.30,-1,-1,-1,-1
299,12,1054.35,262.15,87.87,209.39,-1,-1,-1,-1
300,12,1056.02,257.25,86.33,208.69,-1,-1,-1,-1
301,12,1055.63,255.40,88.11,208.94,-1,-1,-1,-1
302,12,1056.10,253.55,88.85,209.40,-1,-1,-1,-1
303,12,1058.71,248.40,85.64,209.19,-1,-1,-1,-1
304,12,1060.31,247.47,83.12,207.77,-1,-1,-1,-1
305,12,1060.78,245.65,82.44,209.06,-1,-1,-1,-1
306,12,1066.25,241.04,79.90,207.76,-1,-1,-1,-1
307,12,1066.96,238.70,81.02,208.12,-1,-1,-1,-1
308,12,1067.69,234.49,80.33,207.33,-1,-1,-1,-1
309,12,1067.32,232.86,81.77,207.90,-1,-1,-1,-1
310,12,1067.82,230.41,81.22,209.24,-1,-1,-1,-1
311,12,1067.92,229.78,80.84,208.42,-1,-1,-1,-1
312,12,1068.13,224.65,80.94,208.08,-1,-1,-1,-1
313,12,1067.73,222.34,81.85,209.55,-1,-1,-1,-1
314,12,1068.48,218.37,80.72,207.05,-1,-1,-1,-1
315,12,1067.72,215.78,81.99,207.84,-1,-1,-1,-1
316,12,1067.89,214.26,81.74,208.47,-1,-1,-1,-1
317,12,1068.28,210.53,80.89,205.83,-1,-1,-1,-1
318,12,1067.78,209.03,82.43,205.58,-1,-1,-1,-1
319,12,1067.38,205.93,81.85,208.49,-1,-1,-1,-1
320,12,1068.01,202.56,80.99,206.39,-1,-1,-1,-1
321,12,1066.93,200.25,81.96,206.78,-1,-1,-1,-1
322,12,1066.14,199.51,81.12,206.21,-1,-1,-1,-1
323,12,1066.02,195.70,80.88,204.88,-1,-1,-1,-1
324,12,1062.14,194.23,79.78,204.44,-1,-1,-1,-1
325,12,1060.75,193.16,81.00,204.86,-1,-1,-1,-1
326,12,1059.96,191.81,80.83,205.12,-1,-1,-1,-1
327,12,1060.64,187.57,78.91,205.12,-1,-1,-1,-1
328,12,1060.83,185.03,77.62,206.32,-1,-1,-1,-1
329,12,1061.44,184.42,74.16,205.23,-1,-1,-1,-1
330,12,1060.34,183.10,75.57,205.93,-1,-1,-1,-1
331,12,1056.61,178.88,75.09,203.69,-1,-1,-1,-1
332,12,1054.92,177.20,77.15,204.61,-1,-1,-1,-1
333,12,1053.61,175.10,76.74,206.93,-1,-1,-1,-1
334,12,1052.53,171.01,76.57,206.05,-1,-1,-1,-1
335,12,1047.66,169.74,76.85,205.79,-1,-1,-1,-1
336,12,1046.89,168.65,77.37,206.53,-1,-1,-1,-1
337,12,1046.31,167.73,76.44,206.79,-1,-1,-1,-1
338,12,1045.52,166.46,76.28,207.01,-1,-1,-1,-1
339,12,1044.59,162.93,76.19,205.55,-1,-1,-1,-1
340,12,1039.93,163.02,76.40,203.45,-1,-1,-1,-1
341,12,1037.81,160.93,77.67,205.71,-1,-1,-1,-1
342,12,1036.07,159.58,78.13,206.46,-1,-1,-1,-1
343,12,1029.96,158.70,79.89,207.21,-1,-1,-1,-1
344,12,1029.52,154.44,78.02,207.02,-1,-1,-1,-1
345,12,1027.89,153.36,78.79,207.77,-1,-1,-1,-1
346,12,1026.00,151.63,80.04,209.30,-1,-1,-1,-1
347,12,1020.25,151.25,80.48,207.19,-1,-1,-1,-1
348,12,1018.31,151.78,80.48,205.23,-1,-1,-1,-1
349,12,1013.74,151.24,79.27,205.62,-1,-1,-1,-1
350,12,1012.29,147.60,78.15,204.42,-1,-1,-1,-1
351,12,1010.72,147.28,79.74,203.87,-1,-1,-1,-1
352,12,1008.18,145.92,75.59,204.16,-1,-1,-1,-1
353,12,1004.81,145.92,76.54,202.48,-1,-1,-1,-1
354,12,1000.16,144.76,75.52,203.62,-1,-1,-1,-1
355,12,998.51,145.08,75.56,202.34,-1,-1,-1,-1
356,12,997.05,144.21,76.07,203.44,-1,-1,-1,-1
357,12,991.35,140.88,75.74,201.71,-1,-1,-1,-1
358,12,988.56,140.31,76.93,201.63,-1,-1,-1,-1
359,12,983.94,139.87,75.34,201.26,-1,-1,-1,-1
360,12,981.61,140.32,75.74,201.32,-1,-1,-1,-1
361,12,980.10,139.42,76.20,201.33,-1,-1,-1,-1
362,12,974.63,138.95,76.84,200.37,-1,-1,-1,-1
363,12,971.71,138.57,77.95,200.48,-1,-1,-1,-1
364,12,966.50,138.87,76.86,200.20,-1,-1,-1,-1
365,12,963.79,139.16,77.45,199.32,-1,-1,-1,-1
366,12,959.62,137.96,76.22,201.70,-1,-1,-1,-1
367,12,955.81,137.86,77.98,200.86,-1,-1,-1,-1
368,12,951.09,136.91,75.77,202.62,-1,-1,-1,-1
369,12,949.35,137.17,76.16,202.05,-1,-1,-1,-1
370,12,943.58,137.36,76.41,200.74,-1,-1,-1,-1
371,12,940.83,133.59,77.72,201.57,-1,-1,-1,-1
372,12,934.85,133.74,78.33,200.45,-1,-1,-1,-1
373,12,933.42,134.18,76.60,200.19,-1,-1,-1,-1
374,12,927.64,133.87,76.69,200.13,-1,-1,-1,-1
375,12,924.85,133.85,76.75,200.66,-1,-1,-1,-1
376,12,919.90,133.20,75.94,200.73,-1,-1,-1,-1
377,12,918.11,133.54,75.83,201.65,-1,-1,-1,-1
378,12,916.60,132.95,75.40,202.71,-1,-1,-1,-1
379,12,910.81,133.04,76.36,202.09,-1,-1,-1,-1
380,12,907.42,133.04,77.74,202.10,-1,-1,-1,-1
381,12,902.89,134.04,76.78,200.31,-1,-1,-1,-1
382,12,900.48,136.80,76.07,201.56,-1,-1,-1,-1
383,12,894.81,136.89,77.01,201.94,-1,-1,-1,-1
384,12,892.31,136.62,77.46,202.10,-1,-1,-1,-1
385,12,886.29,137.31,78.15,200.88,-1,-1,-1,-1
386,12,885.19,137.50,76.05,201.61,-1,-1,-1,-1
387,12,883.28,137.06,77.53,202.72,-1,-1,-1,-1
388,12,877.39,137.29,78.78,202.02,-1,-1,-1,-1
389,12,875.03,137.46,78.45,202.26,-1,-1,-1,-1
390,12,870.80,138.43,77.10,200.99,-1,-1,-1,-1
391,12,867.51,139.50,77.67,201.36,-1,-1,-1,-1
392,12,863.39,140.40,76.76,200.66,-1,-1,-1,-1
393,12,859.86,139.86,78.39,201.64,-1,-1,-1,-1
394,12,854.87,140.54,77.81,201.18,-1,-1,-1,-1
395,12,853.24,141.31,77.29,201.73,-1,-1,-1,-1
396,12,850.88,144.27,78.82,203.11,-1,-1,-1,-1
397,12,846.28,144.61,78.48,202.51,-1,-1,-1,-1
398,12,844.26,144.84,77.60,202.69,-1,-1,-1,-1
399,12,838.88,146.51,77.87,200.97,-1,-1,-1,-1
400,12,836.64,147.17,77.51,201.21,-1,-1,-1,-1
401,12,835.06,147.82,77.54,201.60,-1,-1,-1,-1
402,12,830.58,148.58,77.52,201.12,-1,-1,-1,-1
403,12,828.40,148.75,77.57,202.11,-1,-1,-1,-1
404,12,822.62,153.14,78.02,201.93,-1,-1,-1,-1
405,12,822.33,153.57,76.06,202.49,-1,-1,-1,-1
406,12,820.87,154.43,76.64,202.97,-1,-1,-1,-1
407,12,819.08,155.40,77.84,202.49,-1,-1,-1,-1
408,12,814.75,155.72,76.60,202.16,-1,-1,-1,-1
409,12,812.95,156.39,76.87,203.27,-1,-1,-1,-1
410,12,806.05,160.89,78.86,201.77,-1,-1,-1,-1
411,12,805.74,162.59,77.37,200.64,-1,-1,-1,-1
412,12,804.40,163.88,78.21,200.91,-1,-1,-1,-1
413,12,799.41,164.29,77.45,201.15,-1,-1,-1,-1
414,12,797.57,164.40,78.92,202.97,-1,-1,-1,-1
415,12,796.54,168.47,78.93,203.87,-1,-1,-1,-1
416,12,795.79,168.82,78.72,205.20,-1,-1,-1,-1
417,12,788.69,170.09,81.90,204.50,-1,-1,-1,-1
418,12,787.55,171.12,81.61,205.35,-1,-1,-1,-1
419,12,786.12,174.93,82.72,206.35,-1,-1,-1,-1
420,12,785.48,176.74,82.50,204.93,-1,-1,-1,-1
421,12,785.27,178.31,82.30,204.48,-1,-1,-1,-1
422,12,781.07,179.61,81.85,203.65,-1,-1,-1,-1
423,12,779.90,183.73,82.45,204.57,-1,-1,-1,-1
424,12,780.10,184.33,80.73,204.86,-1,-1,-1,-1
425,12,779.85,186.05,80.40,205.07,-1,-1,-1,-1
426,12,779.11,187.18,80.08,205.48,-1,-1,-1,-1
427,12,777.29,191.31,82.34,206.38,-1,-1,-1,-1
428,12,777.27,193.52,81.44,204.77,-1,-1,-1,-1
429,12,772.38,195.57,82.58,204.57,-1,-1,-1,-1
430,12,772.28,199.60,81.71,204.94,-1,-1,-1,-1
431,12,772.59,201.62,80.37,204.24,-1,-1,-1,-1
432,12,772.33,202.66,80.21,206.25,-1,-1,-1,-1
433,12,771.84,205.92,81.22,207.75,-1,-1,-1,-1
434,12,772.16,208.00,79.88,207.22,-1,-1,-1,-1
435,12,771.66,210.00,80.85,206.28,-1,-1,-1,-1
436,12,771.82,213.95,80.59,207.81,-1,-1,-1,-1
437,12,772.39,216.29,79.41,206.14,-1,-1,-1,-1
438,12,771.63,218.48,80.82,205.57,-1,-1,-1,-1
439,12,771.06,221.84,82.02,207.95,-1,-1,-1,-1
440,12,771.44,224.03,80.99,206.64,-1,-1,-1,-1
441,12,770.52,227.10,82.28,205.14,-1,-1,-1,-1
442,12,769.90,230.94,83.38,206.13,-1,-1,-1,-1
443,12,771.03,233.89,81.04,205.07,-1,-1,-1,-1
444,12,771.40,235.22,81.61,205.79,-1,-1,-1,-1
445,12,771.48,238.43,81.64,207.19,-1,-1,-1,-1
446,12,771.71,240.68,82.16,206.09,-1,-1,-1,-1
447,12,772.20,243.20,81.60,205.11,-1,-1,-1,-1
448,12,771.79,247.83,83.48,205.83,-1,-1,-1,-1
449,12,772.01,250.27,83.23,205.05,-1,-1,-1,-1
450,12,771.31,251.69,84.87,204.37,-1,-1,-1,-1
451,12,775.50,255.84,85.90,207.08,-1,-1,-1,-1
452,12,777.14,259.07,84.92,204.84,-1,-1,-1,-1
453,12,776.66,263.27,86.37,205.98,-1,-1,-1,-1
454,12,775.04,265.24,91.19,206.36,-1,-1,-1,-1
455,12,776.16,267.57,90.26,204.87,-1,-1,-1,-1
456,12,781.23,272.24,90.64,206.74,-1,-1,-1,-1
457,12,782.99,275.09,88.88,205.36,-1,-1,-1,-1
458,12,783.34,278.99,89.28,207.13,-1,-1,-1,-1
459,12,784.20,280.80,88.38,206.89,-1,-1,-1,-1
460,12,785.11,282.79,87.72,205.80,-1,-1,-1,-1
461,12,784.93,288.81,89.32,204.99,-1,-1,-1,-1
462,12,791.22,291.76,87.42,203.40,-1,-1,-1,-1
463,12,791.25,295.11,89.96,207.81,-1,-1,-1,-1
464,12,793.37,297.75,87.65,205.91,-1,-1,-1,-1
465,12,799.02,299.38,86.97,205.16,-1,-1,-1,-1
466,12,799.66,304.73,87.39,205.34,-1,-1,-1,-1
467,12,801.21,306.19,85.46,205.99,-1,-1,-1,-1
468,12,804.37,312.84,81.88,204.72,-1,-1,-1,-1
469,12,810.78,313.45,80.40,206.48,-1,-1,-1,-1
470,12,810.71,319.20,83.27,206.53,-1,-1,-1,-1
471,12,812.17,321.84,82.23,205.24,-1,-1,-1,-1
472,12,818.23,326.77,81.83,207.85,-1,-1,-1,-1
473,12,818.84,328.35,82.94,208.20,-1,-1,-1,-1
474,12,819.90,331.20,82.65,204.33,-1,-1,-1,-1
475,12,825.83,336.35,82.57,205.71,-1,-1,-1,-1
476,12,828.62,338.97,80.77,203.60,-1,-1,-1,-1
477,12,834.54,344.59,81.23,204.33,-1,-1,-1,-1
478,12,836.56,345.07,81.74,206.56,-1,-1,-1,-1
479,12,841.74,350.48,82.78,224.98,-1,-1,-1,-1
480,12,841.92,351.25,85.15,226.16,-1,-1,-1,-1
481,12,841.72,355.72,85.90,231.17,-1,-1,-1,-1
482,12,848.31,358.76,85.49,226.44,-1,-1,-1,-1
483,12,848.37,359.79,87.58,225.09,-1,-1,-1,-1
484,12,848.13,363.78,89.00,217.11,-1,-1,-1,-1
485,12,856.07,369.41,86.81,220.43,-1,-1,-1,-1
486,12,857.14,372.07,86.91,216.36,-1,-1,-1,-1
487,12,864.39,374.90,85.96,209.99,-1,-1,-1,-1
488,12,866.36,378.43,83.57,204.41,-1,-1,-1,-1
489,12,866.56,383.05,84.77,207.83,-1,-1,-1,-1
490,12,872.64,385.28,85.66,203.36,-1,-1,-1,-1
491,12,874.03,387.46,85.28,199.49,-1,-1,-1,-1
492,12,880.17,389.26,86.99,196.49,-1,-1,-1,-1
493,12,881.28,391.98,86.63,191.30,-1,-1,-1,-1
271,13,998.32,509.07,76.07,212.62,-1,-1,-1,-1
272,13,1005.07,510.64,74.95,213.02,-1,-1,-1,-1
273,13,1005.93,517.95,75.13,208.94,-1,-1,-1,-1
274,13,1006.24,521.14,75.70,208.63,-1,-1,-1,-1
275,13,1006.74,526.09,77.26,208.72,-1,-1,-1,-1
276,13,1011.69,524.84,78.44,213.85,-1,-1,-1,-1
277,13,1012.89,523.66,80.00,217.78,-1,-1,-1,-1
278,13,1018.13,531.04,81.92,216.07,-1,-1,-1,-1
279,13,1019.75,532.88,81.59,216.04,-1,-1,-1,-1
280,13,1025.27,538.87,83.04,215.63,-1,-1,-1,-1
281,13,1028.03,540.74,80.31,216.28,-1,-1,-1,-1
282,13,1034.30,547.37,80.39,213.88,-1,-1,-1,-1
283,13,1034.25,549.29,82.05,215.16,-1,-1,-1,-1
284,13,1034.63,551.12,81.83,213.78,-1,-1,-1,-1
285,13,1036.41,556.62,80.71,213.28,-1,-1,-1,-1
286,13,1041.53,557.03,82.25,217.49,-1,-1,-1,-1
287,13,1042.62,561.85,82.93,219.01,-1,-1,-1,-1
288,13,1043.76,564.37,82.51,217.57,-1,-1,-1,-1
289,13,1048.48,568.93,83.74,218.57,-1,-1,-1,-1
290,13,1050.50,573.06,81.98,216.57,-1,-1,-1,-1
291,13,1051.15,578.63,81.60,214.19,-1,-1,-1,-1
292,13,1052.51,579.91,80.18,214.77,-1,-1,-1,-1
293,13,1052.86,582.11,80.20,214.72,-1,-1,-1,-1
294,13,1058.29,586.48,80.84,216.49,-1,-1,-1,-1
295,13,1060.65,588.90,79.16,216.41,-1,-1,-1,-1
296,13,1061.47,593.94,79.40,216.77,-1,-1,-1,-1
297,13,1062.49,596.25,78.45,214.47,-1,-1,-1,-1
298,13,1061.71,598.45,79.64,213.78,-1,-1,-1,-1
299,13,1066.53,602.60,79.97,215.17,-1,-1,-1,-1
300,13,1067.50,605.25,79.20,215.14,-1,-1,-1,-1
301,13,1067.71,607.01,78.71,214.01,-1,-1,-1,-1
302,13,1068.58,612.25,77.97,213.60,-1,-1,-1,-1
303,13,1071.32,614.79,71.95,212.12,-1,-1,-1,-1
304,13,1072.29,620.37,72.33,211.47,-1,-1,-1,-1
305,13,1072.63,621.84,72.91,212.20,-1,-1,-1,-1
306,13,1072.44,622.20,73.97,214.93,-1,-1,-1,-1
307,13,1072.70,626.99,73.62,215.66,-1,-1,-1,-1
308,13,1072.44,627.91,73.91,215.53,-1,-1,-1,-1
309,13,1076.95,629.09,74.77,216.60,-1,-1,-1,-1
310,13,1077.62,634.91,75.30,215.07,-1,-1,-1,-1
311,13,1077.71,637.72,74.63,214.55,-1,-1,-1,-1
312,13,1077.68,637.93,74.66,216.16,-1,-1,-1,-1
313,13,1077.88,643.15,73.88,214.97,-1,-1,-1,-1
314,13,1077.72,645.93,74.02,214.02,-1,-1,-1,-1
315,13,1077.48,646.75,74.61,214.44,-1,-1,-1,-1
316,13,1077.84,652.53,74.16,212.38,-1,-1,-1,-1
317,13,1077.84,655.26,74.05,211.80,-1,-1,-1,-1
318,13,1077.68,655.63,74.54,212.98,-1,-1,-1,-1
319,13,1077.28,660.30,74.11,212.81,-1,-1,-1,-1
320,13,1077.45,661.04,74.25,213.34,-1,-1,-1,-1
321,13,1076.79,662.78,75.25,213.20,-1,-1,-1,-1
322,13,1071.49,664.05,75.95,212.07,-1,-1,-1,-1
323,13,1071.52,670.26,75.12,209.30,-1,-1,-1,-1
324,13,1070.39,671.76,75.19,210.64,-1,-1,-1,-1
325,13,1070.11,672.49,74.45,211.19,-1,-1,-1,-1
326,13,1069.82,676.84,74.46,210.31,-1,-1,-1,-1
327,13,1069.93,678.20,73.88,209.70,-1,-1,-1,-1
328,13,1069.10,680.36,75.01,210.45,-1,-1,-1,-1
329,13,1068.75,684.39,75.34,210.63,-1,-1,-1,-1
330,13,1068.75,685.80,75.52,210.34,-1,-1,-1,-1
331,13,1063.29,686.65,75.76,211.87,-1,-1,-1,-1
332,13,1061.83,686.54,75.67,214.30,-1,-1,-1,-1
333,13,1061.30,690.44,75.24,214.69,-1,-1,-1,-1
334,13,1061.19,691.39,74.38,214.72,-1,-1,-1,-1
335,13,1056.08,693.28,75.46,213.98,-1,-1,-1,-1
336,13,1054.30,694.32,75.20,213.21,-1,-1,-1,-1
337,13,1052.52,694.77,77.47,214.09,-1,-1,-1,-1
338,13,1052.09,699.31,77.64,213.22,-1,-1,-1,-1
339,13,1051.01,700.41,78.64,214.45,-1,-1,-1,-1
340,13,1043.78,701.07,81.21,214.31,-1,-1,-1,-1
341,13,1042.58,702.04,80.82,215.00,-1,-1,-1,-1
342,13,1038.78,708.28,77.98,210.98,-1,-1,-1,-1
343,13,1037.79,708.18,74.59,211.51,-1,-1,-1,-1
344,13,1038.08,709.00,73.27,211.73,-1,-1,-1,-1
345,13,1033.36,709.67,73.29,212.43,-1,-1,-1,-1
346,13,1029.51,707.20,75.84,217.52,-1,-1,-1,-1
347,13,1028.92,708.17,75.26,217.36,-1,-1,-1,-1
348,13,1024.50,709.25,73.95,216.74,-1,-1,-1,-1
349,13,1019.95,709.09,78.20,217.98,-1,-1,-1,-1
350,13,1018.08,713.45,81.47,218.26,-1,-1,-1,-1
351,13,1012.54,716.04,80.90,215.70,-1,-1,-1,-1
352,13,1011.27,714.96,79.88,218.00,-1,-1,-1,-1
353,13,1005.47,716.96,78.50,215.55,-1,-1,-1,-1
354,13,1003.62,718.04,79.04,215.11,-1,-1,-1,-1
355,13,1003.35,723.54,78.55,212.64,-1,-1,-1,-1
356,13,997.35,723.68,79.10,213.01,-1,-1,-1,-1
357,13,994.60,722.48,80.73,216.81,-1,-1,-1,-1
358,13,990.28,723.67,77.99,215.00,-1,-1,-1,-1
359,13,988.88,723.48,76.13,217.39,-1,-1,-1,-1
360,13,982.99,724.05,76.20,216.12,-1,-1,-1,-1
361,13,981.93,723.89,75.99,217.27,-1,-1,-1,-1
362,13,975.04,725.10,75.47,214.95,-1,-1,-1,-1
363,13,974.24,726.93,74.21,213.38,-1,-1,-1,-1
364,13,968.00,725.02,74.71,215.98,-1,-1,-1,-1
365,13,966.05,725.80,75.25,216.08,-1,-1,-1,-1
366,13,965.71,723.54,75.21,220.27,-1,-1,-1,-1
367,13,958.28,724.90,76.52,217.72,-1,-1,-1,-1
368,13,955.19,722.80,79.15,221.96,-1,-1,-1,-1
369,13,947.15,721.87,83.11,223.18,-1,-1,-1,-1
370,13,945.68,728.19,83.07,221.11,-1,-1,-1,-1
371,13,940.09,729.70,81.56,217.91,-1,-1,-1,-1
372,13,938.36,729.33,82.53,219.45,-1,-1,-1,-1
373,13,932.51,728.29,81.32,220.83,-1,-1,-1,-1
374,13,930.35,728.00,82.74,221.87,-1,-1,-1,-1
375,13,923.54,727.80,82.57,222.32,-1,-1,-1,-1
376,13,921.72,727.57,84.47,222.93,-1,-1,-1,-1
377,13,918.21,717.74,90.01,231.86,-1,-1,-1,-1
378,13,908.33,716.74,96.60,232.36,-1,-1,-1,-1
379,13,905.27,715.72,100.26,233.89,-1,-1,-1,-1
380,13,899.68,719.28,97.75,227.22,-1,-1,-1,-1
381,13,901.30,720.71,92.03,225.38,-1,-1,-1,-1
382,13,895.53,719.88,91.22,226.54,-1,-1,-1,-1
383,13,894.19,719.95,90.65,225.58,-1,-1,-1,-1
384,13,893.24,719.62,92.12,226.89,-1,-1,-1,-1
385,13,885.33,720.85,93.78,225.14,-1,-1,-1,-1
386,13,884.41,718.61,93.20,229.06,-1,-1,-1,-1
387,13,877.08,718.84,95.06,228.58,-1,-1,-1,-1
388,13,876.91,721.94,93.14,221.99,-1,-1,-1,-1
389,13,870.75,723.22,91.40,219.76,-1,-1,-1,-1
390,13,872.48,722.43,86.81,221.38,-1,-1,-1,-1
391,13,871.75,722.96,87.04,219.80,-1,-1,-1,-1
392,13,864.66,721.52,87.74,222.46,-1,-1,-1,-1
393,13,863.88,722.19,87.65,221.48,-1,-1,-1,-1
394,13,862.77,721.74,89.70,221.43,-1,-1,-1,-1
395,13,855.73,721.90,88.84,220.36,-1,-1,-1,-1
396,13,853.94,721.27,90.93,221.74,-1,-1,-1,-1
397,13,845.18,720.04,94.57,224.12,-1,-1,-1,-1
398,13,844.20,719.90,94.45,224.19,-1,-1,-1,-1
399,13,844.10,719.30,94.38,225.00,-1,-1,-1,-1
400,13,836.28,719.65,93.77,223.59,-1,-1,-1,-1
401,13,829.45,718.90,92.94,225.77,-1,-1,-1,-1
402,13,828.51,718.26,93.58,226.74,-1,-1,-1,-1
403,13,821.16,711.78,94.04,226.26,-1,-1,-1,-1
404,13,820.05,711.39,94.59,227.35,-1,-1,-1,-1
405,13,818.63,708.43,96.98,232.41,-1,-1,-1,-1
406,13,817.19,707.33,99.40,233.52,-1,-1,-1,-1
302,14,772.31,596.51,94.81,294.60,-1,-1,-1,-1
304,15,770.64,590.29,97.24,294.28,-1,-1,-1,-1
305,15,764.22,590.20,96.77,294.23,-1,-1,-1,-1
306,15,765.97,593.12,92.17,285.09,-1,-1,-1,-1
307,15,766.82,594.54,89.85,281.57,-1,-1,-1,-1
308,15,766.87,595.84,88.98,278.55,-1,-1,-1,-1
309,15,766.35,589.18,90.33,279.32,-1,-1,-1,-1
310,15,767.40,589.90,88.52,276.90,-1,-1,-1,-1
311,15,769.18,592.35,85.33,271.46,-1,-1,-1,-1
312,15,768.64,592.65,86.71,269.89,-1,-1,-1,-1
313,15,768.30,592.55,86.90,269.15,-1,-1,-1,-1
314,15,767.20,593.59,88.39,266.37,-1,-1,-1,-1
315,15,766.70,587.69,90.17,266.43,-1,-1,-1,-1
316,15,765.07,587.71,93.57,265.10,-1,-1,-1,-1
317,15,764.57,590.10,94.83,259.51,-1,-1,-1,-1
318,15,763.48,593.53,96.25,252.90,-1,-1,-1,-1
319,15,764.23,595.51,94.92,249.26,-1,-1,-1,-1
320,15,764.32,599.40,94.63,242.03,-1,-1,-1,-1
321,15,764.79,612.89,93.15,228.32,-1,-1,-1,-1
322,15,767.39,617.90,88.90,218.60,-1,-1,-1,-1
323,15,770.19,611.95,84.98,218.56,-1,-1,-1,-1
324,15,770.96,612.03,84.86,216.49,-1,-1,-1,-1
325,15,770.42,611.72,85.77,215.23,-1,-1,-1,-1
326,15,770.37,611.92,85.78,212.58,-1,-1,-1,-1
327,15,769.89,606.03,87.80,213.99,-1,-1,-1,-1
328,15,770.62,606.84,86.59,209.28,-1,-1,-1,-1
329,15,775.27,605.07,87.73,210.62,-1,-1,-1,-1
330,15,777.40,599.48,86.00,210.73,-1,-1,-1,-1
331,15,780.33,598.44,82.08,208.66,-1,-1,-1,-1
332,15,779.70,597.13,83.61,210.06,-1,-1,-1,-1
333,15,785.56,591.93,81.98,209.37,-1,-1,-1,-1
334,15,786.89,589.90,81.02,210.15,-1,-1,-1,-1
335,15,789.35,585.09,78.16,208.78,-1,-1,-1,-1
336,15,788.58,583.20,80.96,208.72,-1,-1,-1,-1
337,15,788.26,580.73,82.94,211.40,-1,-1,-1,-1
338,15,794.02,575.35,81.82,210.87,-1,-1,-1,-1
339,15,796.59,573.80,79.78,210.61,-1,-1,-1,-1
340,15,797.25,569.49,80.64,208.02,-1,-1,-1,-1
341,15,794.93,566.60,85.38,208.60,-1,-1,-1,-1
342,15,802.78,562.41,80.91,207.31,-1,-1,-1,-1
343,15,804.66,560.05,80.59,207.82,-1,-1,-1,-1
344,15,804.83,557.84,81.74,208.39,-1,-1,-1,-1
345,15,808.69,552.00,83.86,208.95,-1,-1,-1,-1
346,15,811.36,552.04,83.26,204.82,-1,-1,-1,-1
347,15,818.10,546.30,80.72,205.82,-1,-1,-1,-1
348,15,819.44,544.29,80.48,205.36,-1,-1,-1,-1
349,15,820.15,539.29,80.10,204.50,-1,-1,-1,-1
350,15,824.86,536.88,82.40,203.87,-1,-1,-1,-1
351,15,829.57,532.00,79.07,203.25,-1,-1,-1,-1
352,15,836.16,530.43,76.41,203.17,-1,-1,-1,-1
353,15,838.11,528.20,77.31,204.67,-1,-1,-1,-1
354,15,844.15,518.43,77.25,210.53,-1,-1,-1,-1
355,15,844.87,515.38,77.58,204.52,-1,-1,-1,-1
356,15,845.24,518.62,78.98,197.71,-1,-1,-1,-1
357,15,851.60,530.53,79.30,183.80,-1,-1,-1,-1
358,15,854.45,527.96,76.90,179.21,-1,-1,-1,-1
359,15,858.91,528.72,79.22,176.60,-1,-1,-1,-1
360,15,860.11,534.31,80.16,166.16,-1,-1,-1,-1
361,15,859.47,531.52,83.22,168.93,-1,-1,-1,-1
362,15,862.96,533.83,88.48,164.09,-1,-1,-1,-1
363,15,867.62,518.05,81.04,180.50,-1,-1,-1,-1
394,16,981.68,507.40,91.90,201.67,-1,-1,-1,-1
395,16,984.22,508.97,88.52,200.97,-1,-1,-1,-1
396,16,991.19,517.10,88.17,198.04,-1,-1,-1,-1
397,16,992.17,517.61,88.34,199.97,-1,-1,-1,-1
398,16,997.68,523.99,89.80,200.48,-1,-1,-1,-1
399,16,1000.08,523.64,87.85,203.55,-1,-1,-1,-1
400,16,1000.35,531.57,89.44,200.71,-1,-1,-1,-1
401,16,1005.71,531.80,90.45,202.94,-1,-1,-1,-1
402,16,1005.89,536.61,91.68,204.47,-1,-1,-1,-1
403,16,1007.33,537.56,90.53,205.51,-1,-1,-1,-1
404,16,1013.89,544.46,90.19,204.30,-1,-1,-1,-1
405,16,1015.15,546.46,89.95,202.55,-1,-1,-1,-1
406,16,1021.39,546.88,90.32,204.91,-1,-1,-1,-1
407,16,1023.37,552.93,89.79,204.43,-1,-1,-1,-1
408,16,1024.52,554.27,89.03,205.78,-1,-1,-1,-1
409,16,1029.53,561.05,89.88,203.67,-1,-1,-1,-1
410,16,1031.68,562.62,87.96,204.53,-1,-1,-1,-1
411,16,1031.24,566.99,89.53,207.35,-1,-1,-1,-1
412,16,1032.50,569.28,89.27,207.21,-1,-1,-1,-1
413,16,1038.02,575.04,90.14,206.87,-1,-1,-1,-1
414,16,1039.49,577.79,89.28,204.64,-1,-1,-1,-1
415,16,1039.44,578.50,90.39,206.59,-1,-1,-1,-1
416,16,1044.32,584.54,92.67,205.84,-1,-1,-1,-1
417,16,1046.89,586.65,88.83,205.43,-1,-1,-1,-1
418,16,1046.69,591.52,89.93,207.48,-1,-1,-1,-1
419,16,1046.94,594.94,90.93,203.84,-1,-1,-1,-1
420,16,1047.49,600.64,91.42,203.84,-1,-1,-1,-1
421,16,1053.67,601.85,90.46,204.85,-1,-1,-1,-1
422,16,1055.34,603.73,88.76,203.19,-1,-1,-1,-1
423,16,1055.29,609.01,89.28,204.81,-1,-1,-1,-1
424,16,1056.25,612.06,88.86,202.53,-1,-1,-1,-1
425,16,1056.85,616.69,88.57,204.12,-1,-1,-1,-1
426,16,1062.41,617.06,88.15,206.58,-1,-1,-1,-1
427,16,1063.79,618.51,86.43,206.49,-1,-1,-1,-1
428,16,1064.03,622.34,86.46,208.68,-1,-1,-1,-1
429,16,1064.43,625.49,86.33,205.97,-1,-1,-1,-1
430,16,1063.73,627.27,87.68,204.70,-1,-1,-1,-1
431,16,1063.96,631.54,87.86,207.18,-1,-1,-1,-1
432,16,1064.51,633.35,87.70,206.59,-1,-1,-1,-1
433,16,1064.37,638.76,88.40,207.22,-1,-1,-1,-1
434,16,1064.52,641.15,88.78,204.91,-1,-1,-1,-1
435,16,1064.39,643.67,89.29,202.78,-1,-1,-1,-1
436,16,1064.09,648.57,89.76,203.58,-1,-1,-1,-1
437,16,1064.30,649.67,89.11,203.70,-1,-1,-1,-1
438,16,1064.56,651.11,88.39,203.08,-1,-1,-1,-1
439,16,1064.30,656.31,88.85,203.84,-1,-1,-1,-1
440,16,1064.06,659.25,89.35,201.04,-1,-1,-1,-1
441,16,1064.08,660.64,89.60,200.11,-1,-1,-1,-1
442,16,1063.46,661.69,89.89,200.48,-1,-1,-1,-1
443,16,1063.50,666.28,89.99,200.57,-1,-1,-1,-1
444,16,1064.18,668.17,88.56,199.90,-1,-1,-1,-1
445,16,1063.67,669.75,89.22,199.82,-1,-1,-1,-1
446,16,1063.57,673.79,89.17,201.96,-1,-1,-1,-1
447,16,1063.30,676.04,89.22,199.56,-1,-1,-1,-1
448,16,1063.45,676.89,88.19,200.67,-1,-1,-1,-1
449,16,1063.54,680.88,87.97,202.41,-1,-1,-1,-1
450,16,1062.83,682.57,88.95,201.97,-1,-1,-1,-1
451,16,1062.98,683.13,87.56,203.17,-1,-1,-1,-1
452,16,1061.97,684.08,89.02,203.41,-1,-1,-1,-1
453,16,1057.47,689.54,87.81,202.25,-1,-1,-1,-1
454,16,1055.85,691.37,88.62,200.80,-1,-1,-1,-1
455,16,1055.46,692.05,88.87,201.80,-1,-1,-1,-1
456,16,1054.06,692.18,90.31,203.22,-1,-1,-1,-1
457,16,1053.73,696.71,90.35,203.23,-1,-1,-1,-1
458,16,1048.80,698.37,88.76,201.52,-1,-1,-1,-1
459,16,1047.10,698.19,89.62,203.70,-1,-1,-1,-1
460,16,1046.61,699.11,89.24,204.44,-1,-1,-1,-1
461,16,1045.77,699.79,89.92,204.19,-1,-1,-1,-1
462,16,1040.41,704.99,89.83,202.22,-1,-1,-1,-1
463,16,1038.83,705.78,90.80,203.07,-1,-1,-1,-1
464,16,1038.03,706.13,91.02,204.77,-1,-1,-1,-1
465,16,1037.19,705.65,90.96,207.29,-1,-1,-1,-1
466,16,1032.44,705.67,89.02,208.17,-1,-1,-1,-1
467,16,1031.95,711.13,88.89,206.97,-1,-1,-1,-1
468,16,1030.67,712.11,89.23,206.74,-1,-1,-1,-1
469,16,1025.20,714.25,88.62,205.01,-1,-1,-1,-1
470,16,1023.36,713.67,89.43,206.81,-1,-1,-1,-1
471,16,1022.28,714.47,89.60,206.41,-1,-1,-1,-1
472,16,1016.45,720.02,88.74,204.53,-1,-1,-1,-1
473,16,1015.78,719.92,88.50,206.23,-1,-1,-1,-1
474,16,1014.76,720.85,88.95,205.85,-1,-1,-1,-1
475,16,1008.09,722.16,89.25,204.92,-1,-1,-1,-1
476,16,1006.35,721.31,89.95,207.82,-1,-1,-1,-1
477,16,1006.14,721.23,89.13,208.04,-1,-1,-1,-1
478,16,999.90,721.55,88.73,208.22,-1,-1,-1,-1
479,16,999.47,727.77,87.71,205.76,-1,-1,-1,-1
480,16,993.19,728.85,87.13,204.13,-1,-1,-1,-1
481,16,992.03,729.32,87.52,204.09,-1,-1,-1,-1
482,16,984.80,730.54,88.78,203.39,-1,-1,-1,-1
483,16,983.51,730.10,88.66,204.89,-1,-1,-1,-1
484,16,982.56,730.73,88.65,205.39,-1,-1,-1,-1
485,16,976.47,730.07,87.47,205.37,-1,-1,-1,-1
486,16,976.09,731.06,87.04,204.54,-1,-1,-1,-1
487,16,968.86,730.96,87.66,206.01,-1,-1,-1,-1
488,16,968.16,736.67,87.51,203.87,-1,-1,-1,-1
489,16,966.08,737.67,88.89,202.66,-1,-1,-1,-1
490,16,960.43,737.85,88.01,202.66,-1,-1,-1,-1
491,16,958.28,737.73,89.11,203.87,-1,-1,-1,-1
492,16,952.71,737.60,88.56,203.51,-1,-1,-1,-1
493,16,950.72,737.48,88.87,204.26,-1,-1,-1,-1
494,16,944.84,737.33,87.94,204.42,-1,-1,-1,-1
495,16,942.68,737.70,89.20,205.10,-1,-1,-1,-1
496,16,936.64,738.54,88.47,203.44,-1,-1,-1,-1
497,16,935.31,739.14,88.52,203.48,-1,-1,-1,-1
498,16,928.69,740.01,89.15,201.44,-1,-1,-1,-1
499,16,926.42,739.61,90.27,202.59,-1,-1,-1,-1
500,16,919.85,739.74,90.50,201.42,-1,-1,-1,-1
413,17,747.80,583.99,128.92,338.70,-1,-1,-1,-1
416,18,751.45,586.62,121.41,329.66,-1,-1,-1,-1
417,18,753.65,588.37,117.17,326.56,-1,-1,-1,-1
418,18,753.05,588.49,118.05,326.03,-1,-1,-1,-1
419,18,753.18,589.53,117.67,323.46,-1,-1,-1,-1
420,18,752.49,584.79,119.17,319.95,-1,-1,-1,-1
421,18,752.75,585.58,118.60,317.39,-1,-1,-1,-1
422,18,751.71,586.09,120.30,316.12,-1,-1,-1,-1
423,18,751.69,586.16,120.10,315.53,-1,-1,-1,-1
424,18,753.02,587.24,117.34,312.77,-1,-1,-1,-1
425,18,755.12,589.09,113.32,308.63,-1,-1,-1,-1
426,18,754.73,589.02,114.49,308.58,-1,-1,-1,-1
427,18,754.78,589.54,113.98,307.28,-1,-1,-1,-1
428,18,754.92,589.97,113.67,306.50,-1,-1,-1,-1
429,18,754.39,585.02,115.31,303.07,-1,-1,-1,-1
430,18,753.92,585.27,116.63,302.16,-1,-1,-1,-1
431,18,754.04,585.07,116.33,301.91,-1,-1,-1,-1
432,18,753.97,587.60,116.20,295.76,-1,-1,-1,-1
433,18,754.11,587.41,116.00,295.79,-1,-1,-1,-1
434,18,753.80,587.45,116.19,295.26,-1,-1,-1,-1
435,18,753.54,583.03,116.91,291.00,-1,-1,-1,-1
436,18,753.66,585.04,116.80,285.33,-1,-1,-1,-1
437,18,753.42,585.75,117.00,283.45,-1,-1,-1,-1
438,18,753.12,585.86,117.24,282.77,-1,-1,-1,-1
439,18,752.80,581.42,117.86,278.62,-1,-1,-1,-1
440,18,753.06,582.39,117.37,274.96,-1,-1,-1,-1
441,18,755.46,583.73,112.82,271.54,-1,-1,-1,-1
442,18,755.50,584.92,112.46,268.21,-1,-1,-1,-1
443,18,755.46,585.70,112.33,266.67,-1,-1,-1,-1
444,18,755.50,580.60,112.95,264.61,-1,-1,-1,-1
445,18,754.94,579.99,114.41,264.33,-1,-1,-1,-1
446,18,754.92,580.36,115.20,262.85,-1,-1,-1,-1
447,18,755.26,581.58,114.76,258.88,-1,-1,-1,-1
448,18,755.07,582.46,115.36,257.24,-1,-1,-1,-1
449,18,756.05,577.00,113.74,256.06,-1,-1,-1,-1
450,18,764.28,576.94,109.50,254.37,-1,-1,-1,-1
451,18,764.38,578.55,110.16,249.63,-1,-1,-1,-1
452,18,764.60,579.45,109.73,247.45,-1,-1,-1,-1
453,18,763.75,573.15,112.40,247.83,-1,-1,-1,-1
454,18,763.89,572.39,113.15,247.99,-1,-1,-1,-1
455,18,764.17,577.49,113.14,238.77,-1,-1,-1,-1
456,18,771.67,582.91,111.70,227.87,-1,-1,-1,-1
457,18,776.33,585.45,103.68,222.07,-1,-1,-1,-1
458,18,778.92,585.83,98.95,219.47,-1,-1,-1,-1
459,18,778.94,583.87,99.14,222.32,-1,-1,-1,-1
460,18,786.75,577.01,96.72,224.25,-1,-1,-1,-1
461,18,789.48,576.19,92.42,222.71,-1,-1,-1,-1
462,18,790.34,569.84,91.37,221.83,-1,-1,-1,-1
463,18,789.21,568.44,94.08,222.92,-1,-1,-1,-1
464,18,796.39,567.54,93.16,223.05,-1,-1,-1,-1
465,18,797.75,562.11,92.59,221.45,-1,-1,-1,-1
466,18,797.23,561.03,93.78,219.87,-1,-1,-1,-1
467,18,798.43,555.93,92.21,217.87,-1,-1,-1,-1
468,18,805.31,552.61,91.94,222.50,-1,-1,-1,-1
469,18,805.69,551.04,92.38,224.04,-1,-1,-1,-1
470,18,806.32,546.56,92.36,219.94,-1,-1,-1,-1
471,18,813.22,546.02,92.51,218.51,-1,-1,-1,-1
472,18,814.26,538.17,91.80,220.33,-1,-1,-1,-1
473,18,814.83,537.94,91.42,219.10,-1,-1,-1,-1
474,18,824.99,531.92,84.91,216.47,-1,-1,-1,-1
475,18,826.01,522.64,85.29,220.44,-1,-1,-1,-1
476,18,832.84,524.78,85.51,214.63,-1,-1,-1,-1
477,18,834.42,523.42,84.03,214.94,-1,-1,-1,-1
478,18,834.94,516.81,83.23,215.40,-1,-1,-1,-1
479,18,843.42,516.20,79.90,214.75,-1,-1,-1,-1
480,18,850.59,518.22,80.94,209.60,-1,-1,-1,-1
481,18,852.15,510.97,80.69,210.47,-1,-1,-1,-1
482,18,858.89,504.65,80.31,209.01,-1,-1,-1,-1
483,18,859.53,505.81,80.99,204.68,-1,-1,-1,-1
484,18,860.47,507.30,80.39,200.73,-1,-1,-1,-1
485,18,866.43,507.18,81.29,199.33,-1,-1,-1,-1
486,18,869.09,499.31,79.20,200.42,-1,-1,-1,-1
487,18,875.23,502.98,79.42,192.63,-1,-1,-1,-1
488,18,877.05,495.88,77.71,194.48,-1,-1,-1,-1
489,18,877.68,505.84,78.07,185.77,-1,-1,-1,-1
490,18,882.32,507.86,82.45,182.03,-1,-1,-1,-1
491,18,885.52,502.43,79.17,179.97,-1,-1,-1,-1
492,18,891.71,489.94,79.15,189.69,-1,-1,-1,-1
493,18,900.28,489.08,77.35,188.32,-1,-1,-1,-1
494,18,901.72,476.62,76.44,196.59,-1,-1,-1,-1
495,18,904.12,468.21,73.89,198.03,-1,-1,-1,-1
496,18,900.59,409.42,79.37,251.82,-1,-1,-1,-1
497,18,908.40,412.84,77.84,245.56,-1,-1,-1,-1
498,18,909.12,413.73,79.33,244.01,-1,-1,-1,-1
499,18,914.89,417.68,81.68,238.33,-1,-1,-1,-1
500,18,911.86,421.35,89.84,230.10,-1,-1,-1,-1
496,19,908.86,458.08,76.70,205.86,-1,-1,-1,-1
