1,1,789.69,135.32,78.28,212.04,-1,-1,-1,-1
2,1,795.02,136.33,78.88,211.15,-1,-1,-1,-1
3,1,795.90,135.84,77.29,212.07,-1,-1,-1,-1
4,1,800.39,140.92,71.36,211.76,-1,-1,-1,-1
5,1,802.84,141.97,66.08,209.20,-1,-1,-1,-1
6,1,802.50,141.82,66.77,209.15,-1,-1,-1,-1
7,1,802.97,138.32,65.73,207.37,-1,-1,-1,-1
8,1,804.34,143.52,63.88,206.28,-1,-1,-1,-1
9,1,805.69,143.52,62.14,206.06,-1,-1,-1,-1
10,1,808.67,144.07,56.93,204.71,-1,-1,-1,-1
11,1,810.96,145.79,52.97,201.53,-1,-1,-1,-1
12,1,812.74,146.60,49.60,200.53,-1,-1,-1,-1
13,1,810.88,146.32,53.56,201.23,-1,-1,-1,-1
14,1,817.62,147.13,47.40,200.56,-1,-1,-1,-1
15,1,818.50,147.13,46.84,200.98,-1,-1,-1,-1
16,1,822.51,148.99,41.05,198.10,-1,-1,-1,-1
17,1,823.42,149.26,41.11,198.32,-1,-1,-1,-1
18,1,824.57,150.15,39.62,196.79,-1,-1,-1,-1
19,1,822.88,148.86,45.10,199.95,-1,-1,-1,-1
20,1,828.64,146.30,41.73,205.03,-1,-1,-1,-1
21,1,830.08,148.33,39.31,201.84,-1,-1,-1,-1
22,1,828.98,154.34,43.82,203.45,-1,-1,-1,-1
23,1,830.92,157.36,41.05,197.11,-1,-1,-1,-1
24,1,829.85,156.35,44.35,198.99,-1,-1,-1,-1
25,1,830.96,156.00,44.21,200.35,-1,-1,-1,-1
26,1,829.96,156.44,46.94,199.86,-1,-1,-1,-1
27,1,835.37,156.45,43.82,201.01,-1,-1,-1,-1
28,1,836.44,157.36,43.39,200.13,-1,-1,-1,-1
29,1,836.28,161.73,47.33,204.18,-1,-1,-1,-1
30,1,836.59,163.09,46.87,201.28,-1,-1,-1,-1
31,1,837.42,163.11,46.86,202.48,-1,-1,-1,-1
32,1,837.47,162.46,47.57,204.22,-1,-1,-1,-1
33,1,837.87,164.07,46.15,201.39,-1,-1,-1,-1
34,1,837.57,164.25,48.17,202.21,-1,-1,-1,-1
35,1,843.82,163.73,43.49,203.81,-1,-1,-1,-1
36,1,842.39,169.97,47.95,204.79,-1,-1,-1,-1
37,1,845.16,172.07,45.69,201.99,-1,-1,-1,-1
38,1,844.47,172.91,47.46,200.45,-1,-1,-1,-1
39,1,844.06,172.72,50.33,201.91,-1,-1,-1,-1
40,1,844.12,177.92,50.25,203.54,-1,-1,-1,-1
41,1,842.41,176.28,53.88,207.20,-1,-1,-1,-1
42,1,839.84,177.46,58.88,207.14,-1,-1,-1,-1
43,1,845.03,175.83,57.80,211.20,-1,-1,-1,-1
44,1,846.07,181.82,57.27,211.85,-1,-1,-1,-1
45,1,848.99,182.83,54.44,211.12,-1,-1,-1,-1
46,1,848.90,183.27,56.57,211.56,-1,-1,-1,-1
47,1,849.40,188.88,56.19,212.61,-1,-1,-1,-1
48,1,849.83,189.89,55.55,211.41,-1,-1,-1,-1
49,1,850.12,191.26,54.92,209.42,-1,-1,-1,-1
50,1,854.72,191.23,53.83,212.02,-1,-1,-1,-1
51,1,855.99,197.31,53.46,212.66,-1,-1,-1,-1
52,1,857.07,198.53,54.82,211.61,-1,-1,-1,-1
53,1,857.37,199.83,55.74,209.87,-1,-1,-1,-1
54,1,863.10,199.94,53.51,211.42,-1,-1,-1,-1
55,1,862.36,205.80,55.57,211.58,-1,-1,-1,-1
56,1,864.13,206.80,54.43,210.62,-1,-1,-1,-1
57,1,864.17,208.87,54.96,208.66,-1,-1,-1,-1
58,1,864.21,213.88,55.08,210.79,-1,-1,-1,-1
59,1,863.84,214.52,57.61,211.65,-1,-1,-1,-1
60,1,864.22,215.51,58.10,211.47,-1,-1,-1,-1
61,1,863.78,220.44,58.68,213.18,-1,-1,-1,-1
62,1,862.39,221.04,61.95,213.28,-1,-1,-1,-1
63,1,867.12,221.70,61.21,214.44,-1,-1,-1,-1
64,1,867.43,228.28,61.53,213.65,-1,-1,-1,-1
65,1,869.04,229.13,59.85,213.02,-1,-1,-1,-1
66,1,869.31,230.93,61.44,212.38,-1,-1,-1,-1
67,1,870.35,236.37,60.41,213.14,-1,-1,-1,-1
68,1,870.29,236.37,61.30,215.44,-1,-1,-1,-1
69,1,870.98,236.51,60.52,216.80,-1,-1,-1,-1
70,1,871.26,241.69,59.61,219.00,-1,-1,-1,-1
71,1,870.38,244.36,61.37,216.21,-1,-1,-1,-1
72,1,870.07,245.57,62.65,215.48,-1,-1,-1,-1
73,1,873.47,251.66,64.62,215.91,-1,-1,-1,-1
74,1,873.87,252.27,64.98,216.68,-1,-1,-1,-1
75,1,873.89,257.46,67.13,219.04,-1,-1,-1,-1
76,1,873.52,259.56,69.02,217.19,-1,-1,-1,-1
77,1,874.47,261.45,68.90,215.94,-1,-1,-1,-1
78,1,875.78,267.07,66.20,216.12,-1,-1,-1,-1
79,1,875.37,268.03,67.71,216.70,-1,-1,-1,-1
80,1,883.61,273.86,62.06,219.40,-1,-1,-1,-1
81,1,885.23,276.62,59.40,215.83,-1,-1,-1,-1
82,1,885.35,284.43,60.62,213.14,-1,-1,-1,-1
83,1,885.96,285.62,60.19,211.99,-1,-1,-1,-1
84,1,886.26,286.20,61.45,213.22,-1,-1,-1,-1
85,1,888.03,292.64,57.34,213.95,-1,-1,-1,-1
86,1,887.84,293.86,58.21,212.80,-1,-1,-1,-1
87,1,887.63,301.58,58.85,210.78,-1,-1,-1,-1
88,1,885.23,302.67,63.74,210.14,-1,-1,-1,-1
89,1,884.99,304.56,64.51,208.31,-1,-1,-1,-1
90,1,888.44,309.32,66.57,213.75,-1,-1,-1,-1
91,1,890.72,310.10,65.08,213.29,-1,-1,-1,-1
92,1,890.51,311.61,66.29,212.27,-1,-1,-1,-1
93,1,890.52,317.73,67.66,214.94,-1,-1,-1,-1
94,1,891.03,318.81,67.13,214.24,-1,-1,-1,-1
95,1,897.50,325.08,65.40,219.69,-1,-1,-1,-1
96,1,897.83,325.64,65.75,216.88,-1,-1,-1,-1
97,1,900.70,332.77,61.71,215.58,-1,-1,-1,-1
98,1,901.22,335.12,60.22,212.28,-1,-1,-1,-1
99,1,902.23,337.12,58.85,213.41,-1,-1,-1,-1
100,1,902.96,344.40,57.29,215.66,-1,-1,-1,-1
101,1,903.91,345.97,56.03,214.07,-1,-1,-1,-1
102,1,905.17,352.34,54.63,209.23,-1,-1,-1,-1
103,1,903.77,353.60,58.14,213.11,-1,-1,-1,-1
104,1,903.60,359.24,59.72,212.49,-1,-1,-1,-1
105,1,903.15,360.72,60.91,215.44,-1,-1,-1,-1
106,1,903.19,361.14,60.90,214.58,-1,-1,-1,-1
107,1,905.41,367.09,64.48,216.38,-1,-1,-1,-1
108,1,904.47,366.56,68.13,216.88,-1,-1,-1,-1
109,1,907.76,374.65,64.76,218.50,-1,-1,-1,-1
110,1,907.82,374.88,67.34,221.01,-1,-1,-1,-1
111,1,908.11,381.33,66.86,219.53,-1,-1,-1,-1
112,1,907.16,382.28,67.93,220.01,-1,-1,-1,-1
113,1,909.59,389.08,72.36,222.91,-1,-1,-1,-1
114,1,909.91,388.56,73.76,223.08,-1,-1,-1,-1
115,1,911.25,388.57,72.66,223.97,-1,-1,-1,-1
116,1,912.55,395.12,71.42,222.14,-1,-1,-1,-1
117,1,911.32,395.30,74.85,224.01,-1,-1,-1,-1
118,1,913.45,402.59,71.35,222.73,-1,-1,-1,-1
119,1,912.65,402.87,73.49,224.82,-1,-1,-1,-1
120,1,918.11,401.54,72.22,231.65,-1,-1,-1,-1
121,1,918.22,410.46,74.14,225.68,-1,-1,-1,-1
122,1,919.97,418.23,72.26,222.08,-1,-1,-1,-1
123,1,920.87,419.07,71.49,223.87,-1,-1,-1,-1
124,1,919.88,419.28,74.60,224.46,-1,-1,-1,-1
125,1,921.56,426.06,71.92,227.26,-1,-1,-1,-1
126,1,923.65,426.12,77.13,230.18,-1,-1,-1,-1
127,1,923.61,432.48,78.76,231.60,-1,-1,-1,-1
128,1,923.55,433.05,82.04,230.69,-1,-1,-1,-1
129,1,925.74,440.34,77.48,231.30,-1,-1,-1,-1
130,1,923.91,440.94,82.37,234.62,-1,-1,-1,-1
131,1,925.03,448.07,80.51,234.44,-1,-1,-1,-1
132,1,927.53,448.71,86.13,232.19,-1,-1,-1,-1
133,1,928.68,455.41,85.32,227.47,-1,-1,-1,-1
134,1,929.28,455.48,86.69,231.22,-1,-1,-1,-1
135,1,929.30,463.50,86.36,226.97,-1,-1,-1,-1
136,1,928.42,463.45,89.91,229.92,-1,-1,-1,-1
137,1,930.76,470.86,84.82,227.58,-1,-1,-1,-1
138,1,930.09,471.62,85.73,228.90,-1,-1,-1,-1
139,1,929.59,478.92,87.36,228.23,-1,-1,-1,-1
140,1,932.84,479.11,91.42,230.26,-1,-1,-1,-1
141,1,933.54,479.74,91.55,230.64,-1,-1,-1,-1
142,1,936.03,486.08,88.46,230.78,-1,-1,-1,-1
143,1,934.67,485.78,92.68,232.47,-1,-1,-1,-1
144,1,933.53,493.77,94.90,229.01,-1,-1,-1,-1
145,1,934.02,495.18,94.35,227.86,-1,-1,-1,-1
146,1,935.83,502.70,89.88,226.56,-1,-1,-1,-1
147,1,934.66,503.50,92.64,227.93,-1,-1,-1,-1
148,1,940.74,511.18,91.85,228.47,-1,-1,-1,-1
149,1,939.77,511.51,95.55,228.58,-1,-1,-1,-1
150,1,941.89,517.81,93.22,229.06,-1,-1,-1,-1
151,1,941.85,517.60,94.04,231.02,-1,-1,-1,-1
152,1,944.13,518.86,89.16,231.21,-1,-1,-1,-1
153,1,942.73,525.88,91.90,228.98,-1,-1,-1,-1
154,1,941.37,527.24,95.55,229.16,-1,-1,-1,-1
155,1,941.88,533.70,93.95,228.10,-1,-1,-1,-1
156,1,940.31,534.87,97.38,227.86,-1,-1,-1,-1
157,1,942.13,535.94,94.39,228.33,-1,-1,-1,-1
158,1,947.19,541.42,95.19,230.73,-1,-1,-1,-1
159,1,947.34,542.11,95.86,230.83,-1,-1,-1,-1
160,1,949.99,549.56,92.56,229.27,-1,-1,-1,-1
161,1,950.74,550.39,92.58,230.83,-1,-1,-1,-1
162,1,951.06,558.17,92.35,227.05,-1,-1,-1,-1
163,1,950.31,558.54,93.88,228.29,-1,-1,-1,-1
164,1,950.73,559.15,93.14,230.88,-1,-1,-1,-1
165,1,950.67,565.11,92.75,231.58,-1,-1,-1,-1
166,1,955.96,565.21,94.08,235.19,-1,-1,-1,-1
167,1,957.15,572.14,92.57,232.52,-1,-1,-1,-1
168,1,958.15,572.36,92.94,235.45,-1,-1,-1,-1
169,1,959.44,579.30,90.30,232.69,-1,-1,-1,-1
170,1,959.61,578.56,91.13,237.16,-1,-1,-1,-1
171,1,961.01,579.26,88.53,238.57,-1,-1,-1,-1
172,1,959.15,585.60,92.33,236.74,-1,-1,-1,-1
173,1,959.95,586.38,91.05,237.26,-1,-1,-1,-1
174,1,960.47,594.60,89.69,233.43,-1,-1,-1,-1
175,1,965.11,595.35,91.31,234.86,-1,-1,-1,-1
176,1,965.42,596.30,92.21,234.82,-1,-1,-1,-1
177,1,966.95,604.78,90.95,229.70,-1,-1,-1,-1
178,1,967.75,605.57,90.38,230.54,-1,-1,-1,-1
179,1,968.53,614.05,89.26,226.39,-1,-1,-1,-1
180,1,968.76,614.91,88.77,227.00,-1,-1,-1,-1
181,1,971.37,623.21,83.43,224.23,-1,-1,-1,-1
182,1,969.94,623.66,86.46,224.77,-1,-1,-1,-1
183,1,970.74,624.70,85.56,225.03,-1,-1,-1,-1
184,1,971.50,631.70,83.73,222.50,-1,-1,-1,-1
185,1,975.83,633.16,85.55,220.84,-1,-1,-1,-1
186,1,976.93,634.86,85.48,219.77,-1,-1,-1,-1
187,1,977.65,636.42,86.28,218.58,-1,-1,-1,-1
188,1,978.34,642.85,85.60,215.84,-1,-1,-1,-1
189,1,978.34,643.53,86.17,216.29,-1,-1,-1,-1
190,1,979.22,644.73,84.23,217.04,-1,-1,-1,-1
191,1,979.76,644.56,83.51,218.76,-1,-1,-1,-1
192,1,980.48,651.48,81.87,216.26,-1,-1,-1,-1
193,1,981.92,652.33,79.19,216.83,-1,-1,-1,-1
194,1,986.57,654.13,79.85,215.28,-1,-1,-1,-1
195,1,987.67,660.54,78.46,213.48,-1,-1,-1,-1
196,1,988.32,661.43,79.86,215.16,-1,-1,-1,-1
197,1,989.16,668.32,79.30,212.83,-1,-1,-1,-1
198,1,988.36,669.66,82.16,211.62,-1,-1,-1,-1
199,1,988.93,672.47,81.05,208.74,-1,-1,-1,-1
200,1,989.57,673.76,79.73,208.17,-1,-1,-1,-1
201,1,988.90,679.35,81.16,206.82,-1,-1,-1,-1
202,1,993.78,680.22,81.33,206.45,-1,-1,-1,-1
203,1,993.53,681.29,84.32,207.55,-1,-1,-1,-1
204,1,996.56,686.79,80.39,207.50,-1,-1,-1,-1
205,1,995.80,687.14,83.12,208.60,-1,-1,-1,-1
206,1,996.22,688.73,82.71,207.87,-1,-1,-1,-1
207,1,996.70,689.43,81.86,208.23,-1,-1,-1,-1
208,1,1002.15,695.75,80.42,205.57,-1,-1,-1,-1
209,1,1001.92,695.50,82.39,207.35,-1,-1,-1,-1
210,1,1003.42,696.38,82.01,207.75,-1,-1,-1,-1
211,1,1004.24,696.88,81.47,208.32,-1,-1,-1,-1
212,1,1005.18,697.35,80.64,209.35,-1,-1,-1,-1
213,1,1004.08,701.86,82.13,209.72,-1,-1,-1,-1
214,1,1003.56,703.83,83.95,207.57,-1,-1,-1,-1
215,1,1004.35,705.59,82.26,206.15,-1,-1,-1,-1
216,1,1010.25,707.14,80.64,204.42,-1,-1,-1,-1
217,1,1010.35,708.23,82.01,203.80,-1,-1,-1,-1
218,1,1011.44,712.46,81.83,204.41,-1,-1,-1,-1
219,1,1011.49,713.53,83.07,204.56,-1,-1,-1,-1
220,1,1012.72,714.24,81.25,205.24,-1,-1,-1,-1
221,1,1013.64,714.89,79.57,205.51,-1,-1,-1,-1
222,1,1013.36,719.10,79.87,206.39,-1,-1,-1,-1
223,1,1012.74,719.47,82.07,206.99,-1,-1,-1,-1
224,1,1012.46,719.97,82.65,206.37,-1,-1,-1,-1
225,1,1018.23,720.54,80.40,206.70,-1,-1,-1,-1
226,1,1018.50,720.77,81.55,207.88,-1,-1,-1,-1
227,1,1020.26,722.07,80.40,206.46,-1,-1,-1,-1
228,1,1021.34,722.47,79.68,207.05,-1,-1,-1,-1
229,1,1021.03,726.58,80.16,207.45,-1,-1,-1,-1
230,1,1020.42,726.98,81.85,207.60,-1,-1,-1,-1
231,1,1021.48,728.22,80.62,206.11,-1,-1,-1,-1
232,1,1021.74,728.01,80.28,208.05,-1,-1,-1,-1
233,1,1026.72,728.37,79.34,208.27,-1,-1,-1,-1
234,1,1026.57,728.16,80.93,210.33,-1,-1,-1,-1
235,1,1027.97,728.19,80.95,210.80,-1,-1,-1,-1
236,1,1029.15,728.34,79.40,211.00,-1,-1,-1,-1
237,1,1030.21,727.63,78.66,213.00,-1,-1,-1,-1
238,1,1028.81,732.44,80.87,212.01,-1,-1,-1,-1
239,1,1029.49,732.58,79.93,212.01,-1,-1,-1,-1
240,1,1030.41,733.04,78.56,211.61,-1,-1,-1,-1
241,1,1030.55,733.02,78.60,211.86,-1,-1,-1,-1
242,1,1034.46,733.39,80.05,211.71,-1,-1,-1,-1
243,1,1033.90,733.91,82.28,210.52,-1,-1,-1,-1
244,1,1036.46,733.65,79.94,211.31,-1,-1,-1,-1
245,1,1036.69,734.32,79.58,211.15,-1,-1,-1,-1
246,1,1037.16,734.81,80.32,210.54,-1,-1,-1,-1
247,1,1036.80,735.68,81.27,209.33,-1,-1,-1,-1
248,1,1037.42,735.71,80.15,209.64,-1,-1,-1,-1
249,1,1038.00,735.45,79.11,210.15,-1,-1,-1,-1
250,1,1042.41,735.20,80.20,210.67,-1,-1,-1,-1
251,1,1042.21,736.22,81.80,209.28,-1,-1,-1,-1
252,1,1043.73,735.78,81.78,209.98,-1,-1,-1,-1
253,1,1044.21,736.00,81.80,209.37,-1,-1,-1,-1
254,1,1044.98,735.60,80.90,209.66,-1,-1,-1,-1
255,1,1045.34,735.43,80.57,209.98,-1,-1,-1,-1
256,1,1046.03,735.29,79.26,210.61,-1,-1,-1,-1
257,1,1045.54,735.11,80.29,210.40,-1,-1,-1,-1
258,1,1049.69,734.71,81.80,209.96,-1,-1,-1,-1
259,1,1050.24,734.21,82.49,210.16,-1,-1,-1,-1
260,1,1052.29,734.47,80.01,209.54,-1,-1,-1,-1
261,1,1052.47,734.34,80.13,209.77,-1,-1,-1,-1
262,1,1052.41,734.50,81.90,209.11,-1,-1,-1,-1
263,1,1052.35,734.55,82.29,208.30,-1,-1,-1,-1
264,1,1052.91,734.53,81.43,208.14,-1,-1,-1,-1
265,1,1057.67,733.14,81.76,210.27,-1,-1,-1,-1
266,1,1058.49,728.86,81.47,210.11,-1,-1,-1,-1
267,1,1060.35,728.23,79.99,210.79,-1,-1,-1,-1
268,1,1060.66,727.70,80.89,211.06,-1,-1,-1,-1
269,1,1060.92,727.59,81.14,210.42,-1,-1,-1,-1
270,1,1060.30,727.10,82.65,210.44,-1,-1,-1,-1
271,1,1059.95,727.05,83.64,209.16,-1,-1,-1,-1
272,1,1060.04,726.43,83.36,209.55,-1,-1,-1,-1
273,1,1064.67,725.56,83.82,210.33,-1,-1,-1,-1
274,1,1065.27,724.47,83.48,211.33,-1,-1,-1,-1
275,1,1067.59,720.59,81.98,210.30,-1,-1,-1,-1
276,1,1068.40,720.07,81.23,210.33,-1,-1,-1,-1
277,1,1068.73,720.22,80.66,209.09,-1,-1,-1,-1
278,1,1068.65,719.83,82.08,208.35,-1,-1,-1,-1
279,1,1068.35,719.76,82.37,207.99,-1,-1,-1,-1
280,1,1068.79,719.84,81.52,206.56,-1,-1,-1,-1
281,1,1067.90,719.07,83.37,206.45,-1,-1,-1,-1
282,1,1073.85,714.41,81.06,207.29,-1,-1,-1,-1
283,1,1074.10,714.29,81.87,206.58,-1,-1,-1,-1
284,1,1075.56,712.59,82.70,207.43,-1,-1,-1,-1
285,1,1076.21,712.16,81.96,207.09,-1,-1,-1,-1
286,1,1076.75,710.85,81.46,208.15,-1,-1,-1,-1
287,1,1080.97,704.48,82.85,210.65,-1,-1,-1,-1
288,1,1081.36,703.92,84.12,210.29,-1,-1,-1,-1
289,1,1082.60,702.76,82.65,210.05,-1,-1,-1,-1
290,1,1083.01,701.84,81.36,210.39,-1,-1,-1,-1
291,1,1083.52,695.92,81.87,212.10,-1,-1,-1,-1
292,1,1084.07,695.75,81.64,211.31,-1,-1,-1,-1
293,1,1084.24,695.03,81.81,210.98,-1,-1,-1,-1
294,1,1084.84,693.96,80.17,210.90,-1,-1,-1,-1
295,1,1084.65,692.78,82.13,212.09,-1,-1,-1,-1
296,1,1089.24,685.41,82.37,216.33,-1,-1,-1,-1
297,1,1088.85,684.76,84.38,215.66,-1,-1,-1,-1
298,1,1088.83,683.79,85.97,214.86,-1,-1,-1,-1
299,1,1087.95,682.74,88.60,215.41,-1,-1,-1,-1
300,1,1089.08,676.02,86.73,217.76,-1,-1,-1,-1
301,1,1089.88,674.83,86.86,217.38,-1,-1,-1,-1
302,1,1089.00,674.48,88.83,216.07,-1,-1,-1,-1
303,1,1089.50,667.35,88.26,220.78,-1,-1,-1,-1
304,1,1089.21,666.54,88.69,220.44,-1,-1,-1,-1
305,1,1089.76,665.81,87.42,219.51,-1,-1,-1,-1
306,1,1088.93,665.24,89.72,219.05,-1,-1,-1,-1
307,1,1089.10,659.29,88.67,220.29,-1,-1,-1,-1
308,1,1089.06,659.32,89.03,218.09,-1,-1,-1,-1
309,1,1094.16,657.06,89.60,220.36,-1,-1,-1,-1
310,1,1094.58,657.05,89.96,218.45,-1,-1,-1,-1
311,1,1096.74,651.53,88.40,219.20,-1,-1,-1,-1
312,1,1097.40,651.85,87.34,216.65,-1,-1,-1,-1
313,1,1097.45,650.68,87.69,215.41,-1,-1,-1,-1
314,1,1097.38,644.22,87.94,217.18,-1,-1,-1,-1
315,1,1097.22,643.82,88.97,215.62,-1,-1,-1,-1
316,1,1102.87,640.64,87.87,219.12,-1,-1,-1,-1
317,1,1102.33,634.28,90.48,221.59,-1,-1,-1,-1
318,1,1103.29,632.69,91.08,222.19,-1,-1,-1,-1
319,1,1102.41,626.51,93.36,222.31,-1,-1,-1,-1
320,1,1103.08,625.91,92.97,221.31,-1,-1,-1,-1
321,1,1103.64,623.69,92.18,222.99,-1,-1,-1,-1
322,1,1103.36,615.75,92.30,227.70,-1,-1,-1,-1
323,1,1108.24,615.26,93.21,226.79,-1,-1,-1,-1
324,1,1108.60,613.76,94.23,226.36,-1,-1,-1,-1
325,1,1110.74,607.36,91.42,228.51,-1,-1,-1,-1
326,1,1111.91,606.61,90.26,227.07,-1,-1,-1,-1
327,1,1111.33,604.44,92.39,228.55,-1,-1,-1,-1
328,1,1111.70,597.59,91.77,230.39,-1,-1,-1,-1
329,1,1111.92,596.37,91.55,230.59,-1,-1,-1,-1
330,1,1111.40,588.70,90.99,234.77,-1,-1,-1,-1
331,1,1112.66,587.29,89.96,236.07,-1,-1,-1,-1
332,1,1116.55,585.22,92.92,238.12,-1,-1,-1,-1
333,1,1115.59,580.02,96.21,237.08,-1,-1,-1,-1
334,1,1116.94,578.91,95.15,236.46,-1,-1,-1,-1
335,1,1116.81,578.90,97.03,233.43,-1,-1,-1,-1
336,1,1118.49,572.87,94.25,235.40,-1,-1,-1,-1
337,1,1118.28,571.79,94.90,234.28,-1,-1,-1,-1
338,1,1119.08,564.53,92.95,235.96,-1,-1,-1,-1
339,1,1124.29,564.25,93.37,233.35,-1,-1,-1,-1
340,1,1124.12,563.06,95.35,235.48,-1,-1,-1,-1
341,1,1127.13,556.22,91.20,240.56,-1,-1,-1,-1
342,1,1127.53,556.14,90.65,235.02,-1,-1,-1,-1
343,1,1127.67,549.97,91.42,234.73,-1,-1,-1,-1
344,1,1127.62,549.09,91.87,232.76,-1,-1,-1,-1
345,1,1127.16,541.75,92.49,235.96,-1,-1,-1,-1
346,1,1127.18,541.68,92.65,230.66,-1,-1,-1,-1
347,1,1124.88,534.15,97.18,232.93,-1,-1,-1,-1
348,1,1130.87,533.77,96.25,230.05,-1,-1,-1,-1
349,1,1128.23,526.05,102.61,233.31,-1,-1,-1,-1
350,1,1130.52,525.79,100.34,231.48,-1,-1,-1,-1
351,1,1131.40,524.15,99.28,230.81,-1,-1,-1,-1
352,1,1131.65,518.16,99.39,230.68,-1,-1,-1,-1
353,1,1131.30,518.04,100.75,226.97,-1,-1,-1,-1
354,1,1132.22,511.71,98.44,228.32,-1,-1,-1,-1
355,1,1131.91,510.94,99.65,226.28,-1,-1,-1,-1
356,1,1136.87,504.28,100.31,227.17,-1,-1,-1,-1
357,1,1138.60,504.00,99.00,224.26,-1,-1,-1,-1
358,1,1139.47,496.98,99.40,228.00,-1,-1,-1,-1
359,1,1140.98,495.67,97.08,227.60,-1,-1,-1,-1
360,1,1140.28,488.10,98.47,229.28,-1,-1,-1,-1
361,1,1141.61,488.43,95.77,225.97,-1,-1,-1,-1
362,1,1146.76,481.04,96.04,228.96,-1,-1,-1,-1
363,1,1147.70,480.40,95.16,225.89,-1,-1,-1,-1
364,1,1148.60,479.02,96.14,226.23,-1,-1,-1,-1
365,1,1150.25,472.78,94.04,227.08,-1,-1,-1,-1
366,1,1151.48,472.08,92.13,225.14,-1,-1,-1,-1
367,1,1150.20,464.42,95.25,232.07,-1,-1,-1,-1
368,1,1157.55,463.86,91.05,230.25,-1,-1,-1,-1
369,1,1154.48,456.01,97.51,230.51,-1,-1,-1,-1
370,1,1156.40,456.02,95.80,225.80,-1,-1,-1,-1
371,1,1155.86,448.32,98.79,230.61,-1,-1,-1,-1
372,1,1158.47,446.83,94.13,229.35,-1,-1,-1,-1
373,1,1157.36,439.30,95.91,230.31,-1,-1,-1,-1
374,1,1159.41,438.58,92.15,227.79,-1,-1,-1,-1
375,1,1158.51,432.76,93.20,226.24,-1,-1,-1,-1
376,1,1159.81,431.59,91.40,225.36,-1,-1,-1,-1
377,1,1158.30,424.07,94.21,228.74,-1,-1,-1,-1
378,1,1159.06,424.50,92.98,224.92,-1,-1,-1,-1
379,1,1156.69,416.99,97.31,227.13,-1,-1,-1,-1
380,1,1158.46,417.74,94.25,222.38,-1,-1,-1,-1
381,1,1162.88,416.65,96.55,221.45,-1,-1,-1,-1
382,1,1164.00,410.15,96.11,222.78,-1,-1,-1,-1
383,1,1167.10,408.89,92.40,221.06,-1,-1,-1,-1
384,1,1171.35,401.94,95.00,222.48,-1,-1,-1,-1
385,1,1172.09,400.26,94.69,223.15,-1,-1,-1,-1
386,1,1172.95,394.00,94.38,223.94,-1,-1,-1,-1
387,1,1173.83,392.95,93.33,221.39,-1,-1,-1,-1
388,1,1175.35,386.96,91.30,222.46,-1,-1,-1,-1
389,1,1175.37,386.31,90.83,220.83,-1,-1,-1,-1
390,1,1176.23,384.87,90.10,219.37,-1,-1,-1,-1
391,1,1176.63,379.49,88.74,219.02,-1,-1,-1,-1
392,1,1178.45,378.60,85.86,217.09,-1,-1,-1,-1
393,1,1178.30,372.37,86.06,218.37,-1,-1,-1,-1
394,1,1179.22,371.04,84.61,216.73,-1,-1,-1,-1
395,1,1183.08,364.78,86.94,217.55,-1,-1,-1,-1
396,1,1184.13,363.15,87.41,216.00,-1,-1,-1,-1
397,1,1185.55,357.94,85.92,215.73,-1,-1,-1,-1
398,1,1186.85,357.51,84.64,214.22,-1,-1,-1,-1
399,1,1186.90,355.27,84.63,213.80,-1,-1,-1,-1
400,1,1186.31,349.71,86.29,214.21,-1,-1,-1,-1
401,1,1192.45,347.65,84.42,213.64,-1,-1,-1,-1
402,1,1193.07,342.06,84.46,214.27,-1,-1,-1,-1
403,1,1194.10,340.05,83.66,215.40,-1,-1,-1,-1
404,1,1194.62,333.78,83.70,215.21,-1,-1,-1,-1
405,1,1197.23,333.30,79.38,213.52,-1,-1,-1,-1
406,1,1197.66,332.20,78.95,212.33,-1,-1,-1,-1
407,1,1197.69,327.34,79.10,212.55,-1,-1,-1,-1
408,1,1198.50,324.15,77.96,213.49,-1,-1,-1,-1
409,1,1198.58,319.13,77.36,212.60,-1,-1,-1,-1
410,1,1206.70,318.55,71.98,208.78,-1,-1,-1,-1
411,1,1208.00,312.34,71.08,210.62,-1,-1,-1,-1
412,1,1210.54,311.93,66.92,207.72,-1,-1,-1,-1
413,1,1210.06,307.37,68.08,205.12,-1,-1,-1,-1
414,1,1210.79,306.05,68.60,204.63,-1,-1,-1,-1
415,1,1213.64,304.42,73.02,204.04,-1,-1,-1,-1
416,1,1213.63,299.73,74.89,203.21,-1,-1,-1,-1
417,1,1215.10,297.26,73.14,203.90,-1,-1,-1,-1
418,1,1213.94,291.40,75.62,203.58,-1,-1,-1,-1
419,1,1215.75,289.51,72.25,202.87,-1,-1,-1,-1
420,1,1214.03,284.32,75.22,203.68,-1,-1,-1,-1
421,1,1215.68,282.83,72.72,204.61,-1,-1,-1,-1
422,1,1216.72,279.78,72.86,207.29,-1,-1,-1,-1
423,1,1216.27,273.62,74.31,207.94,-1,-1,-1,-1
424,1,1216.59,272.17,73.76,206.69,-1,-1,-1,-1
425,1,1216.75,271.37,73.29,205.74,-1,-1,-1,-1
426,1,1216.62,266.11,74.27,205.60,-1,-1,-1,-1
427,1,1222.01,263.67,72.51,207.06,-1,-1,-1,-1
428,1,1221.24,257.11,76.89,209.27,-1,-1,-1,-1
429,1,1224.17,255.31,73.29,210.37,-1,-1,-1,-1
430,1,1223.68,253.88,75.16,209.03,-1,-1,-1,-1
431,1,1223.97,248.18,75.15,210.69,-1,-1,-1,-1
432,1,1224.80,247.55,73.95,209.38,-1,-1,-1,-1
433,1,1224.62,246.36,73.84,208.44,-1,-1,-1,-1
434,1,1229.55,240.76,72.72,209.55,-1,-1,-1,-1
435,1,1229.70,239.48,74.25,208.04,-1,-1,-1,-1
436,1,1232.27,238.59,72.37,207.80,-1,-1,-1,-1
437,1,1232.37,233.69,73.08,208.06,-1,-1,-1,-1
438,1,1233.84,232.24,71.44,208.93,-1,-1,-1,-1
439,1,1233.99,230.85,70.91,207.72,-1,-1,-1,-1
440,1,1239.63,226.65,68.42,206.46,-1,-1,-1,-1
441,1,1240.09,225.80,68.76,205.73,-1,-1,-1,-1
442,1,1241.68,224.36,67.90,204.80,-1,-1,-1,-1
443,1,1242.53,224.16,67.33,204.25,-1,-1,-1,-1
444,1,1243.40,219.24,66.45,204.55,-1,-1,-1,-1
445,1,1244.20,217.80,65.62,204.33,-1,-1,-1,-1
446,1,1244.29,216.83,65.81,203.43,-1,-1,-1,-1
447,1,1246.04,212.30,62.53,201.69,-1,-1,-1,-1
448,1,1247.86,211.71,59.51,200.65,-1,-1,-1,-1
449,1,1248.14,210.60,59.11,200.01,-1,-1,-1,-1
450,1,1254.34,204.81,54.14,200.91,-1,-1,-1,-1
451,1,1254.74,202.74,55.18,202.16,-1,-1,-1,-1
452,1,1257.17,202.26,52.69,201.70,-1,-1,-1,-1
453,1,1257.35,194.94,53.20,204.49,-1,-1,-1,-1
454,1,1257.97,194.31,51.85,204.14,-1,-1,-1,-1
455,1,1260.17,193.93,48.96,203.04,-1,-1,-1,-1
456,1,1261.77,192.84,46.76,203.55,-1,-1,-1,-1
457,1,1260.77,187.33,49.25,203.26,-1,-1,-1,-1
458,1,1261.56,186.21,47.78,204.44,-1,-1,-1,-1
459,1,1262.70,185.76,45.61,203.27,-1,-1,-1,-1
460,1,1268.66,177.50,41.98,208.14,-1,-1,-1,-1
461,1,1270.18,178.30,39.55,205.53,-1,-1,-1,-1
462,1,1271.32,178.79,38.97,203.44,-1,-1,-1,-1
463,1,1272.09,178.85,39.88,202.01,-1,-1,-1,-1
464,1,1272.37,178.67,41.18,200.59,-1,-1,-1,-1
465,1,1271.04,171.33,44.69,204.65,-1,-1,-1,-1
466,1,1269.73,170.73,48.57,204.31,-1,-1,-1,-1
467,1,1274.05,167.69,46.81,208.07,-1,-1,-1,-1
468,1,1273.59,167.96,48.61,206.23,-1,-1,-1,-1
469,1,1276.37,163.25,44.72,204.47,-1,-1,-1,-1
470,1,1276.88,163.38,46.16,203.03,-1,-1,-1,-1
471,1,1278.21,163.98,43.00,200.48,-1,-1,-1,-1
472,1,1278.34,164.72,42.75,198.14,-1,-1,-1,-1
473,1,1278.32,164.05,44.25,198.53,-1,-1,-1,-1
474,1,1279.02,164.29,44.22,196.80,-1,-1,-1,-1
475,1,1277.76,158.73,47.32,197.95,-1,-1,-1,-1
476,1,1283.58,156.82,43.42,200.09,-1,-1,-1,-1
477,1,1284.12,157.43,43.19,198.06,-1,-1,-1,-1
478,1,1285.53,157.45,42.20,197.72,-1,-1,-1,-1
479,1,1285.96,158.06,43.34,195.98,-1,-1,-1,-1
480,1,1285.77,157.96,44.46,195.50,-1,-1,-1,-1
481,1,1284.98,151.84,47.45,196.19,-1,-1,-1,-1
482,1,1284.91,150.83,49.17,197.57,-1,-1,-1,-1
483,1,1285.60,150.63,47.64,196.97,-1,-1,-1,-1
484,1,1284.93,149.59,49.28,197.70,-1,-1,-1,-1
485,1,1292.47,148.82,42.08,198.96,-1,-1,-1,-1
486,1,1291.64,148.87,44.18,198.23,-1,-1,-1,-1
487,1,1293.16,149.70,41.59,196.37,-1,-1,-1,-1
488,1,1294.93,151.50,39.38,192.45,-1,-1,-1,-1
489,1,1296.79,150.98,37.73,193.43,-1,-1,-1,-1
490,1,1296.51,150.57,39.74,193.23,-1,-1,-1,-1
491,1,1297.17,150.23,39.61,193.62,-1,-1,-1,-1
492,1,1301.14,142.35,40.10,198.75,-1,-1,-1,-1
493,1,1302.98,143.24,37.75,196.87,-1,-1,-1,-1
494,1,1304.60,143.95,34.62,195.43,-1,-1,-1,-1
495,1,1305.91,144.39,33.06,194.55,-1,-1,-1,-1
496,1,1306.01,144.29,35.18,194.31,-1,-1,-1,-1
497,1,1305.73,144.36,37.15,194.10,-1,-1,-1,-1
498,1,1305.01,143.81,40.09,194.92,-1,-1,-1,-1
499,1,1305.28,143.83,39.80,195.54,-1,-1,-1,-1
500,1,1305.07,143.01,40.52,197.45,-1,-1,-1,-1
31,2,939.64,528.61,97.69,233.82,-1,-1,-1,-1
35,3,942.84,541.19,107.15,236.37,-1,-1,-1,-1
36,3,942.82,540.83,107.24,238.52,-1,-1,-1,-1
37,3,945.16,549.11,102.56,235.11,-1,-1,-1,-1
38,3,944.15,548.59,105.06,238.46,-1,-1,-1,-1
39,3,950.67,548.97,106.42,240.81,-1,-1,-1,-1
40,3,952.66,555.89,102.78,238.59,-1,-1,-1,-1
41,3,951.96,556.10,104.16,238.93,-1,-1,-1,-1
42,3,953.14,555.61,102.41,241.42,-1,-1,-1,-1
43,3,952.04,561.79,105.42,239.74,-1,-1,-1,-1
44,3,952.73,562.65,105.10,243.14,-1,-1,-1,-1
45,3,952.82,563.84,104.79,245.61,-1,-1,-1,-1
46,3,953.60,569.73,103.89,245.06,-1,-1,-1,-1
47,3,953.92,570.29,103.11,248.80,-1,-1,-1,-1
48,3,958.72,577.47,104.86,245.23,-1,-1,-1,-1
49,3,958.55,578.41,105.86,248.14,-1,-1,-1,-1
50,3,959.84,585.49,106.24,242.32,-1,-1,-1,-1
51,3,961.61,585.94,103.73,241.41,-1,-1,-1,-1
52,3,961.52,585.14,103.33,243.63,-1,-1,-1,-1
53,3,961.99,592.69,102.47,237.82,-1,-1,-1,-1
54,3,960.70,592.27,105.59,239.97,-1,-1,-1,-1
55,3,961.36,593.28,104.17,240.42,-1,-1,-1,-1
56,3,961.19,602.72,104.31,232.46,-1,-1,-1,-1
57,3,960.53,602.86,105.63,233.20,-1,-1,-1,-1
58,3,960.61,602.80,105.61,234.99,-1,-1,-1,-1
59,3,967.56,612.74,102.80,228.58,-1,-1,-1,-1
60,3,968.32,612.60,102.07,230.55,-1,-1,-1,-1
61,3,972.04,621.62,97.24,226.26,-1,-1,-1,-1
62,3,973.26,621.62,95.93,227.79,-1,-1,-1,-1
63,3,976.46,623.00,90.17,227.27,-1,-1,-1,-1
64,3,976.89,629.17,88.93,228.10,-1,-1,-1,-1
65,3,982.02,630.96,89.66,226.43,-1,-1,-1,-1
66,3,986.22,640.01,81.96,222.69,-1,-1,-1,-1
67,3,987.64,640.75,82.00,222.50,-1,-1,-1,-1
68,3,990.05,642.05,77.89,221.29,-1,-1,-1,-1
69,3,989.71,649.03,78.72,220.77,-1,-1,-1,-1
70,3,990.17,649.93,77.91,219.58,-1,-1,-1,-1
71,3,988.52,650.16,81.91,220.93,-1,-1,-1,-1
72,3,989.59,658.20,79.20,217.77,-1,-1,-1,-1
73,3,989.76,658.57,78.74,217.41,-1,-1,-1,-1
74,3,989.01,658.88,80.94,218.64,-1,-1,-1,-1
75,3,993.93,659.94,81.99,218.54,-1,-1,-1,-1
76,3,996.36,665.91,78.10,218.58,-1,-1,-1,-1
77,3,997.64,666.27,78.49,218.59,-1,-1,-1,-1
78,3,996.73,666.44,80.70,219.48,-1,-1,-1,-1
79,3,996.02,667.27,82.77,219.31,-1,-1,-1,-1
80,3,996.26,675.23,82.38,216.31,-1,-1,-1,-1
81,3,996.32,675.60,82.43,216.54,-1,-1,-1,-1
82,3,1000.31,676.19,85.12,217.01,-1,-1,-1,-1
83,3,999.21,675.11,87.83,220.17,-1,-1,-1,-1
84,3,1000.70,681.34,87.40,219.30,-1,-1,-1,-1
85,3,1000.94,682.05,88.37,219.18,-1,-1,-1,-1
86,3,1001.65,683.16,87.49,217.93,-1,-1,-1,-1
87,3,1002.19,684.28,86.29,217.24,-1,-1,-1,-1
88,3,1007.86,685.34,86.06,216.01,-1,-1,-1,-1
89,3,1007.97,692.15,86.30,213.77,-1,-1,-1,-1
90,3,1008.08,692.36,88.63,213.89,-1,-1,-1,-1
91,3,1008.90,693.74,87.97,213.02,-1,-1,-1,-1
92,3,1009.75,694.08,87.20,213.73,-1,-1,-1,-1
93,3,1010.21,693.51,85.87,215.81,-1,-1,-1,-1
94,3,1010.65,699.61,85.06,214.96,-1,-1,-1,-1
95,3,1008.79,699.04,89.21,216.17,-1,-1,-1,-1
96,3,1009.79,699.74,87.37,215.95,-1,-1,-1,-1
97,3,1014.61,700.85,88.54,215.54,-1,-1,-1,-1
98,3,1014.45,701.19,90.25,216.13,-1,-1,-1,-1
99,3,1017.51,707.39,85.40,215.25,-1,-1,-1,-1
100,3,1016.83,707.95,87.13,214.51,-1,-1,-1,-1
101,3,1017.29,709.18,87.72,213.50,-1,-1,-1,-1
102,3,1017.51,709.06,87.52,214.44,-1,-1,-1,-1
103,3,1018.28,709.23,86.31,215.51,-1,-1,-1,-1
104,3,1017.52,708.90,88.00,216.89,-1,-1,-1,-1
105,3,1017.54,709.05,88.16,217.05,-1,-1,-1,-1
106,3,1018.19,715.21,86.32,215.44,-1,-1,-1,-1
107,3,1017.71,715.66,87.40,214.75,-1,-1,-1,-1
108,3,1018.86,715.96,85.41,214.87,-1,-1,-1,-1
109,3,1017.17,716.62,88.75,214.25,-1,-1,-1,-1
110,3,1022.40,716.84,89.53,214.40,-1,-1,-1,-1
111,3,1022.81,717.28,89.45,214.00,-1,-1,-1,-1
112,3,1025.07,717.17,87.53,215.39,-1,-1,-1,-1
113,3,1025.65,717.38,87.18,215.39,-1,-1,-1,-1
114,3,1025.87,717.19,87.51,215.86,-1,-1,-1,-1
115,3,1026.56,717.51,86.18,216.52,-1,-1,-1,-1
116,3,1027.01,722.85,84.73,215.87,-1,-1,-1,-1
117,3,1025.46,722.57,88.39,216.49,-1,-1,-1,-1
118,3,1026.48,722.92,86.59,216.17,-1,-1,-1,-1
119,3,1030.88,723.65,88.64,214.43,-1,-1,-1,-1
120,3,1032.51,723.91,86.94,214.19,-1,-1,-1,-1
121,3,1033.20,723.80,87.24,214.59,-1,-1,-1,-1
122,3,1033.74,723.82,86.58,214.61,-1,-1,-1,-1
123,3,1033.66,723.97,87.67,214.15,-1,-1,-1,-1
124,3,1034.42,724.69,86.19,212.92,-1,-1,-1,-1
125,3,1033.60,724.59,88.21,213.08,-1,-1,-1,-1
126,3,1039.29,726.15,87.47,210.64,-1,-1,-1,-1
127,3,1038.05,725.36,90.76,211.89,-1,-1,-1,-1
128,3,1041.23,725.06,86.12,213.12,-1,-1,-1,-1
129,3,1041.85,724.13,86.14,214.67,-1,-1,-1,-1
130,3,1042.97,723.91,85.12,215.24,-1,-1,-1,-1
131,3,1047.04,724.61,87.80,213.51,-1,-1,-1,-1
132,3,1046.40,724.30,89.51,214.55,-1,-1,-1,-1
133,3,1049.60,724.31,85.97,213.90,-1,-1,-1,-1
134,3,1048.73,723.95,88.39,214.13,-1,-1,-1,-1
135,3,1049.79,724.27,86.99,213.41,-1,-1,-1,-1
136,3,1050.78,724.06,85.10,213.77,-1,-1,-1,-1
137,3,1050.42,723.62,85.54,214.18,-1,-1,-1,-1
138,3,1048.95,723.98,89.07,213.35,-1,-1,-1,-1
139,3,1049.36,724.02,88.02,212.89,-1,-1,-1,-1
140,3,1055.29,719.49,87.16,212.19,-1,-1,-1,-1
141,3,1055.01,718.91,88.73,212.56,-1,-1,-1,-1
142,3,1056.34,717.66,88.17,213.62,-1,-1,-1,-1
143,3,1056.54,717.20,88.45,214.11,-1,-1,-1,-1
144,3,1057.43,716.47,87.92,214.76,-1,-1,-1,-1
145,3,1058.03,716.40,86.86,214.23,-1,-1,-1,-1
146,3,1058.62,715.54,85.59,215.19,-1,-1,-1,-1
147,3,1062.79,716.18,88.33,213.30,-1,-1,-1,-1
148,3,1062.98,715.25,88.36,214.96,-1,-1,-1,-1
149,3,1064.90,715.05,87.48,214.53,-1,-1,-1,-1
150,3,1064.85,714.74,88.30,214.93,-1,-1,-1,-1
151,3,1065.60,710.95,87.28,213.64,-1,-1,-1,-1
152,3,1065.59,710.39,87.61,213.46,-1,-1,-1,-1
153,3,1065.19,710.09,88.73,211.79,-1,-1,-1,-1
154,3,1070.39,710.43,88.95,210.22,-1,-1,-1,-1
155,3,1070.03,709.60,90.32,210.92,-1,-1,-1,-1
156,3,1072.25,705.05,87.80,209.14,-1,-1,-1,-1
157,3,1073.18,704.18,87.79,209.70,-1,-1,-1,-1
158,3,1073.62,703.10,87.61,210.50,-1,-1,-1,-1
159,3,1073.44,702.44,87.94,210.48,-1,-1,-1,-1
160,3,1074.19,701.43,86.43,211.73,-1,-1,-1,-1
161,3,1077.53,701.01,90.38,211.71,-1,-1,-1,-1
162,3,1077.37,700.60,91.39,211.97,-1,-1,-1,-1
163,3,1080.16,695.66,87.28,211.66,-1,-1,-1,-1
164,3,1081.07,694.72,87.85,211.18,-1,-1,-1,-1
165,3,1081.09,693.04,88.31,212.44,-1,-1,-1,-1
166,3,1081.01,692.41,88.37,212.85,-1,-1,-1,-1
167,3,1081.02,691.51,88.70,213.78,-1,-1,-1,-1
168,3,1081.35,686.35,87.69,213.79,-1,-1,-1,-1
169,3,1081.80,685.26,87.11,214.36,-1,-1,-1,-1
170,3,1081.15,683.60,89.16,215.12,-1,-1,-1,-1
171,3,1080.35,683.23,90.33,214.64,-1,-1,-1,-1
172,3,1087.17,676.99,87.49,215.61,-1,-1,-1,-1
173,3,1086.58,676.47,89.97,215.18,-1,-1,-1,-1
174,3,1088.33,674.83,88.45,216.67,-1,-1,-1,-1
175,3,1088.63,667.22,88.56,219.74,-1,-1,-1,-1
176,3,1088.99,665.64,89.40,220.99,-1,-1,-1,-1
177,3,1089.58,663.99,88.29,222.65,-1,-1,-1,-1
178,3,1088.87,664.15,88.80,220.99,-1,-1,-1,-1
179,3,1093.31,658.10,91.05,221.63,-1,-1,-1,-1
180,3,1092.21,656.81,94.41,222.61,-1,-1,-1,-1
181,3,1093.13,655.65,94.17,223.14,-1,-1,-1,-1
182,3,1093.56,655.46,95.22,222.07,-1,-1,-1,-1
183,3,1093.42,649.63,96.30,222.73,-1,-1,-1,-1
184,3,1093.95,649.40,95.06,220.97,-1,-1,-1,-1
185,3,1093.67,648.08,96.00,221.49,-1,-1,-1,-1
186,3,1093.47,641.31,94.33,223.37,-1,-1,-1,-1
187,3,1094.38,641.24,93.76,221.58,-1,-1,-1,-1
188,3,1099.24,639.95,95.72,222.02,-1,-1,-1,-1
189,3,1098.89,633.53,97.72,222.65,-1,-1,-1,-1
190,3,1102.06,632.44,94.06,222.97,-1,-1,-1,-1
191,3,1102.27,630.51,93.32,224.54,-1,-1,-1,-1
192,3,1102.16,624.17,94.63,225.40,-1,-1,-1,-1
193,3,1103.41,622.89,92.75,226.03,-1,-1,-1,-1
194,3,1102.46,621.61,94.17,226.43,-1,-1,-1,-1
195,3,1107.57,615.69,94.64,226.43,-1,-1,-1,-1
196,3,1107.29,614.14,96.27,227.87,-1,-1,-1,-1
197,3,1109.44,613.09,94.77,227.67,-1,-1,-1,-1
198,3,1109.75,606.50,93.83,228.42,-1,-1,-1,-1
199,3,1110.53,604.60,92.97,229.44,-1,-1,-1,-1
200,3,1109.97,597.30,94.68,231.04,-1,-1,-1,-1
201,3,1116.29,596.39,93.23,230.74,-1,-1,-1,-1
202,3,1115.93,590.35,94.46,229.76,-1,-1,-1,-1
203,3,1117.04,589.08,93.96,230.10,-1,-1,-1,-1
204,3,1116.81,588.23,95.05,229.91,-1,-1,-1,-1
205,3,1118.17,581.46,94.41,232.37,-1,-1,-1,-1
206,3,1118.92,579.97,93.17,234.59,-1,-1,-1,-1
207,3,1118.05,578.44,95.34,235.33,-1,-1,-1,-1
208,3,1123.45,573.81,95.65,235.12,-1,-1,-1,-1
209,3,1123.69,572.37,96.06,233.43,-1,-1,-1,-1
210,3,1123.77,566.19,96.57,234.88,-1,-1,-1,-1
211,3,1122.93,563.35,100.98,236.35,-1,-1,-1,-1
212,3,1129.55,563.12,99.26,236.39,-1,-1,-1,-1
213,3,1130.09,557.82,99.45,237.47,-1,-1,-1,-1
214,3,1128.99,557.34,102.44,236.78,-1,-1,-1,-1
215,3,1129.04,555.52,103.31,236.09,-1,-1,-1,-1
216,3,1127.63,549.50,107.34,237.58,-1,-1,-1,-1
217,3,1128.24,548.44,105.18,236.97,-1,-1,-1,-1
218,3,1128.08,545.72,106.23,240.14,-1,-1,-1,-1
219,3,1128.64,540.04,105.37,241.31,-1,-1,-1,-1
220,3,1130.56,538.99,100.62,241.77,-1,-1,-1,-1
221,3,1131.69,537.26,98.96,243.52,-1,-1,-1,-1
222,3,1137.94,533.44,98.12,239.83,-1,-1,-1,-1
223,3,1137.14,532.52,100.68,238.37,-1,-1,-1,-1
224,3,1140.98,525.76,94.01,239.43,-1,-1,-1,-1
225,3,1136.83,524.69,102.86,238.69,-1,-1,-1,-1
226,3,1139.66,522.56,97.94,240.00,-1,-1,-1,-1
227,3,1139.97,521.21,98.12,240.04,-1,-1,-1,-1
228,3,1140.84,514.66,95.96,242.74,-1,-1,-1,-1
229,3,1141.12,513.28,96.13,242.57,-1,-1,-1,-1
230,3,1141.41,507.13,95.43,242.40,-1,-1,-1,-1
231,3,1146.00,500.92,97.00,239.16,-1,-1,-1,-1
232,3,1146.83,500.79,97.03,236.59,-1,-1,-1,-1
233,3,1147.62,494.03,97.00,235.33,-1,-1,-1,-1
234,3,1148.93,493.10,95.50,234.63,-1,-1,-1,-1
235,3,1150.20,485.93,93.15,233.59,-1,-1,-1,-1
236,3,1151.68,486.62,90.15,230.14,-1,-1,-1,-1
237,3,1151.18,479.54,91.30,229.04,-1,-1,-1,-1
238,3,1153.65,470.68,98.15,231.86,-1,-1,-1,-1
239,3,1155.31,470.32,97.53,229.38,-1,-1,-1,-1
240,3,1153.32,462.66,103.40,231.89,-1,-1,-1,-1
241,3,1154.83,461.73,100.68,231.39,-1,-1,-1,-1
242,3,1156.08,462.32,99.00,229.65,-1,-1,-1,-1
243,3,1154.49,455.51,101.63,228.31,-1,-1,-1,-1
244,3,1159.56,453.82,103.03,230.09,-1,-1,-1,-1
245,3,1159.83,446.39,103.18,230.55,-1,-1,-1,-1
246,3,1161.80,445.20,100.90,231.11,-1,-1,-1,-1
247,3,1161.83,438.30,102.21,230.98,-1,-1,-1,-1
248,3,1162.54,436.46,101.20,231.47,-1,-1,-1,-1
249,3,1161.90,430.55,101.93,229.96,-1,-1,-1,-1
250,3,1163.29,430.48,99.14,226.67,-1,-1,-1,-1
251,3,1161.87,423.72,102.94,226.39,-1,-1,-1,-1
252,3,1167.21,422.54,103.75,226.99,-1,-1,-1,-1
253,3,1168.56,415.19,101.93,228.44,-1,-1,-1,-1
254,3,1169.85,413.69,100.86,228.97,-1,-1,-1,-1
255,3,1170.55,411.97,100.23,231.35,-1,-1,-1,-1
256,3,1171.58,406.22,98.85,229.21,-1,-1,-1,-1
257,3,1171.03,404.68,99.98,229.48,-1,-1,-1,-1
258,3,1171.50,398.26,98.67,228.95,-1,-1,-1,-1
259,3,1171.56,397.22,99.32,228.74,-1,-1,-1,-1
260,3,1171.43,390.92,99.91,228.16,-1,-1,-1,-1
261,3,1171.86,389.28,99.42,228.43,-1,-1,-1,-1
262,3,1169.99,381.86,103.19,230.32,-1,-1,-1,-1
263,3,1172.05,381.47,98.62,227.97,-1,-1,-1,-1
264,3,1170.74,375.40,101.59,227.59,-1,-1,-1,-1
265,3,1177.73,374.48,98.42,226.98,-1,-1,-1,-1
266,3,1175.76,367.80,103.40,226.67,-1,-1,-1,-1
267,3,1178.88,366.31,99.52,226.80,-1,-1,-1,-1
268,3,1178.96,364.72,100.11,226.74,-1,-1,-1,-1
269,3,1180.73,359.17,97.77,226.00,-1,-1,-1,-1
270,3,1181.51,358.86,95.78,224.30,-1,-1,-1,-1
271,3,1183.46,353.86,92.10,221.59,-1,-1,-1,-1
272,3,1188.50,351.79,92.70,223.02,-1,-1,-1,-1
273,3,1187.40,345.11,95.57,223.43,-1,-1,-1,-1
274,3,1190.58,343.18,91.93,223.81,-1,-1,-1,-1
275,3,1190.62,337.12,93.10,222.92,-1,-1,-1,-1
276,3,1191.84,335.72,91.64,222.93,-1,-1,-1,-1
277,3,1191.17,329.25,92.65,223.58,-1,-1,-1,-1
278,3,1197.30,327.58,90.85,224.21,-1,-1,-1,-1
279,3,1195.88,321.40,94.38,223.40,-1,-1,-1,-1
280,3,1198.59,320.28,90.71,222.50,-1,-1,-1,-1
281,3,1197.77,314.62,92.45,220.54,-1,-1,-1,-1
282,3,1197.29,313.79,94.01,220.17,-1,-1,-1,-1
283,3,1197.73,311.68,93.92,220.98,-1,-1,-1,-1
284,3,1198.46,305.95,93.64,220.81,-1,-1,-1,-1
285,3,1199.50,304.79,91.76,220.35,-1,-1,-1,-1
286,3,1198.10,299.21,94.31,219.72,-1,-1,-1,-1
287,3,1198.77,298.03,93.62,218.90,-1,-1,-1,-1
288,3,1203.60,296.02,95.06,220.61,-1,-1,-1,-1
289,3,1204.41,290.33,94.39,220.13,-1,-1,-1,-1
290,3,1206.38,288.37,91.60,221.09,-1,-1,-1,-1
291,3,1206.59,286.43,92.70,223.46,-1,-1,-1,-1
292,3,1207.19,281.38,92.33,220.61,-1,-1,-1,-1
293,3,1206.31,279.26,93.86,222.20,-1,-1,-1,-1
294,3,1207.52,273.28,91.52,220.89,-1,-1,-1,-1
295,3,1207.83,272.04,91.06,221.04,-1,-1,-1,-1
296,3,1207.95,265.85,90.75,221.75,-1,-1,-1,-1
297,3,1208.68,265.14,89.69,220.31,-1,-1,-1,-1
298,3,1209.02,258.80,88.61,220.29,-1,-1,-1,-1
299,3,1210.93,258.36,85.22,218.08,-1,-1,-1,-1
300,3,1215.06,252.42,87.72,217.91,-1,-1,-1,-1
301,3,1216.00,250.70,87.93,218.81,-1,-1,-1,-1
302,3,1218.36,248.81,85.86,220.10,-1,-1,-1,-1
303,3,1217.13,243.27,88.32,220.11,-1,-1,-1,-1
304,3,1217.81,241.93,87.91,219.54,-1,-1,-1,-1
305,3,1217.43,240.94,88.48,219.21,-1,-1,-1,-1
306,3,1218.14,235.52,86.91,219.03,-1,-1,-1,-1
307,3,1223.77,233.98,86.08,219.54,-1,-1,-1,-1
308,3,1224.72,231.80,85.77,221.72,-1,-1,-1,-1
309,3,1226.55,226.51,84.15,221.71,-1,-1,-1,-1
310,3,1227.67,224.54,83.08,222.29,-1,-1,-1,-1
311,3,1227.64,224.58,83.43,219.69,-1,-1,-1,-1
312,3,1229.15,220.13,80.72,216.92,-1,-1,-1,-1
313,3,1230.12,219.75,78.99,215.59,-1,-1,-1,-1
314,3,1229.03,218.62,81.27,215.92,-1,-1,-1,-1
315,3,1235.09,213.87,79.11,214.10,-1,-1,-1,-1
316,3,1233.23,213.04,84.03,213.99,-1,-1,-1,-1
317,3,1234.95,211.89,83.55,214.19,-1,-1,-1,-1
318,3,1235.84,210.94,82.51,215.04,-1,-1,-1,-1
319,3,1239.51,205.36,75.95,214.55,-1,-1,-1,-1
320,3,1239.91,204.68,75.75,214.54,-1,-1,-1,-1
321,3,1246.39,197.70,72.44,214.39,-1,-1,-1,-1
322,3,1247.70,198.64,71.48,211.05,-1,-1,-1,-1
323,3,1249.61,197.19,69.19,211.52,-1,-1,-1,-1
324,3,1252.95,198.82,63.07,207.36,-1,-1,-1,-1
325,3,1255.76,192.12,58.82,209.14,-1,-1,-1,-1
326,3,1256.94,192.46,57.39,206.61,-1,-1,-1,-1
327,3,1257.48,192.31,56.32,204.76,-1,-1,-1,-1
328,3,1260.65,187.53,48.68,202.23,-1,-1,-1,-1
329,3,1260.45,188.37,50.10,198.12,-1,-1,-1,-1
330,3,1261.87,188.26,46.71,196.58,-1,-1,-1,-1
331,3,1262.23,181.78,45.83,197.86,-1,-1,-1,-1
332,3,1270.09,179.02,38.79,201.27,-1,-1,-1,-1
333,3,1271.40,179.58,36.88,199.53,-1,-1,-1,-1
334,3,1272.51,180.11,37.67,197.96,-1,-1,-1,-1
335,3,1273.96,174.53,35.74,197.45,-1,-1,-1,-1
336,3,1270.97,174.16,43.01,196.62,-1,-1,-1,-1
337,3,1271.30,173.20,43.21,196.44,-1,-1,-1,-1
338,3,1275.40,161.95,43.83,205.80,-1,-1,-1,-1
339,3,1276.02,162.47,43.49,203.56,-1,-1,-1,-1
340,3,1278.44,164.32,39.52,198.97,-1,-1,-1,-1
341,3,1280.88,166.26,37.50,194.30,-1,-1,-1,-1
342,3,1281.43,166.60,37.40,192.69,-1,-1,-1,-1
343,3,1281.90,160.35,36.89,193.78,-1,-1,-1,-1
344,3,1279.11,160.26,43.79,191.99,-1,-1,-1,-1
345,3,1279.95,159.99,43.22,190.67,-1,-1,-1,-1
346,3,1280.76,160.32,41.02,189.39,-1,-1,-1,-1
347,3,1280.99,159.32,41.66,190.81,-1,-1,-1,-1
348,3,1287.37,151.58,36.06,195.16,-1,-1,-1,-1
349,3,1288.46,151.69,34.11,194.22,-1,-1,-1,-1
350,3,1291.26,154.63,30.97,187.80,-1,-1,-1,-1
351,3,1290.59,153.87,34.80,189.10,-1,-1,-1,-1
352,3,1291.74,153.03,32.14,190.40,-1,-1,-1,-1
353,3,1291.22,152.91,33.41,190.21,-1,-1,-1,-1
354,3,1291.24,152.01,34.44,191.19,-1,-1,-1,-1
355,3,1290.12,150.71,38.80,192.83,-1,-1,-1,-1
356,3,1295.09,140.97,36.79,200.95,-1,-1,-1,-1
357,3,1297.51,143.18,32.82,196.04,-1,-1,-1,-1
358,3,1298.44,143.81,32.35,193.76,-1,-1,-1,-1
359,3,1298.86,144.67,32.88,191.61,-1,-1,-1,-1
360,3,1298.10,143.88,35.58,192.80,-1,-1,-1,-1
361,3,1299.18,144.14,33.08,191.58,-1,-1,-1,-1
362,3,1299.29,144.76,34.51,190.23,-1,-1,-1,-1
363,3,1299.13,143.22,36.20,192.64,-1,-1,-1,-1
364,3,1303.02,139.54,36.99,199.92,-1,-1,-1,-1
365,3,1303.77,141.18,36.18,196.54,-1,-1,-1,-1
366,3,1305.71,142.67,34.78,193.52,-1,-1,-1,-1
367,3,1306.56,143.08,34.27,191.92,-1,-1,-1,-1
368,3,1306.53,142.63,35.43,192.71,-1,-1,-1,-1
369,3,1306.02,135.97,37.30,194.89,-1,-1,-1,-1
370,3,1303.93,135.33,42.57,195.13,-1,-1,-1,-1
371,3,1303.97,135.04,42.96,194.24,-1,-1,-1,-1
372,3,1303.06,134.15,45.61,195.99,-1,-1,-1,-1
373,3,1303.29,134.28,44.11,195.29,-1,-1,-1,-1
374,3,1303.84,132.74,44.05,198.26,-1,-1,-1,-1
375,3,1302.32,132.72,46.27,198.15,-1,-1,-1,-1
376,3,1309.21,131.67,41.06,200.16,-1,-1,-1,-1
377,3,1308.29,131.55,43.82,201.23,-1,-1,-1,-1
378,3,1312.63,134.42,38.62,195.93,-1,-1,-1,-1
379,3,1311.61,133.49,43.26,198.35,-1,-1,-1,-1
380,3,1311.52,133.47,43.71,198.54,-1,-1,-1,-1
381,3,1311.63,134.00,44.30,197.03,-1,-1,-1,-1
382,3,1310.42,133.29,46.29,198.65,-1,-1,-1,-1
383,3,1319.18,131.71,37.09,201.77,-1,-1,-1,-1
384,3,1319.28,133.16,37.12,199.14,-1,-1,-1,-1
385,3,1323.43,137.22,32.79,191.47,-1,-1,-1,-1
386,3,1323.35,137.88,33.59,190.37,-1,-1,-1,-1
387,3,1321.38,135.86,39.51,194.75,-1,-1,-1,-1
388,3,1322.17,137.68,47.64,204.39,-1,-1,-1,-1
389,3,1323.90,138.40,44.35,202.77,-1,-1,-1,-1
390,3,1326.94,140.16,41.81,199.49,-1,-1,-1,-1
391,3,1327.95,140.31,40.57,199.56,-1,-1,-1,-1
392,3,1328.54,141.48,40.04,197.76,-1,-1,-1,-1
393,3,1328.61,141.67,41.77,198.07,-1,-1,-1,-1
394,3,1328.05,141.43,43.07,198.50,-1,-1,-1,-1
395,3,1333.62,139.15,40.25,203.26,-1,-1,-1,-1
396,3,1335.41,140.33,37.39,201.53,-1,-1,-1,-1
397,3,1336.11,141.44,39.88,200.44,-1,-1,-1,-1
398,3,1335.77,141.47,42.49,200.53,-1,-1,-1,-1
399,3,1335.46,146.42,43.74,203.16,-1,-1,-1,-1
400,3,1334.55,146.23,46.45,203.15,-1,-1,-1,-1
401,3,1335.27,146.63,45.11,202.64,-1,-1,-1,-1
402,3,1340.23,145.11,42.84,206.35,-1,-1,-1,-1
403,3,1340.27,145.91,45.80,205.99,-1,-1,-1,-1
404,3,1339.60,146.26,49.01,205.83,-1,-1,-1,-1
405,3,1338.55,146.23,52.45,205.90,-1,-1,-1,-1
406,3,1338.83,153.56,53.10,203.83,-1,-1,-1,-1
407,3,1338.39,153.60,54.32,203.93,-1,-1,-1,-1
408,3,1338.67,154.96,53.84,201.64,-1,-1,-1,-1
409,3,1344.94,155.55,49.84,202.10,-1,-1,-1,-1
410,3,1346.85,157.40,46.72,199.18,-1,-1,-1,-1
411,3,1348.65,158.40,45.05,197.65,-1,-1,-1,-1
412,3,1349.03,157.72,46.65,199.78,-1,-1,-1,-1
413,3,1349.19,163.57,47.38,201.80,-1,-1,-1,-1
414,3,1349.91,163.19,46.96,202.60,-1,-1,-1,-1
415,3,1348.93,162.90,49.64,204.68,-1,-1,-1,-1
416,3,1348.46,170.61,50.12,202.58,-1,-1,-1,-1
417,3,1348.76,171.72,49.86,200.05,-1,-1,-1,-1
418,3,1347.40,170.57,52.85,203.43,-1,-1,-1,-1
419,3,1352.48,170.07,51.33,205.94,-1,-1,-1,-1
420,3,1353.89,171.15,50.03,203.73,-1,-1,-1,-1
421,3,1356.97,172.78,45.86,201.13,-1,-1,-1,-1
422,3,1357.76,177.55,45.45,206.12,-1,-1,-1,-1
423,3,1358.16,178.15,46.25,205.79,-1,-1,-1,-1
424,3,1357.79,185.69,47.38,204.53,-1,-1,-1,-1
425,3,1364.15,187.29,43.52,203.01,-1,-1,-1,-1
426,3,1365.82,188.68,40.95,200.83,-1,-1,-1,-1
427,3,1363.72,193.98,48.14,205.35,-1,-1,-1,-1
428,3,1363.66,194.43,48.19,204.23,-1,-1,-1,-1
429,3,1362.87,194.93,50.46,204.84,-1,-1,-1,-1
430,3,1363.39,200.14,51.82,207.86,-1,-1,-1,-1
431,3,1368.59,201.42,52.06,207.00,-1,-1,-1,-1
432,3,1367.86,201.81,53.56,207.60,-1,-1,-1,-1
433,3,1368.72,207.27,54.31,209.53,-1,-1,-1,-1
434,3,1367.89,207.25,56.47,211.22,-1,-1,-1,-1
435,3,1368.82,208.67,54.53,209.16,-1,-1,-1,-1
436,3,1369.65,214.10,55.31,211.21,-1,-1,-1,-1
437,3,1368.94,216.10,56.05,208.39,-1,-1,-1,-1
438,3,1368.34,216.33,58.79,210.08,-1,-1,-1,-1
439,3,1366.79,222.58,61.11,209.35,-1,-1,-1,-1
440,3,1366.06,224.00,62.63,207.36,-1,-1,-1,-1
441,3,1365.57,225.39,64.01,206.52,-1,-1,-1,-1
442,3,1369.23,225.52,66.41,207.31,-1,-1,-1,-1
443,3,1368.09,233.26,70.66,205.25,-1,-1,-1,-1
444,3,1369.40,233.26,70.59,207.07,-1,-1,-1,-1
445,3,1370.02,234.53,69.91,206.47,-1,-1,-1,-1
446,3,1369.48,240.21,71.10,207.16,-1,-1,-1,-1
447,3,1370.54,241.34,69.44,206.80,-1,-1,-1,-1
448,3,1370.50,242.84,69.49,205.45,-1,-1,-1,-1
449,3,1370.65,248.80,69.15,205.70,-1,-1,-1,-1
450,3,1370.74,249.44,69.25,206.12,-1,-1,-1,-1
451,3,1374.10,250.60,73.70,206.01,-1,-1,-1,-1
452,3,1375.05,256.74,73.23,206.16,-1,-1,-1,-1
453,3,1377.39,257.05,70.25,207.08,-1,-1,-1,-1
454,3,1377.55,257.33,70.57,208.13,-1,-1,-1,-1
455,3,1378.79,262.62,68.82,210.73,-1,-1,-1,-1
456,3,1378.98,264.50,68.74,208.52,-1,-1,-1,-1
457,3,1379.79,271.29,66.78,208.10,-1,-1,-1,-1
458,3,1379.72,273.20,67.12,205.72,-1,-1,-1,-1
459,3,1385.70,274.80,65.84,204.69,-1,-1,-1,-1
460,3,1388.08,280.86,63.90,206.60,-1,-1,-1,-1
461,3,1388.78,282.91,64.72,203.74,-1,-1,-1,-1
462,3,1388.69,289.73,64.70,203.68,-1,-1,-1,-1
463,3,1389.93,291.46,62.34,201.65,-1,-1,-1,-1
464,3,1393.85,291.66,65.14,203.08,-1,-1,-1,-1
465,3,1394.98,298.47,63.99,203.18,-1,-1,-1,-1
466,3,1395.79,299.51,63.55,201.70,-1,-1,-1,-1
467,3,1396.17,301.15,63.71,199.61,-1,-1,-1,-1
468,3,1399.30,308.97,59.02,198.35,-1,-1,-1,-1
469,3,1400.79,309.74,56.94,198.22,-1,-1,-1,-1
470,3,1399.02,316.48,60.13,199.50,-1,-1,-1,-1
471,3,1397.19,317.44,64.09,198.67,-1,-1,-1,-1
472,3,1397.46,323.51,63.60,201.35,-1,-1,-1,-1
473,3,1401.53,323.21,65.50,203.16,-1,-1,-1,-1
474,3,1402.44,330.51,65.75,203.75,-1,-1,-1,-1
475,3,1404.40,331.39,64.65,203.21,-1,-1,-1,-1
476,3,1405.99,337.42,62.35,205.21,-1,-1,-1,-1
477,3,1408.96,338.20,66.43,205.38,-1,-1,-1,-1
478,3,1408.76,344.07,68.44,208.39,-1,-1,-1,-1
479,3,1409.49,344.40,68.97,209.13,-1,-1,-1,-1
480,3,1409.03,349.87,68.90,211.91,-1,-1,-1,-1
481,3,1410.37,351.47,67.26,210.41,-1,-1,-1,-1
482,3,1410.53,357.76,68.11,212.61,-1,-1,-1,-1
483,3,1410.12,358.71,69.98,212.13,-1,-1,-1,-1
484,3,1410.60,364.92,68.62,213.71,-1,-1,-1,-1
485,3,1410.12,365.84,69.87,213.71,-1,-1,-1,-1
486,3,1411.13,373.26,67.91,212.64,-1,-1,-1,-1
487,3,1415.45,373.88,70.63,214.57,-1,-1,-1,-1
488,3,1414.45,380.29,73.68,214.27,-1,-1,-1,-1
489,3,1413.79,380.48,77.63,216.08,-1,-1,-1,-1
490,3,1416.84,387.92,72.25,214.66,-1,-1,-1,-1
491,3,1421.25,388.04,74.88,216.62,-1,-1,-1,-1
492,3,1418.79,388.73,80.49,217.75,-1,-1,-1,-1
493,3,1421.05,394.73,77.36,217.84,-1,-1,-1,-1
494,3,1422.50,395.75,76.24,218.02,-1,-1,-1,-1
495,3,1422.57,402.17,76.38,218.72,-1,-1,-1,-1
496,3,1421.43,402.10,79.29,221.25,-1,-1,-1,-1
497,3,1422.68,408.89,76.31,220.83,-1,-1,-1,-1
498,3,1422.95,409.46,76.30,221.42,-1,-1,-1,-1
499,3,1424.71,409.80,84.26,222.87,-1,-1,-1,-1
500,3,1423.70,415.53,86.98,225.21,-1,-1,-1,-1
319,4,855.38,236.61,105.15,231.43,-1,-1,-1,-1
320,4,854.79,234.38,106.72,236.50,-1,-1,-1,-1
321,4,856.29,235.25,104.10,234.57,-1,-1,-1,-1
322,4,858.95,235.55,99.43,233.92,-1,-1,-1,-1
323,4,859.61,243.11,98.72,231.29,-1,-1,-1,-1
324,4,861.46,244.46,95.25,230.16,-1,-1,-1,-1
325,4,864.23,245.65,90.75,229.35,-1,-1,-1,-1
326,4,865.61,245.65,87.67,230.79,-1,-1,-1,-1
327,4,866.91,252.91,84.37,229.34,-1,-1,-1,-1
328,4,871.22,254.53,86.90,227.98,-1,-1,-1,-1
329,4,873.11,256.25,84.48,226.06,-1,-1,-1,-1
330,4,875.05,262.93,82.71,226.55,-1,-1,-1,-1
331,4,875.14,263.89,84.05,226.42,-1,-1,-1,-1
332,4,875.04,272.73,84.17,222.46,-1,-1,-1,-1
333,4,874.94,273.93,84.82,221.54,-1,-1,-1,-1
334,4,880.22,275.13,85.29,221.51,-1,-1,-1,-1
335,4,881.60,282.40,83.76,220.22,-1,-1,-1,-1
336,4,884.27,282.52,81.14,221.54,-1,-1,-1,-1
337,4,886.61,290.66,76.97,219.36,-1,-1,-1,-1
338,4,890.40,292.97,80.62,218.67,-1,-1,-1,-1
339,4,891.82,293.02,78.50,221.27,-1,-1,-1,-1
340,4,894.22,299.53,74.92,220.85,-1,-1,-1,-1
341,4,894.94,300.90,74.48,217.67,-1,-1,-1,-1
342,4,897.26,309.06,70.12,216.83,-1,-1,-1,-1
343,4,898.43,309.70,69.39,216.16,-1,-1,-1,-1
344,4,900.08,310.34,66.63,216.29,-1,-1,-1,-1
345,4,902.02,318.84,62.82,215.37,-1,-1,-1,-1
346,4,902.00,320.06,62.29,214.82,-1,-1,-1,-1
347,4,903.17,329.67,59.67,215.50,-1,-1,-1,-1
348,4,903.19,329.66,60.13,217.89,-1,-1,-1,-1
349,4,902.80,335.04,71.67,225.91,-1,-1,-1,-1
350,4,902.72,342.78,74.25,226.62,-1,-1,-1,-1
351,4,905.51,343.53,68.23,225.24,-1,-1,-1,-1
352,4,906.25,352.99,67.77,222.44,-1,-1,-1,-1
353,4,906.18,353.45,67.97,223.11,-1,-1,-1,-1
354,4,907.65,363.65,65.24,217.84,-1,-1,-1,-1
355,4,907.26,363.48,66.42,219.32,-1,-1,-1,-1
356,4,908.62,372.98,64.60,219.26,-1,-1,-1,-1
357,4,907.95,371.81,65.35,220.96,-1,-1,-1,-1
358,4,909.94,379.46,62.04,218.55,-1,-1,-1,-1
359,4,914.80,376.73,61.65,221.38,-1,-1,-1,-1
360,4,915.69,376.95,60.83,219.31,-1,-1,-1,-1
361,4,917.79,379.10,58.87,217.92,-1,-1,-1,-1
362,4,916.72,378.02,61.87,224.92,-1,-1,-1,-1
363,4,911.53,385.52,72.82,224.70,-1,-1,-1,-1
338,5,1008.34,690.22,87.80,220.82,-1,-1,-1,-1
339,5,1006.93,690.19,91.21,221.97,-1,-1,-1,-1
358,6,1024.55,714.50,87.52,224.33,-1,-1,-1,-1
359,6,1024.65,721.26,87.47,225.30,-1,-1,-1,-1
360,6,1024.37,712.81,88.22,227.83,-1,-1,-1,-1
361,6,1025.84,720.94,85.85,225.40,-1,-1,-1,-1
363,7,1032.04,719.88,87.81,226.73,-1,-1,-1,-1
364,7,1031.71,719.64,88.79,229.15,-1,-1,-1,-1
365,7,1031.01,719.21,90.79,229.84,-1,-1,-1,-1
366,7,1032.97,721.22,87.21,225.03,-1,-1,-1,-1
367,7,1034.36,720.33,85.07,227.10,-1,-1,-1,-1
368,7,1036.75,720.77,81.30,226.02,-1,-1,-1,-1
369,7,1037.91,720.61,79.49,227.00,-1,-1,-1,-1
370,7,1044.92,721.57,75.83,225.46,-1,-1,-1,-1
371,7,1046.61,721.64,73.51,227.64,-1,-1,-1,-1
372,7,1049.25,721.22,71.22,230.59,-1,-1,-1,-1
373,7,1049.11,720.85,71.09,231.77,-1,-1,-1,-1
374,7,1050.17,721.12,68.97,232.17,-1,-1,-1,-1
375,7,1049.55,720.77,70.87,232.26,-1,-1,-1,-1
376,7,1049.46,722.23,70.77,226.81,-1,-1,-1,-1
377,7,1050.07,722.14,69.88,227.58,-1,-1,-1,-1
378,7,1051.25,722.27,68.91,225.62,-1,-1,-1,-1
379,7,1058.16,723.27,64.69,225.60,-1,-1,-1,-1
380,7,1057.89,723.01,65.98,225.45,-1,-1,-1,-1
381,7,1060.42,723.66,63.12,222.73,-1,-1,-1,-1
382,7,1060.91,723.84,62.16,220.27,-1,-1,-1,-1
383,7,1062.82,724.52,58.64,217.73,-1,-1,-1,-1
384,7,1064.02,725.39,57.66,214.61,-1,-1,-1,-1
385,7,1066.14,725.54,54.91,214.66,-1,-1,-1,-1
386,7,1066.86,724.59,54.08,217.15,-1,-1,-1,-1
387,7,1072.58,724.00,51.22,218.73,-1,-1,-1,-1
388,7,1073.65,725.17,51.26,216.42,-1,-1,-1,-1
389,7,1074.63,725.90,50.86,214.55,-1,-1,-1,-1
390,7,1075.15,725.75,50.56,215.50,-1,-1,-1,-1
391,7,1075.38,724.87,51.05,215.97,-1,-1,-1,-1
392,7,1074.74,717.41,52.58,220.22,-1,-1,-1,-1
393,7,1073.36,716.80,55.28,219.97,-1,-1,-1,-1
394,7,1073.82,715.75,55.38,220.94,-1,-1,-1,-1
395,7,1075.09,717.01,52.28,220.55,-1,-1,-1,-1
396,7,1075.23,716.34,53.29,222.99,-1,-1,-1,-1
397,7,1074.00,715.77,54.91,224.35,-1,-1,-1,-1
398,7,1080.24,714.71,51.41,221.92,-1,-1,-1,-1
399,7,1079.54,705.61,54.11,228.38,-1,-1,-1,-1
400,7,1081.35,708.36,54.20,222.83,-1,-1,-1,-1
401,7,1081.12,707.48,54.86,221.41,-1,-1,-1,-1
402,7,1088.68,706.91,50.62,221.01,-1,-1,-1,-1
403,7,1090.92,708.21,48.45,218.46,-1,-1,-1,-1
404,7,1091.25,708.26,50.49,224.06,-1,-1,-1,-1
405,7,1089.73,708.13,53.95,221.21,-1,-1,-1,-1
406,7,1088.69,707.89,56.57,221.32,-1,-1,-1,-1
407,7,1088.13,706.94,58.39,220.00,-1,-1,-1,-1
408,7,1086.91,700.03,61.22,223.92,-1,-1,-1,-1
409,7,1086.88,699.18,61.89,223.31,-1,-1,-1,-1
410,7,1092.63,698.24,59.44,225.89,-1,-1,-1,-1
411,7,1094.30,698.59,58.61,225.52,-1,-1,-1,-1
412,7,1094.90,697.75,59.82,223.50,-1,-1,-1,-1
413,7,1095.22,691.10,60.34,222.17,-1,-1,-1,-1
414,7,1094.88,690.97,61.73,222.27,-1,-1,-1,-1
415,7,1095.14,691.44,60.92,217.67,-1,-1,-1,-1
416,7,1096.01,690.69,59.61,218.41,-1,-1,-1,-1
417,7,1100.94,682.38,58.62,223.19,-1,-1,-1,-1
418,7,1101.66,682.83,60.00,222.49,-1,-1,-1,-1
419,7,1102.62,682.86,60.85,223.80,-1,-1,-1,-1
420,7,1103.98,682.65,59.48,225.98,-1,-1,-1,-1
421,7,1102.92,681.94,61.66,225.27,-1,-1,-1,-1
422,7,1102.23,674.55,62.28,231.38,-1,-1,-1,-1
423,7,1101.73,674.56,63.13,229.86,-1,-1,-1,-1
424,7,1100.10,673.92,66.97,228.12,-1,-1,-1,-1
425,7,1103.78,666.72,68.93,234.63,-1,-1,-1,-1
426,7,1104.49,666.84,69.63,237.59,-1,-1,-1,-1
427,7,1105.58,666.69,69.17,238.93,-1,-1,-1,-1
428,7,1106.56,664.83,69.06,237.82,-1,-1,-1,-1
429,7,1105.00,656.39,72.60,242.55,-1,-1,-1,-1
430,7,1106.76,657.21,69.38,242.32,-1,-1,-1,-1
431,7,1107.12,657.92,69.04,245.24,-1,-1,-1,-1
432,7,1107.67,658.45,67.29,242.26,-1,-1,-1,-1
433,7,1107.14,650.33,76.75,254.80,-1,-1,-1,-1
434,7,1108.69,650.51,75.50,257.11,-1,-1,-1,-1
435,7,1109.17,649.24,76.74,253.10,-1,-1,-1,-1
436,7,1111.36,650.19,73.43,255.06,-1,-1,-1,-1
437,7,1104.13,638.82,88.39,257.36,-1,-1,-1,-1
438,7,1106.63,639.31,84.38,251.58,-1,-1,-1,-1
439,7,1108.37,639.98,81.48,254.87,-1,-1,-1,-1
440,7,1108.95,639.67,80.56,250.28,-1,-1,-1,-1
441,7,1106.52,629.88,85.20,247.13,-1,-1,-1,-1
442,7,1108.39,630.98,82.28,244.47,-1,-1,-1,-1
443,7,1111.21,620.48,85.49,251.11,-1,-1,-1,-1
444,7,1114.92,621.00,80.64,253.59,-1,-1,-1,-1
445,7,1116.99,618.56,79.23,250.42,-1,-1,-1,-1
446,7,1116.04,609.11,82.22,258.31,-1,-1,-1,-1
447,7,1118.58,608.80,77.38,251.00,-1,-1,-1,-1
448,7,1119.21,608.10,76.75,251.23,-1,-1,-1,-1
449,7,1121.31,600.85,72.11,248.91,-1,-1,-1,-1
450,7,1120.26,599.61,74.97,251.00,-1,-1,-1,-1
451,7,1122.21,590.32,79.33,254.64,-1,-1,-1,-1
452,7,1122.49,588.35,81.21,256.84,-1,-1,-1,-1
453,7,1122.93,587.23,81.71,256.12,-1,-1,-1,-1
454,7,1123.63,579.91,81.17,258.59,-1,-1,-1,-1
455,7,1126.55,580.03,76.02,257.31,-1,-1,-1,-1
456,7,1128.17,571.98,74.15,263.54,-1,-1,-1,-1
457,7,1129.58,571.33,71.24,265.15,-1,-1,-1,-1
458,7,1130.77,573.26,68.63,258.46,-1,-1,-1,-1
459,7,1132.43,567.31,74.29,263.15,-1,-1,-1,-1
460,7,1135.99,567.86,69.44,265.19,-1,-1,-1,-1
461,7,1139.48,566.27,63.51,267.07,-1,-1,-1,-1
462,7,1133.42,556.71,76.71,275.08,-1,-1,-1,-1
463,7,1137.47,557.20,68.97,274.66,-1,-1,-1,-1
464,7,1141.14,557.45,62.50,273.17,-1,-1,-1,-1
465,7,1128.38,548.09,87.21,276.67,-1,-1,-1,-1
466,7,1130.93,545.93,82.79,288.58,-1,-1,-1,-1
467,7,1132.76,544.09,92.29,291.52,-1,-1,-1,-1
490,8,1027.06,722.16,98.26,225.15,-1,-1,-1,-1
