1,1,834.26,172.33,82.77,215.42,-1,-1,-1,-1
2,1,837.88,179.78,76.08,214.96,-1,-1,-1,-1
3,1,838.66,180.66,75.16,214.00,-1,-1,-1,-1
4,1,839.86,181.47,73.44,213.70,-1,-1,-1,-1
5,1,840.76,183.59,72.77,211.79,-1,-1,-1,-1
6,1,840.49,183.80,73.89,210.49,-1,-1,-1,-1
7,1,841.70,189.74,71.31,211.50,-1,-1,-1,-1
8,1,843.01,190.02,69.19,210.67,-1,-1,-1,-1
9,1,848.20,190.31,67.45,212.99,-1,-1,-1,-1
10,1,849.19,189.95,66.78,214.09,-1,-1,-1,-1
11,1,850.87,196.00,65.70,214.27,-1,-1,-1,-1
12,1,851.86,198.10,64.72,212.75,-1,-1,-1,-1
13,1,852.83,203.81,64.66,215.10,-1,-1,-1,-1
14,1,852.58,206.37,63.71,211.49,-1,-1,-1,-1
15,1,852.70,207.81,65.44,211.01,-1,-1,-1,-1
16,1,852.23,214.43,66.23,210.00,-1,-1,-1,-1
17,1,853.72,214.46,72.16,211.04,-1,-1,-1,-1
18,1,853.52,213.01,74.04,213.85,-1,-1,-1,-1
19,1,855.40,213.64,72.61,213.85,-1,-1,-1,-1
20,1,856.65,214.15,71.89,213.80,-1,-1,-1,-1
21,1,856.78,220.29,72.12,213.18,-1,-1,-1,-1
22,1,855.81,220.66,75.21,214.39,-1,-1,-1,-1
23,1,856.83,228.10,73.17,214.35,-1,-1,-1,-1
24,1,858.34,230.28,79.53,212.97,-1,-1,-1,-1
25,1,860.79,236.02,76.40,213.88,-1,-1,-1,-1
26,1,862.70,235.52,75.03,215.47,-1,-1,-1,-1
27,1,864.60,236.87,72.49,215.84,-1,-1,-1,-1
28,1,866.65,236.41,69.14,217.85,-1,-1,-1,-1
29,1,864.21,243.94,73.27,217.35,-1,-1,-1,-1
30,1,869.54,250.88,73.15,217.42,-1,-1,-1,-1
31,1,869.55,252.24,73.82,215.89,-1,-1,-1,-1
32,1,871.16,259.04,72.01,215.73,-1,-1,-1,-1
33,1,870.04,253.98,76.24,214.93,-1,-1,-1,-1
34,1,869.37,260.79,78.53,215.71,-1,-1,-1,-1
35,1,869.94,261.39,77.90,216.27,-1,-1,-1,-1
36,1,869.60,267.94,78.53,215.21,-1,-1,-1,-1
37,1,876.75,267.89,75.42,218.34,-1,-1,-1,-1
38,1,878.23,274.66,73.97,218.40,-1,-1,-1,-1
39,1,878.81,273.71,72.70,219.54,-1,-1,-1,-1
40,1,880.05,282.42,71.96,216.84,-1,-1,-1,-1
41,1,880.48,282.40,72.60,219.73,-1,-1,-1,-1
42,1,881.43,283.31,70.86,219.56,-1,-1,-1,-1
43,1,881.19,289.46,70.75,218.91,-1,-1,-1,-1
44,1,880.12,290.17,73.11,218.47,-1,-1,-1,-1
45,1,881.11,293.32,71.95,216.42,-1,-1,-1,-1
46,1,880.76,299.56,72.40,217.21,-1,-1,-1,-1
47,1,879.93,299.98,74.27,216.23,-1,-1,-1,-1
48,1,885.62,307.04,73.24,216.74,-1,-1,-1,-1
49,1,889.05,307.70,68.55,217.79,-1,-1,-1,-1
50,1,889.00,309.27,69.40,216.46,-1,-1,-1,-1
51,1,891.56,316.38,65.71,214.75,-1,-1,-1,-1
52,1,892.15,316.84,65.07,214.29,-1,-1,-1,-1
53,1,891.28,317.94,67.63,214.24,-1,-1,-1,-1
54,1,894.94,325.85,70.81,214.69,-1,-1,-1,-1
55,1,893.49,325.42,74.27,215.97,-1,-1,-1,-1
56,1,896.80,334.51,68.78,214.08,-1,-1,-1,-1
57,1,898.35,336.12,66.44,212.87,-1,-1,-1,-1
58,1,899.20,342.87,65.28,211.60,-1,-1,-1,-1
59,1,900.21,344.60,63.83,213.54,-1,-1,-1,-1
60,1,899.36,344.75,66.64,211.06,-1,-1,-1,-1
61,1,898.71,352.75,68.51,208.73,-1,-1,-1,-1
62,1,897.81,352.74,70.84,209.77,-1,-1,-1,-1
63,1,902.92,359.47,70.54,212.43,-1,-1,-1,-1
64,1,902.22,359.17,73.16,213.47,-1,-1,-1,-1
65,1,904.83,366.04,70.33,213.39,-1,-1,-1,-1
66,1,907.47,368.55,65.82,212.16,-1,-1,-1,-1
67,1,905.35,374.25,71.38,212.86,-1,-1,-1,-1
68,1,905.34,376.04,72.26,213.53,-1,-1,-1,-1
69,1,903.82,383.02,74.53,210.92,-1,-1,-1,-1
70,1,906.56,383.66,79.52,213.58,-1,-1,-1,-1
71,1,907.03,389.92,80.02,214.95,-1,-1,-1,-1
72,1,906.63,389.28,82.05,214.90,-1,-1,-1,-1
73,1,907.08,389.94,82.31,217.05,-1,-1,-1,-1
74,1,908.09,396.63,80.89,216.07,-1,-1,-1,-1
75,1,908.19,396.40,81.81,221.56,-1,-1,-1,-1
76,1,908.75,403.94,80.38,219.02,-1,-1,-1,-1
77,1,907.31,404.90,83.57,219.06,-1,-1,-1,-1
78,1,909.40,405.34,79.77,220.01,-1,-1,-1,-1
79,1,911.64,411.31,86.48,220.31,-1,-1,-1,-1
80,1,912.13,411.63,86.14,221.77,-1,-1,-1,-1
81,1,913.57,419.35,86.03,220.46,-1,-1,-1,-1
82,1,913.98,419.23,86.53,223.57,-1,-1,-1,-1
83,1,913.04,425.28,88.09,222.33,-1,-1,-1,-1
84,1,919.95,426.31,86.24,226.71,-1,-1,-1,-1
85,1,922.26,433.64,81.83,227.79,-1,-1,-1,-1
86,1,923.60,434.23,81.93,228.61,-1,-1,-1,-1
87,1,927.03,441.24,75.17,230.32,-1,-1,-1,-1
88,1,926.64,442.22,77.43,229.86,-1,-1,-1,-1
89,1,927.53,448.89,75.41,228.36,-1,-1,-1,-1
90,1,931.12,449.41,79.27,228.38,-1,-1,-1,-1
91,1,931.80,456.40,78.82,227.58,-1,-1,-1,-1
92,1,932.73,457.16,79.81,228.91,-1,-1,-1,-1
93,1,932.48,464.30,80.74,229.59,-1,-1,-1,-1
94,1,931.32,464.92,83.25,228.93,-1,-1,-1,-1
95,1,930.14,464.83,86.32,229.12,-1,-1,-1,-1
96,1,929.84,470.86,86.51,229.17,-1,-1,-1,-1
97,1,935.73,478.49,86.03,230.09,-1,-1,-1,-1
98,1,937.37,479.25,84.54,231.41,-1,-1,-1,-1
99,1,938.47,479.85,83.07,231.90,-1,-1,-1,-1
100,1,938.06,486.43,84.57,232.40,-1,-1,-1,-1
101,1,937.60,486.64,86.53,234.33,-1,-1,-1,-1
102,1,943.24,487.96,87.00,236.19,-1,-1,-1,-1
103,1,944.09,495.98,86.04,232.52,-1,-1,-1,-1
104,1,944.69,503.40,85.61,229.34,-1,-1,-1,-1
105,1,943.51,504.77,88.29,227.55,-1,-1,-1,-1
106,1,944.11,512.32,88.69,227.98,-1,-1,-1,-1
107,1,945.51,513.33,86.63,228.74,-1,-1,-1,-1
108,1,945.78,514.60,86.08,227.95,-1,-1,-1,-1
109,1,945.93,520.37,85.84,230.33,-1,-1,-1,-1
110,1,945.60,521.05,86.61,230.54,-1,-1,-1,-1
111,1,943.92,528.88,89.82,226.03,-1,-1,-1,-1
112,1,944.49,530.05,88.96,225.02,-1,-1,-1,-1
113,1,945.01,537.14,87.55,221.89,-1,-1,-1,-1
114,1,950.79,537.07,88.59,226.72,-1,-1,-1,-1
115,1,949.75,538.63,90.91,224.35,-1,-1,-1,-1
116,1,949.65,544.14,92.87,224.79,-1,-1,-1,-1
117,1,949.59,544.73,94.94,225.77,-1,-1,-1,-1
118,1,951.03,551.05,91.21,226.26,-1,-1,-1,-1
119,1,950.63,552.23,92.77,228.10,-1,-1,-1,-1
120,1,950.23,558.77,93.74,226.34,-1,-1,-1,-1
121,1,950.12,559.48,93.94,226.89,-1,-1,-1,-1
122,1,950.96,560.07,92.54,226.63,-1,-1,-1,-1
123,1,956.03,565.80,93.36,228.57,-1,-1,-1,-1
124,1,954.83,566.52,96.50,227.80,-1,-1,-1,-1
125,1,957.51,573.06,93.09,228.76,-1,-1,-1,-1
126,1,957.06,573.92,94.62,228.22,-1,-1,-1,-1
127,1,959.80,580.53,90.13,229.87,-1,-1,-1,-1
128,1,959.61,580.57,90.89,230.92,-1,-1,-1,-1
129,1,960.08,587.81,89.91,229.82,-1,-1,-1,-1
130,1,961.08,588.08,88.18,229.96,-1,-1,-1,-1
131,1,962.73,590.14,85.38,228.93,-1,-1,-1,-1
132,1,963.29,590.65,84.42,229.00,-1,-1,-1,-1
133,1,968.83,598.86,84.09,225.49,-1,-1,-1,-1
134,1,969.38,599.07,83.97,225.52,-1,-1,-1,-1
135,1,970.13,608.14,84.63,222.61,-1,-1,-1,-1
136,1,969.66,608.61,86.52,223.14,-1,-1,-1,-1
137,1,971.31,610.31,83.59,222.20,-1,-1,-1,-1
138,1,973.43,616.68,78.84,222.75,-1,-1,-1,-1
139,1,975.11,626.06,75.92,218.32,-1,-1,-1,-1
140,1,974.73,626.15,77.10,217.33,-1,-1,-1,-1
141,1,975.86,628.65,75.12,215.29,-1,-1,-1,-1
142,1,981.76,629.29,73.67,215.21,-1,-1,-1,-1
143,1,983.65,637.12,71.11,212.32,-1,-1,-1,-1
144,1,984.29,636.97,72.49,216.19,-1,-1,-1,-1
145,1,983.67,645.17,73.99,211.46,-1,-1,-1,-1
146,1,983.35,644.54,75.26,212.99,-1,-1,-1,-1
147,1,989.09,646.71,75.07,212.30,-1,-1,-1,-1
148,1,990.23,646.12,74.08,214.83,-1,-1,-1,-1
149,1,992.24,652.17,70.76,213.81,-1,-1,-1,-1
150,1,992.88,659.84,70.85,214.66,-1,-1,-1,-1
151,1,991.89,658.96,73.14,216.68,-1,-1,-1,-1
152,1,992.19,661.33,73.79,215.18,-1,-1,-1,-1
153,1,992.81,662.18,72.65,215.46,-1,-1,-1,-1
154,1,992.82,668.34,72.31,213.63,-1,-1,-1,-1
155,1,991.76,669.00,74.80,213.98,-1,-1,-1,-1
156,1,992.04,670.48,74.47,212.16,-1,-1,-1,-1
157,1,992.03,672.47,74.80,211.00,-1,-1,-1,-1
158,1,997.49,679.54,73.76,207.58,-1,-1,-1,-1
159,1,998.00,680.38,74.20,207.11,-1,-1,-1,-1
160,1,999.28,680.52,73.56,207.80,-1,-1,-1,-1
161,1,1000.20,682.18,72.78,207.73,-1,-1,-1,-1
162,1,1000.00,687.22,74.22,206.61,-1,-1,-1,-1
163,1,999.92,687.86,75.04,207.03,-1,-1,-1,-1
164,1,1000.52,688.73,74.02,206.28,-1,-1,-1,-1
165,1,1004.40,690.39,76.12,206.42,-1,-1,-1,-1
166,1,1007.86,696.52,71.35,206.61,-1,-1,-1,-1
167,1,1008.53,696.37,70.94,205.82,-1,-1,-1,-1
168,1,1010.33,697.62,67.73,206.25,-1,-1,-1,-1
169,1,1011.13,699.42,67.83,205.08,-1,-1,-1,-1
170,1,1011.48,703.01,66.54,208.38,-1,-1,-1,-1
171,1,1010.54,702.53,69.13,209.80,-1,-1,-1,-1
172,1,1010.48,702.45,69.49,209.38,-1,-1,-1,-1
173,1,1009.98,704.34,71.13,208.08,-1,-1,-1,-1
174,1,1015.98,705.72,69.78,207.61,-1,-1,-1,-1
175,1,1015.30,706.40,71.18,207.18,-1,-1,-1,-1
176,1,1017.77,707.10,69.21,206.46,-1,-1,-1,-1
177,1,1018.45,712.56,69.24,206.32,-1,-1,-1,-1
178,1,1018.11,713.83,70.13,206.31,-1,-1,-1,-1
179,1,1018.98,715.24,68.90,205.60,-1,-1,-1,-1
180,1,1019.06,720.94,68.79,203.99,-1,-1,-1,-1
181,1,1018.41,716.26,70.40,203.90,-1,-1,-1,-1
182,1,1018.12,719.91,71.32,204.78,-1,-1,-1,-1
183,1,1019.01,720.95,69.59,202.72,-1,-1,-1,-1
184,1,1023.55,724.48,69.97,201.16,-1,-1,-1,-1
185,1,1023.19,724.78,72.05,200.94,-1,-1,-1,-1
186,1,1023.68,725.24,73.15,201.05,-1,-1,-1,-1
187,1,1023.17,726.09,75.60,199.46,-1,-1,-1,-1
188,1,1024.29,730.80,74.05,199.33,-1,-1,-1,-1
189,1,1023.66,731.16,75.28,198.99,-1,-1,-1,-1
190,1,1024.16,732.95,74.95,198.37,-1,-1,-1,-1
191,1,1029.77,733.73,73.37,198.67,-1,-1,-1,-1
192,1,1028.82,732.30,76.72,199.86,-1,-1,-1,-1
193,1,1031.25,734.52,74.83,198.96,-1,-1,-1,-1
194,1,1031.86,737.98,74.01,200.35,-1,-1,-1,-1
195,1,1030.95,737.63,76.55,201.26,-1,-1,-1,-1
196,1,1030.78,738.15,77.44,200.31,-1,-1,-1,-1
197,1,1036.52,734.44,74.62,199.37,-1,-1,-1,-1
198,1,1037.16,739.24,75.28,200.63,-1,-1,-1,-1
199,1,1038.00,739.38,74.66,200.77,-1,-1,-1,-1
200,1,1039.38,739.63,73.38,201.73,-1,-1,-1,-1
201,1,1040.03,740.03,73.90,201.39,-1,-1,-1,-1
202,1,1039.71,739.77,73.66,201.80,-1,-1,-1,-1
203,1,1038.97,740.29,76.64,201.26,-1,-1,-1,-1
204,1,1039.29,739.78,76.16,201.89,-1,-1,-1,-1
205,1,1045.92,741.10,72.66,201.12,-1,-1,-1,-1
206,1,1044.89,741.15,74.80,200.30,-1,-1,-1,-1
207,1,1046.38,742.24,75.21,200.01,-1,-1,-1,-1
208,1,1046.91,742.63,74.83,199.44,-1,-1,-1,-1
209,1,1046.76,745.59,75.81,200.27,-1,-1,-1,-1
210,1,1048.21,742.66,74.29,199.67,-1,-1,-1,-1
211,1,1047.83,742.10,75.21,200.05,-1,-1,-1,-1
212,1,1047.90,742.16,75.01,199.89,-1,-1,-1,-1
213,1,1048.81,738.38,73.85,201.69,-1,-1,-1,-1
214,1,1048.82,737.49,74.05,203.01,-1,-1,-1,-1
215,1,1053.56,738.64,73.68,202.65,-1,-1,-1,-1
216,1,1052.56,737.69,76.02,202.85,-1,-1,-1,-1
217,1,1054.76,740.25,74.26,202.06,-1,-1,-1,-1
218,1,1054.19,740.98,75.29,201.49,-1,-1,-1,-1
219,1,1055.51,741.40,73.25,202.02,-1,-1,-1,-1
220,1,1055.40,737.44,74.90,201.89,-1,-1,-1,-1
221,1,1055.86,738.03,74.55,201.83,-1,-1,-1,-1
222,1,1056.09,737.20,74.37,202.41,-1,-1,-1,-1
223,1,1055.45,732.52,76.48,203.51,-1,-1,-1,-1
224,1,1055.13,737.04,77.14,202.94,-1,-1,-1,-1
225,1,1060.64,736.14,75.16,204.57,-1,-1,-1,-1
226,1,1061.76,730.52,75.35,204.31,-1,-1,-1,-1
227,1,1062.96,730.71,75.24,204.37,-1,-1,-1,-1
228,1,1063.76,731.10,74.97,204.46,-1,-1,-1,-1
229,1,1064.31,730.69,73.92,206.45,-1,-1,-1,-1
230,1,1062.91,726.70,76.50,207.26,-1,-1,-1,-1
231,1,1063.30,721.82,76.34,207.90,-1,-1,-1,-1
232,1,1064.06,722.05,75.31,208.12,-1,-1,-1,-1
233,1,1063.00,720.92,77.69,208.20,-1,-1,-1,-1
234,1,1069.67,727.36,73.62,206.60,-1,-1,-1,-1
235,1,1068.12,721.57,77.68,207.67,-1,-1,-1,-1
236,1,1071.19,720.92,74.65,207.41,-1,-1,-1,-1
237,1,1071.63,721.57,74.86,206.33,-1,-1,-1,-1
238,1,1071.56,721.34,75.66,206.73,-1,-1,-1,-1
239,1,1071.95,713.36,75.55,208.74,-1,-1,-1,-1
240,1,1071.95,719.38,75.90,206.90,-1,-1,-1,-1
241,1,1071.70,712.94,76.09,208.53,-1,-1,-1,-1
242,1,1076.01,711.57,76.60,207.64,-1,-1,-1,-1
243,1,1076.82,711.38,76.58,207.55,-1,-1,-1,-1
244,1,1077.58,705.49,76.99,208.70,-1,-1,-1,-1
245,1,1079.70,711.25,74.72,207.11,-1,-1,-1,-1
246,1,1079.68,705.61,76.26,208.49,-1,-1,-1,-1
247,1,1078.12,703.53,78.64,208.84,-1,-1,-1,-1
248,1,1077.72,702.46,78.75,210.23,-1,-1,-1,-1
249,1,1076.65,696.16,81.43,210.55,-1,-1,-1,-1
250,1,1082.58,695.67,80.06,212.72,-1,-1,-1,-1
251,1,1081.75,695.22,82.61,210.35,-1,-1,-1,-1
252,1,1083.31,695.08,81.81,210.32,-1,-1,-1,-1
253,1,1083.89,693.94,80.58,209.63,-1,-1,-1,-1
254,1,1084.70,692.76,81.05,210.39,-1,-1,-1,-1
255,1,1085.90,688.53,77.71,212.00,-1,-1,-1,-1
256,1,1087.37,688.49,75.00,210.05,-1,-1,-1,-1
257,1,1088.73,687.51,72.65,208.96,-1,-1,-1,-1
258,1,1094.29,679.11,72.72,210.62,-1,-1,-1,-1
259,1,1094.18,677.36,73.64,211.23,-1,-1,-1,-1
260,1,1095.07,679.13,75.57,210.44,-1,-1,-1,-1
261,1,1096.06,676.30,73.08,212.16,-1,-1,-1,-1
262,1,1095.17,670.38,75.90,213.04,-1,-1,-1,-1
263,1,1095.57,667.99,75.36,214.48,-1,-1,-1,-1
264,1,1097.85,668.05,70.73,214.74,-1,-1,-1,-1
265,1,1095.79,666.60,75.11,215.89,-1,-1,-1,-1
266,1,1100.15,666.05,75.70,216.82,-1,-1,-1,-1
267,1,1101.40,663.09,74.22,214.00,-1,-1,-1,-1
268,1,1104.71,659.09,70.38,215.09,-1,-1,-1,-1
269,1,1103.52,654.45,73.62,213.28,-1,-1,-1,-1
270,1,1104.76,653.34,72.14,213.55,-1,-1,-1,-1
271,1,1104.66,652.80,72.53,213.99,-1,-1,-1,-1
272,1,1102.49,647.25,77.35,212.58,-1,-1,-1,-1
273,1,1105.41,646.12,71.35,214.32,-1,-1,-1,-1
274,1,1104.74,644.43,73.52,215.15,-1,-1,-1,-1
275,1,1108.85,636.38,75.08,217.85,-1,-1,-1,-1
276,1,1109.32,634.91,76.39,220.61,-1,-1,-1,-1
277,1,1110.66,632.04,75.73,220.70,-1,-1,-1,-1
278,1,1109.91,626.47,78.36,223.09,-1,-1,-1,-1
279,1,1111.03,622.80,76.52,225.48,-1,-1,-1,-1
280,1,1109.40,623.48,79.78,224.39,-1,-1,-1,-1
281,1,1113.62,617.18,82.15,221.88,-1,-1,-1,-1
282,1,1114.23,616.65,82.25,223.52,-1,-1,-1,-1
283,1,1115.92,608.60,80.09,226.14,-1,-1,-1,-1
284,1,1117.28,606.79,78.11,227.69,-1,-1,-1,-1
285,1,1117.69,604.80,76.28,228.55,-1,-1,-1,-1
286,1,1116.62,598.36,78.66,229.34,-1,-1,-1,-1
287,1,1117.25,596.31,78.79,229.52,-1,-1,-1,-1
288,1,1118.34,589.97,76.41,230.22,-1,-1,-1,-1
289,1,1118.68,589.67,76.86,231.22,-1,-1,-1,-1
290,1,1118.28,587.15,78.04,232.45,-1,-1,-1,-1
291,1,1117.21,586.45,80.48,233.25,-1,-1,-1,-1
292,1,1118.16,581.19,78.19,228.15,-1,-1,-1,-1
293,1,1122.48,575.07,80.22,229.25,-1,-1,-1,-1
294,1,1123.19,573.01,81.38,228.40,-1,-1,-1,-1
295,1,1124.54,566.67,79.75,230.58,-1,-1,-1,-1
296,1,1124.67,566.10,80.81,232.30,-1,-1,-1,-1
297,1,1127.56,564.49,86.39,229.44,-1,-1,-1,-1
298,1,1127.98,557.93,87.16,232.29,-1,-1,-1,-1
299,1,1131.60,556.07,82.43,233.16,-1,-1,-1,-1
300,1,1130.10,549.38,85.94,233.09,-1,-1,-1,-1
301,1,1130.49,549.10,85.32,231.71,-1,-1,-1,-1
302,1,1130.26,548.57,85.47,228.75,-1,-1,-1,-1
303,1,1131.05,542.62,84.90,231.20,-1,-1,-1,-1
304,1,1131.10,542.95,84.34,227.84,-1,-1,-1,-1
305,1,1129.66,534.56,87.47,230.85,-1,-1,-1,-1
306,1,1130.12,533.95,86.94,227.13,-1,-1,-1,-1
307,1,1135.16,533.23,86.97,227.31,-1,-1,-1,-1
308,1,1135.10,527.70,88.45,227.35,-1,-1,-1,-1
309,1,1137.68,525.81,86.47,228.04,-1,-1,-1,-1
310,1,1137.65,525.41,86.53,226.76,-1,-1,-1,-1
311,1,1138.24,520.10,86.55,224.73,-1,-1,-1,-1
312,1,1138.39,512.65,86.07,224.48,-1,-1,-1,-1
313,1,1143.59,513.57,86.03,221.59,-1,-1,-1,-1
314,1,1142.55,506.20,89.72,220.18,-1,-1,-1,-1
315,1,1143.86,505.86,87.95,218.16,-1,-1,-1,-1
316,1,1144.65,505.28,87.92,218.43,-1,-1,-1,-1
317,1,1145.34,500.32,87.82,218.19,-1,-1,-1,-1
318,1,1151.81,492.53,85.36,217.69,-1,-1,-1,-1
319,1,1151.21,490.54,87.47,216.67,-1,-1,-1,-1
320,1,1152.42,484.57,86.94,217.48,-1,-1,-1,-1
321,1,1152.18,484.10,88.54,217.18,-1,-1,-1,-1
322,1,1152.93,475.66,87.98,217.80,-1,-1,-1,-1
323,1,1152.89,475.96,88.71,218.30,-1,-1,-1,-1
324,1,1157.91,468.32,89.68,216.76,-1,-1,-1,-1
325,1,1160.07,466.98,87.03,217.03,-1,-1,-1,-1
326,1,1159.47,460.56,88.62,217.75,-1,-1,-1,-1
327,1,1160.50,459.29,87.40,215.85,-1,-1,-1,-1
328,1,1160.03,451.88,88.88,220.13,-1,-1,-1,-1
329,1,1160.89,451.80,88.79,218.30,-1,-1,-1,-1
330,1,1160.11,442.72,90.27,222.70,-1,-1,-1,-1
331,1,1159.63,442.41,91.53,222.95,-1,-1,-1,-1
332,1,1158.84,441.30,92.82,221.05,-1,-1,-1,-1
333,1,1159.17,434.90,91.54,220.20,-1,-1,-1,-1
334,1,1163.70,432.53,94.31,222.10,-1,-1,-1,-1
335,1,1163.61,426.01,95.11,223.89,-1,-1,-1,-1
336,1,1164.88,426.04,93.46,222.00,-1,-1,-1,-1
337,1,1165.38,419.75,93.34,220.01,-1,-1,-1,-1
338,1,1166.98,419.10,91.07,220.67,-1,-1,-1,-1
339,1,1167.75,417.05,90.60,219.09,-1,-1,-1,-1
340,1,1168.70,416.61,89.25,219.73,-1,-1,-1,-1
341,1,1170.53,410.12,85.79,218.73,-1,-1,-1,-1
342,1,1169.38,403.34,88.32,220.13,-1,-1,-1,-1
343,1,1170.93,402.68,85.54,219.86,-1,-1,-1,-1
344,1,1170.36,396.26,86.32,218.07,-1,-1,-1,-1
345,1,1174.39,395.83,88.55,217.98,-1,-1,-1,-1
346,1,1176.08,394.81,86.89,214.91,-1,-1,-1,-1
347,1,1176.92,389.36,86.43,215.08,-1,-1,-1,-1
348,1,1178.35,388.27,85.30,214.25,-1,-1,-1,-1
349,1,1178.17,382.33,86.56,215.46,-1,-1,-1,-1
350,1,1179.21,380.88,84.42,213.32,-1,-1,-1,-1
351,1,1179.66,374.02,83.66,214.46,-1,-1,-1,-1
352,1,1181.34,372.74,80.43,212.20,-1,-1,-1,-1
353,1,1181.85,372.22,79.77,211.95,-1,-1,-1,-1
354,1,1186.81,366.16,80.26,208.94,-1,-1,-1,-1
355,1,1187.38,365.47,81.33,210.26,-1,-1,-1,-1
356,1,1190.09,358.52,77.59,209.62,-1,-1,-1,-1
357,1,1192.08,357.33,74.27,209.56,-1,-1,-1,-1
358,1,1192.37,351.81,74.63,209.33,-1,-1,-1,-1
359,1,1192.32,350.92,74.90,209.34,-1,-1,-1,-1
360,1,1196.99,345.07,73.94,209.07,-1,-1,-1,-1
361,1,1197.53,343.57,74.58,210.42,-1,-1,-1,-1
362,1,1198.34,336.73,72.72,209.98,-1,-1,-1,-1
363,1,1199.92,335.66,71.82,210.99,-1,-1,-1,-1
364,1,1202.22,334.87,68.74,207.58,-1,-1,-1,-1
365,1,1203.89,330.58,65.89,205.56,-1,-1,-1,-1
366,1,1204.73,327.95,64.98,205.38,-1,-1,-1,-1
367,1,1208.87,321.49,66.76,203.10,-1,-1,-1,-1
368,1,1209.06,320.18,68.35,205.51,-1,-1,-1,-1
369,1,1210.14,319.87,68.73,205.02,-1,-1,-1,-1
370,1,1210.81,312.69,68.36,205.44,-1,-1,-1,-1
371,1,1210.53,307.37,69.31,203.88,-1,-1,-1,-1
372,1,1210.89,305.92,69.25,203.62,-1,-1,-1,-1
373,1,1210.06,304.65,70.55,204.03,-1,-1,-1,-1
374,1,1215.02,299.14,70.49,203.07,-1,-1,-1,-1
375,1,1216.27,297.28,69.36,204.67,-1,-1,-1,-1
376,1,1218.78,291.28,66.29,204.52,-1,-1,-1,-1
377,1,1218.85,290.24,66.91,203.63,-1,-1,-1,-1
378,1,1219.08,289.54,66.44,202.28,-1,-1,-1,-1
379,1,1224.78,285.44,67.95,201.30,-1,-1,-1,-1
380,1,1226.17,276.18,65.44,202.22,-1,-1,-1,-1
381,1,1228.82,277.31,61.93,200.98,-1,-1,-1,-1
382,1,1228.47,275.54,61.59,201.45,-1,-1,-1,-1
383,1,1228.93,271.04,61.64,195.54,-1,-1,-1,-1
384,1,1228.62,270.62,63.42,196.08,-1,-1,-1,-1
385,1,1229.48,269.54,62.57,196.25,-1,-1,-1,-1
386,1,1229.35,262.19,63.90,196.82,-1,-1,-1,-1
387,1,1229.02,262.96,64.46,196.53,-1,-1,-1,-1
388,1,1229.75,260.62,63.96,196.73,-1,-1,-1,-1
389,1,1234.04,254.58,63.51,197.25,-1,-1,-1,-1
390,1,1234.00,251.74,65.03,199.99,-1,-1,-1,-1
391,1,1235.35,245.53,63.81,197.53,-1,-1,-1,-1
392,1,1236.72,246.82,62.90,196.54,-1,-1,-1,-1
393,1,1237.03,244.21,64.32,198.45,-1,-1,-1,-1
394,1,1236.07,243.39,66.08,199.18,-1,-1,-1,-1
395,1,1236.96,237.81,63.55,199.01,-1,-1,-1,-1
396,1,1237.36,235.97,64.19,199.79,-1,-1,-1,-1
397,1,1237.69,230.14,63.56,197.94,-1,-1,-1,-1
398,1,1238.04,229.41,63.17,198.35,-1,-1,-1,-1
399,1,1237.75,228.21,63.87,197.38,-1,-1,-1,-1
400,1,1238.91,228.43,61.87,197.50,-1,-1,-1,-1
401,1,1242.44,223.36,62.92,197.42,-1,-1,-1,-1
402,1,1242.59,219.28,63.69,201.13,-1,-1,-1,-1
403,1,1245.17,213.04,61.36,199.14,-1,-1,-1,-1
404,1,1246.53,211.89,59.92,198.42,-1,-1,-1,-1
405,1,1249.25,212.34,55.62,196.57,-1,-1,-1,-1
406,1,1249.56,211.80,56.48,198.84,-1,-1,-1,-1
407,1,1250.40,211.99,54.79,197.28,-1,-1,-1,-1
408,1,1250.73,202.65,54.47,200.55,-1,-1,-1,-1
409,1,1253.82,202.56,55.29,202.84,-1,-1,-1,-1
410,1,1254.55,192.79,54.99,206.51,-1,-1,-1,-1
411,1,1257.37,194.79,53.39,205.21,-1,-1,-1,-1
412,1,1257.99,193.62,53.40,205.20,-1,-1,-1,-1
413,1,1258.70,192.89,52.89,205.14,-1,-1,-1,-1
414,1,1257.51,186.54,56.57,205.16,-1,-1,-1,-1
415,1,1264.34,186.33,51.02,206.01,-1,-1,-1,-1
416,1,1265.69,185.18,48.20,204.72,-1,-1,-1,-1
417,1,1267.76,186.10,46.23,202.02,-1,-1,-1,-1
418,1,1269.08,186.95,44.93,199.97,-1,-1,-1,-1
419,1,1271.36,187.67,40.60,197.73,-1,-1,-1,-1
420,1,1271.32,181.96,41.40,197.17,-1,-1,-1,-1
421,1,1271.33,181.81,42.72,194.18,-1,-1,-1,-1
422,1,1270.48,180.60,45.95,195.79,-1,-1,-1,-1
423,1,1270.25,174.20,47.32,199.12,-1,-1,-1,-1
424,1,1271.38,179.50,44.71,198.60,-1,-1,-1,-1
425,1,1273.24,172.97,40.24,197.71,-1,-1,-1,-1
426,1,1277.04,171.42,40.84,202.33,-1,-1,-1,-1
427,1,1278.74,162.14,37.31,205.65,-1,-1,-1,-1
428,1,1280.61,164.52,33.75,200.87,-1,-1,-1,-1
429,1,1280.91,166.04,37.20,199.14,-1,-1,-1,-1
430,1,1281.47,165.82,35.89,195.57,-1,-1,-1,-1
431,1,1281.71,165.10,36.35,195.89,-1,-1,-1,-1
432,1,1281.56,164.50,39.24,197.80,-1,-1,-1,-1
433,1,1281.45,165.20,40.05,195.86,-1,-1,-1,-1
434,1,1281.66,164.76,39.97,196.85,-1,-1,-1,-1
435,1,1285.67,155.07,40.23,200.85,-1,-1,-1,-1
436,1,1286.23,157.04,39.96,198.17,-1,-1,-1,-1
437,1,1286.18,158.81,45.65,197.29,-1,-1,-1,-1
438,1,1287.78,159.37,40.54,193.18,-1,-1,-1,-1
439,1,1287.92,157.73,42.27,196.20,-1,-1,-1,-1
440,1,1286.32,151.09,47.03,196.72,-1,-1,-1,-1
441,1,1292.37,150.19,41.97,198.47,-1,-1,-1,-1
442,1,1292.90,148.87,41.61,197.75,-1,-1,-1,-1
443,1,1295.16,149.96,39.12,196.40,-1,-1,-1,-1
444,1,1295.58,149.31,39.84,195.23,-1,-1,-1,-1
445,1,1296.29,149.75,39.69,193.69,-1,-1,-1,-1
446,1,1296.13,149.34,42.25,196.86,-1,-1,-1,-1
447,1,1295.67,149.50,43.53,196.91,-1,-1,-1,-1
448,1,1295.68,143.12,44.32,196.40,-1,-1,-1,-1
449,1,1300.47,142.87,42.08,198.13,-1,-1,-1,-1
450,1,1299.55,147.51,45.48,200.15,-1,-1,-1,-1
451,1,1301.33,148.43,43.88,198.43,-1,-1,-1,-1
452,1,1303.08,148.92,40.64,196.00,-1,-1,-1,-1
453,1,1302.51,142.09,43.78,197.67,-1,-1,-1,-1
454,1,1301.06,145.32,48.71,204.30,-1,-1,-1,-1
455,1,1300.93,140.22,48.05,201.63,-1,-1,-1,-1
456,1,1305.69,139.46,46.99,204.15,-1,-1,-1,-1
457,1,1307.02,141.12,44.95,200.26,-1,-1,-1,-1
458,1,1309.75,142.56,40.92,197.91,-1,-1,-1,-1
459,1,1311.74,143.17,39.76,196.88,-1,-1,-1,-1
460,1,1312.68,142.95,37.68,194.96,-1,-1,-1,-1
461,1,1312.26,142.90,39.55,195.36,-1,-1,-1,-1
462,1,1312.10,144.26,40.45,192.20,-1,-1,-1,-1
463,1,1311.44,142.01,44.49,198.16,-1,-1,-1,-1
464,1,1310.51,142.38,45.26,195.25,-1,-1,-1,-1
465,1,1309.76,142.21,48.11,197.63,-1,-1,-1,-1
466,1,1308.71,142.32,49.73,197.20,-1,-1,-1,-1
467,1,1314.15,141.97,46.97,198.19,-1,-1,-1,-1
468,1,1313.64,147.63,50.49,200.24,-1,-1,-1,-1
469,1,1316.99,143.87,45.75,195.48,-1,-1,-1,-1
470,1,1317.10,148.75,46.68,197.53,-1,-1,-1,-1
471,1,1316.83,144.03,47.65,194.96,-1,-1,-1,-1
472,1,1317.13,142.98,49.17,197.47,-1,-1,-1,-1
473,1,1321.92,148.72,48.53,200.32,-1,-1,-1,-1
474,1,1321.68,147.71,50.32,200.61,-1,-1,-1,-1
475,1,1323.28,148.46,47.87,198.80,-1,-1,-1,-1
476,1,1321.07,152.76,55.04,205.50,-1,-1,-1,-1
477,1,1323.41,150.18,49.57,197.90,-1,-1,-1,-1
478,1,1322.59,150.05,51.76,198.01,-1,-1,-1,-1
479,1,1323.64,153.20,51.05,204.85,-1,-1,-1,-1
480,1,1325.39,155.56,47.40,200.80,-1,-1,-1,-1
481,1,1330.60,156.40,45.95,201.07,-1,-1,-1,-1
482,1,1331.63,154.77,43.91,201.96,-1,-1,-1,-1
483,1,1333.26,156.13,43.23,200.17,-1,-1,-1,-1
484,1,1332.11,156.05,48.51,203.20,-1,-1,-1,-1
485,1,1333.05,156.15,47.49,201.73,-1,-1,-1,-1
486,1,1330.95,161.53,52.74,204.24,-1,-1,-1,-1
487,1,1331.60,161.64,52.01,202.67,-1,-1,-1,-1
488,1,1333.54,162.23,56.11,203.75,-1,-1,-1,-1
489,1,1335.62,161.52,53.07,204.74,-1,-1,-1,-1
490,1,1337.59,162.86,52.59,203.95,-1,-1,-1,-1
491,1,1337.55,162.63,53.43,205.02,-1,-1,-1,-1
492,1,1338.70,162.26,51.92,205.38,-1,-1,-1,-1
493,1,1338.65,168.76,52.54,205.74,-1,-1,-1,-1
494,1,1338.26,168.92,54.53,205.68,-1,-1,-1,-1
495,1,1337.94,171.65,55.17,202.47,-1,-1,-1,-1
496,1,1338.72,171.73,53.42,201.84,-1,-1,-1,-1
497,1,1344.07,172.06,51.75,203.62,-1,-1,-1,-1
498,1,1344.78,179.37,50.20,201.31,-1,-1,-1,-1
499,1,1346.45,179.15,49.83,200.92,-1,-1,-1,-1
500,1,1347.37,180.19,47.76,199.77,-1,-1,-1,-1
18,2,680.51,364.36,103.02,218.44,-1,-1,-1,-1
29,2,601.23,594.17,101.42,251.64,-1,-1,-1,-1
30,2,601.15,599.25,102.31,240.07,-1,-1,-1,-1
31,2,602.73,597.92,99.87,242.33,-1,-1,-1,-1
32,2,605.42,591.98,95.49,242.44,-1,-1,-1,-1
33,2,606.14,591.47,93.99,242.27,-1,-1,-1,-1
34,2,610.07,589.69,86.78,244.05,-1,-1,-1,-1
35,2,615.26,582.05,87.30,246.94,-1,-1,-1,-1
36,2,616.78,573.62,84.76,250.26,-1,-1,-1,-1
37,2,620.02,575.05,79.07,245.19,-1,-1,-1,-1
38,2,623.65,576.85,72.95,242.96,-1,-1,-1,-1
39,2,629.91,568.70,59.03,249.35,-1,-1,-1,-1
40,2,630.71,569.61,58.78,247.97,-1,-1,-1,-1
41,2,631.96,564.06,57.27,245.51,-1,-1,-1,-1
42,2,632.41,562.87,56.33,247.97,-1,-1,-1,-1
43,2,632.07,566.15,58.41,239.24,-1,-1,-1,-1
44,2,636.85,566.77,48.68,243.95,-1,-1,-1,-1
45,2,630.98,553.63,71.06,250.72,-1,-1,-1,-1
25,3,593.30,614.96,101.67,242.24,-1,-1,-1,-1
35,3,944.24,543.53,104.41,229.39,-1,-1,-1,-1
36,3,945.93,543.67,100.79,229.19,-1,-1,-1,-1
37,3,946.10,543.38,101.54,231.89,-1,-1,-1,-1
38,3,946.15,549.26,102.37,228.88,-1,-1,-1,-1
39,3,952.08,550.78,101.96,232.25,-1,-1,-1,-1
40,3,952.92,557.30,100.97,230.08,-1,-1,-1,-1
41,3,953.13,557.56,102.46,231.26,-1,-1,-1,-1
42,3,954.41,558.11,100.79,232.21,-1,-1,-1,-1
43,3,955.84,564.88,97.38,230.73,-1,-1,-1,-1
44,3,954.76,564.43,100.29,233.34,-1,-1,-1,-1
45,3,954.83,566.28,101.27,231.98,-1,-1,-1,-1
46,3,955.89,573.04,99.03,230.53,-1,-1,-1,-1
47,3,956.06,573.22,99.25,233.73,-1,-1,-1,-1
48,3,955.07,579.59,100.85,232.01,-1,-1,-1,-1
49,3,955.20,580.14,100.67,231.54,-1,-1,-1,-1
50,3,961.09,580.84,99.87,234.70,-1,-1,-1,-1
51,3,961.05,587.71,100.64,231.04,-1,-1,-1,-1
52,3,962.35,586.80,99.93,233.68,-1,-1,-1,-1
53,3,963.16,587.22,99.65,233.80,-1,-1,-1,-1
54,3,964.33,595.76,97.28,231.78,-1,-1,-1,-1
55,3,962.98,596.71,100.47,230.88,-1,-1,-1,-1
56,3,964.00,606.64,98.34,224.69,-1,-1,-1,-1
57,3,963.76,607.40,99.34,224.33,-1,-1,-1,-1
58,3,964.03,607.73,98.78,224.49,-1,-1,-1,-1
59,3,964.54,615.13,97.41,222.54,-1,-1,-1,-1
60,3,972.04,617.41,93.88,221.00,-1,-1,-1,-1
61,3,971.93,617.40,94.83,222.21,-1,-1,-1,-1
62,3,974.06,624.87,94.23,221.45,-1,-1,-1,-1
63,3,973.30,624.87,94.56,221.58,-1,-1,-1,-1
64,3,976.59,632.19,89.15,221.82,-1,-1,-1,-1
65,3,983.21,634.55,87.39,219.84,-1,-1,-1,-1
66,3,984.83,641.16,85.24,219.85,-1,-1,-1,-1
67,3,984.32,642.28,88.16,219.08,-1,-1,-1,-1
68,3,984.56,641.70,88.27,220.61,-1,-1,-1,-1
69,3,985.37,642.40,88.04,221.54,-1,-1,-1,-1
70,3,985.62,648.90,86.88,220.46,-1,-1,-1,-1
71,3,990.47,652.44,89.06,217.31,-1,-1,-1,-1
72,3,985.49,652.06,88.10,217.37,-1,-1,-1,-1
73,3,991.13,659.83,87.19,214.11,-1,-1,-1,-1
74,3,990.40,660.10,89.95,214.46,-1,-1,-1,-1
75,3,993.02,660.84,87.13,216.65,-1,-1,-1,-1
76,3,993.21,666.21,87.88,218.09,-1,-1,-1,-1
77,3,993.74,666.13,87.03,218.86,-1,-1,-1,-1
78,3,993.75,666.54,87.03,218.31,-1,-1,-1,-1
79,3,998.08,668.47,89.50,216.42,-1,-1,-1,-1
80,3,998.07,669.10,90.55,216.10,-1,-1,-1,-1
81,3,999.25,675.80,89.38,215.85,-1,-1,-1,-1
82,3,999.77,675.75,89.64,215.47,-1,-1,-1,-1
83,3,999.97,676.95,88.78,216.17,-1,-1,-1,-1
84,3,1001.56,677.24,87.42,215.69,-1,-1,-1,-1
85,3,1001.11,683.45,88.46,216.03,-1,-1,-1,-1
86,3,1000.92,683.59,88.83,215.65,-1,-1,-1,-1
87,3,1000.81,685.87,89.10,215.00,-1,-1,-1,-1
88,3,1006.52,686.36,88.77,212.93,-1,-1,-1,-1
89,3,1006.37,693.21,89.03,211.08,-1,-1,-1,-1
90,3,1007.29,693.78,88.47,210.15,-1,-1,-1,-1
91,3,1006.95,695.91,90.89,210.97,-1,-1,-1,-1
92,3,1008.39,696.41,89.21,207.62,-1,-1,-1,-1
93,3,1008.49,702.16,89.37,210.57,-1,-1,-1,-1
94,3,1008.51,702.52,89.36,210.50,-1,-1,-1,-1
95,3,1009.49,703.28,87.91,209.03,-1,-1,-1,-1
96,3,1009.41,702.94,87.83,209.42,-1,-1,-1,-1
97,3,1014.65,704.58,88.75,208.27,-1,-1,-1,-1
98,3,1014.56,705.35,89.63,208.28,-1,-1,-1,-1
99,3,1017.08,709.86,85.04,209.37,-1,-1,-1,-1
100,3,1017.43,711.68,86.28,207.22,-1,-1,-1,-1
101,3,1017.94,713.30,85.43,208.27,-1,-1,-1,-1
102,3,1019.11,713.56,84.55,207.92,-1,-1,-1,-1
103,3,1019.69,719.96,83.16,206.57,-1,-1,-1,-1
104,3,1019.11,719.89,83.99,206.70,-1,-1,-1,-1
105,3,1019.81,720.64,82.59,205.57,-1,-1,-1,-1
106,3,1019.55,721.81,83.73,205.68,-1,-1,-1,-1
107,3,1019.61,720.16,83.57,206.02,-1,-1,-1,-1
108,3,1026.16,721.95,81.37,206.40,-1,-1,-1,-1
109,3,1025.40,722.10,84.11,206.63,-1,-1,-1,-1
110,3,1026.17,720.61,83.92,207.31,-1,-1,-1,-1
111,3,1027.19,722.19,83.90,205.55,-1,-1,-1,-1
112,3,1028.50,721.50,81.68,205.96,-1,-1,-1,-1
113,3,1028.72,722.16,80.96,206.07,-1,-1,-1,-1
114,3,1027.69,728.00,83.06,205.96,-1,-1,-1,-1
115,3,1033.31,723.28,82.73,205.10,-1,-1,-1,-1
116,3,1033.02,729.39,84.29,205.12,-1,-1,-1,-1
117,3,1034.86,728.65,82.19,206.23,-1,-1,-1,-1
118,3,1034.66,730.28,83.20,204.63,-1,-1,-1,-1
119,3,1035.67,730.56,83.09,203.31,-1,-1,-1,-1
120,3,1035.37,730.18,83.61,203.29,-1,-1,-1,-1
121,3,1035.48,731.27,83.75,202.33,-1,-1,-1,-1
122,3,1035.36,731.31,84.11,202.03,-1,-1,-1,-1
123,3,1034.95,730.26,85.46,202.31,-1,-1,-1,-1
124,3,1042.30,732.72,81.47,200.88,-1,-1,-1,-1
125,3,1041.64,732.68,82.93,201.11,-1,-1,-1,-1
126,3,1044.20,737.51,81.14,202.14,-1,-1,-1,-1
127,3,1043.72,732.82,82.81,200.39,-1,-1,-1,-1
128,3,1044.31,732.70,81.69,201.26,-1,-1,-1,-1
129,3,1044.04,730.64,83.71,202.28,-1,-1,-1,-1
130,3,1049.40,732.48,82.81,200.44,-1,-1,-1,-1
131,3,1048.85,729.63,83.91,203.29,-1,-1,-1,-1
132,3,1051.54,730.78,82.42,202.58,-1,-1,-1,-1
133,3,1052.72,729.36,80.34,203.41,-1,-1,-1,-1
134,3,1052.32,729.69,81.73,204.06,-1,-1,-1,-1
135,3,1052.05,729.90,82.36,205.36,-1,-1,-1,-1
136,3,1056.33,729.08,84.99,204.22,-1,-1,-1,-1
137,3,1056.51,730.84,85.14,202.64,-1,-1,-1,-1
138,3,1058.25,728.79,81.88,203.87,-1,-1,-1,-1
139,3,1058.17,728.69,83.09,203.93,-1,-1,-1,-1
140,3,1058.02,729.81,85.37,202.96,-1,-1,-1,-1
141,3,1058.85,729.01,84.38,204.32,-1,-1,-1,-1
142,3,1058.88,721.63,84.41,206.99,-1,-1,-1,-1
143,3,1059.42,727.09,83.58,207.53,-1,-1,-1,-1
144,3,1064.92,720.14,83.75,207.52,-1,-1,-1,-1
145,3,1065.12,721.29,83.49,207.43,-1,-1,-1,-1
146,3,1067.03,720.00,82.57,208.16,-1,-1,-1,-1
147,3,1067.94,719.99,80.63,209.09,-1,-1,-1,-1
148,3,1068.48,718.70,81.95,209.16,-1,-1,-1,-1
149,3,1067.70,716.64,83.12,211.51,-1,-1,-1,-1
150,3,1069.00,711.94,80.29,210.81,-1,-1,-1,-1
151,3,1068.44,711.71,81.98,209.94,-1,-1,-1,-1
152,3,1068.92,712.49,80.55,209.10,-1,-1,-1,-1
153,3,1073.70,712.94,82.24,207.97,-1,-1,-1,-1
154,3,1074.23,712.22,82.42,207.70,-1,-1,-1,-1
155,3,1074.43,711.77,83.03,208.15,-1,-1,-1,-1
156,3,1075.00,710.49,82.10,208.35,-1,-1,-1,-1
157,3,1076.65,704.55,80.89,208.70,-1,-1,-1,-1
158,3,1077.55,704.25,79.31,209.57,-1,-1,-1,-1
159,3,1077.21,703.63,80.94,208.58,-1,-1,-1,-1
160,3,1077.38,703.77,80.22,209.52,-1,-1,-1,-1
161,3,1076.25,703.44,82.85,207.34,-1,-1,-1,-1
162,3,1081.92,702.71,81.85,208.72,-1,-1,-1,-1
163,3,1081.05,696.76,84.72,209.15,-1,-1,-1,-1
164,3,1084.19,694.70,79.95,210.75,-1,-1,-1,-1
165,3,1084.05,695.52,81.56,209.29,-1,-1,-1,-1
166,3,1085.09,693.87,80.09,210.30,-1,-1,-1,-1
167,3,1084.51,689.46,81.46,208.69,-1,-1,-1,-1
168,3,1085.80,688.37,78.83,209.26,-1,-1,-1,-1
169,3,1087.08,686.77,76.13,210.60,-1,-1,-1,-1
170,3,1087.62,684.39,74.74,212.69,-1,-1,-1,-1
171,3,1088.33,683.42,73.99,214.08,-1,-1,-1,-1
172,3,1093.47,679.07,73.86,211.82,-1,-1,-1,-1
173,3,1092.61,679.34,77.35,211.85,-1,-1,-1,-1
174,3,1096.27,679.04,72.80,212.31,-1,-1,-1,-1
175,3,1095.41,677.90,75.79,213.16,-1,-1,-1,-1
176,3,1094.83,669.96,76.89,214.54,-1,-1,-1,-1
177,3,1099.30,670.38,78.58,213.40,-1,-1,-1,-1
178,3,1098.42,666.91,80.45,215.71,-1,-1,-1,-1
179,3,1099.49,662.46,80.30,213.40,-1,-1,-1,-1
180,3,1100.08,661.97,81.83,213.23,-1,-1,-1,-1
181,3,1100.37,659.41,81.91,214.67,-1,-1,-1,-1
182,3,1099.26,660.95,84.35,213.14,-1,-1,-1,-1
183,3,1097.91,659.52,86.18,214.35,-1,-1,-1,-1
184,3,1097.19,652.85,88.21,214.11,-1,-1,-1,-1
185,3,1096.97,652.19,89.15,214.45,-1,-1,-1,-1
186,3,1096.67,646.97,89.39,212.69,-1,-1,-1,-1
187,3,1097.81,643.83,86.14,214.49,-1,-1,-1,-1
188,3,1097.89,637.91,86.42,213.89,-1,-1,-1,-1
189,3,1097.05,636.03,88.93,214.92,-1,-1,-1,-1
190,3,1102.37,630.33,88.99,213.19,-1,-1,-1,-1
191,3,1102.81,629.22,89.29,214.14,-1,-1,-1,-1
192,3,1103.98,628.59,88.67,214.57,-1,-1,-1,-1
193,3,1104.78,627.81,88.86,215.13,-1,-1,-1,-1
194,3,1104.99,626.46,88.68,216.80,-1,-1,-1,-1
195,3,1104.19,619.15,90.22,219.01,-1,-1,-1,-1
196,3,1105.49,618.21,87.73,219.30,-1,-1,-1,-1
197,3,1104.47,616.56,90.16,220.81,-1,-1,-1,-1
198,3,1108.52,609.07,93.00,223.09,-1,-1,-1,-1
199,3,1108.10,599.34,96.40,226.93,-1,-1,-1,-1
200,3,1110.51,597.53,92.92,227.67,-1,-1,-1,-1
201,3,1109.82,591.21,94.55,227.71,-1,-1,-1,-1
202,3,1111.27,590.67,91.04,226.23,-1,-1,-1,-1
203,3,1110.15,588.69,94.44,227.73,-1,-1,-1,-1
204,3,1110.91,588.59,92.73,227.47,-1,-1,-1,-1
205,3,1110.99,581.17,92.62,230.90,-1,-1,-1,-1
206,3,1116.90,581.76,91.90,229.18,-1,-1,-1,-1
207,3,1117.49,579.20,94.03,230.93,-1,-1,-1,-1
208,3,1117.79,573.89,94.78,228.51,-1,-1,-1,-1
209,3,1119.51,571.81,91.76,229.84,-1,-1,-1,-1
210,3,1123.37,571.72,95.09,230.97,-1,-1,-1,-1
211,3,1123.24,564.77,96.09,231.18,-1,-1,-1,-1
212,3,1123.93,563.36,97.62,232.44,-1,-1,-1,-1
213,3,1123.24,562.25,99.65,233.37,-1,-1,-1,-1
214,3,1129.88,557.36,98.35,230.67,-1,-1,-1,-1
215,3,1128.55,556.64,101.59,230.60,-1,-1,-1,-1
216,3,1130.30,549.57,100.27,231.03,-1,-1,-1,-1
217,3,1132.59,547.30,96.57,232.50,-1,-1,-1,-1
218,3,1132.20,541.46,96.56,231.02,-1,-1,-1,-1
219,3,1130.88,540.43,100.42,230.25,-1,-1,-1,-1
220,3,1132.58,537.81,97.72,234.59,-1,-1,-1,-1
221,3,1133.31,532.72,95.81,234.65,-1,-1,-1,-1
222,3,1140.32,532.74,93.48,231.90,-1,-1,-1,-1
223,3,1140.17,525.65,94.28,232.25,-1,-1,-1,-1
224,3,1142.17,526.26,92.13,229.95,-1,-1,-1,-1
225,3,1143.75,523.88,89.79,231.89,-1,-1,-1,-1
226,3,1143.62,518.46,90.78,229.63,-1,-1,-1,-1
227,3,1143.37,518.76,91.36,227.02,-1,-1,-1,-1
228,3,1144.08,516.24,90.02,230.82,-1,-1,-1,-1
229,3,1150.50,509.89,88.94,229.15,-1,-1,-1,-1
230,3,1149.70,509.20,91.12,229.09,-1,-1,-1,-1
231,3,1151.47,502.98,89.38,226.70,-1,-1,-1,-1
232,3,1151.23,502.55,90.91,225.87,-1,-1,-1,-1
233,3,1152.43,495.52,89.16,226.59,-1,-1,-1,-1
234,3,1153.44,494.38,87.65,228.48,-1,-1,-1,-1
235,3,1153.65,487.62,87.37,227.60,-1,-1,-1,-1
236,3,1155.76,488.41,82.30,224.87,-1,-1,-1,-1
237,3,1154.87,481.57,84.54,225.14,-1,-1,-1,-1
238,3,1152.98,481.70,88.41,222.60,-1,-1,-1,-1
239,3,1156.92,473.53,91.51,225.12,-1,-1,-1,-1
240,3,1157.94,464.98,92.86,224.98,-1,-1,-1,-1
241,3,1158.37,464.09,93.74,224.60,-1,-1,-1,-1
242,3,1158.65,457.58,93.54,222.90,-1,-1,-1,-1
243,3,1157.36,456.16,96.58,223.47,-1,-1,-1,-1
244,3,1163.83,448.72,94.60,222.71,-1,-1,-1,-1
245,3,1163.33,448.09,96.24,222.91,-1,-1,-1,-1
246,3,1164.20,440.95,96.60,222.41,-1,-1,-1,-1
247,3,1165.24,439.81,95.15,222.68,-1,-1,-1,-1
248,3,1164.20,432.63,98.13,223.69,-1,-1,-1,-1
249,3,1163.45,431.84,99.04,223.30,-1,-1,-1,-1
250,3,1161.49,430.20,103.23,225.22,-1,-1,-1,-1
251,3,1161.88,425.17,102.74,222.57,-1,-1,-1,-1
252,3,1166.76,422.99,104.90,224.44,-1,-1,-1,-1
253,3,1166.80,415.84,105.36,225.74,-1,-1,-1,-1
254,3,1169.28,414.46,101.87,226.20,-1,-1,-1,-1
255,3,1170.06,413.09,101.48,227.06,-1,-1,-1,-1
256,3,1171.17,407.13,99.81,225.53,-1,-1,-1,-1
257,3,1170.55,405.44,100.23,226.67,-1,-1,-1,-1
258,3,1171.90,399.70,98.03,224.71,-1,-1,-1,-1
259,3,1171.55,398.62,99.52,225.42,-1,-1,-1,-1
260,3,1171.55,391.80,99.89,225.31,-1,-1,-1,-1
261,3,1171.72,390.46,99.41,224.91,-1,-1,-1,-1
262,3,1170.17,384.97,102.70,224.64,-1,-1,-1,-1
263,3,1172.04,384.28,99.01,223.62,-1,-1,-1,-1
264,3,1171.94,382.35,99.01,224.26,-1,-1,-1,-1
265,3,1176.58,376.71,100.59,224.50,-1,-1,-1,-1
266,3,1177.39,375.85,100.25,223.39,-1,-1,-1,-1
267,3,1179.65,368.61,96.51,222.01,-1,-1,-1,-1
268,3,1180.03,367.76,96.30,222.11,-1,-1,-1,-1
269,3,1182.52,362.72,93.67,219.56,-1,-1,-1,-1
270,3,1183.60,361.72,92.29,219.95,-1,-1,-1,-1
271,3,1182.75,355.92,93.37,218.96,-1,-1,-1,-1
272,3,1183.51,354.44,92.50,218.37,-1,-1,-1,-1
273,3,1187.62,347.91,94.42,218.65,-1,-1,-1,-1
274,3,1188.28,346.21,94.29,219.02,-1,-1,-1,-1
275,3,1190.55,340.27,92.10,217.70,-1,-1,-1,-1
276,3,1191.85,338.36,90.97,218.35,-1,-1,-1,-1
277,3,1192.70,337.38,89.67,217.45,-1,-1,-1,-1
278,3,1195.27,332.03,84.39,216.66,-1,-1,-1,-1
279,3,1195.72,330.88,83.48,215.62,-1,-1,-1,-1
280,3,1195.97,325.45,83.24,212.69,-1,-1,-1,-1
281,3,1196.92,320.41,81.08,209.48,-1,-1,-1,-1
282,3,1197.08,319.17,80.91,209.51,-1,-1,-1,-1
283,3,1201.07,311.93,83.15,210.21,-1,-1,-1,-1
284,3,1201.74,310.93,83.91,210.42,-1,-1,-1,-1
285,3,1203.87,309.28,80.89,211.38,-1,-1,-1,-1
286,3,1203.74,304.31,82.45,209.90,-1,-1,-1,-1
287,3,1210.53,301.89,80.69,209.92,-1,-1,-1,-1
288,3,1210.07,296.26,82.63,209.75,-1,-1,-1,-1
289,3,1213.17,295.02,77.69,210.36,-1,-1,-1,-1
290,3,1215.17,294.22,74.96,209.92,-1,-1,-1,-1
291,3,1215.95,289.26,74.21,207.38,-1,-1,-1,-1
292,3,1215.57,286.48,75.56,208.98,-1,-1,-1,-1
293,3,1214.24,279.81,77.90,209.10,-1,-1,-1,-1
294,3,1217.55,278.52,71.42,208.79,-1,-1,-1,-1
295,3,1218.89,279.17,69.01,207.29,-1,-1,-1,-1
296,3,1221.44,272.95,63.93,205.86,-1,-1,-1,-1
297,3,1222.17,272.33,62.68,204.92,-1,-1,-1,-1
298,3,1227.73,265.42,60.73,206.81,-1,-1,-1,-1
299,3,1228.58,264.18,61.16,205.93,-1,-1,-1,-1
300,3,1230.88,258.39,58.94,205.19,-1,-1,-1,-1
301,3,1229.88,256.16,62.47,208.04,-1,-1,-1,-1
302,3,1234.05,248.93,64.63,208.35,-1,-1,-1,-1
303,3,1234.46,247.23,65.70,210.65,-1,-1,-1,-1
304,3,1235.10,246.10,65.69,210.32,-1,-1,-1,-1
305,3,1235.50,246.32,65.55,210.61,-1,-1,-1,-1
306,3,1236.13,244.97,64.37,211.81,-1,-1,-1,-1
307,3,1235.67,238.20,67.26,212.75,-1,-1,-1,-1
308,3,1237.01,235.84,64.87,214.36,-1,-1,-1,-1
309,3,1238.01,229.97,62.32,213.78,-1,-1,-1,-1
310,3,1237.48,229.66,63.33,213.45,-1,-1,-1,-1
311,3,1239.10,228.77,61.04,212.63,-1,-1,-1,-1
312,3,1238.45,224.09,62.17,209.14,-1,-1,-1,-1
313,3,1238.48,223.74,62.10,209.01,-1,-1,-1,-1
314,3,1239.63,224.20,60.26,206.29,-1,-1,-1,-1
315,3,1242.66,217.51,62.79,207.40,-1,-1,-1,-1
316,3,1244.80,216.90,61.46,207.07,-1,-1,-1,-1
317,3,1246.35,216.80,59.89,205.88,-1,-1,-1,-1
318,3,1245.92,208.78,63.17,207.17,-1,-1,-1,-1
319,3,1246.59,208.09,62.13,206.49,-1,-1,-1,-1
320,3,1246.65,208.02,61.87,205.23,-1,-1,-1,-1
321,3,1247.50,202.00,60.62,206.75,-1,-1,-1,-1
322,3,1254.03,201.24,56.35,205.75,-1,-1,-1,-1
323,3,1253.61,200.92,58.53,204.47,-1,-1,-1,-1
324,3,1256.95,201.65,54.30,201.76,-1,-1,-1,-1
325,3,1259.32,195.09,50.94,202.00,-1,-1,-1,-1
326,3,1259.53,195.80,51.03,198.62,-1,-1,-1,-1
327,3,1261.37,189.40,46.72,199.10,-1,-1,-1,-1
328,3,1260.56,187.22,50.32,200.78,-1,-1,-1,-1
329,3,1260.48,187.13,49.71,200.25,-1,-1,-1,-1
330,3,1261.33,186.46,48.13,200.13,-1,-1,-1,-1
331,3,1262.14,180.31,45.55,201.48,-1,-1,-1,-1
332,3,1261.23,180.10,48.74,201.22,-1,-1,-1,-1
333,3,1268.15,177.62,43.06,203.42,-1,-1,-1,-1
334,3,1270.26,170.73,40.05,204.49,-1,-1,-1,-1
335,3,1272.10,174.06,39.49,196.68,-1,-1,-1,-1
336,3,1271.10,172.83,42.89,197.90,-1,-1,-1,-1
337,3,1269.97,172.38,46.20,199.17,-1,-1,-1,-1
338,3,1270.46,171.43,46.72,199.84,-1,-1,-1,-1
339,3,1276.80,162.62,42.15,202.50,-1,-1,-1,-1
340,3,1277.03,163.24,42.11,201.76,-1,-1,-1,-1
341,3,1280.62,165.36,37.59,196.21,-1,-1,-1,-1
342,3,1281.26,165.08,39.31,195.99,-1,-1,-1,-1
343,3,1279.85,159.39,41.93,195.86,-1,-1,-1,-1
344,3,1279.18,158.72,44.30,196.94,-1,-1,-1,-1
345,3,1279.48,158.04,43.75,194.31,-1,-1,-1,-1
346,3,1278.57,157.78,46.51,194.06,-1,-1,-1,-1
347,3,1285.10,150.56,40.59,195.59,-1,-1,-1,-1
348,3,1286.91,151.74,38.33,193.94,-1,-1,-1,-1
349,3,1288.26,152.47,39.55,193.07,-1,-1,-1,-1
350,3,1286.73,151.42,44.83,195.82,-1,-1,-1,-1
351,3,1287.10,151.47,44.30,194.46,-1,-1,-1,-1
352,3,1291.17,148.19,44.96,199.05,-1,-1,-1,-1
353,3,1292.35,148.44,42.92,197.77,-1,-1,-1,-1
354,3,1293.92,149.97,42.00,195.43,-1,-1,-1,-1
355,3,1294.55,149.00,42.01,196.74,-1,-1,-1,-1
356,3,1295.93,148.17,41.28,197.06,-1,-1,-1,-1
357,3,1295.44,148.91,42.85,196.74,-1,-1,-1,-1
358,3,1294.72,141.08,45.46,200.81,-1,-1,-1,-1
359,3,1301.97,139.64,38.82,203.29,-1,-1,-1,-1
360,3,1300.61,140.19,41.91,199.00,-1,-1,-1,-1
361,3,1304.21,142.79,35.98,194.82,-1,-1,-1,-1
362,3,1303.45,141.58,41.19,198.78,-1,-1,-1,-1
363,3,1303.96,141.69,40.88,198.11,-1,-1,-1,-1
364,3,1302.91,141.09,44.58,198.35,-1,-1,-1,-1
365,3,1302.50,140.91,45.68,198.32,-1,-1,-1,-1
366,3,1302.12,139.19,47.08,199.24,-1,-1,-1,-1
367,3,1306.35,140.29,46.89,199.17,-1,-1,-1,-1
368,3,1309.29,140.76,41.27,197.33,-1,-1,-1,-1
369,3,1310.83,140.95,39.01,196.24,-1,-1,-1,-1
370,3,1313.23,134.07,34.73,196.25,-1,-1,-1,-1
371,3,1310.60,134.50,43.78,197.97,-1,-1,-1,-1
372,3,1312.45,134.83,40.06,193.64,-1,-1,-1,-1
373,3,1310.27,133.35,46.31,199.59,-1,-1,-1,-1
374,3,1311.34,133.85,43.96,196.21,-1,-1,-1,-1
375,3,1310.65,134.22,45.25,195.19,-1,-1,-1,-1
376,3,1312.08,134.55,43.45,193.09,-1,-1,-1,-1
377,3,1311.18,135.43,44.48,191.87,-1,-1,-1,-1
378,3,1311.40,135.48,44.49,191.90,-1,-1,-1,-1
379,3,1315.62,133.86,44.01,197.03,-1,-1,-1,-1
380,3,1318.35,135.74,42.79,195.39,-1,-1,-1,-1
381,3,1316.22,134.87,48.18,197.53,-1,-1,-1,-1
382,3,1316.90,134.09,48.39,197.75,-1,-1,-1,-1
383,3,1316.00,133.47,51.33,198.55,-1,-1,-1,-1
384,3,1316.65,134.04,49.72,197.18,-1,-1,-1,-1
385,3,1315.55,133.13,52.35,199.62,-1,-1,-1,-1
386,3,1321.10,133.25,49.33,199.69,-1,-1,-1,-1
387,3,1320.45,139.98,52.11,200.28,-1,-1,-1,-1
388,3,1323.32,140.60,48.86,198.93,-1,-1,-1,-1
389,3,1323.96,141.42,48.37,198.00,-1,-1,-1,-1
390,3,1323.02,140.43,51.23,199.55,-1,-1,-1,-1
391,3,1324.32,141.16,50.86,199.63,-1,-1,-1,-1
392,3,1324.43,141.28,49.54,198.14,-1,-1,-1,-1
393,3,1323.49,141.70,51.11,197.11,-1,-1,-1,-1
394,3,1324.56,142.25,49.72,195.18,-1,-1,-1,-1
395,3,1329.45,141.33,48.76,199.05,-1,-1,-1,-1
396,3,1330.80,142.09,47.17,198.05,-1,-1,-1,-1
397,3,1332.74,144.38,46.18,195.04,-1,-1,-1,-1
398,3,1335.07,144.20,42.16,194.88,-1,-1,-1,-1
399,3,1332.75,148.49,49.27,200.33,-1,-1,-1,-1
400,3,1331.88,148.45,51.30,200.52,-1,-1,-1,-1
401,3,1332.49,150.25,50.38,196.89,-1,-1,-1,-1
402,3,1338.09,149.47,48.03,199.91,-1,-1,-1,-1
403,3,1336.63,154.93,53.22,202.46,-1,-1,-1,-1
404,3,1339.50,154.86,49.44,201.45,-1,-1,-1,-1
405,3,1338.87,156.12,52.14,199.76,-1,-1,-1,-1
406,3,1339.46,156.34,51.76,199.34,-1,-1,-1,-1
407,3,1340.44,157.08,49.86,198.47,-1,-1,-1,-1
408,3,1340.49,157.26,49.80,199.13,-1,-1,-1,-1
409,3,1342.52,161.39,55.13,205.61,-1,-1,-1,-1
410,3,1343.90,162.17,53.77,204.74,-1,-1,-1,-1
411,3,1345.29,162.79,52.48,203.42,-1,-1,-1,-1
412,3,1346.26,163.63,50.50,202.25,-1,-1,-1,-1
413,3,1345.88,163.32,54.35,203.80,-1,-1,-1,-1
414,3,1350.75,170.14,54.37,204.93,-1,-1,-1,-1
415,3,1352.72,162.98,51.20,205.23,-1,-1,-1,-1
416,3,1354.52,170.88,49.93,203.13,-1,-1,-1,-1
417,3,1354.86,171.15,50.85,203.70,-1,-1,-1,-1
418,3,1355.09,178.48,50.76,202.40,-1,-1,-1,-1
419,3,1354.81,172.88,51.12,201.79,-1,-1,-1,-1
420,3,1355.89,179.03,49.59,201.81,-1,-1,-1,-1
421,3,1355.18,178.49,51.00,203.01,-1,-1,-1,-1
422,3,1356.90,180.34,48.61,200.27,-1,-1,-1,-1
423,3,1358.61,185.66,54.25,204.22,-1,-1,-1,-1
424,3,1359.73,187.25,53.76,202.69,-1,-1,-1,-1
425,3,1359.89,187.23,53.86,201.93,-1,-1,-1,-1
426,3,1361.58,188.11,51.41,200.56,-1,-1,-1,-1
427,3,1361.23,193.42,54.07,205.69,-1,-1,-1,-1
428,3,1360.66,193.65,55.19,204.55,-1,-1,-1,-1
429,3,1360.58,199.00,56.91,208.76,-1,-1,-1,-1
430,3,1361.42,200.82,55.22,205.41,-1,-1,-1,-1
431,3,1360.58,201.93,56.45,204.08,-1,-1,-1,-1
432,3,1360.80,201.34,57.88,204.99,-1,-1,-1,-1
433,3,1366.38,201.81,55.74,206.03,-1,-1,-1,-1
434,3,1366.62,201.31,56.27,206.96,-1,-1,-1,-1
435,3,1367.82,207.90,55.89,208.91,-1,-1,-1,-1
436,3,1369.25,214.94,55.15,209.73,-1,-1,-1,-1
437,3,1369.07,216.39,55.58,206.23,-1,-1,-1,-1
438,3,1370.10,218.15,54.34,203.69,-1,-1,-1,-1
439,3,1368.99,217.92,55.71,203.58,-1,-1,-1,-1
440,3,1367.04,224.03,60.21,207.50,-1,-1,-1,-1
441,3,1366.44,225.04,61.67,205.35,-1,-1,-1,-1
442,3,1364.99,225.46,63.82,205.78,-1,-1,-1,-1
443,3,1369.42,233.70,65.35,204.51,-1,-1,-1,-1
444,3,1371.17,234.21,65.96,205.46,-1,-1,-1,-1
445,3,1373.07,241.61,63.61,204.95,-1,-1,-1,-1
446,3,1373.36,240.68,63.65,205.56,-1,-1,-1,-1
447,3,1372.96,242.74,64.19,203.47,-1,-1,-1,-1
448,3,1377.62,249.69,66.08,203.95,-1,-1,-1,-1
449,3,1377.51,249.88,67.71,203.66,-1,-1,-1,-1
450,3,1376.91,250.95,70.09,203.29,-1,-1,-1,-1
451,3,1375.52,255.71,73.31,208.57,-1,-1,-1,-1
452,3,1375.80,255.99,74.27,207.87,-1,-1,-1,-1
453,3,1374.78,256.51,76.71,209.31,-1,-1,-1,-1
454,3,1374.72,262.09,76.10,211.17,-1,-1,-1,-1
455,3,1374.21,262.02,77.33,211.92,-1,-1,-1,-1
456,3,1376.98,263.66,72.37,210.83,-1,-1,-1,-1
457,3,1383.81,272.24,70.37,208.31,-1,-1,-1,-1
458,3,1383.28,274.28,71.36,205.95,-1,-1,-1,-1
459,3,1385.07,280.96,70.89,206.82,-1,-1,-1,-1
460,3,1386.85,282.12,68.09,205.90,-1,-1,-1,-1
461,3,1386.22,288.35,68.79,206.23,-1,-1,-1,-1
462,3,1387.07,289.45,68.06,206.09,-1,-1,-1,-1
463,3,1385.98,290.16,70.29,205.58,-1,-1,-1,-1
464,3,1385.43,295.78,71.28,207.84,-1,-1,-1,-1
465,3,1385.71,297.67,70.69,206.34,-1,-1,-1,-1
466,3,1387.03,304.84,68.16,205.74,-1,-1,-1,-1
467,3,1385.41,304.27,71.81,206.40,-1,-1,-1,-1
468,3,1391.51,306.08,70.35,204.96,-1,-1,-1,-1
469,3,1393.98,312.79,67.12,205.69,-1,-1,-1,-1
470,3,1394.96,313.89,66.97,205.10,-1,-1,-1,-1
471,3,1392.63,319.27,72.78,209.62,-1,-1,-1,-1
472,3,1391.95,319.59,74.20,209.68,-1,-1,-1,-1
473,3,1397.88,327.68,73.70,207.67,-1,-1,-1,-1
474,3,1398.20,328.52,73.65,206.83,-1,-1,-1,-1
475,3,1398.58,335.39,75.74,207.57,-1,-1,-1,-1
476,3,1399.38,336.17,74.97,209.19,-1,-1,-1,-1
477,3,1399.90,342.88,74.46,209.91,-1,-1,-1,-1
478,3,1402.32,344.09,80.90,210.64,-1,-1,-1,-1
479,3,1401.12,343.25,83.62,212.54,-1,-1,-1,-1
480,3,1403.32,349.96,81.27,211.71,-1,-1,-1,-1
481,3,1401.92,349.76,83.68,212.21,-1,-1,-1,-1
482,3,1406.44,358.60,76.17,209.84,-1,-1,-1,-1
483,3,1407.24,359.40,75.29,210.62,-1,-1,-1,-1
484,3,1407.12,365.95,75.32,211.04,-1,-1,-1,-1
485,3,1411.44,367.00,78.78,212.07,-1,-1,-1,-1
486,3,1412.51,374.48,77.28,210.56,-1,-1,-1,-1
487,3,1413.12,375.08,78.98,213.43,-1,-1,-1,-1
488,3,1412.88,381.11,79.43,214.08,-1,-1,-1,-1
489,3,1412.47,381.89,80.86,213.69,-1,-1,-1,-1
490,3,1421.22,389.44,75.16,213.15,-1,-1,-1,-1
491,3,1420.27,390.04,77.29,212.86,-1,-1,-1,-1
492,3,1421.52,396.71,77.34,214.45,-1,-1,-1,-1
493,3,1423.35,397.62,74.13,214.40,-1,-1,-1,-1
494,3,1422.53,404.45,76.42,214.23,-1,-1,-1,-1
495,3,1423.33,404.83,75.01,216.90,-1,-1,-1,-1
496,3,1423.56,405.65,74.80,215.49,-1,-1,-1,-1
497,3,1423.72,411.12,73.60,215.70,-1,-1,-1,-1
498,3,1430.94,412.05,71.80,218.29,-1,-1,-1,-1
499,3,1431.47,418.19,70.98,219.60,-1,-1,-1,-1
500,3,1430.78,418.75,73.67,219.79,-1,-1,-1,-1
31,4,945.47,529.42,100.90,226.02,-1,-1,-1,-1
32,4,940.66,530.12,96.13,227.60,-1,-1,-1,-1
33,4,945.56,536.05,101.28,228.09,-1,-1,-1,-1
89,5,655.85,396.84,105.92,233.09,-1,-1,-1,-1
90,5,664.47,397.16,102.72,231.96,-1,-1,-1,-1
184,6,677.02,370.27,108.77,220.79,-1,-1,-1,-1
185,6,680.25,368.94,103.34,223.31,-1,-1,-1,-1
186,6,682.66,362.29,97.89,221.59,-1,-1,-1,-1
187,6,686.70,361.79,89.99,221.95,-1,-1,-1,-1
188,6,690.00,355.93,84.15,219.65,-1,-1,-1,-1
189,6,693.17,356.02,78.56,218.11,-1,-1,-1,-1
190,6,694.35,348.59,75.99,218.36,-1,-1,-1,-1
191,6,697.18,350.14,71.62,215.99,-1,-1,-1,-1
192,6,701.52,343.60,62.64,213.47,-1,-1,-1,-1
193,6,701.84,344.62,61.78,209.38,-1,-1,-1,-1
194,6,704.12,337.65,57.83,207.68,-1,-1,-1,-1
195,6,704.22,337.78,58.46,205.60,-1,-1,-1,-1
196,6,703.83,338.55,58.86,204.04,-1,-1,-1,-1
197,6,707.56,326.28,59.50,212.96,-1,-1,-1,-1
198,6,707.28,327.90,62.47,210.24,-1,-1,-1,-1
199,6,711.31,321.75,56.50,206.49,-1,-1,-1,-1
200,6,712.28,323.00,55.31,202.42,-1,-1,-1,-1
201,6,711.68,314.73,57.67,204.68,-1,-1,-1,-1
202,6,711.11,314.59,59.92,203.39,-1,-1,-1,-1
203,6,718.39,311.68,54.25,207.77,-1,-1,-1,-1
204,6,721.00,303.86,49.34,209.96,-1,-1,-1,-1
205,6,721.71,305.96,51.30,205.34,-1,-1,-1,-1
206,6,724.03,304.47,47.07,207.23,-1,-1,-1,-1
207,6,724.82,296.74,45.97,207.44,-1,-1,-1,-1
208,6,723.94,295.32,50.38,210.51,-1,-1,-1,-1
209,6,723.39,290.30,51.55,205.27,-1,-1,-1,-1
210,6,728.78,289.41,48.87,206.28,-1,-1,-1,-1
211,6,730.35,282.27,48.50,205.15,-1,-1,-1,-1
212,6,729.59,284.85,53.11,200.67,-1,-1,-1,-1
213,6,731.71,285.78,49.74,198.87,-1,-1,-1,-1
214,6,733.19,279.25,46.99,195.74,-1,-1,-1,-1
215,6,732.10,279.88,48.82,194.87,-1,-1,-1,-1
216,6,734.80,278.31,45.33,194.96,-1,-1,-1,-1
217,6,734.69,270.76,44.16,195.86,-1,-1,-1,-1
218,6,733.65,271.12,45.95,194.97,-1,-1,-1,-1
219,6,741.06,269.72,40.56,199.94,-1,-1,-1,-1
220,6,734.71,263.96,54.62,210.47,-1,-1,-1,-1
189,7,940.42,501.29,95.50,234.71,-1,-1,-1,-1
192,8,941.02,508.60,94.95,239.33,-1,-1,-1,-1
204,8,947.14,545.21,98.82,246.38,-1,-1,-1,-1
196,9,860.63,249.81,95.35,227.74,-1,-1,-1,-1
199,10,861.50,256.93,93.38,227.00,-1,-1,-1,-1
204,11,869.25,275.34,93.36,219.33,-1,-1,-1,-1
245,12,1002.93,672.99,81.49,223.52,-1,-1,-1,-1
252,12,1012.90,690.96,77.41,220.42,-1,-1,-1,-1
253,12,1012.46,690.75,78.38,222.21,-1,-1,-1,-1
255,12,1012.99,690.33,78.62,224.04,-1,-1,-1,-1
256,12,1014.68,698.78,75.36,217.62,-1,-1,-1,-1
257,12,1015.03,698.29,75.19,219.27,-1,-1,-1,-1
258,12,1015.44,689.22,74.87,224.35,-1,-1,-1,-1
259,12,1022.46,696.90,73.08,220.42,-1,-1,-1,-1
260,12,1022.26,696.83,74.97,222.45,-1,-1,-1,-1
261,12,1020.44,696.52,79.17,224.08,-1,-1,-1,-1
262,12,1022.64,698.09,76.98,221.97,-1,-1,-1,-1
263,12,1023.96,699.23,75.59,220.46,-1,-1,-1,-1
264,12,1024.67,699.35,74.39,220.24,-1,-1,-1,-1
265,12,1025.60,708.39,72.05,213.62,-1,-1,-1,-1
266,12,1031.39,707.98,69.79,215.38,-1,-1,-1,-1
267,12,1032.60,708.65,68.33,215.17,-1,-1,-1,-1
268,12,1034.78,710.06,65.77,212.89,-1,-1,-1,-1
269,12,1036.33,710.78,64.73,211.84,-1,-1,-1,-1
270,12,1036.68,720.48,64.74,205.83,-1,-1,-1,-1
271,12,1038.20,711.99,63.72,210.70,-1,-1,-1,-1
272,12,1039.79,722.05,59.96,204.89,-1,-1,-1,-1
273,12,1040.87,721.67,57.91,205.62,-1,-1,-1,-1
274,12,1040.74,721.79,58.15,205.30,-1,-1,-1,-1
275,12,1041.87,722.89,55.81,203.59,-1,-1,-1,-1
276,12,1041.90,722.50,56.02,204.34,-1,-1,-1,-1
277,12,1042.97,722.41,54.21,204.25,-1,-1,-1,-1
278,12,1046.66,722.21,54.98,204.17,-1,-1,-1,-1
279,12,1051.24,724.65,50.46,200.17,-1,-1,-1,-1
280,12,1052.15,724.95,50.84,199.83,-1,-1,-1,-1
281,12,1053.86,731.11,47.94,201.01,-1,-1,-1,-1
282,12,1054.85,732.44,45.55,199.10,-1,-1,-1,-1
283,12,1055.83,732.38,44.29,200.30,-1,-1,-1,-1
284,12,1060.18,730.86,42.61,203.25,-1,-1,-1,-1
285,12,1060.30,732.28,42.90,200.54,-1,-1,-1,-1
286,12,1061.56,733.32,45.79,197.39,-1,-1,-1,-1
287,12,1060.81,732.40,47.74,199.96,-1,-1,-1,-1
288,12,1066.93,730.58,45.45,204.43,-1,-1,-1,-1
289,12,1060.89,731.77,50.11,200.80,-1,-1,-1,-1
290,12,1060.04,731.30,51.40,203.26,-1,-1,-1,-1
291,12,1060.69,731.24,50.24,203.54,-1,-1,-1,-1
292,12,1064.12,729.29,51.53,205.23,-1,-1,-1,-1
293,12,1064.75,729.61,50.83,204.38,-1,-1,-1,-1
294,12,1066.49,729.81,49.72,205.76,-1,-1,-1,-1
295,12,1067.77,731.37,48.53,202.07,-1,-1,-1,-1
296,12,1069.03,730.63,48.74,203.70,-1,-1,-1,-1
297,12,1067.57,729.53,52.15,204.34,-1,-1,-1,-1
298,12,1067.68,730.37,51.69,205.63,-1,-1,-1,-1
299,12,1067.67,729.20,52.54,207.06,-1,-1,-1,-1
300,12,1072.06,728.87,52.76,206.34,-1,-1,-1,-1
301,12,1072.38,729.24,53.44,205.47,-1,-1,-1,-1
302,12,1074.52,729.36,52.20,206.82,-1,-1,-1,-1
303,12,1073.32,728.55,56.08,205.35,-1,-1,-1,-1
304,12,1074.37,728.22,54.21,207.21,-1,-1,-1,-1
305,12,1074.05,727.13,55.34,208.29,-1,-1,-1,-1
306,12,1074.03,728.01,53.89,207.65,-1,-1,-1,-1
307,12,1074.84,728.77,52.74,206.09,-1,-1,-1,-1
308,12,1074.03,727.77,55.14,206.89,-1,-1,-1,-1
309,12,1074.74,728.60,54.02,205.29,-1,-1,-1,-1
310,12,1074.11,728.17,55.06,205.57,-1,-1,-1,-1
311,12,1079.45,719.80,53.18,208.92,-1,-1,-1,-1
312,12,1080.60,719.93,53.60,208.93,-1,-1,-1,-1
313,12,1082.04,721.35,52.17,205.16,-1,-1,-1,-1
314,12,1083.95,720.32,51.35,207.05,-1,-1,-1,-1
315,12,1083.62,721.41,51.88,205.05,-1,-1,-1,-1
316,12,1085.63,721.59,49.20,204.73,-1,-1,-1,-1
317,12,1085.83,721.62,48.74,204.75,-1,-1,-1,-1
318,12,1090.16,713.95,47.27,205.76,-1,-1,-1,-1
319,12,1090.37,712.17,47.48,206.64,-1,-1,-1,-1
320,12,1090.51,711.96,49.82,205.82,-1,-1,-1,-1
321,12,1092.58,712.65,47.13,206.43,-1,-1,-1,-1
322,12,1092.29,712.00,49.31,206.80,-1,-1,-1,-1
323,12,1090.90,711.30,52.66,207.43,-1,-1,-1,-1
324,12,1089.47,705.04,53.95,207.02,-1,-1,-1,-1
325,12,1089.91,706.13,54.89,206.94,-1,-1,-1,-1
326,12,1088.57,703.49,58.27,206.87,-1,-1,-1,-1
327,12,1088.28,703.80,58.25,206.55,-1,-1,-1,-1
328,12,1087.59,702.64,60.34,208.98,-1,-1,-1,-1
329,12,1087.51,697.03,60.79,211.21,-1,-1,-1,-1
330,12,1088.98,697.55,57.60,209.09,-1,-1,-1,-1
331,12,1092.64,696.54,58.37,209.04,-1,-1,-1,-1
332,12,1092.27,695.68,60.78,208.58,-1,-1,-1,-1
333,12,1094.03,694.80,59.55,208.69,-1,-1,-1,-1
334,12,1095.69,689.37,57.26,207.82,-1,-1,-1,-1
335,12,1096.29,689.41,56.45,207.63,-1,-1,-1,-1
336,12,1099.70,688.56,52.23,207.67,-1,-1,-1,-1
337,12,1103.84,679.31,52.07,213.09,-1,-1,-1,-1
338,12,1104.61,679.64,50.98,211.83,-1,-1,-1,-1
339,12,1107.26,678.48,48.13,211.50,-1,-1,-1,-1
340,12,1107.61,670.32,48.96,213.66,-1,-1,-1,-1
341,12,1108.44,671.78,48.18,210.66,-1,-1,-1,-1
342,12,1110.03,671.05,46.96,210.18,-1,-1,-1,-1
343,12,1108.97,668.88,49.58,212.38,-1,-1,-1,-1
344,12,1115.37,660.14,44.21,218.00,-1,-1,-1,-1
345,12,1117.40,661.42,40.86,214.47,-1,-1,-1,-1
346,12,1118.54,659.93,40.45,215.93,-1,-1,-1,-1
347,12,1120.35,659.83,39.27,215.79,-1,-1,-1,-1
348,12,1119.63,659.77,41.64,215.93,-1,-1,-1,-1
349,12,1119.23,652.02,42.95,218.81,-1,-1,-1,-1
350,12,1118.90,651.55,44.74,219.08,-1,-1,-1,-1
351,12,1118.16,647.65,46.79,223.94,-1,-1,-1,-1
352,12,1116.63,639.49,49.08,228.17,-1,-1,-1,-1
353,12,1123.52,636.68,44.22,231.03,-1,-1,-1,-1
354,12,1124.70,638.00,42.97,229.79,-1,-1,-1,-1
355,12,1126.22,639.24,42.10,225.80,-1,-1,-1,-1
356,12,1125.83,628.47,44.73,233.42,-1,-1,-1,-1
357,12,1124.90,629.81,47.55,228.31,-1,-1,-1,-1
358,12,1123.34,620.47,52.19,233.78,-1,-1,-1,-1
359,12,1129.79,621.09,47.39,230.27,-1,-1,-1,-1
360,12,1130.59,625.54,48.13,221.43,-1,-1,-1,-1
361,12,1133.14,617.63,45.75,222.09,-1,-1,-1,-1
362,12,1135.02,603.70,53.53,234.61,-1,-1,-1,-1
363,12,1137.33,604.99,49.46,229.88,-1,-1,-1,-1
364,12,1137.65,602.48,50.69,234.19,-1,-1,-1,-1
365,12,1138.21,595.99,51.02,234.47,-1,-1,-1,-1
366,12,1137.40,594.96,52.28,236.34,-1,-1,-1,-1
367,12,1138.50,585.69,50.50,237.69,-1,-1,-1,-1
368,12,1137.17,584.66,53.76,239.03,-1,-1,-1,-1
369,12,1136.68,583.93,55.53,239.44,-1,-1,-1,-1
370,12,1136.92,577.26,56.13,240.10,-1,-1,-1,-1
371,12,1136.05,577.10,57.49,238.51,-1,-1,-1,-1
372,12,1135.37,576.07,60.14,240.09,-1,-1,-1,-1
373,12,1135.88,568.31,59.50,241.86,-1,-1,-1,-1
374,12,1134.90,567.44,61.00,245.36,-1,-1,-1,-1
375,12,1135.53,569.86,59.96,236.67,-1,-1,-1,-1
376,12,1136.18,561.98,58.36,242.09,-1,-1,-1,-1
377,12,1136.48,563.34,57.35,236.52,-1,-1,-1,-1
378,12,1141.27,554.08,56.36,244.46,-1,-1,-1,-1
379,12,1143.20,556.45,54.12,235.75,-1,-1,-1,-1
380,12,1147.07,549.45,49.55,241.27,-1,-1,-1,-1
381,12,1149.48,550.94,45.25,236.03,-1,-1,-1,-1
382,12,1147.44,551.35,49.62,229.63,-1,-1,-1,-1
383,12,1149.74,551.44,46.45,229.29,-1,-1,-1,-1
384,12,1151.41,544.38,43.12,233.01,-1,-1,-1,-1
385,12,1150.63,546.36,44.22,225.45,-1,-1,-1,-1
386,12,1150.83,545.49,44.45,228.10,-1,-1,-1,-1
387,12,1151.32,536.76,42.99,235.10,-1,-1,-1,-1
250,13,1005.47,692.20,78.14,216.98,-1,-1,-1,-1
281,14,941.15,536.72,110.53,247.24,-1,-1,-1,-1
282,14,940.23,535.38,112.32,252.22,-1,-1,-1,-1
294,15,869.39,284.65,93.68,231.30,-1,-1,-1,-1
295,15,878.06,293.83,90.54,229.82,-1,-1,-1,-1
296,15,877.54,293.86,91.96,229.01,-1,-1,-1,-1
297,15,881.45,295.14,85.12,227.15,-1,-1,-1,-1
298,15,883.86,295.59,81.95,227.38,-1,-1,-1,-1
299,15,887.81,304.01,74.69,225.24,-1,-1,-1,-1
300,15,889.09,305.70,72.58,223.82,-1,-1,-1,-1
301,15,891.49,315.29,67.83,220.35,-1,-1,-1,-1
302,15,895.98,315.02,68.52,221.13,-1,-1,-1,-1
303,15,897.48,316.38,66.41,218.96,-1,-1,-1,-1
304,15,900.47,325.48,62.74,216.08,-1,-1,-1,-1
305,15,901.90,325.55,60.45,215.51,-1,-1,-1,-1
306,15,903.00,332.70,58.58,216.10,-1,-1,-1,-1
307,15,903.28,333.99,57.94,213.95,-1,-1,-1,-1
308,15,905.23,342.03,55.04,214.98,-1,-1,-1,-1
309,15,906.64,343.16,52.31,213.94,-1,-1,-1,-1
310,15,905.30,343.19,54.97,213.18,-1,-1,-1,-1
311,15,905.98,351.44,54.24,211.70,-1,-1,-1,-1
312,15,909.58,349.58,56.04,214.59,-1,-1,-1,-1
313,15,910.99,349.91,54.48,216.12,-1,-1,-1,-1
314,15,911.81,350.26,55.94,215.07,-1,-1,-1,-1
315,15,911.61,357.24,57.51,216.36,-1,-1,-1,-1
316,15,910.17,355.32,60.69,219.87,-1,-1,-1,-1
317,15,909.90,352.72,62.70,225.72,-1,-1,-1,-1
318,15,910.18,360.82,62.41,225.05,-1,-1,-1,-1
319,15,913.77,357.41,64.35,230.32,-1,-1,-1,-1
320,15,912.66,356.66,68.16,232.66,-1,-1,-1,-1
321,15,914.21,353.80,66.47,239.92,-1,-1,-1,-1
322,15,913.70,362.50,70.03,237.33,-1,-1,-1,-1
323,15,912.76,362.81,71.41,236.36,-1,-1,-1,-1
324,15,914.87,370.87,67.96,239.12,-1,-1,-1,-1
325,15,914.06,369.51,69.85,242.48,-1,-1,-1,-1
326,15,914.40,377.38,69.06,241.58,-1,-1,-1,-1
327,15,912.66,375.77,72.90,244.52,-1,-1,-1,-1
328,15,919.35,374.76,70.56,249.04,-1,-1,-1,-1
329,15,919.11,373.24,71.27,250.50,-1,-1,-1,-1
330,15,921.46,383.17,70.38,248.61,-1,-1,-1,-1
331,15,924.39,382.58,75.67,249.06,-1,-1,-1,-1
332,15,922.80,381.06,80.68,252.21,-1,-1,-1,-1
333,15,923.05,390.77,80.76,248.02,-1,-1,-1,-1
334,15,922.07,397.96,82.84,249.03,-1,-1,-1,-1
335,15,921.27,397.87,84.63,249.59,-1,-1,-1,-1
336,15,923.07,407.35,81.45,247.89,-1,-1,-1,-1
337,15,922.13,406.42,83.61,250.72,-1,-1,-1,-1
338,15,923.38,415.93,81.26,248.85,-1,-1,-1,-1
339,15,924.37,414.41,79.49,251.98,-1,-1,-1,-1
340,15,927.04,421.72,87.13,251.73,-1,-1,-1,-1
341,15,925.26,431.02,91.77,248.83,-1,-1,-1,-1
342,15,928.42,430.35,85.95,251.03,-1,-1,-1,-1
343,15,928.79,438.29,86.63,251.26,-1,-1,-1,-1
344,15,930.01,447.60,84.66,250.85,-1,-1,-1,-1
345,15,930.62,447.12,84.18,251.36,-1,-1,-1,-1
346,15,933.39,454.82,79.13,251.43,-1,-1,-1,-1
347,15,933.60,453.45,78.67,255.45,-1,-1,-1,-1
348,15,936.97,461.38,83.68,253.49,-1,-1,-1,-1
349,15,936.72,462.12,84.73,253.96,-1,-1,-1,-1
350,15,939.31,470.35,80.09,250.00,-1,-1,-1,-1
351,15,938.87,470.43,81.85,251.48,-1,-1,-1,-1
352,15,939.31,479.98,80.90,247.02,-1,-1,-1,-1
353,15,940.23,487.81,80.07,245.04,-1,-1,-1,-1
354,15,943.24,487.11,74.34,249.40,-1,-1,-1,-1
355,15,942.35,485.35,77.32,254.43,-1,-1,-1,-1
356,15,942.30,484.20,76.59,258.30,-1,-1,-1,-1
357,15,942.96,493.07,76.56,252.68,-1,-1,-1,-1
358,15,944.79,503.13,83.94,245.77,-1,-1,-1,-1
359,15,943.79,503.00,86.40,246.41,-1,-1,-1,-1
360,15,944.54,513.55,87.41,242.16,-1,-1,-1,-1
361,15,945.32,520.97,87.77,239.78,-1,-1,-1,-1
362,15,948.94,522.65,80.29,240.20,-1,-1,-1,-1
363,15,952.36,529.15,84.49,240.29,-1,-1,-1,-1
364,15,953.19,529.56,85.22,240.10,-1,-1,-1,-1
365,15,955.52,529.57,81.20,240.70,-1,-1,-1,-1
366,15,954.83,535.28,82.93,242.38,-1,-1,-1,-1
367,15,949.93,536.39,92.78,242.06,-1,-1,-1,-1
368,15,952.07,544.27,88.73,239.02,-1,-1,-1,-1
369,15,950.07,545.42,93.92,237.74,-1,-1,-1,-1
370,15,952.11,545.92,90.40,239.96,-1,-1,-1,-1
371,15,951.05,550.94,92.12,242.45,-1,-1,-1,-1
372,15,951.78,551.49,90.22,244.15,-1,-1,-1,-1
373,15,952.04,550.98,90.08,249.32,-1,-1,-1,-1
374,15,957.57,549.49,90.45,255.65,-1,-1,-1,-1
375,15,956.82,555.79,92.57,252.15,-1,-1,-1,-1
376,15,956.49,556.70,95.72,252.27,-1,-1,-1,-1
377,15,956.18,561.79,96.80,252.52,-1,-1,-1,-1
378,15,957.52,561.08,95.16,258.48,-1,-1,-1,-1
379,15,958.26,567.13,93.78,257.11,-1,-1,-1,-1
380,15,957.85,565.94,94.83,263.04,-1,-1,-1,-1
381,15,959.30,565.67,92.23,265.95,-1,-1,-1,-1
382,15,959.10,570.76,91.34,270.48,-1,-1,-1,-1
383,15,961.52,570.45,87.40,276.02,-1,-1,-1,-1
384,15,965.42,579.63,90.98,267.57,-1,-1,-1,-1
385,15,966.85,588.92,88.86,262.29,-1,-1,-1,-1
386,15,968.54,588.48,86.43,265.38,-1,-1,-1,-1
387,15,971.06,588.99,81.27,266.76,-1,-1,-1,-1
388,15,971.29,588.09,81.64,272.29,-1,-1,-1,-1
389,15,973.66,589.65,76.97,268.16,-1,-1,-1,-1
390,15,973.97,589.70,77.32,270.41,-1,-1,-1,-1
391,15,976.86,600.49,83.54,256.70,-1,-1,-1,-1
392,15,978.36,599.15,82.41,259.36,-1,-1,-1,-1
393,15,982.02,599.83,77.27,261.95,-1,-1,-1,-1
394,15,981.54,609.16,77.32,256.01,-1,-1,-1,-1
395,15,982.77,607.24,75.84,263.31,-1,-1,-1,-1
360,16,1021.17,726.96,95.02,211.85,-1,-1,-1,-1
361,16,1022.72,727.36,93.31,210.67,-1,-1,-1,-1
362,16,1023.73,727.77,92.35,210.11,-1,-1,-1,-1
363,16,1029.57,727.97,90.32,210.52,-1,-1,-1,-1
364,16,1029.58,728.15,91.63,210.23,-1,-1,-1,-1
365,16,1032.90,729.11,87.58,208.58,-1,-1,-1,-1
366,16,1033.56,729.87,87.28,207.43,-1,-1,-1,-1
367,16,1033.92,729.61,87.90,207.01,-1,-1,-1,-1
368,16,1040.40,729.68,84.87,208.81,-1,-1,-1,-1
369,16,1039.41,730.26,88.12,206.06,-1,-1,-1,-1
370,16,1042.44,730.62,84.42,205.60,-1,-1,-1,-1
371,16,1044.42,730.23,81.50,206.73,-1,-1,-1,-1
372,16,1044.80,730.57,81.61,205.56,-1,-1,-1,-1
373,16,1046.33,737.28,78.58,204.34,-1,-1,-1,-1
374,16,1044.83,737.04,81.37,205.88,-1,-1,-1,-1
375,16,1045.86,737.47,79.31,205.54,-1,-1,-1,-1
376,16,1049.66,736.60,82.04,207.43,-1,-1,-1,-1
377,16,1051.30,736.34,80.96,206.64,-1,-1,-1,-1
378,16,1053.92,736.89,78.05,206.03,-1,-1,-1,-1
379,16,1053.14,736.18,80.09,206.99,-1,-1,-1,-1
380,16,1053.86,736.67,79.03,206.36,-1,-1,-1,-1
381,16,1054.60,736.84,78.02,208.11,-1,-1,-1,-1
382,16,1061.95,728.90,73.78,214.23,-1,-1,-1,-1
383,16,1061.61,738.96,74.81,207.95,-1,-1,-1,-1
384,16,1058.86,739.19,80.66,204.68,-1,-1,-1,-1
385,16,1060.30,738.65,78.94,204.80,-1,-1,-1,-1
386,16,1061.50,738.16,79.71,204.99,-1,-1,-1,-1
387,16,1061.45,738.80,78.91,203.79,-1,-1,-1,-1
388,16,1063.31,739.48,76.67,203.13,-1,-1,-1,-1
389,16,1065.23,740.84,72.23,200.04,-1,-1,-1,-1
390,16,1065.39,739.82,71.91,201.16,-1,-1,-1,-1
391,16,1070.81,739.77,71.62,200.35,-1,-1,-1,-1
392,16,1073.52,733.98,68.79,199.19,-1,-1,-1,-1
393,16,1077.22,733.96,64.60,203.16,-1,-1,-1,-1
394,16,1078.33,735.20,61.58,197.48,-1,-1,-1,-1
395,16,1078.57,735.73,61.13,196.63,-1,-1,-1,-1
396,16,1079.18,734.13,61.38,199.34,-1,-1,-1,-1
397,16,1084.07,733.52,60.98,202.58,-1,-1,-1,-1
398,16,1083.52,724.56,64.19,213.67,-1,-1,-1,-1
399,16,1083.91,723.45,62.76,212.43,-1,-1,-1,-1
400,16,1083.82,724.51,63.47,208.52,-1,-1,-1,-1
401,16,1084.99,723.99,61.17,204.09,-1,-1,-1,-1
402,16,1086.00,723.77,61.55,204.49,-1,-1,-1,-1
403,16,1086.72,723.32,61.92,207.14,-1,-1,-1,-1
404,16,1087.55,715.99,58.81,209.47,-1,-1,-1,-1
405,16,1087.03,714.31,59.69,210.00,-1,-1,-1,-1
406,16,1086.56,714.48,61.56,209.56,-1,-1,-1,-1
407,16,1087.54,714.78,59.17,208.33,-1,-1,-1,-1
408,16,1087.05,713.17,61.87,207.34,-1,-1,-1,-1
409,16,1089.60,705.12,64.37,210.44,-1,-1,-1,-1
410,16,1088.88,704.29,67.64,210.26,-1,-1,-1,-1
411,16,1090.40,704.26,65.80,206.80,-1,-1,-1,-1
412,16,1092.88,705.87,63.02,211.03,-1,-1,-1,-1
413,16,1093.52,705.79,61.92,209.98,-1,-1,-1,-1
414,16,1093.75,698.09,63.06,216.37,-1,-1,-1,-1
415,16,1093.93,699.33,62.40,216.67,-1,-1,-1,-1
416,16,1095.30,698.93,61.27,210.23,-1,-1,-1,-1
417,16,1097.20,691.86,64.41,216.49,-1,-1,-1,-1
418,16,1098.39,691.20,63.18,216.53,-1,-1,-1,-1
419,16,1101.40,692.00,60.07,213.89,-1,-1,-1,-1
420,16,1102.04,691.31,59.09,212.66,-1,-1,-1,-1
421,16,1102.00,691.34,59.62,211.14,-1,-1,-1,-1
422,16,1103.80,690.94,56.04,207.55,-1,-1,-1,-1
423,16,1105.30,681.59,55.00,214.63,-1,-1,-1,-1
424,16,1109.81,681.15,55.32,211.58,-1,-1,-1,-1
425,16,1111.67,673.40,54.21,218.04,-1,-1,-1,-1
426,16,1112.54,672.67,54.15,211.73,-1,-1,-1,-1
427,16,1111.97,673.06,55.39,209.58,-1,-1,-1,-1
428,16,1113.24,673.92,53.71,209.18,-1,-1,-1,-1
429,16,1113.63,672.17,55.06,207.95,-1,-1,-1,-1
430,16,1114.61,672.88,53.50,207.41,-1,-1,-1,-1
431,16,1110.58,664.13,61.69,209.74,-1,-1,-1,-1
432,16,1110.30,664.12,62.02,208.75,-1,-1,-1,-1
433,16,1111.06,653.30,61.26,217.10,-1,-1,-1,-1
434,16,1119.84,654.45,53.72,215.54,-1,-1,-1,-1
435,16,1119.57,654.04,53.93,214.29,-1,-1,-1,-1
436,16,1119.72,654.35,56.14,211.54,-1,-1,-1,-1
437,16,1120.05,645.30,56.93,216.01,-1,-1,-1,-1
438,16,1120.76,646.18,56.04,212.47,-1,-1,-1,-1
439,16,1121.08,645.09,56.76,213.09,-1,-1,-1,-1
440,16,1126.98,637.21,53.38,213.89,-1,-1,-1,-1
441,16,1126.43,626.84,55.67,220.16,-1,-1,-1,-1
442,16,1129.19,628.80,52.09,215.86,-1,-1,-1,-1
443,16,1129.87,627.58,51.47,217.63,-1,-1,-1,-1
444,16,1130.74,628.39,48.95,215.23,-1,-1,-1,-1
445,16,1131.59,628.33,47.26,215.26,-1,-1,-1,-1
446,16,1130.81,618.14,50.47,222.70,-1,-1,-1,-1
447,16,1131.50,607.65,60.15,227.84,-1,-1,-1,-1
448,16,1135.29,608.33,53.65,226.59,-1,-1,-1,-1
449,16,1134.59,609.90,56.96,223.59,-1,-1,-1,-1
450,16,1135.83,609.45,57.12,222.52,-1,-1,-1,-1
451,16,1136.83,601.42,54.67,224.60,-1,-1,-1,-1
452,16,1136.43,603.16,56.47,218.80,-1,-1,-1,-1
453,16,1140.86,594.22,57.33,223.04,-1,-1,-1,-1
454,16,1143.31,595.04,53.18,220.28,-1,-1,-1,-1
455,16,1145.59,595.27,49.61,218.72,-1,-1,-1,-1
456,16,1147.58,587.46,47.63,220.85,-1,-1,-1,-1
457,16,1146.48,588.00,50.90,219.65,-1,-1,-1,-1
458,16,1148.99,580.97,45.61,219.26,-1,-1,-1,-1
459,16,1150.92,582.82,41.42,215.10,-1,-1,-1,-1
460,16,1150.99,583.95,41.91,213.52,-1,-1,-1,-1
461,16,1154.75,575.93,32.24,222.07,-1,-1,-1,-1
462,16,1153.99,576.97,34.70,218.70,-1,-1,-1,-1
463,16,1151.00,574.80,41.86,224.04,-1,-1,-1,-1
464,16,1151.17,576.04,41.76,219.53,-1,-1,-1,-1
465,16,1146.49,565.41,52.63,229.65,-1,-1,-1,-1
466,16,1154.18,562.21,45.76,237.30,-1,-1,-1,-1
467,16,1150.22,555.01,55.06,239.73,-1,-1,-1,-1
468,16,1156.23,555.18,44.42,234.38,-1,-1,-1,-1
469,16,1157.92,556.78,42.48,231.48,-1,-1,-1,-1
470,16,1152.58,547.85,55.02,235.05,-1,-1,-1,-1
471,16,1147.50,536.74,65.82,245.85,-1,-1,-1,-1
472,16,1151.24,537.41,59.26,241.22,-1,-1,-1,-1
473,16,1148.32,526.35,74.85,246.82,-1,-1,-1,-1
474,16,1150.59,526.77,72.61,248.62,-1,-1,-1,-1
475,16,1151.06,525.61,72.31,251.08,-1,-1,-1,-1
476,16,1148.73,518.05,77.10,252.23,-1,-1,-1,-1
477,16,1151.41,519.01,72.82,248.80,-1,-1,-1,-1
478,16,1152.70,520.54,69.92,246.71,-1,-1,-1,-1
479,16,1152.11,512.87,70.83,246.26,-1,-1,-1,-1
480,16,1156.49,513.99,60.68,240.41,-1,-1,-1,-1
481,16,1151.19,506.60,73.27,239.01,-1,-1,-1,-1
482,16,1154.68,507.92,66.87,234.51,-1,-1,-1,-1
483,16,1156.51,508.14,63.61,231.81,-1,-1,-1,-1
484,16,1155.28,501.18,66.46,235.16,-1,-1,-1,-1
485,16,1160.66,499.66,66.26,240.74,-1,-1,-1,-1
486,16,1152.41,491.45,83.90,240.11,-1,-1,-1,-1
406,17,991.74,660.58,87.59,231.32,-1,-1,-1,-1
407,17,991.67,661.22,88.23,231.57,-1,-1,-1,-1
408,17,992.56,662.86,87.29,229.49,-1,-1,-1,-1
409,17,995.15,664.77,83.78,226.13,-1,-1,-1,-1
410,17,997.48,671.88,80.26,223.11,-1,-1,-1,-1
411,17,998.06,673.64,79.41,220.13,-1,-1,-1,-1
412,17,1004.81,675.03,75.71,223.03,-1,-1,-1,-1
413,17,1007.01,674.56,71.84,225.39,-1,-1,-1,-1
414,17,1009.70,681.15,68.11,223.42,-1,-1,-1,-1
415,17,1010.66,683.48,67.17,225.17,-1,-1,-1,-1
416,17,1013.04,683.43,62.01,219.43,-1,-1,-1,-1
417,17,1015.58,684.69,58.93,219.59,-1,-1,-1,-1
418,17,1015.92,684.45,59.61,221.11,-1,-1,-1,-1
419,17,1015.57,685.33,60.61,222.08,-1,-1,-1,-1
420,17,1021.86,685.32,54.98,221.41,-1,-1,-1,-1
421,17,1022.56,691.22,55.68,219.76,-1,-1,-1,-1
422,17,1025.57,693.11,50.69,215.72,-1,-1,-1,-1
423,17,1027.78,694.77,48.55,213.41,-1,-1,-1,-1
424,17,1027.59,695.58,49.31,211.55,-1,-1,-1,-1
425,17,1027.85,692.66,51.43,218.29,-1,-1,-1,-1
426,17,1027.91,691.69,51.74,218.77,-1,-1,-1,-1
427,17,1029.42,692.57,48.94,217.62,-1,-1,-1,-1
428,17,1029.42,694.23,48.52,214.86,-1,-1,-1,-1
429,17,1031.24,701.54,52.46,212.92,-1,-1,-1,-1
430,17,1031.09,701.20,53.97,213.77,-1,-1,-1,-1
431,17,1033.16,700.64,52.46,217.11,-1,-1,-1,-1
432,17,1032.91,703.12,55.19,212.70,-1,-1,-1,-1
433,17,1033.07,709.76,54.33,211.96,-1,-1,-1,-1
434,17,1034.39,710.08,53.63,212.32,-1,-1,-1,-1
435,17,1034.66,709.94,53.78,211.84,-1,-1,-1,-1
436,17,1034.63,709.65,54.41,212.22,-1,-1,-1,-1
437,17,1034.77,709.29,54.52,214.05,-1,-1,-1,-1
438,17,1038.85,708.66,54.01,215.94,-1,-1,-1,-1
439,17,1040.63,710.68,52.61,213.34,-1,-1,-1,-1
440,17,1040.98,718.75,55.69,211.52,-1,-1,-1,-1
441,17,1041.29,718.73,55.88,211.43,-1,-1,-1,-1
442,17,1041.72,720.09,55.74,209.13,-1,-1,-1,-1
443,17,1042.05,720.48,55.40,208.36,-1,-1,-1,-1
444,17,1045.95,719.27,55.46,210.96,-1,-1,-1,-1
445,17,1045.56,718.49,57.07,211.60,-1,-1,-1,-1
446,17,1048.64,720.99,54.85,208.71,-1,-1,-1,-1
447,17,1046.81,726.44,57.73,212.73,-1,-1,-1,-1
448,17,1048.64,726.93,56.52,210.97,-1,-1,-1,-1
449,17,1048.29,725.58,58.02,212.61,-1,-1,-1,-1
450,17,1045.90,723.45,63.79,215.52,-1,-1,-1,-1
451,17,1051.57,724.21,61.64,216.50,-1,-1,-1,-1
452,17,1050.62,723.91,64.18,216.47,-1,-1,-1,-1
453,17,1052.42,724.78,62.86,216.26,-1,-1,-1,-1
454,17,1053.61,724.34,60.25,216.65,-1,-1,-1,-1
455,17,1054.67,725.33,58.38,215.34,-1,-1,-1,-1
456,17,1053.75,724.29,62.57,215.96,-1,-1,-1,-1
457,17,1055.33,723.70,59.94,217.23,-1,-1,-1,-1
458,17,1055.16,724.87,60.09,214.44,-1,-1,-1,-1
459,17,1054.31,724.19,62.98,215.69,-1,-1,-1,-1
460,17,1062.52,720.78,57.71,221.23,-1,-1,-1,-1
461,17,1062.69,713.79,56.77,222.23,-1,-1,-1,-1
462,17,1065.03,713.70,52.87,222.69,-1,-1,-1,-1
463,17,1066.13,715.67,51.52,219.35,-1,-1,-1,-1
464,17,1065.34,725.48,52.81,214.24,-1,-1,-1,-1
465,17,1064.24,715.26,57.11,220.11,-1,-1,-1,-1
466,17,1065.62,724.21,55.51,215.56,-1,-1,-1,-1
467,17,1065.47,714.06,55.86,221.51,-1,-1,-1,-1
468,17,1070.67,712.22,54.42,223.50,-1,-1,-1,-1
469,17,1066.11,714.17,55.09,221.43,-1,-1,-1,-1
470,17,1070.81,715.96,54.17,218.30,-1,-1,-1,-1
471,17,1070.29,717.10,57.32,215.80,-1,-1,-1,-1
472,17,1073.12,717.33,53.80,215.51,-1,-1,-1,-1
473,17,1073.02,723.99,54.52,215.32,-1,-1,-1,-1
474,17,1073.31,724.59,55.58,213.16,-1,-1,-1,-1
475,17,1070.53,716.86,62.30,215.59,-1,-1,-1,-1
476,17,1072.00,715.80,59.92,215.18,-1,-1,-1,-1
477,17,1070.75,717.24,60.61,215.04,-1,-1,-1,-1
478,17,1075.48,717.08,60.83,215.89,-1,-1,-1,-1
479,17,1075.06,717.63,62.91,215.36,-1,-1,-1,-1
480,17,1077.52,715.40,59.87,215.46,-1,-1,-1,-1
481,17,1078.37,716.70,59.07,212.74,-1,-1,-1,-1
482,17,1078.46,710.09,60.07,214.76,-1,-1,-1,-1
483,17,1078.55,709.63,60.70,215.28,-1,-1,-1,-1
484,17,1079.43,708.92,60.16,215.34,-1,-1,-1,-1
485,17,1079.28,709.12,60.03,213.75,-1,-1,-1,-1
486,17,1078.93,709.05,61.99,212.28,-1,-1,-1,-1
487,17,1076.90,703.35,64.68,212.30,-1,-1,-1,-1
488,17,1077.41,709.47,64.48,212.02,-1,-1,-1,-1
489,17,1079.07,702.34,70.30,213.91,-1,-1,-1,-1
490,17,1080.58,700.44,69.96,214.23,-1,-1,-1,-1
491,17,1082.45,700.63,68.47,214.06,-1,-1,-1,-1
492,17,1084.01,701.24,67.15,214.19,-1,-1,-1,-1
493,17,1081.77,692.83,71.82,217.04,-1,-1,-1,-1
494,17,1085.79,693.43,72.42,216.68,-1,-1,-1,-1
495,17,1084.90,692.27,75.75,219.00,-1,-1,-1,-1
496,17,1087.84,693.26,71.67,217.01,-1,-1,-1,-1
497,17,1086.92,685.61,71.83,217.71,-1,-1,-1,-1
498,17,1087.75,685.42,71.88,217.59,-1,-1,-1,-1
499,17,1088.08,684.47,71.15,218.04,-1,-1,-1,-1
500,17,1089.84,684.31,67.33,218.24,-1,-1,-1,-1
458,18,1208.15,284.98,87.94,213.84,-1,-1,-1,-1
459,18,1215.36,277.52,88.28,215.03,-1,-1,-1,-1
460,18,1216.37,274.80,86.32,217.96,-1,-1,-1,-1
461,18,1215.97,273.86,87.12,219.42,-1,-1,-1,-1
462,18,1216.65,274.08,86.32,219.49,-1,-1,-1,-1
463,18,1217.41,267.19,85.90,218.55,-1,-1,-1,-1
464,18,1217.72,260.56,85.55,217.27,-1,-1,-1,-1
465,18,1217.56,265.50,85.73,220.56,-1,-1,-1,-1
471,18,1226.85,242.60,82.66,221.18,-1,-1,-1,-1
472,18,1227.33,241.80,81.31,219.67,-1,-1,-1,-1
473,18,1225.41,240.90,85.57,221.55,-1,-1,-1,-1
474,18,1227.08,238.95,83.14,223.73,-1,-1,-1,-1
475,18,1235.04,235.87,78.29,218.34,-1,-1,-1,-1
476,18,1236.25,233.05,76.38,222.34,-1,-1,-1,-1
477,18,1239.42,226.26,73.17,220.84,-1,-1,-1,-1
478,18,1240.68,226.07,71.43,220.71,-1,-1,-1,-1
479,18,1241.14,222.32,71.51,225.05,-1,-1,-1,-1
480,18,1241.26,216.37,70.89,223.82,-1,-1,-1,-1
481,18,1243.46,214.40,66.98,225.16,-1,-1,-1,-1
482,18,1243.36,216.49,66.89,220.68,-1,-1,-1,-1
483,18,1247.45,210.52,58.41,217.61,-1,-1,-1,-1
484,18,1248.64,211.88,55.87,213.37,-1,-1,-1,-1
485,18,1251.93,205.31,48.73,213.73,-1,-1,-1,-1
486,18,1251.96,205.15,51.49,211.30,-1,-1,-1,-1
487,18,1252.89,200.66,49.54,209.29,-1,-1,-1,-1
488,18,1254.65,200.38,46.36,205.52,-1,-1,-1,-1
489,18,1259.10,199.95,44.48,207.12,-1,-1,-1,-1
490,18,1262.17,192.92,38.06,206.56,-1,-1,-1,-1
491,18,1264.78,195.79,35.57,201.64,-1,-1,-1,-1
492,18,1266.38,185.93,34.01,206.16,-1,-1,-1,-1
493,18,1265.30,187.08,38.11,205.35,-1,-1,-1,-1
494,18,1264.92,186.41,38.72,204.92,-1,-1,-1,-1
495,18,1270.85,176.71,36.94,212.25,-1,-1,-1,-1
496,18,1261.14,180.61,58.12,217.78,-1,-1,-1,-1
497,18,1262.21,171.98,61.07,221.43,-1,-1,-1,-1
498,18,1264.97,174.91,54.21,214.29,-1,-1,-1,-1
499,18,1266.33,174.29,52.26,214.26,-1,-1,-1,-1
500,18,1267.63,175.18,49.66,212.50,-1,-1,-1,-1
467,19,1225.32,256.84,83.81,221.47,-1,-1,-1,-1
