1,1,910,438,100,200,1,1,1.0
1,2,1425,174,84,200,1,1,1.0
1,3,1445,677,98,200,1,1,1.0
1,4,960,469,74,200,1,1,1.0
1,5,434,160,62,200,1,1,1.0
1,6,377,664,78,200,1,1,1.0
2,1,902,457,86,200,1,1,1.0
2,2,1422,162,74,200,1,1,1.0
2,3,1447,668,106,200,1,1,1.0
2,4,975,488,74,200,1,1,1.0
2,5,441,160,66,200,1,1,1.0
2,6,373,653,74,200,1,1,1.0
3,1,881,465,98,200,1,1,1.0
3,2,1411,150,80,200,1,1,1.0
3,3,1457,666,100,200,1,1,1.0
3,4,986,502,82,200,1,1,1.0
3,5,453,152,60,200,1,1,1.0
3,6,365,648,78,200,1,1,1.0
4,1,872,482,86,200,1,1,1.0
4,2,1405,161,74,200,1,1,1.0
4,3,1461,656,104,200,1,1,1.0
4,4,1007,514,72,200,1,1,1.0
4,5,463,144,58,200,1,1,1.0
4,6,367,633,64,200,1,1,1.0
5,1,853,501,94,200,1,1,1.0
5,2,1390,153,86,200,1,1,1.0
5,3,1469,646,98,200,1,1,1.0
5,4,1016,537,82,200,1,1,1.0
5,5,474,150,56,200,1,1,1.0
5,6,355,633,78,200,1,1,1.0
6,1,841,513,88,200,1,1,1.0
6,2,1384,141,78,200,1,1,1.0
6,3,1474,632,100,200,1,1,1.0
6,4,1031,557,82,200,1,1,1.0
6,5,480,147,64,200,1,1,1.0
6,6,355,610,68,200,1,1,1.0
7,1,821,524,98,200,1,1,1.0
7,2,1369,147,88,200,1,1,1.0
7,3,1476,625,106,200,1,1,1.0
7,4,1051,562,72,200,1,1,1.0
7,5,494,136,56,200,1,1,1.0
7,6,349,604,72,200,1,1,1.0
8,1,807,547,96,200,1,1,1.0
8,2,1365,146,76,200,1,1,1.0
8,3,1482,614,102,200,1,1,1.0
8,4,1062,571,80,200,1,1,1.0
8,5,499,141,66,200,1,1,1.0
8,6,344,588,72,200,1,1,1.0
9,1,795,561,90,200,1,1,1.0
9,2,1349,142,88,200,1,1,1.0
9,3,1489,599,98,200,1,1,1.0
9,4,1080,596,74,200,1,1,1.0
9,5,510,148,66,200,1,1,1.0
9,6,337,573,80,200,1,1,1.0
10,1,781,579,88,200,1,1,1.0
10,2,1342,136,80,200,1,1,1.0
10,3,1489,585,104,200,1,1,1.0
10,4,1090,606,82,200,1,1,1.0
10,5,524,143,60,200,1,1,1.0
10,6,341,569,64,200,1,1,1.0
11,1,767,582,88,200,1,1,1.0
11,2,1333,140,78,200,1,1,1.0
11,3,1495,572,100,200,1,1,1.0
11,4,1103,616,86,200,1,1,1.0
11,5,537,137,56,200,1,1,1.0
11,6,337,542,68,200,1,1,1.0
12,1,753,599,86,200,1,1,1.0
12,2,1320,146,80,200,1,1,1.0
12,3,1496,557,104,200,1,1,1.0
12,4,1117,634,86,200,1,1,1.0
12,5,548,138,58,200,1,1,1.0
12,6,330,531,76,200,1,1,1.0
13,1,739,609,86,200,1,1,1.0
13,2,1306,143,86,200,1,1,1.0
13,3,1502,539,98,200,1,1,1.0
13,4,1138,633,72,200,1,1,1.0
13,5,558,153,62,200,1,1,1.0
13,6,327,521,78,200,1,1,1.0
14,1,724,621,86,200,1,1,1.0
14,2,1298,144,78,200,1,1,1.0
14,3,1506,519,94,200,1,1,1.0
14,4,1151,648,74,200,1,1,1.0
14,5,570,153,62,200,1,1,1.0
14,6,326,505,76,200,1,1,1.0
15,1,711,641,84,200,1,1,1.0
15,2,1288,145,76,200,1,1,1.0
15,3,1505,518,100,200,1,1,1.0
15,4,1163,665,78,200,1,1,1.0
15,5,585,155,56,200,1,1,1.0
15,6,331,481,64,200,1,1,1.0
16,1,692,641,94,200,1,1,1.0
16,2,1270,160,86,200,1,1,1.0
16,3,1506,499,102,200,1,1,1.0
16,4,1173,671,86,200,1,1,1.0
16,5,596,170,58,200,1,1,1.0
16,6,325,475,72,200,1,1,1.0
17,1,679,651,92,200,1,1,1.0
17,2,1261,167,80,200,1,1,1.0
17,3,1509,482,98,200,1,1,1.0
17,4,1193,675,74,200,1,1,1.0
17,5,611,171,54,200,1,1,1.0
17,6,325,463,72,200,1,1,1.0
18,1,664,668,94,200,1,1,1.0
18,2,1248,168,82,200,1,1,1.0
18,3,1511,466,96,200,1,1,1.0
18,4,1206,692,74,200,1,1,1.0
18,5,616,169,70,200,1,1,1.0
18,6,323,445,76,200,1,1,1.0
19,1,653,672,88,200,1,1,1.0
19,2,1237,178,78,200,1,1,1.0
19,3,1510,455,98,200,1,1,1.0
19,4,1213,693,86,200,1,1,1.0
19,5,635,177,58,200,1,1,1.0
19,6,326,430,70,200,1,1,1.0
20,1,638,684,92,200,1,1,1.0
20,2,1221,182,84,200,1,1,1.0
20,3,1510,430,98,200,1,1,1.0
20,4,1228,711,82,200,1,1,1.0
20,5,642,193,70,200,1,1,1.0
20,6,323,409,76,200,1,1,1.0
21,1,626,691,88,200,1,1,1.0
21,2,1207,187,86,200,1,1,1.0
21,3,1512,417,94,200,1,1,1.0
21,4,1242,705,80,200,1,1,1.0
21,5,656,203,68,200,1,1,1.0
21,6,325,400,74,200,1,1,1.0
22,1,609,696,96,200,1,1,1.0
22,2,1194,189,84,200,1,1,1.0
22,3,1509,404,100,200,1,1,1.0
22,4,1254,716,82,200,1,1,1.0
22,5,673,215,62,200,1,1,1.0
22,6,329,392,68,200,1,1,1.0
23,1,597,700,94,200,1,1,1.0
23,2,1182,205,82,200,1,1,1.0
23,3,1504,386,106,200,1,1,1.0
23,4,1270,726,74,200,1,1,1.0
23,5,689,218,58,200,1,1,1.0
23,6,332,374,66,200,1,1,1.0
24,1,583,707,96,200,1,1,1.0
24,2,1166,209,86,200,1,1,1.0
24,3,1511,375,90,200,1,1,1.0
24,4,1283,731,72,200,1,1,1.0
24,5,703,224,58,200,1,1,1.0
24,6,335,361,64,200,1,1,1.0
25,1,569,717,100,200,1,1,1.0
25,2,1151,226,88,200,1,1,1.0
25,3,1502,354,104,200,1,1,1.0
25,4,1290,733,82,200,1,1,1.0
25,5,714,236,64,200,1,1,1.0
25,6,331,339,76,200,1,1,1.0
26,1,558,732,98,200,1,1,1.0
26,2,1140,228,82,200,1,1,1.0
26,3,1501,345,102,200,1,1,1.0
26,4,1306,733,74,200,1,1,1.0
26,5,733,256,54,200,1,1,1.0
26,6,337,318,70,200,1,1,1.0
27,1,548,725,92,200,1,1,1.0
27,2,1127,242,80,200,1,1,1.0
27,3,1502,335,94,200,1,1,1.0
27,4,1315,734,80,200,1,1,1.0
27,5,745,257,58,200,1,1,1.0
27,6,335,315,80,200,1,1,1.0
28,1,535,726,96,200,1,1,1.0
28,2,1113,254,80,200,1,1,1.0
28,3,1500,311,94,200,1,1,1.0
28,4,1323,737,86,200,1,1,1.0
28,5,758,275,62,200,1,1,1.0
28,6,340,306,78,200,1,1,1.0
29,1,521,733,100,200,1,1,1.0
29,2,1100,273,76,200,1,1,1.0
29,3,1490,312,106,200,1,1,1.0
29,4,1339,742,76,200,1,1,1.0
29,5,771,286,64,200,1,1,1.0
29,6,348,285,68,200,1,1,1.0
30,1,511,741,98,200,1,1,1.0
30,2,1086,284,76,200,1,1,1.0
30,3,1492,300,96,200,1,1,1.0
30,4,1345,732,86,200,1,1,1.0
30,5,790,309,56,200,1,1,1.0
30,6,353,273,68,200,1,1,1.0
31,1,506,743,84,200,1,1,1.0
31,2,1071,292,76,200,1,1,1.0
31,3,1488,274,94,200,1,1,1.0
31,4,1357,745,82,200,1,1,1.0
31,5,802,314,62,200,1,1,1.0
31,6,353,267,76,200,1,1,1.0
32,1,489,736,98,200,1,1,1.0
32,2,1058,303,74,200,1,1,1.0
32,3,1479,269,104,200,1,1,1.0
32,4,1371,730,74,200,1,1,1.0
32,5,819,330,58,200,1,1,1.0
32,6,362,242,68,200,1,1,1.0
33,1,483,740,88,200,1,1,1.0
33,2,1038,316,84,200,1,1,1.0
33,3,1474,250,104,200,1,1,1.0
33,4,1376,733,84,200,1,1,1.0
33,5,835,337,56,200,1,1,1.0
33,6,365,236,74,200,1,1,1.0
34,1,474,734,86,200,1,1,1.0
34,2,1020,341,90,200,1,1,1.0
34,3,1473,247,96,200,1,1,1.0
34,4,1388,732,80,200,1,1,1.0
34,5,849,365,56,200,1,1,1.0
34,6,374,231,66,200,1,1,1.0
35,1,460,738,94,200,1,1,1.0
35,2,1010,357,80,200,1,1,1.0
35,3,1470,233,92,200,1,1,1.0
35,4,1396,731,82,200,1,1,1.0
35,5,861,374,64,200,1,1,1.0
35,6,376,213,74,200,1,1,1.0
36,1,453,732,88,200,1,1,1.0
36,2,995,363,80,200,1,1,1.0
36,3,1462,223,96,200,1,1,1.0
36,4,1406,732,80,200,1,1,1.0
36,5,879,394,58,200,1,1,1.0
36,6,384,200,72,200,1,1,1.0
37,1,437,727,100,200,1,1,1.0
37,2,982,383,76,200,1,1,1.0
37,3,1452,205,104,200,1,1,1.0
37,4,1412,719,86,200,1,1,1.0
37,5,894,407,58,200,1,1,1.0
37,6,389,195,74,200,1,1,1.0
38,1,433,719,90,200,1,1,1.0
38,2,962,401,86,200,1,1,1.0
38,3,1448,209,98,200,1,1,1.0
38,4,1420,714,86,200,1,1,1.0
38,5,903,419,70,200,1,1,1.0
38,6,395,190,76,200,1,1,1.0
39,1,421,721,96,200,1,1,1.0
39,2,948,415,84,200,1,1,1.0
39,3,1442,189,96,200,1,1,1.0
39,4,1430,709,82,200,1,1,1.0
39,5,921,438,64,200,1,1,1.0
39,6,404,184,74,200,1,1,1.0
40,1,411,711,100,200,1,1,1.0
40,2,934,425,82,200,1,1,1.0
40,3,1435,189,96,200,1,1,1.0
40,4,1442,695,74,200,1,1,1.0
40,5,940,450,54,200,1,1,1.0
40,6,412,175,74,200,1,1,1.0
41,1,409,712,88,200,1,1,1.0
41,2,920,436,80,200,1,1,1.0
41,3,1425,177,100,200,1,1,1.0
41,4,1449,686,76,200,1,1,1.0
41,5,952,458,60,200,1,1,1.0
41,6,421,170,72,200,1,1,1.0
42,1,401,700,88,200,1,1,1.0
42,2,918,443,84,200,1,1,1.0
42,3,1417,173,100,200,1,1,1.0
42,4,1456,676,76,200,1,1,1.0
42,5,965,470,64,200,1,1,1.0
42,6,426,154,78,200,1,1,1.0
43,1,389,689,96,200,1,1,1.0
43,2,906,458,78,200,1,1,1.0
43,3,1412,168,94,200,1,1,1.0
43,4,1460,675,80,200,1,1,1.0
43,5,985,493,54,200,1,1,1.0
43,6,439,148,70,200,1,1,1.0
44,1,380,685,100,200,1,1,1.0
44,2,890,463,80,200,1,1,1.0
44,3,1400,162,102,200,1,1,1.0
44,4,1471,666,72,200,1,1,1.0
44,5,996,506,62,200,1,1,1.0
44,6,451,157,64,200,1,1,1.0
45,1,374,680,98,200,1,1,1.0
45,2,871,478,88,200,1,1,1.0
45,3,1392,151,100,200,1,1,1.0
45,4,1472,648,82,200,1,1,1.0
45,5,1014,523,58,200,1,1,1.0
45,6,455,152,74,200,1,1,1.0
46,1,370,665,92,200,1,1,1.0
46,2,863,498,74,200,1,1,1.0
46,3,1386,152,94,200,1,1,1.0
46,4,1476,637,84,200,1,1,1.0
46,5,1027,529,60,200,1,1,1.0
46,6,465,140,74,200,1,1,1.0
47,1,363,662,94,200,1,1,1.0
47,2,843,510,84,200,1,1,1.0
47,3,1370,149,106,200,1,1,1.0
47,4,1483,627,82,200,1,1,1.0
47,5,1041,547,62,200,1,1,1.0
47,6,478,137,68,200,1,1,1.0
48,1,356,654,96,200,1,1,1.0
48,2,830,537,80,200,1,1,1.0
48,3,1360,150,106,200,1,1,1.0
48,4,1492,619,74,200,1,1,1.0
48,5,1059,568,56,200,1,1,1.0
48,6,482,142,80,200,1,1,1.0
49,1,356,630,86,200,1,1,1.0
49,2,810,545,90,200,1,1,1.0
49,3,1351,149,104,200,1,1,1.0
49,4,1493,599,80,200,1,1,1.0
49,5,1072,581,60,200,1,1,1.0
49,6,497,147,70,200,1,1,1.0
50,1,348,631,92,200,1,1,1.0
50,2,802,553,76,200,1,1,1.0
50,3,1341,145,104,200,1,1,1.0
50,4,1499,593,78,200,1,1,1.0
50,5,1084,593,66,200,1,1,1.0
50,6,508,140,70,200,1,1,1.0
51,1,345,618,88,200,1,1,1.0
51,2,782,565,86,200,1,1,1.0
51,3,1332,145,100,200,1,1,1.0
51,4,1499,578,84,200,1,1,1.0
51,5,1097,611,68,200,1,1,1.0
51,6,514,148,80,200,1,1,1.0
52,1,335,593,100,200,1,1,1.0
52,2,770,584,82,200,1,1,1.0
52,3,1322,142,100,200,1,1,1.0
52,4,1508,571,74,200,1,1,1.0
52,5,1113,617,66,200,1,1,1.0
52,6,532,147,66,200,1,1,1.0
53,1,334,584,92,200,1,1,1.0
53,2,757,596,78,200,1,1,1.0
53,3,1310,143,100,200,1,1,1.0
53,4,1509,546,78,200,1,1,1.0
53,5,1126,633,68,200,1,1,1.0
53,6,544,144,66,200,1,1,1.0
54,1,334,573,86,200,1,1,1.0
54,2,739,606,86,200,1,1,1.0
54,3,1298,152,102,200,1,1,1.0
54,4,1510,534,82,200,1,1,1.0
54,5,1143,641,62,200,1,1,1.0
54,6,556,148,66,200,1,1,1.0
55,1,325,565,96,200,1,1,1.0
55,2,723,619,88,200,1,1,1.0
55,3,1292,152,90,200,1,1,1.0
55,4,1512,529,82,200,1,1,1.0
55,5,1160,656,56,200,1,1,1.0
55,6,566,146,70,200,1,1,1.0
56,1,323,547,96,200,1,1,1.0
56,2,709,627,88,200,1,1,1.0
56,3,1277,158,98,200,1,1,1.0
56,4,1518,518,74,200,1,1,1.0
56,5,1171,667,62,200,1,1,1.0
56,6,577,160,72,200,1,1,1.0
57,1,320,539,96,200,1,1,1.0
57,2,700,651,78,200,1,1,1.0
57,3,1266,152,94,200,1,1,1.0
57,4,1516,502,82,200,1,1,1.0
57,5,1186,671,60,200,1,1,1.0
57,6,589,157,72,200,1,1,1.0
58,1,324,518,84,200,1,1,1.0
58,2,684,654,82,200,1,1,1.0
58,3,1251,164,100,200,1,1,1.0
58,4,1517,475,82,200,1,1,1.0
58,5,1203,681,54,200,1,1,1.0
58,6,600,171,76,200,1,1,1.0
59,1,321,504,86,200,1,1,1.0
59,2,670,667,82,200,1,1,1.0
59,3,1239,160,100,200,1,1,1.0
59,4,1516,467,86,200,1,1,1.0
59,5,1209,687,68,200,1,1,1.0
59,6,611,179,80,200,1,1,1.0
60,1,317,485,92,200,1,1,1.0
60,2,655,682,84,200,1,1,1.0
60,3,1224,174,104,200,1,1,1.0
60,4,1523,449,72,200,1,1,1.0
60,5,1226,700,60,200,1,1,1.0
60,6,626,185,76,200,1,1,1.0
61,1,312,479,98,200,1,1,1.0
61,2,645,680,78,200,1,1,1.0
61,3,1211,185,104,200,1,1,1.0
61,4,1519,431,80,200,1,1,1.0
61,5,1240,699,58,200,1,1,1.0
61,6,639,184,76,200,1,1,1.0
62,1,315,459,92,200,1,1,1.0
62,2,627,688,86,200,1,1,1.0
62,3,1204,188,92,200,1,1,1.0
62,4,1522,419,74,200,1,1,1.0
62,5,1250,715,64,200,1,1,1.0
62,6,653,200,74,200,1,1,1.0
63,1,317,442,88,200,1,1,1.0
63,2,617,697,80,200,1,1,1.0
63,3,1186,198,100,200,1,1,1.0
63,4,1517,399,84,200,1,1,1.0
63,5,1261,711,68,200,1,1,1.0
63,6,665,213,78,200,1,1,1.0
64,1,316,433,90,200,1,1,1.0
64,2,606,701,76,200,1,1,1.0
64,3,1172,203,102,200,1,1,1.0
64,4,1520,389,74,200,1,1,1.0
64,5,1277,731,60,200,1,1,1.0
64,6,679,216,78,200,1,1,1.0
65,1,316,414,90,200,1,1,1.0
65,2,593,717,76,200,1,1,1.0
65,3,1159,214,100,200,1,1,1.0
65,4,1520,372,72,200,1,1,1.0
65,5,1285,734,68,200,1,1,1.0
65,6,700,234,64,200,1,1,1.0
66,1,313,405,98,200,1,1,1.0
66,2,575,714,88,200,1,1,1.0
66,3,1148,228,94,200,1,1,1.0
66,4,1511,355,86,200,1,1,1.0
66,5,1300,735,62,200,1,1,1.0
66,6,706,235,80,200,1,1,1.0
67,1,318,391,90,200,1,1,1.0
67,2,567,728,80,200,1,1,1.0
67,3,1129,228,104,200,1,1,1.0
67,4,1509,343,86,200,1,1,1.0
67,5,1309,727,68,200,1,1,1.0
67,6,722,257,76,200,1,1,1.0
68,1,322,366,86,200,1,1,1.0
68,2,552,724,84,200,1,1,1.0
68,3,1122,251,90,200,1,1,1.0
68,4,1507,338,84,200,1,1,1.0
68,5,1328,744,54,200,1,1,1.0
68,6,738,271,72,200,1,1,1.0
69,1,318,361,98,200,1,1,1.0
69,2,540,734,86,200,1,1,1.0
69,3,1102,250,102,200,1,1,1.0
69,4,1507,324,80,200,1,1,1.0
69,5,1332,735,68,200,1,1,1.0
69,6,757,279,64,200,1,1,1.0
70,1,324,335,90,200,1,1,1.0
70,2,533,734,76,200,1,1,1.0
70,3,1086,263,104,200,1,1,1.0
70,4,1507,312,72,200,1,1,1.0
70,5,1346,738,62,200,1,1,1.0
70,6,765,296,76,200,1,1,1.0
71,1,327,331,90,200,1,1,1.0
71,2,519,742,82,200,1,1,1.0
71,3,1079,283,90,200,1,1,1.0
71,4,1500,290,80,200,1,1,1.0
71,5,1358,734,60,200,1,1,1.0
71,6,782,304,72,200,1,1,1.0
72,1,332,310,86,200,1,1,1.0
72,2,510,731,76,200,1,1,1.0
72,3,1063,290,92,200,1,1,1.0
72,4,1492,272,86,200,1,1,1.0
72,5,1368,731,60,200,1,1,1.0
72,6,793,324,80,200,1,1,1.0
73,1,333,299,92,200,1,1,1.0
73,2,498,740,80,200,1,1,1.0
73,3,1050,313,90,200,1,1,1.0
73,4,1493,273,76,200,1,1,1.0
73,5,1380,730,56,200,1,1,1.0
73,6,812,325,72,200,1,1,1.0
74,1,339,289,86,200,1,1,1.0
74,2,489,735,76,200,1,1,1.0
74,3,1031,316,98,200,1,1,1.0
74,4,1483,258,86,200,1,1,1.0
74,5,1383,739,70,200,1,1,1.0
74,6,829,343,68,200,1,1,1.0
75,1,344,268,86,200,1,1,1.0
75,2,474,736,86,200,1,1,1.0
75,3,1018,337,94,200,1,1,1.0
75,4,1485,248,72,200,1,1,1.0
75,5,1393,728,70,200,1,1,1.0
75,6,845,355,64,200,1,1,1.0
76,1,346,268,90,200,1,1,1.0
76,2,468,735,78,200,1,1,1.0
76,3,999,344,102,200,1,1,1.0
76,4,1478,227,76,200,1,1,1.0
76,5,1403,727,68,200,1,1,1.0
76,6,857,374,72,200,1,1,1.0
77,1,352,244,88,200,1,1,1.0
77,2,458,730,78,200,1,1,1.0
77,3,983,362,104,200,1,1,1.0
77,4,1467,217,86,200,1,1,1.0
77,5,1415,724,62,200,1,1,1.0
77,6,873,392,70,200,1,1,1.0
78,1,353,232,98,200,1,1,1.0
78,2,442,736,90,200,1,1,1.0
78,3,974,373,92,200,1,1,1.0
78,4,1463,210,82,200,1,1,1.0
78,5,1426,718,58,200,1,1,1.0
78,6,887,406,72,200,1,1,1.0
79,1,363,228,88,200,1,1,1.0
79,2,434,733,88,200,1,1,1.0
79,3,960,397,90,200,1,1,1.0
79,4,1460,194,74,200,1,1,1.0
79,5,1434,712,58,200,1,1,1.0
79,6,902,414,72,200,1,1,1.0
80,1,363,216,100,200,1,1,1.0
80,2,427,715,84,200,1,1,1.0
80,3,941,405,98,200,1,1,1.0
80,4,1447,187,86,200,1,1,1.0
80,5,1438,713,66,200,1,1,1.0
80,6,921,427,64,200,1,1,1.0
81,1,372,209,96,200,1,1,1.0
81,2,422,717,78,200,1,1,1.0
81,3,926,427,98,200,1,1,1.0
81,4,1440,183,86,200,1,1,1.0
81,5,1447,703,64,200,1,1,1.0
81,6,932,443,70,200,1,1,1.0
82,1,384,200,84,200,1,1,1.0
82,2,415,702,76,200,1,1,1.0
82,3,909,433,102,200,1,1,1.0
82,4,1436,183,78,200,1,1,1.0
82,5,1459,688,56,200,1,1,1.0
82,6,943,459,78,200,1,1,1.0
83,1,384,194,98,200,1,1,1.0
83,2,406,708,78,200,1,1,1.0
83,3,911,436,98,200,1,1,1.0
83,4,1426,170,82,200,1,1,1.0
83,5,1459,678,70,200,1,1,1.0
83,6,958,481,78,200,1,1,1.0
84,1,392,174,98,200,1,1,1.0
84,2,397,691,80,200,1,1,1.0
84,3,897,462,96,200,1,1,1.0
84,4,1416,167,86,200,1,1,1.0
84,5,1470,675,60,200,1,1,1.0
84,6,976,493,72,200,1,1,1.0
85,1,402,167,94,200,1,1,1.0
85,2,388,683,84,200,1,1,1.0
85,3,881,473,98,200,1,1,1.0
85,4,1410,157,82,200,1,1,1.0
85,5,1473,658,68,200,1,1,1.0
85,6,989,503,76,200,1,1,1.0
86,1,408,164,98,200,1,1,1.0
86,2,379,673,88,200,1,1,1.0
86,3,870,490,90,200,1,1,1.0
86,4,1406,146,72,200,1,1,1.0
86,5,1482,650,62,200,1,1,1.0
86,6,1006,514,74,200,1,1,1.0
87,1,418,157,94,200,1,1,1.0
87,2,372,667,88,200,1,1,1.0
87,3,848,506,104,200,1,1,1.0
87,4,1395,157,76,200,1,1,1.0
87,5,1486,636,64,200,1,1,1.0
87,6,1023,530,68,200,1,1,1.0
88,1,427,152,94,200,1,1,1.0
88,2,370,660,80,200,1,1,1.0
88,3,837,519,96,200,1,1,1.0
88,4,1387,147,72,200,1,1,1.0
88,5,1489,635,70,200,1,1,1.0
88,6,1038,553,68,200,1,1,1.0
89,1,434,152,98,200,1,1,1.0
89,2,359,653,90,200,1,1,1.0
89,3,823,529,94,200,1,1,1.0
89,4,1373,151,80,200,1,1,1.0
89,5,1498,613,62,200,1,1,1.0
89,6,1055,564,64,200,1,1,1.0
90,1,448,147,88,200,1,1,1.0
90,2,357,639,84,200,1,1,1.0
90,3,803,548,104,200,1,1,1.0
90,4,1362,137,82,200,1,1,1.0
90,5,1503,607,60,200,1,1,1.0
90,6,1063,579,78,200,1,1,1.0
91,1,454,139,96,200,1,1,1.0
91,2,354,631,80,200,1,1,1.0
91,3,794,551,92,200,1,1,1.0
91,4,1351,142,84,200,1,1,1.0
91,5,1503,592,70,200,1,1,1.0
91,6,1077,585,80,200,1,1,1.0
92,1,468,139,88,200,1,1,1.0
92,2,350,620,78,200,1,1,1.0
92,3,772,578,106,200,1,1,1.0
92,4,1346,139,72,200,1,1,1.0
92,5,1511,585,60,200,1,1,1.0
92,6,1094,611,74,200,1,1,1.0
93,1,473,148,98,200,1,1,1.0
93,2,341,595,88,200,1,1,1.0
93,3,758,577,106,200,1,1,1.0
93,4,1331,133,82,200,1,1,1.0
93,5,1513,566,64,200,1,1,1.0
93,6,1109,618,74,200,1,1,1.0
94,1,484,134,96,200,1,1,1.0
94,2,340,587,80,200,1,1,1.0
94,3,746,593,100,200,1,1,1.0
94,4,1321,136,78,200,1,1,1.0
94,5,1515,548,66,200,1,1,1.0
94,6,1123,635,74,200,1,1,1.0
95,1,497,134,92,200,1,1,1.0
95,2,335,574,84,200,1,1,1.0
95,3,733,617,98,200,1,1,1.0
95,4,1306,141,86,200,1,1,1.0
95,5,1522,540,58,200,1,1,1.0
95,6,1141,645,66,200,1,1,1.0
96,1,506,134,96,200,1,1,1.0
96,2,330,557,86,200,1,1,1.0
96,3,722,620,90,200,1,1,1.0
96,4,1298,150,78,200,1,1,1.0
96,5,1519,524,68,200,1,1,1.0
96,6,1152,652,72,200,1,1,1.0
97,1,522,140,86,200,1,1,1.0
97,2,331,545,80,200,1,1,1.0
97,3,707,634,92,200,1,1,1.0
97,4,1287,145,78,200,1,1,1.0
97,5,1522,506,66,200,1,1,1.0
97,6,1162,660,80,200,1,1,1.0
98,1,529,152,96,200,1,1,1.0
98,2,327,530,82,200,1,1,1.0
98,3,694,646,90,200,1,1,1.0
98,4,1273,155,80,200,1,1,1.0
98,5,1530,503,54,200,1,1,1.0
98,6,1177,668,78,200,1,1,1.0
99,1,540,156,98,200,1,1,1.0
99,2,323,525,86,200,1,1,1.0
99,3,678,664,94,200,1,1,1.0
99,4,1260,155,82,200,1,1,1.0
99,5,1531,476,54,200,1,1,1.0
99,6,1191,678,78,200,1,1,1.0
100,1,554,155,94,200,1,1,1.0
100,2,327,499,74,200,1,1,1.0
100,3,658,670,106,200,1,1,1.0
100,4,1249,161,80,200,1,1,1.0
100,5,1531,471,56,200,1,1,1.0
100,6,1204,683,78,200,1,1,1.0
101,1,564,164,98,200,1,1,1.0
101,2,320,492,86,200,1,1,1.0
101,3,649,681,96,200,1,1,1.0
101,4,1240,175,72,200,1,1,1.0
101,5,1526,448,66,200,1,1,1.0
101,6,1223,694,66,200,1,1,1.0
102,1,576,162,98,200,1,1,1.0
102,2,320,477,82,200,1,1,1.0
102,3,638,692,92,200,1,1,1.0
102,4,1220,172,86,200,1,1,1.0
102,5,1532,432,54,200,1,1,1.0
102,6,1236,703,66,200,1,1,1.0
103,1,593,174,90,200,1,1,1.0
103,2,321,464,80,200,1,1,1.0
103,3,620,693,100,200,1,1,1.0
103,4,1208,179,84,200,1,1,1.0
103,5,1527,424,64,200,1,1,1.0
103,6,1246,711,72,200,1,1,1.0
104,1,603,169,96,200,1,1,1.0
104,2,320,450,82,200,1,1,1.0
104,3,606,698,102,200,1,1,1.0
104,4,1198,195,76,200,1,1,1.0
104,5,1530,404,58,200,1,1,1.0
104,6,1262,724,66,200,1,1,1.0
105,1,619,182,90,200,1,1,1.0
105,2,318,437,86,200,1,1,1.0
105,3,596,714,96,200,1,1,1.0
105,4,1187,203,72,200,1,1,1.0
105,5,1528,394,58,200,1,1,1.0
105,6,1271,731,72,200,1,1,1.0
106,1,628,186,98,200,1,1,1.0
106,2,321,409,80,200,1,1,1.0
106,3,580,714,102,200,1,1,1.0
106,4,1171,213,76,200,1,1,1.0
106,5,1523,374,66,200,1,1,1.0
106,6,1284,733,70,200,1,1,1.0
107,1,642,199,96,200,1,1,1.0
107,2,322,404,80,200,1,1,1.0
107,3,569,725,100,200,1,1,1.0
107,4,1156,232,78,200,1,1,1.0
107,5,1525,358,58,200,1,1,1.0
107,6,1293,738,76,200,1,1,1.0
108,1,654,208,100,200,1,1,1.0
108,2,324,382,78,200,1,1,1.0
108,3,559,729,96,200,1,1,1.0
108,4,1141,239,80,200,1,1,1.0
108,5,1518,355,68,200,1,1,1.0
108,6,1305,734,76,200,1,1,1.0
109,1,670,213,96,200,1,1,1.0
109,2,322,363,86,200,1,1,1.0
109,3,541,724,106,200,1,1,1.0
109,4,1130,238,74,200,1,1,1.0
109,5,1518,329,62,200,1,1,1.0
109,6,1319,735,72,200,1,1,1.0
110,1,685,234,94,200,1,1,1.0
110,2,327,360,80,200,1,1,1.0
110,3,532,740,102,200,1,1,1.0
110,4,1112,256,82,200,1,1,1.0
110,5,1519,318,56,200,1,1,1.0
110,6,1327,731,78,200,1,1,1.0
111,1,697,233,98,200,1,1,1.0
111,2,325,347,88,200,1,1,1.0
111,3,522,735,98,200,1,1,1.0
111,4,1095,277,86,200,1,1,1.0
111,5,1511,308,64,200,1,1,1.0
111,6,1343,745,68,200,1,1,1.0
112,1,717,251,86,200,1,1,1.0
112,2,329,326,86,200,1,1,1.0
112,3,514,742,92,200,1,1,1.0
112,4,1086,275,76,200,1,1,1.0
112,5,1508,292,64,200,1,1,1.0
112,6,1351,737,74,200,1,1,1.0
113,1,730,258,88,200,1,1,1.0
113,2,330,314,90,200,1,1,1.0
113,3,498,733,100,200,1,1,1.0
113,4,1073,297,72,200,1,1,1.0
113,5,1506,285,58,200,1,1,1.0
113,6,1361,735,74,200,1,1,1.0
114,1,742,272,94,200,1,1,1.0
114,2,336,304,86,200,1,1,1.0
114,3,488,744,100,200,1,1,1.0
114,4,1057,312,76,200,1,1,1.0
114,5,1504,259,54,200,1,1,1.0
114,6,1373,741,70,200,1,1,1.0
115,1,761,294,84,200,1,1,1.0
115,2,341,286,82,200,1,1,1.0
115,3,482,742,90,200,1,1,1.0
115,4,1040,328,80,200,1,1,1.0
115,5,1496,258,60,200,1,1,1.0
115,6,1386,731,64,200,1,1,1.0
116,1,773,303,90,200,1,1,1.0
116,2,349,273,76,200,1,1,1.0
116,3,469,742,96,200,1,1,1.0
116,4,1024,331,82,200,1,1,1.0
116,5,1492,247,58,200,1,1,1.0
116,6,1395,731,66,200,1,1,1.0
117,1,786,308,94,200,1,1,1.0
117,2,349,265,84,200,1,1,1.0
117,3,457,740,100,200,1,1,1.0
117,4,1011,346,78,200,1,1,1.0
117,5,1483,237,66,200,1,1,1.0
117,6,1403,735,68,200,1,1,1.0
118,1,799,336,98,200,1,1,1.0
118,2,354,248,84,200,1,1,1.0
118,3,452,734,90,200,1,1,1.0
118,4,995,364,80,200,1,1,1.0
118,5,1476,217,68,200,1,1,1.0
118,6,1409,720,74,200,1,1,1.0
119,1,818,337,90,200,1,1,1.0
119,2,361,235,82,200,1,1,1.0
119,3,439,724,96,200,1,1,1.0
119,4,982,377,76,200,1,1,1.0
119,5,1475,213,58,200,1,1,1.0
119,6,1418,725,74,200,1,1,1.0
120,1,828,366,98,200,1,1,1.0
120,2,366,232,82,200,1,1,1.0
120,3,432,724,92,200,1,1,1.0
120,4,965,397,80,200,1,1,1.0
120,5,1466,198,62,200,1,1,1.0
120,6,1423,708,80,200,1,1,1.0
121,1,848,379,90,200,1,1,1.0
121,2,374,217,78,200,1,1,1.0
121,3,424,719,90,200,1,1,1.0
121,4,949,414,82,200,1,1,1.0
121,5,1455,201,70,200,1,1,1.0
121,6,1437,703,68,200,1,1,1.0
122,1,865,395,86,200,1,1,1.0
122,2,381,201,78,200,1,1,1.0
122,3,412,711,98,200,1,1,1.0
122,4,934,424,82,200,1,1,1.0
122,5,1449,178,68,200,1,1,1.0
122,6,1439,705,80,200,1,1,1.0
123,1,877,399,92,200,1,1,1.0
123,2,383,192,86,200,1,1,1.0
123,3,405,702,96,200,1,1,1.0
123,4,921,447,78,200,1,1,1.0
123,5,1446,177,58,200,1,1,1.0
123,6,1450,689,74,200,1,1,1.0
124,1,893,420,90,200,1,1,1.0
124,2,396,185,74,200,1,1,1.0
124,3,397,700,96,200,1,1,1.0
124,4,918,442,84,200,1,1,1.0
124,5,1435,162,64,200,1,1,1.0
124,6,1459,685,70,200,1,1,1.0
125,1,904,432,98,200,1,1,1.0
125,2,404,179,74,200,1,1,1.0
125,3,392,699,90,200,1,1,1.0
125,4,903,453,84,200,1,1,1.0
125,5,1429,168,60,200,1,1,1.0
125,6,1465,671,70,200,1,1,1.0
126,1,923,452,88,200,1,1,1.0
126,2,411,167,76,200,1,1,1.0
126,3,381,681,98,200,1,1,1.0
126,4,890,476,80,200,1,1,1.0
126,5,1423,153,56,200,1,1,1.0
126,6,1473,668,68,200,1,1,1.0
127,1,936,464,92,200,1,1,1.0
127,2,415,164,84,200,1,1,1.0
127,3,371,676,104,200,1,1,1.0
127,4,877,485,76,200,1,1,1.0
127,5,1412,153,60,200,1,1,1.0
127,6,1480,653,66,200,1,1,1.0
128,1,954,484,86,200,1,1,1.0
128,2,427,164,76,200,1,1,1.0
128,3,367,677,98,200,1,1,1.0
128,4,863,504,74,200,1,1,1.0
128,5,1406,157,54,200,1,1,1.0
128,6,1482,643,72,200,1,1,1.0
129,1,963,497,98,200,1,1,1.0
129,2,432,155,84,200,1,1,1.0
129,3,362,663,96,200,1,1,1.0
129,4,842,510,86,200,1,1,1.0
129,5,1396,147,54,200,1,1,1.0
129,6,1485,630,78,200,1,1,1.0
130,1,984,509,86,200,1,1,1.0
130,2,446,154,74,200,1,1,1.0
130,3,359,646,90,200,1,1,1.0
130,4,828,521,84,200,1,1,1.0
130,5,1380,145,66,200,1,1,1.0
130,6,1494,612,70,200,1,1,1.0
131,1,996,519,94,200,1,1,1.0
131,2,455,153,74,200,1,1,1.0
131,3,348,629,102,200,1,1,1.0
131,4,814,541,82,200,1,1,1.0
131,5,1368,148,70,200,1,1,1.0
131,6,1500,609,66,200,1,1,1.0
132,1,1013,542,88,200,1,1,1.0
132,2,462,149,80,200,1,1,1.0
132,3,346,629,96,200,1,1,1.0
132,4,801,552,78,200,1,1,1.0
132,5,1361,144,64,200,1,1,1.0
132,6,1503,601,70,200,1,1,1.0
133,1,1029,543,86,200,1,1,1.0
133,2,471,150,82,200,1,1,1.0
133,3,340,616,98,200,1,1,1.0
133,4,788,570,74,200,1,1,1.0
133,5,1353,145,58,200,1,1,1.0
133,6,1503,582,76,200,1,1,1.0
134,1,1037,567,100,200,1,1,1.0
134,2,483,149,78,200,1,1,1.0
134,3,339,608,92,200,1,1,1.0
134,4,774,580,74,200,1,1,1.0
134,5,1344,149,56,200,1,1,1.0
134,6,1507,572,76,200,1,1,1.0
135,1,1056,576,92,200,1,1,1.0
135,2,488,144,88,200,1,1,1.0
135,3,333,581,94,200,1,1,1.0
135,4,754,601,84,200,1,1,1.0
135,5,1326,136,68,200,1,1,1.0
135,6,1513,552,70,200,1,1,1.0
136,1,1068,599,98,200,1,1,1.0
136,2,502,147,82,200,1,1,1.0
136,3,326,575,102,200,1,1,1.0
136,4,740,610,84,200,1,1,1.0
136,5,1320,145,58,200,1,1,1.0
136,6,1518,541,66,200,1,1,1.0
137,1,1084,607,94,200,1,1,1.0
137,2,513,137,82,200,1,1,1.0
137,3,327,553,92,200,1,1,1.0
137,4,728,628,78,200,1,1,1.0
137,5,1304,141,66,200,1,1,1.0
137,6,1516,522,74,200,1,1,1.0
138,1,1098,616,96,200,1,1,1.0
138,2,528,145,74,200,1,1,1.0
138,3,324,555,94,200,1,1,1.0
138,4,711,632,84,200,1,1,1.0
138,5,1291,156,70,200,1,1,1.0
138,6,1523,504,64,200,1,1,1.0
139,1,1117,635,86,200,1,1,1.0
139,2,534,148,86,200,1,1,1.0
139,3,322,539,92,200,1,1,1.0
139,4,697,640,84,200,1,1,1.0
139,5,1279,161,68,200,1,1,1.0
139,6,1518,494,78,200,1,1,1.0
140,1,1131,642,86,200,1,1,1.0
140,2,546,141,86,200,1,1,1.0
140,3,319,521,94,200,1,1,1.0
140,4,689,662,72,200,1,1,1.0
140,5,1272,161,58,200,1,1,1.0
140,6,1518,480,80,200,1,1,1.0
141,1,1141,648,94,200,1,1,1.0
141,2,557,153,88,200,1,1,1.0
141,3,312,505,104,200,1,1,1.0
141,4,668,664,86,200,1,1,1.0
141,5,1259,168,60,200,1,1,1.0
141,6,1519,467,80,200,1,1,1.0
142,1,1158,666,88,200,1,1,1.0
142,2,569,154,88,200,1,1,1.0
142,3,316,486,94,200,1,1,1.0
142,4,656,680,82,200,1,1,1.0
142,5,1244,174,64,200,1,1,1.0
142,6,1521,443,76,200,1,1,1.0
143,1,1171,678,90,200,1,1,1.0
143,2,587,160,76,200,1,1,1.0
143,3,310,479,102,200,1,1,1.0
143,4,644,688,80,200,1,1,1.0
143,5,1234,179,58,200,1,1,1.0
143,6,1526,435,66,200,1,1,1.0
144,1,1185,681,90,200,1,1,1.0
144,2,595,167,86,200,1,1,1.0
144,3,315,462,92,200,1,1,1.0
144,4,631,699,78,200,1,1,1.0
144,5,1218,183,64,200,1,1,1.0
144,6,1522,429,74,200,1,1,1.0
145,1,1197,687,92,200,1,1,1.0
145,2,608,175,86,200,1,1,1.0
145,3,316,447,90,200,1,1,1.0
145,4,621,702,72,200,1,1,1.0
145,5,1205,199,62,200,1,1,1.0
145,6,1521,404,76,200,1,1,1.0
146,1,1213,692,86,200,1,1,1.0
146,2,622,187,84,200,1,1,1.0
146,3,310,430,102,200,1,1,1.0
146,4,605,709,78,200,1,1,1.0
146,5,1190,197,66,200,1,1,1.0
146,6,1523,392,68,200,1,1,1.0
147,1,1226,697,86,200,1,1,1.0
147,2,635,199,84,200,1,1,1.0
147,3,311,411,100,200,1,1,1.0
147,4,594,713,74,200,1,1,1.0
147,5,1177,214,64,200,1,1,1.0
147,6,1523,371,66,200,1,1,1.0
148,1,1232,705,100,200,1,1,1.0
148,2,653,205,74,200,1,1,1.0
148,3,311,398,102,200,1,1,1.0
148,4,583,717,72,200,1,1,1.0
148,5,1162,224,66,200,1,1,1.0
148,6,1514,365,80,200,1,1,1.0
149,1,1252,720,86,200,1,1,1.0
149,2,663,207,82,200,1,1,1.0
149,3,315,384,96,200,1,1,1.0
149,4,565,723,84,200,1,1,1.0
149,5,1151,232,60,200,1,1,1.0
149,6,1516,344,72,200,1,1,1.0
150,1,1263,729,88,200,1,1,1.0
150,2,678,213,80,200,1,1,1.0
150,3,320,368,90,200,1,1,1.0
150,4,551,734,86,200,1,1,1.0
150,5,1134,247,66,200,1,1,1.0
150,6,1516,337,66,200,1,1,1.0
151,1,1273,735,92,200,1,1,1.0
151,2,693,224,78,200,1,1,1.0
151,3,320,347,94,200,1,1,1.0
151,4,545,732,76,200,1,1,1.0
151,5,1121,256,64,200,1,1,1.0
151,6,1508,325,78,200,1,1,1.0
152,1,1284,727,94,200,1,1,1.0
152,2,706,248,80,200,1,1,1.0
152,3,319,339,100,200,1,1,1.0
152,4,532,733,78,200,1,1,1.0
152,5,1107,264,62,200,1,1,1.0
152,6,1504,304,78,200,1,1,1.0
153,1,1295,733,96,200,1,1,1.0
153,2,715,250,90,200,1,1,1.0
153,3,321,325,102,200,1,1,1.0
153,4,522,732,76,200,1,1,1.0
153,5,1094,278,60,200,1,1,1.0
153,6,1508,291,64,200,1,1,1.0
154,1,1307,741,96,200,1,1,1.0
154,2,736,270,76,200,1,1,1.0
154,3,330,313,90,200,1,1,1.0
154,4,505,742,86,200,1,1,1.0
154,5,1074,288,70,200,1,1,1.0
154,6,1500,282,70,200,1,1,1.0
155,1,1323,731,86,200,1,1,1.0
155,2,745,278,88,200,1,1,1.0
155,3,330,296,98,200,1,1,1.0
155,4,502,743,72,200,1,1,1.0
155,5,1061,310,68,200,1,1,1.0
155,6,1497,271,68,200,1,1,1.0
156,1,1332,738,90,200,1,1,1.0
156,2,760,288,86,200,1,1,1.0
156,3,332,282,100,200,1,1,1.0
156,4,484,734,86,200,1,1,1.0
156,5,1050,322,60,200,1,1,1.0
156,6,1492,254,68,200,1,1,1.0
157,1,1345,747,86,200,1,1,1.0
157,2,781,301,74,200,1,1,1.0
157,3,338,277,98,200,1,1,1.0
157,4,474,746,86,200,1,1,1.0
157,5,1037,343,56,200,1,1,1.0
157,6,1484,240,74,200,1,1,1.0
158,1,1350,740,96,200,1,1,1.0
158,2,789,310,88,200,1,1,1.0
158,3,343,264,96,200,1,1,1.0
158,4,469,740,76,200,1,1,1.0
158,5,1015,348,70,200,1,1,1.0
158,6,1477,230,78,200,1,1,1.0
159,1,1359,731,98,200,1,1,1.0
159,2,807,331,82,200,1,1,1.0
159,3,349,241,94,200,1,1,1.0
159,4,460,734,74,200,1,1,1.0
159,5,1006,373,58,200,1,1,1.0
159,6,1473,217,74,200,1,1,1.0
160,1,1376,741,84,200,1,1,1.0
160,2,823,341,80,200,1,1,1.0
160,3,350,231,104,200,1,1,1.0
160,4,448,726,78,200,1,1,1.0
160,5,987,374,66,200,1,1,1.0
160,6,1464,213,80,200,1,1,1.0
161,1,1383,738,90,200,1,1,1.0
161,2,835,364,84,200,1,1,1.0
161,3,361,228,92,200,1,1,1.0
161,4,437,723,82,200,1,1,1.0
161,5,972,399,66,200,1,1,1.0
161,6,1462,208,70,200,1,1,1.0
162,1,1394,721,86,200,1,1,1.0
162,2,849,375,88,200,1,1,1.0
162,3,364,219,98,200,1,1,1.0
162,4,426,719,86,200,1,1,1.0
162,5,958,412,64,200,1,1,1.0
162,6,1457,188,66,200,1,1,1.0
163,1,1396,720,100,200,1,1,1.0
163,2,867,385,82,200,1,1,1.0
163,3,375,203,90,200,1,1,1.0
163,4,418,715,86,200,1,1,1.0
163,5,945,428,60,200,1,1,1.0
163,6,1446,179,74,200,1,1,1.0
164,1,1408,725,94,200,1,1,1.0
164,2,881,400,84,200,1,1,1.0
164,3,377,199,98,200,1,1,1.0
164,4,410,713,86,200,1,1,1.0
164,5,930,440,60,200,1,1,1.0
164,6,1440,175,70,200,1,1,1.0
165,1,1413,710,100,200,1,1,1.0
165,2,894,423,88,200,1,1,1.0
165,3,383,181,100,200,1,1,1.0
165,4,402,699,86,200,1,1,1.0
165,5,932,433,56,200,1,1,1.0
165,6,1433,171,68,200,1,1,1.0
166,1,1426,703,90,200,1,1,1.0
166,2,910,435,86,200,1,1,1.0
166,3,389,188,104,200,1,1,1.0
166,4,398,696,78,200,1,1,1.0
166,5,914,448,62,200,1,1,1.0
166,6,1424,158,70,200,1,1,1.0
167,1,1436,706,86,200,1,1,1.0
167,2,928,450,78,200,1,1,1.0
167,3,402,176,94,200,1,1,1.0
167,4,394,682,72,200,1,1,1.0
167,5,898,467,64,200,1,1,1.0
167,6,1416,153,70,200,1,1,1.0
168,1,1441,699,92,200,1,1,1.0
168,2,941,458,82,200,1,1,1.0
168,3,410,172,94,200,1,1,1.0
168,4,387,673,72,200,1,1,1.0
168,5,884,482,62,200,1,1,1.0
168,6,1403,148,78,200,1,1,1.0
169,1,1447,686,94,200,1,1,1.0
169,2,954,482,86,200,1,1,1.0
169,3,418,167,94,200,1,1,1.0
169,4,375,663,82,200,1,1,1.0
169,5,867,499,66,200,1,1,1.0
169,6,1395,142,76,200,1,1,1.0
170,1,1456,676,88,200,1,1,1.0
170,2,971,498,82,200,1,1,1.0
170,3,426,152,96,200,1,1,1.0
170,4,368,666,84,200,1,1,1.0
170,5,857,517,56,200,1,1,1.0
170,6,1386,138,74,200,1,1,1.0
171,1,1457,666,100,200,1,1,1.0
171,2,986,506,82,200,1,1,1.0
171,3,433,153,100,200,1,1,1.0
171,4,365,654,78,200,1,1,1.0
171,5,835,524,70,200,1,1,1.0
171,6,1381,145,64,200,1,1,1.0
172,1,1467,662,92,200,1,1,1.0
172,2,1006,516,74,200,1,1,1.0
172,3,442,154,100,200,1,1,1.0
172,4,360,630,78,200,1,1,1.0
172,5,822,549,66,200,1,1,1.0
172,6,1366,143,74,200,1,1,1.0
173,1,1474,648,88,200,1,1,1.0
173,2,1012,540,90,200,1,1,1.0
173,3,455,145,94,200,1,1,1.0
173,4,357,630,74,200,1,1,1.0
173,5,806,563,68,200,1,1,1.0
173,6,1360,136,66,200,1,1,1.0
174,1,1476,630,96,200,1,1,1.0
174,2,1032,557,80,200,1,1,1.0
174,3,465,136,94,200,1,1,1.0
174,4,352,619,74,200,1,1,1.0
174,5,791,566,68,200,1,1,1.0
174,6,1349,147,66,200,1,1,1.0
175,1,1479,617,100,200,1,1,1.0
175,2,1045,561,84,200,1,1,1.0
175,3,476,144,92,200,1,1,1.0
175,4,347,596,76,200,1,1,1.0
175,5,781,591,60,200,1,1,1.0
175,6,1335,144,74,200,1,1,1.0
176,1,1488,607,90,200,1,1,1.0
176,2,1064,571,76,200,1,1,1.0
176,3,479,141,106,200,1,1,1.0
176,4,342,589,76,200,1,1,1.0
176,5,762,596,68,200,1,1,1.0
176,6,1322,145,76,200,1,1,1.0
177,1,1495,589,86,200,1,1,1.0
177,2,1076,591,82,200,1,1,1.0
177,3,491,143,104,200,1,1,1.0
177,4,339,579,76,200,1,1,1.0
177,5,755,617,54,200,1,1,1.0
177,6,1310,151,78,200,1,1,1.0
178,1,1491,575,100,200,1,1,1.0
178,2,1088,612,86,200,1,1,1.0
178,3,507,137,94,200,1,1,1.0
178,4,333,564,80,200,1,1,1.0
178,5,733,618,68,200,1,1,1.0
178,6,1304,151,66,200,1,1,1.0
179,1,1498,571,94,200,1,1,1.0
179,2,1106,618,80,200,1,1,1.0
179,3,516,137,98,200,1,1,1.0
179,4,330,550,82,200,1,1,1.0
179,5,720,632,66,200,1,1,1.0
179,6,1287,158,78,200,1,1,1.0
180,1,1499,551,98,200,1,1,1.0
180,2,1123,633,74,200,1,1,1.0
180,3,527,142,100,200,1,1,1.0
180,4,327,532,82,200,1,1,1.0
180,5,704,653,70,200,1,1,1.0
180,6,1276,156,74,200,1,1,1.0
181,1,1503,540,96,200,1,1,1.0
181,2,1134,633,80,200,1,1,1.0
181,3,543,152,92,200,1,1,1.0
181,4,323,516,86,200,1,1,1.0
181,5,692,651,66,200,1,1,1.0
181,6,1265,152,72,200,1,1,1.0
182,1,1504,518,98,200,1,1,1.0
182,2,1147,646,82,200,1,1,1.0
182,3,552,157,98,200,1,1,1.0
182,4,321,509,86,200,1,1,1.0
182,5,678,662,66,200,1,1,1.0
182,6,1253,168,72,200,1,1,1.0
183,1,1507,517,96,200,1,1,1.0
183,2,1163,665,78,200,1,1,1.0
183,3,568,151,90,200,1,1,1.0
183,4,324,488,78,200,1,1,1.0
183,5,662,677,70,200,1,1,1.0
183,6,1239,172,74,200,1,1,1.0
184,1,1509,497,96,200,1,1,1.0
184,2,1176,669,80,200,1,1,1.0
184,3,578,157,94,200,1,1,1.0
184,4,321,475,80,200,1,1,1.0
184,5,657,683,54,200,1,1,1.0
184,6,1223,181,80,200,1,1,1.0
185,1,1512,482,92,200,1,1,1.0
185,2,1187,687,86,200,1,1,1.0
185,3,592,170,92,200,1,1,1.0
185,4,324,464,74,200,1,1,1.0
185,5,637,687,66,200,1,1,1.0
185,6,1211,185,78,200,1,1,1.0
186,1,1512,473,94,200,1,1,1.0
186,2,1204,685,78,200,1,1,1.0
186,3,605,181,92,200,1,1,1.0
186,4,320,448,82,200,1,1,1.0
186,5,622,702,70,200,1,1,1.0
186,6,1198,202,76,200,1,1,1.0
187,1,1509,457,100,200,1,1,1.0
187,2,1218,690,76,200,1,1,1.0
187,3,618,186,92,200,1,1,1.0
187,4,325,433,72,200,1,1,1.0
187,5,615,704,58,200,1,1,1.0
187,6,1186,199,74,200,1,1,1.0
188,1,1510,437,98,200,1,1,1.0
188,2,1230,697,78,200,1,1,1.0
188,3,630,187,94,200,1,1,1.0
188,4,321,417,80,200,1,1,1.0
188,5,601,711,60,200,1,1,1.0
188,6,1173,219,72,200,1,1,1.0
189,1,1513,425,92,200,1,1,1.0
189,2,1240,713,84,200,1,1,1.0
189,3,642,192,96,200,1,1,1.0
189,4,323,404,78,200,1,1,1.0
189,5,590,721,58,200,1,1,1.0
189,6,1160,217,70,200,1,1,1.0
190,1,1517,401,84,200,1,1,1.0
190,2,1256,721,78,200,1,1,1.0
190,3,653,211,102,200,1,1,1.0
190,4,323,384,80,200,1,1,1.0
190,5,577,726,60,200,1,1,1.0
190,6,1145,234,72,200,1,1,1.0
191,1,1510,394,94,200,1,1,1.0
191,2,1270,715,74,200,1,1,1.0
191,3,667,224,102,200,1,1,1.0
191,4,326,377,78,200,1,1,1.0
191,5,560,728,68,200,1,1,1.0
191,6,1133,243,68,200,1,1,1.0
192,1,1507,375,98,200,1,1,1.0
192,2,1279,723,80,200,1,1,1.0
192,3,684,226,96,200,1,1,1.0
192,4,326,360,82,200,1,1,1.0
192,5,551,726,64,200,1,1,1.0
192,6,1115,254,76,200,1,1,1.0
193,1,1512,362,84,200,1,1,1.0
193,2,1291,733,80,200,1,1,1.0
193,3,699,245,94,200,1,1,1.0
193,4,330,345,78,200,1,1,1.0
193,5,540,729,62,200,1,1,1.0
193,6,1101,271,74,200,1,1,1.0
194,1,1508,352,88,200,1,1,1.0
194,2,1300,733,86,200,1,1,1.0
194,3,714,250,92,200,1,1,1.0
194,4,330,330,84,200,1,1,1.0
194,5,533,742,54,200,1,1,1.0
194,6,1092,285,64,200,1,1,1.0
195,1,1505,328,88,200,1,1,1.0
195,2,1316,742,78,200,1,1,1.0
195,3,722,270,104,200,1,1,1.0
195,4,336,319,78,200,1,1,1.0
195,5,519,732,58,200,1,1,1.0
195,6,1073,297,72,200,1,1,1.0
196,1,1504,324,86,200,1,1,1.0
196,2,1323,738,86,200,1,1,1.0
196,3,741,269,96,200,1,1,1.0
196,4,343,300,72,200,1,1,1.0
196,5,508,744,60,200,1,1,1.0
196,6,1056,305,78,200,1,1,1.0
197,1,1498,309,90,200,1,1,1.0
197,2,1334,739,86,200,1,1,1.0
197,3,753,293,100,200,1,1,1.0
197,4,343,281,78,200,1,1,1.0
197,5,494,732,66,200,1,1,1.0
197,6,1040,324,80,200,1,1,1.0
198,1,1491,296,98,200,1,1,1.0
198,2,1350,739,76,200,1,1,1.0
198,3,771,308,94,200,1,1,1.0
198,4,344,279,86,200,1,1,1.0
198,5,482,739,70,200,1,1,1.0
198,6,1031,337,68,200,1,1,1.0
199,1,1492,277,86,200,1,1,1.0
199,2,1356,740,84,200,1,1,1.0
199,3,786,321,94,200,1,1,1.0
199,4,348,263,86,200,1,1,1.0
199,5,473,733,68,200,1,1,1.0
199,6,1010,349,80,200,1,1,1.0
200,1,1483,273,96,200,1,1,1.0
200,2,1364,743,88,200,1,1,1.0
200,3,796,337,104,200,1,1,1.0
200,4,357,242,78,200,1,1,1.0
200,5,465,730,64,200,1,1,1.0
200,6,997,365,76,200,1,1,1.0
201,1,1480,261,92,200,1,1,1.0
201,2,1380,742,76,200,1,1,1.0
201,3,811,350,104,200,1,1,1.0
201,4,360,236,84,200,1,1,1.0
201,5,455,724,64,200,1,1,1.0
201,6,982,382,76,200,1,1,1.0
202,1,1474,238,94,200,1,1,1.0
202,2,1391,725,74,200,1,1,1.0
202,3,826,351,102,200,1,1,1.0
202,4,368,234,78,200,1,1,1.0
202,5,449,729,58,200,1,1,1.0
202,6,966,389,78,200,1,1,1.0
203,1,1470,237,92,200,1,1,1.0
203,2,1393,723,88,200,1,1,1.0
203,3,847,369,92,200,1,1,1.0
203,4,377,220,72,200,1,1,1.0
203,5,441,719,56,200,1,1,1.0
203,6,956,416,68,200,1,1,1.0
204,1,1468,222,84,200,1,1,1.0
204,2,1405,725,82,200,1,1,1.0
204,3,857,383,102,200,1,1,1.0
204,4,380,201,80,200,1,1,1.0
204,5,431,712,60,200,1,1,1.0
204,6,935,425,80,200,1,1,1.0
205,1,1458,218,92,200,1,1,1.0
205,2,1411,719,88,200,1,1,1.0
205,3,872,402,102,200,1,1,1.0
205,4,384,191,84,200,1,1,1.0
205,5,424,710,58,200,1,1,1.0
205,6,920,439,80,200,1,1,1.0
206,1,1454,206,86,200,1,1,1.0
206,2,1422,706,82,200,1,1,1.0
206,3,889,413,98,200,1,1,1.0
206,4,394,192,78,200,1,1,1.0
206,5,418,698,54,200,1,1,1.0
206,6,921,444,78,200,1,1,1.0
207,1,1440,199,100,200,1,1,1.0
207,2,1429,712,84,200,1,1,1.0
207,3,901,428,104,200,1,1,1.0
207,4,405,174,72,200,1,1,1.0
207,5,405,688,64,200,1,1,1.0
207,6,910,453,70,200,1,1,1.0
208,1,1439,181,88,200,1,1,1.0
208,2,1438,698,82,200,1,1,1.0
208,3,915,443,104,200,1,1,1.0
208,4,411,172,76,200,1,1,1.0
208,5,396,687,68,200,1,1,1.0
208,6,894,469,72,200,1,1,1.0
209,1,1430,171,90,200,1,1,1.0
209,2,1447,684,80,200,1,1,1.0
209,3,930,467,104,200,1,1,1.0
209,4,416,167,82,200,1,1,1.0
209,5,391,671,64,200,1,1,1.0
209,6,879,483,72,200,1,1,1.0
210,1,1418,173,98,200,1,1,1.0
210,2,1452,691,84,200,1,1,1.0
210,3,949,473,96,200,1,1,1.0
210,4,424,156,82,200,1,1,1.0
210,5,382,674,68,200,1,1,1.0
210,6,860,506,80,200,1,1,1.0
211,1,1409,167,100,200,1,1,1.0
211,2,1461,681,78,200,1,1,1.0
211,3,962,489,100,200,1,1,1.0
211,4,436,149,76,200,1,1,1.0
211,5,379,658,62,200,1,1,1.0
211,6,851,507,68,200,1,1,1.0
212,1,1401,162,100,200,1,1,1.0
212,2,1470,656,74,200,1,1,1.0
212,3,977,507,100,200,1,1,1.0
212,4,440,146,86,200,1,1,1.0
212,5,373,642,62,200,1,1,1.0
212,6,830,536,80,200,1,1,1.0
213,1,1395,153,94,200,1,1,1.0
213,2,1468,653,90,200,1,1,1.0
213,3,994,517,98,200,1,1,1.0
213,4,450,140,84,200,1,1,1.0
213,5,369,632,60,200,1,1,1.0
213,6,823,538,64,200,1,1,1.0
214,1,1387,151,92,200,1,1,1.0
214,2,1481,640,74,200,1,1,1.0
214,3,1007,541,100,200,1,1,1.0
214,4,461,140,82,200,1,1,1.0
214,5,362,622,64,200,1,1,1.0
214,6,801,563,78,200,1,1,1.0
215,1,1378,150,90,200,1,1,1.0
215,2,1483,623,82,200,1,1,1.0
215,3,1025,557,94,200,1,1,1.0
215,4,473,150,78,200,1,1,1.0
215,5,361,609,56,200,1,1,1.0
215,6,790,567,70,200,1,1,1.0
216,1,1367,147,92,200,1,1,1.0
216,2,1489,626,80,200,1,1,1.0
216,3,1035,564,104,200,1,1,1.0
216,4,479,138,86,200,1,1,1.0
216,5,358,600,54,200,1,1,1.0
216,6,777,586,68,200,1,1,1.0
217,1,1358,139,90,200,1,1,1.0
217,2,1490,600,86,200,1,1,1.0
217,3,1056,578,92,200,1,1,1.0
217,4,492,135,80,200,1,1,1.0
217,5,345,590,70,200,1,1,1.0
217,6,760,594,72,200,1,1,1.0
218,1,1347,145,92,200,1,1,1.0
218,2,1497,587,82,200,1,1,1.0
218,3,1064,588,106,200,1,1,1.0
218,4,506,138,74,200,1,1,1.0
218,5,345,573,64,200,1,1,1.0
218,6,748,607,68,200,1,1,1.0
219,1,1336,144,92,200,1,1,1.0
219,2,1501,585,80,200,1,1,1.0
219,3,1079,607,104,200,1,1,1.0
219,4,518,140,72,200,1,1,1.0
219,5,343,564,60,200,1,1,1.0
219,6,732,626,70,200,1,1,1.0
220,1,1327,147,90,200,1,1,1.0
220,2,1504,572,82,200,1,1,1.0
220,3,1101,613,90,200,1,1,1.0
220,4,522,150,86,200,1,1,1.0
220,5,338,542,66,200,1,1,1.0
220,6,715,629,76,200,1,1,1.0
221,1,1317,139,86,200,1,1,1.0
221,2,1509,549,78,200,1,1,1.0
221,3,1111,630,98,200,1,1,1.0
221,4,538,139,78,200,1,1,1.0
221,5,340,527,56,200,1,1,1.0
221,6,705,653,68,200,1,1,1.0
222,1,1306,145,86,200,1,1,1.0
222,2,1511,544,80,200,1,1,1.0
222,3,1129,635,90,200,1,1,1.0
222,4,551,149,76,200,1,1,1.0
222,5,338,513,56,200,1,1,1.0
222,6,688,663,74,200,1,1,1.0
223,1,1289,148,96,200,1,1,1.0
223,2,1509,522,88,200,1,1,1.0
223,3,1141,657,94,200,1,1,1.0
223,4,559,151,84,200,1,1,1.0
223,5,334,505,60,200,1,1,1.0
223,6,679,674,64,200,1,1,1.0
224,1,1280,146,92,200,1,1,1.0
224,2,1517,517,76,200,1,1,1.0
224,3,1151,666,102,200,1,1,1.0
224,4,572,151,82,200,1,1,1.0
224,5,331,485,64,200,1,1,1.0
224,6,661,682,72,200,1,1,1.0
225,1,1268,159,90,200,1,1,1.0
225,2,1519,492,76,200,1,1,1.0
225,3,1165,673,102,200,1,1,1.0
225,4,587,170,76,200,1,1,1.0
225,5,333,478,56,200,1,1,1.0
225,6,644,684,80,200,1,1,1.0
226,1,1257,164,88,200,1,1,1.0
226,2,1515,476,86,200,1,1,1.0
226,3,1182,679,96,200,1,1,1.0
226,4,596,172,84,200,1,1,1.0
226,5,332,456,58,200,1,1,1.0
226,6,634,692,72,200,1,1,1.0
227,1,1243,173,92,200,1,1,1.0
227,2,1519,467,80,200,1,1,1.0
227,3,1194,685,98,200,1,1,1.0
227,4,609,181,84,200,1,1,1.0
227,5,328,448,66,200,1,1,1.0
227,6,622,708,70,200,1,1,1.0
228,1,1230,177,92,200,1,1,1.0
228,2,1521,453,76,200,1,1,1.0
228,3,1209,701,94,200,1,1,1.0
228,4,625,175,78,200,1,1,1.0
228,5,331,423,60,200,1,1,1.0
228,6,611,707,66,200,1,1,1.0
229,1,1218,173,90,200,1,1,1.0
229,2,1515,443,88,200,1,1,1.0
229,3,1222,707,94,200,1,1,1.0
229,4,638,189,78,200,1,1,1.0
229,5,331,410,60,200,1,1,1.0
229,6,599,719,64,200,1,1,1.0
230,1,1203,183,94,200,1,1,1.0
230,2,1516,428,86,200,1,1,1.0
230,3,1236,705,92,200,1,1,1.0
230,4,653,193,74,200,1,1,1.0
230,5,331,394,62,200,1,1,1.0
230,6,585,720,68,200,1,1,1.0
231,1,1189,200,94,200,1,1,1.0
231,2,1520,413,78,200,1,1,1.0
231,3,1244,717,102,200,1,1,1.0
231,4,663,214,82,200,1,1,1.0
231,5,329,377,68,200,1,1,1.0
231,6,569,719,76,200,1,1,1.0
232,1,1177,207,92,200,1,1,1.0
232,2,1516,398,82,200,1,1,1.0
232,3,1257,721,100,200,1,1,1.0
232,4,675,213,86,200,1,1,1.0
232,5,336,368,58,200,1,1,1.0
232,6,555,731,78,200,1,1,1.0
233,1,1163,218,92,200,1,1,1.0
233,2,1513,380,86,200,1,1,1.0
233,3,1269,724,100,200,1,1,1.0
233,4,689,234,86,200,1,1,1.0
233,5,338,358,58,200,1,1,1.0
233,6,546,737,74,200,1,1,1.0
234,1,1152,229,86,200,1,1,1.0
234,2,1515,363,78,200,1,1,1.0
234,3,1283,730,96,200,1,1,1.0
234,4,709,234,74,200,1,1,1.0
234,5,341,347,56,200,1,1,1.0
234,6,532,739,78,200,1,1,1.0
235,1,1135,240,92,200,1,1,1.0
235,2,1513,352,78,200,1,1,1.0
235,3,1292,732,102,200,1,1,1.0
235,4,724,252,72,200,1,1,1.0
235,5,337,331,70,200,1,1,1.0
235,6,525,731,70,200,1,1,1.0
236,1,1120,250,94,200,1,1,1.0
236,2,1506,334,86,200,1,1,1.0
236,3,1309,744,92,200,1,1,1.0
236,4,732,270,84,200,1,1,1.0
236,5,340,307,70,200,1,1,1.0
236,6,508,746,80,200,1,1,1.0
237,1,1107,263,92,200,1,1,1.0
237,2,1510,326,74,200,1,1,1.0
237,3,1319,742,94,200,1,1,1.0
237,4,748,269,82,200,1,1,1.0
237,5,345,293,68,200,1,1,1.0
237,6,506,734,64,200,1,1,1.0
238,1,1094,274,88,200,1,1,1.0
238,2,1503,298,80,200,1,1,1.0
238,3,1328,731,98,200,1,1,1.0
238,4,766,286,74,200,1,1,1.0
238,5,352,292,60,200,1,1,1.0
238,6,491,745,72,200,1,1,1.0
239,1,1080,280,88,200,1,1,1.0
239,2,1497,294,86,200,1,1,1.0
239,3,1338,734,100,200,1,1,1.0
239,4,777,300,82,200,1,1,1.0
239,5,354,276,66,200,1,1,1.0
239,6,480,740,74,200,1,1,1.0
240,1,1062,287,94,200,1,1,1.0
240,2,1498,272,74,200,1,1,1.0
240,3,1352,734,92,200,1,1,1.0
240,4,791,312,84,200,1,1,1.0
240,5,362,267,58,200,1,1,1.0
240,6,475,742,64,200,1,1,1.0
241,1,1050,304,90,200,1,1,1.0
241,2,1487,268,88,200,1,1,1.0
241,3,1357,731,102,200,1,1,1.0
241,4,809,337,78,200,1,1,1.0
241,5,367,256,58,200,1,1,1.0
241,6,460,731,74,200,1,1,1.0
242,1,1036,322,88,200,1,1,1.0
242,2,1486,247,80,200,1,1,1.0
242,3,1369,738,98,200,1,1,1.0
242,4,824,342,78,200,1,1,1.0
242,5,374,243,56,200,1,1,1.0
242,6,454,723,66,200,1,1,1.0
243,1,1020,333,90,200,1,1,1.0
243,2,1477,235,88,200,1,1,1.0
243,3,1377,725,102,200,1,1,1.0
243,4,836,366,82,200,1,1,1.0
243,5,375,220,64,200,1,1,1.0
243,6,444,728,68,200,1,1,1.0
244,1,1005,356,90,200,1,1,1.0
244,2,1473,225,86,200,1,1,1.0
244,3,1388,727,98,200,1,1,1.0
244,4,853,367,80,200,1,1,1.0
244,5,379,219,68,200,1,1,1.0
244,6,434,726,70,200,1,1,1.0
245,1,990,367,90,200,1,1,1.0
245,2,1471,226,78,200,1,1,1.0
245,3,1398,721,96,200,1,1,1.0
245,4,866,383,84,200,1,1,1.0
245,5,393,207,54,200,1,1,1.0
245,6,426,712,70,200,1,1,1.0
246,1,973,387,94,200,1,1,1.0
246,2,1467,212,74,200,1,1,1.0
246,3,1409,721,92,200,1,1,1.0
246,4,885,401,76,200,1,1,1.0
246,5,396,196,60,200,1,1,1.0
246,6,421,714,64,200,1,1,1.0
247,1,956,401,98,200,1,1,1.0
247,2,1457,208,80,200,1,1,1.0
247,3,1415,719,96,200,1,1,1.0
247,4,901,414,74,200,1,1,1.0
247,5,405,184,56,200,1,1,1.0
247,6,409,707,72,200,1,1,1.0
248,1,941,418,98,200,1,1,1.0
248,2,1445,198,90,200,1,1,1.0
248,3,1419,702,104,200,1,1,1.0
248,4,912,433,82,200,1,1,1.0
248,5,412,177,58,200,1,1,1.0
248,6,400,699,74,200,1,1,1.0
249,1,929,422,92,200,1,1,1.0
249,2,1443,181,80,200,1,1,1.0
249,3,1433,697,92,200,1,1,1.0
249,4,927,440,80,200,1,1,1.0
249,5,417,175,64,200,1,1,1.0
249,6,398,690,64,200,1,1,1.0
250,1,914,435,92,200,1,1,1.0
250,2,1437,177,76,200,1,1,1.0
250,3,1441,696,92,200,1,1,1.0
250,4,940,463,84,200,1,1,1.0
250,5,426,167,62,200,1,1,1.0
250,6,383,676,80,200,1,1,1.0
