1,1,914,441,92,200,1,1,1.0
1,2,567,725,82,200,1,1,1.0
1,3,341,617,98,200,1,1,1.0
1,4,350,266,80,200,1,1,1.0
1,5,577,155,62,200,1,1,1.0
2,1,899,454,92,200,1,1,1.0
2,2,555,732,82,200,1,1,1.0
2,3,336,604,98,200,1,1,1.0
2,4,355,254,80,200,1,1,1.0
2,5,589,157,62,200,1,1,1.0
3,1,884,470,92,200,1,1,1.0
3,2,543,730,82,200,1,1,1.0
3,3,332,592,98,200,1,1,1.0
3,4,360,239,80,200,1,1,1.0
3,5,602,164,62,200,1,1,1.0
4,1,869,484,92,200,1,1,1.0
4,2,531,732,82,200,1,1,1.0
4,3,328,574,98,200,1,1,1.0
4,4,366,228,80,200,1,1,1.0
4,5,615,174,62,200,1,1,1.0
5,1,854,498,92,200,1,1,1.0
5,2,520,735,82,200,1,1,1.0
5,3,325,563,98,200,1,1,1.0
5,4,371,216,80,200,1,1,1.0
5,5,628,176,62,200,1,1,1.0
6,1,839,513,92,200,1,1,1.0
6,2,509,742,82,200,1,1,1.0
6,3,322,551,98,200,1,1,1.0
6,4,378,209,80,200,1,1,1.0
6,5,641,186,62,200,1,1,1.0
7,1,824,526,92,200,1,1,1.0
7,2,498,742,82,200,1,1,1.0
7,3,319,539,98,200,1,1,1.0
7,4,384,201,80,200,1,1,1.0
7,5,654,198,62,200,1,1,1.0
8,1,809,544,92,200,1,1,1.0
8,2,487,742,82,200,1,1,1.0
8,3,317,520,98,200,1,1,1.0
8,4,391,189,80,200,1,1,1.0
8,5,668,205,62,200,1,1,1.0
9,1,794,561,92,200,1,1,1.0
9,2,477,738,82,200,1,1,1.0
9,3,315,510,98,200,1,1,1.0
9,4,399,183,80,200,1,1,1.0
9,5,681,212,62,200,1,1,1.0
10,1,779,573,92,200,1,1,1.0
10,2,467,738,82,200,1,1,1.0
10,3,314,489,98,200,1,1,1.0
10,4,406,179,80,200,1,1,1.0
10,5,695,227,62,200,1,1,1.0
11,1,765,583,92,200,1,1,1.0
11,2,457,734,82,200,1,1,1.0
11,3,313,475,98,200,1,1,1.0
11,4,414,171,80,200,1,1,1.0
11,5,709,236,62,200,1,1,1.0
12,1,750,598,92,200,1,1,1.0
12,2,447,728,82,200,1,1,1.0
12,3,312,465,98,200,1,1,1.0
12,4,423,159,80,200,1,1,1.0
12,5,723,250,62,200,1,1,1.0
13,1,736,607,92,200,1,1,1.0
13,2,438,729,82,200,1,1,1.0
13,3,312,443,98,200,1,1,1.0
13,4,431,160,80,200,1,1,1.0
13,5,738,259,62,200,1,1,1.0
14,1,721,623,92,200,1,1,1.0
14,2,429,720,82,200,1,1,1.0
14,3,312,430,98,200,1,1,1.0
14,4,440,150,80,200,1,1,1.0
14,5,752,273,62,200,1,1,1.0
15,1,707,634,92,200,1,1,1.0
15,2,421,720,82,200,1,1,1.0
15,3,312,413,98,200,1,1,1.0
15,4,449,151,80,200,1,1,1.0
15,5,767,283,62,200,1,1,1.0
16,1,693,649,92,200,1,1,1.0
16,2,412,707,82,200,1,1,1.0
16,3,313,398,98,200,1,1,1.0
16,4,459,143,80,200,1,1,1.0
16,5,781,295,62,200,1,1,1.0
17,1,679,653,92,200,1,1,1.0
17,2,404,700,82,200,1,1,1.0
17,3,314,389,98,200,1,1,1.0
17,4,469,141,80,200,1,1,1.0
17,5,796,311,62,200,1,1,1.0
18,1,665,666,92,200,1,1,1.0
18,2,397,697,82,200,1,1,1.0
18,3,315,369,98,200,1,1,1.0
18,4,479,138,80,200,1,1,1.0
18,5,811,323,62,200,1,1,1.0
19,1,651,678,92,200,1,1,1.0
19,2,390,692,82,200,1,1,1.0
19,3,317,356,98,200,1,1,1.0
19,4,489,137,80,200,1,1,1.0
19,5,826,335,62,200,1,1,1.0
20,1,638,685,92,200,1,1,1.0
20,2,383,677,82,200,1,1,1.0
20,3,320,339,98,200,1,1,1.0
20,4,500,142,80,200,1,1,1.0
20,5,841,356,62,200,1,1,1.0
21,1,624,696,92,200,1,1,1.0
21,2,376,671,82,200,1,1,1.0
21,3,322,331,98,200,1,1,1.0
21,4,511,139,80,200,1,1,1.0
21,5,856,367,62,200,1,1,1.0
22,1,611,702,92,200,1,1,1.0
22,2,370,657,82,200,1,1,1.0
22,3,325,313,98,200,1,1,1.0
22,4,522,143,80,200,1,1,1.0
22,5,871,385,62,200,1,1,1.0
23,1,598,711,92,200,1,1,1.0
23,2,364,647,82,200,1,1,1.0
23,3,329,305,98,200,1,1,1.0
23,4,533,146,80,200,1,1,1.0
23,5,886,394,62,200,1,1,1.0
24,1,585,713,92,200,1,1,1.0
24,2,358,636,82,200,1,1,1.0
24,3,333,285,98,200,1,1,1.0
24,4,545,149,80,200,1,1,1.0
24,5,901,414,62,200,1,1,1.0
25,1,573,721,92,200,1,1,1.0
25,2,353,627,82,200,1,1,1.0
25,3,337,276,98,200,1,1,1.0
25,4,557,148,80,200,1,1,1.0
25,5,916,426,62,200,1,1,1.0
26,1,561,729,92,200,1,1,1.0
26,2,348,613,82,200,1,1,1.0
26,3,341,260,98,200,1,1,1.0
26,4,569,156,80,200,1,1,1.0
26,5,930,440,62,200,1,1,1.0
27,1,548,727,92,200,1,1,1.0
27,2,344,604,82,200,1,1,1.0
27,3,346,247,98,200,1,1,1.0
27,4,581,164,80,200,1,1,1.0
27,5,945,455,62,200,1,1,1.0
28,1,537,737,92,200,1,1,1.0
28,2,340,591,82,200,1,1,1.0
28,3,351,243,98,200,1,1,1.0
28,4,594,165,80,200,1,1,1.0
28,5,960,471,62,200,1,1,1.0
29,1,525,733,92,200,1,1,1.0
29,2,336,575,82,200,1,1,1.0
29,3,357,228,98,200,1,1,1.0
29,4,607,171,80,200,1,1,1.0
29,5,975,487,62,200,1,1,1.0
30,1,514,738,92,200,1,1,1.0
30,2,333,566,82,200,1,1,1.0
30,3,363,217,98,200,1,1,1.0
30,4,620,181,80,200,1,1,1.0
30,5,990,500,62,200,1,1,1.0
31,1,502,735,92,200,1,1,1.0
31,2,330,552,82,200,1,1,1.0
31,3,369,209,98,200,1,1,1.0
31,4,633,191,80,200,1,1,1.0
31,5,1006,514,62,200,1,1,1.0
32,1,492,743,92,200,1,1,1.0
32,2,327,536,82,200,1,1,1.0
32,3,376,200,98,200,1,1,1.0
32,4,646,194,80,200,1,1,1.0
32,5,1020,533,62,200,1,1,1.0
33,1,481,736,92,200,1,1,1.0
33,2,325,516,82,200,1,1,1.0
33,3,383,188,98,200,1,1,1.0
33,4,660,208,80,200,1,1,1.0
33,5,1035,543,62,200,1,1,1.0
34,1,471,737,92,200,1,1,1.0
34,2,323,507,82,200,1,1,1.0
34,3,390,181,98,200,1,1,1.0
34,4,674,214,80,200,1,1,1.0
34,5,1050,558,62,200,1,1,1.0
35,1,461,738,92,200,1,1,1.0
35,2,322,489,82,200,1,1,1.0
35,3,398,176,98,200,1,1,1.0
35,4,688,225,80,200,1,1,1.0
35,5,1065,575,62,200,1,1,1.0
36,1,451,734,92,200,1,1,1.0
36,2,321,478,82,200,1,1,1.0
36,3,406,165,98,200,1,1,1.0
36,4,702,240,80,200,1,1,1.0
36,5,1080,583,62,200,1,1,1.0
37,1,441,730,92,200,1,1,1.0
37,2,320,460,82,200,1,1,1.0
37,3,414,164,98,200,1,1,1.0
37,4,716,246,80,200,1,1,1.0
37,5,1094,597,62,200,1,1,1.0
38,1,432,725,92,200,1,1,1.0
38,2,320,445,82,200,1,1,1.0
38,3,423,155,98,200,1,1,1.0
38,4,730,263,80,200,1,1,1.0
38,5,1109,611,62,200,1,1,1.0
39,1,423,723,92,200,1,1,1.0
39,2,320,428,82,200,1,1,1.0
39,3,432,152,98,200,1,1,1.0
39,4,744,270,80,200,1,1,1.0
39,5,1123,628,62,200,1,1,1.0
40,1,415,713,92,200,1,1,1.0
40,2,320,414,82,200,1,1,1.0
40,3,441,146,98,200,1,1,1.0
40,4,759,287,80,200,1,1,1.0
40,5,1138,632,62,200,1,1,1.0
41,1,407,712,92,200,1,1,1.0
41,2,321,400,82,200,1,1,1.0
41,3,451,145,98,200,1,1,1.0
41,4,774,301,80,200,1,1,1.0
41,5,1152,648,62,200,1,1,1.0
42,1,399,704,92,200,1,1,1.0
42,2,322,387,82,200,1,1,1.0
42,3,461,146,98,200,1,1,1.0
42,4,788,310,80,200,1,1,1.0
42,5,1166,661,62,200,1,1,1.0
43,1,391,693,92,200,1,1,1.0
43,2,324,370,82,200,1,1,1.0
43,3,471,145,98,200,1,1,1.0
43,4,803,326,80,200,1,1,1.0
43,5,1179,666,62,200,1,1,1.0
44,1,384,689,92,200,1,1,1.0
44,2,326,359,82,200,1,1,1.0
44,3,481,142,98,200,1,1,1.0
44,4,818,340,80,200,1,1,1.0
44,5,1193,679,62,200,1,1,1.0
45,1,377,679,92,200,1,1,1.0
45,2,328,338,82,200,1,1,1.0
45,3,492,143,98,200,1,1,1.0
45,4,833,355,80,200,1,1,1.0
45,5,1207,682,62,200,1,1,1.0
46,1,370,668,92,200,1,1,1.0
46,2,331,324,82,200,1,1,1.0
46,3,503,138,98,200,1,1,1.0
46,4,848,372,80,200,1,1,1.0
46,5,1220,692,62,200,1,1,1.0
47,1,364,658,92,200,1,1,1.0
47,2,334,312,82,200,1,1,1.0
47,3,514,144,98,200,1,1,1.0
47,4,863,386,80,200,1,1,1.0
47,5,1233,699,62,200,1,1,1.0
48,1,358,651,92,200,1,1,1.0
48,2,337,303,82,200,1,1,1.0
48,3,525,147,98,200,1,1,1.0
48,4,878,400,80,200,1,1,1.0
48,5,1246,711,62,200,1,1,1.0
49,1,353,634,92,200,1,1,1.0
49,2,341,284,82,200,1,1,1.0
49,3,537,148,98,200,1,1,1.0
49,4,893,409,80,200,1,1,1.0
49,5,1259,716,62,200,1,1,1.0
50,1,348,628,92,200,1,1,1.0
50,2,345,273,82,200,1,1,1.0
50,3,549,149,98,200,1,1,1.0
50,4,908,428,80,200,1,1,1.0
50,5,1271,718,62,200,1,1,1.0
51,1,343,615,92,200,1,1,1.0
51,2,350,260,82,200,1,1,1.0
51,3,561,152,98,200,1,1,1.0
51,4,923,441,80,200,1,1,1.0
51,5,1284,728,62,200,1,1,1.0
52,1,339,597,92,200,1,1,1.0
52,2,355,252,82,200,1,1,1.0
52,3,574,161,98,200,1,1,1.0
52,4,938,459,80,200,1,1,1.0
52,5,1296,731,62,200,1,1,1.0
53,1,334,587,92,200,1,1,1.0
53,2,360,239,82,200,1,1,1.0
53,3,586,166,98,200,1,1,1.0
53,4,953,474,80,200,1,1,1.0
53,5,1308,731,62,200,1,1,1.0
54,1,331,578,92,200,1,1,1.0
54,2,366,224,82,200,1,1,1.0
54,3,599,174,98,200,1,1,1.0
54,4,968,488,80,200,1,1,1.0
54,5,1319,732,62,200,1,1,1.0
55,1,327,565,92,200,1,1,1.0
55,2,372,213,82,200,1,1,1.0
55,3,612,183,98,200,1,1,1.0
55,4,983,501,80,200,1,1,1.0
55,5,1331,739,62,200,1,1,1.0
56,1,325,548,92,200,1,1,1.0
56,2,378,205,82,200,1,1,1.0
56,3,625,186,98,200,1,1,1.0
56,4,998,514,80,200,1,1,1.0
56,5,1342,739,62,200,1,1,1.0
57,1,322,535,92,200,1,1,1.0
57,2,385,196,82,200,1,1,1.0
57,3,639,199,98,200,1,1,1.0
57,4,1013,529,80,200,1,1,1.0
57,5,1352,740,62,200,1,1,1.0
58,1,320,515,92,200,1,1,1.0
58,2,392,188,82,200,1,1,1.0
58,3,652,208,98,200,1,1,1.0
58,4,1028,544,80,200,1,1,1.0
58,5,1363,742,62,200,1,1,1.0
59,1,318,506,92,200,1,1,1.0
59,2,399,181,82,200,1,1,1.0
59,3,666,215,98,200,1,1,1.0
59,4,1043,563,80,200,1,1,1.0
59,5,1373,737,62,200,1,1,1.0
60,1,317,486,92,200,1,1,1.0
60,2,407,171,82,200,1,1,1.0
60,3,680,227,98,200,1,1,1.0
60,4,1058,574,80,200,1,1,1.0
60,5,1383,734,62,200,1,1,1.0
61,1,315,470,92,200,1,1,1.0
61,2,415,164,82,200,1,1,1.0
61,3,694,239,98,200,1,1,1.0
61,4,1072,588,80,200,1,1,1.0
61,5,1393,731,62,200,1,1,1.0
62,1,315,461,92,200,1,1,1.0
62,2,423,163,82,200,1,1,1.0
62,3,708,249,98,200,1,1,1.0
62,4,1087,597,80,200,1,1,1.0
62,5,1403,729,62,200,1,1,1.0
63,1,315,441,92,200,1,1,1.0
63,2,432,156,82,200,1,1,1.0
63,3,722,262,98,200,1,1,1.0
63,4,1101,609,80,200,1,1,1.0
63,5,1412,728,62,200,1,1,1.0
64,1,315,433,92,200,1,1,1.0
64,2,441,151,82,200,1,1,1.0
64,3,737,270,98,200,1,1,1.0
64,4,1116,628,80,200,1,1,1.0
64,5,1420,724,62,200,1,1,1.0
65,1,315,415,92,200,1,1,1.0
65,2,450,148,82,200,1,1,1.0
65,3,751,290,98,200,1,1,1.0
65,4,1130,638,80,200,1,1,1.0
65,5,1429,713,62,200,1,1,1.0
66,1,316,399,92,200,1,1,1.0
66,2,460,143,82,200,1,1,1.0
66,3,766,300,98,200,1,1,1.0
66,4,1144,650,80,200,1,1,1.0
66,5,1437,705,62,200,1,1,1.0
67,1,317,387,92,200,1,1,1.0
67,2,470,147,82,200,1,1,1.0
67,3,781,313,98,200,1,1,1.0
67,4,1158,655,80,200,1,1,1.0
67,5,1445,704,62,200,1,1,1.0
68,1,319,366,92,200,1,1,1.0
68,2,480,137,82,200,1,1,1.0
68,3,796,325,98,200,1,1,1.0
68,4,1172,669,80,200,1,1,1.0
68,5,1453,697,62,200,1,1,1.0
69,1,321,358,92,200,1,1,1.0
69,2,490,143,82,200,1,1,1.0
69,3,811,344,98,200,1,1,1.0
69,4,1185,677,80,200,1,1,1.0
69,5,1460,684,62,200,1,1,1.0
70,1,323,343,92,200,1,1,1.0
70,2,501,138,82,200,1,1,1.0
70,3,825,357,98,200,1,1,1.0
70,4,1199,685,80,200,1,1,1.0
70,5,1467,681,62,200,1,1,1.0
71,1,326,327,92,200,1,1,1.0
71,2,512,138,82,200,1,1,1.0
71,3,841,367,98,200,1,1,1.0
71,4,1212,691,80,200,1,1,1.0
71,5,1473,668,62,200,1,1,1.0
72,1,329,313,92,200,1,1,1.0
72,2,523,144,82,200,1,1,1.0
72,3,856,382,98,200,1,1,1.0
72,4,1225,702,80,200,1,1,1.0
72,5,1479,658,62,200,1,1,1.0
73,1,333,299,92,200,1,1,1.0
73,2,535,146,82,200,1,1,1.0
73,3,871,401,98,200,1,1,1.0
73,4,1238,709,80,200,1,1,1.0
73,5,1485,646,62,200,1,1,1.0
74,1,336,283,92,200,1,1,1.0
74,2,546,149,82,200,1,1,1.0
74,3,886,414,98,200,1,1,1.0
74,4,1251,717,80,200,1,1,1.0
74,5,1491,635,62,200,1,1,1.0
75,1,341,272,92,200,1,1,1.0
75,2,558,152,82,200,1,1,1.0
75,3,901,432,98,200,1,1,1.0
75,4,1264,722,80,200,1,1,1.0
75,5,1496,626,62,200,1,1,1.0
76,1,345,261,92,200,1,1,1.0
76,2,571,157,82,200,1,1,1.0
76,3,915,446,98,200,1,1,1.0
76,4,1276,725,80,200,1,1,1.0
76,5,1501,613,62,200,1,1,1.0
77,1,350,251,92,200,1,1,1.0
77,2,583,163,82,200,1,1,1.0
77,3,930,456,98,200,1,1,1.0
77,4,1288,729,80,200,1,1,1.0
77,5,1505,603,62,200,1,1,1.0
78,1,356,239,92,200,1,1,1.0
78,2,596,167,82,200,1,1,1.0
78,3,945,471,98,200,1,1,1.0
78,4,1300,737,80,200,1,1,1.0
78,5,1509,583,62,200,1,1,1.0
79,1,361,225,92,200,1,1,1.0
79,2,608,172,82,200,1,1,1.0
79,3,960,492,98,200,1,1,1.0
79,4,1311,738,80,200,1,1,1.0
79,5,1513,570,62,200,1,1,1.0
80,1,367,217,92,200,1,1,1.0
80,2,621,185,82,200,1,1,1.0
80,3,975,502,98,200,1,1,1.0
80,4,1323,741,80,200,1,1,1.0
80,5,1516,562,62,200,1,1,1.0
81,1,374,209,92,200,1,1,1.0
81,2,635,192,82,200,1,1,1.0
81,3,991,519,98,200,1,1,1.0
81,4,1334,736,80,200,1,1,1.0
81,5,1519,543,62,200,1,1,1.0
82,1,380,199,92,200,1,1,1.0
82,2,648,195,82,200,1,1,1.0
82,3,1005,531,98,200,1,1,1.0
82,4,1345,740,80,200,1,1,1.0
82,5,1521,529,62,200,1,1,1.0
83,1,387,188,92,200,1,1,1.0
83,2,662,211,82,200,1,1,1.0
83,3,1020,546,98,200,1,1,1.0
83,4,1355,736,80,200,1,1,1.0
83,5,1523,515,62,200,1,1,1.0
84,1,395,182,92,200,1,1,1.0
84,2,675,215,82,200,1,1,1.0
84,3,1035,563,98,200,1,1,1.0
84,4,1365,737,80,200,1,1,1.0
84,5,1525,506,62,200,1,1,1.0
85,1,403,173,92,200,1,1,1.0
85,2,689,232,82,200,1,1,1.0
85,3,1050,575,98,200,1,1,1.0
85,4,1375,732,80,200,1,1,1.0
85,5,1527,490,62,200,1,1,1.0
86,1,411,168,92,200,1,1,1.0
86,2,703,239,82,200,1,1,1.0
86,3,1065,587,98,200,1,1,1.0
86,4,1385,735,80,200,1,1,1.0
86,5,1528,473,62,200,1,1,1.0
87,1,419,165,92,200,1,1,1.0
87,2,718,247,82,200,1,1,1.0
87,3,1079,599,98,200,1,1,1.0
87,4,1394,728,80,200,1,1,1.0
87,5,1528,457,62,200,1,1,1.0
88,1,428,153,92,200,1,1,1.0
88,2,732,266,82,200,1,1,1.0
88,3,1094,611,98,200,1,1,1.0
88,4,1404,723,80,200,1,1,1.0
88,5,1528,446,62,200,1,1,1.0
89,1,437,155,92,200,1,1,1.0
89,2,746,275,82,200,1,1,1.0
89,3,1108,630,98,200,1,1,1.0
89,4,1412,720,80,200,1,1,1.0
89,5,1528,427,62,200,1,1,1.0
90,1,446,152,92,200,1,1,1.0
90,2,761,288,82,200,1,1,1.0
90,3,1122,637,98,200,1,1,1.0
90,4,1421,716,80,200,1,1,1.0
90,5,1528,410,62,200,1,1,1.0
91,1,456,147,92,200,1,1,1.0
91,2,776,299,82,200,1,1,1.0
91,3,1136,645,98,200,1,1,1.0
91,4,1429,711,80,200,1,1,1.0
91,5,1527,400,62,200,1,1,1.0
92,1,466,145,92,200,1,1,1.0
92,2,790,314,82,200,1,1,1.0
92,3,1150,656,98,200,1,1,1.0
92,4,1437,698,80,200,1,1,1.0
92,5,1526,382,62,200,1,1,1.0
93,1,476,141,92,200,1,1,1.0
93,2,805,332,82,200,1,1,1.0
93,3,1164,667,98,200,1,1,1.0
93,4,1444,691,80,200,1,1,1.0
93,5,1524,368,62,200,1,1,1.0
94,1,486,137,92,200,1,1,1.0
94,2,820,345,82,200,1,1,1.0
94,3,1178,679,98,200,1,1,1.0
94,4,1452,682,80,200,1,1,1.0
94,5,1522,356,62,200,1,1,1.0
95,1,497,138,92,200,1,1,1.0
95,2,835,360,82,200,1,1,1.0
95,3,1191,686,98,200,1,1,1.0
95,4,1458,675,80,200,1,1,1.0
95,5,1520,338,62,200,1,1,1.0
96,1,508,138,92,200,1,1,1.0
96,2,850,368,82,200,1,1,1.0
96,3,1205,693,98,200,1,1,1.0
96,4,1465,668,80,200,1,1,1.0
96,5,1517,321,62,200,1,1,1.0
97,1,519,145,92,200,1,1,1.0
97,2,865,390,82,200,1,1,1.0
97,3,1218,705,98,200,1,1,1.0
97,4,1471,653,80,200,1,1,1.0
97,5,1514,314,62,200,1,1,1.0
98,1,531,142,92,200,1,1,1.0
98,2,880,400,82,200,1,1,1.0
98,3,1231,712,98,200,1,1,1.0
98,4,1477,650,80,200,1,1,1.0
98,5,1510,298,62,200,1,1,1.0
99,1,543,146,92,200,1,1,1.0
99,2,895,415,82,200,1,1,1.0
99,3,1243,717,98,200,1,1,1.0
99,4,1482,636,80,200,1,1,1.0
99,5,1506,287,62,200,1,1,1.0
100,1,555,154,92,200,1,1,1.0
100,2,910,428,82,200,1,1,1.0
100,3,1256,719,98,200,1,1,1.0
100,4,1487,622,80,200,1,1,1.0
100,5,1502,272,62,200,1,1,1.0
101,1,567,155,92,200,1,1,1.0
101,2,925,448,82,200,1,1,1.0
101,3,1268,726,98,200,1,1,1.0
101,4,1492,607,80,200,1,1,1.0
101,5,1497,260,62,200,1,1,1.0
102,1,579,166,92,200,1,1,1.0
102,2,940,464,82,200,1,1,1.0
102,3,1280,729,98,200,1,1,1.0
102,4,1496,600,80,200,1,1,1.0
102,5,1492,248,62,200,1,1,1.0
103,1,592,172,92,200,1,1,1.0
103,2,955,473,82,200,1,1,1.0
103,3,1292,732,98,200,1,1,1.0
103,4,1500,585,80,200,1,1,1.0
103,5,1487,233,62,200,1,1,1.0
104,1,605,179,92,200,1,1,1.0
104,2,970,494,82,200,1,1,1.0
104,3,1303,737,98,200,1,1,1.0
104,4,1504,575,80,200,1,1,1.0
104,5,1481,226,62,200,1,1,1.0
105,1,618,185,92,200,1,1,1.0
105,2,985,506,82,200,1,1,1.0
105,3,1315,740,98,200,1,1,1.0
105,4,1507,559,80,200,1,1,1.0
105,5,1475,215,62,200,1,1,1.0
106,1,631,190,92,200,1,1,1.0
106,2,1000,520,82,200,1,1,1.0
106,3,1326,739,98,200,1,1,1.0
106,4,1510,545,80,200,1,1,1.0
106,5,1469,203,62,200,1,1,1.0
107,1,644,200,92,200,1,1,1.0
107,2,1015,535,82,200,1,1,1.0
107,3,1337,737,98,200,1,1,1.0
107,4,1513,529,80,200,1,1,1.0
107,5,1462,200,62,200,1,1,1.0
108,1,658,205,92,200,1,1,1.0
108,2,1030,553,82,200,1,1,1.0
108,3,1347,735,98,200,1,1,1.0
108,4,1515,519,80,200,1,1,1.0
108,5,1455,185,62,200,1,1,1.0
109,1,672,218,92,200,1,1,1.0
109,2,1045,566,82,200,1,1,1.0
109,3,1357,734,98,200,1,1,1.0
109,4,1516,499,80,200,1,1,1.0
109,5,1447,183,62,200,1,1,1.0
110,1,686,230,92,200,1,1,1.0
110,2,1059,579,82,200,1,1,1.0
110,3,1367,733,98,200,1,1,1.0
110,4,1518,482,80,200,1,1,1.0
110,5,1440,175,62,200,1,1,1.0
111,1,700,241,92,200,1,1,1.0
111,2,1074,586,82,200,1,1,1.0
111,3,1377,733,98,200,1,1,1.0
111,4,1519,470,80,200,1,1,1.0
111,5,1431,170,62,200,1,1,1.0
112,1,714,252,92,200,1,1,1.0
112,2,1089,600,82,200,1,1,1.0
112,3,1386,733,98,200,1,1,1.0
112,4,1519,453,80,200,1,1,1.0
112,5,1423,158,62,200,1,1,1.0
113,1,728,265,92,200,1,1,1.0
113,2,1103,612,82,200,1,1,1.0
113,3,1395,728,98,200,1,1,1.0
113,4,1519,443,80,200,1,1,1.0
113,5,1414,155,62,200,1,1,1.0
114,1,743,272,92,200,1,1,1.0
114,2,1118,630,82,200,1,1,1.0
114,3,1404,724,98,200,1,1,1.0
114,4,1519,427,80,200,1,1,1.0
114,5,1405,150,62,200,1,1,1.0
115,1,757,289,92,200,1,1,1.0
115,2,1132,643,82,200,1,1,1.0
115,3,1413,712,98,200,1,1,1.0
115,4,1519,409,80,200,1,1,1.0
115,5,1396,148,62,200,1,1,1.0
116,1,772,306,92,200,1,1,1.0
116,2,1146,652,82,200,1,1,1.0
116,3,1421,705,98,200,1,1,1.0
116,4,1518,397,80,200,1,1,1.0
116,5,1386,146,62,200,1,1,1.0
117,1,787,315,92,200,1,1,1.0
117,2,1160,661,82,200,1,1,1.0
117,3,1429,705,98,200,1,1,1.0
117,4,1517,380,80,200,1,1,1.0
117,5,1376,143,62,200,1,1,1.0
118,1,802,332,92,200,1,1,1.0
118,2,1174,669,82,200,1,1,1.0
118,3,1436,695,98,200,1,1,1.0
118,4,1515,369,80,200,1,1,1.0
118,5,1366,145,62,200,1,1,1.0
119,1,817,346,92,200,1,1,1.0
119,2,1187,683,82,200,1,1,1.0
119,3,1443,682,98,200,1,1,1.0
119,4,1513,350,80,200,1,1,1.0
119,5,1356,140,62,200,1,1,1.0
120,1,831,361,92,200,1,1,1.0
120,2,1201,689,82,200,1,1,1.0
120,3,1450,673,98,200,1,1,1.0
120,4,1510,336,80,200,1,1,1.0
120,5,1345,139,62,200,1,1,1.0
121,1,847,375,92,200,1,1,1.0
121,2,1214,698,82,200,1,1,1.0
121,3,1456,669,98,200,1,1,1.0
121,4,1507,320,80,200,1,1,1.0
121,5,1334,141,62,200,1,1,1.0
122,1,862,385,92,200,1,1,1.0
122,2,1227,701,82,200,1,1,1.0
122,3,1463,658,98,200,1,1,1.0
122,4,1504,308,80,200,1,1,1.0
122,5,1323,146,62,200,1,1,1.0
123,1,877,403,92,200,1,1,1.0
123,2,1240,710,82,200,1,1,1.0
123,3,1468,647,98,200,1,1,1.0
123,4,1501,298,80,200,1,1,1.0
123,5,1311,145,62,200,1,1,1.0
124,1,892,422,92,200,1,1,1.0
124,2,1253,717,82,200,1,1,1.0
124,3,1474,636,98,200,1,1,1.0
124,4,1497,285,80,200,1,1,1.0
124,5,1299,147,62,200,1,1,1.0
125,1,907,430,92,200,1,1,1.0
125,2,1265,720,82,200,1,1,1.0
125,3,1479,619,98,200,1,1,1.0
125,4,1492,270,80,200,1,1,1.0
125,5,1287,151,62,200,1,1,1.0
126,1,921,446,92,200,1,1,1.0
126,2,1277,726,82,200,1,1,1.0
126,3,1483,610,98,200,1,1,1.0
126,4,1488,255,80,200,1,1,1.0
126,5,1275,157,62,200,1,1,1.0
127,1,936,461,92,200,1,1,1.0
127,2,1289,731,82,200,1,1,1.0
127,3,1488,599,98,200,1,1,1.0
127,4,1483,243,80,200,1,1,1.0
127,5,1263,165,62,200,1,1,1.0
128,1,951,475,92,200,1,1,1.0
128,2,1301,732,82,200,1,1,1.0
128,3,1492,586,98,200,1,1,1.0
128,4,1477,238,80,200,1,1,1.0
128,5,1250,169,62,200,1,1,1.0
129,1,966,496,92,200,1,1,1.0
129,2,1313,733,82,200,1,1,1.0
129,3,1495,573,98,200,1,1,1.0
129,4,1472,221,80,200,1,1,1.0
129,5,1237,177,62,200,1,1,1.0
130,1,981,505,92,200,1,1,1.0
130,2,1324,739,82,200,1,1,1.0
130,3,1498,553,98,200,1,1,1.0
130,4,1465,213,80,200,1,1,1.0
130,5,1224,181,62,200,1,1,1.0
131,1,997,524,92,200,1,1,1.0
131,2,1335,743,82,200,1,1,1.0
131,3,1501,539,98,200,1,1,1.0
131,4,1459,206,80,200,1,1,1.0
131,5,1211,191,62,200,1,1,1.0
132,1,1011,539,92,200,1,1,1.0
132,2,1346,742,82,200,1,1,1.0
132,3,1504,531,98,200,1,1,1.0
132,4,1452,197,80,200,1,1,1.0
132,5,1197,197,62,200,1,1,1.0
133,1,1026,550,92,200,1,1,1.0
133,2,1356,741,82,200,1,1,1.0
133,3,1506,512,98,200,1,1,1.0
133,4,1445,189,80,200,1,1,1.0
133,5,1184,208,62,200,1,1,1.0
134,1,1041,568,92,200,1,1,1.0
134,2,1366,741,82,200,1,1,1.0
134,3,1508,497,98,200,1,1,1.0
134,4,1438,182,80,200,1,1,1.0
134,5,1170,223,62,200,1,1,1.0
135,1,1056,579,92,200,1,1,1.0
135,2,1376,738,82,200,1,1,1.0
135,3,1509,481,98,200,1,1,1.0
135,4,1430,172,80,200,1,1,1.0
135,5,1156,234,62,200,1,1,1.0
136,1,1071,590,92,200,1,1,1.0
136,2,1386,734,82,200,1,1,1.0
136,3,1510,473,98,200,1,1,1.0
136,4,1422,163,80,200,1,1,1.0
136,5,1142,239,62,200,1,1,1.0
137,1,1085,607,92,200,1,1,1.0
137,2,1395,733,82,200,1,1,1.0
137,3,1510,456,98,200,1,1,1.0
137,4,1413,159,80,200,1,1,1.0
137,5,1128,257,62,200,1,1,1.0
138,1,1100,620,92,200,1,1,1.0
138,2,1404,721,82,200,1,1,1.0
138,3,1510,437,98,200,1,1,1.0
138,4,1404,151,80,200,1,1,1.0
138,5,1113,264,62,200,1,1,1.0
139,1,1114,631,92,200,1,1,1.0
139,2,1413,723,82,200,1,1,1.0
139,3,1510,427,98,200,1,1,1.0
139,4,1395,148,80,200,1,1,1.0
139,5,1099,281,62,200,1,1,1.0
140,1,1128,637,92,200,1,1,1.0
140,2,1421,718,82,200,1,1,1.0
140,3,1510,408,98,200,1,1,1.0
140,4,1386,149,80,200,1,1,1.0
140,5,1084,287,62,200,1,1,1.0
141,1,1142,647,92,200,1,1,1.0
141,2,1430,709,82,200,1,1,1.0
141,3,1509,397,98,200,1,1,1.0
141,4,1376,146,80,200,1,1,1.0
141,5,1069,301,62,200,1,1,1.0
142,1,1156,662,92,200,1,1,1.0
142,2,1437,700,82,200,1,1,1.0
142,3,1507,377,98,200,1,1,1.0
142,4,1366,144,80,200,1,1,1.0
142,5,1055,313,62,200,1,1,1.0
143,1,1170,674,92,200,1,1,1.0
143,2,1445,690,82,200,1,1,1.0
143,3,1506,364,98,200,1,1,1.0
143,4,1356,137,80,200,1,1,1.0
143,5,1040,332,62,200,1,1,1.0
144,1,1184,678,92,200,1,1,1.0
144,2,1452,685,82,200,1,1,1.0
144,3,1504,347,98,200,1,1,1.0
144,4,1346,139,80,200,1,1,1.0
144,5,1025,349,62,200,1,1,1.0
145,1,1197,687,92,200,1,1,1.0
145,2,1459,677,82,200,1,1,1.0
145,3,1501,336,98,200,1,1,1.0
145,4,1335,143,80,200,1,1,1.0
145,5,1010,357,62,200,1,1,1.0
146,1,1210,699,92,200,1,1,1.0
146,2,1465,663,82,200,1,1,1.0
146,3,1498,325,98,200,1,1,1.0
146,4,1324,140,80,200,1,1,1.0
146,5,995,375,62,200,1,1,1.0
147,1,1223,707,92,200,1,1,1.0
147,2,1471,655,82,200,1,1,1.0
147,3,1495,307,98,200,1,1,1.0
147,4,1312,143,80,200,1,1,1.0
147,5,980,386,62,200,1,1,1.0
148,1,1236,710,92,200,1,1,1.0
148,2,1477,647,82,200,1,1,1.0
148,3,1491,293,98,200,1,1,1.0
148,4,1301,145,80,200,1,1,1.0
148,5,965,400,62,200,1,1,1.0
149,1,1249,722,92,200,1,1,1.0
149,2,1482,631,82,200,1,1,1.0
149,3,1487,278,98,200,1,1,1.0
149,4,1289,147,80,200,1,1,1.0
149,5,950,423,62,200,1,1,1.0
150,1,1261,724,92,200,1,1,1.0
150,2,1487,623,82,200,1,1,1.0
150,3,1483,267,98,200,1,1,1.0
150,4,1277,154,80,200,1,1,1.0
150,5,935,432,62,200,1,1,1.0
151,1,1273,725,92,200,1,1,1.0
151,2,1492,606,82,200,1,1,1.0
151,3,1478,259,98,200,1,1,1.0
151,4,1265,159,80,200,1,1,1.0
151,5,920,451,62,200,1,1,1.0
152,1,1285,735,92,200,1,1,1.0
152,2,1496,598,82,200,1,1,1.0
152,3,1473,247,98,200,1,1,1.0
152,4,1252,166,80,200,1,1,1.0
152,5,905,462,62,200,1,1,1.0
153,1,1297,737,92,200,1,1,1.0
153,2,1500,584,82,200,1,1,1.0
153,3,1468,235,98,200,1,1,1.0
153,4,1240,172,80,200,1,1,1.0
153,5,890,481,62,200,1,1,1.0
154,1,1309,737,92,200,1,1,1.0
154,2,1504,573,82,200,1,1,1.0
154,3,1462,224,98,200,1,1,1.0
154,4,1227,176,80,200,1,1,1.0
154,5,875,495,62,200,1,1,1.0
155,1,1320,742,92,200,1,1,1.0
155,2,1507,555,82,200,1,1,1.0
155,3,1456,212,98,200,1,1,1.0
155,4,1214,183,80,200,1,1,1.0
155,5,860,508,62,200,1,1,1.0
156,1,1331,736,92,200,1,1,1.0
156,2,1510,540,82,200,1,1,1.0
156,3,1449,207,98,200,1,1,1.0
156,4,1200,189,80,200,1,1,1.0
156,5,845,524,62,200,1,1,1.0
157,1,1342,736,92,200,1,1,1.0
157,2,1512,528,82,200,1,1,1.0
157,3,1443,197,98,200,1,1,1.0
157,4,1187,205,80,200,1,1,1.0
157,5,830,539,62,200,1,1,1.0
158,1,1352,738,92,200,1,1,1.0
158,2,1514,512,82,200,1,1,1.0
158,3,1435,187,98,200,1,1,1.0
158,4,1173,214,80,200,1,1,1.0
158,5,815,548,62,200,1,1,1.0
159,1,1362,741,92,200,1,1,1.0
159,2,1516,499,82,200,1,1,1.0
159,3,1428,177,98,200,1,1,1.0
159,4,1159,223,80,200,1,1,1.0
159,5,800,569,62,200,1,1,1.0
160,1,1372,734,92,200,1,1,1.0
160,2,1517,482,82,200,1,1,1.0
160,3,1420,171,98,200,1,1,1.0
160,4,1145,228,80,200,1,1,1.0
160,5,786,580,62,200,1,1,1.0
161,1,1382,731,92,200,1,1,1.0
161,2,1518,466,82,200,1,1,1.0
161,3,1412,169,98,200,1,1,1.0
161,4,1131,240,80,200,1,1,1.0
161,5,771,594,62,200,1,1,1.0
162,1,1391,732,92,200,1,1,1.0
162,2,1518,456,82,200,1,1,1.0
162,3,1403,161,98,200,1,1,1.0
162,4,1117,250,80,200,1,1,1.0
162,5,756,607,62,200,1,1,1.0
163,1,1400,727,92,200,1,1,1.0
163,2,1518,438,82,200,1,1,1.0
163,3,1395,155,98,200,1,1,1.0
163,4,1103,265,80,200,1,1,1.0
163,5,742,620,62,200,1,1,1.0
164,1,1409,715,92,200,1,1,1.0
164,2,1518,424,82,200,1,1,1.0
164,3,1385,149,98,200,1,1,1.0
164,4,1088,281,80,200,1,1,1.0
164,5,728,631,62,200,1,1,1.0
165,1,1417,710,92,200,1,1,1.0
165,2,1518,409,82,200,1,1,1.0
165,3,1376,146,98,200,1,1,1.0
165,4,1074,290,80,200,1,1,1.0
165,5,713,638,62,200,1,1,1.0
166,1,1425,705,92,200,1,1,1.0
166,2,1517,396,82,200,1,1,1.0
166,3,1366,145,98,200,1,1,1.0
166,4,1059,308,80,200,1,1,1.0
166,5,699,651,62,200,1,1,1.0
167,1,1433,701,92,200,1,1,1.0
167,2,1515,382,82,200,1,1,1.0
167,3,1356,146,98,200,1,1,1.0
167,4,1044,322,80,200,1,1,1.0
167,5,685,660,62,200,1,1,1.0
168,1,1441,690,92,200,1,1,1.0
168,2,1513,365,82,200,1,1,1.0
168,3,1346,142,98,200,1,1,1.0
168,4,1029,335,80,200,1,1,1.0
168,5,672,674,62,200,1,1,1.0
169,1,1448,681,92,200,1,1,1.0
169,2,1511,346,82,200,1,1,1.0
169,3,1336,144,98,200,1,1,1.0
169,4,1014,345,80,200,1,1,1.0
169,5,658,680,62,200,1,1,1.0
170,1,1454,671,92,200,1,1,1.0
170,2,1509,333,82,200,1,1,1.0
170,3,1325,140,98,200,1,1,1.0
170,4,1000,362,80,200,1,1,1.0
170,5,645,692,62,200,1,1,1.0
171,1,1461,660,92,200,1,1,1.0
171,2,1506,321,82,200,1,1,1.0
171,3,1314,143,98,200,1,1,1.0
171,4,984,375,80,200,1,1,1.0
171,5,631,701,62,200,1,1,1.0
172,1,1467,653,92,200,1,1,1.0
172,2,1503,306,82,200,1,1,1.0
172,3,1302,142,98,200,1,1,1.0
172,4,969,389,80,200,1,1,1.0
172,5,618,705,62,200,1,1,1.0
173,1,1472,646,92,200,1,1,1.0
173,2,1499,291,82,200,1,1,1.0
173,3,1291,146,98,200,1,1,1.0
173,4,954,409,80,200,1,1,1.0
173,5,606,711,62,200,1,1,1.0
174,1,1478,633,92,200,1,1,1.0
174,2,1495,277,82,200,1,1,1.0
174,3,1279,148,98,200,1,1,1.0
174,4,939,421,80,200,1,1,1.0
174,5,593,715,62,200,1,1,1.0
175,1,1483,619,92,200,1,1,1.0
175,2,1491,264,82,200,1,1,1.0
175,3,1267,155,98,200,1,1,1.0
175,4,924,432,80,200,1,1,1.0
175,5,581,725,62,200,1,1,1.0
176,1,1487,605,92,200,1,1,1.0
176,2,1486,255,82,200,1,1,1.0
176,3,1255,160,98,200,1,1,1.0
176,4,910,448,80,200,1,1,1.0
176,5,568,726,62,200,1,1,1.0
177,1,1492,595,92,200,1,1,1.0
177,2,1481,248,82,200,1,1,1.0
177,3,1242,162,98,200,1,1,1.0
177,4,895,466,80,200,1,1,1.0
177,5,556,730,62,200,1,1,1.0
178,1,1495,580,92,200,1,1,1.0
178,2,1475,236,82,200,1,1,1.0
178,3,1229,168,98,200,1,1,1.0
178,4,880,477,80,200,1,1,1.0
178,5,545,734,62,200,1,1,1.0
179,1,1499,570,92,200,1,1,1.0
179,2,1469,219,82,200,1,1,1.0
179,3,1216,176,98,200,1,1,1.0
179,4,865,494,80,200,1,1,1.0
179,5,533,739,62,200,1,1,1.0
180,1,1502,554,92,200,1,1,1.0
180,2,1463,208,82,200,1,1,1.0
180,3,1203,186,98,200,1,1,1.0
180,4,850,510,80,200,1,1,1.0
180,5,522,737,62,200,1,1,1.0
181,1,1505,539,92,200,1,1,1.0
181,2,1457,203,82,200,1,1,1.0
181,3,1190,195,98,200,1,1,1.0
181,4,834,522,80,200,1,1,1.0
181,5,511,740,62,200,1,1,1.0
182,1,1507,522,92,200,1,1,1.0
182,2,1450,192,82,200,1,1,1.0
182,3,1176,204,98,200,1,1,1.0
182,4,820,539,80,200,1,1,1.0
182,5,500,738,62,200,1,1,1.0
183,1,1509,510,92,200,1,1,1.0
183,2,1443,184,82,200,1,1,1.0
183,3,1163,213,98,200,1,1,1.0
183,4,805,555,80,200,1,1,1.0
183,5,490,736,62,200,1,1,1.0
184,1,1511,496,92,200,1,1,1.0
184,2,1435,177,82,200,1,1,1.0
184,3,1149,224,98,200,1,1,1.0
184,4,790,565,80,200,1,1,1.0
184,5,480,738,62,200,1,1,1.0
185,1,1512,481,92,200,1,1,1.0
185,2,1427,169,82,200,1,1,1.0
185,3,1135,230,98,200,1,1,1.0
185,4,775,581,80,200,1,1,1.0
185,5,470,733,62,200,1,1,1.0
186,1,1513,462,92,200,1,1,1.0
186,2,1419,163,82,200,1,1,1.0
186,3,1121,243,98,200,1,1,1.0
186,4,760,591,80,200,1,1,1.0
186,5,460,731,62,200,1,1,1.0
187,1,1513,449,92,200,1,1,1.0
187,2,1410,158,82,200,1,1,1.0
187,3,1107,259,98,200,1,1,1.0
187,4,746,606,80,200,1,1,1.0
187,5,451,731,62,200,1,1,1.0
188,1,1513,440,92,200,1,1,1.0
188,2,1402,155,82,200,1,1,1.0
188,3,1092,270,98,200,1,1,1.0
188,4,731,621,80,200,1,1,1.0
188,5,442,721,62,200,1,1,1.0
189,1,1513,424,92,200,1,1,1.0
189,2,1393,147,82,200,1,1,1.0
189,3,1078,280,98,200,1,1,1.0
189,4,717,629,80,200,1,1,1.0
189,5,433,719,62,200,1,1,1.0
190,1,1513,404,92,200,1,1,1.0
190,2,1383,143,82,200,1,1,1.0
190,3,1063,289,98,200,1,1,1.0
190,4,703,645,80,200,1,1,1.0
190,5,425,711,62,200,1,1,1.0
191,1,1511,390,92,200,1,1,1.0
191,2,1373,146,82,200,1,1,1.0
191,3,1049,306,98,200,1,1,1.0
191,4,689,650,80,200,1,1,1.0
191,5,417,704,62,200,1,1,1.0
192,1,1510,380,92,200,1,1,1.0
192,2,1363,141,82,200,1,1,1.0
192,3,1034,323,98,200,1,1,1.0
192,4,675,666,80,200,1,1,1.0
192,5,409,699,62,200,1,1,1.0
193,1,1508,365,92,200,1,1,1.0
193,2,1353,141,82,200,1,1,1.0
193,3,1019,336,98,200,1,1,1.0
193,4,661,675,80,200,1,1,1.0
193,5,402,691,62,200,1,1,1.0
194,1,1506,347,92,200,1,1,1.0
194,2,1342,144,82,200,1,1,1.0
194,3,1004,346,98,200,1,1,1.0
194,4,648,681,80,200,1,1,1.0
194,5,395,678,62,200,1,1,1.0
195,1,1503,332,92,200,1,1,1.0
195,2,1332,138,82,200,1,1,1.0
195,3,989,365,98,200,1,1,1.0
195,4,634,691,80,200,1,1,1.0
195,5,388,670,62,200,1,1,1.0
196,1,1501,316,92,200,1,1,1.0
196,2,1321,145,82,200,1,1,1.0
196,3,974,377,98,200,1,1,1.0
196,4,621,696,80,200,1,1,1.0
196,5,382,663,62,200,1,1,1.0
197,1,1497,309,92,200,1,1,1.0
197,2,1309,141,82,200,1,1,1.0
197,3,959,391,98,200,1,1,1.0
197,4,608,707,80,200,1,1,1.0
197,5,376,656,62,200,1,1,1.0
198,1,1494,290,92,200,1,1,1.0
198,2,1298,149,82,200,1,1,1.0
198,3,944,407,98,200,1,1,1.0
198,4,595,715,80,200,1,1,1.0
198,5,370,642,62,200,1,1,1.0
199,1,1489,276,92,200,1,1,1.0
199,2,1286,151,82,200,1,1,1.0
199,3,929,421,98,200,1,1,1.0
199,4,583,716,80,200,1,1,1.0
199,5,365,627,62,200,1,1,1.0
200,1,1485,265,92,200,1,1,1.0
200,2,1274,158,82,200,1,1,1.0
200,3,914,434,98,200,1,1,1.0
200,4,570,728,80,200,1,1,1.0
200,5,360,621,62,200,1,1,1.0
201,1,1480,257,92,200,1,1,1.0
201,2,1261,159,82,200,1,1,1.0
201,3,899,452,98,200,1,1,1.0
201,4,558,728,80,200,1,1,1.0
201,5,355,602,62,200,1,1,1.0
202,1,1475,246,92,200,1,1,1.0
202,2,1249,162,82,200,1,1,1.0
202,3,884,467,98,200,1,1,1.0
202,4,546,730,80,200,1,1,1.0
202,5,351,593,62,200,1,1,1.0
203,1,1470,235,92,200,1,1,1.0
203,2,1236,173,82,200,1,1,1.0
203,3,869,481,98,200,1,1,1.0
203,4,534,734,80,200,1,1,1.0
203,5,347,577,62,200,1,1,1.0
204,1,1464,218,92,200,1,1,1.0
204,2,1223,177,82,200,1,1,1.0
204,3,854,495,98,200,1,1,1.0
204,4,523,736,80,200,1,1,1.0
204,5,344,567,62,200,1,1,1.0
205,1,1458,210,92,200,1,1,1.0
205,2,1210,186,82,200,1,1,1.0
205,3,839,509,98,200,1,1,1.0
205,4,512,739,80,200,1,1,1.0
205,5,341,552,62,200,1,1,1.0
206,1,1451,201,92,200,1,1,1.0
206,2,1197,196,82,200,1,1,1.0
206,3,824,528,98,200,1,1,1.0
206,4,501,743,80,200,1,1,1.0
206,5,338,537,62,200,1,1,1.0
207,1,1444,195,92,200,1,1,1.0
207,2,1183,201,82,200,1,1,1.0
207,3,809,542,98,200,1,1,1.0
207,4,490,742,80,200,1,1,1.0
207,5,336,527,62,200,1,1,1.0
208,1,1437,181,92,200,1,1,1.0
208,2,1169,209,82,200,1,1,1.0
208,3,794,553,98,200,1,1,1.0
208,4,480,738,80,200,1,1,1.0
208,5,334,508,62,200,1,1,1.0
209,1,1429,175,92,200,1,1,1.0
209,2,1156,226,82,200,1,1,1.0
209,3,779,567,98,200,1,1,1.0
209,4,470,737,80,200,1,1,1.0
209,5,332,498,62,200,1,1,1.0
210,1,1421,174,92,200,1,1,1.0
210,2,1142,231,82,200,1,1,1.0
210,3,765,578,98,200,1,1,1.0
210,4,460,736,80,200,1,1,1.0
210,5,331,480,62,200,1,1,1.0
211,1,1413,161,92,200,1,1,1.0
211,2,1128,246,82,200,1,1,1.0
211,3,750,593,98,200,1,1,1.0
211,4,450,734,80,200,1,1,1.0
211,5,330,466,62,200,1,1,1.0
212,1,1405,159,92,200,1,1,1.0
212,2,1113,253,82,200,1,1,1.0
212,3,735,610,98,200,1,1,1.0
212,4,441,726,80,200,1,1,1.0
212,5,330,448,62,200,1,1,1.0
213,1,1396,156,92,200,1,1,1.0
213,2,1099,268,82,200,1,1,1.0
213,3,721,619,98,200,1,1,1.0
213,4,432,724,80,200,1,1,1.0
213,5,330,433,62,200,1,1,1.0
214,1,1387,151,92,200,1,1,1.0
214,2,1084,281,82,200,1,1,1.0
214,3,707,631,98,200,1,1,1.0
214,4,423,715,80,200,1,1,1.0
214,5,330,417,62,200,1,1,1.0
215,1,1377,148,92,200,1,1,1.0
215,2,1070,294,82,200,1,1,1.0
215,3,693,644,98,200,1,1,1.0
215,4,415,713,80,200,1,1,1.0
215,5,331,405,62,200,1,1,1.0
216,1,1367,146,92,200,1,1,1.0
216,2,1055,308,82,200,1,1,1.0
216,3,679,656,98,200,1,1,1.0
216,4,407,705,80,200,1,1,1.0
216,5,332,387,62,200,1,1,1.0
217,1,1357,142,92,200,1,1,1.0
217,2,1040,322,82,200,1,1,1.0
217,3,665,668,98,200,1,1,1.0
217,4,399,696,80,200,1,1,1.0
217,5,333,373,62,200,1,1,1.0
218,1,1347,145,92,200,1,1,1.0
218,2,1025,337,82,200,1,1,1.0
218,3,651,672,98,200,1,1,1.0
218,4,392,692,80,200,1,1,1.0
218,5,335,360,62,200,1,1,1.0
219,1,1336,139,92,200,1,1,1.0
219,2,1010,352,82,200,1,1,1.0
219,3,637,682,98,200,1,1,1.0
219,4,385,685,80,200,1,1,1.0
219,5,337,349,62,200,1,1,1.0
220,1,1326,142,92,200,1,1,1.0
220,2,996,366,82,200,1,1,1.0
220,3,624,690,98,200,1,1,1.0
220,4,378,673,80,200,1,1,1.0
220,5,340,333,62,200,1,1,1.0
221,1,1314,140,92,200,1,1,1.0
221,2,980,376,82,200,1,1,1.0
221,3,611,699,98,200,1,1,1.0
221,4,372,658,80,200,1,1,1.0
221,5,343,316,62,200,1,1,1.0
222,1,1303,144,92,200,1,1,1.0
222,2,965,393,82,200,1,1,1.0
222,3,598,708,98,200,1,1,1.0
222,4,366,648,80,200,1,1,1.0
222,5,346,306,62,200,1,1,1.0
223,1,1291,143,92,200,1,1,1.0
223,2,950,405,82,200,1,1,1.0
223,3,585,715,98,200,1,1,1.0
223,4,360,641,80,200,1,1,1.0
223,5,350,295,62,200,1,1,1.0
224,1,1280,149,92,200,1,1,1.0
224,2,935,421,82,200,1,1,1.0
224,3,572,717,98,200,1,1,1.0
224,4,355,627,80,200,1,1,1.0
224,5,354,274,62,200,1,1,1.0
225,1,1267,158,92,200,1,1,1.0
225,2,920,440,82,200,1,1,1.0
225,3,560,726,98,200,1,1,1.0
225,4,350,620,80,200,1,1,1.0
225,5,358,263,62,200,1,1,1.0
226,1,1255,163,92,200,1,1,1.0
226,2,906,455,82,200,1,1,1.0
226,3,548,725,98,200,1,1,1.0
226,4,346,605,80,200,1,1,1.0
226,5,363,257,62,200,1,1,1.0
227,1,1243,168,92,200,1,1,1.0
227,2,891,465,82,200,1,1,1.0
227,3,536,732,98,200,1,1,1.0
227,4,342,588,80,200,1,1,1.0
227,5,368,238,62,200,1,1,1.0
228,1,1230,170,92,200,1,1,1.0
228,2,876,480,82,200,1,1,1.0
228,3,524,734,98,200,1,1,1.0
228,4,338,581,80,200,1,1,1.0
228,5,374,232,62,200,1,1,1.0
229,1,1217,181,92,200,1,1,1.0
229,2,861,495,82,200,1,1,1.0
229,3,513,741,98,200,1,1,1.0
229,4,334,564,80,200,1,1,1.0
229,5,380,223,62,200,1,1,1.0
230,1,1204,183,92,200,1,1,1.0
230,2,846,513,82,200,1,1,1.0
230,3,502,741,98,200,1,1,1.0
230,4,331,552,80,200,1,1,1.0
230,5,386,210,62,200,1,1,1.0
231,1,1190,198,92,200,1,1,1.0
231,2,831,531,82,200,1,1,1.0
231,3,491,742,98,200,1,1,1.0
231,4,329,533,80,200,1,1,1.0
231,5,393,200,62,200,1,1,1.0
232,1,1177,203,92,200,1,1,1.0
232,2,816,542,82,200,1,1,1.0
232,3,480,739,98,200,1,1,1.0
232,4,326,523,80,200,1,1,1.0
232,5,400,191,62,200,1,1,1.0
233,1,1163,214,92,200,1,1,1.0
233,2,801,557,82,200,1,1,1.0
233,3,470,738,98,200,1,1,1.0
233,4,324,508,80,200,1,1,1.0
233,5,407,188,62,200,1,1,1.0
234,1,1149,226,92,200,1,1,1.0
234,2,786,568,82,200,1,1,1.0
234,3,460,736,98,200,1,1,1.0
234,4,323,495,80,200,1,1,1.0
234,5,414,180,62,200,1,1,1.0
235,1,1135,234,92,200,1,1,1.0
235,2,771,579,82,200,1,1,1.0
235,3,450,738,98,200,1,1,1.0
235,4,322,477,80,200,1,1,1.0
235,5,422,167,62,200,1,1,1.0
236,1,1121,245,92,200,1,1,1.0
236,2,757,596,82,200,1,1,1.0
236,3,440,730,98,200,1,1,1.0
236,4,321,461,80,200,1,1,1.0
236,5,431,161,62,200,1,1,1.0
237,1,1107,261,92,200,1,1,1.0
237,2,742,607,82,200,1,1,1.0
237,3,431,729,98,200,1,1,1.0
237,4,321,447,80,200,1,1,1.0
237,5,439,157,62,200,1,1,1.0
238,1,1092,270,92,200,1,1,1.0
238,2,728,621,82,200,1,1,1.0
238,3,422,720,98,200,1,1,1.0
238,4,321,434,80,200,1,1,1.0
238,5,448,150,62,200,1,1,1.0
239,1,1078,286,92,200,1,1,1.0
239,2,713,631,82,200,1,1,1.0
239,3,414,715,98,200,1,1,1.0
239,4,321,423,80,200,1,1,1.0
239,5,457,149,62,200,1,1,1.0
240,1,1063,297,92,200,1,1,1.0
240,2,699,646,82,200,1,1,1.0
240,3,405,710,98,200,1,1,1.0
240,4,322,404,80,200,1,1,1.0
240,5,467,144,62,200,1,1,1.0
241,1,1049,311,92,200,1,1,1.0
241,2,685,655,82,200,1,1,1.0
241,3,397,703,98,200,1,1,1.0
241,4,323,391,80,200,1,1,1.0
241,5,477,144,62,200,1,1,1.0
242,1,1034,325,92,200,1,1,1.0
242,2,671,662,82,200,1,1,1.0
242,3,390,698,98,200,1,1,1.0
242,4,324,376,80,200,1,1,1.0
242,5,487,142,62,200,1,1,1.0
243,1,1019,337,92,200,1,1,1.0
243,2,658,672,82,200,1,1,1.0
243,3,382,693,98,200,1,1,1.0
243,4,326,356,80,200,1,1,1.0
243,5,497,142,62,200,1,1,1.0
244,1,1004,349,92,200,1,1,1.0
244,2,644,685,82,200,1,1,1.0
244,3,375,681,98,200,1,1,1.0
244,4,328,346,80,200,1,1,1.0
244,5,508,144,62,200,1,1,1.0
245,1,989,369,92,200,1,1,1.0
245,2,631,694,82,200,1,1,1.0
245,3,369,674,98,200,1,1,1.0
245,4,331,333,80,200,1,1,1.0
245,5,519,138,62,200,1,1,1.0
246,1,974,379,92,200,1,1,1.0
246,2,618,699,82,200,1,1,1.0
246,3,362,665,98,200,1,1,1.0
246,4,334,318,80,200,1,1,1.0
246,5,530,139,62,200,1,1,1.0
247,1,959,395,92,200,1,1,1.0
247,2,605,709,82,200,1,1,1.0
247,3,357,652,98,200,1,1,1.0
247,4,337,304,80,200,1,1,1.0
247,5,541,143,62,200,1,1,1.0
248,1,944,406,92,200,1,1,1.0
248,2,592,716,82,200,1,1,1.0
248,3,351,639,98,200,1,1,1.0
248,4,341,289,80,200,1,1,1.0
248,5,553,150,62,200,1,1,1.0
249,1,929,423,92,200,1,1,1.0
249,2,579,716,82,200,1,1,1.0
249,3,346,625,98,200,1,1,1.0
249,4,345,276,80,200,1,1,1.0
249,5,565,154,62,200,1,1,1.0
250,1,914,437,92,200,1,1,1.0
250,2,567,726,82,200,1,1,1.0
250,3,341,613,98,200,1,1,1.0
250,4,350,263,80,200,1,1,1.0
250,5,577,154,62,200,1,1,1.0
