1,1,912,440,96,200,1,1,1.0
1,2,741,97,86,200,1,1,1.0
1,3,1076,88,100,200,1,1,1.0
1,4,942,420,76,200,1,1,1.0
1,5,746,772,58,200,1,1,1.0
1,6,1077,801,74,200,1,1,1.0
2,1,925,450,90,200,1,1,1.0
2,2,739,103,82,200,1,1,1.0
2,3,1072,83,96,200,1,1,1.0
2,4,949,410,82,200,1,1,1.0
2,5,740,766,64,200,1,1,1.0
2,6,1070,806,74,200,1,1,1.0
3,1,936,460,88,200,1,1,1.0
3,2,733,108,84,200,1,1,1.0
3,3,1064,79,100,200,1,1,1.0
3,4,961,400,76,200,1,1,1.0
3,5,737,760,64,200,1,1,1.0
3,6,1065,810,70,200,1,1,1.0
4,1,945,470,90,200,1,1,1.0
4,2,730,114,84,200,1,1,1.0
4,3,1058,74,98,200,1,1,1.0
4,4,971,390,76,200,1,1,1.0
4,5,736,754,60,200,1,1,1.0
4,6,1058,813,70,200,1,1,1.0
5,1,951,480,96,200,1,1,1.0
5,2,726,120,86,200,1,1,1.0
5,3,1050,70,100,200,1,1,1.0
5,4,980,380,78,200,1,1,1.0
5,5,733,748,62,200,1,1,1.0
5,6,1049,817,72,200,1,1,1.0
6,1,962,490,94,200,1,1,1.0
6,2,725,126,82,200,1,1,1.0
6,3,1044,67,98,200,1,1,1.0
6,4,990,370,76,200,1,1,1.0
6,5,732,741,60,200,1,1,1.0
6,6,1041,820,72,200,1,1,1.0
7,1,974,500,90,200,1,1,1.0
7,2,725,132,78,200,1,1,1.0
7,3,1035,63,100,200,1,1,1.0
7,4,999,361,78,200,1,1,1.0
7,5,730,735,62,200,1,1,1.0
7,6,1032,823,74,200,1,1,1.0
8,1,983,510,90,200,1,1,1.0
8,2,722,139,80,200,1,1,1.0
8,3,1030,60,94,200,1,1,1.0
8,4,1006,351,82,200,1,1,1.0
8,5,730,728,62,200,1,1,1.0
8,6,1023,826,74,200,1,1,1.0
9,1,992,519,92,200,1,1,1.0
9,2,722,145,78,200,1,1,1.0
9,3,1018,57,102,200,1,1,1.0
9,4,1018,341,76,200,1,1,1.0
9,5,730,721,62,200,1,1,1.0
9,6,1016,828,70,200,1,1,1.0
10,1,1003,529,88,200,1,1,1.0
10,2,719,152,84,200,1,1,1.0
10,3,1010,54,100,200,1,1,1.0
10,4,1024,331,82,200,1,1,1.0
10,5,731,713,60,200,1,1,1.0
10,6,1006,830,72,200,1,1,1.0
11,1,1009,539,94,200,1,1,1.0
11,2,720,159,82,200,1,1,1.0
11,3,1003,52,96,200,1,1,1.0
11,4,1032,322,82,200,1,1,1.0
11,5,730,706,64,200,1,1,1.0
11,6,997,832,72,200,1,1,1.0
12,1,1019,549,92,200,1,1,1.0
12,2,719,167,84,200,1,1,1.0
12,3,993,50,98,200,1,1,1.0
12,4,1041,312,80,200,1,1,1.0
12,5,731,698,64,200,1,1,1.0
12,6,990,834,68,200,1,1,1.0
13,1,1027,558,92,200,1,1,1.0
13,2,722,174,80,200,1,1,1.0
13,3,983,48,100,200,1,1,1.0
13,4,1050,303,78,200,1,1,1.0
13,5,733,691,64,200,1,1,1.0
13,6,978,836,72,200,1,1,1.0
14,1,1033,568,96,200,1,1,1.0
14,2,721,182,84,200,1,1,1.0
14,3,977,46,94,200,1,1,1.0
14,4,1055,293,82,200,1,1,1.0
14,5,736,683,62,200,1,1,1.0
14,6,969,837,70,200,1,1,1.0
15,1,1041,577,96,200,1,1,1.0
15,2,724,189,82,200,1,1,1.0
15,3,966,44,96,200,1,1,1.0
15,4,1066,284,76,200,1,1,1.0
15,5,740,675,60,200,1,1,1.0
15,6,958,838,74,200,1,1,1.0
16,1,1049,587,94,200,1,1,1.0
16,2,728,197,78,200,1,1,1.0
16,3,955,43,98,200,1,1,1.0
16,4,1071,275,78,200,1,1,1.0
16,5,743,666,62,200,1,1,1.0
16,6,947,839,76,200,1,1,1.0
17,1,1056,596,96,200,1,1,1.0
17,2,729,205,82,200,1,1,1.0
17,3,944,42,102,200,1,1,1.0
17,4,1079,266,76,200,1,1,1.0
17,5,747,658,60,200,1,1,1.0
17,6,938,839,74,200,1,1,1.0
18,1,1065,605,90,200,1,1,1.0
18,2,733,214,82,200,1,1,1.0
18,3,935,41,100,200,1,1,1.0
18,4,1082,257,82,200,1,1,1.0
18,5,751,650,62,200,1,1,1.0
18,6,929,839,72,200,1,1,1.0
19,1,1073,614,88,200,1,1,1.0
19,2,736,222,82,200,1,1,1.0
19,3,926,41,98,200,1,1,1.0
19,4,1088,248,80,200,1,1,1.0
19,5,755,641,62,200,1,1,1.0
19,6,919,839,72,200,1,1,1.0
20,1,1078,623,90,200,1,1,1.0
20,2,739,230,86,200,1,1,1.0
20,3,917,41,96,200,1,1,1.0
20,4,1096,239,76,200,1,1,1.0
20,5,762,632,60,200,1,1,1.0
20,6,908,839,74,200,1,1,1.0
21,1,1082,632,92,200,1,1,1.0
21,2,746,239,80,200,1,1,1.0
21,3,905,41,100,200,1,1,1.0
21,4,1100,230,76,200,1,1,1.0
21,5,765,623,64,200,1,1,1.0
21,6,897,839,76,200,1,1,1.0
22,1,1088,641,92,200,1,1,1.0
22,2,752,248,80,200,1,1,1.0
22,3,895,41,100,200,1,1,1.0
22,4,1103,222,80,200,1,1,1.0
22,5,774,614,58,200,1,1,1.0
22,6,891,838,68,200,1,1,1.0
23,1,1091,650,94,200,1,1,1.0
23,2,755,257,84,200,1,1,1.0
23,3,887,41,96,200,1,1,1.0
23,4,1108,214,76,200,1,1,1.0
23,5,780,605,60,200,1,1,1.0
23,6,880,837,72,200,1,1,1.0
24,1,1095,658,96,200,1,1,1.0
24,2,763,266,80,200,1,1,1.0
24,3,876,42,98,200,1,1,1.0
24,4,1111,205,78,200,1,1,1.0
24,5,784,596,64,200,1,1,1.0
24,6,868,836,76,200,1,1,1.0
25,1,1098,666,96,200,1,1,1.0
25,2,767,275,86,200,1,1,1.0
25,3,868,43,96,200,1,1,1.0
25,4,1114,197,78,200,1,1,1.0
25,5,792,587,64,200,1,1,1.0
25,6,861,834,70,200,1,1,1.0
26,1,1104,675,92,200,1,1,1.0
26,2,773,284,86,200,1,1,1.0
26,3,856,44,100,200,1,1,1.0
26,4,1117,189,76,200,1,1,1.0
26,5,800,577,62,200,1,1,1.0
26,6,852,832,70,200,1,1,1.0
27,1,1107,683,92,200,1,1,1.0
27,2,782,293,84,200,1,1,1.0
27,3,846,46,100,200,1,1,1.0
27,4,1119,182,76,200,1,1,1.0
27,5,809,568,60,200,1,1,1.0
27,6,841,830,74,200,1,1,1.0
28,1,1107,691,96,200,1,1,1.0
28,2,789,303,84,200,1,1,1.0
28,3,838,48,98,200,1,1,1.0
28,4,1118,174,80,200,1,1,1.0
28,5,815,558,64,200,1,1,1.0
28,6,832,828,74,200,1,1,1.0
29,1,1111,698,92,200,1,1,1.0
29,2,800,312,78,200,1,1,1.0
29,3,830,50,96,200,1,1,1.0
29,4,1118,167,82,200,1,1,1.0
29,5,826,549,58,200,1,1,1.0
29,6,824,826,72,200,1,1,1.0
30,1,1113,706,90,200,1,1,1.0
30,2,806,322,82,200,1,1,1.0
30,3,822,52,94,200,1,1,1.0
30,4,1120,159,78,200,1,1,1.0
30,5,833,539,62,200,1,1,1.0
30,6,817,823,68,200,1,1,1.0
31,1,1113,713,92,200,1,1,1.0
31,2,813,331,84,200,1,1,1.0
31,3,812,54,96,200,1,1,1.0
31,4,1119,152,80,200,1,1,1.0
31,5,841,529,64,200,1,1,1.0
31,6,806,820,74,200,1,1,1.0
32,1,1111,721,96,200,1,1,1.0
32,2,823,341,82,200,1,1,1.0
32,3,801,57,100,200,1,1,1.0
32,4,1118,145,82,200,1,1,1.0
32,5,851,519,62,200,1,1,1.0
32,6,798,817,74,200,1,1,1.0
33,1,1115,728,88,200,1,1,1.0
33,2,834,351,78,200,1,1,1.0
33,3,792,60,102,200,1,1,1.0
33,4,1120,139,76,200,1,1,1.0
33,5,861,510,62,200,1,1,1.0
33,6,789,813,76,200,1,1,1.0
34,1,1112,735,94,200,1,1,1.0
34,2,841,361,82,200,1,1,1.0
34,3,785,63,100,200,1,1,1.0
34,4,1117,132,78,200,1,1,1.0
34,5,872,500,58,200,1,1,1.0
34,6,786,810,68,200,1,1,1.0
35,1,1111,741,94,200,1,1,1.0
35,2,852,370,80,200,1,1,1.0
35,3,777,67,100,200,1,1,1.0
35,4,1115,126,78,200,1,1,1.0
35,5,879,490,64,200,1,1,1.0
35,6,776,806,74,200,1,1,1.0
36,1,1110,748,92,200,1,1,1.0
36,2,861,380,80,200,1,1,1.0
36,3,771,70,98,200,1,1,1.0
36,4,1111,120,80,200,1,1,1.0
36,5,889,480,64,200,1,1,1.0
36,6,770,801,72,200,1,1,1.0
37,1,1109,754,90,200,1,1,1.0
37,2,871,390,80,200,1,1,1.0
37,3,764,74,98,200,1,1,1.0
37,4,1108,114,80,200,1,1,1.0
37,5,899,470,62,200,1,1,1.0
37,6,765,797,70,200,1,1,1.0
38,1,1105,760,92,200,1,1,1.0
38,2,880,400,82,200,1,1,1.0
38,3,758,79,96,200,1,1,1.0
38,4,1106,108,78,200,1,1,1.0
38,5,907,460,66,200,1,1,1.0
38,6,759,792,70,200,1,1,1.0
39,1,1103,766,90,200,1,1,1.0
39,2,887,410,86,200,1,1,1.0
39,3,750,83,100,200,1,1,1.0
39,4,1102,103,76,200,1,1,1.0
39,5,918,450,64,200,1,1,1.0
39,6,753,788,72,200,1,1,1.0
40,1,1098,772,94,200,1,1,1.0
40,2,898,420,84,200,1,1,1.0
40,3,745,88,98,200,1,1,1.0
40,4,1096,97,80,200,1,1,1.0
40,5,928,440,64,200,1,1,1.0
40,6,749,783,70,200,1,1,1.0
41,1,1094,777,92,200,1,1,1.0
41,2,910,430,80,200,1,1,1.0
41,3,741,92,96,200,1,1,1.0
41,4,1092,92,78,200,1,1,1.0
41,5,938,430,64,200,1,1,1.0
41,6,744,777,72,200,1,1,1.0
42,1,1092,783,88,200,1,1,1.0
42,2,921,440,78,200,1,1,1.0
42,3,736,97,96,200,1,1,1.0
42,4,1085,88,82,200,1,1,1.0
42,5,948,420,64,200,1,1,1.0
42,6,738,772,74,200,1,1,1.0
43,1,1084,788,94,200,1,1,1.0
43,2,929,450,82,200,1,1,1.0
43,3,729,103,102,200,1,1,1.0
43,4,1082,83,76,200,1,1,1.0
43,5,959,410,62,200,1,1,1.0
43,6,736,766,72,200,1,1,1.0
44,1,1079,792,94,200,1,1,1.0
44,2,939,460,82,200,1,1,1.0
44,3,727,108,96,200,1,1,1.0
44,4,1075,79,78,200,1,1,1.0
44,5,968,400,62,200,1,1,1.0
44,6,734,760,70,200,1,1,1.0
45,1,1075,797,90,200,1,1,1.0
45,2,951,470,78,200,1,1,1.0
45,3,722,114,100,200,1,1,1.0
45,4,1069,74,76,200,1,1,1.0
45,5,977,390,64,200,1,1,1.0
45,6,730,754,72,200,1,1,1.0
46,1,1069,801,90,200,1,1,1.0
46,2,956,480,86,200,1,1,1.0
46,3,720,120,98,200,1,1,1.0
46,4,1061,70,78,200,1,1,1.0
46,5,986,380,66,200,1,1,1.0
46,6,728,748,72,200,1,1,1.0
47,1,1062,806,90,200,1,1,1.0
47,2,969,490,80,200,1,1,1.0
47,3,718,126,96,200,1,1,1.0
47,4,1052,67,82,200,1,1,1.0
47,5,998,370,60,200,1,1,1.0
47,6,724,741,76,200,1,1,1.0
48,1,1052,810,96,200,1,1,1.0
48,2,977,500,84,200,1,1,1.0
48,3,716,132,96,200,1,1,1.0
48,4,1045,63,80,200,1,1,1.0
48,5,1009,361,58,200,1,1,1.0
48,6,723,735,76,200,1,1,1.0
49,1,1047,813,92,200,1,1,1.0
49,2,989,510,78,200,1,1,1.0
49,3,714,139,96,200,1,1,1.0
49,4,1039,60,76,200,1,1,1.0
49,5,1016,351,62,200,1,1,1.0
49,6,725,728,72,200,1,1,1.0
50,1,1038,817,94,200,1,1,1.0
50,2,999,519,78,200,1,1,1.0
50,3,711,145,100,200,1,1,1.0
50,4,1028,57,82,200,1,1,1.0
50,5,1025,341,62,200,1,1,1.0
50,6,723,721,76,200,1,1,1.0
51,1,1033,820,88,200,1,1,1.0
51,2,1006,529,82,200,1,1,1.0
51,3,712,152,98,200,1,1,1.0
51,4,1020,54,80,200,1,1,1.0
51,5,1035,331,60,200,1,1,1.0
51,6,725,713,72,200,1,1,1.0
52,1,1024,823,90,200,1,1,1.0
52,2,1016,539,80,200,1,1,1.0
52,3,713,159,96,200,1,1,1.0
52,4,1011,52,80,200,1,1,1.0
52,5,1040,322,66,200,1,1,1.0
52,6,726,706,72,200,1,1,1.0
53,1,1016,826,88,200,1,1,1.0
53,2,1024,549,82,200,1,1,1.0
53,3,712,167,98,200,1,1,1.0
53,4,1001,50,82,200,1,1,1.0
53,5,1051,312,60,200,1,1,1.0
53,6,727,698,72,200,1,1,1.0
54,1,1007,828,88,200,1,1,1.0
54,2,1033,558,80,200,1,1,1.0
54,3,713,174,98,200,1,1,1.0
54,4,994,48,78,200,1,1,1.0
54,5,1058,303,62,200,1,1,1.0
54,6,728,691,74,200,1,1,1.0
55,1,994,830,96,200,1,1,1.0
55,2,1041,568,80,200,1,1,1.0
55,3,713,182,100,200,1,1,1.0
55,4,986,46,76,200,1,1,1.0
55,5,1064,293,64,200,1,1,1.0
55,6,733,683,68,200,1,1,1.0
56,1,988,832,90,200,1,1,1.0
56,2,1048,577,82,200,1,1,1.0
56,3,716,189,98,200,1,1,1.0
56,4,975,44,78,200,1,1,1.0
56,5,1074,284,60,200,1,1,1.0
56,6,733,675,74,200,1,1,1.0
57,1,977,834,94,200,1,1,1.0
57,2,1057,587,78,200,1,1,1.0
57,3,719,197,96,200,1,1,1.0
57,4,965,43,78,200,1,1,1.0
57,5,1078,275,64,200,1,1,1.0
57,6,739,666,70,200,1,1,1.0
58,1,967,836,94,200,1,1,1.0
58,2,1063,596,82,200,1,1,1.0
58,3,721,205,98,200,1,1,1.0
58,4,955,42,80,200,1,1,1.0
58,5,1085,266,64,200,1,1,1.0
58,6,741,658,72,200,1,1,1.0
59,1,956,837,96,200,1,1,1.0
59,2,1067,605,86,200,1,1,1.0
59,3,726,214,96,200,1,1,1.0
59,4,946,41,78,200,1,1,1.0
59,5,1090,257,66,200,1,1,1.0
59,6,745,650,74,200,1,1,1.0
60,1,948,838,94,200,1,1,1.0
60,2,1075,614,84,200,1,1,1.0
60,3,730,222,94,200,1,1,1.0
60,4,937,41,76,200,1,1,1.0
60,5,1099,248,58,200,1,1,1.0
60,6,750,641,72,200,1,1,1.0
61,1,941,839,88,200,1,1,1.0
61,2,1081,623,84,200,1,1,1.0
61,3,732,230,100,200,1,1,1.0
61,4,926,41,78,200,1,1,1.0
61,5,1102,239,64,200,1,1,1.0
61,6,757,632,70,200,1,1,1.0
62,1,929,839,92,200,1,1,1.0
62,2,1087,632,82,200,1,1,1.0
62,3,736,239,100,200,1,1,1.0
62,4,914,41,82,200,1,1,1.0
62,5,1107,230,62,200,1,1,1.0
62,6,760,623,74,200,1,1,1.0
63,1,920,839,90,200,1,1,1.0
63,2,1092,641,84,200,1,1,1.0
63,3,745,248,94,200,1,1,1.0
63,4,905,41,80,200,1,1,1.0
63,5,1111,222,64,200,1,1,1.0
63,6,766,614,74,200,1,1,1.0
64,1,908,839,94,200,1,1,1.0
64,2,1099,650,78,200,1,1,1.0
64,3,748,257,98,200,1,1,1.0
64,4,895,41,80,200,1,1,1.0
64,5,1114,214,64,200,1,1,1.0
64,6,776,605,68,200,1,1,1.0
65,1,901,839,88,200,1,1,1.0
65,2,1102,658,82,200,1,1,1.0
65,3,756,266,94,200,1,1,1.0
65,4,886,42,78,200,1,1,1.0
65,5,1120,205,60,200,1,1,1.0
65,6,781,596,70,200,1,1,1.0
66,1,889,839,92,200,1,1,1.0
66,2,1107,666,78,200,1,1,1.0
66,3,760,275,100,200,1,1,1.0
66,4,877,43,78,200,1,1,1.0
66,5,1124,197,58,200,1,1,1.0
66,6,789,587,70,200,1,1,1.0
67,1,878,838,94,200,1,1,1.0
67,2,1109,675,82,200,1,1,1.0
67,3,766,284,100,200,1,1,1.0
67,4,866,44,80,200,1,1,1.0
67,5,1123,189,64,200,1,1,1.0
67,6,797,577,68,200,1,1,1.0
68,1,871,837,90,200,1,1,1.0
68,2,1110,683,86,200,1,1,1.0
68,3,775,293,98,200,1,1,1.0
68,4,855,46,82,200,1,1,1.0
68,5,1128,182,58,200,1,1,1.0
68,6,803,568,72,200,1,1,1.0
69,1,861,836,90,200,1,1,1.0
69,2,1116,691,78,200,1,1,1.0
69,3,783,303,96,200,1,1,1.0
69,4,847,48,80,200,1,1,1.0
69,5,1128,174,60,200,1,1,1.0
69,6,812,558,70,200,1,1,1.0
70,1,850,834,92,200,1,1,1.0
70,2,1115,698,84,200,1,1,1.0
70,3,789,312,100,200,1,1,1.0
70,4,837,50,82,200,1,1,1.0
70,5,1126,167,66,200,1,1,1.0
70,6,818,549,74,200,1,1,1.0
71,1,839,832,96,200,1,1,1.0
71,2,1118,706,80,200,1,1,1.0
71,3,798,322,98,200,1,1,1.0
71,4,830,52,78,200,1,1,1.0
71,5,1129,159,60,200,1,1,1.0
71,6,827,539,74,200,1,1,1.0
72,1,833,830,90,200,1,1,1.0
72,2,1118,713,82,200,1,1,1.0
72,3,807,331,96,200,1,1,1.0
72,4,822,54,76,200,1,1,1.0
72,5,1129,152,60,200,1,1,1.0
72,6,837,529,72,200,1,1,1.0
73,1,823,828,92,200,1,1,1.0
73,2,1117,721,84,200,1,1,1.0
73,3,815,341,98,200,1,1,1.0
73,4,812,57,78,200,1,1,1.0
73,5,1130,145,58,200,1,1,1.0
73,6,847,519,70,200,1,1,1.0
74,1,813,826,94,200,1,1,1.0
74,2,1120,728,78,200,1,1,1.0
74,3,822,351,102,200,1,1,1.0
74,4,805,60,76,200,1,1,1.0
74,5,1129,139,58,200,1,1,1.0
74,6,857,510,70,200,1,1,1.0
75,1,805,823,92,200,1,1,1.0
75,2,1116,735,86,200,1,1,1.0
75,3,833,361,98,200,1,1,1.0
75,4,796,63,78,200,1,1,1.0
75,5,1124,132,64,200,1,1,1.0
75,6,866,500,70,200,1,1,1.0
76,1,797,820,92,200,1,1,1.0
76,2,1117,741,82,200,1,1,1.0
76,3,843,370,98,200,1,1,1.0
76,4,787,67,80,200,1,1,1.0
76,5,1122,126,64,200,1,1,1.0
76,6,876,490,70,200,1,1,1.0
77,1,790,817,90,200,1,1,1.0
77,2,1117,748,78,200,1,1,1.0
77,3,853,380,96,200,1,1,1.0
77,4,781,70,78,200,1,1,1.0
77,5,1120,120,62,200,1,1,1.0
77,6,885,480,72,200,1,1,1.0
78,1,781,813,92,200,1,1,1.0
78,2,1111,754,86,200,1,1,1.0
78,3,862,390,98,200,1,1,1.0
78,4,775,74,76,200,1,1,1.0
78,5,1118,114,60,200,1,1,1.0
78,6,893,470,74,200,1,1,1.0
79,1,774,810,92,200,1,1,1.0
79,2,1109,760,84,200,1,1,1.0
79,3,870,400,102,200,1,1,1.0
79,4,767,79,78,200,1,1,1.0
79,5,1116,108,58,200,1,1,1.0
79,6,906,460,68,200,1,1,1.0
80,1,766,806,94,200,1,1,1.0
80,2,1106,766,84,200,1,1,1.0
80,3,880,410,100,200,1,1,1.0
80,4,761,83,78,200,1,1,1.0
80,5,1107,103,66,200,1,1,1.0
80,6,915,450,70,200,1,1,1.0
81,1,760,801,92,200,1,1,1.0
81,2,1102,772,86,200,1,1,1.0
81,3,889,420,102,200,1,1,1.0
81,4,753,88,82,200,1,1,1.0
81,5,1104,97,64,200,1,1,1.0
81,6,926,440,68,200,1,1,1.0
82,1,752,797,96,200,1,1,1.0
82,2,1099,777,82,200,1,1,1.0
82,3,900,430,100,200,1,1,1.0
82,4,751,92,76,200,1,1,1.0
82,5,1101,92,60,200,1,1,1.0
82,6,934,430,72,200,1,1,1.0
83,1,750,792,88,200,1,1,1.0
83,2,1095,783,82,200,1,1,1.0
83,3,910,440,100,200,1,1,1.0
83,4,746,97,76,200,1,1,1.0
83,5,1097,88,58,200,1,1,1.0
83,6,943,420,74,200,1,1,1.0
84,1,744,788,90,200,1,1,1.0
84,2,1089,788,84,200,1,1,1.0
84,3,921,450,98,200,1,1,1.0
84,4,739,103,82,200,1,1,1.0
84,5,1091,83,58,200,1,1,1.0
84,6,954,410,72,200,1,1,1.0
85,1,736,783,96,200,1,1,1.0
85,2,1084,792,84,200,1,1,1.0
85,3,930,460,100,200,1,1,1.0
85,4,734,108,82,200,1,1,1.0
85,5,1083,79,62,200,1,1,1.0
85,6,961,400,76,200,1,1,1.0
86,1,735,777,90,200,1,1,1.0
86,2,1077,797,86,200,1,1,1.0
86,3,941,470,98,200,1,1,1.0
86,4,731,114,82,200,1,1,1.0
86,5,1076,74,62,200,1,1,1.0
86,6,971,390,76,200,1,1,1.0
87,1,730,772,90,200,1,1,1.0
87,2,1074,801,80,200,1,1,1.0
87,3,950,480,98,200,1,1,1.0
87,4,728,120,82,200,1,1,1.0
87,5,1068,70,64,200,1,1,1.0
87,6,983,380,72,200,1,1,1.0
88,1,726,766,92,200,1,1,1.0
88,2,1066,806,82,200,1,1,1.0
88,3,959,490,100,200,1,1,1.0
88,4,727,126,78,200,1,1,1.0
88,5,1064,67,58,200,1,1,1.0
88,6,991,370,74,200,1,1,1.0
89,1,724,760,90,200,1,1,1.0
89,2,1059,810,82,200,1,1,1.0
89,3,969,500,100,200,1,1,1.0
89,4,726,132,76,200,1,1,1.0
89,5,1053,63,64,200,1,1,1.0
89,6,1002,361,72,200,1,1,1.0
90,1,721,754,90,200,1,1,1.0
90,2,1053,813,80,200,1,1,1.0
90,3,980,510,96,200,1,1,1.0
90,4,723,139,78,200,1,1,1.0
90,5,1048,60,58,200,1,1,1.0
90,6,1013,351,68,200,1,1,1.0
91,1,718,748,92,200,1,1,1.0
91,2,1045,817,80,200,1,1,1.0
91,3,990,519,96,200,1,1,1.0
91,4,720,145,82,200,1,1,1.0
91,5,1036,57,66,200,1,1,1.0
91,6,1020,341,72,200,1,1,1.0
92,1,715,741,94,200,1,1,1.0
92,2,1035,820,84,200,1,1,1.0
92,3,997,529,100,200,1,1,1.0
92,4,721,152,80,200,1,1,1.0
92,5,1028,54,64,200,1,1,1.0
92,6,1027,331,76,200,1,1,1.0
93,1,716,735,90,200,1,1,1.0
93,2,1027,823,84,200,1,1,1.0
93,3,1006,539,100,200,1,1,1.0
93,4,721,159,80,200,1,1,1.0
93,5,1021,52,60,200,1,1,1.0
93,6,1038,322,70,200,1,1,1.0
94,1,717,728,88,200,1,1,1.0
94,2,1017,826,86,200,1,1,1.0
94,3,1014,549,102,200,1,1,1.0
94,4,722,167,78,200,1,1,1.0
94,5,1012,50,60,200,1,1,1.0
94,6,1045,312,72,200,1,1,1.0
95,1,715,721,92,200,1,1,1.0
95,2,1011,828,80,200,1,1,1.0
95,3,1023,558,100,200,1,1,1.0
95,4,723,174,78,200,1,1,1.0
95,5,1001,48,64,200,1,1,1.0
95,6,1054,303,70,200,1,1,1.0
96,1,715,713,92,200,1,1,1.0
96,2,1001,830,82,200,1,1,1.0
96,3,1033,568,96,200,1,1,1.0
96,4,725,182,76,200,1,1,1.0
96,5,992,46,64,200,1,1,1.0
96,6,1059,293,74,200,1,1,1.0
97,1,718,706,88,200,1,1,1.0
97,2,991,832,84,200,1,1,1.0
97,3,1039,577,100,200,1,1,1.0
97,4,727,189,76,200,1,1,1.0
97,5,981,44,66,200,1,1,1.0
97,6,1069,284,70,200,1,1,1.0
98,1,717,698,92,200,1,1,1.0
98,2,982,834,84,200,1,1,1.0
98,3,1049,587,94,200,1,1,1.0
98,4,728,197,78,200,1,1,1.0
98,5,973,43,62,200,1,1,1.0
98,6,1076,275,68,200,1,1,1.0
99,1,718,691,94,200,1,1,1.0
99,2,973,836,82,200,1,1,1.0
99,3,1053,596,102,200,1,1,1.0
99,4,731,205,78,200,1,1,1.0
99,5,962,42,66,200,1,1,1.0
99,6,1083,266,68,200,1,1,1.0
100,1,719,683,96,200,1,1,1.0
100,2,962,837,84,200,1,1,1.0
100,3,1061,605,98,200,1,1,1.0
100,4,736,214,76,200,1,1,1.0
100,5,954,41,62,200,1,1,1.0
100,6,1086,257,74,200,1,1,1.0
101,1,724,675,92,200,1,1,1.0
101,2,955,838,80,200,1,1,1.0
101,3,1067,614,100,200,1,1,1.0
101,4,737,222,80,200,1,1,1.0
101,5,943,41,64,200,1,1,1.0
101,6,1091,248,74,200,1,1,1.0
102,1,729,666,90,200,1,1,1.0
102,2,944,839,82,200,1,1,1.0
102,3,1075,623,96,200,1,1,1.0
102,4,742,230,80,200,1,1,1.0
102,5,933,41,64,200,1,1,1.0
102,6,1098,239,72,200,1,1,1.0
103,1,730,658,94,200,1,1,1.0
103,2,935,839,80,200,1,1,1.0
103,3,1080,632,96,200,1,1,1.0
103,4,746,239,80,200,1,1,1.0
103,5,924,41,62,200,1,1,1.0
103,6,1102,230,72,200,1,1,1.0
104,1,736,650,92,200,1,1,1.0
104,2,923,839,84,200,1,1,1.0
104,3,1083,641,102,200,1,1,1.0
104,4,752,248,80,200,1,1,1.0
104,5,914,41,62,200,1,1,1.0
104,6,1109,222,68,200,1,1,1.0
105,1,741,641,90,200,1,1,1.0
105,2,913,839,84,200,1,1,1.0
105,3,1089,650,98,200,1,1,1.0
105,4,759,257,76,200,1,1,1.0
105,5,904,41,62,200,1,1,1.0
105,6,1112,214,68,200,1,1,1.0
106,1,745,632,94,200,1,1,1.0
106,2,904,839,82,200,1,1,1.0
106,3,1093,658,100,200,1,1,1.0
106,4,762,266,82,200,1,1,1.0
106,5,894,42,62,200,1,1,1.0
106,6,1115,205,70,200,1,1,1.0
107,1,749,623,96,200,1,1,1.0
107,2,895,839,80,200,1,1,1.0
107,3,1095,666,102,200,1,1,1.0
107,4,772,275,76,200,1,1,1.0
107,5,886,43,60,200,1,1,1.0
107,6,1117,197,72,200,1,1,1.0
108,1,757,614,92,200,1,1,1.0
108,2,885,838,80,200,1,1,1.0
108,3,1101,675,98,200,1,1,1.0
108,4,778,284,76,200,1,1,1.0
108,5,876,44,60,200,1,1,1.0
108,6,1117,189,76,200,1,1,1.0
109,1,764,605,92,200,1,1,1.0
109,2,875,837,82,200,1,1,1.0
109,3,1103,683,100,200,1,1,1.0
109,4,785,293,78,200,1,1,1.0
109,5,867,46,58,200,1,1,1.0
109,6,1120,182,74,200,1,1,1.0
110,1,771,596,90,200,1,1,1.0
110,2,865,836,82,200,1,1,1.0
110,3,1107,691,96,200,1,1,1.0
110,4,790,303,82,200,1,1,1.0
110,5,855,48,64,200,1,1,1.0
110,6,1123,174,70,200,1,1,1.0
111,1,778,587,92,200,1,1,1.0
111,2,853,834,86,200,1,1,1.0
111,3,1109,698,96,200,1,1,1.0
111,4,798,312,82,200,1,1,1.0
111,5,846,50,64,200,1,1,1.0
111,6,1125,167,68,200,1,1,1.0
112,1,786,577,90,200,1,1,1.0
112,2,846,832,82,200,1,1,1.0
112,3,1109,706,98,200,1,1,1.0
112,4,806,322,82,200,1,1,1.0
112,5,836,52,66,200,1,1,1.0
112,6,1123,159,72,200,1,1,1.0
113,1,793,568,92,200,1,1,1.0
113,2,839,830,78,200,1,1,1.0
113,3,1109,713,100,200,1,1,1.0
113,4,817,331,76,200,1,1,1.0
113,5,829,54,62,200,1,1,1.0
113,6,1123,152,72,200,1,1,1.0
114,1,799,558,96,200,1,1,1.0
114,2,828,828,82,200,1,1,1.0
114,3,1112,721,94,200,1,1,1.0
114,4,825,341,78,200,1,1,1.0
114,5,822,57,58,200,1,1,1.0
114,6,1125,145,68,200,1,1,1.0
115,1,807,549,96,200,1,1,1.0
115,2,820,826,80,200,1,1,1.0
115,3,1109,728,100,200,1,1,1.0
115,4,834,351,78,200,1,1,1.0
115,5,811,60,64,200,1,1,1.0
115,6,1123,139,70,200,1,1,1.0
116,1,817,539,94,200,1,1,1.0
116,2,810,823,82,200,1,1,1.0
116,3,1110,735,98,200,1,1,1.0
116,4,844,361,76,200,1,1,1.0
116,5,805,63,60,200,1,1,1.0
116,6,1119,132,74,200,1,1,1.0
117,1,826,529,94,200,1,1,1.0
117,2,802,820,82,200,1,1,1.0
117,3,1110,741,96,200,1,1,1.0
117,4,854,370,76,200,1,1,1.0
117,5,798,67,58,200,1,1,1.0
117,6,1120,126,68,200,1,1,1.0
118,1,837,519,90,200,1,1,1.0
118,2,795,817,80,200,1,1,1.0
118,3,1108,748,96,200,1,1,1.0
118,4,863,380,76,200,1,1,1.0
118,5,789,70,62,200,1,1,1.0
118,6,1115,120,72,200,1,1,1.0
119,1,845,510,94,200,1,1,1.0
119,2,784,813,86,200,1,1,1.0
119,3,1106,754,96,200,1,1,1.0
119,4,872,390,78,200,1,1,1.0
119,5,782,74,62,200,1,1,1.0
119,6,1111,114,74,200,1,1,1.0
120,1,856,500,90,200,1,1,1.0
120,2,779,810,82,200,1,1,1.0
120,3,1100,760,102,200,1,1,1.0
120,4,880,400,82,200,1,1,1.0
120,5,773,79,66,200,1,1,1.0
120,6,1110,108,70,200,1,1,1.0
121,1,865,490,92,200,1,1,1.0
121,2,770,806,86,200,1,1,1.0
121,3,1098,766,100,200,1,1,1.0
121,4,892,410,76,200,1,1,1.0
121,5,770,83,60,200,1,1,1.0
121,6,1102,103,76,200,1,1,1.0
122,1,876,480,90,200,1,1,1.0
122,2,763,801,86,200,1,1,1.0
122,3,1096,772,98,200,1,1,1.0
122,4,899,420,82,200,1,1,1.0
122,5,762,88,64,200,1,1,1.0
122,6,1099,97,74,200,1,1,1.0
123,1,883,470,94,200,1,1,1.0
123,2,760,797,80,200,1,1,1.0
123,3,1092,777,96,200,1,1,1.0
123,4,909,430,82,200,1,1,1.0
123,5,756,92,66,200,1,1,1.0
123,6,1093,92,76,200,1,1,1.0
124,1,893,460,94,200,1,1,1.0
124,2,755,792,78,200,1,1,1.0
124,3,1088,783,96,200,1,1,1.0
124,4,921,440,78,200,1,1,1.0
124,5,753,97,62,200,1,1,1.0
124,6,1091,88,70,200,1,1,1.0
125,1,906,450,88,200,1,1,1.0
125,2,746,788,86,200,1,1,1.0
125,3,1082,788,98,200,1,1,1.0
125,4,932,450,76,200,1,1,1.0
125,5,749,103,62,200,1,1,1.0
125,6,1084,83,72,200,1,1,1.0
126,1,913,440,94,200,1,1,1.0
126,2,742,783,84,200,1,1,1.0
126,3,1078,792,96,200,1,1,1.0
126,4,939,460,82,200,1,1,1.0
126,5,743,108,64,200,1,1,1.0
126,6,1077,79,74,200,1,1,1.0
127,1,923,430,94,200,1,1,1.0
127,2,738,777,84,200,1,1,1.0
127,3,1071,797,98,200,1,1,1.0
127,4,949,470,82,200,1,1,1.0
127,5,739,114,66,200,1,1,1.0
127,6,1070,74,74,200,1,1,1.0
128,1,936,420,88,200,1,1,1.0
128,2,734,772,82,200,1,1,1.0
128,3,1066,801,96,200,1,1,1.0
128,4,961,480,76,200,1,1,1.0
128,5,737,120,64,200,1,1,1.0
128,6,1063,70,74,200,1,1,1.0
129,1,945,410,90,200,1,1,1.0
129,2,732,766,80,200,1,1,1.0
129,3,1058,806,98,200,1,1,1.0
129,4,970,490,78,200,1,1,1.0
129,5,736,126,60,200,1,1,1.0
129,6,1058,67,70,200,1,1,1.0
130,1,953,400,92,200,1,1,1.0
130,2,727,760,84,200,1,1,1.0
130,3,1050,810,100,200,1,1,1.0
130,4,981,500,76,200,1,1,1.0
130,5,731,132,66,200,1,1,1.0
130,6,1051,63,68,200,1,1,1.0
131,1,963,390,92,200,1,1,1.0
131,2,723,754,86,200,1,1,1.0
131,3,1044,813,98,200,1,1,1.0
131,4,987,510,82,200,1,1,1.0
131,5,730,139,64,200,1,1,1.0
131,6,1040,60,74,200,1,1,1.0
132,1,972,380,94,200,1,1,1.0
132,2,725,748,78,200,1,1,1.0
132,3,1036,817,98,200,1,1,1.0
132,4,998,519,80,200,1,1,1.0
132,5,732,145,58,200,1,1,1.0
132,6,1033,57,72,200,1,1,1.0
133,1,981,370,94,200,1,1,1.0
133,2,719,741,86,200,1,1,1.0
133,3,1029,820,96,200,1,1,1.0
133,4,1006,529,82,200,1,1,1.0
133,5,729,152,64,200,1,1,1.0
133,6,1024,54,72,200,1,1,1.0
134,1,991,361,94,200,1,1,1.0
134,2,722,735,78,200,1,1,1.0
134,3,1019,823,100,200,1,1,1.0
134,4,1016,539,80,200,1,1,1.0
134,5,728,159,66,200,1,1,1.0
134,6,1014,52,74,200,1,1,1.0
135,1,1001,351,92,200,1,1,1.0
135,2,719,728,84,200,1,1,1.0
135,3,1010,826,100,200,1,1,1.0
135,4,1025,549,80,200,1,1,1.0
135,5,732,167,58,200,1,1,1.0
135,6,1006,50,72,200,1,1,1.0
136,1,1009,341,94,200,1,1,1.0
136,2,720,721,82,200,1,1,1.0
136,3,1004,828,94,200,1,1,1.0
136,4,1033,558,80,200,1,1,1.0
136,5,730,174,64,200,1,1,1.0
136,6,995,48,76,200,1,1,1.0
137,1,1020,331,90,200,1,1,1.0
137,2,720,713,82,200,1,1,1.0
137,3,993,830,98,200,1,1,1.0
137,4,1043,568,76,200,1,1,1.0
137,5,732,182,62,200,1,1,1.0
137,6,987,46,74,200,1,1,1.0
138,1,1028,322,90,200,1,1,1.0
138,2,721,706,82,200,1,1,1.0
138,3,984,832,98,200,1,1,1.0
138,4,1049,577,80,200,1,1,1.0
138,5,733,189,64,200,1,1,1.0
138,6,978,44,72,200,1,1,1.0
139,1,1034,312,94,200,1,1,1.0
139,2,721,698,84,200,1,1,1.0
139,3,975,834,98,200,1,1,1.0
139,4,1057,587,78,200,1,1,1.0
139,5,738,197,58,200,1,1,1.0
139,6,966,43,76,200,1,1,1.0
140,1,1044,303,90,200,1,1,1.0
140,2,724,691,82,200,1,1,1.0
140,3,963,836,102,200,1,1,1.0
140,4,1064,596,80,200,1,1,1.0
140,5,740,205,60,200,1,1,1.0
140,6,960,42,70,200,1,1,1.0
141,1,1048,293,96,200,1,1,1.0
141,2,727,683,80,200,1,1,1.0
141,3,957,837,94,200,1,1,1.0
141,4,1071,605,78,200,1,1,1.0
141,5,743,214,62,200,1,1,1.0
141,6,950,41,70,200,1,1,1.0
142,1,1059,284,90,200,1,1,1.0
142,2,731,675,78,200,1,1,1.0
142,3,947,838,96,200,1,1,1.0
142,4,1078,614,78,200,1,1,1.0
142,5,745,222,64,200,1,1,1.0
142,6,938,41,74,200,1,1,1.0
143,1,1065,275,90,200,1,1,1.0
143,2,733,666,82,200,1,1,1.0
143,3,935,839,100,200,1,1,1.0
143,4,1085,623,76,200,1,1,1.0
143,5,750,230,64,200,1,1,1.0
143,6,930,41,70,200,1,1,1.0
144,1,1073,266,88,200,1,1,1.0
144,2,736,658,82,200,1,1,1.0
144,3,926,839,98,200,1,1,1.0
144,4,1090,632,76,200,1,1,1.0
144,5,755,239,62,200,1,1,1.0
144,6,919,41,72,200,1,1,1.0
145,1,1077,257,92,200,1,1,1.0
145,2,741,650,82,200,1,1,1.0
145,3,917,839,96,200,1,1,1.0
145,4,1096,641,76,200,1,1,1.0
145,5,761,248,62,200,1,1,1.0
145,6,909,41,72,200,1,1,1.0
146,1,1082,248,92,200,1,1,1.0
146,2,746,641,80,200,1,1,1.0
146,3,907,839,96,200,1,1,1.0
146,4,1099,650,78,200,1,1,1.0
146,5,768,257,58,200,1,1,1.0
146,6,898,41,74,200,1,1,1.0
147,1,1090,239,88,200,1,1,1.0
147,2,752,632,80,200,1,1,1.0
147,3,896,839,98,200,1,1,1.0
147,4,1104,658,78,200,1,1,1.0
147,5,771,266,64,200,1,1,1.0
147,6,888,42,74,200,1,1,1.0
148,1,1091,230,94,200,1,1,1.0
148,2,755,623,84,200,1,1,1.0
148,3,888,839,94,200,1,1,1.0
148,4,1105,666,82,200,1,1,1.0
148,5,780,275,60,200,1,1,1.0
148,6,878,43,76,200,1,1,1.0
149,1,1098,222,90,200,1,1,1.0
149,2,761,614,84,200,1,1,1.0
149,3,874,838,102,200,1,1,1.0
149,4,1110,675,80,200,1,1,1.0
149,5,783,284,66,200,1,1,1.0
149,6,870,44,72,200,1,1,1.0
150,1,1101,214,90,200,1,1,1.0
150,2,768,605,84,200,1,1,1.0
150,3,868,837,96,200,1,1,1.0
150,4,1112,683,82,200,1,1,1.0
150,5,792,293,64,200,1,1,1.0
150,6,861,46,70,200,1,1,1.0
151,1,1105,205,90,200,1,1,1.0
151,2,777,596,78,200,1,1,1.0
151,3,857,836,98,200,1,1,1.0
151,4,1115,691,80,200,1,1,1.0
151,5,802,303,58,200,1,1,1.0
151,6,849,48,76,200,1,1,1.0
152,1,1106,197,94,200,1,1,1.0
152,2,782,587,84,200,1,1,1.0
152,3,847,834,98,200,1,1,1.0
152,4,1119,698,76,200,1,1,1.0
152,5,808,312,62,200,1,1,1.0
152,6,841,50,74,200,1,1,1.0
153,1,1108,189,94,200,1,1,1.0
153,2,789,577,84,200,1,1,1.0
153,3,840,832,94,200,1,1,1.0
153,4,1118,706,80,200,1,1,1.0
153,5,817,322,60,200,1,1,1.0
153,6,833,52,72,200,1,1,1.0
154,1,1110,182,94,200,1,1,1.0
154,2,800,568,78,200,1,1,1.0
154,3,827,830,102,200,1,1,1.0
154,4,1119,713,80,200,1,1,1.0
154,5,825,331,60,200,1,1,1.0
154,6,822,54,76,200,1,1,1.0
155,1,1112,174,92,200,1,1,1.0
155,2,805,558,84,200,1,1,1.0
155,3,821,828,96,200,1,1,1.0
155,4,1119,721,80,200,1,1,1.0
155,5,832,341,64,200,1,1,1.0
155,6,814,57,74,200,1,1,1.0
156,1,1112,167,94,200,1,1,1.0
156,2,815,549,80,200,1,1,1.0
156,3,810,826,100,200,1,1,1.0
156,4,1119,728,80,200,1,1,1.0
156,5,841,351,64,200,1,1,1.0
156,6,807,60,72,200,1,1,1.0
157,1,1113,159,92,200,1,1,1.0
157,2,825,539,78,200,1,1,1.0
157,3,801,823,100,200,1,1,1.0
157,4,1121,735,76,200,1,1,1.0
157,5,851,361,62,200,1,1,1.0
157,6,800,63,70,200,1,1,1.0
158,1,1112,152,94,200,1,1,1.0
158,2,832,529,82,200,1,1,1.0
158,3,792,820,102,200,1,1,1.0
158,4,1119,741,78,200,1,1,1.0
158,5,860,370,64,200,1,1,1.0
158,6,792,67,70,200,1,1,1.0
159,1,1112,145,94,200,1,1,1.0
159,2,842,519,80,200,1,1,1.0
159,3,787,817,96,200,1,1,1.0
159,4,1116,748,80,200,1,1,1.0
159,5,871,380,60,200,1,1,1.0
159,6,783,70,74,200,1,1,1.0
160,1,1112,139,92,200,1,1,1.0
160,2,851,510,82,200,1,1,1.0
160,3,779,813,96,200,1,1,1.0
160,4,1116,754,76,200,1,1,1.0
160,5,879,390,64,200,1,1,1.0
160,6,778,74,70,200,1,1,1.0
161,1,1112,132,88,200,1,1,1.0
161,2,858,500,86,200,1,1,1.0
161,3,772,810,96,200,1,1,1.0
161,4,1112,760,78,200,1,1,1.0
161,5,891,400,60,200,1,1,1.0
161,6,771,79,70,200,1,1,1.0
162,1,1109,126,90,200,1,1,1.0
162,2,871,490,80,200,1,1,1.0
162,3,765,806,96,200,1,1,1.0
162,4,1110,766,76,200,1,1,1.0
162,5,898,410,64,200,1,1,1.0
162,6,765,83,70,200,1,1,1.0
163,1,1106,120,90,200,1,1,1.0
163,2,879,480,84,200,1,1,1.0
163,3,758,801,96,200,1,1,1.0
163,4,1105,772,80,200,1,1,1.0
163,5,910,420,60,200,1,1,1.0
163,6,758,88,72,200,1,1,1.0
164,1,1102,114,92,200,1,1,1.0
164,2,888,470,84,200,1,1,1.0
164,3,749,797,102,200,1,1,1.0
164,4,1101,777,78,200,1,1,1.0
164,5,920,430,60,200,1,1,1.0
164,6,752,92,74,200,1,1,1.0
165,1,1097,108,96,200,1,1,1.0
165,2,898,460,84,200,1,1,1.0
165,3,745,792,98,200,1,1,1.0
165,4,1095,783,82,200,1,1,1.0
165,5,928,440,64,200,1,1,1.0
165,6,749,97,70,200,1,1,1.0
166,1,1094,103,92,200,1,1,1.0
166,2,908,450,84,200,1,1,1.0
166,3,742,788,94,200,1,1,1.0
166,4,1091,788,80,200,1,1,1.0
166,5,938,450,64,200,1,1,1.0
166,6,744,103,72,200,1,1,1.0
167,1,1090,97,92,200,1,1,1.0
167,2,920,440,80,200,1,1,1.0
167,3,734,783,100,200,1,1,1.0
167,4,1085,792,82,200,1,1,1.0
167,5,948,460,64,200,1,1,1.0
167,6,738,108,74,200,1,1,1.0
168,1,1086,92,90,200,1,1,1.0
168,2,930,430,80,200,1,1,1.0
168,3,733,777,94,200,1,1,1.0
168,4,1081,797,78,200,1,1,1.0
168,5,957,470,66,200,1,1,1.0
168,6,736,114,72,200,1,1,1.0
169,1,1081,88,90,200,1,1,1.0
169,2,940,420,80,200,1,1,1.0
169,3,724,772,102,200,1,1,1.0
169,4,1076,801,76,200,1,1,1.0
169,5,968,480,62,200,1,1,1.0
169,6,732,120,74,200,1,1,1.0
170,1,1073,83,94,200,1,1,1.0
170,2,948,410,84,200,1,1,1.0
170,3,722,766,100,200,1,1,1.0
170,4,1068,806,78,200,1,1,1.0
170,5,979,490,60,200,1,1,1.0
170,6,731,126,70,200,1,1,1.0
171,1,1069,79,90,200,1,1,1.0
171,2,956,400,86,200,1,1,1.0
171,3,719,760,100,200,1,1,1.0
171,4,1059,810,82,200,1,1,1.0
171,5,987,500,64,200,1,1,1.0
171,6,730,132,68,200,1,1,1.0
172,1,1061,74,92,200,1,1,1.0
172,2,969,390,80,200,1,1,1.0
172,3,717,754,98,200,1,1,1.0
172,4,1053,813,80,200,1,1,1.0
172,5,995,510,66,200,1,1,1.0
172,6,727,139,70,200,1,1,1.0
173,1,1054,70,92,200,1,1,1.0
173,2,977,380,84,200,1,1,1.0
173,3,714,748,100,200,1,1,1.0
173,4,1045,817,80,200,1,1,1.0
173,5,1005,519,66,200,1,1,1.0
173,6,725,145,72,200,1,1,1.0
174,1,1047,67,92,200,1,1,1.0
174,2,986,370,84,200,1,1,1.0
174,3,714,741,96,200,1,1,1.0
174,4,1039,820,76,200,1,1,1.0
174,5,1016,529,62,200,1,1,1.0
174,6,726,152,70,200,1,1,1.0
175,1,1038,63,94,200,1,1,1.0
175,2,996,361,84,200,1,1,1.0
175,3,713,735,96,200,1,1,1.0
175,4,1030,823,78,200,1,1,1.0
175,5,1026,539,60,200,1,1,1.0
175,6,727,159,68,200,1,1,1.0
176,1,1032,60,90,200,1,1,1.0
176,2,1007,351,80,200,1,1,1.0
176,3,711,728,100,200,1,1,1.0
176,4,1021,826,78,200,1,1,1.0
176,5,1035,549,60,200,1,1,1.0
176,6,725,167,72,200,1,1,1.0
177,1,1022,57,94,200,1,1,1.0
177,2,1015,341,82,200,1,1,1.0
177,3,712,721,98,200,1,1,1.0
177,4,1010,828,82,200,1,1,1.0
177,5,1043,558,60,200,1,1,1.0
177,6,727,174,70,200,1,1,1.0
178,1,1016,54,88,200,1,1,1.0
178,2,1025,331,80,200,1,1,1.0
178,3,712,713,98,200,1,1,1.0
178,4,1004,830,76,200,1,1,1.0
178,5,1049,568,64,200,1,1,1.0
178,6,725,182,76,200,1,1,1.0
179,1,1004,52,94,200,1,1,1.0
179,2,1033,322,80,200,1,1,1.0
179,3,715,706,94,200,1,1,1.0
179,4,992,832,82,200,1,1,1.0
179,5,1059,577,60,200,1,1,1.0
179,6,727,189,76,200,1,1,1.0
180,1,997,50,90,200,1,1,1.0
180,2,1042,312,78,200,1,1,1.0
180,3,716,698,94,200,1,1,1.0
180,4,983,834,82,200,1,1,1.0
180,5,1064,587,64,200,1,1,1.0
180,6,729,197,76,200,1,1,1.0
181,1,987,48,92,200,1,1,1.0
181,2,1048,303,82,200,1,1,1.0
181,3,717,691,96,200,1,1,1.0
181,4,973,836,82,200,1,1,1.0
181,5,1073,596,62,200,1,1,1.0
181,6,734,205,72,200,1,1,1.0
182,1,980,46,88,200,1,1,1.0
182,2,1053,293,86,200,1,1,1.0
182,3,718,683,98,200,1,1,1.0
182,4,966,837,76,200,1,1,1.0
182,5,1080,605,60,200,1,1,1.0
182,6,736,214,76,200,1,1,1.0
183,1,970,44,88,200,1,1,1.0
183,2,1065,284,78,200,1,1,1.0
183,3,721,675,98,200,1,1,1.0
183,4,955,838,80,200,1,1,1.0
183,5,1088,614,58,200,1,1,1.0
183,6,741,222,72,200,1,1,1.0
184,1,957,43,94,200,1,1,1.0
184,2,1068,275,84,200,1,1,1.0
184,3,723,666,102,200,1,1,1.0
184,4,944,839,82,200,1,1,1.0
184,5,1094,623,58,200,1,1,1.0
184,6,747,230,70,200,1,1,1.0
185,1,950,42,90,200,1,1,1.0
185,2,1077,266,80,200,1,1,1.0
185,3,729,658,96,200,1,1,1.0
185,4,936,839,78,200,1,1,1.0
185,5,1097,632,62,200,1,1,1.0
185,6,751,239,70,200,1,1,1.0
186,1,940,41,90,200,1,1,1.0
186,2,1083,257,80,200,1,1,1.0
186,3,733,650,98,200,1,1,1.0
186,4,924,839,82,200,1,1,1.0
186,5,1102,641,64,200,1,1,1.0
186,6,757,248,70,200,1,1,1.0
187,1,931,41,88,200,1,1,1.0
187,2,1085,248,86,200,1,1,1.0
187,3,737,641,98,200,1,1,1.0
187,4,916,839,78,200,1,1,1.0
187,5,1108,650,60,200,1,1,1.0
187,6,759,257,76,200,1,1,1.0
188,1,919,41,92,200,1,1,1.0
188,2,1094,239,80,200,1,1,1.0
188,3,742,632,100,200,1,1,1.0
188,4,904,839,82,200,1,1,1.0
188,5,1113,658,60,200,1,1,1.0
188,6,765,266,76,200,1,1,1.0
189,1,910,41,90,200,1,1,1.0
189,2,1097,230,82,200,1,1,1.0
189,3,747,623,100,200,1,1,1.0
189,4,897,839,76,200,1,1,1.0
189,5,1117,666,58,200,1,1,1.0
189,6,774,275,72,200,1,1,1.0
190,1,897,41,96,200,1,1,1.0
190,2,1103,222,80,200,1,1,1.0
190,3,753,614,100,200,1,1,1.0
190,4,886,838,78,200,1,1,1.0
190,5,1118,675,64,200,1,1,1.0
190,6,780,284,72,200,1,1,1.0
191,1,889,41,92,200,1,1,1.0
191,2,1104,214,84,200,1,1,1.0
191,3,760,605,100,200,1,1,1.0
191,4,878,837,76,200,1,1,1.0
191,5,1121,683,64,200,1,1,1.0
191,6,788,293,72,200,1,1,1.0
192,1,881,42,88,200,1,1,1.0
192,2,1108,205,84,200,1,1,1.0
192,3,767,596,98,200,1,1,1.0
192,4,866,836,80,200,1,1,1.0
192,5,1125,691,60,200,1,1,1.0
192,6,795,303,72,200,1,1,1.0
193,1,869,43,94,200,1,1,1.0
193,2,1113,197,80,200,1,1,1.0
193,3,774,587,100,200,1,1,1.0
193,4,856,834,80,200,1,1,1.0
193,5,1128,698,58,200,1,1,1.0
193,6,802,312,74,200,1,1,1.0
194,1,860,44,92,200,1,1,1.0
194,2,1112,189,86,200,1,1,1.0
194,3,781,577,100,200,1,1,1.0
194,4,847,832,80,200,1,1,1.0
194,5,1128,706,60,200,1,1,1.0
194,6,811,322,72,200,1,1,1.0
195,1,850,46,92,200,1,1,1.0
195,2,1115,182,84,200,1,1,1.0
195,3,790,568,98,200,1,1,1.0
195,4,839,830,78,200,1,1,1.0
195,5,1129,713,60,200,1,1,1.0
195,6,817,331,76,200,1,1,1.0
196,1,843,48,88,200,1,1,1.0
196,2,1117,174,82,200,1,1,1.0
196,3,798,558,98,200,1,1,1.0
196,4,828,828,82,200,1,1,1.0
196,5,1126,721,66,200,1,1,1.0
196,6,828,341,72,200,1,1,1.0
197,1,833,50,90,200,1,1,1.0
197,2,1119,167,80,200,1,1,1.0
197,3,806,549,98,200,1,1,1.0
197,4,820,826,80,200,1,1,1.0
197,5,1129,728,60,200,1,1,1.0
197,6,836,351,74,200,1,1,1.0
198,1,821,52,96,200,1,1,1.0
198,2,1119,159,80,200,1,1,1.0
198,3,814,539,100,200,1,1,1.0
198,4,810,823,82,200,1,1,1.0
198,5,1127,735,64,200,1,1,1.0
198,6,844,361,76,200,1,1,1.0
199,1,813,54,94,200,1,1,1.0
199,2,1117,152,84,200,1,1,1.0
199,3,824,529,98,200,1,1,1.0
199,4,802,820,82,200,1,1,1.0
199,5,1128,741,60,200,1,1,1.0
199,6,854,370,76,200,1,1,1.0
200,1,807,57,88,200,1,1,1.0
200,2,1118,145,82,200,1,1,1.0
200,3,835,519,94,200,1,1,1.0
200,4,795,817,80,200,1,1,1.0
200,5,1125,748,62,200,1,1,1.0
200,6,863,380,76,200,1,1,1.0
201,1,796,60,94,200,1,1,1.0
201,2,1119,139,78,200,1,1,1.0
201,3,841,510,102,200,1,1,1.0
201,4,786,813,82,200,1,1,1.0
201,5,1124,754,60,200,1,1,1.0
201,6,876,390,70,200,1,1,1.0
202,1,788,63,94,200,1,1,1.0
202,2,1115,132,82,200,1,1,1.0
202,3,854,500,94,200,1,1,1.0
202,4,780,810,80,200,1,1,1.0
202,5,1121,760,60,200,1,1,1.0
202,6,885,400,72,200,1,1,1.0
203,1,782,67,90,200,1,1,1.0
203,2,1112,126,84,200,1,1,1.0
203,3,864,490,94,200,1,1,1.0
203,4,775,806,76,200,1,1,1.0
203,5,1118,766,60,200,1,1,1.0
203,6,894,410,72,200,1,1,1.0
204,1,774,70,92,200,1,1,1.0
204,2,1109,120,84,200,1,1,1.0
204,3,871,480,100,200,1,1,1.0
204,4,767,801,78,200,1,1,1.0
204,5,1112,772,66,200,1,1,1.0
204,6,904,420,72,200,1,1,1.0
205,1,767,74,92,200,1,1,1.0
205,2,1109,114,78,200,1,1,1.0
205,3,879,470,102,200,1,1,1.0
205,4,761,797,78,200,1,1,1.0
205,5,1108,777,64,200,1,1,1.0
205,6,914,430,72,200,1,1,1.0
206,1,762,79,88,200,1,1,1.0
206,2,1105,108,80,200,1,1,1.0
206,3,892,460,96,200,1,1,1.0
206,4,756,792,76,200,1,1,1.0
206,5,1107,783,58,200,1,1,1.0
206,6,924,440,72,200,1,1,1.0
207,1,753,83,94,200,1,1,1.0
207,2,1100,103,80,200,1,1,1.0
207,3,900,450,100,200,1,1,1.0
207,4,749,788,80,200,1,1,1.0
207,5,1100,788,62,200,1,1,1.0
207,6,936,450,68,200,1,1,1.0
208,1,749,88,90,200,1,1,1.0
208,2,1094,97,84,200,1,1,1.0
208,3,910,440,100,200,1,1,1.0
208,4,743,783,82,200,1,1,1.0
208,5,1094,792,64,200,1,1,1.0
208,6,945,460,70,200,1,1,1.0
209,1,743,92,92,200,1,1,1.0
209,2,1092,92,78,200,1,1,1.0
209,3,923,430,94,200,1,1,1.0
209,4,741,777,78,200,1,1,1.0
209,5,1091,797,58,200,1,1,1.0
209,6,953,470,74,200,1,1,1.0
210,1,736,97,96,200,1,1,1.0
210,2,1085,88,82,200,1,1,1.0
210,3,932,420,96,200,1,1,1.0
210,4,735,772,80,200,1,1,1.0
210,5,1082,801,64,200,1,1,1.0
210,6,964,480,70,200,1,1,1.0
211,1,732,103,96,200,1,1,1.0
211,2,1080,83,80,200,1,1,1.0
211,3,943,410,94,200,1,1,1.0
211,4,732,766,80,200,1,1,1.0
211,5,1075,806,64,200,1,1,1.0
211,6,974,490,70,200,1,1,1.0
212,1,728,108,94,200,1,1,1.0
212,2,1072,79,84,200,1,1,1.0
212,3,952,400,94,200,1,1,1.0
212,4,728,760,82,200,1,1,1.0
212,5,1068,810,64,200,1,1,1.0
212,6,983,500,72,200,1,1,1.0
213,1,726,114,92,200,1,1,1.0
213,2,1067,74,80,200,1,1,1.0
213,3,961,390,96,200,1,1,1.0
213,4,727,754,78,200,1,1,1.0
213,5,1063,813,60,200,1,1,1.0
213,6,992,510,72,200,1,1,1.0
214,1,723,120,92,200,1,1,1.0
214,2,1060,70,80,200,1,1,1.0
214,3,968,380,102,200,1,1,1.0
214,4,725,748,78,200,1,1,1.0
214,5,1056,817,58,200,1,1,1.0
214,6,1002,519,72,200,1,1,1.0
215,1,719,126,94,200,1,1,1.0
215,2,1050,67,86,200,1,1,1.0
215,3,980,370,96,200,1,1,1.0
215,4,723,741,78,200,1,1,1.0
215,5,1045,820,64,200,1,1,1.0
215,6,1012,529,70,200,1,1,1.0
216,1,717,132,94,200,1,1,1.0
216,2,1045,63,80,200,1,1,1.0
216,3,988,361,100,200,1,1,1.0
216,4,721,735,80,200,1,1,1.0
216,5,1040,823,58,200,1,1,1.0
216,6,1019,539,74,200,1,1,1.0
217,1,718,139,88,200,1,1,1.0
217,2,1035,60,84,200,1,1,1.0
217,3,999,351,96,200,1,1,1.0
217,4,721,728,80,200,1,1,1.0
217,5,1028,826,64,200,1,1,1.0
217,6,1029,549,72,200,1,1,1.0
218,1,715,145,92,200,1,1,1.0
218,2,1027,57,84,200,1,1,1.0
218,3,1008,341,96,200,1,1,1.0
218,4,722,721,78,200,1,1,1.0
218,5,1020,828,62,200,1,1,1.0
218,6,1036,558,74,200,1,1,1.0
219,1,715,152,92,200,1,1,1.0
219,2,1019,54,82,200,1,1,1.0
219,3,1018,331,94,200,1,1,1.0
219,4,721,713,80,200,1,1,1.0
219,5,1012,830,60,200,1,1,1.0
219,6,1045,568,72,200,1,1,1.0
220,1,717,159,88,200,1,1,1.0
220,2,1010,52,82,200,1,1,1.0
220,3,1025,322,96,200,1,1,1.0
220,4,722,706,80,200,1,1,1.0
220,5,1001,832,64,200,1,1,1.0
220,6,1052,577,74,200,1,1,1.0
221,1,715,167,92,200,1,1,1.0
221,2,999,50,86,200,1,1,1.0
221,3,1030,312,102,200,1,1,1.0
221,4,725,698,76,200,1,1,1.0
221,5,992,834,64,200,1,1,1.0
221,6,1059,587,74,200,1,1,1.0
222,1,716,174,92,200,1,1,1.0
222,2,992,48,82,200,1,1,1.0
222,3,1039,303,100,200,1,1,1.0
222,4,727,691,76,200,1,1,1.0
222,5,982,836,64,200,1,1,1.0
222,6,1068,596,72,200,1,1,1.0
223,1,716,182,94,200,1,1,1.0
223,2,984,46,80,200,1,1,1.0
223,3,1047,293,98,200,1,1,1.0
223,4,729,683,76,200,1,1,1.0
223,5,971,837,66,200,1,1,1.0
223,6,1073,605,74,200,1,1,1.0
224,1,721,189,88,200,1,1,1.0
224,2,972,44,84,200,1,1,1.0
224,3,1054,284,100,200,1,1,1.0
224,4,732,675,76,200,1,1,1.0
224,5,963,838,64,200,1,1,1.0
224,6,1080,614,74,200,1,1,1.0
225,1,721,197,92,200,1,1,1.0
225,2,964,43,80,200,1,1,1.0
225,3,1061,275,98,200,1,1,1.0
225,4,736,666,76,200,1,1,1.0
225,5,954,839,62,200,1,1,1.0
225,6,1086,623,74,200,1,1,1.0
226,1,726,205,88,200,1,1,1.0
226,2,953,42,84,200,1,1,1.0
226,3,1069,266,96,200,1,1,1.0
226,4,736,658,82,200,1,1,1.0
226,5,943,839,64,200,1,1,1.0
226,6,1091,632,74,200,1,1,1.0
227,1,727,214,94,200,1,1,1.0
227,2,943,41,84,200,1,1,1.0
227,3,1073,257,100,200,1,1,1.0
227,4,741,650,82,200,1,1,1.0
227,5,933,839,64,200,1,1,1.0
227,6,1098,641,72,200,1,1,1.0
228,1,732,222,90,200,1,1,1.0
228,2,936,41,78,200,1,1,1.0
228,3,1077,248,102,200,1,1,1.0
228,4,747,641,78,200,1,1,1.0
228,5,923,839,64,200,1,1,1.0
228,6,1104,650,68,200,1,1,1.0
229,1,735,230,94,200,1,1,1.0
229,2,922,41,86,200,1,1,1.0
229,3,1086,239,96,200,1,1,1.0
229,4,751,632,82,200,1,1,1.0
229,5,913,839,64,200,1,1,1.0
229,6,1105,658,76,200,1,1,1.0
230,1,740,239,92,200,1,1,1.0
230,2,913,41,84,200,1,1,1.0
230,3,1091,230,94,200,1,1,1.0
230,4,758,623,78,200,1,1,1.0
230,5,904,839,62,200,1,1,1.0
230,6,1110,666,72,200,1,1,1.0
231,1,747,248,90,200,1,1,1.0
231,2,903,41,84,200,1,1,1.0
231,3,1093,222,100,200,1,1,1.0
231,4,764,614,78,200,1,1,1.0
231,5,892,838,66,200,1,1,1.0
231,6,1114,675,72,200,1,1,1.0
232,1,750,257,94,200,1,1,1.0
232,2,893,41,84,200,1,1,1.0
232,3,1096,214,100,200,1,1,1.0
232,4,772,605,76,200,1,1,1.0
232,5,883,837,66,200,1,1,1.0
232,6,1117,683,72,200,1,1,1.0
233,1,755,266,96,200,1,1,1.0
233,2,883,42,84,200,1,1,1.0
233,3,1099,205,102,200,1,1,1.0
233,4,775,596,82,200,1,1,1.0
233,5,876,836,60,200,1,1,1.0
233,6,1120,691,70,200,1,1,1.0
234,1,764,275,92,200,1,1,1.0
234,2,873,43,86,200,1,1,1.0
234,3,1104,197,98,200,1,1,1.0
234,4,784,587,80,200,1,1,1.0
234,5,864,834,64,200,1,1,1.0
234,6,1120,698,74,200,1,1,1.0
235,1,771,284,90,200,1,1,1.0
235,2,867,44,78,200,1,1,1.0
235,3,1107,189,96,200,1,1,1.0
235,4,790,577,82,200,1,1,1.0
235,5,855,832,64,200,1,1,1.0
235,6,1121,706,74,200,1,1,1.0
236,1,776,293,96,200,1,1,1.0
236,2,857,46,78,200,1,1,1.0
236,3,1106,182,102,200,1,1,1.0
236,4,801,568,76,200,1,1,1.0
236,5,848,830,60,200,1,1,1.0
236,6,1123,713,72,200,1,1,1.0
237,1,784,303,94,200,1,1,1.0
237,2,845,48,84,200,1,1,1.0
237,3,1110,174,96,200,1,1,1.0
237,4,806,558,82,200,1,1,1.0
237,5,839,828,60,200,1,1,1.0
237,6,1121,721,76,200,1,1,1.0
238,1,795,312,88,200,1,1,1.0
238,2,836,50,84,200,1,1,1.0
238,3,1110,167,98,200,1,1,1.0
238,4,817,549,76,200,1,1,1.0
238,5,831,826,58,200,1,1,1.0
238,6,1124,728,70,200,1,1,1.0
239,1,802,322,90,200,1,1,1.0
239,2,827,52,84,200,1,1,1.0
239,3,1110,159,98,200,1,1,1.0
239,4,825,539,78,200,1,1,1.0
239,5,819,823,64,200,1,1,1.0
239,6,1124,735,70,200,1,1,1.0
240,1,809,331,92,200,1,1,1.0
240,2,821,54,78,200,1,1,1.0
240,3,1108,152,102,200,1,1,1.0
240,4,834,529,78,200,1,1,1.0
240,5,812,820,62,200,1,1,1.0
240,6,1123,741,70,200,1,1,1.0
241,1,818,341,92,200,1,1,1.0
241,2,809,57,84,200,1,1,1.0
241,3,1109,145,100,200,1,1,1.0
241,4,841,519,82,200,1,1,1.0
241,5,804,817,62,200,1,1,1.0
241,6,1121,748,70,200,1,1,1.0
242,1,827,351,92,200,1,1,1.0
242,2,803,60,80,200,1,1,1.0
242,3,1109,139,98,200,1,1,1.0
242,4,852,510,80,200,1,1,1.0
242,5,798,813,58,200,1,1,1.0
242,6,1119,754,70,200,1,1,1.0
243,1,836,361,92,200,1,1,1.0
243,2,795,63,80,200,1,1,1.0
243,3,1109,132,94,200,1,1,1.0
243,4,862,500,78,200,1,1,1.0
243,5,789,810,62,200,1,1,1.0
243,6,1116,760,70,200,1,1,1.0
244,1,844,370,96,200,1,1,1.0
244,2,786,67,82,200,1,1,1.0
244,3,1105,126,98,200,1,1,1.0
244,4,871,490,80,200,1,1,1.0
244,5,783,806,60,200,1,1,1.0
244,6,1112,766,72,200,1,1,1.0
245,1,856,380,90,200,1,1,1.0
245,2,780,70,80,200,1,1,1.0
245,3,1102,120,98,200,1,1,1.0
245,4,882,480,78,200,1,1,1.0
245,5,776,801,60,200,1,1,1.0
245,6,1110,772,70,200,1,1,1.0
246,1,865,390,92,200,1,1,1.0
246,2,774,74,78,200,1,1,1.0
246,3,1097,114,102,200,1,1,1.0
246,4,890,470,80,200,1,1,1.0
246,5,770,797,60,200,1,1,1.0
246,6,1105,777,70,200,1,1,1.0
247,1,877,400,88,200,1,1,1.0
247,2,764,79,84,200,1,1,1.0
247,3,1094,108,102,200,1,1,1.0
247,4,899,460,82,200,1,1,1.0
247,5,763,792,62,200,1,1,1.0
247,6,1098,783,76,200,1,1,1.0
248,1,884,410,92,200,1,1,1.0
248,2,760,83,80,200,1,1,1.0
248,3,1091,103,98,200,1,1,1.0
248,4,911,450,78,200,1,1,1.0
248,5,756,788,66,200,1,1,1.0
248,6,1095,788,72,200,1,1,1.0
249,1,893,420,94,200,1,1,1.0
249,2,754,88,80,200,1,1,1.0
249,3,1089,97,94,200,1,1,1.0
249,4,919,440,82,200,1,1,1.0
249,5,755,783,58,200,1,1,1.0
249,6,1089,792,74,200,1,1,1.0
250,1,903,430,94,200,1,1,1.0
250,2,748,92,82,200,1,1,1.0
250,3,1081,92,100,200,1,1,1.0
250,4,930,430,80,200,1,1,1.0
250,5,748,777,64,200,1,1,1.0
250,6,1085,797,70,200,1,1,1.0
