1,1,1312,440,96,200,1,1,1.0
1,2,921,43,88,200,1,1,1.0
1,3,513,434,96,200,1,1,1.0
1,4,903,836,84,200,1,1,1.0
2,1,1314,450,90,200,1,1,1.0
2,2,934,39,82,200,1,1,1.0
2,3,512,420,98,200,1,1,1.0
2,4,896,839,78,200,1,1,1.0
3,1,1314,461,90,200,1,1,1.0
3,2,944,41,82,200,1,1,1.0
3,3,516,408,92,200,1,1,1.0
3,4,882,839,86,200,1,1,1.0
4,1,1315,471,86,200,1,1,1.0
4,2,951,41,88,200,1,1,1.0
4,3,517,398,92,200,1,1,1.0
4,4,875,836,80,200,1,1,1.0
5,1,1308,480,98,200,1,1,1.0
5,2,962,40,86,200,1,1,1.0
5,3,513,394,102,200,1,1,1.0
5,4,867,833,76,200,1,1,1.0
6,1,1309,491,94,200,1,1,1.0
6,2,976,46,78,200,1,1,1.0
6,3,513,382,104,200,1,1,1.0
6,4,858,833,74,200,1,1,1.0
7,1,1311,503,88,200,1,1,1.0
7,2,983,49,84,200,1,1,1.0
7,3,520,369,94,200,1,1,1.0
7,4,846,836,80,200,1,1,1.0
8,1,1304,512,98,200,1,1,1.0
8,2,990,47,88,200,1,1,1.0
8,3,523,362,92,200,1,1,1.0
8,4,837,827,78,200,1,1,1.0
9,1,1309,521,84,200,1,1,1.0
9,2,1001,52,86,200,1,1,1.0
9,3,522,348,98,200,1,1,1.0
9,4,825,832,82,200,1,1,1.0
10,1,1300,528,98,200,1,1,1.0
10,2,1011,54,86,200,1,1,1.0
10,3,525,345,96,200,1,1,1.0
10,4,815,824,82,200,1,1,1.0
11,1,1302,541,90,200,1,1,1.0
11,2,1022,51,84,200,1,1,1.0
11,3,527,330,98,200,1,1,1.0
11,4,809,821,74,200,1,1,1.0
12,1,1300,545,88,200,1,1,1.0
12,2,1036,55,76,200,1,1,1.0
12,3,531,321,96,200,1,1,1.0
12,4,800,820,74,200,1,1,1.0
13,1,1292,558,98,200,1,1,1.0
13,2,1045,61,76,200,1,1,1.0
13,3,530,310,104,200,1,1,1.0
13,4,785,813,84,200,1,1,1.0
14,1,1295,567,86,200,1,1,1.0
14,2,1049,67,88,200,1,1,1.0
14,3,534,303,102,200,1,1,1.0
14,4,781,811,74,200,1,1,1.0
15,1,1288,579,94,200,1,1,1.0
15,2,1063,65,78,200,1,1,1.0
15,3,542,295,94,200,1,1,1.0
15,4,772,808,74,200,1,1,1.0
16,1,1286,588,90,200,1,1,1.0
16,2,1069,69,84,200,1,1,1.0
16,3,543,285,98,200,1,1,1.0
16,4,761,803,76,200,1,1,1.0
17,1,1285,595,86,200,1,1,1.0
17,2,1079,72,84,200,1,1,1.0
17,3,548,277,96,200,1,1,1.0
17,4,751,803,78,200,1,1,1.0
18,1,1276,609,96,200,1,1,1.0
18,2,1088,77,84,200,1,1,1.0
18,3,550,270,102,200,1,1,1.0
18,4,742,799,78,200,1,1,1.0
19,1,1273,611,92,200,1,1,1.0
19,2,1099,84,80,200,1,1,1.0
19,3,555,257,100,200,1,1,1.0
19,4,730,794,84,200,1,1,1.0
20,1,1273,627,84,200,1,1,1.0
20,2,1107,87,82,200,1,1,1.0
20,3,562,248,96,200,1,1,1.0
20,4,727,791,72,200,1,1,1.0
21,1,1263,635,94,200,1,1,1.0
21,2,1116,94,82,200,1,1,1.0
21,3,564,239,102,200,1,1,1.0
21,4,715,784,80,200,1,1,1.0
22,1,1260,643,90,200,1,1,1.0
22,2,1128,95,74,200,1,1,1.0
22,3,567,227,106,200,1,1,1.0
22,4,704,780,84,200,1,1,1.0
23,1,1256,651,88,200,1,1,1.0
23,2,1131,106,86,200,1,1,1.0
23,3,578,224,94,200,1,1,1.0
23,4,700,770,76,200,1,1,1.0
24,1,1248,661,94,200,1,1,1.0
24,2,1140,105,84,200,1,1,1.0
24,3,584,211,94,200,1,1,1.0
24,4,691,762,76,200,1,1,1.0
25,1,1247,668,84,200,1,1,1.0
25,2,1152,111,78,200,1,1,1.0
25,3,586,203,102,200,1,1,1.0
25,4,679,762,84,200,1,1,1.0
26,1,1240,676,86,200,1,1,1.0
26,2,1154,119,90,200,1,1,1.0
26,3,593,195,100,200,1,1,1.0
26,4,671,752,84,200,1,1,1.0
27,1,1234,681,86,200,1,1,1.0
27,2,1170,128,74,200,1,1,1.0
27,3,604,193,90,200,1,1,1.0
27,4,669,745,74,200,1,1,1.0
28,1,1222,693,98,200,1,1,1.0
28,2,1176,129,76,200,1,1,1.0
28,3,605,186,102,200,1,1,1.0
28,4,655,740,86,200,1,1,1.0
29,1,1216,701,96,200,1,1,1.0
29,2,1181,142,82,200,1,1,1.0
29,3,616,174,92,200,1,1,1.0
29,4,648,735,84,200,1,1,1.0
30,1,1208,703,100,200,1,1,1.0
30,2,1186,146,88,200,1,1,1.0
30,3,622,165,94,200,1,1,1.0
30,4,645,727,76,200,1,1,1.0
31,1,1203,715,96,200,1,1,1.0
31,2,1196,152,82,200,1,1,1.0
31,3,630,160,92,200,1,1,1.0
31,4,635,719,82,200,1,1,1.0
32,1,1195,720,98,200,1,1,1.0
32,2,1200,156,88,200,1,1,1.0
32,3,633,150,100,200,1,1,1.0
32,4,632,711,74,200,1,1,1.0
33,1,1188,725,98,200,1,1,1.0
33,2,1213,169,76,200,1,1,1.0
33,3,641,147,98,200,1,1,1.0
33,4,621,709,82,200,1,1,1.0
34,1,1182,735,96,200,1,1,1.0
34,2,1221,171,74,200,1,1,1.0
34,3,646,137,104,200,1,1,1.0
34,4,614,695,84,200,1,1,1.0
35,1,1178,740,88,200,1,1,1.0
35,2,1226,183,76,200,1,1,1.0
35,3,654,135,104,200,1,1,1.0
35,4,607,690,84,200,1,1,1.0
36,1,1165,749,98,200,1,1,1.0
36,2,1230,188,82,200,1,1,1.0
36,3,664,130,98,200,1,1,1.0
36,4,600,685,86,200,1,1,1.0
37,1,1165,750,84,200,1,1,1.0
37,2,1235,193,84,200,1,1,1.0
37,3,673,122,96,200,1,1,1.0
37,4,595,677,84,200,1,1,1.0
38,1,1155,763,88,200,1,1,1.0
38,2,1243,205,80,200,1,1,1.0
38,3,681,110,96,200,1,1,1.0
38,4,594,669,74,200,1,1,1.0
39,1,1147,763,88,200,1,1,1.0
39,2,1249,217,80,200,1,1,1.0
39,3,688,109,100,200,1,1,1.0
39,4,584,662,82,200,1,1,1.0
40,1,1134,774,96,200,1,1,1.0
40,2,1256,225,78,200,1,1,1.0
40,3,698,102,96,200,1,1,1.0
40,4,582,646,76,200,1,1,1.0
41,1,1131,781,86,200,1,1,1.0
41,2,1259,228,82,200,1,1,1.0
41,3,705,101,100,200,1,1,1.0
41,4,579,640,72,200,1,1,1.0
42,1,1117,782,96,200,1,1,1.0
42,2,1263,236,84,200,1,1,1.0
42,3,713,95,100,200,1,1,1.0
42,4,574,628,72,200,1,1,1.0
43,1,1108,785,98,200,1,1,1.0
43,2,1266,249,88,200,1,1,1.0
43,3,727,91,90,200,1,1,1.0
43,4,567,623,76,200,1,1,1.0
44,1,1101,789,94,200,1,1,1.0
44,2,1275,254,80,200,1,1,1.0
44,3,729,81,104,200,1,1,1.0
44,4,560,617,82,200,1,1,1.0
45,1,1092,793,94,200,1,1,1.0
45,2,1277,264,84,200,1,1,1.0
45,3,743,81,94,200,1,1,1.0
45,4,553,607,86,200,1,1,1.0
46,1,1087,800,86,200,1,1,1.0
46,2,1280,278,88,200,1,1,1.0
46,3,752,77,94,200,1,1,1.0
46,4,555,593,74,200,1,1,1.0
47,1,1074,809,94,200,1,1,1.0
47,2,1285,283,86,200,1,1,1.0
47,3,763,67,92,200,1,1,1.0
47,4,548,583,82,200,1,1,1.0
48,1,1064,808,94,200,1,1,1.0
48,2,1292,296,78,200,1,1,1.0
48,3,766,68,104,200,1,1,1.0
48,4,549,580,72,200,1,1,1.0
49,1,1060,810,84,200,1,1,1.0
49,2,1293,301,84,200,1,1,1.0
49,3,776,66,102,200,1,1,1.0
49,4,539,568,86,200,1,1,1.0
50,1,1044,817,98,200,1,1,1.0
50,2,1298,315,80,200,1,1,1.0
50,3,788,61,98,200,1,1,1.0
50,4,542,561,74,200,1,1,1.0
51,1,1034,816,98,200,1,1,1.0
51,2,1302,325,78,200,1,1,1.0
51,3,793,60,106,200,1,1,1.0
51,4,540,548,72,200,1,1,1.0
52,1,1030,820,88,200,1,1,1.0
52,2,1304,335,80,200,1,1,1.0
52,3,808,53,96,200,1,1,1.0
52,4,530,536,86,200,1,1,1.0
53,1,1014,823,100,200,1,1,1.0
53,2,1307,343,80,200,1,1,1.0
53,3,819,55,94,200,1,1,1.0
53,4,531,529,80,200,1,1,1.0
54,1,1011,828,86,200,1,1,1.0
54,2,1305,347,88,200,1,1,1.0
54,3,827,50,98,200,1,1,1.0
54,4,526,518,86,200,1,1,1.0
55,1,999,827,90,200,1,1,1.0
55,2,1314,361,74,200,1,1,1.0
55,3,834,49,104,200,1,1,1.0
55,4,531,511,72,200,1,1,1.0
56,1,991,836,86,200,1,1,1.0
56,2,1312,371,82,200,1,1,1.0
56,3,850,48,90,200,1,1,1.0
56,4,528,502,74,200,1,1,1.0
57,1,982,835,86,200,1,1,1.0
57,2,1316,382,78,200,1,1,1.0
57,3,853,46,104,200,1,1,1.0
57,4,521,487,86,200,1,1,1.0
58,1,970,836,90,200,1,1,1.0
58,2,1319,388,74,200,1,1,1.0
58,3,869,41,92,200,1,1,1.0
58,4,525,476,76,200,1,1,1.0
59,1,960,838,90,200,1,1,1.0
59,2,1320,400,74,200,1,1,1.0
59,3,878,43,94,200,1,1,1.0
59,4,525,472,74,200,1,1,1.0
60,1,948,836,94,200,1,1,1.0
60,2,1317,411,82,200,1,1,1.0
60,3,882,43,106,200,1,1,1.0
60,4,520,458,82,200,1,1,1.0
61,1,938,839,94,200,1,1,1.0
61,2,1318,420,82,200,1,1,1.0
61,3,894,38,102,200,1,1,1.0
61,4,524,451,74,200,1,1,1.0
62,1,932,837,86,200,1,1,1.0
62,2,1315,428,88,200,1,1,1.0
62,3,903,38,104,200,1,1,1.0
62,4,517,441,86,200,1,1,1.0
63,1,917,836,96,200,1,1,1.0
63,2,1323,440,74,200,1,1,1.0
63,3,917,40,96,200,1,1,1.0
63,4,519,427,84,200,1,1,1.0
64,1,909,840,92,200,1,1,1.0
64,2,1315,452,88,200,1,1,1.0
64,3,927,37,96,200,1,1,1.0
64,4,524,422,74,200,1,1,1.0
65,1,899,842,92,200,1,1,1.0
65,2,1316,456,86,200,1,1,1.0
65,3,936,38,98,200,1,1,1.0
65,4,520,409,84,200,1,1,1.0
66,1,887,842,96,200,1,1,1.0
66,2,1320,472,76,200,1,1,1.0
66,3,944,46,102,200,1,1,1.0
66,4,522,401,82,200,1,1,1.0
67,1,877,838,96,200,1,1,1.0
67,2,1314,480,86,200,1,1,1.0
67,3,955,41,100,200,1,1,1.0
67,4,526,389,76,200,1,1,1.0
68,1,869,836,92,200,1,1,1.0
68,2,1315,488,82,200,1,1,1.0
68,3,966,46,98,200,1,1,1.0
68,4,522,380,86,200,1,1,1.0
69,1,862,838,86,200,1,1,1.0
69,2,1311,496,88,200,1,1,1.0
69,3,979,43,92,200,1,1,1.0
69,4,524,373,86,200,1,1,1.0
70,1,853,836,84,200,1,1,1.0
70,2,1312,508,82,200,1,1,1.0
70,3,982,50,104,200,1,1,1.0
70,4,530,362,78,200,1,1,1.0
71,1,843,831,86,200,1,1,1.0
71,2,1311,516,80,200,1,1,1.0
71,3,996,52,96,200,1,1,1.0
71,4,534,350,74,200,1,1,1.0
72,1,833,828,86,200,1,1,1.0
72,2,1311,531,76,200,1,1,1.0
72,3,1003,54,102,200,1,1,1.0
72,4,532,338,82,200,1,1,1.0
73,1,818,828,96,200,1,1,1.0
73,2,1307,538,80,200,1,1,1.0
73,3,1013,56,102,200,1,1,1.0
73,4,540,333,72,200,1,1,1.0
74,1,807,823,98,200,1,1,1.0
74,2,1299,551,90,200,1,1,1.0
74,3,1025,60,98,200,1,1,1.0
74,4,540,321,78,200,1,1,1.0
75,1,797,820,98,200,1,1,1.0
75,2,1300,556,82,200,1,1,1.0
75,3,1036,56,94,200,1,1,1.0
75,4,539,314,86,200,1,1,1.0
76,1,793,817,88,200,1,1,1.0
76,2,1293,567,90,200,1,1,1.0
76,3,1046,65,94,200,1,1,1.0
76,4,547,302,76,200,1,1,1.0
77,1,781,818,92,200,1,1,1.0
77,2,1292,577,86,200,1,1,1.0
77,3,1051,64,102,200,1,1,1.0
77,4,548,295,82,200,1,1,1.0
78,1,775,817,86,200,1,1,1.0
78,2,1288,588,86,200,1,1,1.0
78,3,1059,71,104,200,1,1,1.0
78,4,556,283,72,200,1,1,1.0
79,1,761,809,96,200,1,1,1.0
79,2,1287,598,82,200,1,1,1.0
79,3,1070,76,102,200,1,1,1.0
79,4,553,278,86,200,1,1,1.0
80,1,756,807,86,200,1,1,1.0
80,2,1282,607,84,200,1,1,1.0
80,3,1085,82,90,200,1,1,1.0
80,4,564,264,74,200,1,1,1.0
81,1,743,802,94,200,1,1,1.0
81,2,1275,615,88,200,1,1,1.0
81,3,1087,81,104,200,1,1,1.0
81,4,568,256,74,200,1,1,1.0
82,1,732,799,98,200,1,1,1.0
82,2,1273,621,84,200,1,1,1.0
82,3,1098,86,100,200,1,1,1.0
82,4,568,246,84,200,1,1,1.0
83,1,723,793,98,200,1,1,1.0
83,2,1267,633,86,200,1,1,1.0
83,3,1110,96,94,200,1,1,1.0
83,4,575,237,80,200,1,1,1.0
84,1,718,785,90,200,1,1,1.0
84,2,1266,640,78,200,1,1,1.0
84,3,1116,98,98,200,1,1,1.0
84,4,581,231,78,200,1,1,1.0
85,1,710,780,90,200,1,1,1.0
85,2,1258,647,84,200,1,1,1.0
85,3,1123,103,102,200,1,1,1.0
85,4,585,224,80,200,1,1,1.0
86,1,697,779,98,200,1,1,1.0
86,2,1256,658,78,200,1,1,1.0
86,3,1130,107,104,200,1,1,1.0
86,4,591,217,80,200,1,1,1.0
87,1,695,772,86,200,1,1,1.0
87,2,1252,668,74,200,1,1,1.0
87,3,1143,117,96,200,1,1,1.0
87,4,596,207,82,200,1,1,1.0
88,1,684,768,90,200,1,1,1.0
88,2,1243,671,80,200,1,1,1.0
88,3,1149,121,100,200,1,1,1.0
88,4,600,198,86,200,1,1,1.0
89,1,671,757,100,200,1,1,1.0
89,2,1239,687,76,200,1,1,1.0
89,3,1158,129,98,200,1,1,1.0
89,4,610,190,78,200,1,1,1.0
90,1,664,754,98,200,1,1,1.0
90,2,1227,691,88,200,1,1,1.0
90,3,1162,132,104,200,1,1,1.0
90,4,616,184,80,200,1,1,1.0
91,1,663,746,86,200,1,1,1.0
91,2,1224,697,80,200,1,1,1.0
91,3,1172,139,100,200,1,1,1.0
91,4,621,174,82,200,1,1,1.0
92,1,655,738,86,200,1,1,1.0
92,2,1220,709,76,200,1,1,1.0
92,3,1184,143,92,200,1,1,1.0
92,4,633,169,72,200,1,1,1.0
93,1,642,735,96,200,1,1,1.0
93,2,1213,715,76,200,1,1,1.0
93,3,1189,156,96,200,1,1,1.0
93,4,637,163,78,200,1,1,1.0
94,1,635,725,96,200,1,1,1.0
94,2,1202,718,84,200,1,1,1.0
94,3,1198,158,92,200,1,1,1.0
94,4,647,149,72,200,1,1,1.0
95,1,632,722,88,200,1,1,1.0
95,2,1196,727,82,200,1,1,1.0
95,3,1202,164,98,200,1,1,1.0
95,4,649,143,82,200,1,1,1.0
96,1,625,712,88,200,1,1,1.0
96,2,1189,737,82,200,1,1,1.0
96,3,1208,172,100,200,1,1,1.0
96,4,661,140,74,200,1,1,1.0
97,1,614,706,96,200,1,1,1.0
97,2,1178,738,88,200,1,1,1.0
97,3,1217,180,94,200,1,1,1.0
97,4,663,129,86,200,1,1,1.0
98,1,606,700,100,200,1,1,1.0
98,2,1176,749,76,200,1,1,1.0
98,3,1223,186,96,200,1,1,1.0
98,4,676,125,74,200,1,1,1.0
99,1,602,692,94,200,1,1,1.0
99,2,1163,757,88,200,1,1,1.0
99,3,1226,199,102,200,1,1,1.0
99,4,684,117,74,200,1,1,1.0
100,1,599,679,88,200,1,1,1.0
100,2,1161,756,76,200,1,1,1.0
100,3,1233,205,100,200,1,1,1.0
100,4,693,115,72,200,1,1,1.0
101,1,590,676,94,200,1,1,1.0
101,2,1150,767,82,200,1,1,1.0
101,3,1243,214,92,200,1,1,1.0
101,4,700,108,76,200,1,1,1.0
102,1,584,666,94,200,1,1,1.0
102,2,1144,773,76,200,1,1,1.0
102,3,1248,223,94,200,1,1,1.0
102,4,709,107,74,200,1,1,1.0
103,1,581,661,88,200,1,1,1.0
103,2,1133,774,82,200,1,1,1.0
103,3,1254,231,92,200,1,1,1.0
103,4,717,101,76,200,1,1,1.0
104,1,577,651,86,200,1,1,1.0
104,2,1124,783,82,200,1,1,1.0
104,3,1257,237,96,200,1,1,1.0
104,4,720,89,86,200,1,1,1.0
105,1,572,641,86,200,1,1,1.0
105,2,1112,785,90,200,1,1,1.0
105,3,1263,250,94,200,1,1,1.0
105,4,731,88,82,200,1,1,1.0
106,1,565,634,90,200,1,1,1.0
106,2,1107,796,82,200,1,1,1.0
106,3,1269,258,92,200,1,1,1.0
106,4,744,80,74,200,1,1,1.0
107,1,561,627,88,200,1,1,1.0
107,2,1095,793,88,200,1,1,1.0
107,3,1271,265,96,200,1,1,1.0
107,4,754,82,72,200,1,1,1.0
108,1,556,613,90,200,1,1,1.0
108,2,1087,804,86,200,1,1,1.0
108,3,1275,273,98,200,1,1,1.0
108,4,761,72,76,200,1,1,1.0
109,1,550,605,92,200,1,1,1.0
109,2,1077,803,88,200,1,1,1.0
109,3,1282,283,92,200,1,1,1.0
109,4,768,68,82,200,1,1,1.0
110,1,542,599,100,200,1,1,1.0
110,2,1068,811,86,200,1,1,1.0
110,3,1284,296,94,200,1,1,1.0
110,4,780,70,76,200,1,1,1.0
111,1,546,587,86,200,1,1,1.0
111,2,1063,816,78,200,1,1,1.0
111,3,1285,306,100,200,1,1,1.0
111,4,788,67,78,200,1,1,1.0
112,1,542,578,86,200,1,1,1.0
112,2,1049,813,88,200,1,1,1.0
112,3,1288,310,100,200,1,1,1.0
112,4,800,58,74,200,1,1,1.0
113,1,536,566,92,200,1,1,1.0
113,2,1045,823,76,200,1,1,1.0
113,3,1296,323,90,200,1,1,1.0
113,4,804,59,84,200,1,1,1.0
114,1,529,555,100,200,1,1,1.0
114,2,1033,819,82,200,1,1,1.0
114,3,1293,328,102,200,1,1,1.0
114,4,817,51,78,200,1,1,1.0
115,1,532,545,88,200,1,1,1.0
115,2,1022,829,84,200,1,1,1.0
115,3,1300,342,94,200,1,1,1.0
115,4,825,54,82,200,1,1,1.0
116,1,529,539,88,200,1,1,1.0
116,2,1011,829,86,200,1,1,1.0
116,3,1302,347,94,200,1,1,1.0
116,4,834,46,84,200,1,1,1.0
117,1,524,526,94,200,1,1,1.0
117,2,1000,830,88,200,1,1,1.0
117,3,1298,361,106,200,1,1,1.0
117,4,848,48,76,200,1,1,1.0
118,1,520,520,98,200,1,1,1.0
118,2,995,832,78,200,1,1,1.0
118,3,1306,372,94,200,1,1,1.0
118,4,852,46,86,200,1,1,1.0
119,1,517,512,100,200,1,1,1.0
119,2,984,832,82,200,1,1,1.0
119,3,1306,380,98,200,1,1,1.0
119,4,869,40,72,200,1,1,1.0
120,1,518,498,94,200,1,1,1.0
120,2,977,837,76,200,1,1,1.0
120,3,1306,392,100,200,1,1,1.0
120,4,877,39,76,200,1,1,1.0
121,1,517,492,94,200,1,1,1.0
121,2,963,836,84,200,1,1,1.0
121,3,1304,401,106,200,1,1,1.0
121,4,887,44,76,200,1,1,1.0
122,1,513,479,100,200,1,1,1.0
122,2,952,840,86,200,1,1,1.0
122,3,1310,414,96,200,1,1,1.0
122,4,896,44,78,200,1,1,1.0
123,1,514,468,96,200,1,1,1.0
123,2,944,841,82,200,1,1,1.0
123,3,1313,422,92,200,1,1,1.0
123,4,906,41,78,200,1,1,1.0
124,1,515,456,92,200,1,1,1.0
124,2,936,839,78,200,1,1,1.0
124,3,1309,427,100,200,1,1,1.0
124,4,913,42,84,200,1,1,1.0
125,1,518,448,86,200,1,1,1.0
125,2,927,839,76,200,1,1,1.0
125,3,1310,440,100,200,1,1,1.0
125,4,928,41,74,200,1,1,1.0
126,1,513,443,94,200,1,1,1.0
126,2,913,839,84,200,1,1,1.0
126,3,1314,452,90,200,1,1,1.0
126,4,937,38,76,200,1,1,1.0
127,1,518,427,86,200,1,1,1.0
127,2,907,837,76,200,1,1,1.0
127,3,1309,462,100,200,1,1,1.0
127,4,949,41,72,200,1,1,1.0
128,1,519,423,84,200,1,1,1.0
128,2,897,842,76,200,1,1,1.0
128,3,1309,470,98,200,1,1,1.0
128,4,957,41,76,200,1,1,1.0
129,1,516,410,92,200,1,1,1.0
129,2,887,841,76,200,1,1,1.0
129,3,1306,478,102,200,1,1,1.0
129,4,967,41,76,200,1,1,1.0
130,1,517,399,92,200,1,1,1.0
130,2,871,833,88,200,1,1,1.0
130,3,1303,493,106,200,1,1,1.0
130,4,975,45,80,200,1,1,1.0
131,1,517,392,94,200,1,1,1.0
131,2,865,832,80,200,1,1,1.0
131,3,1310,500,90,200,1,1,1.0
131,4,985,50,80,200,1,1,1.0
132,1,521,381,88,200,1,1,1.0
132,2,854,835,82,200,1,1,1.0
132,3,1307,509,92,200,1,1,1.0
132,4,992,51,84,200,1,1,1.0
133,1,519,368,96,200,1,1,1.0
133,2,848,829,76,200,1,1,1.0
133,3,1302,519,98,200,1,1,1.0
133,4,1006,49,76,200,1,1,1.0
134,1,523,360,92,200,1,1,1.0
134,2,837,832,78,200,1,1,1.0
134,3,1303,533,92,200,1,1,1.0
134,4,1017,54,74,200,1,1,1.0
135,1,526,350,90,200,1,1,1.0
135,2,823,831,86,200,1,1,1.0
135,3,1299,535,96,200,1,1,1.0
135,4,1025,58,78,200,1,1,1.0
136,1,526,344,94,200,1,1,1.0
136,2,815,824,82,200,1,1,1.0
136,3,1297,550,94,200,1,1,1.0
136,4,1038,53,72,200,1,1,1.0
137,1,528,331,96,200,1,1,1.0
137,2,807,819,78,200,1,1,1.0
137,3,1293,558,96,200,1,1,1.0
137,4,1046,59,74,200,1,1,1.0
138,1,532,320,94,200,1,1,1.0
138,2,793,817,88,200,1,1,1.0
138,3,1287,570,102,200,1,1,1.0
138,4,1055,65,76,200,1,1,1.0
139,1,535,312,94,200,1,1,1.0
139,2,785,814,84,200,1,1,1.0
139,3,1285,577,100,200,1,1,1.0
139,4,1066,68,72,200,1,1,1.0
140,1,541,304,88,200,1,1,1.0
140,2,774,809,88,200,1,1,1.0
140,3,1283,585,96,200,1,1,1.0
140,4,1074,73,74,200,1,1,1.0
141,1,543,296,92,200,1,1,1.0
141,2,765,810,88,200,1,1,1.0
141,3,1283,594,90,200,1,1,1.0
141,4,1078,72,86,200,1,1,1.0
142,1,544,283,96,200,1,1,1.0
142,2,761,808,76,200,1,1,1.0
142,3,1279,605,90,200,1,1,1.0
142,4,1094,81,72,200,1,1,1.0
143,1,550,275,92,200,1,1,1.0
143,2,747,801,86,200,1,1,1.0
143,3,1268,613,102,200,1,1,1.0
143,4,1102,79,74,200,1,1,1.0
144,1,553,267,96,200,1,1,1.0
144,2,739,795,84,200,1,1,1.0
144,3,1268,626,94,200,1,1,1.0
144,4,1106,89,84,200,1,1,1.0
145,1,563,259,84,200,1,1,1.0
145,2,733,791,78,200,1,1,1.0
145,3,1261,632,98,200,1,1,1.0
145,4,1121,92,72,200,1,1,1.0
146,1,568,251,84,200,1,1,1.0
146,2,721,784,84,200,1,1,1.0
146,3,1256,638,98,200,1,1,1.0
146,4,1127,101,76,200,1,1,1.0
147,1,572,240,86,200,1,1,1.0
147,2,713,784,84,200,1,1,1.0
147,3,1253,651,94,200,1,1,1.0
147,4,1134,100,80,200,1,1,1.0
148,1,571,231,98,200,1,1,1.0
148,2,705,774,82,200,1,1,1.0
148,3,1248,656,94,200,1,1,1.0
148,4,1142,106,80,200,1,1,1.0
149,1,582,221,86,200,1,1,1.0
149,2,695,775,86,200,1,1,1.0
149,3,1244,667,90,200,1,1,1.0
149,4,1154,113,74,200,1,1,1.0
150,1,586,214,90,200,1,1,1.0
150,2,688,763,82,200,1,1,1.0
150,3,1232,675,102,200,1,1,1.0
150,4,1156,118,86,200,1,1,1.0
151,1,590,204,94,200,1,1,1.0
151,2,683,759,76,200,1,1,1.0
151,3,1227,679,100,200,1,1,1.0
151,4,1166,129,82,200,1,1,1.0
152,1,596,196,94,200,1,1,1.0
152,2,669,758,88,200,1,1,1.0
152,3,1225,692,92,200,1,1,1.0
152,4,1175,128,78,200,1,1,1.0
153,1,604,192,90,200,1,1,1.0
153,2,663,751,86,200,1,1,1.0
153,3,1212,697,104,200,1,1,1.0
153,4,1179,135,86,200,1,1,1.0
154,1,612,181,88,200,1,1,1.0
154,2,656,742,84,200,1,1,1.0
154,3,1210,710,96,200,1,1,1.0
154,4,1192,142,76,200,1,1,1.0
155,1,618,173,88,200,1,1,1.0
155,2,651,736,78,200,1,1,1.0
155,3,1205,710,92,200,1,1,1.0
155,4,1199,156,76,200,1,1,1.0
156,1,627,167,84,200,1,1,1.0
156,2,645,730,76,200,1,1,1.0
156,3,1196,721,96,200,1,1,1.0
156,4,1208,162,72,200,1,1,1.0
157,1,632,159,88,200,1,1,1.0
157,2,636,724,80,200,1,1,1.0
157,3,1188,728,98,200,1,1,1.0
157,4,1215,165,72,200,1,1,1.0
158,1,640,156,86,200,1,1,1.0
158,2,632,714,74,200,1,1,1.0
158,3,1178,736,104,200,1,1,1.0
158,4,1217,176,82,200,1,1,1.0
159,1,644,146,92,200,1,1,1.0
159,2,620,706,84,200,1,1,1.0
159,3,1174,741,96,200,1,1,1.0
159,4,1222,180,84,200,1,1,1.0
160,1,653,141,90,200,1,1,1.0
160,2,611,699,90,200,1,1,1.0
160,3,1163,748,102,200,1,1,1.0
160,4,1229,190,84,200,1,1,1.0
161,1,661,128,90,200,1,1,1.0
161,2,605,692,88,200,1,1,1.0
161,3,1159,751,96,200,1,1,1.0
161,4,1238,197,78,200,1,1,1.0
162,1,664,127,98,200,1,1,1.0
162,2,600,681,86,200,1,1,1.0
162,3,1150,760,98,200,1,1,1.0
162,4,1245,207,76,200,1,1,1.0
163,1,675,124,92,200,1,1,1.0
163,2,594,675,86,200,1,1,1.0
163,3,1143,765,96,200,1,1,1.0
163,4,1246,215,86,200,1,1,1.0
164,1,683,114,92,200,1,1,1.0
164,2,587,664,88,200,1,1,1.0
164,3,1130,771,104,200,1,1,1.0
164,4,1253,219,84,200,1,1,1.0
165,1,696,108,84,200,1,1,1.0
165,2,588,662,74,200,1,1,1.0
165,3,1127,781,94,200,1,1,1.0
165,4,1257,229,86,200,1,1,1.0
166,1,702,103,88,200,1,1,1.0
166,2,580,650,80,200,1,1,1.0
166,3,1115,785,100,200,1,1,1.0
166,4,1269,242,72,200,1,1,1.0
167,1,709,95,92,200,1,1,1.0
167,2,576,641,78,200,1,1,1.0
167,3,1111,791,92,200,1,1,1.0
167,4,1267,251,86,200,1,1,1.0
168,1,715,95,96,200,1,1,1.0
168,2,566,633,88,200,1,1,1.0
168,3,1103,791,90,200,1,1,1.0
168,4,1273,254,84,200,1,1,1.0
169,1,724,90,96,200,1,1,1.0
169,2,566,623,78,200,1,1,1.0
169,3,1091,801,96,200,1,1,1.0
169,4,1281,265,76,200,1,1,1.0
170,1,732,85,98,200,1,1,1.0
170,2,561,613,80,200,1,1,1.0
170,3,1084,800,92,200,1,1,1.0
170,4,1288,277,72,200,1,1,1.0
171,1,747,76,86,200,1,1,1.0
171,2,558,609,76,200,1,1,1.0
171,3,1073,803,96,200,1,1,1.0
171,4,1290,285,76,200,1,1,1.0
172,1,754,78,90,200,1,1,1.0
172,2,549,594,86,200,1,1,1.0
172,3,1066,808,90,200,1,1,1.0
172,4,1290,294,82,200,1,1,1.0
173,1,764,73,90,200,1,1,1.0
173,2,550,587,78,200,1,1,1.0
173,3,1056,817,92,200,1,1,1.0
173,4,1292,300,86,200,1,1,1.0
174,1,775,69,86,200,1,1,1.0
174,2,543,574,84,200,1,1,1.0
174,3,1041,813,104,200,1,1,1.0
174,4,1299,309,78,200,1,1,1.0
175,1,782,59,90,200,1,1,1.0
175,2,538,567,88,200,1,1,1.0
175,3,1035,817,96,200,1,1,1.0
175,4,1305,320,72,200,1,1,1.0
176,1,788,56,98,200,1,1,1.0
176,2,535,560,88,200,1,1,1.0
176,3,1029,826,90,200,1,1,1.0
176,4,1301,330,86,200,1,1,1.0
177,1,802,54,88,200,1,1,1.0
177,2,538,547,76,200,1,1,1.0
177,3,1011,822,106,200,1,1,1.0
177,4,1306,342,82,200,1,1,1.0
178,1,812,57,88,200,1,1,1.0
178,2,529,540,88,200,1,1,1.0
178,3,1004,830,100,200,1,1,1.0
178,4,1308,349,82,200,1,1,1.0
179,1,823,53,86,200,1,1,1.0
179,2,532,531,78,200,1,1,1.0
179,3,991,829,106,200,1,1,1.0
179,4,1313,360,76,200,1,1,1.0
180,1,828,47,96,200,1,1,1.0
180,2,531,520,76,200,1,1,1.0
180,3,987,829,94,200,1,1,1.0
180,4,1312,367,82,200,1,1,1.0
181,1,843,46,86,200,1,1,1.0
181,2,527,513,80,200,1,1,1.0
181,3,974,835,102,200,1,1,1.0
181,4,1315,378,80,200,1,1,1.0
182,1,851,46,88,200,1,1,1.0
182,2,526,499,78,200,1,1,1.0
182,3,970,839,90,200,1,1,1.0
182,4,1320,390,72,200,1,1,1.0
183,1,859,48,92,200,1,1,1.0
183,2,525,490,78,200,1,1,1.0
183,3,958,836,94,200,1,1,1.0
183,4,1319,403,76,200,1,1,1.0
184,1,868,43,94,200,1,1,1.0
184,2,520,479,86,200,1,1,1.0
184,3,948,837,94,200,1,1,1.0
184,4,1317,406,82,200,1,1,1.0
185,1,877,41,96,200,1,1,1.0
185,2,524,472,76,200,1,1,1.0
185,3,936,836,98,200,1,1,1.0
185,4,1319,421,80,200,1,1,1.0
186,1,889,43,92,200,1,1,1.0
186,2,519,462,84,200,1,1,1.0
186,3,923,841,104,200,1,1,1.0
186,4,1323,427,72,200,1,1,1.0
187,1,897,41,96,200,1,1,1.0
187,2,517,450,88,200,1,1,1.0
187,3,918,837,94,200,1,1,1.0
187,4,1323,441,74,200,1,1,1.0
188,1,911,39,88,200,1,1,1.0
188,2,521,438,78,200,1,1,1.0
188,3,905,841,100,200,1,1,1.0
188,4,1322,452,74,200,1,1,1.0
189,1,923,40,84,200,1,1,1.0
189,2,524,431,74,200,1,1,1.0
189,3,898,840,94,200,1,1,1.0
189,4,1316,457,86,200,1,1,1.0
190,1,930,40,90,200,1,1,1.0
190,2,520,421,82,200,1,1,1.0
190,3,889,842,92,200,1,1,1.0
190,4,1318,474,80,200,1,1,1.0
191,1,936,39,98,200,1,1,1.0
191,2,524,410,76,200,1,1,1.0
191,3,879,841,92,200,1,1,1.0
191,4,1316,480,82,200,1,1,1.0
192,1,947,42,96,200,1,1,1.0
192,2,524,404,78,200,1,1,1.0
192,3,863,835,104,200,1,1,1.0
192,4,1314,489,84,200,1,1,1.0
193,1,962,41,86,200,1,1,1.0
193,2,523,387,82,200,1,1,1.0
193,3,853,835,104,200,1,1,1.0
193,4,1319,501,72,200,1,1,1.0
194,1,965,47,100,200,1,1,1.0
194,2,526,383,78,200,1,1,1.0
194,3,844,834,102,200,1,1,1.0
194,4,1311,512,84,200,1,1,1.0
195,1,978,48,94,200,1,1,1.0
195,2,523,372,88,200,1,1,1.0
195,3,834,833,104,200,1,1,1.0
195,4,1313,520,76,200,1,1,1.0
196,1,985,51,98,200,1,1,1.0
196,2,526,363,86,200,1,1,1.0
196,3,827,828,98,200,1,1,1.0
196,4,1313,532,72,200,1,1,1.0
197,1,996,51,96,200,1,1,1.0
197,2,530,349,82,200,1,1,1.0
197,3,816,829,100,200,1,1,1.0
197,4,1307,540,80,200,1,1,1.0
198,1,1005,55,98,200,1,1,1.0
198,2,532,337,82,200,1,1,1.0
198,3,804,829,104,200,1,1,1.0
198,4,1308,548,72,200,1,1,1.0
199,1,1018,51,92,200,1,1,1.0
199,2,535,334,82,200,1,1,1.0
199,3,798,825,96,200,1,1,1.0
199,4,1305,558,72,200,1,1,1.0
200,1,1027,61,94,200,1,1,1.0
200,2,535,326,88,200,1,1,1.0
200,3,785,818,104,200,1,1,1.0
200,4,1299,567,78,200,1,1,1.0
201,1,1037,58,92,200,1,1,1.0
201,2,537,313,90,200,1,1,1.0
201,3,779,819,96,200,1,1,1.0
201,4,1295,579,80,200,1,1,1.0
202,1,1049,61,88,200,1,1,1.0
202,2,542,302,86,200,1,1,1.0
202,3,771,811,94,200,1,1,1.0
202,4,1291,587,80,200,1,1,1.0
203,1,1052,69,100,200,1,1,1.0
203,2,547,291,84,200,1,1,1.0
203,3,761,809,96,200,1,1,1.0
203,4,1285,600,86,200,1,1,1.0
204,1,1067,74,88,200,1,1,1.0
204,2,549,284,86,200,1,1,1.0
204,3,752,808,94,200,1,1,1.0
204,4,1283,605,82,200,1,1,1.0
205,1,1072,71,98,200,1,1,1.0
205,2,558,273,76,200,1,1,1.0
205,3,744,803,92,200,1,1,1.0
205,4,1281,617,76,200,1,1,1.0
206,1,1087,80,86,200,1,1,1.0
206,2,557,269,88,200,1,1,1.0
206,3,730,796,102,200,1,1,1.0
206,4,1274,626,82,200,1,1,1.0
207,1,1096,81,86,200,1,1,1.0
207,2,561,258,88,200,1,1,1.0
207,3,723,794,98,200,1,1,1.0
207,4,1272,629,76,200,1,1,1.0
208,1,1099,86,98,200,1,1,1.0
208,2,571,247,78,200,1,1,1.0
208,3,718,786,90,200,1,1,1.0
208,4,1267,642,76,200,1,1,1.0
209,1,1112,91,90,200,1,1,1.0
209,2,577,236,76,200,1,1,1.0
209,3,703,780,104,200,1,1,1.0
209,4,1258,652,84,200,1,1,1.0
210,1,1115,95,100,200,1,1,1.0
210,2,581,234,78,200,1,1,1.0
210,3,697,776,98,200,1,1,1.0
210,4,1252,658,86,200,1,1,1.0
211,1,1129,101,90,200,1,1,1.0
211,2,585,221,80,200,1,1,1.0
211,3,686,769,104,200,1,1,1.0
211,4,1253,663,72,200,1,1,1.0
212,1,1137,110,90,200,1,1,1.0
212,2,589,213,84,200,1,1,1.0
212,3,681,763,96,200,1,1,1.0
212,4,1240,671,86,200,1,1,1.0
213,1,1143,117,96,200,1,1,1.0
213,2,597,206,80,200,1,1,1.0
213,3,674,761,94,200,1,1,1.0
213,4,1241,686,72,200,1,1,1.0
214,1,1152,121,94,200,1,1,1.0
214,2,602,200,82,200,1,1,1.0
214,3,664,752,98,200,1,1,1.0
214,4,1233,689,76,200,1,1,1.0
215,1,1158,123,98,200,1,1,1.0
215,2,612,189,74,200,1,1,1.0
215,3,658,747,96,200,1,1,1.0
215,4,1227,697,74,200,1,1,1.0
216,1,1165,130,98,200,1,1,1.0
216,2,611,180,90,200,1,1,1.0
216,3,647,742,102,200,1,1,1.0
216,4,1215,708,86,200,1,1,1.0
217,1,1176,141,92,200,1,1,1.0
217,2,617,173,90,200,1,1,1.0
217,3,640,737,100,200,1,1,1.0
217,4,1210,712,82,200,1,1,1.0
218,1,1182,147,96,200,1,1,1.0
218,2,627,168,84,200,1,1,1.0
218,3,630,731,106,200,1,1,1.0
218,4,1204,719,80,200,1,1,1.0
219,1,1193,155,88,200,1,1,1.0
219,2,635,159,82,200,1,1,1.0
219,3,624,724,104,200,1,1,1.0
219,4,1197,725,80,200,1,1,1.0
220,1,1200,162,88,200,1,1,1.0
220,2,644,154,78,200,1,1,1.0
220,3,618,717,102,200,1,1,1.0
220,4,1191,731,78,200,1,1,1.0
221,1,1202,166,98,200,1,1,1.0
221,2,646,146,88,200,1,1,1.0
221,3,610,703,104,200,1,1,1.0
221,4,1179,739,86,200,1,1,1.0
222,1,1211,176,94,200,1,1,1.0
222,2,654,142,88,200,1,1,1.0
222,3,607,702,98,200,1,1,1.0
222,4,1171,745,86,200,1,1,1.0
223,1,1220,182,88,200,1,1,1.0
223,2,669,134,74,200,1,1,1.0
223,3,597,694,104,200,1,1,1.0
223,4,1165,751,84,200,1,1,1.0
224,1,1223,190,96,200,1,1,1.0
224,2,670,129,86,200,1,1,1.0
224,3,594,680,98,200,1,1,1.0
224,4,1160,760,78,200,1,1,1.0
225,1,1229,196,96,200,1,1,1.0
225,2,682,119,78,200,1,1,1.0
225,3,587,677,100,200,1,1,1.0
225,4,1151,768,80,200,1,1,1.0
226,1,1239,202,88,200,1,1,1.0
226,2,685,115,88,200,1,1,1.0
226,3,582,666,98,200,1,1,1.0
226,4,1146,769,72,200,1,1,1.0
227,1,1244,217,90,200,1,1,1.0
227,2,699,109,78,200,1,1,1.0
227,3,578,661,94,200,1,1,1.0
227,4,1131,779,86,200,1,1,1.0
228,1,1250,221,90,200,1,1,1.0
228,2,703,103,86,200,1,1,1.0
228,3,573,651,94,200,1,1,1.0
228,4,1128,781,74,200,1,1,1.0
229,1,1250,231,100,200,1,1,1.0
229,2,718,99,74,200,1,1,1.0
229,3,568,644,94,200,1,1,1.0
229,4,1116,787,82,200,1,1,1.0
230,1,1259,241,92,200,1,1,1.0
230,2,726,89,74,200,1,1,1.0
230,3,559,629,102,200,1,1,1.0
230,4,1111,794,74,200,1,1,1.0
231,1,1261,247,98,200,1,1,1.0
231,2,731,85,82,200,1,1,1.0
231,3,552,621,106,200,1,1,1.0
231,4,1101,801,76,200,1,1,1.0
232,1,1266,257,98,200,1,1,1.0
232,2,740,80,82,200,1,1,1.0
232,3,550,616,102,200,1,1,1.0
232,4,1092,799,76,200,1,1,1.0
233,1,1275,264,88,200,1,1,1.0
233,2,750,79,80,200,1,1,1.0
233,3,545,602,102,200,1,1,1.0
233,4,1078,803,86,200,1,1,1.0
234,1,1281,274,86,200,1,1,1.0
234,2,758,76,82,200,1,1,1.0
234,3,544,599,96,200,1,1,1.0
234,4,1074,806,74,200,1,1,1.0
235,1,1285,282,86,200,1,1,1.0
235,2,769,69,80,200,1,1,1.0
235,3,538,587,102,200,1,1,1.0
235,4,1063,812,78,200,1,1,1.0
236,1,1284,291,94,200,1,1,1.0
236,2,775,69,86,200,1,1,1.0
236,3,536,575,98,200,1,1,1.0
236,4,1054,815,78,200,1,1,1.0
237,1,1289,306,92,200,1,1,1.0
237,2,786,62,82,200,1,1,1.0
237,3,536,570,92,200,1,1,1.0
237,4,1043,823,80,200,1,1,1.0
238,1,1292,314,92,200,1,1,1.0
238,2,797,62,80,200,1,1,1.0
238,3,531,556,96,200,1,1,1.0
238,4,1035,821,78,200,1,1,1.0
239,1,1296,324,90,200,1,1,1.0
239,2,804,58,84,200,1,1,1.0
239,3,528,552,96,200,1,1,1.0
239,4,1026,825,76,200,1,1,1.0
240,1,1301,335,86,200,1,1,1.0
240,2,817,56,78,200,1,1,1.0
240,3,523,537,100,200,1,1,1.0
240,4,1015,828,78,200,1,1,1.0
241,1,1298,343,98,200,1,1,1.0
241,2,823,53,86,200,1,1,1.0
241,3,523,526,96,200,1,1,1.0
241,4,1004,828,80,200,1,1,1.0
242,1,1306,352,86,200,1,1,1.0
242,2,838,46,76,200,1,1,1.0
242,3,521,523,96,200,1,1,1.0
242,4,992,836,84,200,1,1,1.0
243,1,1303,360,96,200,1,1,1.0
243,2,844,50,84,200,1,1,1.0
243,3,515,507,104,200,1,1,1.0
243,4,987,838,76,200,1,1,1.0
244,1,1310,373,86,200,1,1,1.0
244,2,851,45,88,200,1,1,1.0
244,3,519,501,92,200,1,1,1.0
244,4,977,839,76,200,1,1,1.0
245,1,1308,383,94,200,1,1,1.0
245,2,864,41,82,200,1,1,1.0
245,3,515,486,98,200,1,1,1.0
245,4,962,837,86,200,1,1,1.0
246,1,1306,391,100,200,1,1,1.0
246,2,875,44,80,200,1,1,1.0
246,3,517,476,92,200,1,1,1.0
246,4,956,839,78,200,1,1,1.0
247,1,1308,400,98,200,1,1,1.0
247,2,882,45,86,200,1,1,1.0
247,3,511,473,102,200,1,1,1.0
247,4,944,839,82,200,1,1,1.0
248,1,1313,407,90,200,1,1,1.0
248,2,897,45,76,200,1,1,1.0
248,3,510,456,102,200,1,1,1.0
248,4,939,836,72,200,1,1,1.0
249,1,1311,420,96,200,1,1,1.0
249,2,902,41,86,200,1,1,1.0
249,3,512,452,98,200,1,1,1.0
249,4,924,837,82,200,1,1,1.0
250,1,1312,434,94,200,1,1,1.0
250,2,915,37,80,200,1,1,1.0
250,3,511,440,98,200,1,1,1.0
250,4,919,838,72,200,1,1,1.0
