1,1,1314,442,92,200,1,1,1.0
1,2,924,37,82,200,1,1,1.0
1,3,512,433,98,200,1,1,1.0
1,4,905,839,80,200,1,1,1.0
2,1,1313,452,92,200,1,1,1.0
2,2,934,37,82,200,1,1,1.0
2,3,512,423,98,200,1,1,1.0
2,4,895,838,80,200,1,1,1.0
3,1,1313,458,92,200,1,1,1.0
3,2,944,41,82,200,1,1,1.0
3,3,513,412,98,200,1,1,1.0
3,4,885,836,80,200,1,1,1.0
4,1,1312,467,92,200,1,1,1.0
4,2,954,42,82,200,1,1,1.0
4,3,514,402,98,200,1,1,1.0
4,4,875,837,80,200,1,1,1.0
5,1,1311,482,92,200,1,1,1.0
5,2,964,42,82,200,1,1,1.0
5,3,515,387,98,200,1,1,1.0
5,4,865,836,80,200,1,1,1.0
6,1,1310,491,92,200,1,1,1.0
6,2,974,47,82,200,1,1,1.0
6,3,516,381,98,200,1,1,1.0
6,4,855,838,80,200,1,1,1.0
7,1,1309,503,92,200,1,1,1.0
7,2,984,45,82,200,1,1,1.0
7,3,518,372,98,200,1,1,1.0
7,4,846,830,80,200,1,1,1.0
8,1,1307,510,92,200,1,1,1.0
8,2,993,46,82,200,1,1,1.0
8,3,520,358,98,200,1,1,1.0
8,4,836,827,80,200,1,1,1.0
9,1,1305,521,92,200,1,1,1.0
9,2,1003,51,82,200,1,1,1.0
9,3,522,354,98,200,1,1,1.0
9,4,826,831,80,200,1,1,1.0
10,1,1303,525,92,200,1,1,1.0
10,2,1013,56,82,200,1,1,1.0
10,3,524,342,98,200,1,1,1.0
10,4,816,823,80,200,1,1,1.0
11,1,1301,537,92,200,1,1,1.0
11,2,1023,58,82,200,1,1,1.0
11,3,527,333,98,200,1,1,1.0
11,4,806,826,80,200,1,1,1.0
12,1,1298,552,92,200,1,1,1.0
12,2,1033,60,82,200,1,1,1.0
12,3,530,320,98,200,1,1,1.0
12,4,797,823,80,200,1,1,1.0
13,1,1295,557,92,200,1,1,1.0
13,2,1042,58,82,200,1,1,1.0
13,3,533,314,98,200,1,1,1.0
13,4,787,813,80,200,1,1,1.0
14,1,1292,568,92,200,1,1,1.0
14,2,1052,66,82,200,1,1,1.0
14,3,536,301,98,200,1,1,1.0
14,4,778,817,80,200,1,1,1.0
15,1,1289,579,92,200,1,1,1.0
15,2,1061,65,82,200,1,1,1.0
15,3,540,291,98,200,1,1,1.0
15,4,769,812,80,200,1,1,1.0
16,1,1285,588,92,200,1,1,1.0
16,2,1070,72,82,200,1,1,1.0
16,3,543,286,98,200,1,1,1.0
16,4,759,808,80,200,1,1,1.0
17,1,1282,595,92,200,1,1,1.0
17,2,1080,73,82,200,1,1,1.0
17,3,547,277,98,200,1,1,1.0
17,4,750,800,80,200,1,1,1.0
18,1,1278,606,92,200,1,1,1.0
18,2,1089,82,82,200,1,1,1.0
18,3,552,267,98,200,1,1,1.0
18,4,741,793,80,200,1,1,1.0
19,1,1273,613,92,200,1,1,1.0
19,2,1098,81,82,200,1,1,1.0
19,3,556,254,98,200,1,1,1.0
19,4,732,790,80,200,1,1,1.0
20,1,1269,623,92,200,1,1,1.0
20,2,1107,88,82,200,1,1,1.0
20,3,561,246,98,200,1,1,1.0
20,4,723,786,80,200,1,1,1.0
21,1,1264,636,92,200,1,1,1.0
21,2,1116,91,82,200,1,1,1.0
21,3,566,241,98,200,1,1,1.0
21,4,715,784,80,200,1,1,1.0
22,1,1259,641,92,200,1,1,1.0
22,2,1124,96,82,200,1,1,1.0
22,3,571,229,98,200,1,1,1.0
22,4,706,777,80,200,1,1,1.0
23,1,1254,653,92,200,1,1,1.0
23,2,1133,104,82,200,1,1,1.0
23,3,576,222,98,200,1,1,1.0
23,4,698,775,80,200,1,1,1.0
24,1,1249,660,92,200,1,1,1.0
24,2,1141,106,82,200,1,1,1.0
24,3,582,213,98,200,1,1,1.0
24,4,689,765,80,200,1,1,1.0
25,1,1243,670,92,200,1,1,1.0
25,2,1150,111,82,200,1,1,1.0
25,3,588,202,98,200,1,1,1.0
25,4,681,761,80,200,1,1,1.0
26,1,1237,676,92,200,1,1,1.0
26,2,1158,116,82,200,1,1,1.0
26,3,594,198,98,200,1,1,1.0
26,4,673,756,80,200,1,1,1.0
27,1,1231,680,92,200,1,1,1.0
27,2,1166,124,82,200,1,1,1.0
27,3,600,192,98,200,1,1,1.0
27,4,666,748,80,200,1,1,1.0
28,1,1225,692,92,200,1,1,1.0
28,2,1173,132,82,200,1,1,1.0
28,3,607,180,98,200,1,1,1.0
28,4,658,742,80,200,1,1,1.0
29,1,1218,697,92,200,1,1,1.0
29,2,1181,136,82,200,1,1,1.0
29,3,613,176,98,200,1,1,1.0
29,4,650,731,80,200,1,1,1.0
30,1,1212,703,92,200,1,1,1.0
30,2,1189,146,82,200,1,1,1.0
30,3,620,169,98,200,1,1,1.0
30,4,643,731,80,200,1,1,1.0
31,1,1205,711,92,200,1,1,1.0
31,2,1196,153,82,200,1,1,1.0
31,3,627,160,98,200,1,1,1.0
31,4,636,722,80,200,1,1,1.0
32,1,1198,718,92,200,1,1,1.0
32,2,1203,157,82,200,1,1,1.0
32,3,634,155,98,200,1,1,1.0
32,4,629,717,80,200,1,1,1.0
33,1,1191,727,92,200,1,1,1.0
33,2,1210,168,82,200,1,1,1.0
33,3,641,148,98,200,1,1,1.0
33,4,622,707,80,200,1,1,1.0
34,1,1184,731,92,200,1,1,1.0
34,2,1217,175,82,200,1,1,1.0
34,3,649,137,98,200,1,1,1.0
34,4,616,701,80,200,1,1,1.0
35,1,1176,744,92,200,1,1,1.0
35,2,1223,184,82,200,1,1,1.0
35,3,657,131,98,200,1,1,1.0
35,4,609,692,80,200,1,1,1.0
36,1,1168,750,92,200,1,1,1.0
36,2,1230,188,82,200,1,1,1.0
36,3,664,125,98,200,1,1,1.0
36,4,603,684,80,200,1,1,1.0
37,1,1161,755,92,200,1,1,1.0
37,2,1236,196,82,200,1,1,1.0
37,3,672,119,98,200,1,1,1.0
37,4,597,674,80,200,1,1,1.0
38,1,1153,762,92,200,1,1,1.0
38,2,1242,203,82,200,1,1,1.0
38,3,680,114,98,200,1,1,1.0
38,4,591,669,80,200,1,1,1.0
39,1,1145,764,92,200,1,1,1.0
39,2,1248,212,82,200,1,1,1.0
39,3,689,109,98,200,1,1,1.0
39,4,585,660,80,200,1,1,1.0
40,1,1136,771,92,200,1,1,1.0
40,2,1254,222,82,200,1,1,1.0
40,3,697,103,98,200,1,1,1.0
40,4,580,651,80,200,1,1,1.0
41,1,1128,776,92,200,1,1,1.0
41,2,1259,228,82,200,1,1,1.0
41,3,706,100,98,200,1,1,1.0
41,4,575,640,80,200,1,1,1.0
42,1,1119,780,92,200,1,1,1.0
42,2,1264,236,82,200,1,1,1.0
42,3,714,91,98,200,1,1,1.0
42,4,570,634,80,200,1,1,1.0
43,1,1111,784,92,200,1,1,1.0
43,2,1269,251,82,200,1,1,1.0
43,3,723,88,98,200,1,1,1.0
43,4,565,623,80,200,1,1,1.0
44,1,1102,789,92,200,1,1,1.0
44,2,1274,260,82,200,1,1,1.0
44,3,732,86,98,200,1,1,1.0
44,4,561,615,80,200,1,1,1.0
45,1,1093,797,92,200,1,1,1.0
45,2,1278,266,82,200,1,1,1.0
45,3,741,78,98,200,1,1,1.0
45,4,556,609,80,200,1,1,1.0
46,1,1084,803,92,200,1,1,1.0
46,2,1283,277,82,200,1,1,1.0
46,3,750,71,98,200,1,1,1.0
46,4,552,596,80,200,1,1,1.0
47,1,1075,804,92,200,1,1,1.0
47,2,1287,285,82,200,1,1,1.0
47,3,760,69,98,200,1,1,1.0
47,4,549,585,80,200,1,1,1.0
48,1,1065,809,92,200,1,1,1.0
48,2,1290,294,82,200,1,1,1.0
48,3,769,65,98,200,1,1,1.0
48,4,545,576,80,200,1,1,1.0
49,1,1056,811,92,200,1,1,1.0
49,2,1294,304,82,200,1,1,1.0
49,3,778,61,98,200,1,1,1.0
49,4,542,568,80,200,1,1,1.0
50,1,1047,814,92,200,1,1,1.0
50,2,1297,309,82,200,1,1,1.0
50,3,788,64,98,200,1,1,1.0
50,4,539,557,80,200,1,1,1.0
51,1,1037,819,92,200,1,1,1.0
51,2,1300,323,82,200,1,1,1.0
51,3,797,59,98,200,1,1,1.0
51,4,536,549,80,200,1,1,1.0
52,1,1028,826,92,200,1,1,1.0
52,2,1303,327,82,200,1,1,1.0
52,3,807,54,98,200,1,1,1.0
52,4,533,540,80,200,1,1,1.0
53,1,1018,822,92,200,1,1,1.0
53,2,1306,342,82,200,1,1,1.0
53,3,817,56,98,200,1,1,1.0
53,4,531,529,80,200,1,1,1.0
54,1,1008,830,92,200,1,1,1.0
54,2,1308,352,82,200,1,1,1.0
54,3,827,48,98,200,1,1,1.0
54,4,529,519,80,200,1,1,1.0
55,1,998,834,92,200,1,1,1.0
55,2,1310,362,82,200,1,1,1.0
55,3,837,51,98,200,1,1,1.0
55,4,527,506,80,200,1,1,1.0
56,1,988,833,92,200,1,1,1.0
56,2,1312,373,82,200,1,1,1.0
56,3,846,47,98,200,1,1,1.0
56,4,525,503,80,200,1,1,1.0
57,1,979,831,92,200,1,1,1.0
57,2,1314,379,82,200,1,1,1.0
57,3,856,42,98,200,1,1,1.0
57,4,524,487,80,200,1,1,1.0
58,1,969,838,92,200,1,1,1.0
58,2,1315,394,82,200,1,1,1.0
58,3,866,43,98,200,1,1,1.0
58,4,523,482,80,200,1,1,1.0
59,1,959,841,92,200,1,1,1.0
59,2,1316,399,82,200,1,1,1.0
59,3,876,38,98,200,1,1,1.0
59,4,522,473,80,200,1,1,1.0
60,1,949,839,92,200,1,1,1.0
60,2,1317,409,82,200,1,1,1.0
60,3,886,41,98,200,1,1,1.0
60,4,521,463,80,200,1,1,1.0
61,1,939,836,92,200,1,1,1.0
61,2,1318,423,82,200,1,1,1.0
61,3,896,39,98,200,1,1,1.0
61,4,521,449,80,200,1,1,1.0
62,1,929,842,92,200,1,1,1.0
62,2,1318,428,82,200,1,1,1.0
62,3,906,39,98,200,1,1,1.0
62,4,520,442,80,200,1,1,1.0
63,1,919,837,92,200,1,1,1.0
63,2,1319,439,82,200,1,1,1.0
63,3,916,41,98,200,1,1,1.0
63,4,521,430,80,200,1,1,1.0
64,1,909,840,92,200,1,1,1.0
64,2,1318,446,82,200,1,1,1.0
64,3,926,40,98,200,1,1,1.0
64,4,521,418,80,200,1,1,1.0
65,1,899,841,92,200,1,1,1.0
65,2,1318,462,82,200,1,1,1.0
65,3,936,42,98,200,1,1,1.0
65,4,522,407,80,200,1,1,1.0
66,1,889,840,92,200,1,1,1.0
66,2,1317,472,82,200,1,1,1.0
66,3,946,45,98,200,1,1,1.0
66,4,523,400,80,200,1,1,1.0
67,1,879,837,92,200,1,1,1.0
67,2,1316,480,82,200,1,1,1.0
67,3,956,44,98,200,1,1,1.0
67,4,524,390,80,200,1,1,1.0
68,1,869,836,92,200,1,1,1.0
68,2,1315,490,82,200,1,1,1.0
68,3,966,43,98,200,1,1,1.0
68,4,525,382,80,200,1,1,1.0
69,1,859,836,92,200,1,1,1.0
69,2,1314,501,82,200,1,1,1.0
69,3,976,49,98,200,1,1,1.0
69,4,527,372,80,200,1,1,1.0
70,1,849,838,92,200,1,1,1.0
70,2,1312,513,82,200,1,1,1.0
70,3,985,44,98,200,1,1,1.0
70,4,529,357,80,200,1,1,1.0
71,1,840,829,92,200,1,1,1.0
71,2,1310,520,82,200,1,1,1.0
71,3,995,49,98,200,1,1,1.0
71,4,531,349,80,200,1,1,1.0
72,1,830,833,92,200,1,1,1.0
72,2,1308,533,82,200,1,1,1.0
72,3,1005,54,98,200,1,1,1.0
72,4,533,345,80,200,1,1,1.0
73,1,820,827,92,200,1,1,1.0
73,2,1306,538,82,200,1,1,1.0
73,3,1015,53,98,200,1,1,1.0
73,4,536,328,80,200,1,1,1.0
74,1,810,826,92,200,1,1,1.0
74,2,1303,551,82,200,1,1,1.0
74,3,1025,61,98,200,1,1,1.0
74,4,539,320,80,200,1,1,1.0
75,1,800,819,92,200,1,1,1.0
75,2,1300,561,82,200,1,1,1.0
75,3,1034,61,98,200,1,1,1.0
75,4,542,313,80,200,1,1,1.0
76,1,791,819,92,200,1,1,1.0
76,2,1297,571,82,200,1,1,1.0
76,3,1044,67,98,200,1,1,1.0
76,4,545,300,80,200,1,1,1.0
77,1,781,815,92,200,1,1,1.0
77,2,1294,581,82,200,1,1,1.0
77,3,1053,66,98,200,1,1,1.0
77,4,549,296,80,200,1,1,1.0
78,1,772,812,92,200,1,1,1.0
78,2,1290,586,82,200,1,1,1.0
78,3,1062,69,98,200,1,1,1.0
78,4,552,282,80,200,1,1,1.0
79,1,763,809,92,200,1,1,1.0
79,2,1287,599,82,200,1,1,1.0
79,3,1072,74,98,200,1,1,1.0
79,4,556,275,80,200,1,1,1.0
80,1,753,808,92,200,1,1,1.0
80,2,1283,604,82,200,1,1,1.0
80,3,1081,82,98,200,1,1,1.0
80,4,561,264,80,200,1,1,1.0
81,1,744,801,92,200,1,1,1.0
81,2,1278,618,82,200,1,1,1.0
81,3,1090,82,98,200,1,1,1.0
81,4,565,256,80,200,1,1,1.0
82,1,735,797,92,200,1,1,1.0
82,2,1274,626,82,200,1,1,1.0
82,3,1099,90,98,200,1,1,1.0
82,4,570,249,80,200,1,1,1.0
83,1,726,795,92,200,1,1,1.0
83,2,1269,629,82,200,1,1,1.0
83,3,1108,96,98,200,1,1,1.0
83,4,575,239,80,200,1,1,1.0
84,1,717,785,92,200,1,1,1.0
84,2,1264,641,82,200,1,1,1.0
84,3,1116,94,98,200,1,1,1.0
84,4,580,231,80,200,1,1,1.0
85,1,709,786,92,200,1,1,1.0
85,2,1259,649,82,200,1,1,1.0
85,3,1125,105,98,200,1,1,1.0
85,4,585,223,80,200,1,1,1.0
86,1,700,776,92,200,1,1,1.0
86,2,1254,655,82,200,1,1,1.0
86,3,1133,106,98,200,1,1,1.0
86,4,591,214,80,200,1,1,1.0
87,1,692,772,92,200,1,1,1.0
87,2,1248,670,82,200,1,1,1.0
87,3,1142,114,98,200,1,1,1.0
87,4,597,208,80,200,1,1,1.0
88,1,683,770,92,200,1,1,1.0
88,2,1242,671,82,200,1,1,1.0
88,3,1150,117,98,200,1,1,1.0
88,4,603,197,80,200,1,1,1.0
89,1,675,760,92,200,1,1,1.0
89,2,1236,684,82,200,1,1,1.0
89,3,1158,125,98,200,1,1,1.0
89,4,609,191,80,200,1,1,1.0
90,1,667,752,92,200,1,1,1.0
90,2,1230,687,82,200,1,1,1.0
90,3,1165,133,98,200,1,1,1.0
90,4,616,185,80,200,1,1,1.0
91,1,660,751,92,200,1,1,1.0
91,2,1223,698,82,200,1,1,1.0
91,3,1173,141,98,200,1,1,1.0
91,4,622,173,80,200,1,1,1.0
92,1,652,742,92,200,1,1,1.0
92,2,1217,703,82,200,1,1,1.0
92,3,1181,149,98,200,1,1,1.0
92,4,629,170,80,200,1,1,1.0
93,1,644,734,92,200,1,1,1.0
93,2,1210,709,82,200,1,1,1.0
93,3,1188,152,98,200,1,1,1.0
93,4,636,159,80,200,1,1,1.0
94,1,637,730,92,200,1,1,1.0
94,2,1203,721,82,200,1,1,1.0
94,3,1195,158,98,200,1,1,1.0
94,4,643,155,80,200,1,1,1.0
95,1,630,723,92,200,1,1,1.0
95,2,1196,725,82,200,1,1,1.0
95,3,1202,165,98,200,1,1,1.0
95,4,650,143,80,200,1,1,1.0
96,1,623,710,92,200,1,1,1.0
96,2,1189,737,82,200,1,1,1.0
96,3,1209,170,98,200,1,1,1.0
96,4,658,135,80,200,1,1,1.0
97,1,616,704,92,200,1,1,1.0
97,2,1181,742,82,200,1,1,1.0
97,3,1215,180,98,200,1,1,1.0
97,4,666,135,80,200,1,1,1.0
98,1,610,700,92,200,1,1,1.0
98,2,1173,749,82,200,1,1,1.0
98,3,1222,188,98,200,1,1,1.0
98,4,673,124,80,200,1,1,1.0
99,1,603,692,92,200,1,1,1.0
99,2,1166,755,82,200,1,1,1.0
99,3,1228,199,98,200,1,1,1.0
99,4,681,123,80,200,1,1,1.0
100,1,597,681,92,200,1,1,1.0
100,2,1158,758,82,200,1,1,1.0
100,3,1234,205,98,200,1,1,1.0
100,4,689,113,80,200,1,1,1.0
101,1,591,675,92,200,1,1,1.0
101,2,1150,767,82,200,1,1,1.0
101,3,1240,216,98,200,1,1,1.0
101,4,698,105,80,200,1,1,1.0
102,1,585,663,92,200,1,1,1.0
102,2,1141,772,82,200,1,1,1.0
102,3,1246,222,98,200,1,1,1.0
102,4,706,101,80,200,1,1,1.0
103,1,579,655,92,200,1,1,1.0
103,2,1133,781,82,200,1,1,1.0
103,3,1251,232,98,200,1,1,1.0
103,4,715,96,80,200,1,1,1.0
104,1,574,653,92,200,1,1,1.0
104,2,1124,783,82,200,1,1,1.0
104,3,1256,242,98,200,1,1,1.0
104,4,723,91,80,200,1,1,1.0
105,1,569,641,92,200,1,1,1.0
105,2,1116,787,82,200,1,1,1.0
105,3,1261,244,98,200,1,1,1.0
105,4,732,89,80,200,1,1,1.0
106,1,564,633,92,200,1,1,1.0
106,2,1107,789,82,200,1,1,1.0
106,3,1266,257,98,200,1,1,1.0
106,4,741,85,80,200,1,1,1.0
107,1,559,626,92,200,1,1,1.0
107,2,1098,796,82,200,1,1,1.0
107,3,1270,265,98,200,1,1,1.0
107,4,750,78,80,200,1,1,1.0
108,1,555,615,92,200,1,1,1.0
108,2,1089,803,82,200,1,1,1.0
108,3,1275,278,98,200,1,1,1.0
108,4,759,71,80,200,1,1,1.0
109,1,550,604,92,200,1,1,1.0
109,2,1080,802,82,200,1,1,1.0
109,3,1279,285,98,200,1,1,1.0
109,4,769,68,80,200,1,1,1.0
110,1,546,592,92,200,1,1,1.0
110,2,1070,808,82,200,1,1,1.0
110,3,1282,291,98,200,1,1,1.0
110,4,778,68,80,200,1,1,1.0
111,1,543,586,92,200,1,1,1.0
111,2,1061,815,82,200,1,1,1.0
111,3,1286,303,98,200,1,1,1.0
111,4,787,61,80,200,1,1,1.0
112,1,539,577,92,200,1,1,1.0
112,2,1052,817,82,200,1,1,1.0
112,3,1289,313,98,200,1,1,1.0
112,4,797,59,80,200,1,1,1.0
113,1,536,566,92,200,1,1,1.0
113,2,1042,819,82,200,1,1,1.0
113,3,1292,321,98,200,1,1,1.0
113,4,806,58,80,200,1,1,1.0
114,1,533,555,92,200,1,1,1.0
114,2,1033,821,82,200,1,1,1.0
114,3,1295,334,98,200,1,1,1.0
114,4,816,50,80,200,1,1,1.0
115,1,530,545,92,200,1,1,1.0
115,2,1023,824,82,200,1,1,1.0
115,3,1298,341,98,200,1,1,1.0
115,4,826,52,80,200,1,1,1.0
116,1,527,536,92,200,1,1,1.0
116,2,1013,825,82,200,1,1,1.0
116,3,1300,349,98,200,1,1,1.0
116,4,836,53,80,200,1,1,1.0
117,1,525,528,92,200,1,1,1.0
117,2,1003,832,82,200,1,1,1.0
117,3,1302,358,98,200,1,1,1.0
117,4,846,45,80,200,1,1,1.0
118,1,523,516,92,200,1,1,1.0
118,2,993,832,82,200,1,1,1.0
118,3,1304,373,98,200,1,1,1.0
118,4,855,45,80,200,1,1,1.0
119,1,521,512,92,200,1,1,1.0
119,2,984,835,82,200,1,1,1.0
119,3,1306,383,98,200,1,1,1.0
119,4,865,45,80,200,1,1,1.0
120,1,519,497,92,200,1,1,1.0
120,2,974,834,82,200,1,1,1.0
120,3,1307,390,98,200,1,1,1.0
120,4,875,42,80,200,1,1,1.0
121,1,518,486,92,200,1,1,1.0
121,2,964,840,82,200,1,1,1.0
121,3,1308,403,98,200,1,1,1.0
121,4,885,39,80,200,1,1,1.0
122,1,517,482,92,200,1,1,1.0
122,2,954,842,82,200,1,1,1.0
122,3,1309,407,98,200,1,1,1.0
122,4,895,38,80,200,1,1,1.0
123,1,516,467,92,200,1,1,1.0
123,2,944,840,82,200,1,1,1.0
123,3,1310,423,98,200,1,1,1.0
123,4,905,40,80,200,1,1,1.0
124,1,515,463,92,200,1,1,1.0
124,2,934,842,82,200,1,1,1.0
124,3,1310,433,98,200,1,1,1.0
124,4,915,37,80,200,1,1,1.0
125,1,515,451,92,200,1,1,1.0
125,2,924,842,82,200,1,1,1.0
125,3,1311,443,98,200,1,1,1.0
125,4,925,42,80,200,1,1,1.0
126,1,514,439,92,200,1,1,1.0
126,2,914,836,82,200,1,1,1.0
126,3,1310,447,98,200,1,1,1.0
126,4,935,39,80,200,1,1,1.0
127,1,515,429,92,200,1,1,1.0
127,2,904,836,82,200,1,1,1.0
127,3,1310,456,98,200,1,1,1.0
127,4,945,44,80,200,1,1,1.0
128,1,515,421,92,200,1,1,1.0
128,2,894,839,82,200,1,1,1.0
128,3,1309,469,98,200,1,1,1.0
128,4,955,42,80,200,1,1,1.0
129,1,516,410,92,200,1,1,1.0
129,2,884,835,82,200,1,1,1.0
129,3,1308,476,98,200,1,1,1.0
129,4,965,44,80,200,1,1,1.0
130,1,517,400,92,200,1,1,1.0
130,2,874,835,82,200,1,1,1.0
130,3,1307,488,98,200,1,1,1.0
130,4,975,42,80,200,1,1,1.0
131,1,518,393,92,200,1,1,1.0
131,2,864,835,82,200,1,1,1.0
131,3,1306,496,98,200,1,1,1.0
131,4,985,47,80,200,1,1,1.0
132,1,519,383,92,200,1,1,1.0
132,2,854,832,82,200,1,1,1.0
132,3,1304,508,98,200,1,1,1.0
132,4,994,49,80,200,1,1,1.0
133,1,521,373,92,200,1,1,1.0
133,2,845,835,82,200,1,1,1.0
133,3,1302,523,98,200,1,1,1.0
133,4,1004,49,80,200,1,1,1.0
134,1,523,361,92,200,1,1,1.0
134,2,835,827,82,200,1,1,1.0
134,3,1300,528,98,200,1,1,1.0
134,4,1014,54,80,200,1,1,1.0
135,1,525,352,92,200,1,1,1.0
135,2,825,827,82,200,1,1,1.0
135,3,1298,539,98,200,1,1,1.0
135,4,1024,56,80,200,1,1,1.0
136,1,527,338,92,200,1,1,1.0
136,2,815,824,82,200,1,1,1.0
136,3,1295,550,98,200,1,1,1.0
136,4,1034,56,80,200,1,1,1.0
137,1,530,329,92,200,1,1,1.0
137,2,805,826,82,200,1,1,1.0
137,3,1292,556,98,200,1,1,1.0
137,4,1043,60,80,200,1,1,1.0
138,1,533,319,92,200,1,1,1.0
138,2,796,819,82,200,1,1,1.0
138,3,1289,570,98,200,1,1,1.0
138,4,1053,63,80,200,1,1,1.0
139,1,536,314,92,200,1,1,1.0
139,2,786,818,82,200,1,1,1.0
139,3,1286,576,98,200,1,1,1.0
139,4,1062,64,80,200,1,1,1.0
140,1,539,304,92,200,1,1,1.0
140,2,777,817,82,200,1,1,1.0
140,3,1282,583,98,200,1,1,1.0
140,4,1071,73,80,200,1,1,1.0
141,1,543,296,92,200,1,1,1.0
141,2,768,806,82,200,1,1,1.0
141,3,1279,598,98,200,1,1,1.0
141,4,1081,78,80,200,1,1,1.0
142,1,546,282,92,200,1,1,1.0
142,2,758,805,82,200,1,1,1.0
142,3,1275,607,98,200,1,1,1.0
142,4,1090,82,80,200,1,1,1.0
143,1,550,271,92,200,1,1,1.0
143,2,749,805,82,200,1,1,1.0
143,3,1270,617,98,200,1,1,1.0
143,4,1099,83,80,200,1,1,1.0
144,1,555,268,92,200,1,1,1.0
144,2,740,794,82,200,1,1,1.0
144,3,1266,624,98,200,1,1,1.0
144,4,1108,88,80,200,1,1,1.0
145,1,559,259,92,200,1,1,1.0
145,2,731,794,82,200,1,1,1.0
145,3,1261,630,98,200,1,1,1.0
145,4,1117,93,80,200,1,1,1.0
146,1,564,251,92,200,1,1,1.0
146,2,722,785,82,200,1,1,1.0
146,3,1256,644,98,200,1,1,1.0
146,4,1125,98,80,200,1,1,1.0
147,1,569,239,92,200,1,1,1.0
147,2,714,786,82,200,1,1,1.0
147,3,1251,653,98,200,1,1,1.0
147,4,1134,99,80,200,1,1,1.0
148,1,574,231,92,200,1,1,1.0
148,2,705,781,82,200,1,1,1.0
148,3,1246,656,98,200,1,1,1.0
148,4,1142,108,80,200,1,1,1.0
149,1,579,218,92,200,1,1,1.0
149,2,697,769,82,200,1,1,1.0
149,3,1240,664,98,200,1,1,1.0
149,4,1151,112,80,200,1,1,1.0
150,1,585,210,92,200,1,1,1.0
150,2,688,766,82,200,1,1,1.0
150,3,1234,671,98,200,1,1,1.0
150,4,1159,116,80,200,1,1,1.0
151,1,591,203,92,200,1,1,1.0
151,2,680,760,82,200,1,1,1.0
151,3,1228,682,98,200,1,1,1.0
151,4,1167,126,80,200,1,1,1.0
152,1,597,194,92,200,1,1,1.0
152,2,672,757,82,200,1,1,1.0
152,3,1222,693,98,200,1,1,1.0
152,4,1174,130,80,200,1,1,1.0
153,1,603,190,92,200,1,1,1.0
153,2,665,749,82,200,1,1,1.0
153,3,1215,695,98,200,1,1,1.0
153,4,1182,141,80,200,1,1,1.0
154,1,610,181,92,200,1,1,1.0
154,2,657,741,82,200,1,1,1.0
154,3,1209,707,98,200,1,1,1.0
154,4,1190,145,80,200,1,1,1.0
155,1,616,177,92,200,1,1,1.0
155,2,649,733,82,200,1,1,1.0
155,3,1202,715,98,200,1,1,1.0
155,4,1197,155,80,200,1,1,1.0
156,1,623,165,92,200,1,1,1.0
156,2,642,731,82,200,1,1,1.0
156,3,1195,722,98,200,1,1,1.0
156,4,1204,160,80,200,1,1,1.0
157,1,630,159,92,200,1,1,1.0
157,2,635,719,82,200,1,1,1.0
157,3,1188,729,98,200,1,1,1.0
157,4,1211,169,80,200,1,1,1.0
158,1,637,149,92,200,1,1,1.0
158,2,628,711,82,200,1,1,1.0
158,3,1181,737,98,200,1,1,1.0
158,4,1218,176,80,200,1,1,1.0
159,1,644,145,92,200,1,1,1.0
159,2,621,705,82,200,1,1,1.0
159,3,1173,742,98,200,1,1,1.0
159,4,1224,178,80,200,1,1,1.0
160,1,652,140,92,200,1,1,1.0
160,2,615,695,82,200,1,1,1.0
160,3,1165,746,98,200,1,1,1.0
160,4,1231,193,80,200,1,1,1.0
161,1,660,130,92,200,1,1,1.0
161,2,608,688,82,200,1,1,1.0
161,3,1158,754,98,200,1,1,1.0
161,4,1237,200,80,200,1,1,1.0
162,1,667,128,92,200,1,1,1.0
162,2,602,686,82,200,1,1,1.0
162,3,1150,758,98,200,1,1,1.0
162,4,1243,209,80,200,1,1,1.0
163,1,675,116,92,200,1,1,1.0
163,2,596,676,82,200,1,1,1.0
163,3,1142,770,98,200,1,1,1.0
163,4,1249,210,80,200,1,1,1.0
164,1,683,116,92,200,1,1,1.0
164,2,590,669,82,200,1,1,1.0
164,3,1133,772,98,200,1,1,1.0
164,4,1255,219,80,200,1,1,1.0
165,1,692,106,92,200,1,1,1.0
165,2,584,661,82,200,1,1,1.0
165,3,1125,777,98,200,1,1,1.0
165,4,1260,227,80,200,1,1,1.0
166,1,700,105,92,200,1,1,1.0
166,2,579,650,82,200,1,1,1.0
166,3,1116,779,98,200,1,1,1.0
166,4,1265,237,80,200,1,1,1.0
167,1,709,99,92,200,1,1,1.0
167,2,574,641,82,200,1,1,1.0
167,3,1108,791,98,200,1,1,1.0
167,4,1270,250,80,200,1,1,1.0
168,1,717,93,92,200,1,1,1.0
168,2,569,634,82,200,1,1,1.0
168,3,1099,789,98,200,1,1,1.0
168,4,1275,259,80,200,1,1,1.0
169,1,726,84,92,200,1,1,1.0
169,2,564,626,82,200,1,1,1.0
169,3,1090,798,98,200,1,1,1.0
169,4,1279,264,80,200,1,1,1.0
170,1,735,81,92,200,1,1,1.0
170,2,560,618,82,200,1,1,1.0
170,3,1081,798,98,200,1,1,1.0
170,4,1284,275,80,200,1,1,1.0
171,1,744,79,92,200,1,1,1.0
171,2,555,607,82,200,1,1,1.0
171,3,1072,809,98,200,1,1,1.0
171,4,1288,288,80,200,1,1,1.0
172,1,753,76,92,200,1,1,1.0
172,2,551,594,82,200,1,1,1.0
172,3,1062,807,98,200,1,1,1.0
172,4,1291,296,80,200,1,1,1.0
173,1,763,71,92,200,1,1,1.0
173,2,548,586,82,200,1,1,1.0
173,3,1053,813,98,200,1,1,1.0
173,4,1295,301,80,200,1,1,1.0
174,1,772,64,92,200,1,1,1.0
174,2,544,577,82,200,1,1,1.0
174,3,1044,817,98,200,1,1,1.0
174,4,1298,313,80,200,1,1,1.0
175,1,781,62,92,200,1,1,1.0
175,2,541,566,82,200,1,1,1.0
175,3,1034,819,98,200,1,1,1.0
175,4,1301,320,80,200,1,1,1.0
176,1,791,58,92,200,1,1,1.0
176,2,538,555,82,200,1,1,1.0
176,3,1025,823,98,200,1,1,1.0
176,4,1304,330,80,200,1,1,1.0
177,1,800,55,92,200,1,1,1.0
177,2,535,547,82,200,1,1,1.0
177,3,1015,827,98,200,1,1,1.0
177,4,1307,341,80,200,1,1,1.0
178,1,810,56,92,200,1,1,1.0
178,2,532,535,82,200,1,1,1.0
178,3,1005,831,98,200,1,1,1.0
178,4,1309,352,80,200,1,1,1.0
179,1,820,52,92,200,1,1,1.0
179,2,530,533,82,200,1,1,1.0
179,3,995,828,98,200,1,1,1.0
179,4,1311,363,80,200,1,1,1.0
180,1,830,48,92,200,1,1,1.0
180,2,528,519,82,200,1,1,1.0
180,3,985,831,98,200,1,1,1.0
180,4,1313,373,80,200,1,1,1.0
181,1,840,44,92,200,1,1,1.0
181,2,526,507,82,200,1,1,1.0
181,3,976,832,98,200,1,1,1.0
181,4,1315,377,80,200,1,1,1.0
182,1,849,46,92,200,1,1,1.0
182,2,524,501,82,200,1,1,1.0
182,3,966,833,98,200,1,1,1.0
182,4,1316,393,80,200,1,1,1.0
183,1,859,46,92,200,1,1,1.0
183,2,523,489,82,200,1,1,1.0
183,3,956,836,98,200,1,1,1.0
183,4,1317,397,80,200,1,1,1.0
184,1,869,45,92,200,1,1,1.0
184,2,522,479,82,200,1,1,1.0
184,3,946,838,98,200,1,1,1.0
184,4,1318,407,80,200,1,1,1.0
185,1,879,40,92,200,1,1,1.0
185,2,521,468,82,200,1,1,1.0
185,3,936,842,98,200,1,1,1.0
185,4,1319,420,80,200,1,1,1.0
186,1,889,43,92,200,1,1,1.0
186,2,520,461,82,200,1,1,1.0
186,3,926,837,98,200,1,1,1.0
186,4,1319,430,80,200,1,1,1.0
187,1,899,43,92,200,1,1,1.0
187,2,520,449,82,200,1,1,1.0
187,3,916,837,98,200,1,1,1.0
187,4,1320,443,80,200,1,1,1.0
188,1,909,43,92,200,1,1,1.0
188,2,519,438,82,200,1,1,1.0
188,3,906,838,98,200,1,1,1.0
188,4,1319,451,80,200,1,1,1.0
189,1,919,44,92,200,1,1,1.0
189,2,520,432,82,200,1,1,1.0
189,3,896,843,98,200,1,1,1.0
189,4,1319,458,80,200,1,1,1.0
190,1,929,40,92,200,1,1,1.0
190,2,520,420,82,200,1,1,1.0
190,3,886,840,98,200,1,1,1.0
190,4,1318,468,80,200,1,1,1.0
191,1,939,43,92,200,1,1,1.0
191,2,521,407,82,200,1,1,1.0
191,3,876,838,98,200,1,1,1.0
191,4,1317,476,80,200,1,1,1.0
192,1,949,39,92,200,1,1,1.0
192,2,522,400,82,200,1,1,1.0
192,3,866,839,98,200,1,1,1.0
192,4,1316,491,80,200,1,1,1.0
193,1,959,43,92,200,1,1,1.0
193,2,523,387,82,200,1,1,1.0
193,3,856,840,98,200,1,1,1.0
193,4,1315,500,80,200,1,1,1.0
194,1,969,47,92,200,1,1,1.0
194,2,524,377,82,200,1,1,1.0
194,3,846,833,98,200,1,1,1.0
194,4,1313,512,80,200,1,1,1.0
195,1,979,46,92,200,1,1,1.0
195,2,526,370,82,200,1,1,1.0
195,3,837,834,98,200,1,1,1.0
195,4,1311,523,80,200,1,1,1.0
196,1,988,50,92,200,1,1,1.0
196,2,528,358,82,200,1,1,1.0
196,3,827,834,98,200,1,1,1.0
196,4,1309,525,80,200,1,1,1.0
197,1,998,49,92,200,1,1,1.0
197,2,530,349,82,200,1,1,1.0
197,3,817,830,98,200,1,1,1.0
197,4,1307,540,80,200,1,1,1.0
198,1,1008,55,92,200,1,1,1.0
198,2,532,341,82,200,1,1,1.0
198,3,807,823,98,200,1,1,1.0
198,4,1304,553,80,200,1,1,1.0
199,1,1018,56,92,200,1,1,1.0
199,2,535,332,82,200,1,1,1.0
199,3,797,822,98,200,1,1,1.0
199,4,1301,560,80,200,1,1,1.0
200,1,1028,54,92,200,1,1,1.0
200,2,538,322,82,200,1,1,1.0
200,3,788,821,98,200,1,1,1.0
200,4,1298,564,80,200,1,1,1.0
201,1,1037,63,92,200,1,1,1.0
201,2,541,310,82,200,1,1,1.0
201,3,778,815,98,200,1,1,1.0
201,4,1295,579,80,200,1,1,1.0
202,1,1047,61,92,200,1,1,1.0
202,2,544,305,82,200,1,1,1.0
202,3,769,812,98,200,1,1,1.0
202,4,1291,588,80,200,1,1,1.0
203,1,1056,64,92,200,1,1,1.0
203,2,548,295,82,200,1,1,1.0
203,3,760,813,98,200,1,1,1.0
203,4,1288,600,80,200,1,1,1.0
204,1,1065,71,92,200,1,1,1.0
204,2,551,281,82,200,1,1,1.0
204,3,750,804,98,200,1,1,1.0
204,4,1284,602,80,200,1,1,1.0
205,1,1075,71,92,200,1,1,1.0
205,2,555,276,82,200,1,1,1.0
205,3,741,800,98,200,1,1,1.0
205,4,1279,617,80,200,1,1,1.0
206,1,1084,79,92,200,1,1,1.0
206,2,560,263,82,200,1,1,1.0
206,3,732,795,98,200,1,1,1.0
206,4,1275,623,80,200,1,1,1.0
207,1,1093,85,92,200,1,1,1.0
207,2,564,255,82,200,1,1,1.0
207,3,723,795,98,200,1,1,1.0
207,4,1270,632,80,200,1,1,1.0
208,1,1102,91,92,200,1,1,1.0
208,2,569,249,82,200,1,1,1.0
208,3,714,790,98,200,1,1,1.0
208,4,1265,641,80,200,1,1,1.0
209,1,1111,93,92,200,1,1,1.0
209,2,574,237,82,200,1,1,1.0
209,3,706,786,98,200,1,1,1.0
209,4,1260,647,80,200,1,1,1.0
210,1,1119,94,92,200,1,1,1.0
210,2,579,232,82,200,1,1,1.0
210,3,697,774,98,200,1,1,1.0
210,4,1255,658,80,200,1,1,1.0
211,1,1128,106,92,200,1,1,1.0
211,2,584,224,82,200,1,1,1.0
211,3,689,769,98,200,1,1,1.0
211,4,1249,663,80,200,1,1,1.0
212,1,1136,110,92,200,1,1,1.0
212,2,590,217,82,200,1,1,1.0
212,3,680,768,98,200,1,1,1.0
212,4,1243,673,80,200,1,1,1.0
213,1,1145,113,92,200,1,1,1.0
213,2,596,202,82,200,1,1,1.0
213,3,672,760,98,200,1,1,1.0
213,4,1237,685,80,200,1,1,1.0
214,1,1153,121,92,200,1,1,1.0
214,2,602,197,82,200,1,1,1.0
214,3,664,752,98,200,1,1,1.0
214,4,1231,688,80,200,1,1,1.0
215,1,1161,129,92,200,1,1,1.0
215,2,608,190,82,200,1,1,1.0
215,3,657,750,98,200,1,1,1.0
215,4,1224,697,80,200,1,1,1.0
216,1,1168,129,92,200,1,1,1.0
216,2,615,178,82,200,1,1,1.0
216,3,649,745,98,200,1,1,1.0
216,4,1218,708,80,200,1,1,1.0
217,1,1176,142,92,200,1,1,1.0
217,2,621,175,82,200,1,1,1.0
217,3,641,733,98,200,1,1,1.0
217,4,1211,712,80,200,1,1,1.0
218,1,1184,146,92,200,1,1,1.0
218,2,628,165,82,200,1,1,1.0
218,3,634,724,98,200,1,1,1.0
218,4,1204,723,80,200,1,1,1.0
219,1,1191,149,92,200,1,1,1.0
219,2,635,157,82,200,1,1,1.0
219,3,627,720,98,200,1,1,1.0
219,4,1197,725,80,200,1,1,1.0
220,1,1198,159,92,200,1,1,1.0
220,2,642,155,82,200,1,1,1.0
220,3,620,710,98,200,1,1,1.0
220,4,1190,738,80,200,1,1,1.0
221,1,1205,169,92,200,1,1,1.0
221,2,649,148,82,200,1,1,1.0
221,3,613,708,98,200,1,1,1.0
221,4,1182,740,80,200,1,1,1.0
222,1,1212,176,92,200,1,1,1.0
222,2,657,139,82,200,1,1,1.0
222,3,607,699,98,200,1,1,1.0
222,4,1174,747,80,200,1,1,1.0
223,1,1218,178,92,200,1,1,1.0
223,2,665,131,82,200,1,1,1.0
223,3,600,687,98,200,1,1,1.0
223,4,1167,754,80,200,1,1,1.0
224,1,1225,189,92,200,1,1,1.0
224,2,672,128,82,200,1,1,1.0
224,3,594,681,98,200,1,1,1.0
224,4,1159,761,80,200,1,1,1.0
225,1,1231,198,92,200,1,1,1.0
225,2,680,117,82,200,1,1,1.0
225,3,588,671,98,200,1,1,1.0
225,4,1151,766,80,200,1,1,1.0
226,1,1237,208,92,200,1,1,1.0
226,2,688,115,82,200,1,1,1.0
226,3,582,666,98,200,1,1,1.0
226,4,1142,772,80,200,1,1,1.0
227,1,1243,213,92,200,1,1,1.0
227,2,697,109,82,200,1,1,1.0
227,3,576,662,98,200,1,1,1.0
227,4,1134,780,80,200,1,1,1.0
228,1,1249,224,92,200,1,1,1.0
228,2,705,100,82,200,1,1,1.0
228,3,571,652,98,200,1,1,1.0
228,4,1125,782,80,200,1,1,1.0
229,1,1254,228,92,200,1,1,1.0
229,2,714,96,82,200,1,1,1.0
229,3,566,644,98,200,1,1,1.0
229,4,1117,786,80,200,1,1,1.0
230,1,1259,236,92,200,1,1,1.0
230,2,722,94,82,200,1,1,1.0
230,3,561,633,98,200,1,1,1.0
230,4,1108,789,80,200,1,1,1.0
231,1,1264,250,92,200,1,1,1.0
231,2,731,88,82,200,1,1,1.0
231,3,556,627,98,200,1,1,1.0
231,4,1099,795,80,200,1,1,1.0
232,1,1269,255,92,200,1,1,1.0
232,2,740,86,82,200,1,1,1.0
232,3,552,618,98,200,1,1,1.0
232,4,1090,798,80,200,1,1,1.0
233,1,1273,268,92,200,1,1,1.0
233,2,749,81,82,200,1,1,1.0
233,3,547,604,98,200,1,1,1.0
233,4,1081,807,80,200,1,1,1.0
234,1,1278,275,92,200,1,1,1.0
234,2,758,74,82,200,1,1,1.0
234,3,543,596,98,200,1,1,1.0
234,4,1071,811,80,200,1,1,1.0
235,1,1282,282,92,200,1,1,1.0
235,2,768,70,82,200,1,1,1.0
235,3,540,585,98,200,1,1,1.0
235,4,1062,810,80,200,1,1,1.0
236,1,1285,296,92,200,1,1,1.0
236,2,777,63,82,200,1,1,1.0
236,3,536,574,98,200,1,1,1.0
236,4,1053,818,80,200,1,1,1.0
237,1,1289,306,92,200,1,1,1.0
237,2,786,67,82,200,1,1,1.0
237,3,533,565,98,200,1,1,1.0
237,4,1043,819,80,200,1,1,1.0
238,1,1292,316,92,200,1,1,1.0
238,2,796,61,82,200,1,1,1.0
238,3,530,560,98,200,1,1,1.0
238,4,1034,826,80,200,1,1,1.0
239,1,1295,321,92,200,1,1,1.0
239,2,805,56,82,200,1,1,1.0
239,3,527,546,98,200,1,1,1.0
239,4,1024,823,80,200,1,1,1.0
240,1,1298,329,92,200,1,1,1.0
240,2,815,52,82,200,1,1,1.0
240,3,524,541,98,200,1,1,1.0
240,4,1014,826,80,200,1,1,1.0
241,1,1301,344,92,200,1,1,1.0
241,2,825,50,82,200,1,1,1.0
241,3,522,533,98,200,1,1,1.0
241,4,1004,829,80,200,1,1,1.0
242,1,1303,353,92,200,1,1,1.0
242,2,835,52,82,200,1,1,1.0
242,3,520,519,98,200,1,1,1.0
242,4,994,835,80,200,1,1,1.0
243,1,1305,360,92,200,1,1,1.0
243,2,845,47,82,200,1,1,1.0
243,3,518,510,98,200,1,1,1.0
243,4,985,835,80,200,1,1,1.0
244,1,1307,367,92,200,1,1,1.0
244,2,854,47,82,200,1,1,1.0
244,3,516,501,98,200,1,1,1.0
244,4,975,835,80,200,1,1,1.0
245,1,1309,380,92,200,1,1,1.0
245,2,864,45,82,200,1,1,1.0
245,3,515,491,98,200,1,1,1.0
245,4,965,839,80,200,1,1,1.0
246,1,1310,388,92,200,1,1,1.0
246,2,874,45,82,200,1,1,1.0
246,3,514,483,98,200,1,1,1.0
246,4,955,834,80,200,1,1,1.0
247,1,1311,399,92,200,1,1,1.0
247,2,884,41,82,200,1,1,1.0
247,3,513,474,98,200,1,1,1.0
247,4,945,836,80,200,1,1,1.0
248,1,1312,409,92,200,1,1,1.0
248,2,894,41,82,200,1,1,1.0
248,3,512,457,98,200,1,1,1.0
248,4,935,836,80,200,1,1,1.0
249,1,1313,420,92,200,1,1,1.0
249,2,904,44,82,200,1,1,1.0
249,3,512,452,98,200,1,1,1.0
249,4,925,840,80,200,1,1,1.0
250,1,1313,429,92,200,1,1,1.0
250,2,914,40,82,200,1,1,1.0
250,3,511,438,98,200,1,1,1.0
250,4,915,836,80,200,1,1,1.0
