1,1,911,440,98,200,1,1,1.0
1,2,740,97,88,200,1,1,1.0
1,3,1074,88,104,200,1,1,1.0
1,4,944,420,72,200,1,1,1.0
1,5,742,772,66,200,1,1,1.0
1,6,1076,801,76,200,1,1,1.0
2,1,925,450,90,200,1,1,1.0
2,2,741,103,78,200,1,1,1.0
2,3,1068,83,104,200,1,1,1.0
2,4,952,410,76,200,1,1,1.0
2,5,742,766,60,200,1,1,1.0
2,6,1073,806,68,200,1,1,1.0
3,1,934,460,92,200,1,1,1.0
3,2,737,108,76,200,1,1,1.0
3,3,1065,79,98,200,1,1,1.0
3,4,963,400,72,200,1,1,1.0
3,5,741,760,56,200,1,1,1.0
3,6,1061,810,78,200,1,1,1.0
4,1,941,470,98,200,1,1,1.0
4,2,730,114,84,200,1,1,1.0
4,3,1055,74,104,200,1,1,1.0
4,4,967,390,84,200,1,1,1.0
4,5,733,754,66,200,1,1,1.0
4,6,1059,813,68,200,1,1,1.0
5,1,950,480,98,200,1,1,1.0
5,2,732,120,74,200,1,1,1.0
5,3,1049,70,102,200,1,1,1.0
5,4,976,380,86,200,1,1,1.0
5,5,731,748,66,200,1,1,1.0
5,6,1052,817,66,200,1,1,1.0
6,1,966,490,86,200,1,1,1.0
6,2,727,126,78,200,1,1,1.0
6,3,1043,67,100,200,1,1,1.0
6,4,990,370,76,200,1,1,1.0
6,5,731,741,62,200,1,1,1.0
6,6,1041,820,72,200,1,1,1.0
7,1,971,500,96,200,1,1,1.0
7,2,720,132,88,200,1,1,1.0
7,3,1037,63,96,200,1,1,1.0
7,4,995,361,86,200,1,1,1.0
7,5,732,735,58,200,1,1,1.0
7,6,1029,823,80,200,1,1,1.0
8,1,985,510,86,200,1,1,1.0
8,2,719,139,86,200,1,1,1.0
8,3,1025,60,104,200,1,1,1.0
8,4,1009,351,76,200,1,1,1.0
8,5,727,728,68,200,1,1,1.0
8,6,1021,826,78,200,1,1,1.0
9,1,994,519,88,200,1,1,1.0
9,2,721,145,80,200,1,1,1.0
9,3,1017,57,104,200,1,1,1.0
9,4,1015,341,82,200,1,1,1.0
9,5,729,721,64,200,1,1,1.0
9,6,1018,828,66,200,1,1,1.0
10,1,998,529,98,200,1,1,1.0
10,2,721,152,80,200,1,1,1.0
10,3,1008,54,104,200,1,1,1.0
10,4,1027,331,76,200,1,1,1.0
10,5,733,713,56,200,1,1,1.0
10,6,1007,830,70,200,1,1,1.0
11,1,1010,539,92,200,1,1,1.0
11,2,717,159,88,200,1,1,1.0
11,3,1006,52,90,200,1,1,1.0
11,4,1030,322,86,200,1,1,1.0
11,5,730,706,64,200,1,1,1.0
11,6,994,832,78,200,1,1,1.0
12,1,1017,549,96,200,1,1,1.0
12,2,716,167,90,200,1,1,1.0
12,3,990,50,104,200,1,1,1.0
12,4,1041,312,80,200,1,1,1.0
12,5,734,698,58,200,1,1,1.0
12,6,990,834,68,200,1,1,1.0
13,1,1025,558,96,200,1,1,1.0
13,2,723,174,78,200,1,1,1.0
13,3,984,48,98,200,1,1,1.0
13,4,1053,303,72,200,1,1,1.0
13,5,738,691,54,200,1,1,1.0
13,6,981,836,66,200,1,1,1.0
14,1,1035,568,92,200,1,1,1.0
14,2,726,182,74,200,1,1,1.0
14,3,971,46,106,200,1,1,1.0
14,4,1060,293,72,200,1,1,1.0
14,5,739,683,56,200,1,1,1.0
14,6,964,837,80,200,1,1,1.0
15,1,1041,577,96,200,1,1,1.0
15,2,728,189,74,200,1,1,1.0
15,3,963,44,102,200,1,1,1.0
15,4,1063,284,82,200,1,1,1.0
15,5,739,675,62,200,1,1,1.0
15,6,958,838,74,200,1,1,1.0
16,1,1047,587,98,200,1,1,1.0
16,2,729,197,76,200,1,1,1.0
16,3,957,43,94,200,1,1,1.0
16,4,1067,275,86,200,1,1,1.0
16,5,740,666,68,200,1,1,1.0
16,6,950,839,70,200,1,1,1.0
17,1,1060,596,88,200,1,1,1.0
17,2,726,205,88,200,1,1,1.0
17,3,949,42,92,200,1,1,1.0
17,4,1074,266,86,200,1,1,1.0
17,5,745,658,64,200,1,1,1.0
17,6,938,839,74,200,1,1,1.0
18,1,1063,605,94,200,1,1,1.0
18,2,735,214,78,200,1,1,1.0
18,3,934,41,102,200,1,1,1.0
18,4,1086,257,74,200,1,1,1.0
18,5,753,650,58,200,1,1,1.0
18,6,933,839,64,200,1,1,1.0
19,1,1074,614,86,200,1,1,1.0
19,2,739,222,76,200,1,1,1.0
19,3,928,41,94,200,1,1,1.0
19,4,1086,248,84,200,1,1,1.0
19,5,753,641,66,200,1,1,1.0
19,6,919,839,72,200,1,1,1.0
20,1,1080,623,86,200,1,1,1.0
20,2,740,230,84,200,1,1,1.0
20,3,913,41,104,200,1,1,1.0
20,4,1098,239,72,200,1,1,1.0
20,5,762,632,60,200,1,1,1.0
20,6,905,839,80,200,1,1,1.0
21,1,1078,632,100,200,1,1,1.0
21,2,742,239,88,200,1,1,1.0
21,3,908,41,94,200,1,1,1.0
21,4,1095,230,86,200,1,1,1.0
21,5,764,623,66,200,1,1,1.0
21,6,896,839,78,200,1,1,1.0
22,1,1087,641,94,200,1,1,1.0
22,2,753,248,78,200,1,1,1.0
22,3,900,41,90,200,1,1,1.0
22,4,1102,222,82,200,1,1,1.0
22,5,769,614,68,200,1,1,1.0
22,6,888,838,74,200,1,1,1.0
23,1,1090,650,96,200,1,1,1.0
23,2,757,257,80,200,1,1,1.0
23,3,888,41,94,200,1,1,1.0
23,4,1108,214,76,200,1,1,1.0
23,5,782,605,56,200,1,1,1.0
23,6,879,837,74,200,1,1,1.0
24,1,1098,658,90,200,1,1,1.0
24,2,762,266,82,200,1,1,1.0
24,3,879,42,92,200,1,1,1.0
24,4,1114,205,72,200,1,1,1.0
24,5,787,596,58,200,1,1,1.0
24,6,874,836,64,200,1,1,1.0
25,1,1103,666,86,200,1,1,1.0
25,2,765,275,90,200,1,1,1.0
25,3,870,43,92,200,1,1,1.0
25,4,1111,197,84,200,1,1,1.0
25,5,789,587,70,200,1,1,1.0
25,6,863,834,66,200,1,1,1.0
26,1,1104,675,92,200,1,1,1.0
26,2,778,284,76,200,1,1,1.0
26,3,855,44,102,200,1,1,1.0
26,4,1118,189,74,200,1,1,1.0
26,5,796,577,70,200,1,1,1.0
26,6,855,832,64,200,1,1,1.0
27,1,1106,683,94,200,1,1,1.0
27,2,783,293,82,200,1,1,1.0
27,3,848,46,96,200,1,1,1.0
27,4,1119,182,76,200,1,1,1.0
27,5,811,568,56,200,1,1,1.0
27,6,843,830,70,200,1,1,1.0
28,1,1111,691,88,200,1,1,1.0
28,2,788,303,86,200,1,1,1.0
28,3,842,48,90,200,1,1,1.0
28,4,1116,174,84,200,1,1,1.0
28,5,819,558,56,200,1,1,1.0
28,6,835,828,68,200,1,1,1.0
29,1,1112,698,90,200,1,1,1.0
29,2,795,312,88,200,1,1,1.0
29,3,828,50,100,200,1,1,1.0
29,4,1116,167,86,200,1,1,1.0
29,5,826,549,58,200,1,1,1.0
29,6,826,826,68,200,1,1,1.0
30,1,1110,706,96,200,1,1,1.0
30,2,808,322,78,200,1,1,1.0
30,3,821,52,96,200,1,1,1.0
30,4,1120,159,78,200,1,1,1.0
30,5,837,539,54,200,1,1,1.0
30,6,817,823,68,200,1,1,1.0
31,1,1111,713,96,200,1,1,1.0
31,2,813,331,84,200,1,1,1.0
31,3,814,54,92,200,1,1,1.0
31,4,1119,152,80,200,1,1,1.0
31,5,843,529,60,200,1,1,1.0
31,6,803,820,80,200,1,1,1.0
32,1,1110,721,98,200,1,1,1.0
32,2,823,341,82,200,1,1,1.0
32,3,805,57,92,200,1,1,1.0
32,4,1120,145,78,200,1,1,1.0
32,5,855,519,54,200,1,1,1.0
32,6,802,817,66,200,1,1,1.0
33,1,1110,728,98,200,1,1,1.0
33,2,833,351,80,200,1,1,1.0
33,3,797,60,92,200,1,1,1.0
33,4,1115,139,86,200,1,1,1.0
33,5,863,510,58,200,1,1,1.0
33,6,791,813,72,200,1,1,1.0
34,1,1112,735,94,200,1,1,1.0
34,2,845,361,74,200,1,1,1.0
34,3,786,63,98,200,1,1,1.0
34,4,1117,132,78,200,1,1,1.0
34,5,869,500,64,200,1,1,1.0
34,6,780,810,80,200,1,1,1.0
35,1,1110,741,96,200,1,1,1.0
35,2,848,370,88,200,1,1,1.0
35,3,775,67,104,200,1,1,1.0
35,4,1112,126,84,200,1,1,1.0
35,5,878,490,66,200,1,1,1.0
35,6,780,806,66,200,1,1,1.0
36,1,1110,748,92,200,1,1,1.0
36,2,857,380,88,200,1,1,1.0
36,3,767,70,106,200,1,1,1.0
36,4,1112,120,78,200,1,1,1.0
36,5,892,480,58,200,1,1,1.0
36,6,766,801,80,200,1,1,1.0
37,1,1105,754,98,200,1,1,1.0
37,2,871,390,80,200,1,1,1.0
37,3,766,74,94,200,1,1,1.0
37,4,1106,114,84,200,1,1,1.0
37,5,902,470,56,200,1,1,1.0
37,6,768,797,64,200,1,1,1.0
38,1,1102,760,98,200,1,1,1.0
38,2,881,400,80,200,1,1,1.0
38,3,754,79,104,200,1,1,1.0
38,4,1106,108,78,200,1,1,1.0
38,5,906,460,68,200,1,1,1.0
38,6,754,792,80,200,1,1,1.0
39,1,1103,766,90,200,1,1,1.0
39,2,886,410,88,200,1,1,1.0
39,3,755,83,90,200,1,1,1.0
39,4,1104,103,72,200,1,1,1.0
39,5,922,450,56,200,1,1,1.0
39,6,751,788,76,200,1,1,1.0
40,1,1099,772,92,200,1,1,1.0
40,2,903,420,74,200,1,1,1.0
40,3,744,88,100,200,1,1,1.0
40,4,1094,97,84,200,1,1,1.0
40,5,927,440,66,200,1,1,1.0
40,6,746,783,76,200,1,1,1.0
41,1,1093,777,94,200,1,1,1.0
41,2,908,430,84,200,1,1,1.0
41,3,736,92,106,200,1,1,1.0
41,4,1095,92,72,200,1,1,1.0
41,5,939,430,62,200,1,1,1.0
41,6,741,777,78,200,1,1,1.0
42,1,1088,783,96,200,1,1,1.0
42,2,918,440,84,200,1,1,1.0
42,3,734,97,100,200,1,1,1.0
42,4,1084,88,84,200,1,1,1.0
42,5,950,420,60,200,1,1,1.0
42,6,742,772,66,200,1,1,1.0
43,1,1082,788,98,200,1,1,1.0
43,2,927,450,86,200,1,1,1.0
43,3,730,103,100,200,1,1,1.0
43,4,1078,83,84,200,1,1,1.0
43,5,955,410,70,200,1,1,1.0
43,6,733,766,78,200,1,1,1.0
44,1,1077,792,98,200,1,1,1.0
44,2,940,460,80,200,1,1,1.0
44,3,724,108,102,200,1,1,1.0
44,4,1075,79,78,200,1,1,1.0
44,5,966,400,66,200,1,1,1.0
44,6,733,760,72,200,1,1,1.0
45,1,1077,797,86,200,1,1,1.0
45,2,951,470,78,200,1,1,1.0
45,3,726,114,92,200,1,1,1.0
45,4,1070,74,74,200,1,1,1.0
45,5,978,390,62,200,1,1,1.0
45,6,729,754,74,200,1,1,1.0
46,1,1067,801,94,200,1,1,1.0
46,2,954,480,90,200,1,1,1.0
46,3,718,120,102,200,1,1,1.0
46,4,1061,70,78,200,1,1,1.0
46,5,986,380,66,200,1,1,1.0
46,6,726,748,76,200,1,1,1.0
47,1,1060,806,94,200,1,1,1.0
47,2,969,490,80,200,1,1,1.0
47,3,717,126,98,200,1,1,1.0
47,4,1057,67,72,200,1,1,1.0
47,5,999,370,58,200,1,1,1.0
47,6,727,741,70,200,1,1,1.0
48,1,1050,810,100,200,1,1,1.0
48,2,979,500,80,200,1,1,1.0
48,3,713,132,102,200,1,1,1.0
48,4,1044,63,82,200,1,1,1.0
48,5,1010,361,56,200,1,1,1.0
48,6,725,735,72,200,1,1,1.0
49,1,1049,813,88,200,1,1,1.0
49,2,985,510,86,200,1,1,1.0
49,3,712,139,100,200,1,1,1.0
49,4,1036,60,82,200,1,1,1.0
49,5,1015,351,64,200,1,1,1.0
49,6,722,728,78,200,1,1,1.0
50,1,1040,817,90,200,1,1,1.0
50,2,997,519,82,200,1,1,1.0
50,3,712,145,98,200,1,1,1.0
50,4,1028,57,82,200,1,1,1.0
50,5,1023,341,66,200,1,1,1.0
50,6,723,721,76,200,1,1,1.0
51,1,1032,820,90,200,1,1,1.0
51,2,1004,529,86,200,1,1,1.0
51,3,708,152,106,200,1,1,1.0
51,4,1024,54,72,200,1,1,1.0
51,5,1034,331,62,200,1,1,1.0
51,6,722,713,78,200,1,1,1.0
52,1,1020,823,98,200,1,1,1.0
52,2,1011,539,90,200,1,1,1.0
52,3,709,159,104,200,1,1,1.0
52,4,1009,52,84,200,1,1,1.0
52,5,1042,322,62,200,1,1,1.0
52,6,724,706,76,200,1,1,1.0
53,1,1015,826,90,200,1,1,1.0
53,2,1023,549,84,200,1,1,1.0
53,3,708,167,106,200,1,1,1.0
53,4,999,50,86,200,1,1,1.0
53,5,1046,312,70,200,1,1,1.0
53,6,729,698,68,200,1,1,1.0
54,1,1008,828,86,200,1,1,1.0
54,2,1036,558,74,200,1,1,1.0
54,3,715,174,94,200,1,1,1.0
54,4,993,48,80,200,1,1,1.0
54,5,1061,303,56,200,1,1,1.0
54,6,733,691,64,200,1,1,1.0
55,1,992,830,100,200,1,1,1.0
55,2,1042,568,78,200,1,1,1.0
55,3,712,182,102,200,1,1,1.0
55,4,986,46,76,200,1,1,1.0
55,5,1067,293,58,200,1,1,1.0
55,6,728,683,78,200,1,1,1.0
56,1,988,832,90,200,1,1,1.0
56,2,1049,577,80,200,1,1,1.0
56,3,718,189,94,200,1,1,1.0
56,4,975,44,78,200,1,1,1.0
56,5,1070,284,68,200,1,1,1.0
56,6,730,675,80,200,1,1,1.0
57,1,975,834,98,200,1,1,1.0
57,2,1057,587,78,200,1,1,1.0
57,3,715,197,104,200,1,1,1.0
57,4,967,43,74,200,1,1,1.0
57,5,1079,275,62,200,1,1,1.0
57,6,735,666,78,200,1,1,1.0
58,1,965,836,98,200,1,1,1.0
58,2,1059,596,90,200,1,1,1.0
58,3,720,205,100,200,1,1,1.0
58,4,956,42,78,200,1,1,1.0
58,5,1087,266,60,200,1,1,1.0
58,6,744,658,66,200,1,1,1.0
59,1,957,837,94,200,1,1,1.0
59,2,1069,605,82,200,1,1,1.0
59,3,727,214,94,200,1,1,1.0
59,4,942,41,86,200,1,1,1.0
59,5,1092,257,62,200,1,1,1.0
59,6,744,650,76,200,1,1,1.0
60,1,947,838,96,200,1,1,1.0
60,2,1075,614,84,200,1,1,1.0
60,3,728,222,98,200,1,1,1.0
60,4,933,41,84,200,1,1,1.0
60,5,1100,248,56,200,1,1,1.0
60,6,749,641,74,200,1,1,1.0
61,1,939,839,92,200,1,1,1.0
61,2,1080,623,86,200,1,1,1.0
61,3,733,230,98,200,1,1,1.0
61,4,925,41,80,200,1,1,1.0
61,5,1103,239,62,200,1,1,1.0
61,6,753,632,78,200,1,1,1.0
62,1,929,839,92,200,1,1,1.0
62,2,1090,632,76,200,1,1,1.0
62,3,737,239,98,200,1,1,1.0
62,4,914,41,82,200,1,1,1.0
62,5,1104,230,68,200,1,1,1.0
62,6,757,623,80,200,1,1,1.0
63,1,920,839,90,200,1,1,1.0
63,2,1089,641,90,200,1,1,1.0
63,3,745,248,94,200,1,1,1.0
63,4,903,41,84,200,1,1,1.0
63,5,1110,222,66,200,1,1,1.0
63,6,763,614,80,200,1,1,1.0
64,1,909,839,92,200,1,1,1.0
64,2,1099,650,78,200,1,1,1.0
64,3,749,257,96,200,1,1,1.0
64,4,892,41,86,200,1,1,1.0
64,5,1113,214,66,200,1,1,1.0
64,6,771,605,78,200,1,1,1.0
65,1,903,839,84,200,1,1,1.0
65,2,1102,658,82,200,1,1,1.0
65,3,755,266,96,200,1,1,1.0
65,4,886,42,78,200,1,1,1.0
65,5,1121,205,58,200,1,1,1.0
65,6,782,596,68,200,1,1,1.0
66,1,892,839,86,200,1,1,1.0
66,2,1101,666,90,200,1,1,1.0
66,3,763,275,94,200,1,1,1.0
66,4,878,43,76,200,1,1,1.0
66,5,1122,197,62,200,1,1,1.0
66,6,784,587,80,200,1,1,1.0
67,1,877,838,96,200,1,1,1.0
67,2,1106,675,88,200,1,1,1.0
67,3,764,284,104,200,1,1,1.0
67,4,866,44,80,200,1,1,1.0
67,5,1120,189,70,200,1,1,1.0
67,6,795,577,72,200,1,1,1.0
68,1,866,837,100,200,1,1,1.0
68,2,1114,683,78,200,1,1,1.0
68,3,774,293,100,200,1,1,1.0
68,4,857,46,78,200,1,1,1.0
68,5,1123,182,68,200,1,1,1.0
68,6,804,568,70,200,1,1,1.0
69,1,859,836,94,200,1,1,1.0
69,2,1112,691,86,200,1,1,1.0
69,3,786,303,90,200,1,1,1.0
69,4,848,48,78,200,1,1,1.0
69,5,1124,174,68,200,1,1,1.0
69,6,810,558,74,200,1,1,1.0
70,1,846,834,100,200,1,1,1.0
70,2,1114,698,86,200,1,1,1.0
70,3,789,312,100,200,1,1,1.0
70,4,840,50,76,200,1,1,1.0
70,5,1131,167,56,200,1,1,1.0
70,6,818,549,74,200,1,1,1.0
71,1,838,832,98,200,1,1,1.0
71,2,1116,706,84,200,1,1,1.0
71,3,799,322,96,200,1,1,1.0
71,4,828,52,82,200,1,1,1.0
71,5,1129,159,60,200,1,1,1.0
71,6,832,539,64,200,1,1,1.0
72,1,836,830,84,200,1,1,1.0
72,2,1121,713,76,200,1,1,1.0
72,3,809,331,92,200,1,1,1.0
72,4,818,54,84,200,1,1,1.0
72,5,1125,152,68,200,1,1,1.0
72,6,835,529,76,200,1,1,1.0
73,1,827,828,84,200,1,1,1.0
73,2,1118,721,82,200,1,1,1.0
73,3,818,341,92,200,1,1,1.0
73,4,812,57,78,200,1,1,1.0
73,5,1128,145,62,200,1,1,1.0
73,6,847,519,70,200,1,1,1.0
74,1,812,826,96,200,1,1,1.0
74,2,1120,728,78,200,1,1,1.0
74,3,823,351,100,200,1,1,1.0
74,4,804,60,78,200,1,1,1.0
74,5,1125,139,66,200,1,1,1.0
74,6,854,510,76,200,1,1,1.0
75,1,804,823,94,200,1,1,1.0
75,2,1115,735,88,200,1,1,1.0
75,3,832,361,100,200,1,1,1.0
75,4,794,63,82,200,1,1,1.0
75,5,1128,132,56,200,1,1,1.0
75,6,866,500,70,200,1,1,1.0
76,1,796,820,94,200,1,1,1.0
76,2,1119,741,78,200,1,1,1.0
76,3,846,370,92,200,1,1,1.0
76,4,790,67,74,200,1,1,1.0
76,5,1119,126,70,200,1,1,1.0
76,6,875,490,72,200,1,1,1.0
77,1,785,817,100,200,1,1,1.0
77,2,1118,748,76,200,1,1,1.0
77,3,852,380,98,200,1,1,1.0
77,4,782,70,76,200,1,1,1.0
77,5,1120,120,62,200,1,1,1.0
77,6,885,480,72,200,1,1,1.0
78,1,784,813,86,200,1,1,1.0
78,2,1117,754,74,200,1,1,1.0
78,3,860,390,102,200,1,1,1.0
78,4,771,74,84,200,1,1,1.0
78,5,1116,114,64,200,1,1,1.0
78,6,897,470,66,200,1,1,1.0
79,1,774,810,92,200,1,1,1.0
79,2,1109,760,84,200,1,1,1.0
79,3,875,400,92,200,1,1,1.0
79,4,763,79,86,200,1,1,1.0
79,5,1112,108,66,200,1,1,1.0
79,6,906,460,68,200,1,1,1.0
80,1,771,806,84,200,1,1,1.0
80,2,1109,766,78,200,1,1,1.0
80,3,880,410,100,200,1,1,1.0
80,4,762,83,76,200,1,1,1.0
80,5,1113,103,54,200,1,1,1.0
80,6,915,450,70,200,1,1,1.0
81,1,762,801,88,200,1,1,1.0
81,2,1101,772,88,200,1,1,1.0
81,3,894,420,92,200,1,1,1.0
81,4,751,88,86,200,1,1,1.0
81,5,1109,97,54,200,1,1,1.0
81,6,924,440,72,200,1,1,1.0
82,1,754,797,92,200,1,1,1.0
82,2,1100,777,80,200,1,1,1.0
82,3,904,430,92,200,1,1,1.0
82,4,752,92,74,200,1,1,1.0
82,5,1101,92,60,200,1,1,1.0
82,6,935,430,70,200,1,1,1.0
83,1,750,792,88,200,1,1,1.0
83,2,1094,783,84,200,1,1,1.0
83,3,912,440,96,200,1,1,1.0
83,4,741,97,86,200,1,1,1.0
83,5,1098,88,56,200,1,1,1.0
83,6,943,420,74,200,1,1,1.0
84,1,739,788,100,200,1,1,1.0
84,2,1090,788,82,200,1,1,1.0
84,3,924,450,92,200,1,1,1.0
84,4,737,103,86,200,1,1,1.0
84,5,1087,83,66,200,1,1,1.0
84,6,952,410,76,200,1,1,1.0
85,1,742,783,84,200,1,1,1.0
85,2,1088,792,76,200,1,1,1.0
85,3,932,460,96,200,1,1,1.0
85,4,739,108,72,200,1,1,1.0
85,5,1081,79,66,200,1,1,1.0
85,6,964,400,70,200,1,1,1.0
86,1,734,777,92,200,1,1,1.0
86,2,1078,797,84,200,1,1,1.0
86,3,940,470,100,200,1,1,1.0
86,4,729,114,86,200,1,1,1.0
86,5,1073,74,68,200,1,1,1.0
86,6,972,390,74,200,1,1,1.0
87,1,727,772,96,200,1,1,1.0
87,2,1072,801,84,200,1,1,1.0
87,3,954,480,90,200,1,1,1.0
87,4,727,120,84,200,1,1,1.0
87,5,1068,70,64,200,1,1,1.0
87,6,986,380,66,200,1,1,1.0
88,1,723,766,98,200,1,1,1.0
88,2,1070,806,74,200,1,1,1.0
88,3,961,490,96,200,1,1,1.0
88,4,724,126,84,200,1,1,1.0
88,5,1064,67,58,200,1,1,1.0
88,6,988,370,80,200,1,1,1.0
89,1,727,760,84,200,1,1,1.0
89,2,1060,810,80,200,1,1,1.0
89,3,966,500,106,200,1,1,1.0
89,4,727,132,74,200,1,1,1.0
89,5,1057,63,56,200,1,1,1.0
89,6,1002,361,72,200,1,1,1.0
90,1,722,754,88,200,1,1,1.0
90,2,1052,813,82,200,1,1,1.0
90,3,977,510,102,200,1,1,1.0
90,4,725,139,74,200,1,1,1.0
90,5,1047,60,60,200,1,1,1.0
90,6,1009,351,76,200,1,1,1.0
91,1,718,748,92,200,1,1,1.0
91,2,1045,817,80,200,1,1,1.0
91,3,987,519,102,200,1,1,1.0
91,4,722,145,78,200,1,1,1.0
91,5,1035,57,68,200,1,1,1.0
91,6,1018,341,76,200,1,1,1.0
92,1,715,741,94,200,1,1,1.0
92,2,1037,820,80,200,1,1,1.0
92,3,999,529,96,200,1,1,1.0
92,4,718,152,86,200,1,1,1.0
92,5,1030,54,60,200,1,1,1.0
92,6,1032,331,66,200,1,1,1.0
93,1,714,735,94,200,1,1,1.0
93,2,1029,823,80,200,1,1,1.0
93,3,1004,539,104,200,1,1,1.0
93,4,718,159,86,200,1,1,1.0
93,5,1016,52,70,200,1,1,1.0
93,6,1038,322,70,200,1,1,1.0
94,1,712,728,98,200,1,1,1.0
94,2,1019,826,82,200,1,1,1.0
94,3,1016,549,98,200,1,1,1.0
94,4,723,167,76,200,1,1,1.0
94,5,1012,50,60,200,1,1,1.0
94,6,1043,312,76,200,1,1,1.0
95,1,718,721,86,200,1,1,1.0
95,2,1009,828,84,200,1,1,1.0
95,3,1025,558,96,200,1,1,1.0
95,4,723,174,78,200,1,1,1.0
95,5,1003,48,60,200,1,1,1.0
95,6,1051,303,76,200,1,1,1.0
96,1,711,713,100,200,1,1,1.0
96,2,1001,830,82,200,1,1,1.0
96,3,1031,568,100,200,1,1,1.0
96,4,721,182,84,200,1,1,1.0
96,5,991,46,66,200,1,1,1.0
96,6,1060,293,72,200,1,1,1.0
97,1,713,706,98,200,1,1,1.0
97,2,988,832,90,200,1,1,1.0
97,3,1042,577,94,200,1,1,1.0
97,4,725,189,80,200,1,1,1.0
97,5,983,44,62,200,1,1,1.0
97,6,1070,284,68,200,1,1,1.0
98,1,721,698,84,200,1,1,1.0
98,2,983,834,82,200,1,1,1.0
98,3,1047,587,98,200,1,1,1.0
98,4,726,197,82,200,1,1,1.0
98,5,972,43,64,200,1,1,1.0
98,6,1076,275,68,200,1,1,1.0
99,1,718,691,94,200,1,1,1.0
99,2,971,836,86,200,1,1,1.0
99,3,1055,596,98,200,1,1,1.0
99,4,734,205,72,200,1,1,1.0
99,5,962,42,66,200,1,1,1.0
99,6,1082,266,70,200,1,1,1.0
100,1,718,683,98,200,1,1,1.0
100,2,963,837,82,200,1,1,1.0
100,3,1061,605,98,200,1,1,1.0
100,4,736,214,76,200,1,1,1.0
100,5,952,41,66,200,1,1,1.0
100,6,1087,257,72,200,1,1,1.0
101,1,728,675,84,200,1,1,1.0
101,2,954,838,82,200,1,1,1.0
101,3,1072,614,90,200,1,1,1.0
101,4,741,222,72,200,1,1,1.0
101,5,946,41,58,200,1,1,1.0
101,6,1091,248,74,200,1,1,1.0
102,1,725,666,98,200,1,1,1.0
102,2,947,839,76,200,1,1,1.0
102,3,1072,623,102,200,1,1,1.0
102,4,743,230,78,200,1,1,1.0
102,5,931,41,68,200,1,1,1.0
102,6,1100,239,68,200,1,1,1.0
103,1,733,658,88,200,1,1,1.0
103,2,933,839,84,200,1,1,1.0
103,3,1077,632,102,200,1,1,1.0
103,4,748,239,76,200,1,1,1.0
103,5,927,41,56,200,1,1,1.0
103,6,1104,230,68,200,1,1,1.0
104,1,737,650,90,200,1,1,1.0
104,2,921,839,88,200,1,1,1.0
104,3,1087,641,94,200,1,1,1.0
104,4,753,248,78,200,1,1,1.0
104,5,911,41,68,200,1,1,1.0
104,6,1104,222,78,200,1,1,1.0
105,1,738,641,96,200,1,1,1.0
105,2,917,839,76,200,1,1,1.0
105,3,1088,650,100,200,1,1,1.0
105,4,755,257,84,200,1,1,1.0
105,5,902,41,66,200,1,1,1.0
105,6,1112,214,68,200,1,1,1.0
106,1,748,632,88,200,1,1,1.0
106,2,903,839,84,200,1,1,1.0
106,3,1097,658,92,200,1,1,1.0
106,4,762,266,82,200,1,1,1.0
106,5,898,42,54,200,1,1,1.0
106,6,1117,205,66,200,1,1,1.0
107,1,750,623,94,200,1,1,1.0
107,2,895,839,80,200,1,1,1.0
107,3,1100,666,92,200,1,1,1.0
107,4,768,275,84,200,1,1,1.0
107,5,886,43,60,200,1,1,1.0
107,6,1118,197,70,200,1,1,1.0
108,1,757,614,92,200,1,1,1.0
108,2,884,838,82,200,1,1,1.0
108,3,1099,675,102,200,1,1,1.0
108,4,779,284,74,200,1,1,1.0
108,5,877,44,58,200,1,1,1.0
108,6,1121,189,68,200,1,1,1.0
109,1,766,605,88,200,1,1,1.0
109,2,875,837,82,200,1,1,1.0
109,3,1108,683,90,200,1,1,1.0
109,4,783,293,82,200,1,1,1.0
109,5,867,46,58,200,1,1,1.0
109,6,1120,182,74,200,1,1,1.0
110,1,766,596,100,200,1,1,1.0
110,2,863,836,86,200,1,1,1.0
110,3,1109,691,92,200,1,1,1.0
110,4,792,303,78,200,1,1,1.0
110,5,854,48,66,200,1,1,1.0
110,6,1120,174,76,200,1,1,1.0
111,1,779,587,90,200,1,1,1.0
111,2,856,834,80,200,1,1,1.0
111,3,1107,698,100,200,1,1,1.0
111,4,798,312,82,200,1,1,1.0
111,5,849,50,58,200,1,1,1.0
111,6,1125,167,68,200,1,1,1.0
112,1,783,577,96,200,1,1,1.0
112,2,844,832,86,200,1,1,1.0
112,3,1109,706,98,200,1,1,1.0
112,4,811,322,72,200,1,1,1.0
112,5,835,52,68,200,1,1,1.0
112,6,1121,159,76,200,1,1,1.0
113,1,796,568,86,200,1,1,1.0
113,2,836,830,84,200,1,1,1.0
113,3,1111,713,96,200,1,1,1.0
113,4,817,331,76,200,1,1,1.0
113,5,826,54,68,200,1,1,1.0
113,6,1126,152,66,200,1,1,1.0
114,1,799,558,96,200,1,1,1.0
114,2,826,828,86,200,1,1,1.0
114,3,1112,721,94,200,1,1,1.0
114,4,821,341,86,200,1,1,1.0
114,5,816,57,70,200,1,1,1.0
114,6,1126,145,66,200,1,1,1.0
115,1,809,549,92,200,1,1,1.0
115,2,818,826,84,200,1,1,1.0
115,3,1113,728,92,200,1,1,1.0
115,4,833,351,80,200,1,1,1.0
115,5,810,60,66,200,1,1,1.0
115,6,1122,139,72,200,1,1,1.0
116,1,815,539,98,200,1,1,1.0
116,2,811,823,80,200,1,1,1.0
116,3,1109,735,100,200,1,1,1.0
116,4,841,361,82,200,1,1,1.0
116,5,803,63,64,200,1,1,1.0
116,6,1121,132,70,200,1,1,1.0
117,1,825,529,96,200,1,1,1.0
117,2,799,820,88,200,1,1,1.0
117,3,1112,741,92,200,1,1,1.0
117,4,855,370,74,200,1,1,1.0
117,5,794,67,66,200,1,1,1.0
117,6,1116,126,76,200,1,1,1.0
118,1,838,519,88,200,1,1,1.0
118,2,793,817,84,200,1,1,1.0
118,3,1104,748,104,200,1,1,1.0
118,4,864,380,74,200,1,1,1.0
118,5,787,70,66,200,1,1,1.0
118,6,1112,120,78,200,1,1,1.0
119,1,842,510,100,200,1,1,1.0
119,2,788,813,78,200,1,1,1.0
119,3,1105,754,98,200,1,1,1.0
119,4,868,390,86,200,1,1,1.0
119,5,783,74,60,200,1,1,1.0
119,6,1111,114,74,200,1,1,1.0
120,1,854,500,94,200,1,1,1.0
120,2,778,810,84,200,1,1,1.0
120,3,1098,760,106,200,1,1,1.0
120,4,879,400,84,200,1,1,1.0
120,5,776,79,60,200,1,1,1.0
120,6,1111,108,68,200,1,1,1.0
121,1,867,490,88,200,1,1,1.0
121,2,772,806,82,200,1,1,1.0
121,3,1097,766,102,200,1,1,1.0
121,4,889,410,82,200,1,1,1.0
121,5,771,83,58,200,1,1,1.0
121,6,1104,103,72,200,1,1,1.0
122,1,872,480,98,200,1,1,1.0
122,2,768,801,76,200,1,1,1.0
122,3,1100,772,90,200,1,1,1.0
122,4,900,420,80,200,1,1,1.0
122,5,763,88,62,200,1,1,1.0
122,6,1101,97,70,200,1,1,1.0
123,1,884,470,92,200,1,1,1.0
123,2,762,797,76,200,1,1,1.0
123,3,1094,777,92,200,1,1,1.0
123,4,913,430,74,200,1,1,1.0
123,5,756,92,66,200,1,1,1.0
123,6,1097,92,68,200,1,1,1.0
124,1,897,460,86,200,1,1,1.0
124,2,752,792,84,200,1,1,1.0
124,3,1084,783,104,200,1,1,1.0
124,4,923,440,74,200,1,1,1.0
124,5,752,97,64,200,1,1,1.0
124,6,1086,88,80,200,1,1,1.0
125,1,904,450,92,200,1,1,1.0
125,2,751,788,76,200,1,1,1.0
125,3,1078,788,106,200,1,1,1.0
125,4,933,450,74,200,1,1,1.0
125,5,751,103,58,200,1,1,1.0
125,6,1086,83,68,200,1,1,1.0
126,1,914,440,92,200,1,1,1.0
126,2,743,783,82,200,1,1,1.0
126,3,1078,792,96,200,1,1,1.0
126,4,942,460,76,200,1,1,1.0
126,5,743,108,64,200,1,1,1.0
126,6,1077,79,74,200,1,1,1.0
127,1,922,430,96,200,1,1,1.0
127,2,741,777,78,200,1,1,1.0
127,3,1068,797,104,200,1,1,1.0
127,4,954,470,72,200,1,1,1.0
127,5,738,114,68,200,1,1,1.0
127,6,1067,74,80,200,1,1,1.0
128,1,937,420,86,200,1,1,1.0
128,2,737,772,76,200,1,1,1.0
128,3,1063,801,102,200,1,1,1.0
128,4,960,480,78,200,1,1,1.0
128,5,737,120,64,200,1,1,1.0
128,6,1062,70,76,200,1,1,1.0
129,1,946,410,88,200,1,1,1.0
129,2,734,766,76,200,1,1,1.0
129,3,1059,806,96,200,1,1,1.0
129,4,966,490,86,200,1,1,1.0
129,5,734,126,64,200,1,1,1.0
129,6,1055,67,76,200,1,1,1.0
130,1,950,400,98,200,1,1,1.0
130,2,728,760,82,200,1,1,1.0
130,3,1055,810,90,200,1,1,1.0
130,4,978,500,82,200,1,1,1.0
130,5,729,132,70,200,1,1,1.0
130,6,1051,63,68,200,1,1,1.0
131,1,964,390,90,200,1,1,1.0
131,2,723,754,86,200,1,1,1.0
131,3,1048,813,90,200,1,1,1.0
131,4,990,510,76,200,1,1,1.0
131,5,731,139,62,200,1,1,1.0
131,6,1042,60,70,200,1,1,1.0
132,1,977,380,84,200,1,1,1.0
132,2,726,748,76,200,1,1,1.0
132,3,1032,817,106,200,1,1,1.0
132,4,998,519,80,200,1,1,1.0
132,5,727,145,68,200,1,1,1.0
132,6,1032,57,74,200,1,1,1.0
133,1,981,370,94,200,1,1,1.0
133,2,723,741,78,200,1,1,1.0
133,3,1026,820,102,200,1,1,1.0
133,4,1008,529,78,200,1,1,1.0
133,5,731,152,60,200,1,1,1.0
133,6,1023,54,74,200,1,1,1.0
134,1,990,361,96,200,1,1,1.0
134,2,717,735,88,200,1,1,1.0
134,3,1022,823,94,200,1,1,1.0
134,4,1017,539,78,200,1,1,1.0
134,5,729,159,64,200,1,1,1.0
134,6,1019,52,64,200,1,1,1.0
135,1,1003,351,88,200,1,1,1.0
135,2,721,728,80,200,1,1,1.0
135,3,1014,826,92,200,1,1,1.0
135,4,1029,549,72,200,1,1,1.0
135,5,732,167,58,200,1,1,1.0
135,6,1008,50,68,200,1,1,1.0
136,1,1009,341,94,200,1,1,1.0
136,2,718,721,86,200,1,1,1.0
136,3,999,828,104,200,1,1,1.0
136,4,1036,558,74,200,1,1,1.0
136,5,734,174,56,200,1,1,1.0
136,6,999,48,68,200,1,1,1.0
137,1,1020,331,90,200,1,1,1.0
137,2,721,713,80,200,1,1,1.0
137,3,992,830,100,200,1,1,1.0
137,4,1045,568,72,200,1,1,1.0
137,5,730,182,66,200,1,1,1.0
137,6,990,46,68,200,1,1,1.0
138,1,1025,322,96,200,1,1,1.0
138,2,719,706,86,200,1,1,1.0
138,3,985,832,96,200,1,1,1.0
138,4,1051,577,76,200,1,1,1.0
138,5,730,189,70,200,1,1,1.0
138,6,981,44,66,200,1,1,1.0
139,1,1032,312,98,200,1,1,1.0
139,2,719,698,88,200,1,1,1.0
139,3,972,834,104,200,1,1,1.0
139,4,1053,587,86,200,1,1,1.0
139,5,734,197,66,200,1,1,1.0
139,6,964,43,80,200,1,1,1.0
140,1,1047,303,84,200,1,1,1.0
140,2,721,691,88,200,1,1,1.0
140,3,962,836,104,200,1,1,1.0
140,4,1062,596,84,200,1,1,1.0
140,5,736,205,68,200,1,1,1.0
140,6,962,42,66,200,1,1,1.0
141,1,1052,293,88,200,1,1,1.0
141,2,724,683,86,200,1,1,1.0
141,3,958,837,92,200,1,1,1.0
141,4,1072,605,76,200,1,1,1.0
141,5,744,214,60,200,1,1,1.0
141,6,950,41,70,200,1,1,1.0
142,1,1060,284,88,200,1,1,1.0
142,2,729,675,82,200,1,1,1.0
142,3,947,838,96,200,1,1,1.0
142,4,1075,614,84,200,1,1,1.0
142,5,750,222,54,200,1,1,1.0
142,6,942,41,66,200,1,1,1.0
143,1,1065,275,90,200,1,1,1.0
143,2,735,666,78,200,1,1,1.0
143,3,939,839,92,200,1,1,1.0
143,4,1080,623,86,200,1,1,1.0
143,5,750,230,64,200,1,1,1.0
143,6,931,41,68,200,1,1,1.0
144,1,1071,266,92,200,1,1,1.0
144,2,738,658,78,200,1,1,1.0
144,3,929,839,92,200,1,1,1.0
144,4,1087,632,82,200,1,1,1.0
144,5,754,239,64,200,1,1,1.0
144,6,919,41,72,200,1,1,1.0
145,1,1073,257,100,200,1,1,1.0
145,2,744,650,76,200,1,1,1.0
145,3,916,839,98,200,1,1,1.0
145,4,1098,641,72,200,1,1,1.0
145,5,759,248,66,200,1,1,1.0
145,6,908,41,74,200,1,1,1.0
146,1,1084,248,88,200,1,1,1.0
146,2,746,641,80,200,1,1,1.0
146,3,904,839,102,200,1,1,1.0
146,4,1102,650,72,200,1,1,1.0
146,5,762,257,70,200,1,1,1.0
146,6,896,41,78,200,1,1,1.0
147,1,1086,239,96,200,1,1,1.0
147,2,752,632,80,200,1,1,1.0
147,3,894,839,102,200,1,1,1.0
147,4,1104,658,78,200,1,1,1.0
147,5,771,266,64,200,1,1,1.0
147,6,889,42,72,200,1,1,1.0
148,1,1094,230,88,200,1,1,1.0
148,2,756,623,82,200,1,1,1.0
148,3,888,839,94,200,1,1,1.0
148,4,1110,666,72,200,1,1,1.0
148,5,776,275,68,200,1,1,1.0
148,6,881,43,70,200,1,1,1.0
149,1,1098,222,90,200,1,1,1.0
149,2,766,614,74,200,1,1,1.0
149,3,877,838,96,200,1,1,1.0
149,4,1113,675,74,200,1,1,1.0
149,5,785,284,62,200,1,1,1.0
149,6,868,44,76,200,1,1,1.0
150,1,1097,214,98,200,1,1,1.0
150,2,769,605,82,200,1,1,1.0
150,3,866,837,100,200,1,1,1.0
150,4,1113,683,80,200,1,1,1.0
150,5,792,293,64,200,1,1,1.0
150,6,860,46,72,200,1,1,1.0
151,1,1100,205,100,200,1,1,1.0
151,2,772,596,88,200,1,1,1.0
151,3,855,836,102,200,1,1,1.0
151,4,1114,691,82,200,1,1,1.0
151,5,802,303,58,200,1,1,1.0
151,6,851,48,72,200,1,1,1.0
152,1,1106,197,94,200,1,1,1.0
152,2,781,587,86,200,1,1,1.0
152,3,848,834,96,200,1,1,1.0
152,4,1114,698,86,200,1,1,1.0
152,5,809,312,60,200,1,1,1.0
152,6,842,50,72,200,1,1,1.0
153,1,1111,189,88,200,1,1,1.0
153,2,791,577,80,200,1,1,1.0
153,3,835,832,104,200,1,1,1.0
153,4,1118,706,80,200,1,1,1.0
153,5,816,322,62,200,1,1,1.0
153,6,831,52,76,200,1,1,1.0
154,1,1109,182,96,200,1,1,1.0
154,2,795,568,88,200,1,1,1.0
154,3,827,830,102,200,1,1,1.0
154,4,1118,713,82,200,1,1,1.0
154,5,822,331,66,200,1,1,1.0
154,6,824,54,72,200,1,1,1.0
155,1,1113,174,90,200,1,1,1.0
155,2,802,558,90,200,1,1,1.0
155,3,818,828,102,200,1,1,1.0
155,4,1123,721,72,200,1,1,1.0
155,5,837,341,54,200,1,1,1.0
155,6,813,57,76,200,1,1,1.0
156,1,1114,167,90,200,1,1,1.0
156,2,816,549,78,200,1,1,1.0
156,3,808,826,104,200,1,1,1.0
156,4,1123,728,72,200,1,1,1.0
156,5,845,351,56,200,1,1,1.0
156,6,811,60,64,200,1,1,1.0
157,1,1114,159,90,200,1,1,1.0
157,2,820,539,88,200,1,1,1.0
157,3,802,823,98,200,1,1,1.0
157,4,1118,735,82,200,1,1,1.0
157,5,848,361,68,200,1,1,1.0
157,6,802,63,66,200,1,1,1.0
158,1,1113,152,92,200,1,1,1.0
158,2,831,529,84,200,1,1,1.0
158,3,796,820,94,200,1,1,1.0
158,4,1116,741,84,200,1,1,1.0
158,5,857,370,70,200,1,1,1.0
158,6,793,67,68,200,1,1,1.0
159,1,1112,145,94,200,1,1,1.0
159,2,839,519,86,200,1,1,1.0
159,3,784,817,102,200,1,1,1.0
159,4,1116,748,80,200,1,1,1.0
159,5,871,380,60,200,1,1,1.0
159,6,786,70,68,200,1,1,1.0
160,1,1109,139,98,200,1,1,1.0
160,2,849,510,86,200,1,1,1.0
160,3,777,813,100,200,1,1,1.0
160,4,1113,754,82,200,1,1,1.0
160,5,878,390,66,200,1,1,1.0
160,6,780,74,66,200,1,1,1.0
161,1,1110,132,92,200,1,1,1.0
161,2,856,500,90,200,1,1,1.0
161,3,772,810,96,200,1,1,1.0
161,4,1108,760,86,200,1,1,1.0
161,5,890,400,62,200,1,1,1.0
161,6,766,79,80,200,1,1,1.0
162,1,1110,126,88,200,1,1,1.0
162,2,867,490,88,200,1,1,1.0
162,3,762,806,102,200,1,1,1.0
162,4,1112,766,72,200,1,1,1.0
162,5,899,410,62,200,1,1,1.0
162,6,761,83,78,200,1,1,1.0
163,1,1103,120,96,200,1,1,1.0
163,2,880,480,82,200,1,1,1.0
163,3,761,801,90,200,1,1,1.0
163,4,1108,772,74,200,1,1,1.0
163,5,913,420,54,200,1,1,1.0
163,6,761,88,66,200,1,1,1.0
164,1,1102,114,92,200,1,1,1.0
164,2,892,470,76,200,1,1,1.0
164,3,754,797,92,200,1,1,1.0
164,4,1101,777,78,200,1,1,1.0
164,5,920,430,60,200,1,1,1.0
164,6,751,92,76,200,1,1,1.0
165,1,1100,108,90,200,1,1,1.0
165,2,897,460,86,200,1,1,1.0
165,3,747,792,94,200,1,1,1.0
165,4,1100,783,72,200,1,1,1.0
165,5,926,440,68,200,1,1,1.0
165,6,750,97,68,200,1,1,1.0
166,1,1097,103,86,200,1,1,1.0
166,2,906,450,88,200,1,1,1.0
166,3,742,788,94,200,1,1,1.0
166,4,1093,788,76,200,1,1,1.0
166,5,935,450,70,200,1,1,1.0
166,6,742,103,76,200,1,1,1.0
167,1,1087,97,98,200,1,1,1.0
167,2,916,440,88,200,1,1,1.0
167,3,737,783,94,200,1,1,1.0
167,4,1089,792,74,200,1,1,1.0
167,5,952,460,56,200,1,1,1.0
167,6,736,108,78,200,1,1,1.0
168,1,1083,92,96,200,1,1,1.0
168,2,933,430,74,200,1,1,1.0
168,3,732,777,96,200,1,1,1.0
168,4,1080,797,80,200,1,1,1.0
168,5,959,470,62,200,1,1,1.0
168,6,737,114,70,200,1,1,1.0
169,1,1077,88,98,200,1,1,1.0
169,2,935,420,90,200,1,1,1.0
169,3,726,772,98,200,1,1,1.0
169,4,1076,801,76,200,1,1,1.0
169,5,970,480,58,200,1,1,1.0
169,6,729,120,80,200,1,1,1.0
170,1,1072,83,96,200,1,1,1.0
170,2,945,410,90,200,1,1,1.0
170,3,724,766,96,200,1,1,1.0
170,4,1065,806,84,200,1,1,1.0
170,5,980,490,58,200,1,1,1.0
170,6,732,126,68,200,1,1,1.0
171,1,1071,79,86,200,1,1,1.0
171,2,961,400,76,200,1,1,1.0
171,3,718,760,102,200,1,1,1.0
171,4,1057,810,86,200,1,1,1.0
171,5,989,500,60,200,1,1,1.0
171,6,727,132,74,200,1,1,1.0
172,1,1058,74,98,200,1,1,1.0
172,2,971,390,76,200,1,1,1.0
172,3,715,754,102,200,1,1,1.0
172,4,1050,813,86,200,1,1,1.0
172,5,998,510,60,200,1,1,1.0
172,6,726,139,72,200,1,1,1.0
173,1,1054,70,92,200,1,1,1.0
173,2,979,380,80,200,1,1,1.0
173,3,712,748,104,200,1,1,1.0
173,4,1044,817,82,200,1,1,1.0
173,5,1004,519,68,200,1,1,1.0
173,6,722,145,78,200,1,1,1.0
174,1,1051,67,84,200,1,1,1.0
174,2,984,370,88,200,1,1,1.0
174,3,716,741,92,200,1,1,1.0
174,4,1035,820,84,200,1,1,1.0
174,5,1016,529,62,200,1,1,1.0
174,6,723,152,76,200,1,1,1.0
175,1,1038,63,94,200,1,1,1.0
175,2,1001,361,74,200,1,1,1.0
175,3,715,735,92,200,1,1,1.0
175,4,1029,823,80,200,1,1,1.0
175,5,1026,539,60,200,1,1,1.0
175,6,728,159,66,200,1,1,1.0
176,1,1030,60,94,200,1,1,1.0
176,2,1005,351,84,200,1,1,1.0
176,3,714,728,94,200,1,1,1.0
176,4,1021,826,78,200,1,1,1.0
176,5,1032,549,66,200,1,1,1.0
176,6,727,167,68,200,1,1,1.0
177,1,1020,57,98,200,1,1,1.0
177,2,1012,341,88,200,1,1,1.0
177,3,710,721,102,200,1,1,1.0
177,4,1013,828,76,200,1,1,1.0
177,5,1038,558,70,200,1,1,1.0
177,6,727,174,70,200,1,1,1.0
178,1,1010,54,100,200,1,1,1.0
178,2,1026,331,78,200,1,1,1.0
178,3,714,713,94,200,1,1,1.0
178,4,1000,830,84,200,1,1,1.0
178,5,1054,568,54,200,1,1,1.0
178,6,729,182,68,200,1,1,1.0
179,1,1007,52,88,200,1,1,1.0
179,2,1031,322,84,200,1,1,1.0
179,3,713,706,98,200,1,1,1.0
179,4,996,832,74,200,1,1,1.0
179,5,1061,577,56,200,1,1,1.0
179,6,726,189,78,200,1,1,1.0
180,1,999,50,86,200,1,1,1.0
180,2,1041,312,80,200,1,1,1.0
180,3,712,698,102,200,1,1,1.0
180,4,982,834,84,200,1,1,1.0
180,5,1066,587,60,200,1,1,1.0
180,6,732,197,70,200,1,1,1.0
181,1,990,48,86,200,1,1,1.0
181,2,1045,303,88,200,1,1,1.0
181,3,715,691,100,200,1,1,1.0
181,4,975,836,78,200,1,1,1.0
181,5,1070,596,68,200,1,1,1.0
181,6,732,205,76,200,1,1,1.0
182,1,977,46,94,200,1,1,1.0
182,2,1054,293,84,200,1,1,1.0
182,3,719,683,96,200,1,1,1.0
182,4,967,837,74,200,1,1,1.0
182,5,1082,605,56,200,1,1,1.0
182,6,737,214,74,200,1,1,1.0
183,1,970,44,88,200,1,1,1.0
183,2,1064,284,80,200,1,1,1.0
183,3,725,675,90,200,1,1,1.0
183,4,958,838,74,200,1,1,1.0
183,5,1086,614,62,200,1,1,1.0
183,6,738,222,78,200,1,1,1.0
184,1,958,43,92,200,1,1,1.0
184,2,1070,275,80,200,1,1,1.0
184,3,728,666,92,200,1,1,1.0
184,4,946,839,78,200,1,1,1.0
184,5,1093,623,60,200,1,1,1.0
184,6,750,230,64,200,1,1,1.0
185,1,946,42,98,200,1,1,1.0
185,2,1074,266,86,200,1,1,1.0
185,3,732,658,90,200,1,1,1.0
185,4,934,839,82,200,1,1,1.0
185,5,1096,632,64,200,1,1,1.0
185,6,746,239,80,200,1,1,1.0
186,1,937,41,96,200,1,1,1.0
186,2,1086,257,74,200,1,1,1.0
186,3,732,650,100,200,1,1,1.0
186,4,924,839,82,200,1,1,1.0
186,5,1099,641,70,200,1,1,1.0
186,6,755,248,74,200,1,1,1.0
187,1,932,41,86,200,1,1,1.0
187,2,1089,248,78,200,1,1,1.0
187,3,736,641,100,200,1,1,1.0
187,4,915,839,80,200,1,1,1.0
187,5,1107,650,62,200,1,1,1.0
187,6,759,257,76,200,1,1,1.0
188,1,921,41,88,200,1,1,1.0
188,2,1092,239,84,200,1,1,1.0
188,3,742,632,100,200,1,1,1.0
188,4,907,839,76,200,1,1,1.0
188,5,1113,658,60,200,1,1,1.0
188,6,769,266,68,200,1,1,1.0
189,1,911,41,88,200,1,1,1.0
189,2,1100,230,76,200,1,1,1.0
189,3,748,623,98,200,1,1,1.0
189,4,897,839,76,200,1,1,1.0
189,5,1113,666,66,200,1,1,1.0
189,6,772,275,76,200,1,1,1.0
190,1,902,41,86,200,1,1,1.0
190,2,1100,222,86,200,1,1,1.0
190,3,756,614,94,200,1,1,1.0
190,4,885,838,80,200,1,1,1.0
190,5,1116,675,68,200,1,1,1.0
190,6,780,284,72,200,1,1,1.0
191,1,890,41,90,200,1,1,1.0
191,2,1106,214,80,200,1,1,1.0
191,3,762,605,96,200,1,1,1.0
191,4,875,837,82,200,1,1,1.0
191,5,1119,683,68,200,1,1,1.0
191,6,788,293,72,200,1,1,1.0
192,1,880,42,90,200,1,1,1.0
192,2,1111,205,78,200,1,1,1.0
192,3,768,596,96,200,1,1,1.0
192,4,867,836,78,200,1,1,1.0
192,5,1124,691,62,200,1,1,1.0
192,6,795,303,72,200,1,1,1.0
193,1,872,43,88,200,1,1,1.0
193,2,1116,197,74,200,1,1,1.0
193,3,776,587,96,200,1,1,1.0
193,4,855,834,82,200,1,1,1.0
193,5,1125,698,64,200,1,1,1.0
193,6,803,312,72,200,1,1,1.0
194,1,859,44,94,200,1,1,1.0
194,2,1114,189,82,200,1,1,1.0
194,3,780,577,102,200,1,1,1.0
194,4,851,832,72,200,1,1,1.0
194,5,1124,706,68,200,1,1,1.0
194,6,815,322,64,200,1,1,1.0
195,1,847,46,98,200,1,1,1.0
195,2,1119,182,76,200,1,1,1.0
195,3,790,568,98,200,1,1,1.0
195,4,839,830,78,200,1,1,1.0
195,5,1127,713,64,200,1,1,1.0
195,6,818,331,74,200,1,1,1.0
196,1,839,48,96,200,1,1,1.0
196,2,1116,174,84,200,1,1,1.0
196,3,798,558,98,200,1,1,1.0
196,4,828,828,82,200,1,1,1.0
196,5,1126,721,66,200,1,1,1.0
196,6,828,341,72,200,1,1,1.0
197,1,836,50,84,200,1,1,1.0
197,2,1117,167,84,200,1,1,1.0
197,3,805,549,100,200,1,1,1.0
197,4,823,826,74,200,1,1,1.0
197,5,1132,728,54,200,1,1,1.0
197,6,836,351,74,200,1,1,1.0
198,1,824,52,90,200,1,1,1.0
198,2,1118,159,82,200,1,1,1.0
198,3,814,539,100,200,1,1,1.0
198,4,809,823,84,200,1,1,1.0
198,5,1128,735,62,200,1,1,1.0
198,6,847,361,70,200,1,1,1.0
199,1,817,54,86,200,1,1,1.0
199,2,1120,152,78,200,1,1,1.0
199,3,823,529,100,200,1,1,1.0
199,4,807,820,72,200,1,1,1.0
199,5,1129,741,58,200,1,1,1.0
199,6,855,370,74,200,1,1,1.0
200,1,808,57,86,200,1,1,1.0
200,2,1122,145,74,200,1,1,1.0
200,3,831,519,102,200,1,1,1.0
200,4,799,817,72,200,1,1,1.0
200,5,1124,748,64,200,1,1,1.0
200,6,864,380,74,200,1,1,1.0
201,1,796,60,94,200,1,1,1.0
201,2,1117,139,82,200,1,1,1.0
201,3,846,510,92,200,1,1,1.0
201,4,789,813,76,200,1,1,1.0
201,5,1125,754,58,200,1,1,1.0
201,6,875,390,72,200,1,1,1.0
202,1,793,63,84,200,1,1,1.0
202,2,1115,132,82,200,1,1,1.0
202,3,850,500,102,200,1,1,1.0
202,4,783,810,74,200,1,1,1.0
202,5,1120,760,62,200,1,1,1.0
202,6,882,400,78,200,1,1,1.0
203,1,781,67,92,200,1,1,1.0
203,2,1110,126,88,200,1,1,1.0
203,3,865,490,92,200,1,1,1.0
203,4,773,806,80,200,1,1,1.0
203,5,1116,766,64,200,1,1,1.0
203,6,897,410,66,200,1,1,1.0
204,1,777,70,86,200,1,1,1.0
204,2,1107,120,88,200,1,1,1.0
204,3,874,480,94,200,1,1,1.0
204,4,768,801,76,200,1,1,1.0
204,5,1118,772,54,200,1,1,1.0
204,6,903,420,74,200,1,1,1.0
205,1,765,74,96,200,1,1,1.0
205,2,1107,114,82,200,1,1,1.0
205,3,881,470,98,200,1,1,1.0
205,4,762,797,76,200,1,1,1.0
205,5,1105,777,70,200,1,1,1.0
205,6,911,430,78,200,1,1,1.0
206,1,757,79,98,200,1,1,1.0
206,2,1106,108,78,200,1,1,1.0
206,3,891,460,98,200,1,1,1.0
206,4,758,792,72,200,1,1,1.0
206,5,1102,783,68,200,1,1,1.0
206,6,921,440,78,200,1,1,1.0
207,1,757,83,86,200,1,1,1.0
207,2,1100,103,80,200,1,1,1.0
207,3,898,450,104,200,1,1,1.0
207,4,746,788,86,200,1,1,1.0
207,5,1101,788,60,200,1,1,1.0
207,6,937,450,66,200,1,1,1.0
208,1,747,88,94,200,1,1,1.0
208,2,1098,97,76,200,1,1,1.0
208,3,914,440,92,200,1,1,1.0
208,4,745,783,78,200,1,1,1.0
208,5,1093,792,66,200,1,1,1.0
208,6,941,460,78,200,1,1,1.0
209,1,739,92,100,200,1,1,1.0
209,2,1090,92,82,200,1,1,1.0
209,3,920,430,100,200,1,1,1.0
209,4,738,777,84,200,1,1,1.0
209,5,1091,797,58,200,1,1,1.0
209,6,956,470,68,200,1,1,1.0
210,1,736,97,96,200,1,1,1.0
210,2,1082,88,88,200,1,1,1.0
210,3,933,420,94,200,1,1,1.0
210,4,737,772,76,200,1,1,1.0
210,5,1080,801,68,200,1,1,1.0
210,6,960,480,78,200,1,1,1.0
211,1,732,103,96,200,1,1,1.0
211,2,1083,83,74,200,1,1,1.0
211,3,939,410,102,200,1,1,1.0
211,4,733,766,78,200,1,1,1.0
211,5,1078,806,58,200,1,1,1.0
211,6,970,490,78,200,1,1,1.0
212,1,730,108,90,200,1,1,1.0
212,2,1076,79,76,200,1,1,1.0
212,3,954,400,90,200,1,1,1.0
212,4,732,760,74,200,1,1,1.0
212,5,1068,810,64,200,1,1,1.0
212,6,985,500,68,200,1,1,1.0
213,1,730,114,84,200,1,1,1.0
213,2,1065,74,84,200,1,1,1.0
213,3,958,390,102,200,1,1,1.0
213,4,729,754,74,200,1,1,1.0
213,5,1058,813,70,200,1,1,1.0
213,6,994,510,68,200,1,1,1.0
214,1,725,120,88,200,1,1,1.0
214,2,1058,70,84,200,1,1,1.0
214,3,973,380,92,200,1,1,1.0
214,4,722,748,84,200,1,1,1.0
214,5,1056,817,58,200,1,1,1.0
214,6,1005,519,66,200,1,1,1.0
215,1,717,126,98,200,1,1,1.0
215,2,1050,67,86,200,1,1,1.0
215,3,976,370,104,200,1,1,1.0
215,4,725,741,74,200,1,1,1.0
215,5,1045,820,64,200,1,1,1.0
215,6,1007,529,80,200,1,1,1.0
216,1,715,132,98,200,1,1,1.0
216,2,1047,63,76,200,1,1,1.0
216,3,987,361,102,200,1,1,1.0
216,4,725,735,72,200,1,1,1.0
216,5,1035,823,68,200,1,1,1.0
216,6,1020,539,72,200,1,1,1.0
217,1,712,139,100,200,1,1,1.0
217,2,1034,60,86,200,1,1,1.0
217,3,994,351,106,200,1,1,1.0
217,4,722,728,78,200,1,1,1.0
217,5,1028,826,64,200,1,1,1.0
217,6,1030,549,70,200,1,1,1.0
218,1,713,145,96,200,1,1,1.0
218,2,1028,57,82,200,1,1,1.0
218,3,1006,341,100,200,1,1,1.0
218,4,725,721,72,200,1,1,1.0
218,5,1018,828,66,200,1,1,1.0
218,6,1034,558,78,200,1,1,1.0
219,1,714,152,94,200,1,1,1.0
219,2,1017,54,86,200,1,1,1.0
219,3,1019,331,92,200,1,1,1.0
219,4,721,713,80,200,1,1,1.0
219,5,1013,830,58,200,1,1,1.0
219,6,1044,568,74,200,1,1,1.0
220,1,717,159,88,200,1,1,1.0
220,2,1012,52,78,200,1,1,1.0
220,3,1023,322,100,200,1,1,1.0
220,4,724,706,76,200,1,1,1.0
220,5,1005,832,56,200,1,1,1.0
220,6,1051,577,76,200,1,1,1.0
221,1,716,167,90,200,1,1,1.0
221,2,1002,50,80,200,1,1,1.0
221,3,1030,312,102,200,1,1,1.0
221,4,722,698,82,200,1,1,1.0
221,5,994,834,60,200,1,1,1.0
221,6,1061,587,70,200,1,1,1.0
222,1,717,174,90,200,1,1,1.0
222,2,993,48,80,200,1,1,1.0
222,3,1039,303,100,200,1,1,1.0
222,4,728,691,74,200,1,1,1.0
222,5,981,836,66,200,1,1,1.0
222,6,1066,596,76,200,1,1,1.0
223,1,720,182,86,200,1,1,1.0
223,2,980,46,88,200,1,1,1.0
223,3,1045,293,102,200,1,1,1.0
223,4,728,683,78,200,1,1,1.0
223,5,972,837,64,200,1,1,1.0
223,6,1076,605,68,200,1,1,1.0
224,1,719,189,92,200,1,1,1.0
224,2,972,44,84,200,1,1,1.0
224,3,1054,284,100,200,1,1,1.0
224,4,728,675,84,200,1,1,1.0
224,5,965,838,60,200,1,1,1.0
224,6,1084,614,66,200,1,1,1.0
225,1,725,197,84,200,1,1,1.0
225,2,962,43,84,200,1,1,1.0
225,3,1060,275,100,200,1,1,1.0
225,4,733,666,82,200,1,1,1.0
225,5,957,839,56,200,1,1,1.0
225,6,1086,623,74,200,1,1,1.0
226,1,728,205,84,200,1,1,1.0
226,2,953,42,84,200,1,1,1.0
226,3,1066,266,102,200,1,1,1.0
226,4,737,658,80,200,1,1,1.0
226,5,947,839,56,200,1,1,1.0
226,6,1089,632,78,200,1,1,1.0
227,1,727,214,94,200,1,1,1.0
227,2,944,41,82,200,1,1,1.0
227,3,1072,257,102,200,1,1,1.0
227,4,746,650,72,200,1,1,1.0
227,5,937,839,56,200,1,1,1.0
227,6,1099,641,70,200,1,1,1.0
228,1,730,222,94,200,1,1,1.0
228,2,936,41,78,200,1,1,1.0
228,3,1078,248,100,200,1,1,1.0
228,4,748,641,76,200,1,1,1.0
228,5,927,839,56,200,1,1,1.0
228,6,1100,650,76,200,1,1,1.0
229,1,734,230,96,200,1,1,1.0
229,2,923,41,84,200,1,1,1.0
229,3,1085,239,98,200,1,1,1.0
229,4,753,632,78,200,1,1,1.0
229,5,910,839,70,200,1,1,1.0
229,6,1106,658,74,200,1,1,1.0
230,1,743,239,86,200,1,1,1.0
230,2,918,41,74,200,1,1,1.0
230,3,1091,230,94,200,1,1,1.0
230,4,758,623,78,200,1,1,1.0
230,5,908,839,54,200,1,1,1.0
230,6,1108,666,76,200,1,1,1.0
231,1,744,248,96,200,1,1,1.0
231,2,904,41,82,200,1,1,1.0
231,3,1096,222,94,200,1,1,1.0
231,4,762,614,82,200,1,1,1.0
231,5,895,838,60,200,1,1,1.0
231,6,1115,675,70,200,1,1,1.0
232,1,748,257,98,200,1,1,1.0
232,2,896,41,78,200,1,1,1.0
232,3,1094,214,104,200,1,1,1.0
232,4,769,605,82,200,1,1,1.0
232,5,881,837,70,200,1,1,1.0
232,6,1117,683,72,200,1,1,1.0
233,1,757,266,92,200,1,1,1.0
233,2,881,42,88,200,1,1,1.0
233,3,1103,205,94,200,1,1,1.0
233,4,774,596,84,200,1,1,1.0
233,5,872,836,68,200,1,1,1.0
233,6,1120,691,70,200,1,1,1.0
234,1,761,275,98,200,1,1,1.0
234,2,874,43,84,200,1,1,1.0
234,3,1100,197,106,200,1,1,1.0
234,4,781,587,86,200,1,1,1.0
234,5,869,834,54,200,1,1,1.0
234,6,1120,698,74,200,1,1,1.0
235,1,769,284,94,200,1,1,1.0
235,2,866,44,80,200,1,1,1.0
235,3,1106,189,98,200,1,1,1.0
235,4,795,577,72,200,1,1,1.0
235,5,858,832,58,200,1,1,1.0
235,6,1120,706,76,200,1,1,1.0
236,1,777,293,94,200,1,1,1.0
236,2,855,46,82,200,1,1,1.0
236,3,1104,182,106,200,1,1,1.0
236,4,799,568,80,200,1,1,1.0
236,5,843,830,70,200,1,1,1.0
236,6,1122,713,74,200,1,1,1.0
237,1,782,303,98,200,1,1,1.0
237,2,842,48,90,200,1,1,1.0
237,3,1110,174,96,200,1,1,1.0
237,4,806,558,82,200,1,1,1.0
237,5,841,828,56,200,1,1,1.0
237,6,1121,721,76,200,1,1,1.0
238,1,790,312,98,200,1,1,1.0
238,2,841,50,74,200,1,1,1.0
238,3,1113,167,92,200,1,1,1.0
238,4,818,549,74,200,1,1,1.0
238,5,825,826,70,200,1,1,1.0
238,6,1119,728,80,200,1,1,1.0
239,1,803,322,88,200,1,1,1.0
239,2,832,52,74,200,1,1,1.0
239,3,1110,159,98,200,1,1,1.0
239,4,824,539,80,200,1,1,1.0
239,5,819,823,64,200,1,1,1.0
239,6,1122,735,74,200,1,1,1.0
240,1,809,331,92,200,1,1,1.0
240,2,820,54,80,200,1,1,1.0
240,3,1109,152,100,200,1,1,1.0
240,4,837,529,72,200,1,1,1.0
240,5,810,820,66,200,1,1,1.0
240,6,1119,741,78,200,1,1,1.0
241,1,814,341,100,200,1,1,1.0
241,2,810,57,82,200,1,1,1.0
241,3,1109,145,100,200,1,1,1.0
241,4,843,519,78,200,1,1,1.0
241,5,802,817,66,200,1,1,1.0
241,6,1117,748,78,200,1,1,1.0
242,1,827,351,92,200,1,1,1.0
242,2,798,60,90,200,1,1,1.0
242,3,1112,139,92,200,1,1,1.0
242,4,849,510,86,200,1,1,1.0
242,5,799,813,56,200,1,1,1.0
242,6,1114,754,80,200,1,1,1.0
243,1,833,361,98,200,1,1,1.0
243,2,797,63,76,200,1,1,1.0
243,3,1109,132,94,200,1,1,1.0
243,4,861,500,80,200,1,1,1.0
243,5,788,810,64,200,1,1,1.0
243,6,1113,760,76,200,1,1,1.0
244,1,844,370,96,200,1,1,1.0
244,2,784,67,86,200,1,1,1.0
244,3,1102,126,104,200,1,1,1.0
244,4,874,490,74,200,1,1,1.0
244,5,782,806,62,200,1,1,1.0
244,6,1113,766,70,200,1,1,1.0
245,1,858,380,86,200,1,1,1.0
245,2,781,70,78,200,1,1,1.0
245,3,1105,120,92,200,1,1,1.0
245,4,883,480,76,200,1,1,1.0
245,5,775,801,62,200,1,1,1.0
245,6,1111,772,68,200,1,1,1.0
246,1,864,390,94,200,1,1,1.0
246,2,770,74,86,200,1,1,1.0
246,3,1096,114,104,200,1,1,1.0
246,4,887,470,86,200,1,1,1.0
246,5,770,797,60,200,1,1,1.0
246,6,1105,777,70,200,1,1,1.0
247,1,874,400,94,200,1,1,1.0
247,2,765,79,82,200,1,1,1.0
247,3,1095,108,100,200,1,1,1.0
247,4,903,460,74,200,1,1,1.0
247,5,759,792,70,200,1,1,1.0
247,6,1096,783,80,200,1,1,1.0
248,1,882,410,96,200,1,1,1.0
248,2,756,83,88,200,1,1,1.0
248,3,1091,103,98,200,1,1,1.0
248,4,909,450,82,200,1,1,1.0
248,5,756,788,66,200,1,1,1.0
248,6,1099,788,64,200,1,1,1.0
249,1,894,420,92,200,1,1,1.0
249,2,752,88,84,200,1,1,1.0
249,3,1088,97,96,200,1,1,1.0
249,4,924,440,72,200,1,1,1.0
249,5,756,783,56,200,1,1,1.0
249,6,1092,792,68,200,1,1,1.0
250,1,906,430,88,200,1,1,1.0
250,2,745,92,88,200,1,1,1.0
250,3,1079,92,104,200,1,1,1.0
250,4,929,430,82,200,1,1,1.0
250,5,750,777,60,200,1,1,1.0
250,6,1086,797,68,200,1,1,1.0
