2,1,971.81,486.27,83.58,207.91,-1,-1,-1,-1
3,1,986.06,502.76,85.18,206.90,-1,-1,-1,-1
4,1,1001.28,514.68,87.06,205.36,-1,-1,-1,-1
5,1,1016.21,530.04,87.58,205.00,-1,-1,-1,-1
6,1,1033.32,544.79,84.55,203.71,-1,-1,-1,-1
7,1,1049.71,559.96,83.86,204.53,-1,-1,-1,-1
8,1,1064.97,572.00,83.20,203.07,-1,-1,-1,-1
9,1,1074.78,588.45,85.59,199.68,-1,-1,-1,-1
10,1,1090.95,604.08,83.71,198.18,-1,-1,-1,-1
11,1,1106.90,612.03,83.38,200.41,-1,-1,-1,-1
12,1,1121.41,625.63,84.18,201.10,-1,-1,-1,-1
13,1,1136.69,636.45,83.23,200.14,-1,-1,-1,-1
14,1,1148.33,649.06,81.83,201.94,-1,-1,-1,-1
15,1,1163.19,655.94,81.77,205.43,-1,-1,-1,-1
16,1,1180.19,668.39,79.62,200.77,-1,-1,-1,-1
17,1,1193.40,680.69,81.36,203.35,-1,-1,-1,-1
18,1,1203.58,685.12,83.45,201.02,-1,-1,-1,-1
19,1,1218.93,697.43,80.64,201.87,-1,-1,-1,-1
20,1,1228.10,700.90,83.20,201.82,-1,-1,-1,-1
21,1,1244.28,708.12,80.10,202.29,-1,-1,-1,-1
22,1,1259.45,718.09,78.72,198.20,-1,-1,-1,-1
23,1,1268.27,723.32,81.10,198.48,-1,-1,-1,-1
24,1,1282.59,726.17,80.10,198.24,-1,-1,-1,-1
25,1,1293.66,732.12,78.06,197.38,-1,-1,-1,-1
26,1,1306.28,734.95,80.38,195.74,-1,-1,-1,-1
27,1,1315.83,739.58,81.60,196.68,-1,-1,-1,-1
28,1,1330.78,739.39,79.14,198.08,-1,-1,-1,-1
29,1,1339.88,740.50,79.28,196.84,-1,-1,-1,-1
30,1,1348.32,740.30,81.17,197.13,-1,-1,-1,-1
31,1,1363.05,740.06,78.06,197.82,-1,-1,-1,-1
32,1,1371.32,739.92,78.97,197.10,-1,-1,-1,-1
33,1,1380.16,735.71,80.05,196.00,-1,-1,-1,-1
34,1,1389.82,732.69,78.47,198.43,-1,-1,-1,-1
35,1,1396.96,731.81,80.94,198.16,-1,-1,-1,-1
36,1,1412.10,725.69,76.16,195.92,-1,-1,-1,-1
37,1,1420.39,720.72,75.78,193.86,-1,-1,-1,-1
38,1,1428.24,715.71,76.00,198.31,-1,-1,-1,-1
39,1,1436.38,709.67,75.38,195.27,-1,-1,-1,-1
40,1,1445.61,702.21,74.01,196.62,-1,-1,-1,-1
41,1,1453.17,693.36,73.78,196.49,-1,-1,-1,-1
42,1,1461.50,684.47,72.92,198.62,-1,-1,-1,-1
43,1,1462.32,675.93,78.54,196.99,-1,-1,-1,-1
44,1,1471.65,662.06,75.12,199.56,-1,-1,-1,-1
45,1,1477.63,653.31,77.57,199.93,-1,-1,-1,-1
46,1,1485.52,644.52,72.66,197.98,-1,-1,-1,-1
47,1,1487.60,628.95,76.40,201.84,-1,-1,-1,-1
48,1,1492.68,619.72,78.32,199.84,-1,-1,-1,-1
49,1,1498.04,606.95,78.45,197.97,-1,-1,-1,-1
50,1,1502.06,595.23,76.82,198.82,-1,-1,-1,-1
51,1,1506.19,580.39,80.22,200.19,-1,-1,-1,-1
52,1,1506.97,569.13,81.44,202.48,-1,-1,-1,-1
53,1,1514.43,553.05,78.26,205.33,-1,-1,-1,-1
54,1,1516.20,538.17,77.12,203.63,-1,-1,-1,-1
55,1,1517.69,521.93,76.98,204.85,-1,-1,-1,-1
56,1,1518.77,511.69,76.92,204.99,-1,-1,-1,-1
57,1,1521.79,496.22,80.49,204.45,-1,-1,-1,-1
58,1,1521.60,480.87,81.64,203.87,-1,-1,-1,-1
59,1,1521.79,465.01,82.95,203.90,-1,-1,-1,-1
60,1,1521.71,450.46,83.12,202.49,-1,-1,-1,-1
61,1,1522.88,434.75,81.34,204.20,-1,-1,-1,-1
62,1,1521.97,418.87,83.15,204.84,-1,-1,-1,-1
63,1,1519.25,401.08,88.35,208.49,-1,-1,-1,-1
64,1,1519.00,385.63,87.85,208.04,-1,-1,-1,-1
65,1,1519.94,376.20,85.26,204.09,-1,-1,-1,-1
66,1,1513.93,360.21,85.46,205.31,-1,-1,-1,-1
67,1,1512.33,345.89,87.11,203.16,-1,-1,-1,-1
68,1,1509.78,329.62,90.12,205.90,-1,-1,-1,-1
69,1,1510.08,314.65,88.70,206.66,-1,-1,-1,-1
70,1,1503.59,304.89,88.46,203.99,-1,-1,-1,-1
71,1,1503.43,288.47,88.11,206.63,-1,-1,-1,-1
72,1,1493.11,271.98,94.14,211.77,-1,-1,-1,-1
73,1,1494.10,263.19,89.27,208.98,-1,-1,-1,-1
74,1,1488.53,249.21,86.35,208.61,-1,-1,-1,-1
75,1,1482.29,239.60,85.28,206.81,-1,-1,-1,-1
76,1,1479.72,222.89,87.41,213.70,-1,-1,-1,-1
77,1,1474.46,214.91,82.68,211.27,-1,-1,-1,-1
78,1,1466.03,205.71,84.65,211.60,-1,-1,-1,-1
79,1,1458.72,196.98,84.87,211.58,-1,-1,-1,-1
80,1,1452.33,189.25,81.19,210.70,-1,-1,-1,-1
81,1,1446.62,179.68,88.06,215.68,-1,-1,-1,-1
82,1,1439.36,172.60,86.06,211.78,-1,-1,-1,-1
83,1,1430.94,165.13,86.68,211.62,-1,-1,-1,-1
84,1,1425.36,158.37,82.27,210.34,-1,-1,-1,-1
85,1,1415.04,150.36,87.48,213.26,-1,-1,-1,-1
86,1,1401.57,149.28,86.99,209.17,-1,-1,-1,-1
87,1,1392.98,144.51,88.27,208.64,-1,-1,-1,-1
88,1,1384.52,141.89,86.06,208.60,-1,-1,-1,-1
89,1,1375.85,136.63,86.76,210.43,-1,-1,-1,-1
90,1,1366.07,134.89,88.86,211.11,-1,-1,-1,-1
91,1,1352.27,134.94,88.77,209.63,-1,-1,-1,-1
92,1,1345.32,135.18,84.87,210.60,-1,-1,-1,-1
93,1,1335.02,135.39,87.62,209.99,-1,-1,-1,-1
94,1,1320.34,134.65,88.16,210.67,-1,-1,-1,-1
95,1,1311.94,135.75,87.53,211.83,-1,-1,-1,-1
96,1,1297.75,143.25,87.30,207.98,-1,-1,-1,-1
97,1,1287.93,143.04,87.55,210.89,-1,-1,-1,-1
98,1,1272.65,149.84,88.89,211.63,-1,-1,-1,-1
99,1,1263.71,150.44,89.28,214.53,-1,-1,-1,-1
100,1,1250.27,158.95,86.41,212.07,-1,-1,-1,-1
101,1,1239.52,165.96,87.86,212.95,-1,-1,-1,-1
102,1,1223.80,173.56,88.06,211.16,-1,-1,-1,-1
103,1,1214.34,180.25,88.95,213.81,-1,-1,-1,-1
104,1,1201.08,189.05,85.23,211.33,-1,-1,-1,-1
105,1,1184.75,197.90,87.35,213.30,-1,-1,-1,-1
106,1,1172.76,204.45,91.51,214.70,-1,-1,-1,-1
107,1,1158.19,212.91,89.88,216.78,-1,-1,-1,-1
108,1,1142.85,226.47,89.76,215.23,-1,-1,-1,-1
109,1,1125.45,235.80,93.45,214.71,-1,-1,-1,-1
110,1,1110.59,246.97,93.10,212.90,-1,-1,-1,-1
111,1,1099.62,259.99,95.21,214.47,-1,-1,-1,-1
112,1,1085.78,271.26,92.45,212.46,-1,-1,-1,-1
113,1,1068.96,286.78,94.61,211.24,-1,-1,-1,-1
114,1,1054.25,303.74,92.06,207.38,-1,-1,-1,-1
115,1,1039.10,320.07,91.19,205.73,-1,-1,-1,-1
116,1,1022.46,331.15,92.95,205.24,-1,-1,-1,-1
117,1,1012.56,345.02,91.72,207.48,-1,-1,-1,-1
118,1,997.41,359.93,90.70,206.92,-1,-1,-1,-1
119,1,983.32,377.51,86.61,203.14,-1,-1,-1,-1
120,1,966.54,390.68,88.07,207.07,-1,-1,-1,-1
121,1,951.38,401.25,86.91,208.61,-1,-1,-1,-1
122,1,937.60,417.28,84.65,207.47,-1,-1,-1,-1
123,1,922.60,431.55,84.07,209.94,-1,-1,-1,-1
124,1,923.33,432.29,81.92,208.73,-1,-1,-1,-1
125,1,904.12,445.76,88.79,213.08,-1,-1,-1,-1
126,1,890.82,463.02,83.33,208.71,-1,-1,-1,-1
127,1,879.38,477.31,85.93,213.10,-1,-1,-1,-1
128,1,862.31,493.26,89.71,211.12,-1,-1,-1,-1
129,1,847.94,510.98,85.90,207.70,-1,-1,-1,-1
130,1,830.85,522.20,89.02,206.15,-1,-1,-1,-1
131,1,816.12,536.77,87.32,208.54,-1,-1,-1,-1
132,1,800.97,550.49,86.91,211.67,-1,-1,-1,-1
133,1,785.60,567.75,85.43,206.47,-1,-1,-1,-1
134,1,769.51,577.50,87.60,208.51,-1,-1,-1,-1
135,1,755.11,594.38,84.99,201.85,-1,-1,-1,-1
136,1,745.71,604.06,82.23,203.14,-1,-1,-1,-1
137,1,729.75,618.46,83.63,203.18,-1,-1,-1,-1
138,1,714.70,626.10,83.16,206.83,-1,-1,-1,-1
139,1,701.01,640.07,81.37,207.21,-1,-1,-1,-1
140,1,690.73,651.57,80.32,203.43,-1,-1,-1,-1
141,1,675.24,664.76,81.54,203.12,-1,-1,-1,-1
142,1,659.98,673.28,81.10,202.53,-1,-1,-1,-1
143,1,649.78,682.66,80.47,202.03,-1,-1,-1,-1
144,1,634.20,690.86,80.14,201.30,-1,-1,-1,-1
145,1,621.21,699.14,78.05,202.45,-1,-1,-1,-1
146,1,611.21,705.72,78.64,202.15,-1,-1,-1,-1
147,1,596.07,713.91,79.08,202.47,-1,-1,-1,-1
148,1,580.99,716.64,81.02,202.46,-1,-1,-1,-1
149,1,572.20,724.92,77.73,198.02,-1,-1,-1,-1
150,1,558.85,730.36,76.28,200.18,-1,-1,-1,-1
151,1,548.54,732.64,78.41,200.10,-1,-1,-1,-1
152,1,533.01,733.37,81.24,201.16,-1,-1,-1,-1
153,1,525.12,739.09,76.64,198.01,-1,-1,-1,-1
154,1,515.22,739.98,77.94,197.91,-1,-1,-1,-1
155,1,501.35,740.43,78.47,197.28,-1,-1,-1,-1
156,1,493.10,740.28,75.71,197.36,-1,-1,-1,-1
157,1,484.07,739.72,77.26,198.28,-1,-1,-1,-1
158,1,469.20,734.52,80.95,199.12,-1,-1,-1,-1
159,1,464.14,733.49,73.55,199.36,-1,-1,-1,-1
160,1,454.07,731.79,75.59,200.31,-1,-1,-1,-1
161,1,443.81,727.48,77.72,195.18,-1,-1,-1,-1
162,1,436.41,724.07,77.12,197.01,-1,-1,-1,-1
163,1,428.45,716.89,75.77,199.78,-1,-1,-1,-1
164,1,420.50,708.93,76.86,200.06,-1,-1,-1,-1
165,1,412.27,703.91,76.33,196.24,-1,-1,-1,-1
166,1,405.64,698.48,74.18,199.07,-1,-1,-1,-1
167,1,397.26,686.92,74.28,197.74,-1,-1,-1,-1
168,1,389.04,675.94,76.94,202.85,-1,-1,-1,-1
169,1,381.82,668.41,76.78,200.70,-1,-1,-1,-1
170,1,373.52,659.94,78.26,198.64,-1,-1,-1,-1
171,1,372.79,648.93,73.73,203.20,-1,-1,-1,-1
172,1,364.89,636.74,75.50,201.15,-1,-1,-1,-1
173,1,356.60,626.61,80.01,200.48,-1,-1,-1,-1
174,1,354.36,612.38,81.01,200.75,-1,-1,-1,-1
175,1,348.68,602.72,79.25,201.09,-1,-1,-1,-1
176,1,345.40,586.49,81.13,204.52,-1,-1,-1,-1
177,1,339.72,576.12,82.13,204.88,-1,-1,-1,-1
178,1,337.87,560.74,82.06,205.29,-1,-1,-1,-1
179,1,338.56,545.70,78.78,203.97,-1,-1,-1,-1
180,1,331.26,529.92,81.55,205.59,-1,-1,-1,-1
181,1,329.38,515.17,81.96,205.02,-1,-1,-1,-1
182,1,323.32,501.08,85.00,201.98,-1,-1,-1,-1
183,1,323.89,488.48,82.74,205.35,-1,-1,-1,-1
184,1,323.31,474.54,81.72,201.53,-1,-1,-1,-1
185,1,322.47,456.83,83.95,205.90,-1,-1,-1,-1
186,1,322.92,442.65,83.68,203.90,-1,-1,-1,-1
187,1,321.99,427.14,84.71,203.55,-1,-1,-1,-1
188,1,321.74,411.83,84.94,203.89,-1,-1,-1,-1
189,1,321.50,395.77,86.14,204.45,-1,-1,-1,-1
190,1,323.23,385.78,83.59,200.48,-1,-1,-1,-1
191,1,327.29,370.02,86.54,201.87,-1,-1,-1,-1
192,1,329.12,355.14,84.01,201.90,-1,-1,-1,-1
193,1,328.95,339.87,86.18,201.65,-1,-1,-1,-1
194,1,337.20,321.37,83.45,207.49,-1,-1,-1,-1
195,1,335.30,311.47,88.76,206.30,-1,-1,-1,-1
196,1,336.49,298.39,88.65,204.88,-1,-1,-1,-1
197,1,342.21,282.92,90.10,204.58,-1,-1,-1,-1
198,1,350.42,272.87,88.78,204.52,-1,-1,-1,-1
199,1,350.95,256.48,89.68,208.31,-1,-1,-1,-1
200,1,357.12,246.98,91.29,207.28,-1,-1,-1,-1
201,1,360.01,232.66,89.03,206.72,-1,-1,-1,-1
202,1,367.87,224.46,88.23,205.27,-1,-1,-1,-1
203,1,371.63,209.10,94.88,207.85,-1,-1,-1,-1
204,1,376.33,199.63,88.80,208.93,-1,-1,-1,-1
205,1,384.01,194.32,89.72,203.73,-1,-1,-1,-1
206,1,389.94,183.92,92.28,208.72,-1,-1,-1,-1
207,1,398.34,177.70,92.92,206.94,-1,-1,-1,-1
208,1,407.63,167.97,89.15,208.70,-1,-1,-1,-1
209,1,416.23,161.53,89.33,208.27,-1,-1,-1,-1
210,1,423.79,159.85,88.91,205.64,-1,-1,-1,-1
211,1,432.95,152.78,87.95,207.41,-1,-1,-1,-1
212,1,444.75,143.94,91.88,210.28,-1,-1,-1,-1
213,1,453.10,144.06,91.14,207.27,-1,-1,-1,-1
214,1,462.33,140.97,89.14,210.32,-1,-1,-1,-1
215,1,470.68,137.06,90.32,207.96,-1,-1,-1,-1
216,1,480.53,135.84,88.52,209.11,-1,-1,-1,-1
217,1,494.56,134.04,88.56,211.89,-1,-1,-1,-1
218,1,502.85,134.99,89.51,211.43,-1,-1,-1,-1
219,1,511.74,135.24,90.46,210.82,-1,-1,-1,-1
220,1,527.41,135.66,87.62,211.52,-1,-1,-1,-1
221,1,535.02,142.42,90.06,207.79,-1,-1,-1,-1
222,1,550.02,145.15,89.79,206.97,-1,-1,-1,-1
223,1,558.57,150.65,91.70,207.28,-1,-1,-1,-1
224,1,573.85,151.10,91.00,210.03,-1,-1,-1,-1
225,1,583.63,158.35,89.06,208.84,-1,-1,-1,-1
226,1,596.76,156.80,92.37,217.04,-1,-1,-1,-1
227,1,605.60,166.63,94.36,212.57,-1,-1,-1,-1
228,1,622.76,174.89,91.32,212.58,-1,-1,-1,-1
229,1,636.24,182.88,93.94,211.88,-1,-1,-1,-1
230,1,646.09,190.23,92.30,212.34,-1,-1,-1,-1
231,1,661.32,205.43,93.08,209.22,-1,-1,-1,-1
232,1,678.59,214.39,89.44,208.19,-1,-1,-1,-1
233,1,693.19,222.87,91.90,210.38,-1,-1,-1,-1
234,1,707.25,231.60,94.94,210.80,-1,-1,-1,-1
235,1,719.11,247.14,91.01,208.02,-1,-1,-1,-1
236,1,732.93,254.04,93.92,210.91,-1,-1,-1,-1
237,1,749.45,270.56,92.49,208.20,-1,-1,-1,-1
238,1,764.31,282.03,93.26,207.39,-1,-1,-1,-1
239,1,775.36,296.97,90.63,205.97,-1,-1,-1,-1
240,1,790.17,314.16,92.10,202.54,-1,-1,-1,-1
241,1,806.89,322.97,89.17,205.23,-1,-1,-1,-1
242,1,820.51,337.33,93.17,205.96,-1,-1,-1,-1
243,1,832.09,352.95,89.85,205.33,-1,-1,-1,-1
244,1,847.87,370.38,90.02,201.83,-1,-1,-1,-1
245,1,865.02,386.24,87.27,201.65,-1,-1,-1,-1
246,1,881.38,402.70,86.12,201.02,-1,-1,-1,-1
247,1,896.46,417.12,88.05,201.54,-1,-1,-1,-1
248,1,913.47,426.87,84.56,205.35,-1,-1,-1,-1
249,1,927.29,438.56,89.17,212.71,-1,-1,-1,-1
250,1,945.49,453.99,83.80,210.88,-1,-1,-1,-1
2,2,1408.18,159.60,85.94,207.56,-1,-1,-1,-1
3,2,1401.27,153.29,83.49,207.63,-1,-1,-1,-1
4,2,1392.04,151.46,86.77,206.61,-1,-1,-1,-1
5,2,1379.25,145.26,83.53,206.79,-1,-1,-1,-1
6,2,1370.32,143.69,84.61,204.87,-1,-1,-1,-1
7,2,1360.01,137.10,86.43,208.59,-1,-1,-1,-1
8,2,1352.72,137.52,84.87,206.40,-1,-1,-1,-1
9,2,1338.60,136.54,84.32,207.89,-1,-1,-1,-1
10,2,1328.46,136.21,86.53,208.04,-1,-1,-1,-1
11,2,1319.42,137.19,88.01,206.38,-1,-1,-1,-1
12,2,1312.72,136.48,84.77,208.48,-1,-1,-1,-1
13,2,1296.35,136.11,85.82,210.04,-1,-1,-1,-1
14,2,1288.60,143.27,84.71,206.68,-1,-1,-1,-1
15,2,1274.44,144.13,84.65,208.72,-1,-1,-1,-1
16,2,1263.90,150.41,86.66,210.73,-1,-1,-1,-1
17,2,1248.62,151.31,85.67,212.27,-1,-1,-1,-1
18,2,1234.78,159.34,83.91,209.01,-1,-1,-1,-1
19,2,1223.21,164.58,88.37,213.89,-1,-1,-1,-1
20,2,1210.73,173.11,83.17,210.31,-1,-1,-1,-1
21,2,1198.98,181.50,88.48,211.25,-1,-1,-1,-1
22,2,1185.11,189.04,84.44,210.73,-1,-1,-1,-1
23,2,1168.17,196.74,87.46,212.86,-1,-1,-1,-1
24,2,1153.75,205.60,85.62,212.26,-1,-1,-1,-1
25,2,1137.92,215.90,85.92,209.73,-1,-1,-1,-1
26,2,1125.98,224.39,91.20,210.35,-1,-1,-1,-1
27,2,1114.32,240.06,84.01,206.99,-1,-1,-1,-1
28,2,1096.70,247.17,87.88,212.17,-1,-1,-1,-1
29,2,1080.26,260.69,89.12,212.95,-1,-1,-1,-1
30,2,1069.04,269.21,92.90,215.85,-1,-1,-1,-1
31,2,1054.98,286.26,89.30,211.55,-1,-1,-1,-1
32,2,1042.41,303.07,83.84,207.23,-1,-1,-1,-1
33,2,1026.63,317.90,84.24,208.12,-1,-1,-1,-1
34,2,1017.31,329.63,83.36,206.15,-1,-1,-1,-1
35,2,1003.49,342.89,79.89,208.65,-1,-1,-1,-1
36,2,985.50,358.79,83.65,208.88,-1,-1,-1,-1
37,2,969.33,373.79,84.92,210.28,-1,-1,-1,-1
38,2,953.83,389.37,84.20,211.96,-1,-1,-1,-1
39,2,946.86,407.34,81.81,209.83,-1,-1,-1,-1
42,2,915.94,434.91,63.84,217.34,-1,-1,-1,-1
43,2,893.56,451.40,78.75,212.87,-1,-1,-1,-1
44,2,882.35,463.36,81.50,209.50,-1,-1,-1,-1
45,2,866.41,480.25,82.49,207.41,-1,-1,-1,-1
46,2,850.13,495.83,83.88,205.44,-1,-1,-1,-1
47,2,833.37,511.84,85.33,204.14,-1,-1,-1,-1
48,2,817.78,520.45,84.83,210.42,-1,-1,-1,-1
49,2,802.22,535.85,84.20,208.75,-1,-1,-1,-1
50,2,788.81,549.78,80.67,210.06,-1,-1,-1,-1
51,2,777.79,566.25,82.39,206.72,-1,-1,-1,-1
52,2,763.09,575.65,80.20,211.13,-1,-1,-1,-1
53,2,748.77,592.70,78.34,202.93,-1,-1,-1,-1
54,2,733.41,600.67,78.92,209.96,-1,-1,-1,-1
55,2,716.13,615.12,81.26,209.15,-1,-1,-1,-1
56,2,707.21,631.21,80.25,204.84,-1,-1,-1,-1
57,2,692.43,639.88,78.89,206.98,-1,-1,-1,-1
58,2,676.16,648.52,80.66,206.89,-1,-1,-1,-1
59,2,661.77,656.77,78.51,209.31,-1,-1,-1,-1
60,2,652.63,672.21,77.01,203.80,-1,-1,-1,-1
61,2,637.43,679.39,76.78,206.01,-1,-1,-1,-1
62,2,624.41,689.15,72.51,202.99,-1,-1,-1,-1
63,2,613.44,696.75,75.59,206.57,-1,-1,-1,-1
64,2,598.79,704.15,75.40,205.22,-1,-1,-1,-1
65,2,583.47,712.46,75.27,204.13,-1,-1,-1,-1
66,2,575.02,713.87,73.17,205.34,-1,-1,-1,-1
67,2,562.18,721.39,69.53,204.10,-1,-1,-1,-1
68,2,549.56,728.75,76.12,204.33,-1,-1,-1,-1
69,2,536.01,729.76,73.87,203.73,-1,-1,-1,-1
70,2,528.13,730.79,71.37,204.67,-1,-1,-1,-1
71,2,518.83,737.48,72.75,201.72,-1,-1,-1,-1
72,2,503.92,737.80,72.41,202.17,-1,-1,-1,-1
73,2,495.94,738.01,70.96,201.22,-1,-1,-1,-1
74,2,481.82,738.24,70.46,201.47,-1,-1,-1,-1
75,2,471.90,738.38,73.32,200.59,-1,-1,-1,-1
77,2,455.38,730.80,72.33,204.17,-1,-1,-1,-1
80,2,423.13,722.88,75.09,199.59,-1,-1,-1,-1
86,2,381.40,676.15,74.47,201.53,-1,-1,-1,-1
89,2,357.29,647.81,78.32,204.48,-1,-1,-1,-1
90,2,352.77,633.26,72.62,206.63,-1,-1,-1,-1
91,2,349.21,623.74,75.96,204.60,-1,-1,-1,-1
92,2,341.20,609.52,78.83,205.68,-1,-1,-1,-1
93,2,340.61,599.84,77.01,205.47,-1,-1,-1,-1
94,2,331.64,584.66,80.14,206.04,-1,-1,-1,-1
95,2,330.74,570.09,80.06,207.21,-1,-1,-1,-1
96,2,323.79,560.01,81.26,206.01,-1,-1,-1,-1
97,2,324.08,543.96,78.97,206.96,-1,-1,-1,-1
98,2,325.44,528.83,75.11,208.29,-1,-1,-1,-1
99,2,318.80,513.65,75.71,207.60,-1,-1,-1,-1
100,2,318.22,498.00,75.26,208.01,-1,-1,-1,-1
101,2,316.34,488.03,78.19,203.77,-1,-1,-1,-1
102,2,315.17,473.19,78.97,203.46,-1,-1,-1,-1
103,2,314.12,456.84,81.12,205.67,-1,-1,-1,-1
104,2,313.96,441.39,81.62,204.60,-1,-1,-1,-1
105,2,308.86,425.27,79.94,205.90,-1,-1,-1,-1
106,2,309.31,410.08,79.45,205.12,-1,-1,-1,-1
107,2,313.81,393.77,82.28,206.88,-1,-1,-1,-1
108,2,313.66,378.37,83.17,206.33,-1,-1,-1,-1
109,2,313.83,369.62,83.20,201.36,-1,-1,-1,-1
110,2,314.42,353.70,84.05,203.25,-1,-1,-1,-1
111,2,319.19,337.42,87.82,203.94,-1,-1,-1,-1
112,2,318.20,320.47,90.94,208.66,-1,-1,-1,-1
113,2,318.19,305.08,91.76,208.87,-1,-1,-1,-1
114,2,319.83,296.76,89.65,204.69,-1,-1,-1,-1
115,2,325.11,279.62,93.23,210.64,-1,-1,-1,-1
116,2,327.38,270.41,90.34,207.54,-1,-1,-1,-1
117,2,333.32,256.76,92.32,207.06,-1,-1,-1,-1
118,2,339.98,248.46,94.07,204.76,-1,-1,-1,-1
119,2,341.65,232.12,93.11,209.37,-1,-1,-1,-1
120,2,348.46,225.58,94.13,202.23,-1,-1,-1,-1
121,2,354.62,210.18,97.75,207.13,-1,-1,-1,-1
122,2,362.77,199.16,96.79,210.96,-1,-1,-1,-1
123,2,372.66,191.71,92.69,209.27,-1,-1,-1,-1
124,2,375.02,184.13,90.67,210.22,-1,-1,-1,-1
125,2,381.78,176.83,92.77,208.09,-1,-1,-1,-1
126,2,396.92,167.04,92.00,211.95,-1,-1,-1,-1
127,2,398.86,160.76,91.02,208.93,-1,-1,-1,-1
128,2,408.30,158.14,88.55,209.00,-1,-1,-1,-1
129,2,419.74,151.28,94.45,208.62,-1,-1,-1,-1
130,2,427.45,143.02,95.26,212.73,-1,-1,-1,-1
131,2,438.72,144.16,88.78,206.09,-1,-1,-1,-1
132,2,445.73,143.83,91.48,205.22,-1,-1,-1,-1
133,2,455.35,135.57,90.38,211.56,-1,-1,-1,-1
134,2,464.77,136.10,87.46,207.66,-1,-1,-1,-1
135,2,476.46,135.73,93.12,208.38,-1,-1,-1,-1
136,2,486.35,136.74,91.21,207.97,-1,-1,-1,-1
137,2,496.03,135.96,88.56,208.19,-1,-1,-1,-1
138,2,507.61,135.77,94.78,210.33,-1,-1,-1,-1
139,2,518.31,140.94,92.31,210.78,-1,-1,-1,-1
140,2,533.84,144.25,90.80,207.34,-1,-1,-1,-1
141,2,540.65,143.86,94.79,211.49,-1,-1,-1,-1
142,2,548.15,150.90,96.31,209.54,-1,-1,-1,-1
143,2,565.22,157.25,93.57,211.16,-1,-1,-1,-1
144,2,581.18,159.51,93.16,211.71,-1,-1,-1,-1
145,2,589.90,166.04,92.25,213.24,-1,-1,-1,-1
146,2,604.45,174.39,94.59,212.93,-1,-1,-1,-1
147,2,612.16,181.29,96.09,215.02,-1,-1,-1,-1
148,2,628.62,188.82,95.49,216.33,-1,-1,-1,-1
149,2,645.24,196.18,93.53,217.77,-1,-1,-1,-1
150,2,658.97,216.16,96.76,206.08,-1,-1,-1,-1
151,2,668.81,222.60,94.72,209.58,-1,-1,-1,-1
152,2,684.19,230.52,95.51,212.37,-1,-1,-1,-1
153,2,698.01,246.55,99.09,208.44,-1,-1,-1,-1
154,2,715.72,255.50,95.47,210.71,-1,-1,-1,-1
155,2,731.22,270.69,95.94,208.14,-1,-1,-1,-1
156,2,739.81,278.68,96.75,212.34,-1,-1,-1,-1
157,2,756.48,295.88,95.52,206.86,-1,-1,-1,-1
158,2,772.92,312.89,94.15,204.24,-1,-1,-1,-1
159,2,791.47,327.53,90.15,204.85,-1,-1,-1,-1
160,2,807.24,336.76,89.40,208.20,-1,-1,-1,-1
161,2,822.52,350.33,89.91,210.11,-1,-1,-1,-1
162,2,837.80,365.82,91.21,211.21,-1,-1,-1,-1
163,2,856.87,382.20,84.92,209.34,-1,-1,-1,-1
164,2,870.15,395.53,76.00,215.64,-1,-1,-1,-1
167,2,921.62,446.68,83.58,208.38,-1,-1,-1,-1
168,2,930.17,455.90,84.01,209.66,-1,-1,-1,-1
169,2,946.24,472.39,82.81,206.18,-1,-1,-1,-1
170,2,962.02,488.53,83.04,204.41,-1,-1,-1,-1
171,2,975.25,502.65,87.69,206.87,-1,-1,-1,-1
172,2,992.54,519.23,85.75,205.60,-1,-1,-1,-1
173,2,1007.64,528.61,86.76,207.95,-1,-1,-1,-1
174,2,1025.90,543.38,81.74,206.57,-1,-1,-1,-1
175,2,1035.46,559.01,82.04,205.76,-1,-1,-1,-1
176,2,1050.97,568.44,82.21,209.92,-1,-1,-1,-1
177,2,1065.82,583.51,82.76,207.60,-1,-1,-1,-1
178,2,1080.63,599.13,84.22,204.83,-1,-1,-1,-1
179,2,1097.92,608.07,82.25,206.62,-1,-1,-1,-1
180,2,1107.52,623.31,81.72,204.44,-1,-1,-1,-1
181,2,1121.58,632.33,85.26,207.62,-1,-1,-1,-1
182,2,1138.57,646.84,82.58,205.88,-1,-1,-1,-1
183,2,1154.98,655.62,80.11,205.38,-1,-1,-1,-1
184,2,1169.63,664.70,81.95,206.44,-1,-1,-1,-1
185,2,1181.06,673.31,78.33,208.22,-1,-1,-1,-1
186,2,1195.65,681.27,79.11,207.44,-1,-1,-1,-1
188,2,1219.95,703.48,80.00,204.60,-1,-1,-1,-1
189,2,1236.66,704.35,76.99,209.59,-1,-1,-1,-1
190,2,1245.90,713.52,77.05,204.12,-1,-1,-1,-1
191,2,1260.26,720.66,77.88,203.01,-1,-1,-1,-1
192,2,1269.72,721.75,77.70,205.93,-1,-1,-1,-1
193,2,1284.23,729.97,77.65,202.04,-1,-1,-1,-1
194,2,1294.10,730.85,76.33,202.67,-1,-1,-1,-1
195,2,1309.55,738.22,74.92,200.09,-1,-1,-1,-1
196,2,1317.15,738.63,78.61,200.37,-1,-1,-1,-1
197,2,1333.42,738.09,74.70,201.38,-1,-1,-1,-1
198,2,1342.61,738.35,73.78,200.12,-1,-1,-1,-1
199,2,1349.36,738.39,77.52,201.63,-1,-1,-1,-1
200,2,1360.81,738.24,71.98,199.78,-1,-1,-1,-1
201,2,1367.61,731.13,75.19,203.24,-1,-1,-1,-1
202,2,1380.62,731.56,78.20,199.68,-1,-1,-1,-1
203,2,1390.11,730.37,75.13,199.74,-1,-1,-1,-1
204,2,1397.94,723.02,77.06,200.84,-1,-1,-1,-1
205,2,1407.03,715.36,74.50,202.16,-1,-1,-1,-1
206,2,1415.66,714.81,73.97,199.81,-1,-1,-1,-1
207,2,1424.79,706.74,71.55,200.76,-1,-1,-1,-1
208,2,1430.64,699.07,76.02,200.27,-1,-1,-1,-1
209,2,1439.68,690.07,73.67,200.82,-1,-1,-1,-1
210,2,1446.18,681.89,76.57,202.66,-1,-1,-1,-1
211,2,1454.61,674.09,74.67,200.89,-1,-1,-1,-1
212,2,1462.00,665.26,75.40,202.18,-1,-1,-1,-1
213,2,1467.78,650.52,77.99,203.46,-1,-1,-1,-1
214,2,1471.45,640.61,74.27,203.30,-1,-1,-1,-1
215,2,1477.12,625.49,78.23,207.03,-1,-1,-1,-1
216,2,1482.79,617.59,80.17,201.78,-1,-1,-1,-1
217,2,1484.17,602.52,79.74,205.35,-1,-1,-1,-1
218,2,1492.40,592.87,78.13,202.04,-1,-1,-1,-1
219,2,1492.68,577.46,79.82,205.26,-1,-1,-1,-1
220,2,1499.94,567.45,77.79,204.52,-1,-1,-1,-1
221,2,1499.42,552.26,80.46,206.11,-1,-1,-1,-1
222,2,1500.84,538.69,79.13,202.35,-1,-1,-1,-1
223,2,1501.59,521.58,78.98,206.65,-1,-1,-1,-1
224,2,1505.45,505.44,84.09,208.40,-1,-1,-1,-1
225,2,1505.98,495.54,84.35,204.77,-1,-1,-1,-1
226,2,1507.68,480.53,81.61,204.71,-1,-1,-1,-1
227,2,1507.35,464.86,82.45,205.09,-1,-1,-1,-1
228,2,1507.35,448.98,82.45,206.10,-1,-1,-1,-1
229,2,1508.22,433.31,80.92,207.72,-1,-1,-1,-1
230,2,1507.77,425.08,81.60,201.93,-1,-1,-1,-1
231,2,1506.45,408.86,83.97,203.13,-1,-1,-1,-1
232,2,1505.24,393.29,85.88,202.91,-1,-1,-1,-1
233,2,1505.27,376.19,85.04,205.20,-1,-1,-1,-1
234,2,1504.71,360.46,85.21,205.17,-1,-1,-1,-1
235,2,1498.89,345.19,83.74,204.54,-1,-1,-1,-1
236,2,1495.93,329.39,87.42,205.96,-1,-1,-1,-1
237,2,1495.82,312.72,86.72,208.24,-1,-1,-1,-1
238,2,1490.30,303.10,84.04,206.08,-1,-1,-1,-1
239,2,1486.28,286.43,90.73,209.59,-1,-1,-1,-1
240,2,1481.02,271.79,87.49,211.74,-1,-1,-1,-1
241,2,1480.02,263.71,86.65,207.11,-1,-1,-1,-1
242,2,1471.40,248.74,88.98,209.39,-1,-1,-1,-1
243,2,1472.67,238.45,84.79,210.14,-1,-1,-1,-1
244,2,1465.40,226.04,84.40,207.96,-1,-1,-1,-1
245,2,1455.48,215.78,88.53,209.79,-1,-1,-1,-1
246,2,1451.46,205.96,82.91,210.52,-1,-1,-1,-1
247,2,1447.57,198.60,87.03,208.89,-1,-1,-1,-1
248,2,1440.66,188.51,85.12,213.06,-1,-1,-1,-1
249,2,1432.99,182.86,84.58,208.49,-1,-1,-1,-1
250,2,1423.72,173.09,86.83,210.81,-1,-1,-1,-1
2,3,423.22,145.26,88.65,207.83,-1,-1,-1,-1
3,3,434.19,145.84,83.34,202.61,-1,-1,-1,-1
4,3,444.01,146.11,80.10,200.40,-1,-1,-1,-1
5,3,453.14,138.46,78.57,205.08,-1,-1,-1,-1
6,3,467.79,139.24,79.38,201.15,-1,-1,-1,-1
7,3,474.30,138.23,83.07,200.85,-1,-1,-1,-1
8,3,482.74,136.60,82.52,203.60,-1,-1,-1,-1
9,3,497.73,129.87,82.88,206.48,-1,-1,-1,-1
10,3,504.65,137.73,86.39,202.07,-1,-1,-1,-1
11,3,513.55,136.14,84.47,206.30,-1,-1,-1,-1
12,3,529.11,138.56,84.97,204.93,-1,-1,-1,-1
13,3,539.33,138.52,81.49,205.19,-1,-1,-1,-1
14,3,552.47,146.19,85.33,203.50,-1,-1,-1,-1
15,3,560.58,153.04,85.99,203.22,-1,-1,-1,-1
16,3,577.98,154.50,82.44,205.28,-1,-1,-1,-1
17,3,587.75,162.82,80.89,202.58,-1,-1,-1,-1
18,3,600.30,170.90,86.27,200.04,-1,-1,-1,-1
19,3,609.09,178.36,86.14,200.65,-1,-1,-1,-1
20,3,623.26,186.01,88.60,202.33,-1,-1,-1,-1
21,3,639.42,194.22,87.77,201.37,-1,-1,-1,-1
22,3,654.56,202.67,89.37,203.33,-1,-1,-1,-1
23,3,664.98,209.20,86.83,206.70,-1,-1,-1,-1
24,3,682.72,228.12,82.56,196.75,-1,-1,-1,-1
25,3,696.16,236.68,87.26,197.73,-1,-1,-1,-1
26,3,708.57,240.90,93.67,207.53,-1,-1,-1,-1
27,3,721.21,258.59,85.80,200.70,-1,-1,-1,-1
28,3,735.41,264.14,89.25,208.92,-1,-1,-1,-1
29,3,754.60,282.23,81.87,204.21,-1,-1,-1,-1
30,3,765.86,287.05,90.56,211.73,-1,-1,-1,-1
31,3,783.26,305.20,87.85,207.37,-1,-1,-1,-1
32,3,801.61,323.51,82.84,202.05,-1,-1,-1,-1
33,3,810.01,339.61,84.89,199.01,-1,-1,-1,-1
34,3,829.42,355.72,77.89,197.52,-1,-1,-1,-1
35,3,842.19,363.43,83.52,202.22,-1,-1,-1,-1
36,3,864.05,388.14,72.29,196.37,-1,-1,-1,-1
37,3,879.14,394.08,73.58,203.99,-1,-1,-1,-1
38,3,897.05,412.13,70.73,201.36,-1,-1,-1,-1
39,3,910.98,427.18,72.76,202.00,-1,-1,-1,-1
40,3,927.20,427.89,72.25,217.08,-1,-1,-1,-1
41,3,938.67,457.28,67.58,203.26,-1,-1,-1,-1
42,3,956.66,474.64,63.17,199.21,-1,-1,-1,-1
43,3,969.47,489.68,69.39,200.25,-1,-1,-1,-1
44,3,987.25,498.85,66.53,204.19,-1,-1,-1,-1
45,3,1001.87,516.63,68.84,199.00,-1,-1,-1,-1
46,3,1016.66,530.80,69.72,198.67,-1,-1,-1,-1
47,3,1032.81,540.65,68.54,200.92,-1,-1,-1,-1
48,3,1047.62,555.53,71.08,201.31,-1,-1,-1,-1
49,3,1063.74,570.63,69.90,201.51,-1,-1,-1,-1
50,3,1074.80,586.64,67.18,199.34,-1,-1,-1,-1
51,3,1089.34,597.77,69.45,197.47,-1,-1,-1,-1
52,3,1107.28,611.49,64.08,198.16,-1,-1,-1,-1
53,3,1120.44,618.91,69.12,203.80,-1,-1,-1,-1
54,3,1131.34,633.82,67.34,202.41,-1,-1,-1,-1
55,3,1148.46,642.87,64.99,203.71,-1,-1,-1,-1
56,3,1164.64,657.79,62.71,200.24,-1,-1,-1,-1
57,3,1179.97,665.27,62.38,203.76,-1,-1,-1,-1
59,3,1206.12,684.18,60.01,199.83,-1,-1,-1,-1
64,3,1270.78,723.70,59.19,197.38,-1,-1,-1,-1
187,3,1205.95,688.10,77.66,209.88,-1,-1,-1,-1
2,4,895.80,441.64,103.88,221.69,-1,-1,-1,-1
3,4,879.63,452.44,105.47,217.30,-1,-1,-1,-1
4,4,871.06,469.50,103.32,215.07,-1,-1,-1,-1
5,4,856.40,482.69,100.77,218.39,-1,-1,-1,-1
6,4,842.06,499.52,98.52,217.20,-1,-1,-1,-1
7,4,824.24,512.49,102.93,221.30,-1,-1,-1,-1
8,4,810.29,530.34,100.43,218.46,-1,-1,-1,-1
9,4,794.49,538.08,101.01,220.86,-1,-1,-1,-1
10,4,787.31,553.09,95.31,221.70,-1,-1,-1,-1
11,4,772.34,569.89,93.94,219.99,-1,-1,-1,-1
12,4,756.21,578.63,94.73,218.56,-1,-1,-1,-1
13,4,741.73,596.79,92.79,213.36,-1,-1,-1,-1
14,4,724.43,602.42,96.07,219.81,-1,-1,-1,-1
15,4,708.59,620.17,96.35,215.04,-1,-1,-1,-1
16,4,702.98,629.31,88.57,214.70,-1,-1,-1,-1
17,4,685.95,642.98,92.44,215.50,-1,-1,-1,-1
18,4,669.45,653.71,95.01,213.62,-1,-1,-1,-1
19,4,661.23,661.40,91.42,213.19,-1,-1,-1,-1
20,4,646.91,669.47,90.13,213.93,-1,-1,-1,-1
21,4,630.92,678.07,90.59,212.71,-1,-1,-1,-1
22,4,616.93,696.79,88.42,204.25,-1,-1,-1,-1
23,4,608.58,695.61,86.68,210.14,-1,-1,-1,-1
24,4,592.28,703.81,89.96,210.34,-1,-1,-1,-1
25,4,581.96,710.96,91.46,208.63,-1,-1,-1,-1
26,4,567.55,712.62,90.22,209.07,-1,-1,-1,-1
27,4,553.19,719.78,88.15,208.40,-1,-1,-1,-1
28,4,546.14,730.36,86.23,202.27,-1,-1,-1,-1
29,4,534.73,728.51,89.90,207.65,-1,-1,-1,-1
30,4,521.53,729.37,86.06,205.99,-1,-1,-1,-1
31,4,513.27,730.75,85.01,204.39,-1,-1,-1,-1
32,4,503.34,737.81,86.74,201.61,-1,-1,-1,-1
33,4,490.61,731.26,84.27,203.91,-1,-1,-1,-1
34,4,482.10,730.67,84.60,205.39,-1,-1,-1,-1
35,4,470.88,729.81,89.38,205.60,-1,-1,-1,-1
36,4,456.93,730.49,88.49,201.43,-1,-1,-1,-1
37,4,448.95,729.57,88.66,202.51,-1,-1,-1,-1
38,4,439.33,721.79,90.26,202.70,-1,-1,-1,-1
39,4,432.51,714.03,87.47,206.12,-1,-1,-1,-1
40,4,424.83,712.61,86.89,204.22,-1,-1,-1,-1
41,4,417.41,708.01,85.96,199.32,-1,-1,-1,-1
42,4,409.18,698.15,86.46,203.93,-1,-1,-1,-1
43,4,399.84,691.05,89.35,202.65,-1,-1,-1,-1
44,4,392.64,681.42,87.93,204.85,-1,-1,-1,-1
76,4,464.65,731.45,70.40,203.61,-1,-1,-1,-1
78,4,440.34,730.20,73.45,201.32,-1,-1,-1,-1
79,4,434.13,722.25,69.84,204.50,-1,-1,-1,-1
81,4,415.81,714.76,72.85,201.58,-1,-1,-1,-1
82,4,407.44,706.90,74.70,203.30,-1,-1,-1,-1
83,4,400.64,699.80,71.63,202.35,-1,-1,-1,-1
84,4,392.63,691.80,72.65,203.07,-1,-1,-1,-1
85,4,383.98,683.19,73.55,203.36,-1,-1,-1,-1
87,4,374.00,665.82,74.12,205.25,-1,-1,-1,-1
88,4,365.34,656.99,75.77,202.85,-1,-1,-1,-1
211,4,376.76,653.16,55.83,199.61,-1,-1,-1,-1
212,4,369.22,642.92,56.35,201.72,-1,-1,-1,-1
213,4,365.60,633.81,58.82,202.44,-1,-1,-1,-1
214,4,357.95,620.42,61.30,200.55,-1,-1,-1,-1
215,4,352.68,610.87,56.32,200.48,-1,-1,-1,-1
216,4,351.95,595.18,55.30,202.49,-1,-1,-1,-1
217,4,344.56,586.65,56.66,200.37,-1,-1,-1,-1
221,4,335.12,529.87,57.42,203.15,-1,-1,-1,-1
222,4,333.95,515.40,58.08,200.11,-1,-1,-1,-1
223,4,327.33,498.64,59.55,202.43,-1,-1,-1,-1
224,4,327.67,484.27,57.38,199.80,-1,-1,-1,-1
225,4,326.71,468.12,58.20,201.92,-1,-1,-1,-1
227,4,324.28,442.25,62.96,200.84,-1,-1,-1,-1
228,4,323.94,428.59,63.54,198.12,-1,-1,-1,-1
229,4,323.69,413.68,63.04,196.21,-1,-1,-1,-1
230,4,323.05,395.99,64.67,200.18,-1,-1,-1,-1
231,4,322.57,382.56,66.22,195.51,-1,-1,-1,-1
232,4,321.88,365.78,69.32,198.34,-1,-1,-1,-1
233,4,327.65,356.57,71.00,196.97,-1,-1,-1,-1
234,4,326.96,339.74,72.45,199.25,-1,-1,-1,-1
235,4,324.56,322.85,78.61,200.38,-1,-1,-1,-1
236,4,323.60,304.53,82.02,206.21,-1,-1,-1,-1
237,4,332.03,290.64,79.51,204.88,-1,-1,-1,-1
238,4,335.10,284.02,74.59,199.44,-1,-1,-1,-1
239,4,339.99,265.86,79.30,205.96,-1,-1,-1,-1
240,4,343.88,258.11,87.37,201.56,-1,-1,-1,-1
241,4,344.35,243.41,86.47,201.82,-1,-1,-1,-1
242,4,351.77,235.68,87.66,198.59,-1,-1,-1,-1
243,4,360.24,222.43,86.30,196.62,-1,-1,-1,-1
244,4,363.42,213.83,81.11,195.83,-1,-1,-1,-1
245,4,369.03,203.46,85.97,199.60,-1,-1,-1,-1
246,4,378.68,195.40,81.09,197.99,-1,-1,-1,-1
247,4,385.56,188.01,83.16,197.81,-1,-1,-1,-1
248,4,392.08,172.28,85.84,201.80,-1,-1,-1,-1
249,4,401.14,171.19,84.72,199.27,-1,-1,-1,-1
250,4,401.27,161.36,86.06,203.99,-1,-1,-1,-1
8,5,345.93,586.45,67.67,205.44,-1,-1,-1,-1
45,5,384.92,674.72,87.96,202.53,-1,-1,-1,-1
46,5,384.94,664.52,83.61,205.41,-1,-1,-1,-1
47,5,373.78,647.73,90.18,210.78,-1,-1,-1,-1
48,5,366.84,639.26,89.39,210.89,-1,-1,-1,-1
49,5,360.21,632.14,89.11,207.15,-1,-1,-1,-1
50,5,357.59,614.46,90.30,213.10,-1,-1,-1,-1
51,5,350.90,608.44,90.61,207.02,-1,-1,-1,-1
52,5,342.45,591.57,93.38,211.17,-1,-1,-1,-1
53,5,342.04,581.16,92.00,212.58,-1,-1,-1,-1
54,5,339.89,565.16,93.42,215.57,-1,-1,-1,-1
55,5,333.25,556.19,94.11,213.65,-1,-1,-1,-1
56,5,334.08,543.21,90.26,207.52,-1,-1,-1,-1
57,5,324.60,519.74,95.85,211.10,-1,-1,-1,-1
58,5,326.48,511.47,91.55,209.28,-1,-1,-1,-1
59,5,324.53,494.70,94.20,211.82,-1,-1,-1,-1
60,5,325.14,478.55,91.71,213.28,-1,-1,-1,-1
61,5,324.30,469.81,92.39,210.69,-1,-1,-1,-1
62,5,323.79,453.84,93.15,210.64,-1,-1,-1,-1
63,5,324.37,438.71,92.52,208.98,-1,-1,-1,-1
64,5,324.20,424.23,93.22,207.05,-1,-1,-1,-1
65,5,324.23,408.00,93.34,209.18,-1,-1,-1,-1
66,5,321.34,391.91,99.23,208.85,-1,-1,-1,-1
67,5,323.61,377.34,94.60,207.99,-1,-1,-1,-1
68,5,321.39,359.63,100.49,211.22,-1,-1,-1,-1
69,5,322.45,352.08,99.41,205.53,-1,-1,-1,-1
70,5,321.57,336.51,101.69,204.42,-1,-1,-1,-1
71,5,328.19,317.23,103.16,213.23,-1,-1,-1,-1
72,5,330.04,301.86,100.70,214.42,-1,-1,-1,-1
73,5,336.71,294.71,101.01,209.72,-1,-1,-1,-1
74,5,338.50,278.88,98.49,211.06,-1,-1,-1,-1
75,5,331.82,263.44,113.29,210.04,-1,-1,-1,-1
76,5,340.76,254.56,110.40,209.23,-1,-1,-1,-1
77,5,347.62,237.47,110.68,215.03,-1,-1,-1,-1
78,5,344.46,223.20,120.12,213.13,-1,-1,-1,-1
79,5,356.97,216.10,110.16,210.78,-1,-1,-1,-1
80,5,361.45,205.06,116.00,213.96,-1,-1,-1,-1
81,5,368.31,188.45,117.55,218.14,-1,-1,-1,-1
82,5,377.88,188.61,114.23,212.24,-1,-1,-1,-1
83,5,377.70,181.19,116.79,211.25,-1,-1,-1,-1
84,5,388.79,176.63,110.78,204.79,-1,-1,-1,-1
85,5,395.09,165.37,113.40,211.17,-1,-1,-1,-1
86,5,405.91,158.74,108.69,209.87,-1,-1,-1,-1
87,5,412.49,151.22,110.33,212.12,-1,-1,-1,-1
88,5,423.01,149.99,106.97,209.84,-1,-1,-1,-1
89,5,425.06,140.23,117.62,214.15,-1,-1,-1,-1
90,5,439.66,134.90,106.06,212.79,-1,-1,-1,-1
91,5,454.39,133.78,105.88,213.36,-1,-1,-1,-1
92,5,464.25,134.17,102.66,211.60,-1,-1,-1,-1
93,5,469.66,132.57,109.88,212.59,-1,-1,-1,-1
94,5,475.77,124.94,113.42,216.05,-1,-1,-1,-1
95,5,493.44,132.39,107.85,214.46,-1,-1,-1,-1
96,5,502.14,132.40,108.51,213.02,-1,-1,-1,-1
97,5,518.25,132.39,105.79,215.05,-1,-1,-1,-1
98,5,523.80,133.60,110.90,214.10,-1,-1,-1,-1
99,5,541.69,133.43,106.34,214.71,-1,-1,-1,-1
100,5,550.35,143.39,107.14,210.07,-1,-1,-1,-1
101,5,556.35,142.23,112.12,212.71,-1,-1,-1,-1
102,5,572.72,149.37,109.52,214.55,-1,-1,-1,-1
103,5,588.88,156.87,108.19,213.18,-1,-1,-1,-1
104,5,598.36,166.28,108.62,210.41,-1,-1,-1,-1
105,5,615.93,174.93,104.19,208.16,-1,-1,-1,-1
106,5,628.78,180.37,108.50,213.39,-1,-1,-1,-1
107,5,634.97,181.52,114.23,215.17,-1,-1,-1,-1
108,5,652.93,196.31,109.07,215.38,-1,-1,-1,-1
109,5,667.40,205.88,111.94,213.69,-1,-1,-1,-1
110,5,684.40,221.68,109.15,210.54,-1,-1,-1,-1
111,5,699.09,227.37,111.86,214.48,-1,-1,-1,-1
112,5,707.15,235.90,113.63,217.00,-1,-1,-1,-1
113,5,722.25,248.75,114.81,220.28,-1,-1,-1,-1
114,5,741.24,259.15,107.76,217.96,-1,-1,-1,-1
115,5,744.83,275.82,119.00,216.51,-1,-1,-1,-1
116,5,766.69,293.30,107.66,211.57,-1,-1,-1,-1
117,5,778.02,300.43,116.12,217.51,-1,-1,-1,-1
118,5,797.76,317.51,107.47,214.38,-1,-1,-1,-1
119,5,813.77,332.49,107.04,214.83,-1,-1,-1,-1
120,5,828.69,347.53,109.72,215.23,-1,-1,-1,-1
121,5,846.74,363.43,104.85,214.64,-1,-1,-1,-1
122,5,858.29,381.77,99.65,211.12,-1,-1,-1,-1
126,5,941.02,442.35,79.23,217.87,-1,-1,-1,-1
127,5,940.34,451.05,96.49,216.95,-1,-1,-1,-1
128,5,953.60,468.02,99.55,213.18,-1,-1,-1,-1
129,5,971.58,477.35,95.12,213.19,-1,-1,-1,-1
130,5,976.61,493.10,104.40,213.32,-1,-1,-1,-1
131,5,993.30,507.38,102.40,215.31,-1,-1,-1,-1
132,5,1010.15,516.32,99.83,216.71,-1,-1,-1,-1
133,5,1025.37,532.96,99.62,214.01,-1,-1,-1,-1
134,5,1043.29,546.51,96.37,216.75,-1,-1,-1,-1
135,5,1061.11,564.51,93.10,213.69,-1,-1,-1,-1
136,5,1076.90,580.70,93.98,211.90,-1,-1,-1,-1
137,5,1093.16,587.96,92.52,215.39,-1,-1,-1,-1
138,5,1107.02,594.27,95.39,220.50,-1,-1,-1,-1
139,5,1115.36,611.80,97.55,215.15,-1,-1,-1,-1
140,5,1132.01,628.36,96.30,213.42,-1,-1,-1,-1
141,5,1149.42,636.48,92.20,214.44,-1,-1,-1,-1
142,5,1157.70,645.05,94.10,212.86,-1,-1,-1,-1
143,5,1174.85,661.32,91.17,210.99,-1,-1,-1,-1
144,5,1191.58,670.73,89.42,209.80,-1,-1,-1,-1
145,5,1205.62,678.80,91.32,209.55,-1,-1,-1,-1
146,5,1214.91,686.69,92.03,210.54,-1,-1,-1,-1
147,5,1231.55,694.90,88.78,210.85,-1,-1,-1,-1
148,5,1239.32,702.37,90.43,209.67,-1,-1,-1,-1
149,5,1256.32,711.58,87.78,207.26,-1,-1,-1,-1
150,5,1270.81,712.08,87.99,208.56,-1,-1,-1,-1
151,5,1279.52,720.44,90.17,206.61,-1,-1,-1,-1
152,5,1297.48,721.92,82.76,205.96,-1,-1,-1,-1
153,5,1304.29,729.33,88.03,204.02,-1,-1,-1,-1
154,5,1321.51,731.00,83.17,203.33,-1,-1,-1,-1
155,5,1327.80,730.52,88.68,205.00,-1,-1,-1,-1
156,5,1337.49,732.09,85.35,201.23,-1,-1,-1,-1
157,5,1353.62,739.95,82.78,197.24,-1,-1,-1,-1
158,5,1360.46,731.38,87.43,203.83,-1,-1,-1,-1
159,5,1369.03,730.93,85.97,203.26,-1,-1,-1,-1
160,5,1384.22,730.92,84.51,202.49,-1,-1,-1,-1
161,5,1392.68,722.32,85.83,205.92,-1,-1,-1,-1
162,5,1400.76,721.00,86.50,206.86,-1,-1,-1,-1
163,5,1408.33,713.58,87.13,206.30,-1,-1,-1,-1
164,5,1418.06,715.15,84.04,200.63,-1,-1,-1,-1
165,5,1423.73,705.71,89.23,206.72,-1,-1,-1,-1
166,5,1433.52,699.76,84.31,203.09,-1,-1,-1,-1
167,5,1441.78,698.41,85.58,200.97,-1,-1,-1,-1
168,5,1449.45,682.81,84.76,203.48,-1,-1,-1,-1
169,5,1456.46,681.08,87.60,203.00,-1,-1,-1,-1
170,5,1464.97,664.40,85.30,209.29,-1,-1,-1,-1
171,5,1472.07,655.54,85.83,208.52,-1,-1,-1,-1
172,5,1471.49,649.17,91.46,205.46,-1,-1,-1,-1
173,5,1482.62,632.75,82.58,208.59,-1,-1,-1,-1
174,5,1487.17,624.05,88.84,207.85,-1,-1,-1,-1
175,5,1495.35,617.00,85.85,204.27,-1,-1,-1,-1
176,5,1495.83,599.55,88.33,209.40,-1,-1,-1,-1
177,5,1494.05,582.55,93.51,212.24,-1,-1,-1,-1
178,5,1503.47,576.56,89.04,206.74,-1,-1,-1,-1
179,5,1501.11,556.32,96.27,216.61,-1,-1,-1,-1
180,5,1509.48,541.55,91.95,214.79,-1,-1,-1,-1
181,5,1509.91,533.89,92.56,210.94,-1,-1,-1,-1
182,5,1510.46,518.03,93.42,210.68,-1,-1,-1,-1
183,5,1517.96,503.47,90.37,210.63,-1,-1,-1,-1
184,5,1516.58,486.25,94.40,213.34,-1,-1,-1,-1
185,5,1517.35,478.36,93.78,210.79,-1,-1,-1,-1
186,5,1515.52,461.92,97.46,211.71,-1,-1,-1,-1
187,5,1517.40,448.12,94.36,207.81,-1,-1,-1,-1
188,5,1517.01,432.72,95.22,207.48,-1,-1,-1,-1
189,5,1517.26,416.30,94.37,209.11,-1,-1,-1,-1
190,5,1512.92,397.82,103.33,212.58,-1,-1,-1,-1
191,5,1512.63,381.84,103.05,213.49,-1,-1,-1,-1
192,5,1509.44,365.69,108.43,214.86,-1,-1,-1,-1
193,5,1508.63,349.32,108.89,215.69,-1,-1,-1,-1
194,5,1503.78,341.86,105.61,210.50,-1,-1,-1,-1
195,5,1503.88,325.76,103.95,212.65,-1,-1,-1,-1
196,5,1503.69,310.16,103.22,214.37,-1,-1,-1,-1
197,5,1496.82,300.54,103.47,212.52,-1,-1,-1,-1
198,5,1496.45,285.03,102.61,212.28,-1,-1,-1,-1
199,5,1487.26,268.34,105.87,216.77,-1,-1,-1,-1
200,5,1487.56,260.76,103.69,212.60,-1,-1,-1,-1
201,5,1480.13,247.02,104.29,211.42,-1,-1,-1,-1
202,5,1469.52,231.11,109.95,212.65,-1,-1,-1,-1
203,5,1470.43,220.11,106.48,217.54,-1,-1,-1,-1
204,5,1462.90,212.54,106.45,213.15,-1,-1,-1,-1
205,5,1454.01,198.66,107.26,213.65,-1,-1,-1,-1
206,5,1446.86,194.47,107.41,217.45,-1,-1,-1,-1
207,5,1437.06,180.66,111.37,217.55,-1,-1,-1,-1
208,5,1437.91,177.73,106.50,218.69,-1,-1,-1,-1
209,5,1417.97,165.05,117.50,216.06,-1,-1,-1,-1
210,5,1421.40,162.06,107.43,218.30,-1,-1,-1,-1
211,5,1412.81,148.75,108.60,216.34,-1,-1,-1,-1
212,5,1408.19,150.09,102.28,211.78,-1,-1,-1,-1
213,5,1389.26,141.31,110.09,214.38,-1,-1,-1,-1
214,5,1382.51,141.71,108.38,211.23,-1,-1,-1,-1
215,5,1375.86,134.49,103.22,213.27,-1,-1,-1,-1
216,5,1365.95,132.79,107.26,214.37,-1,-1,-1,-1
217,5,1358.43,133.87,105.53,211.48,-1,-1,-1,-1
218,5,1341.65,134.23,110.11,209.30,-1,-1,-1,-1
219,5,1336.42,133.36,103.57,211.11,-1,-1,-1,-1
220,5,1326.60,133.41,105.65,211.73,-1,-1,-1,-1
221,5,1312.11,133.27,104.79,212.62,-1,-1,-1,-1
222,5,1302.87,132.65,105.72,214.76,-1,-1,-1,-1
223,5,1288.71,142.14,104.47,209.02,-1,-1,-1,-1
224,5,1280.76,139.72,103.31,215.51,-1,-1,-1,-1
225,5,1262.09,147.82,108.66,213.70,-1,-1,-1,-1
226,5,1255.28,147.00,104.96,218.73,-1,-1,-1,-1
227,5,1249.97,156.81,98.62,213.62,-1,-1,-1,-1
228,5,1230.47,161.15,106.52,220.62,-1,-1,-1,-1
229,5,1217.32,169.66,102.06,218.05,-1,-1,-1,-1
230,5,1199.64,178.11,106.10,216.94,-1,-1,-1,-1
231,5,1191.00,177.48,105.01,222.61,-1,-1,-1,-1
232,5,1176.92,194.34,102.66,217.51,-1,-1,-1,-1
233,5,1160.99,203.53,103.91,216.07,-1,-1,-1,-1
234,5,1152.01,212.59,103.34,216.77,-1,-1,-1,-1
235,5,1134.50,218.88,107.00,219.59,-1,-1,-1,-1
236,5,1118.43,233.32,107.67,219.01,-1,-1,-1,-1
237,5,1101.21,243.24,111.10,218.33,-1,-1,-1,-1
238,5,1092.73,256.90,109.69,219.88,-1,-1,-1,-1
239,5,1079.76,267.03,103.54,218.91,-1,-1,-1,-1
240,5,1063.56,284.59,104.69,214.89,-1,-1,-1,-1
241,5,1048.65,301.08,104.19,212.17,-1,-1,-1,-1
242,5,1031.86,317.93,105.73,209.38,-1,-1,-1,-1
243,5,1013.95,328.16,109.56,207.94,-1,-1,-1,-1
244,5,1006.90,342.40,104.84,209.76,-1,-1,-1,-1
245,5,992.69,357.46,100.96,210.49,-1,-1,-1,-1
246,5,977.60,372.02,100.25,213.47,-1,-1,-1,-1
247,5,964.44,387.83,96.28,214.03,-1,-1,-1,-1
248,5,962.55,396.80,83.57,216.04,-1,-1,-1,-1
4,6,1466.48,655.31,79.97,196.59,-1,-1,-1,-1
5,6,1469.03,643.12,83.51,203.49,-1,-1,-1,-1
7,6,1482.81,619.67,80.44,202.38,-1,-1,-1,-1
8,6,1483.08,608.88,83.63,202.47,-1,-1,-1,-1
9,6,1489.60,593.68,84.82,203.48,-1,-1,-1,-1
10,6,1491.06,577.60,85.14,207.23,-1,-1,-1,-1
11,6,1495.95,568.11,84.64,205.49,-1,-1,-1,-1
12,6,1498.68,553.45,85.61,205.44,-1,-1,-1,-1
13,6,1501.38,539.66,88.23,203.69,-1,-1,-1,-1
14,6,1504.23,523.07,85.34,205.35,-1,-1,-1,-1
15,6,1504.61,510.69,86.67,208.66,-1,-1,-1,-1
23,6,1504.82,392.84,88.09,205.04,-1,-1,-1,-1
24,6,1504.41,377.84,88.45,203.13,-1,-1,-1,-1
25,6,1502.30,361.75,90.80,203.00,-1,-1,-1,-1
26,6,1500.05,345.97,94.38,203.69,-1,-1,-1,-1
27,6,1494.20,329.00,93.95,205.38,-1,-1,-1,-1
28,6,1491.78,312.62,96.14,209.90,-1,-1,-1,-1
29,6,1492.45,303.01,92.15,207.39,-1,-1,-1,-1
30,6,1484.78,287.60,96.02,209.03,-1,-1,-1,-1
31,6,1484.09,273.74,92.89,207.65,-1,-1,-1,-1
32,6,1477.89,263.23,92.66,207.18,-1,-1,-1,-1
33,6,1476.59,254.99,91.22,205.67,-1,-1,-1,-1
34,6,1469.81,239.38,91.41,211.10,-1,-1,-1,-1
35,6,1462.31,229.90,92.85,208.57,-1,-1,-1,-1
36,6,1454.68,216.53,93.03,207.95,-1,-1,-1,-1
37,6,1452.77,207.54,91.34,208.95,-1,-1,-1,-1
38,6,1444.99,199.19,91.05,209.22,-1,-1,-1,-1
39,6,1437.02,190.09,93.49,213.01,-1,-1,-1,-1
40,6,1429.02,179.94,93.46,218.73,-1,-1,-1,-1
41,6,1422.46,174.46,89.82,212.11,-1,-1,-1,-1
42,6,1412.95,166.68,93.74,224.55,-1,-1,-1,-1
43,6,1405.63,162.34,91.84,217.39,-1,-1,-1,-1
44,6,1396.95,155.00,92.63,215.57,-1,-1,-1,-1
45,6,1389.34,151.75,91.19,208.55,-1,-1,-1,-1
46,6,1380.25,149.02,92.44,210.77,-1,-1,-1,-1
47,6,1372.24,144.29,91.25,208.15,-1,-1,-1,-1
48,6,1359.28,142.84,90.63,207.56,-1,-1,-1,-1
49,6,1351.35,139.09,88.46,204.66,-1,-1,-1,-1
50,6,1341.13,138.08,90.26,206.31,-1,-1,-1,-1
51,6,1327.68,138.16,90.78,205.84,-1,-1,-1,-1
52,6,1318.79,137.61,91.42,206.06,-1,-1,-1,-1
53,6,1308.34,139.49,91.76,214.32,-1,-1,-1,-1
54,6,1295.13,142.58,90.86,208.16,-1,-1,-1,-1
55,6,1285.10,143.96,90.93,208.32,-1,-1,-1,-1
56,6,1271.18,145.74,93.23,206.94,-1,-1,-1,-1
57,6,1260.93,152.09,91.35,209.62,-1,-1,-1,-1
58,6,1246.65,158.03,92.63,210.58,-1,-1,-1,-1
59,6,1229.01,161.72,97.30,217.88,-1,-1,-1,-1
60,6,1220.83,167.70,94.94,222.37,-1,-1,-1,-1
61,6,1206.26,175.80,94.89,222.16,-1,-1,-1,-1
62,6,1196.35,182.10,93.44,211.54,-1,-1,-1,-1
63,6,1182.22,190.13,93.00,212.18,-1,-1,-1,-1
64,6,1166.11,197.85,94.50,214.19,-1,-1,-1,-1
65,6,1154.19,206.80,96.60,211.66,-1,-1,-1,-1
66,6,1140.90,215.22,93.76,212.66,-1,-1,-1,-1
67,6,1124.42,228.98,97.29,210.21,-1,-1,-1,-1
68,6,1114.68,239.09,95.48,208.82,-1,-1,-1,-1
69,6,1100.65,249.90,93.98,207.30,-1,-1,-1,-1
70,6,1083.42,262.91,96.92,208.74,-1,-1,-1,-1
71,6,1069.69,273.50,94.17,207.85,-1,-1,-1,-1
72,6,1052.62,285.87,96.85,213.68,-1,-1,-1,-1
73,6,1043.36,301.38,94.26,212.11,-1,-1,-1,-1
74,6,1027.72,317.42,95.38,209.98,-1,-1,-1,-1
75,6,1012.21,328.55,94.44,208.30,-1,-1,-1,-1
76,6,999.23,344.27,90.50,207.51,-1,-1,-1,-1
77,6,984.88,360.99,87.30,205.35,-1,-1,-1,-1
78,6,967.00,375.30,92.10,208.52,-1,-1,-1,-1
79,6,959.04,389.17,87.04,214.35,-1,-1,-1,-1
82,6,943.84,455.91,72.72,209.67,-1,-1,-1,-1
84,6,893.71,451.07,90.37,232.42,-1,-1,-1,-1
85,6,879.65,467.22,89.45,213.76,-1,-1,-1,-1
86,6,866.23,484.81,84.91,211.59,-1,-1,-1,-1
87,6,849.78,496.93,86.80,206.35,-1,-1,-1,-1
88,6,833.54,510.70,88.48,210.67,-1,-1,-1,-1
89,6,823.31,528.36,84.98,205.53,-1,-1,-1,-1
91,6,793.52,553.68,82.38,205.41,-1,-1,-1,-1
92,6,775.59,568.20,87.19,207.60,-1,-1,-1,-1
93,6,760.79,582.60,86.77,209.48,-1,-1,-1,-1
94,6,746.95,594.15,84.33,204.98,-1,-1,-1,-1
95,6,736.46,608.90,84.17,202.54,-1,-1,-1,-1
96,6,719.53,619.36,85.31,203.66,-1,-1,-1,-1
97,6,705.05,632.69,85.23,203.82,-1,-1,-1,-1
98,6,690.65,641.76,84.13,206.23,-1,-1,-1,-1
99,6,680.36,652.12,82.80,202.88,-1,-1,-1,-1
100,6,663.29,664.61,85.69,204.42,-1,-1,-1,-1
101,6,649.26,674.03,84.04,204.24,-1,-1,-1,-1
102,6,635.07,681.78,83.76,204.50,-1,-1,-1,-1
103,6,628.32,692.53,76.56,199.88,-1,-1,-1,-1
104,6,611.23,699.63,80.63,202.50,-1,-1,-1,-1
105,6,597.20,706.17,80.58,204.31,-1,-1,-1,-1
107,6,574.07,724.13,76.18,196.69,-1,-1,-1,-1
108,6,563.30,732.03,78.04,197.63,-1,-1,-1,-1
109,6,548.36,730.37,80.08,203.19,-1,-1,-1,-1
110,6,540.14,732.66,76.82,200.82,-1,-1,-1,-1
111,6,526.41,739.61,76.43,198.88,-1,-1,-1,-1
112,6,515.50,739.32,80.08,201.00,-1,-1,-1,-1
113,6,502.68,740.50,77.79,200.48,-1,-1,-1,-1
114,6,494.68,741.37,75.78,199.24,-1,-1,-1,-1
115,6,482.59,740.11,79.97,201.62,-1,-1,-1,-1
116,6,469.79,740.67,80.27,198.73,-1,-1,-1,-1
117,6,462.46,740.04,75.75,198.36,-1,-1,-1,-1
118,6,451.38,738.07,78.88,201.00,-1,-1,-1,-1
121,6,422.49,725.49,79.48,197.70,-1,-1,-1,-1
122,6,413.40,716.91,80.98,199.95,-1,-1,-1,-1
123,6,406.27,709.65,79.97,199.80,-1,-1,-1,-1
124,6,397.50,708.26,80.45,197.24,-1,-1,-1,-1
125,6,391.52,700.22,77.70,200.03,-1,-1,-1,-1
126,6,387.35,693.66,77.78,195.43,-1,-1,-1,-1
127,6,377.63,683.35,79.67,199.67,-1,-1,-1,-1
128,6,370.46,668.84,81.55,201.55,-1,-1,-1,-1
129,6,365.72,659.97,78.42,201.87,-1,-1,-1,-1
130,6,356.58,649.68,82.09,203.73,-1,-1,-1,-1
131,6,351.35,635.75,84.64,204.55,-1,-1,-1,-1
132,6,349.42,626.78,77.72,201.80,-1,-1,-1,-1
133,6,340.06,610.12,83.16,206.53,-1,-1,-1,-1
134,6,336.59,601.32,85.10,205.62,-1,-1,-1,-1
135,6,330.52,586.45,85.56,205.09,-1,-1,-1,-1
136,6,329.88,575.68,81.56,206.89,-1,-1,-1,-1
137,6,325.01,560.77,81.83,207.99,-1,-1,-1,-1
138,6,322.64,544.46,84.39,210.54,-1,-1,-1,-1
139,6,321.05,535.06,83.24,207.94,-1,-1,-1,-1
140,6,319.02,518.27,84.86,209.55,-1,-1,-1,-1
141,6,315.53,504.05,83.33,205.83,-1,-1,-1,-1
142,6,314.50,488.14,82.74,206.95,-1,-1,-1,-1
143,6,312.46,474.43,84.24,202.55,-1,-1,-1,-1
144,6,312.21,458.64,85.31,203.94,-1,-1,-1,-1
145,6,310.84,442.98,87.71,202.76,-1,-1,-1,-1
146,6,312.68,428.26,84.43,201.23,-1,-1,-1,-1
147,6,311.84,414.59,85.64,198.45,-1,-1,-1,-1
148,6,314.88,403.66,81.63,198.59,-1,-1,-1,-1
149,6,313.19,386.97,86.01,198.38,-1,-1,-1,-1
150,6,315.91,371.80,82.72,198.14,-1,-1,-1,-1
151,6,317.56,356.04,90.07,200.41,-1,-1,-1,-1
152,6,317.96,339.83,90.79,200.90,-1,-1,-1,-1
153,6,318.59,323.55,92.25,204.30,-1,-1,-1,-1
154,6,324.18,314.69,92.04,200.81,-1,-1,-1,-1
155,6,325.88,298.83,91.73,201.29,-1,-1,-1,-1
156,6,331.29,283.45,93.67,201.85,-1,-1,-1,-1
157,6,335.22,273.50,90.02,202.62,-1,-1,-1,-1
158,6,335.83,258.79,90.83,203.24,-1,-1,-1,-1
159,6,342.51,249.75,91.62,201.64,-1,-1,-1,-1
160,6,348.79,235.57,93.13,199.81,-1,-1,-1,-1
161,6,348.89,225.53,96.99,202.97,-1,-1,-1,-1
162,6,357.17,213.50,94.50,198.24,-1,-1,-1,-1
163,6,365.24,204.77,92.59,199.07,-1,-1,-1,-1
164,6,371.53,194.35,94.23,203.68,-1,-1,-1,-1
165,6,377.22,187.80,98.50,212.98,-1,-1,-1,-1
166,6,385.63,178.30,97.09,205.55,-1,-1,-1,-1
167,6,394.82,170.84,94.96,204.14,-1,-1,-1,-1
168,6,402.28,166.93,95.65,207.43,-1,-1,-1,-1
169,6,410.18,159.12,96.84,211.01,-1,-1,-1,-1
170,6,418.81,153.53,95.08,205.67,-1,-1,-1,-1
171,6,428.59,150.94,93.94,205.94,-1,-1,-1,-1
172,6,438.01,144.78,90.74,207.44,-1,-1,-1,-1
173,6,444.77,143.74,96.17,206.62,-1,-1,-1,-1
174,6,459.96,139.98,91.91,203.79,-1,-1,-1,-1
175,6,468.33,137.85,92.11,205.18,-1,-1,-1,-1
176,6,476.31,138.41,94.38,205.04,-1,-1,-1,-1
177,6,485.72,137.82,94.90,206.92,-1,-1,-1,-1
178,6,499.69,139.39,93.27,203.49,-1,-1,-1,-1
179,6,508.67,139.29,94.21,204.83,-1,-1,-1,-1
180,6,522.45,144.60,95.62,206.56,-1,-1,-1,-1
181,6,533.53,144.80,92.37,206.91,-1,-1,-1,-1
182,6,546.05,151.29,96.59,207.33,-1,-1,-1,-1
183,6,555.77,153.52,95.71,206.03,-1,-1,-1,-1
184,6,569.19,159.48,98.23,210.80,-1,-1,-1,-1
185,6,578.59,165.93,99.92,208.76,-1,-1,-1,-1
186,6,594.09,170.78,97.50,216.13,-1,-1,-1,-1
187,6,602.23,180.33,101.37,213.16,-1,-1,-1,-1
188,6,617.95,188.25,99.05,212.47,-1,-1,-1,-1
189,6,632.22,196.47,101.42,211.24,-1,-1,-1,-1
190,6,650.62,206.87,95.45,207.10,-1,-1,-1,-1
191,6,659.83,216.91,98.13,203.58,-1,-1,-1,-1
192,6,675.14,223.80,97.56,208.42,-1,-1,-1,-1
193,6,692.84,233.60,93.55,204.57,-1,-1,-1,-1
194,6,707.33,249.24,94.57,202.36,-1,-1,-1,-1
195,6,717.28,258.11,95.94,204.69,-1,-1,-1,-1
196,6,732.21,271.50,97.22,207.26,-1,-1,-1,-1
197,6,748.60,287.51,95.12,204.92,-1,-1,-1,-1
198,6,761.99,297.25,99.04,204.84,-1,-1,-1,-1
199,6,778.53,313.17,97.30,203.53,-1,-1,-1,-1
200,6,793.39,327.28,99.37,206.47,-1,-1,-1,-1
201,6,810.02,338.94,97.29,204.91,-1,-1,-1,-1
202,6,822.38,353.01,93.25,207.53,-1,-1,-1,-1
203,6,839.27,367.13,91.58,209.77,-1,-1,-1,-1
204,6,855.49,381.71,88.66,213.30,-1,-1,-1,-1
206,6,920.70,439.89,71.95,205.51,-1,-1,-1,-1
209,6,935.50,458.57,86.37,216.59,-1,-1,-1,-1
210,6,942.80,471.74,91.08,210.91,-1,-1,-1,-1
211,6,960.83,488.40,87.78,206.30,-1,-1,-1,-1
212,6,975.05,503.82,89.73,206.70,-1,-1,-1,-1
213,6,990.86,519.47,89.99,207.23,-1,-1,-1,-1
214,6,1005.18,533.40,91.81,209.39,-1,-1,-1,-1
215,6,1021.72,545.16,89.77,206.38,-1,-1,-1,-1
216,6,1037.73,561.78,88.60,203.41,-1,-1,-1,-1
217,6,1053.22,575.43,89.49,206.66,-1,-1,-1,-1
218,6,1064.81,587.44,87.84,202.57,-1,-1,-1,-1
219,6,1079.17,601.41,89.45,202.63,-1,-1,-1,-1
220,6,1095.98,612.22,87.92,202.77,-1,-1,-1,-1
221,6,1112.25,625.77,85.08,201.81,-1,-1,-1,-1
222,6,1127.11,635.95,85.79,201.31,-1,-1,-1,-1
223,6,1137.78,649.32,86.15,203.29,-1,-1,-1,-1
224,6,1153.43,657.61,85.54,205.33,-1,-1,-1,-1
225,6,1170.06,675.68,81.29,197.70,-1,-1,-1,-1
227,6,1195.12,691.18,80.47,199.49,-1,-1,-1,-1
228,6,1210.84,700.25,79.58,197.88,-1,-1,-1,-1
231,6,1244.89,715.88,82.16,202.55,-1,-1,-1,-1
232,6,1259.39,723.71,79.63,201.39,-1,-1,-1,-1
233,6,1268.31,732.22,82.30,197.76,-1,-1,-1,-1
234,6,1282.96,732.51,82.00,199.93,-1,-1,-1,-1
235,6,1292.57,734.27,82.53,198.91,-1,-1,-1,-1
236,6,1307.51,741.17,80.17,196.51,-1,-1,-1,-1
238,6,1330.57,742.38,80.58,196.47,-1,-1,-1,-1
239,6,1340.21,742.05,79.88,196.51,-1,-1,-1,-1
243,6,1380.70,733.68,79.18,197.47,-1,-1,-1,-1
244,6,1387.71,732.51,82.20,199.78,-1,-1,-1,-1
245,6,1398.57,726.99,77.88,194.84,-1,-1,-1,-1
246,6,1406.37,726.66,78.08,192.93,-1,-1,-1,-1
249,6,1429.10,702.80,80.89,196.47,-1,-1,-1,-1
25,7,330.93,339.83,79.86,202.90,-1,-1,-1,-1
26,7,327.89,321.78,87.71,206.99,-1,-1,-1,-1
27,7,334.66,311.43,88.23,208.12,-1,-1,-1,-1
28,7,332.64,298.61,94.63,203.79,-1,-1,-1,-1
29,7,333.20,279.11,94.62,210.26,-1,-1,-1,-1
30,7,340.63,269.25,94.13,213.07,-1,-1,-1,-1
31,7,341.76,253.75,94.14,213.55,-1,-1,-1,-1
32,7,350.83,246.38,90.48,210.39,-1,-1,-1,-1
33,7,356.14,231.26,94.52,210.05,-1,-1,-1,-1
34,7,362.41,220.81,97.58,212.91,-1,-1,-1,-1
35,7,364.24,207.94,95.80,209.54,-1,-1,-1,-1
36,7,370.62,200.62,98.17,208.99,-1,-1,-1,-1
38,7,384.43,181.07,101.96,215.10,-1,-1,-1,-1
42,7,421.16,159.25,92.20,209.62,-1,-1,-1,-1
43,7,429.05,152.89,92.63,207.43,-1,-1,-1,-1
44,7,437.35,150.56,91.93,209.29,-1,-1,-1,-1
45,7,446.50,145.34,90.58,206.46,-1,-1,-1,-1
46,7,455.24,143.87,90.49,207.70,-1,-1,-1,-1
47,7,462.04,135.55,93.18,211.26,-1,-1,-1,-1
49,7,484.27,136.57,95.12,209.10,-1,-1,-1,-1
52,7,518.14,141.60,92.15,211.84,-1,-1,-1,-1
55,7,554.87,148.75,97.24,213.84,-1,-1,-1,-1
56,7,564.32,153.03,94.87,208.36,-1,-1,-1,-1
57,7,576.02,160.01,89.56,208.58,-1,-1,-1,-1
58,7,589.51,163.49,93.32,215.48,-1,-1,-1,-1
59,7,603.12,170.88,97.16,217.17,-1,-1,-1,-1
61,7,627.04,188.02,97.86,215.38,-1,-1,-1,-1
62,7,644.02,192.48,94.37,208.24,-1,-1,-1,-1
63,7,650.25,197.70,100.13,214.41,-1,-1,-1,-1
64,7,665.40,206.44,101.16,211.68,-1,-1,-1,-1
65,7,680.77,209.76,102.23,219.60,-1,-1,-1,-1
66,7,698.60,232.66,97.77,206.92,-1,-1,-1,-1
67,7,712.95,245.81,100.24,210.64,-1,-1,-1,-1
68,7,723.49,256.28,97.10,208.53,-1,-1,-1,-1
69,7,740.43,271.47,95.48,208.13,-1,-1,-1,-1
70,7,756.36,287.60,94.22,206.66,-1,-1,-1,-1
71,7,773.89,298.84,90.19,203.55,-1,-1,-1,-1
72,7,780.84,313.04,95.58,205.48,-1,-1,-1,-1
77,7,867.20,385.68,81.30,203.90,-1,-1,-1,-1
78,7,883.28,400.04,80.97,207.81,-1,-1,-1,-1
79,7,893.76,417.39,78.65,204.93,-1,-1,-1,-1
83,7,958.97,472.17,72.81,207.37,-1,-1,-1,-1
84,7,974.33,490.11,74.35,204.38,-1,-1,-1,-1
85,7,988.44,504.35,77.17,207.53,-1,-1,-1,-1
86,7,1004.43,520.92,76.98,205.37,-1,-1,-1,-1
87,7,1015.22,534.35,75.28,209.08,-1,-1,-1,-1
89,7,1046.88,559.79,75.48,209.72,-1,-1,-1,-1
90,7,1066.22,575.52,67.33,208.62,-1,-1,-1,-1
91,7,1080.65,591.93,70.31,205.11,-1,-1,-1,-1
92,7,1097.44,603.92,67.31,201.15,-1,-1,-1,-1
95,7,1135.90,640.67,72.30,203.62,-1,-1,-1,-1
89,8,1494.74,618.41,58.63,200.39,-1,-1,-1,-1
90,8,1497.26,603.19,55.88,201.30,-1,-1,-1,-1
91,8,1505.29,594.56,55.10,199.55,-1,-1,-1,-1
108,9,1508.17,344.12,78.53,206.19,-1,-1,-1,-1
109,9,1501.19,329.31,78.91,204.42,-1,-1,-1,-1
110,9,1499.06,315.39,81.97,201.31,-1,-1,-1,-1
111,9,1499.19,297.57,81.46,207.21,-1,-1,-1,-1
112,9,1492.50,281.69,80.15,207.68,-1,-1,-1,-1
113,9,1493.59,273.18,75.78,203.93,-1,-1,-1,-1
114,9,1486.18,260.15,76.57,202.80,-1,-1,-1,-1
115,9,1480.29,250.03,73.33,204.97,-1,-1,-1,-1
116,9,1479.38,240.66,73.67,204.65,-1,-1,-1,-1
117,9,1474.46,225.78,69.19,205.99,-1,-1,-1,-1
118,9,1467.24,217.41,67.05,203.61,-1,-1,-1,-1
119,9,1465.06,208.38,69.11,204.58,-1,-1,-1,-1
120,9,1456.57,200.83,70.06,203.20,-1,-1,-1,-1
121,9,1451.26,191.51,64.70,206.01,-1,-1,-1,-1
122,9,1441.14,180.06,70.31,202.63,-1,-1,-1,-1
123,9,1432.79,171.56,70.23,204.04,-1,-1,-1,-1
124,9,1424.44,169.51,71.62,201.62,-1,-1,-1,-1
125,9,1416.00,161.89,71.53,201.90,-1,-1,-1,-1
126,9,1406.45,155.13,75.90,199.82,-1,-1,-1,-1
127,9,1399.68,147.66,73.98,203.76,-1,-1,-1,-1
128,9,1389.92,145.55,74.98,202.47,-1,-1,-1,-1
129,9,1382.55,139.69,73.78,203.53,-1,-1,-1,-1
130,9,1367.37,137.99,74.37,204.55,-1,-1,-1,-1
131,9,1358.09,138.39,77.21,200.83,-1,-1,-1,-1
132,9,1350.19,138.05,75.35,201.38,-1,-1,-1,-1
133,9,1335.49,137.53,74.76,202.55,-1,-1,-1,-1
134,9,1333.43,137.80,75.36,201.32,-1,-1,-1,-1
135,9,1318.83,137.93,73.69,202.68,-1,-1,-1,-1
136,9,1302.23,137.95,76.99,204.42,-1,-1,-1,-1
137,9,1293.21,138.59,77.63,205.60,-1,-1,-1,-1
138,9,1286.68,145.83,73.27,202.31,-1,-1,-1,-1
139,9,1268.94,143.98,78.50,210.63,-1,-1,-1,-1
140,9,1253.51,152.33,77.47,207.81,-1,-1,-1,-1
141,9,1242.39,158.72,82.81,206.90,-1,-1,-1,-1
142,9,1229.57,160.70,78.64,209.26,-1,-1,-1,-1
143,9,1221.82,169.82,75.79,206.87,-1,-1,-1,-1
144,9,1206.36,175.67,76.19,211.67,-1,-1,-1,-1
145,9,1192.06,184.27,72.55,210.66,-1,-1,-1,-1
146,9,1178.56,191.41,81.17,211.75,-1,-1,-1,-1
147,9,1162.36,198.94,82.86,212.75,-1,-1,-1,-1
148,9,1146.77,217.52,83.09,202.91,-1,-1,-1,-1
149,9,1136.57,224.89,85.60,206.44,-1,-1,-1,-1
150,9,1121.28,233.98,85.62,206.39,-1,-1,-1,-1
151,9,1106.07,248.12,83.91,207.54,-1,-1,-1,-1
152,9,1092.46,264.28,79.04,204.74,-1,-1,-1,-1
153,9,1077.12,271.45,79.03,208.44,-1,-1,-1,-1
154,9,1060.51,286.14,80.25,208.48,-1,-1,-1,-1
155,9,1047.03,294.29,89.43,213.06,-1,-1,-1,-1
156,9,1032.13,312.09,87.80,208.31,-1,-1,-1,-1
157,9,1017.85,329.12,84.66,204.53,-1,-1,-1,-1
158,9,1005.24,346.75,78.19,198.95,-1,-1,-1,-1
159,9,985.78,354.09,85.05,204.58,-1,-1,-1,-1
160,9,975.19,371.78,75.22,200.75,-1,-1,-1,-1
161,9,961.27,387.88,70.65,200.79,-1,-1,-1,-1
162,9,945.91,402.96,70.12,201.94,-1,-1,-1,-1
163,9,930.67,419.79,68.76,201.36,-1,-1,-1,-1
164,9,917.34,434.62,62.75,201.60,-1,-1,-1,-1
165,9,914.56,434.33,67.45,203.33,-1,-1,-1,-1
166,9,907.20,436.69,66.33,215.96,-1,-1,-1,-1
167,9,892.30,457.85,64.76,205.90,-1,-1,-1,-1
168,9,876.84,474.96,64.68,203.84,-1,-1,-1,-1
169,9,861.93,493.46,62.99,199.93,-1,-1,-1,-1
170,9,848.67,508.30,67.76,200.07,-1,-1,-1,-1
171,9,832.71,522.79,69.03,201.93,-1,-1,-1,-1
172,9,818.06,537.07,66.34,202.54,-1,-1,-1,-1
173,9,802.19,546.92,67.45,204.71,-1,-1,-1,-1
174,9,785.98,562.52,67.67,203.06,-1,-1,-1,-1
175,9,772.14,578.26,64.98,202.72,-1,-1,-1,-1
176,9,757.18,587.65,63.87,203.39,-1,-1,-1,-1
177,9,745.76,602.84,66.77,202.19,-1,-1,-1,-1
178,9,730.99,610.51,63.69,206.09,-1,-1,-1,-1
179,9,717.10,625.89,62.01,203.09,-1,-1,-1,-1
180,9,701.57,634.66,63.29,204.71,-1,-1,-1,-1
181,9,687.57,650.19,59.22,201.96,-1,-1,-1,-1
182,9,675.70,658.50,62.96,201.88,-1,-1,-1,-1
183,9,660.79,666.27,61.93,205.14,-1,-1,-1,-1
184,9,645.88,681.27,62.14,201.70,-1,-1,-1,-1
185,9,636.88,684.16,60.08,201.50,-1,-1,-1,-1
186,9,624.26,698.12,54.86,200.81,-1,-1,-1,-1
187,9,607.96,706.31,57.96,199.62,-1,-1,-1,-1
188,9,598.71,714.48,56.37,199.31,-1,-1,-1,-1
189,9,583.57,716.26,57.85,198.55,-1,-1,-1,-1
193,9,537.63,732.36,54.65,198.66,-1,-1,-1,-1
195,9,512.95,739.63,56.12,197.71,-1,-1,-1,-1
153,10,1494.01,289.03,91.87,207.89,-1,-1,-1,-1
154,10,1485.05,270.33,95.49,213.43,-1,-1,-1,-1
155,10,1485.09,263.22,94.09,208.50,-1,-1,-1,-1
156,10,1479.31,252.42,91.22,212.58,-1,-1,-1,-1
157,10,1479.45,238.38,87.76,211.28,-1,-1,-1,-1
158,10,1473.65,229.84,85.67,210.49,-1,-1,-1,-1
159,10,1464.25,216.93,89.89,207.16,-1,-1,-1,-1
161,10,1453.58,198.05,92.18,212.93,-1,-1,-1,-1
162,10,1447.53,189.47,88.41,212.99,-1,-1,-1,-1
163,10,1439.46,180.11,89.62,216.37,-1,-1,-1,-1
164,10,1429.70,174.38,93.00,212.36,-1,-1,-1,-1
165,10,1422.25,165.84,92.20,214.07,-1,-1,-1,-1
166,10,1416.70,164.91,87.00,212.89,-1,-1,-1,-1
168,10,1398.87,152.31,89.23,208.57,-1,-1,-1,-1
169,10,1390.85,146.02,89.75,205.96,-1,-1,-1,-1
170,10,1376.59,144.83,88.89,205.60,-1,-1,-1,-1
171,10,1367.68,143.66,90.43,207.02,-1,-1,-1,-1
172,10,1358.55,137.38,91.85,207.19,-1,-1,-1,-1
173,10,1349.67,137.54,91.28,206.80,-1,-1,-1,-1
174,10,1339.76,137.23,94.63,207.93,-1,-1,-1,-1
176,10,1318.27,141.87,90.02,210.55,-1,-1,-1,-1
177,10,1303.98,143.49,90.43,208.21,-1,-1,-1,-1
180,10,1268.48,149.98,94.54,213.26,-1,-1,-1,-1
181,10,1260.03,157.78,94.00,211.04,-1,-1,-1,-1
182,10,1246.82,161.82,90.36,206.19,-1,-1,-1,-1
183,10,1235.12,167.54,95.83,223.70,-1,-1,-1,-1
184,10,1221.12,174.55,92.21,211.85,-1,-1,-1,-1
185,10,1203.31,179.79,96.91,217.34,-1,-1,-1,-1
186,10,1189.12,190.87,95.06,210.46,-1,-1,-1,-1
187,10,1178.03,196.63,98.85,216.06,-1,-1,-1,-1
188,10,1163.51,204.18,96.65,215.95,-1,-1,-1,-1
189,10,1146.46,214.91,99.96,210.48,-1,-1,-1,-1
190,10,1130.08,223.97,100.70,209.91,-1,-1,-1,-1
191,10,1121.72,233.87,99.36,219.55,-1,-1,-1,-1
192,10,1105.96,244.96,99.88,215.58,-1,-1,-1,-1
193,10,1092.30,262.44,94.98,211.18,-1,-1,-1,-1
194,10,1078.72,277.96,91.23,211.36,-1,-1,-1,-1
195,10,1062.71,290.54,91.96,216.33,-1,-1,-1,-1
196,10,1051.34,300.16,95.21,216.48,-1,-1,-1,-1
197,10,1036.21,315.61,94.15,215.54,-1,-1,-1,-1
198,10,1021.93,331.98,91.62,214.13,-1,-1,-1,-1
199,10,1005.90,342.80,91.63,211.31,-1,-1,-1,-1
200,10,992.56,360.34,87.72,206.54,-1,-1,-1,-1
201,10,979.08,377.07,82.87,204.43,-1,-1,-1,-1
202,10,963.62,392.73,81.52,205.24,-1,-1,-1,-1
203,10,948.46,406.78,80.64,208.41,-1,-1,-1,-1
204,10,933.07,422.77,78.87,208.96,-1,-1,-1,-1
205,10,918.89,432.78,76.68,208.57,-1,-1,-1,-1
209,10,877.50,480.77,76.12,207.51,-1,-1,-1,-1
210,10,861.44,497.45,76.94,206.61,-1,-1,-1,-1
211,10,844.61,512.60,79.84,206.25,-1,-1,-1,-1
212,10,828.71,526.87,80.06,209.60,-1,-1,-1,-1
213,10,818.42,541.01,80.04,211.64,-1,-1,-1,-1
215,10,790.49,566.91,73.37,209.95,-1,-1,-1,-1
216,10,775.95,582.42,70.73,209.60,-1,-1,-1,-1
217,10,760.64,592.69,71.03,208.60,-1,-1,-1,-1
218,10,745.62,608.76,70.20,204.94,-1,-1,-1,-1
219,10,729.69,616.77,71.47,208.66,-1,-1,-1,-1
220,10,718.88,633.46,71.46,203.59,-1,-1,-1,-1
221,10,703.85,643.12,71.73,203.45,-1,-1,-1,-1
222,10,688.04,655.85,73.51,205.77,-1,-1,-1,-1
223,10,679.57,665.52,69.75,203.73,-1,-1,-1,-1
224,10,663.19,673.39,71.35,205.62,-1,-1,-1,-1
228,10,609.53,708.77,68.31,198.95,-1,-1,-1,-1
