2,1,912.31,427.35,87.88,216.53,-1,-1,-1,-1
3,1,925.80,414.37,90.98,226.95,-1,-1,-1,-1
5,1,945.39,393.72,84.01,206.42,-1,-1,-1,-1
7,1,963.01,377.48,83.42,206.50,-1,-1,-1,-1
8,1,975.64,365.87,86.62,210.98,-1,-1,-1,-1
9,1,984.75,359.06,85.64,209.55,-1,-1,-1,-1
10,1,991.37,345.02,89.71,221.70,-1,-1,-1,-1
13,1,1025.32,311.54,83.43,210.76,-1,-1,-1,-1
14,1,1027.71,303.88,82.28,207.71,-1,-1,-1,-1
15,1,1035.91,298.02,81.73,206.85,-1,-1,-1,-1
16,1,1041.98,288.90,84.48,206.30,-1,-1,-1,-1
17,1,1047.49,281.18,89.25,206.55,-1,-1,-1,-1
18,1,1055.36,271.29,88.16,210.63,-1,-1,-1,-1
19,1,1063.01,264.27,88.77,205.91,-1,-1,-1,-1
20,1,1061.95,248.74,93.06,208.44,-1,-1,-1,-1
21,1,1071.06,248.46,89.28,204.89,-1,-1,-1,-1
22,1,1082.07,239.21,83.43,207.06,-1,-1,-1,-1
23,1,1086.68,224.16,88.99,210.97,-1,-1,-1,-1
24,1,1088.32,215.76,86.53,209.89,-1,-1,-1,-1
25,1,1095.65,206.37,86.69,208.74,-1,-1,-1,-1
26,1,1094.11,200.84,91.22,208.36,-1,-1,-1,-1
27,1,1095.15,191.22,91.14,209.12,-1,-1,-1,-1
28,1,1099.77,183.58,94.34,211.07,-1,-1,-1,-1
29,1,1105.26,176.65,84.67,208.60,-1,-1,-1,-1
30,1,1108.78,175.17,78.00,206.31,-1,-1,-1,-1
31,1,1107.20,168.07,81.50,206.65,-1,-1,-1,-1
32,1,1107.49,159.92,81.39,206.61,-1,-1,-1,-1
33,1,1107.56,146.74,81.01,205.47,-1,-1,-1,-1
34,1,1107.95,144.46,80.14,204.30,-1,-1,-1,-1
35,1,1106.94,137.66,82.25,206.32,-1,-1,-1,-1
36,1,1107.04,130.00,80.87,205.27,-1,-1,-1,-1
37,1,1103.15,121.24,87.67,204.88,-1,-1,-1,-1
38,1,1096.15,121.48,87.89,204.05,-1,-1,-1,-1
39,1,1097.29,114.73,84.58,203.63,-1,-1,-1,-1
40,1,1089.29,105.50,86.64,202.85,-1,-1,-1,-1
41,1,1090.22,104.92,82.90,203.87,-1,-1,-1,-1
42,1,1085.63,97.04,78.37,205.30,-1,-1,-1,-1
43,1,1079.89,90.01,86.69,204.60,-1,-1,-1,-1
44,1,1071.03,81.00,89.43,205.32,-1,-1,-1,-1
45,1,1072.67,79.45,84.37,207.29,-1,-1,-1,-1
46,1,1066.88,80.67,80.84,203.99,-1,-1,-1,-1
47,1,1057.27,73.87,83.99,203.52,-1,-1,-1,-1
48,1,1054.18,65.45,75.12,203.55,-1,-1,-1,-1
49,1,1038.98,63.76,88.65,205.99,-1,-1,-1,-1
50,1,1032.21,56.93,87.10,205.53,-1,-1,-1,-1
51,1,1022.74,55.41,90.26,205.57,-1,-1,-1,-1
52,1,1017.07,55.02,85.95,205.67,-1,-1,-1,-1
53,1,1009.88,48.55,83.23,206.71,-1,-1,-1,-1
54,1,1000.49,48.29,85.87,206.13,-1,-1,-1,-1
55,1,993.89,48.08,82.61,206.25,-1,-1,-1,-1
56,1,974.87,40.92,91.03,205.08,-1,-1,-1,-1
57,1,973.11,40.36,79.07,206.52,-1,-1,-1,-1
58,1,960.78,41.16,86.00,207.40,-1,-1,-1,-1
59,1,957.34,40.07,76.98,204.57,-1,-1,-1,-1
60,1,945.23,33.79,84.34,208.04,-1,-1,-1,-1
61,1,940.75,33.59,76.63,205.28,-1,-1,-1,-1
62,1,929.94,34.08,81.72,208.08,-1,-1,-1,-1
63,1,912.80,40.21,85.22,205.10,-1,-1,-1,-1
64,1,905.59,33.53,83.97,206.20,-1,-1,-1,-1
65,1,899.11,32.43,79.91,207.36,-1,-1,-1,-1
66,1,883.40,33.45,81.94,205.74,-1,-1,-1,-1
67,1,874.75,33.07,82.82,206.46,-1,-1,-1,-1
68,1,864.37,40.25,86.53,207.95,-1,-1,-1,-1
69,1,857.69,41.33,82.40,207.77,-1,-1,-1,-1
70,1,844.41,40.41,80.92,210.77,-1,-1,-1,-1
71,1,831.85,40.70,88.49,205.39,-1,-1,-1,-1
72,1,826.92,46.95,82.47,206.50,-1,-1,-1,-1
73,1,815.40,40.65,88.42,209.86,-1,-1,-1,-1
74,1,809.47,49.03,83.98,206.98,-1,-1,-1,-1
75,1,805.04,48.82,77.55,206.90,-1,-1,-1,-1
76,1,794.23,57.36,81.58,206.79,-1,-1,-1,-1
77,1,787.26,63.56,80.55,204.54,-1,-1,-1,-1
78,1,775.16,65.78,88.71,206.32,-1,-1,-1,-1
79,1,765.78,71.65,91.69,204.70,-1,-1,-1,-1
80,1,764.37,72.32,79.21,202.74,-1,-1,-1,-1
81,1,756.38,73.05,79.11,205.23,-1,-1,-1,-1
82,1,747.56,74.03,82.61,206.89,-1,-1,-1,-1
83,1,737.32,81.42,87.29,203.68,-1,-1,-1,-1
84,1,738.40,88.30,83.63,205.92,-1,-1,-1,-1
85,1,734.55,96.22,76.03,204.14,-1,-1,-1,-1
86,1,725.97,98.37,91.19,206.56,-1,-1,-1,-1
87,1,716.53,104.07,94.77,206.81,-1,-1,-1,-1
88,1,718.46,105.04,89.88,208.05,-1,-1,-1,-1
89,1,721.22,113.14,84.05,207.93,-1,-1,-1,-1
90,1,710.82,120.94,90.30,204.46,-1,-1,-1,-1
91,1,714.39,128.24,82.46,205.30,-1,-1,-1,-1
92,1,709.98,129.95,90.42,206.35,-1,-1,-1,-1
93,1,704.40,136.16,88.69,210.22,-1,-1,-1,-1
94,1,703.83,151.06,89.41,206.71,-1,-1,-1,-1
95,1,709.95,157.62,89.99,211.31,-1,-1,-1,-1
96,1,705.96,166.74,85.67,209.67,-1,-1,-1,-1
97,1,711.08,172.71,88.32,210.98,-1,-1,-1,-1
98,1,711.07,180.81,88.36,211.22,-1,-1,-1,-1
99,1,709.61,182.29,92.85,212.85,-1,-1,-1,-1
100,1,708.02,190.31,96.43,213.94,-1,-1,-1,-1
101,1,709.23,197.44,94.03,215.02,-1,-1,-1,-1
102,1,717.84,208.04,90.63,210.42,-1,-1,-1,-1
103,1,719.05,216.25,89.49,209.24,-1,-1,-1,-1
104,1,727.93,231.13,87.41,206.60,-1,-1,-1,-1
105,1,726.68,232.19,90.94,208.39,-1,-1,-1,-1
106,1,733.85,240.41,91.40,206.64,-1,-1,-1,-1
107,1,741.36,248.21,92.34,209.52,-1,-1,-1,-1
108,1,740.71,255.42,95.62,207.92,-1,-1,-1,-1
109,1,751.76,271.62,88.68,206.31,-1,-1,-1,-1
110,1,761.25,280.79,85.14,204.82,-1,-1,-1,-1
111,1,765.72,287.35,92.68,207.51,-1,-1,-1,-1
112,1,775.07,297.04,89.39,205.26,-1,-1,-1,-1
113,1,782.00,311.01,90.76,206.84,-1,-1,-1,-1
114,1,794.62,319.70,83.63,206.44,-1,-1,-1,-1
115,1,798.20,319.97,91.24,209.85,-1,-1,-1,-1
116,1,810.30,328.22,83.68,223.84,-1,-1,-1,-1
117,1,815.57,342.42,89.88,226.56,-1,-1,-1,-1
118,1,824.45,356.26,88.21,214.21,-1,-1,-1,-1
119,1,842.58,364.84,80.60,211.01,-1,-1,-1,-1
120,1,847.85,375.98,86.17,205.26,-1,-1,-1,-1
122,1,866.89,390.54,82.18,210.90,-1,-1,-1,-1
125,1,894.27,425.30,90.11,219.92,-1,-1,-1,-1
126,1,909.78,438.83,76.59,206.28,-1,-1,-1,-1
127,1,918.92,447.44,87.72,206.98,-1,-1,-1,-1
128,1,928.80,456.11,84.87,204.54,-1,-1,-1,-1
129,1,938.71,466.37,82.39,205.94,-1,-1,-1,-1
130,1,948.41,481.20,79.05,202.66,-1,-1,-1,-1
131,1,956.22,491.10,81.29,200.83,-1,-1,-1,-1
132,1,970.76,498.67,80.68,201.70,-1,-1,-1,-1
133,1,978.31,507.07,82.59,199.78,-1,-1,-1,-1
134,1,988.78,513.57,80.30,202.46,-1,-1,-1,-1
135,1,996.19,521.72,80.80,207.26,-1,-1,-1,-1
136,1,1009.81,538.03,69.43,201.37,-1,-1,-1,-1
137,1,1020.00,545.72,77.12,202.45,-1,-1,-1,-1
138,1,1029.96,554.11,73.73,206.28,-1,-1,-1,-1
139,1,1027.33,561.27,83.03,205.03,-1,-1,-1,-1
140,1,1033.91,569.61,85.91,206.28,-1,-1,-1,-1
141,1,1043.82,583.46,81.49,204.04,-1,-1,-1,-1
142,1,1051.43,593.98,82.38,204.96,-1,-1,-1,-1
143,1,1058.02,602.52,84.38,205.46,-1,-1,-1,-1
144,1,1070.62,610.53,74.39,203.49,-1,-1,-1,-1
145,1,1076.19,618.37,78.85,205.51,-1,-1,-1,-1
146,1,1079.91,632.75,73.93,202.32,-1,-1,-1,-1
147,1,1090.07,634.78,68.63,203.78,-1,-1,-1,-1
148,1,1091.33,648.72,79.88,203.79,-1,-1,-1,-1
149,1,1091.57,649.57,82.35,204.64,-1,-1,-1,-1
150,1,1101.28,658.34,76.21,203.77,-1,-1,-1,-1
151,1,1102.16,672.97,77.02,204.05,-1,-1,-1,-1
152,1,1112.00,681.05,70.17,204.51,-1,-1,-1,-1
153,1,1113.08,689.73,70.05,203.16,-1,-1,-1,-1
154,1,1114.83,698.05,67.74,201.99,-1,-1,-1,-1
155,1,1114.93,706.00,67.80,202.42,-1,-1,-1,-1
156,1,1110.85,705.41,76.73,206.64,-1,-1,-1,-1
157,1,1113.19,722.32,71.60,201.13,-1,-1,-1,-1
158,1,1113.20,729.65,71.77,202.40,-1,-1,-1,-1
159,1,1115.52,730.93,67.19,204.17,-1,-1,-1,-1
160,1,1112.90,738.31,71.64,201.04,-1,-1,-1,-1
161,1,1111.43,744.98,74.25,204.43,-1,-1,-1,-1
162,1,1113.16,753.60,69.62,203.16,-1,-1,-1,-1
163,1,1109.43,762.78,63.46,200.25,-1,-1,-1,-1
164,1,1102.86,763.32,74.41,198.30,-1,-1,-1,-1
165,1,1102.24,771.21,73.48,200.72,-1,-1,-1,-1
166,1,1093.43,778.35,78.07,199.09,-1,-1,-1,-1
167,1,1089.25,779.20,72.00,200.79,-1,-1,-1,-1
168,1,1087.82,787.13,71.26,200.76,-1,-1,-1,-1
169,1,1085.04,786.67,63.97,202.46,-1,-1,-1,-1
170,1,1075.96,793.54,66.66,205.88,-1,-1,-1,-1
171,1,1073.54,803.29,67.27,200.08,-1,-1,-1,-1
172,1,1056.96,801.45,85.42,202.66,-1,-1,-1,-1
173,1,1053.16,802.78,77.26,205.26,-1,-1,-1,-1
174,1,1045.65,809.39,77.60,202.97,-1,-1,-1,-1
175,1,1039.95,811.09,72.44,201.89,-1,-1,-1,-1
176,1,1032.52,818.94,72.21,198.53,-1,-1,-1,-1
177,1,1020.18,817.51,81.03,201.02,-1,-1,-1,-1
178,1,1016.36,818.50,71.87,203.96,-1,-1,-1,-1
179,1,1005.53,826.19,75.47,202.64,-1,-1,-1,-1
180,1,996.87,832.89,77.59,202.77,-1,-1,-1,-1
181,1,989.80,833.21,74.63,201.94,-1,-1,-1,-1
182,1,982.15,833.67,73.69,203.87,-1,-1,-1,-1
183,1,964.15,833.68,80.71,203.72,-1,-1,-1,-1
184,1,959.46,834.90,72.94,202.13,-1,-1,-1,-1
185,1,946.75,833.07,82.49,202.82,-1,-1,-1,-1
186,1,940.61,841.81,76.97,201.07,-1,-1,-1,-1
187,1,925.09,834.28,80.05,203.57,-1,-1,-1,-1
188,1,918.03,834.12,77.05,202.55,-1,-1,-1,-1
189,1,909.53,841.90,75.97,200.87,-1,-1,-1,-1
190,1,903.22,842.46,72.30,200.40,-1,-1,-1,-1
191,1,886.55,841.79,76.62,201.40,-1,-1,-1,-1
192,1,877.74,834.36,77.17,203.04,-1,-1,-1,-1
193,1,872.62,834.95,71.03,204.47,-1,-1,-1,-1
194,1,860.64,833.66,77.45,202.14,-1,-1,-1,-1
195,1,853.41,827.48,75.62,204.06,-1,-1,-1,-1
196,1,842.09,827.76,69.79,200.53,-1,-1,-1,-1
197,1,833.67,827.11,70.04,203.95,-1,-1,-1,-1
198,1,819.64,826.02,81.31,200.98,-1,-1,-1,-1
199,1,813.14,826.68,77.74,199.40,-1,-1,-1,-1
200,1,808.99,819.22,70.46,203.08,-1,-1,-1,-1
201,1,798.70,818.56,73.49,199.92,-1,-1,-1,-1
202,1,788.82,817.90,78.14,200.58,-1,-1,-1,-1
203,1,785.33,812.58,68.61,199.35,-1,-1,-1,-1
204,1,774.89,810.84,74.39,202.12,-1,-1,-1,-1
205,1,768.69,810.64,70.70,199.82,-1,-1,-1,-1
206,1,755.22,794.82,82.34,205.04,-1,-1,-1,-1
207,1,758.09,794.54,73.96,201.29,-1,-1,-1,-1
208,1,750.55,787.43,73.68,201.98,-1,-1,-1,-1
209,1,745.13,787.83,71.42,199.16,-1,-1,-1,-1
210,1,738.75,779.35,69.05,203.72,-1,-1,-1,-1
211,1,735.60,778.60,71.92,199.32,-1,-1,-1,-1
212,1,729.57,771.57,71.00,201.88,-1,-1,-1,-1
213,1,723.56,763.26,80.98,200.71,-1,-1,-1,-1
214,1,723.71,755.28,78.73,199.76,-1,-1,-1,-1
215,1,718.55,755.03,76.66,199.42,-1,-1,-1,-1
216,1,715.88,746.61,80.61,199.11,-1,-1,-1,-1
217,1,714.48,737.78,81.87,201.64,-1,-1,-1,-1
218,1,717.71,731.83,74.50,203.01,-1,-1,-1,-1
219,1,719.00,731.00,71.98,198.62,-1,-1,-1,-1
220,1,717.38,715.60,75.54,203.26,-1,-1,-1,-1
221,1,719.96,714.55,69.84,199.62,-1,-1,-1,-1
222,1,716.08,705.70,78.44,202.25,-1,-1,-1,-1
223,1,721.34,699.56,68.37,199.84,-1,-1,-1,-1
224,1,717.52,690.20,77.72,200.43,-1,-1,-1,-1
225,1,722.19,682.21,69.88,203.05,-1,-1,-1,-1
226,1,728.90,673.61,69.02,201.96,-1,-1,-1,-1
227,1,730.97,666.83,67.80,199.32,-1,-1,-1,-1
228,1,736.94,659.62,68.27,200.64,-1,-1,-1,-1
229,1,738.74,642.82,68.05,205.36,-1,-1,-1,-1
230,1,743.17,634.92,72.78,204.10,-1,-1,-1,-1
231,1,745.83,626.71,81.28,204.63,-1,-1,-1,-1
232,1,746.52,619.09,82.96,204.28,-1,-1,-1,-1
233,1,753.40,610.07,85.18,207.09,-1,-1,-1,-1
234,1,753.63,600.45,86.65,203.88,-1,-1,-1,-1
235,1,766.18,592.19,77.15,204.41,-1,-1,-1,-1
236,1,772.37,585.75,80.60,204.86,-1,-1,-1,-1
237,1,783.73,576.50,73.63,202.82,-1,-1,-1,-1
238,1,787.03,568.53,82.39,203.87,-1,-1,-1,-1
239,1,798.04,553.73,76.50,206.42,-1,-1,-1,-1
240,1,802.96,545.14,82.37,202.59,-1,-1,-1,-1
241,1,811.96,540.16,81.44,199.90,-1,-1,-1,-1
242,1,821.76,522.23,78.40,206.93,-1,-1,-1,-1
243,1,834.61,519.55,81.19,205.12,-1,-1,-1,-1
244,1,840.41,505.08,86.15,205.77,-1,-1,-1,-1
245,1,848.95,504.82,85.10,202.01,-1,-1,-1,-1
246,1,862.93,481.60,75.22,207.62,-1,-1,-1,-1
247,1,872.20,479.48,84.83,206.50,-1,-1,-1,-1
248,1,878.78,463.81,88.67,210.54,-1,-1,-1,-1
249,1,890.96,454.94,79.96,208.78,-1,-1,-1,-1
250,1,901.25,444.96,77.82,210.49,-1,-1,-1,-1
9,2,994.29,529.27,100.15,189.79,-1,-1,-1,-1
10,2,1006.72,529.82,89.80,202.41,-1,-1,-1,-1
11,2,1013.25,537.57,94.78,204.20,-1,-1,-1,-1
12,2,1019.31,535.22,99.01,210.66,-1,-1,-1,-1
13,2,1031.27,549.04,90.00,213.23,-1,-1,-1,-1
14,2,1037.67,558.41,94.42,209.25,-1,-1,-1,-1
15,2,1048.59,566.48,88.37,210.17,-1,-1,-1,-1
16,2,1053.77,575.46,94.44,210.93,-1,-1,-1,-1
17,2,1062.27,582.30,90.78,211.60,-1,-1,-1,-1
18,2,1068.69,599.66,96.00,206.32,-1,-1,-1,-1
19,2,1078.43,598.43,89.22,213.17,-1,-1,-1,-1
20,2,1083.67,614.41,94.81,210.47,-1,-1,-1,-1
21,2,1084.21,615.83,97.03,210.63,-1,-1,-1,-1
22,2,1094.60,630.11,90.56,211.86,-1,-1,-1,-1
23,2,1104.18,639.52,85.62,210.14,-1,-1,-1,-1
24,2,1101.47,647.31,94.67,207.77,-1,-1,-1,-1
25,2,1107.62,653.60,95.34,210.89,-1,-1,-1,-1
26,2,1108.32,662.48,94.70,211.11,-1,-1,-1,-1
27,2,1110.72,673.89,91.10,203.74,-1,-1,-1,-1
28,2,1113.65,681.17,86.71,206.94,-1,-1,-1,-1
29,2,1119.90,688.74,88.44,207.88,-1,-1,-1,-1
30,2,1120.20,697.45,87.66,206.07,-1,-1,-1,-1
31,2,1118.26,705.45,93.27,207.24,-1,-1,-1,-1
32,2,1118.46,713.45,92.77,204.41,-1,-1,-1,-1
33,2,1120.19,712.94,88.26,207.65,-1,-1,-1,-1
34,2,1122.31,730.12,84.60,204.69,-1,-1,-1,-1
35,2,1121.85,732.75,85.31,201.01,-1,-1,-1,-1
36,2,1123.16,745.77,80.23,201.54,-1,-1,-1,-1
37,2,1117.86,745.59,91.41,204.28,-1,-1,-1,-1
38,2,1110.80,746.32,91.12,204.96,-1,-1,-1,-1
39,2,1113.30,761.13,83.86,202.83,-1,-1,-1,-1
40,2,1105.35,770.45,87.68,201.81,-1,-1,-1,-1
41,2,1103.45,769.55,88.95,207.15,-1,-1,-1,-1
42,2,1097.77,778.51,86.49,201.06,-1,-1,-1,-1
43,2,1096.92,777.88,84.91,205.49,-1,-1,-1,-1
44,2,1087.59,785.82,90.13,202.09,-1,-1,-1,-1
45,2,1082.49,794.06,84.26,201.02,-1,-1,-1,-1
46,2,1075.20,793.89,84.33,206.15,-1,-1,-1,-1
47,2,1074.62,804.43,80.13,196.43,-1,-1,-1,-1
48,2,1062.22,801.27,90.93,206.70,-1,-1,-1,-1
49,2,1052.93,809.31,95.49,203.07,-1,-1,-1,-1
50,2,1045.31,808.94,93.66,204.32,-1,-1,-1,-1
51,2,1035.94,808.41,96.05,208.02,-1,-1,-1,-1
52,2,1030.81,818.08,90.98,204.46,-1,-1,-1,-1
53,2,1024.39,817.81,85.55,206.46,-1,-1,-1,-1
54,2,1016.98,825.30,84.18,202.57,-1,-1,-1,-1
55,2,1005.39,817.16,91.20,207.97,-1,-1,-1,-1
56,2,992.31,826.37,89.47,204.81,-1,-1,-1,-1
57,2,984.85,826.14,87.39,205.21,-1,-1,-1,-1
58,2,976.74,824.54,86.79,208.61,-1,-1,-1,-1
59,2,969.39,833.16,84.93,204.31,-1,-1,-1,-1
60,2,955.96,827.54,82.41,202.65,-1,-1,-1,-1
61,2,943.69,826.59,90.93,205.46,-1,-1,-1,-1
62,2,936.30,834.39,88.54,201.62,-1,-1,-1,-1
63,2,929.59,834.89,85.41,201.24,-1,-1,-1,-1
64,2,915.76,832.06,94.65,209.11,-1,-1,-1,-1
65,2,907.15,834.98,83.00,198.91,-1,-1,-1,-1
66,2,898.87,834.85,84.08,202.51,-1,-1,-1,-1
67,2,885.72,833.56,92.41,204.52,-1,-1,-1,-1
68,2,879.39,834.69,88.77,201.11,-1,-1,-1,-1
69,2,871.53,835.75,86.76,198.64,-1,-1,-1,-1
70,2,857.48,829.68,86.09,199.13,-1,-1,-1,-1
71,2,847.34,826.69,91.56,204.69,-1,-1,-1,-1
72,2,842.29,826.97,84.67,201.06,-1,-1,-1,-1
73,2,835.64,827.33,80.34,200.12,-1,-1,-1,-1
74,2,822.91,825.35,89.87,202.79,-1,-1,-1,-1
75,2,812.04,817.92,94.47,203.98,-1,-1,-1,-1
76,2,808.32,819.54,86.24,200.31,-1,-1,-1,-1
77,2,799.94,810.64,87.30,200.87,-1,-1,-1,-1
78,2,794.17,801.81,82.00,205.76,-1,-1,-1,-1
79,2,786.10,802.43,81.95,201.88,-1,-1,-1,-1
80,2,779.48,796.64,81.12,201.23,-1,-1,-1,-1
81,2,766.32,794.10,92.88,204.48,-1,-1,-1,-1
82,2,763.12,794.65,83.97,202.45,-1,-1,-1,-1
83,2,759.02,786.10,87.53,202.10,-1,-1,-1,-1
84,2,747.75,778.71,96.94,205.30,-1,-1,-1,-1
85,2,749.63,776.63,90.39,204.57,-1,-1,-1,-1
86,2,740.48,770.19,93.55,204.27,-1,-1,-1,-1
87,2,735.36,763.21,90.96,204.29,-1,-1,-1,-1
88,2,732.96,762.83,94.24,201.45,-1,-1,-1,-1
89,2,725.41,754.71,94.46,201.61,-1,-1,-1,-1
90,2,728.14,746.86,87.37,203.86,-1,-1,-1,-1
91,2,728.57,738.49,86.16,205.51,-1,-1,-1,-1
92,2,721.08,737.64,87.96,202.11,-1,-1,-1,-1
93,2,728.31,729.86,84.43,202.38,-1,-1,-1,-1
94,2,720.58,721.91,89.68,206.43,-1,-1,-1,-1
95,2,726.05,715.08,89.68,201.72,-1,-1,-1,-1
96,2,720.47,706.66,89.22,203.76,-1,-1,-1,-1
97,2,719.84,705.96,90.00,201.87,-1,-1,-1,-1
98,2,725.97,688.96,90.55,208.41,-1,-1,-1,-1
99,2,726.59,691.28,90.25,199.21,-1,-1,-1,-1
100,2,727.72,683.49,89.96,200.88,-1,-1,-1,-1
101,2,730.62,667.83,84.27,202.98,-1,-1,-1,-1
102,2,736.08,665.91,88.89,202.40,-1,-1,-1,-1
103,2,743.10,658.00,86.81,201.42,-1,-1,-1,-1
104,2,742.83,640.81,90.90,207.63,-1,-1,-1,-1
105,2,749.04,632.14,92.96,206.16,-1,-1,-1,-1
106,2,751.63,624.04,89.84,208.01,-1,-1,-1,-1
107,2,757.20,614.94,93.93,209.92,-1,-1,-1,-1
108,2,767.14,607.12,87.20,206.86,-1,-1,-1,-1
109,2,771.40,598.95,94.96,212.12,-1,-1,-1,-1
110,2,774.50,590.86,90.66,207.71,-1,-1,-1,-1
111,2,785.94,581.33,96.47,211.75,-1,-1,-1,-1
112,2,787.51,572.76,96.34,211.86,-1,-1,-1,-1
113,2,796.98,564.96,95.15,213.20,-1,-1,-1,-1
114,2,804.93,548.74,95.10,212.31,-1,-1,-1,-1
115,2,811.61,542.42,97.48,210.58,-1,-1,-1,-1
116,2,817.93,534.99,100.99,208.87,-1,-1,-1,-1
117,2,828.02,523.04,97.92,203.29,-1,-1,-1,-1
118,2,837.61,526.27,94.07,195.87,-1,-1,-1,-1
119,2,852.95,534.94,93.38,178.80,-1,-1,-1,-1
121,2,869.17,503.84,92.36,191.32,-1,-1,-1,-1
123,2,879.80,400.71,73.64,221.39,-1,-1,-1,-1
124,2,888.90,413.55,84.25,213.88,-1,-1,-1,-1
140,3,1037.05,291.30,109.40,217.33,-1,-1,-1,-1
141,3,1045.21,281.73,109.33,219.29,-1,-1,-1,-1
142,3,1053.35,276.01,108.39,217.30,-1,-1,-1,-1
143,3,1055.45,258.41,120.18,221.27,-1,-1,-1,-1
144,3,1057.66,258.16,117.96,219.51,-1,-1,-1,-1
145,3,1063.14,242.00,121.76,221.16,-1,-1,-1,-1
146,3,1073.80,229.40,117.02,216.12,-1,-1,-1,-1
147,3,1071.69,225.28,121.67,220.19,-1,-1,-1,-1
148,3,1089.53,214.34,114.70,214.63,-1,-1,-1,-1
149,3,1090.16,209.78,115.24,219.04,-1,-1,-1,-1
150,3,1096.31,203.36,103.21,215.09,-1,-1,-1,-1
151,3,1093.50,193.47,110.51,218.26,-1,-1,-1,-1
152,3,1100.43,185.99,109.87,217.31,-1,-1,-1,-1
153,3,1103.93,182.46,104.17,214.55,-1,-1,-1,-1
154,3,1109.79,167.30,106.30,223.72,-1,-1,-1,-1
155,3,1108.78,161.13,108.96,221.63,-1,-1,-1,-1
156,3,1111.60,157.68,105.55,213.80,-1,-1,-1,-1
157,3,1111.71,150.10,105.10,214.11,-1,-1,-1,-1
158,3,1111.92,144.37,104.19,222.64,-1,-1,-1,-1
159,3,1107.99,133.96,112.63,212.91,-1,-1,-1,-1
160,3,1109.77,124.90,108.72,214.37,-1,-1,-1,-1
161,3,1110.39,119.00,105.24,212.03,-1,-1,-1,-1
162,3,1103.07,117.14,106.42,212.66,-1,-1,-1,-1
163,3,1100.93,110.03,109.76,210.60,-1,-1,-1,-1
164,3,1101.54,102.57,107.37,212.51,-1,-1,-1,-1
165,3,1096.48,101.83,103.46,210.67,-1,-1,-1,-1
166,3,1096.91,94.17,100.37,209.74,-1,-1,-1,-1
167,3,1090.02,89.35,100.73,205.40,-1,-1,-1,-1
168,3,1082.97,87.96,100.01,207.72,-1,-1,-1,-1
169,3,1081.35,80.05,100.49,208.52,-1,-1,-1,-1
170,3,1073.92,79.98,99.87,204.66,-1,-1,-1,-1
171,3,1071.91,70.98,101.73,208.24,-1,-1,-1,-1
172,3,1061.59,63.34,94.68,208.38,-1,-1,-1,-1
173,3,1056.27,62.02,102.14,210.56,-1,-1,-1,-1
174,3,1050.91,57.50,97.09,206.96,-1,-1,-1,-1
175,3,1040.68,56.33,101.77,209.53,-1,-1,-1,-1
176,3,1030.48,46.74,106.97,213.03,-1,-1,-1,-1
177,3,1025.70,48.46,101.06,208.62,-1,-1,-1,-1
178,3,1017.62,47.22,99.17,208.57,-1,-1,-1,-1
179,3,1007.94,41.92,102.47,207.31,-1,-1,-1,-1
180,3,995.69,42.75,98.21,204.22,-1,-1,-1,-1
181,3,994.04,40.77,97.09,205.34,-1,-1,-1,-1
182,3,979.50,41.58,98.38,202.64,-1,-1,-1,-1
183,3,971.59,40.58,95.91,206.30,-1,-1,-1,-1
184,3,962.28,33.83,99.14,206.87,-1,-1,-1,-1
185,3,951.25,33.90,91.66,206.49,-1,-1,-1,-1
186,3,941.77,40.98,94.26,204.34,-1,-1,-1,-1
187,3,931.93,40.42,96.57,203.96,-1,-1,-1,-1
188,3,921.82,35.48,100.37,203.75,-1,-1,-1,-1
189,3,912.89,40.63,101.00,204.29,-1,-1,-1,-1
190,3,900.39,32.97,96.40,206.24,-1,-1,-1,-1
191,3,892.82,40.68,95.48,203.66,-1,-1,-1,-1
192,3,883.14,41.90,97.78,202.79,-1,-1,-1,-1
193,3,874.02,34.55,98.03,204.76,-1,-1,-1,-1
194,3,868.63,33.74,92.06,206.44,-1,-1,-1,-1
195,3,851.42,40.11,98.08,207.36,-1,-1,-1,-1
196,3,844.26,40.31,95.17,207.49,-1,-1,-1,-1
197,3,835.56,42.12,96.07,206.43,-1,-1,-1,-1
198,3,824.15,42.50,103.26,204.72,-1,-1,-1,-1
199,3,816.31,48.37,103.04,206.11,-1,-1,-1,-1
200,3,799.94,48.83,105.60,204.36,-1,-1,-1,-1
201,3,803.42,55.69,95.51,205.56,-1,-1,-1,-1
202,3,792.39,55.89,101.02,207.12,-1,-1,-1,-1
203,3,784.28,58.32,101.09,205.90,-1,-1,-1,-1
204,3,774.72,57.05,105.07,208.20,-1,-1,-1,-1
205,3,767.63,64.42,103.49,208.02,-1,-1,-1,-1
206,3,759.18,65.69,105.23,205.60,-1,-1,-1,-1
207,3,750.85,73.17,105.36,207.01,-1,-1,-1,-1
208,3,744.06,80.04,105.35,205.94,-1,-1,-1,-1
209,3,742.28,79.33,105.80,211.44,-1,-1,-1,-1
210,3,737.66,87.74,100.79,208.82,-1,-1,-1,-1
211,3,734.46,94.07,105.50,212.12,-1,-1,-1,-1
212,3,726.04,98.94,108.13,216.30,-1,-1,-1,-1
213,3,718.97,102.45,107.67,210.42,-1,-1,-1,-1
214,3,718.94,108.81,105.74,211.90,-1,-1,-1,-1
215,3,716.24,110.19,110.86,212.80,-1,-1,-1,-1
216,3,708.13,117.44,113.12,214.65,-1,-1,-1,-1
217,3,710.55,124.86,107.89,213.73,-1,-1,-1,-1
218,3,713.20,132.34,101.12,217.70,-1,-1,-1,-1
219,3,713.47,145.87,102.36,218.41,-1,-1,-1,-1
220,3,712.84,154.13,101.78,216.58,-1,-1,-1,-1
221,3,712.97,156.25,102.08,217.09,-1,-1,-1,-1
222,3,707.27,164.39,114.79,217.66,-1,-1,-1,-1
223,3,712.02,168.11,117.73,222.63,-1,-1,-1,-1
224,3,705.69,179.00,117.26,217.88,-1,-1,-1,-1
225,3,719.56,187.21,103.87,214.37,-1,-1,-1,-1
226,3,710.01,188.20,124.57,216.75,-1,-1,-1,-1
227,3,717.66,202.89,123.95,217.74,-1,-1,-1,-1
228,3,726.95,213.15,107.22,211.43,-1,-1,-1,-1
229,3,719.11,217.68,122.58,218.89,-1,-1,-1,-1
230,3,732.39,223.38,111.87,212.14,-1,-1,-1,-1
231,3,735.86,233.41,120.41,221.50,-1,-1,-1,-1
232,3,747.74,243.44,111.92,215.14,-1,-1,-1,-1
233,3,735.38,246.07,137.59,226.53,-1,-1,-1,-1
234,3,753.83,259.01,116.30,218.94,-1,-1,-1,-1
235,3,759.99,266.92,119.62,218.91,-1,-1,-1,-1
236,3,775.05,283.79,104.89,213.63,-1,-1,-1,-1
237,3,783.27,290.34,104.02,218.59,-1,-1,-1,-1
238,3,789.91,296.60,107.79,221.70,-1,-1,-1,-1
239,3,801.47,310.51,101.52,212.92,-1,-1,-1,-1
240,3,807.57,321.70,105.43,219.99,-1,-1,-1,-1
241,3,814.71,328.28,107.35,222.52,-1,-1,-1,-1
242,3,828.42,343.88,96.22,239.90,-1,-1,-1,-1
