2,1,372.13,433.59,95.26,204.54,-1,-1,-1,-1
3,1,373.47,432.34,95.16,206.65,-1,-1,-1,-1
4,1,379.83,432.71,97.62,206.35,-1,-1,-1,-1
5,1,389.78,431.94,91.08,208.03,-1,-1,-1,-1
6,1,387.27,432.96,97.59,205.06,-1,-1,-1,-1
7,1,397.03,432.69,93.15,206.29,-1,-1,-1,-1
8,1,397.80,431.84,93.64,208.16,-1,-1,-1,-1
9,1,403.91,433.22,95.86,205.47,-1,-1,-1,-1
10,1,404.59,432.32,96.45,206.13,-1,-1,-1,-1
11,1,413.49,432.50,92.09,206.75,-1,-1,-1,-1
12,1,418.54,432.79,97.03,205.66,-1,-1,-1,-1
13,1,420.25,433.38,96.16,204.46,-1,-1,-1,-1
14,1,427.36,433.00,95.36,205.29,-1,-1,-1,-1
15,1,429.40,432.98,93.75,205.73,-1,-1,-1,-1
16,1,434.79,432.90,97.01,205.73,-1,-1,-1,-1
17,1,436.69,433.30,94.49,204.35,-1,-1,-1,-1
18,1,445.71,433.20,91.52,205.30,-1,-1,-1,-1
19,1,452.08,431.53,92.71,207.76,-1,-1,-1,-1
20,1,452.28,432.76,94.27,206.06,-1,-1,-1,-1
21,1,453.78,433.17,94.23,204.63,-1,-1,-1,-1
22,1,459.41,432.80,98.91,206.28,-1,-1,-1,-1
23,1,467.23,432.00,95.03,207.94,-1,-1,-1,-1
24,1,466.73,432.90,98.52,205.38,-1,-1,-1,-1
25,1,477.20,432.38,91.07,206.96,-1,-1,-1,-1
26,1,477.64,432.25,93.60,207.50,-1,-1,-1,-1
27,1,485.29,432.86,92.65,205.84,-1,-1,-1,-1
28,1,483.75,433.06,97.08,204.46,-1,-1,-1,-1
29,1,492.40,432.06,93.69,207.45,-1,-1,-1,-1
30,1,493.26,432.39,95.82,206.98,-1,-1,-1,-1
31,1,500.72,432.49,92.58,207.37,-1,-1,-1,-1
32,1,507.67,432.41,94.03,206.58,-1,-1,-1,-1
33,1,509.13,432.53,94.59,207.04,-1,-1,-1,-1
34,1,515.82,431.90,94.92,207.71,-1,-1,-1,-1
35,1,516.04,432.79,96.19,205.44,-1,-1,-1,-1
36,1,523.07,432.12,96.20,207.41,-1,-1,-1,-1
37,1,525.21,432.26,94.62,207.35,-1,-1,-1,-1
38,1,532.03,432.38,95.00,207.22,-1,-1,-1,-1
39,1,532.52,432.32,96.69,206.05,-1,-1,-1,-1
40,1,541.26,432.17,93.33,207.39,-1,-1,-1,-1
41,1,539.11,432.32,100.01,206.62,-1,-1,-1,-1
42,1,548.26,433.14,94.93,204.89,-1,-1,-1,-1
43,1,549.45,433.05,95.28,204.73,-1,-1,-1,-1
44,1,557.26,432.92,94.33,206.25,-1,-1,-1,-1
45,1,563.18,432.66,96.31,206.52,-1,-1,-1,-1
46,1,563.35,433.52,97.42,204.20,-1,-1,-1,-1
47,1,573.96,433.04,91.63,206.07,-1,-1,-1,-1
48,1,574.44,431.93,92.89,208.13,-1,-1,-1,-1
49,1,580.43,432.65,95.06,206.24,-1,-1,-1,-1
50,1,583.38,433.05,90.91,204.51,-1,-1,-1,-1
51,1,589.39,431.97,93.29,207.83,-1,-1,-1,-1
52,1,596.92,431.43,91.55,208.92,-1,-1,-1,-1
53,1,595.55,433.48,97.76,205.10,-1,-1,-1,-1
54,1,604.87,432.61,92.20,206.96,-1,-1,-1,-1
55,1,606.27,431.72,92.05,208.96,-1,-1,-1,-1
56,1,610.20,431.90,98.13,207.71,-1,-1,-1,-1
57,1,613.96,433.28,92.58,204.47,-1,-1,-1,-1
58,1,620.03,432.90,96.43,206.85,-1,-1,-1,-1
59,1,627.16,430.91,94.58,209.48,-1,-1,-1,-1
60,1,628.28,432.13,94.94,208.00,-1,-1,-1,-1
61,1,630.16,432.90,93.70,205.86,-1,-1,-1,-1
62,1,637.79,432.00,93.65,209.03,-1,-1,-1,-1
63,1,645.89,430.29,90.37,211.52,-1,-1,-1,-1
64,1,643.88,432.81,96.07,205.57,-1,-1,-1,-1
65,1,650.87,431.72,96.73,208.60,-1,-1,-1,-1
66,1,652.69,431.07,95.36,210.88,-1,-1,-1,-1
67,1,660.79,431.86,93.16,208.90,-1,-1,-1,-1
68,1,661.76,433.20,92.91,205.38,-1,-1,-1,-1
69,1,669.90,431.74,92.30,208.99,-1,-1,-1,-1
70,1,669.55,430.81,95.40,210.43,-1,-1,-1,-1
71,1,675.93,432.76,96.79,206.33,-1,-1,-1,-1
72,1,678.05,432.46,94.30,207.12,-1,-1,-1,-1
73,1,685.21,431.30,93.56,210.36,-1,-1,-1,-1
74,1,691.07,431.70,96.65,209.02,-1,-1,-1,-1
75,1,692.51,432.61,94.38,207.18,-1,-1,-1,-1
76,1,700.20,431.50,94.12,210.19,-1,-1,-1,-1
77,1,700.08,431.16,97.36,209.91,-1,-1,-1,-1
78,1,706.71,430.96,97.97,209.23,-1,-1,-1,-1
79,1,708.11,430.97,97.42,209.45,-1,-1,-1,-1
80,1,715.63,431.44,96.83,210.29,-1,-1,-1,-1
81,1,717.86,430.76,94.13,210.99,-1,-1,-1,-1
82,1,724.86,431.74,93.27,208.88,-1,-1,-1,-1
83,1,732.74,431.81,91.83,208.99,-1,-1,-1,-1
84,1,733.50,431.67,93.73,209.58,-1,-1,-1,-1
85,1,741.11,430.51,92.11,210.97,-1,-1,-1,-1
86,1,740.22,432.04,94.89,206.95,-1,-1,-1,-1
87,1,748.74,431.58,93.95,209.63,-1,-1,-1,-1
88,1,749.21,431.05,94.80,210.71,-1,-1,-1,-1
89,1,755.88,432.44,96.11,207.35,-1,-1,-1,-1
90,1,757.86,432.17,93.94,207.37,-1,-1,-1,-1
91,1,765.34,430.98,93.20,210.50,-1,-1,-1,-1
92,1,773.52,430.46,90.27,211.01,-1,-1,-1,-1
93,1,772.24,430.98,94.47,209.93,-1,-1,-1,-1
94,1,779.70,431.13,95.19,209.69,-1,-1,-1,-1
95,1,779.17,431.63,98.61,209.42,-1,-1,-1,-1
96,1,785.51,431.31,99.42,209.05,-1,-1,-1,-1
97,1,787.88,432.67,96.71,206.44,-1,-1,-1,-1
98,1,795.48,431.80,97.13,209.16,-1,-1,-1,-1
99,1,796.33,430.48,97.55,210.21,-1,-1,-1,-1
100,1,804.19,431.72,95.40,207.93,-1,-1,-1,-1
101,1,803.40,431.32,98.71,208.75,-1,-1,-1,-1
102,1,812.09,431.62,96.38,209.46,-1,-1,-1,-1
103,1,818.42,431.15,96.72,209.48,-1,-1,-1,-1
104,1,818.65,432.09,98.45,207.70,-1,-1,-1,-1
105,1,828.67,431.48,92.50,209.69,-1,-1,-1,-1
106,1,830.15,431.32,92.12,209.82,-1,-1,-1,-1
107,1,836.61,431.67,94.38,208.07,-1,-1,-1,-1
108,1,837.94,432.81,92.56,205.37,-1,-1,-1,-1
109,1,844.06,431.26,95.53,209.24,-1,-1,-1,-1
110,1,844.01,431.04,98.19,209.70,-1,-1,-1,-1
111,1,851.66,431.30,94.86,209.77,-1,-1,-1,-1
112,1,859.88,431.79,93.55,208.63,-1,-1,-1,-1
113,1,860.89,431.47,95.18,209.95,-1,-1,-1,-1
114,1,867.16,431.30,96.57,208.91,-1,-1,-1,-1
115,1,867.52,432.12,97.35,207.06,-1,-1,-1,-1
116,1,874.20,431.59,98.15,209.12,-1,-1,-1,-1
117,1,876.86,431.13,95.53,210.17,-1,-1,-1,-1
118,1,883.64,431.76,96.22,208.56,-1,-1,-1,-1
119,1,885.08,431.98,95.65,207.45,-1,-1,-1,-1
120,1,892.17,431.57,96.92,210.00,-1,-1,-1,-1
121,1,897.32,430.29,98.68,211.29,-1,-1,-1,-1
122,1,899.60,431.32,95.76,209.05,-1,-1,-1,-1
123,1,906.98,431.47,95.71,208.94,-1,-1,-1,-1
124,1,907.21,431.35,98.15,209.97,-1,-1,-1,-1
125,1,914.60,431.15,97.22,209.92,-1,-1,-1,-1
126,1,914.04,431.51,99.87,209.11,-1,-1,-1,-1
127,1,924.23,431.00,93.57,210.91,-1,-1,-1,-1
128,1,926.23,430.70,92.57,211.75,-1,-1,-1,-1
129,1,931.23,431.04,97.45,209.57,-1,-1,-1,-1
130,1,930.45,431.55,100.62,208.21,-1,-1,-1,-1
131,1,939.52,430.55,96.74,211.37,-1,-1,-1,-1
132,1,938.47,430.71,101.30,210.89,-1,-1,-1,-1
133,1,946.53,430.55,98.36,210.44,-1,-1,-1,-1
134,1,948.89,430.89,96.26,210.23,-1,-1,-1,-1
135,1,956.57,430.10,96.00,212.74,-1,-1,-1,-1
136,1,963.16,430.04,96.19,211.42,-1,-1,-1,-1
137,1,964.45,431.41,94.73,208.57,-1,-1,-1,-1
138,1,971.28,430.18,95.75,212.13,-1,-1,-1,-1
139,1,972.86,430.69,95.43,211.40,-1,-1,-1,-1
140,1,979.59,430.52,95.62,210.53,-1,-1,-1,-1
141,1,980.17,430.28,96.74,211.01,-1,-1,-1,-1
142,1,989.15,429.49,93.18,213.52,-1,-1,-1,-1
143,1,989.24,429.43,95.74,212.62,-1,-1,-1,-1
144,1,996.87,429.81,93.06,212.34,-1,-1,-1,-1
145,1,1003.04,430.15,95.91,212.05,-1,-1,-1,-1
146,1,1003.84,430.38,97.14,211.52,-1,-1,-1,-1
147,1,1010.43,430.69,97.33,212.12,-1,-1,-1,-1
148,1,1013.74,430.88,90.71,211.32,-1,-1,-1,-1
149,1,1017.30,432.08,85.17,207.85,-1,-1,-1,-1
150,1,1019.59,433.87,80.73,206.10,-1,-1,-1,-1
151,1,1022.01,435.48,76.94,202.92,-1,-1,-1,-1
160,1,1100.45,430.34,64.78,213.72,-1,-1,-1,-1
161,1,1099.08,429.99,67.29,213.44,-1,-1,-1,-1
162,1,1094.57,431.44,76.35,210.14,-1,-1,-1,-1
163,1,1093.33,431.72,79.92,210.41,-1,-1,-1,-1
164,1,1093.92,430.67,89.74,213.72,-1,-1,-1,-1
165,1,1093.45,430.49,92.94,212.99,-1,-1,-1,-1
166,1,1093.61,431.81,92.99,209.05,-1,-1,-1,-1
167,1,1100.59,431.09,94.08,210.41,-1,-1,-1,-1
168,1,1103.21,431.71,91.05,210.61,-1,-1,-1,-1
169,1,1110.24,432.05,91.10,208.88,-1,-1,-1,-1
170,1,1109.52,433.15,94.38,205.94,-1,-1,-1,-1
171,1,1118.90,431.65,89.66,209.55,-1,-1,-1,-1
172,1,1125.73,431.16,89.61,209.76,-1,-1,-1,-1
173,1,1126.70,431.86,90.32,208.33,-1,-1,-1,-1
174,1,1133.81,431.85,90.32,208.54,-1,-1,-1,-1
175,1,1133.50,431.28,94.28,210.34,-1,-1,-1,-1
176,1,1141.74,430.35,91.61,210.79,-1,-1,-1,-1
177,1,1140.80,432.06,95.25,207.48,-1,-1,-1,-1
178,1,1150.54,431.18,89.78,210.11,-1,-1,-1,-1
179,1,1151.59,431.62,90.95,209.12,-1,-1,-1,-1
180,1,1158.48,430.33,90.01,210.76,-1,-1,-1,-1
181,1,1158.37,431.47,92.80,208.28,-1,-1,-1,-1
182,1,1165.09,429.88,93.02,212.39,-1,-1,-1,-1
183,1,1172.27,429.49,92.40,212.84,-1,-1,-1,-1
184,1,1172.79,431.67,95.22,208.52,-1,-1,-1,-1
185,1,1181.02,431.13,90.97,210.17,-1,-1,-1,-1
186,1,1181.61,430.80,93.82,210.80,-1,-1,-1,-1
187,1,1189.00,429.77,92.38,211.99,-1,-1,-1,-1
188,1,1188.79,430.85,94.05,209.32,-1,-1,-1,-1
189,1,1197.21,430.20,92.56,211.73,-1,-1,-1,-1
190,1,1197.77,429.87,93.54,212.89,-1,-1,-1,-1
191,1,1204.56,430.53,94.00,211.07,-1,-1,-1,-1
192,1,1203.91,430.47,97.78,211.03,-1,-1,-1,-1
193,1,1212.42,430.56,95.41,212.01,-1,-1,-1,-1
194,1,1219.41,429.63,94.70,212.31,-1,-1,-1,-1
195,1,1221.17,430.61,93.43,210.04,-1,-1,-1,-1
196,1,1227.38,429.45,95.43,212.90,-1,-1,-1,-1
197,1,1228.55,429.19,95.73,213.96,-1,-1,-1,-1
198,1,1235.58,428.80,95.14,213.57,-1,-1,-1,-1
199,1,1235.70,430.22,97.17,210.96,-1,-1,-1,-1
200,1,1245.08,429.55,92.43,212.89,-1,-1,-1,-1
201,1,1243.92,429.22,98.31,213.27,-1,-1,-1,-1
202,1,1252.58,430.33,94.31,211.23,-1,-1,-1,-1
203,1,1254.60,430.65,92.05,210.36,-1,-1,-1,-1
204,1,1261.35,429.61,93.57,213.89,-1,-1,-1,-1
205,1,1265.53,428.16,99.39,215.44,-1,-1,-1,-1
206,1,1267.69,429.78,96.28,211.57,-1,-1,-1,-1
207,1,1276.11,428.87,93.92,213.86,-1,-1,-1,-1
208,1,1275.44,429.26,97.80,213.01,-1,-1,-1,-1
209,1,1284.38,428.70,95.35,214.72,-1,-1,-1,-1
210,1,1286.18,430.04,91.47,211.42,-1,-1,-1,-1
211,1,1289.30,433.04,86.23,207.16,-1,-1,-1,-1
212,1,1289.43,433.01,86.29,206.74,-1,-1,-1,-1
213,1,1297.88,433.03,82.97,207.12,-1,-1,-1,-1
225,1,1371.02,430.32,78.45,213.31,-1,-1,-1,-1
226,1,1367.60,429.68,87.54,215.16,-1,-1,-1,-1
227,1,1366.23,430.20,91.49,214.18,-1,-1,-1,-1
228,1,1368.62,431.37,87.44,210.75,-1,-1,-1,-1
229,1,1373.92,431.22,92.55,211.62,-1,-1,-1,-1
230,1,1378.97,429.71,94.43,212.91,-1,-1,-1,-1
231,1,1381.80,429.61,91.72,212.79,-1,-1,-1,-1
232,1,1381.83,430.10,93.83,210.94,-1,-1,-1,-1
233,1,1390.29,430.15,91.76,212.43,-1,-1,-1,-1
234,1,1397.82,430.56,90.99,211.32,-1,-1,-1,-1
235,1,1398.37,431.52,91.36,209.05,-1,-1,-1,-1
236,1,1406.73,431.19,88.98,209.28,-1,-1,-1,-1
237,1,1405.45,431.38,94.76,209.54,-1,-1,-1,-1
238,1,1414.13,430.74,90.98,210.02,-1,-1,-1,-1
239,1,1412.44,430.80,96.95,208.86,-1,-1,-1,-1
240,1,1422.39,431.09,90.58,209.67,-1,-1,-1,-1
241,1,1426.29,429.90,97.00,211.83,-1,-1,-1,-1
242,1,1429.16,429.75,93.55,212.07,-1,-1,-1,-1
243,1,1429.69,430.65,94.75,209.97,-1,-1,-1,-1
244,1,1438.57,431.44,92.49,210.06,-1,-1,-1,-1
245,1,1444.11,430.17,94.13,211.08,-1,-1,-1,-1
246,1,1445.74,429.86,91.80,211.52,-1,-1,-1,-1
247,1,1452.16,429.88,94.89,212.26,-1,-1,-1,-1
248,1,1454.34,430.15,92.34,212.68,-1,-1,-1,-1
249,1,1460.55,429.74,94.59,212.25,-1,-1,-1,-1
250,1,1461.27,431.07,94.96,209.65,-1,-1,-1,-1
2,2,1730.60,439.18,82.05,205.36,-1,-1,-1,-1
3,2,1725.47,433.14,77.96,208.57,-1,-1,-1,-1
4,2,1723.51,432.98,79.34,208.23,-1,-1,-1,-1
5,2,1713.81,431.98,85.20,211.01,-1,-1,-1,-1
6,2,1712.78,432.01,84.81,211.20,-1,-1,-1,-1
7,2,1707.93,432.75,79.98,209.18,-1,-1,-1,-1
8,2,1703.52,432.32,86.95,210.23,-1,-1,-1,-1
9,2,1699.02,439.15,81.89,205.43,-1,-1,-1,-1
10,2,1695.71,439.52,73.96,205.20,-1,-1,-1,-1
11,2,1689.34,432.54,84.23,209.40,-1,-1,-1,-1
12,2,1684.06,439.68,80.80,204.52,-1,-1,-1,-1
13,2,1683.79,439.39,79.66,205.53,-1,-1,-1,-1
14,2,1678.19,439.56,75.58,204.88,-1,-1,-1,-1
15,2,1673.99,432.90,82.65,208.88,-1,-1,-1,-1
16,2,1665.57,439.05,85.55,205.47,-1,-1,-1,-1
17,2,1665.24,432.69,83.98,209.83,-1,-1,-1,-1
18,2,1659.61,432.97,80.57,208.14,-1,-1,-1,-1
19,2,1651.00,432.51,83.41,209.88,-1,-1,-1,-1
20,2,1652.89,439.81,78.08,204.62,-1,-1,-1,-1
21,2,1643.80,439.46,80.84,204.84,-1,-1,-1,-1
22,2,1641.36,432.89,84.05,208.84,-1,-1,-1,-1
23,2,1638.00,439.68,77.23,204.54,-1,-1,-1,-1
24,2,1634.91,438.66,80.80,206.39,-1,-1,-1,-1
25,2,1627.69,433.13,80.52,208.61,-1,-1,-1,-1
26,2,1621.03,432.64,80.00,209.63,-1,-1,-1,-1
27,2,1620.09,439.35,79.77,205.52,-1,-1,-1,-1
28,2,1618.00,438.25,81.69,207.31,-1,-1,-1,-1
29,2,1611.20,432.62,80.83,209.33,-1,-1,-1,-1
30,2,1605.99,439.67,77.60,204.38,-1,-1,-1,-1
31,2,1602.05,439.29,83.40,205.50,-1,-1,-1,-1
32,2,1595.03,432.48,82.96,210.11,-1,-1,-1,-1
33,2,1595.70,432.90,79.13,208.57,-1,-1,-1,-1
34,2,1588.66,438.94,78.91,206.07,-1,-1,-1,-1
35,2,1589.18,439.07,75.71,205.99,-1,-1,-1,-1
36,2,1578.54,432.76,82.46,208.96,-1,-1,-1,-1
37,2,1578.25,432.74,81.50,209.54,-1,-1,-1,-1
38,2,1573.47,439.80,77.14,204.92,-1,-1,-1,-1
39,2,1565.13,438.88,79.13,206.01,-1,-1,-1,-1
40,2,1563.30,432.56,80.64,209.33,-1,-1,-1,-1
41,2,1557.94,439.14,77.18,205.59,-1,-1,-1,-1
42,2,1554.73,438.98,81.52,206.37,-1,-1,-1,-1
43,2,1549.05,439.18,78.36,205.49,-1,-1,-1,-1
44,2,1546.48,432.80,81.45,209.28,-1,-1,-1,-1
45,2,1539.21,439.77,82.06,204.48,-1,-1,-1,-1
46,2,1540.55,439.10,76.89,205.77,-1,-1,-1,-1
47,2,1531.57,433.06,80.41,208.28,-1,-1,-1,-1
48,2,1522.09,431.33,85.46,212.26,-1,-1,-1,-1
49,2,1522.87,439.42,81.72,205.73,-1,-1,-1,-1
50,2,1515.00,439.13,82.79,205.61,-1,-1,-1,-1
51,2,1514.97,432.18,81.16,210.09,-1,-1,-1,-1
52,2,1506.21,432.82,84.70,209.74,-1,-1,-1,-1
53,2,1507.39,439.08,80.08,206.16,-1,-1,-1,-1
54,2,1499.38,433.19,81.70,208.45,-1,-1,-1,-1
55,2,1497.93,432.61,82.54,209.63,-1,-1,-1,-1
56,2,1493.35,439.95,77.33,204.91,-1,-1,-1,-1
57,2,1490.26,438.50,81.09,207.08,-1,-1,-1,-1
58,2,1482.79,432.63,82.08,209.31,-1,-1,-1,-1
59,2,1478.20,439.39,77.02,205.61,-1,-1,-1,-1
60,2,1474.60,438.84,82.70,206.48,-1,-1,-1,-1
61,2,1470.15,433.52,76.64,208.29,-1,-1,-1,-1
62,2,1467.05,432.20,80.84,209.68,-1,-1,-1,-1
63,2,1457.81,439.05,84.48,205.71,-1,-1,-1,-1
64,2,1459.45,438.27,79.44,207.80,-1,-1,-1,-1
65,2,1451.81,432.51,80.55,210.00,-1,-1,-1,-1
66,2,1450.50,432.94,81.08,209.19,-1,-1,-1,-1
67,2,1445.26,439.92,77.38,204.73,-1,-1,-1,-1
68,2,1445.35,438.72,75.16,206.96,-1,-1,-1,-1
69,2,1434.05,432.30,83.15,209.74,-1,-1,-1,-1
70,2,1429.16,439.07,78.80,205.71,-1,-1,-1,-1
71,2,1428.04,438.51,78.72,207.58,-1,-1,-1,-1
72,2,1422.14,439.40,75.98,205.39,-1,-1,-1,-1
73,2,1417.02,432.37,84.55,209.76,-1,-1,-1,-1
74,2,1411.13,439.52,82.04,204.91,-1,-1,-1,-1
75,2,1411.61,438.24,79.30,207.31,-1,-1,-1,-1
76,2,1403.07,432.54,81.50,209.29,-1,-1,-1,-1
77,2,1393.72,431.67,85.81,211.48,-1,-1,-1,-1
78,2,1393.21,438.64,85.46,206.36,-1,-1,-1,-1
79,2,1388.56,438.30,80.45,206.98,-1,-1,-1,-1
80,2,1386.86,432.11,81.87,210.24,-1,-1,-1,-1
81,2,1378.09,432.61,85.00,210.16,-1,-1,-1,-1
82,2,1379.13,438.28,80.35,207.20,-1,-1,-1,-1
83,2,1370.41,432.24,84.41,210.48,-1,-1,-1,-1
84,2,1369.81,432.51,82.66,209.53,-1,-1,-1,-1
85,2,1362.66,439.24,82.90,205.49,-1,-1,-1,-1
86,2,1359.92,431.48,86.23,212.33,-1,-1,-1,-1
87,2,1353.58,432.18,84.32,209.97,-1,-1,-1,-1
88,2,1349.23,432.31,79.69,210.46,-1,-1,-1,-1
89,2,1348.02,438.67,79.51,206.46,-1,-1,-1,-1
90,2,1342.64,432.03,76.60,211.38,-1,-1,-1,-1
91,2,1337.75,431.70,83.32,210.64,-1,-1,-1,-1
92,2,1330.43,432.25,83.99,210.89,-1,-1,-1,-1
93,2,1330.60,438.69,81.48,206.32,-1,-1,-1,-1
94,2,1322.92,431.94,81.99,210.69,-1,-1,-1,-1
95,2,1321.45,432.41,83.20,209.82,-1,-1,-1,-1
96,2,1312.94,432.18,86.41,211.29,-1,-1,-1,-1
97,2,1315.12,431.86,79.74,211.67,-1,-1,-1,-1
98,2,1307.10,432.15,81.01,210.04,-1,-1,-1,-1
99,2,1296.98,432.06,86.55,210.64,-1,-1,-1,-1
100,2,1298.89,438.77,81.36,205.81,-1,-1,-1,-1
101,2,1292.37,431.73,79.83,211.60,-1,-1,-1,-1
102,2,1289.04,432.25,84.06,209.78,-1,-1,-1,-1
103,2,1282.22,432.55,84.30,210.41,-1,-1,-1,-1
104,2,1283.25,431.52,79.71,212.55,-1,-1,-1,-1
105,2,1273.37,432.70,84.82,208.63,-1,-1,-1,-1
106,2,1265.83,431.99,85.56,210.35,-1,-1,-1,-1
107,2,1264.77,431.97,86.50,211.20,-1,-1,-1,-1
108,2,1263.71,431.81,85.97,211.28,-1,-1,-1,-1
109,2,1258.95,432.34,80.74,209.20,-1,-1,-1,-1
110,2,1249.08,432.83,86.45,209.21,-1,-1,-1,-1
111,2,1250.11,431.61,82.42,212.70,-1,-1,-1,-1
112,2,1242.51,432.66,83.45,209.15,-1,-1,-1,-1
113,2,1240.84,432.60,84.52,208.64,-1,-1,-1,-1
114,2,1234.40,432.40,83.60,210.53,-1,-1,-1,-1
115,2,1234.28,431.98,81.61,211.57,-1,-1,-1,-1
116,2,1226.80,432.23,81.74,209.47,-1,-1,-1,-1
117,2,1225.63,432.55,82.06,209.29,-1,-1,-1,-1
118,2,1219.21,432.25,81.52,211.08,-1,-1,-1,-1
119,2,1212.29,432.59,81.28,209.55,-1,-1,-1,-1
120,2,1211.12,433.10,80.58,207.34,-1,-1,-1,-1
121,2,1203.15,432.14,82.74,210.83,-1,-1,-1,-1
122,2,1203.59,431.91,79.74,212.04,-1,-1,-1,-1
123,2,1196.11,432.09,81.06,210.72,-1,-1,-1,-1
124,2,1194.15,432.75,81.89,208.54,-1,-1,-1,-1
125,2,1187.70,432.59,81.48,209.99,-1,-1,-1,-1
126,2,1187.61,432.48,78.38,210.57,-1,-1,-1,-1
127,2,1179.41,432.74,80.70,208.28,-1,-1,-1,-1
128,2,1172.96,432.24,80.27,209.99,-1,-1,-1,-1
129,2,1170.04,432.40,83.68,210.63,-1,-1,-1,-1
130,2,1162.99,432.65,83.78,209.00,-1,-1,-1,-1
131,2,1163.19,432.99,80.43,207.78,-1,-1,-1,-1
132,2,1154.17,433.76,84.71,207.56,-1,-1,-1,-1
133,2,1155.54,433.05,79.41,209.28,-1,-1,-1,-1
134,2,1148.98,433.31,78.28,207.58,-1,-1,-1,-1
135,2,1145.89,433.03,82.32,207.58,-1,-1,-1,-1
136,2,1139.37,432.58,81.87,209.71,-1,-1,-1,-1
137,2,1137.22,432.38,83.29,209.60,-1,-1,-1,-1
138,2,1131.87,432.31,79.63,209.63,-1,-1,-1,-1
139,2,1123.43,432.69,82.05,209.36,-1,-1,-1,-1
140,2,1122.12,432.46,83.25,210.33,-1,-1,-1,-1
141,2,1116.38,432.88,79.92,209.09,-1,-1,-1,-1
142,2,1114.19,432.74,81.86,208.33,-1,-1,-1,-1
143,2,1105.16,431.78,85.84,211.12,-1,-1,-1,-1
144,2,1105.48,431.58,82.82,211.81,-1,-1,-1,-1
145,2,1098.66,431.64,82.15,210.75,-1,-1,-1,-1
146,2,1092.65,431.51,80.72,210.88,-1,-1,-1,-1
147,2,1090.50,432.42,82.68,210.01,-1,-1,-1,-1
148,2,1091.28,432.03,79.56,210.19,-1,-1,-1,-1
149,2,1084.04,431.80,79.02,209.73,-1,-1,-1,-1
150,2,1076.13,432.51,81.07,209.48,-1,-1,-1,-1
151,2,1074.60,432.21,81.30,210.84,-1,-1,-1,-1
152,2,1066.90,432.29,82.84,209.84,-1,-1,-1,-1
153,2,1065.52,432.09,83.35,210.56,-1,-1,-1,-1
154,2,1055.81,432.41,87.75,210.38,-1,-1,-1,-1
155,2,1056.28,432.12,85.27,210.51,-1,-1,-1,-1
156,2,1048.05,432.46,87.13,209.57,-1,-1,-1,-1
157,2,1041.10,432.24,86.71,210.43,-1,-1,-1,-1
158,2,1043.97,438.99,79.69,205.14,-1,-1,-1,-1
159,2,1035.74,431.76,81.87,211.45,-1,-1,-1,-1
160,2,1034.90,433.15,80.72,208.28,-1,-1,-1,-1
161,2,1027.20,432.26,82.18,210.75,-1,-1,-1,-1
162,2,1026.30,431.97,82.23,211.59,-1,-1,-1,-1
163,2,1018.53,432.55,83.21,209.68,-1,-1,-1,-1
164,2,1019.17,432.97,79.50,208.48,-1,-1,-1,-1
165,2,1010.39,432.87,83.12,209.30,-1,-1,-1,-1
166,2,1007.64,431.50,86.12,210.92,-1,-1,-1,-1
167,2,1002.56,432.52,83.02,208.89,-1,-1,-1,-1
168,2,999.30,433.32,86.71,208.53,-1,-1,-1,-1
169,2,995.41,433.85,80.86,208.27,-1,-1,-1,-1
170,2,994.46,433.70,80.01,208.32,-1,-1,-1,-1
171,2,985.82,433.33,82.87,207.68,-1,-1,-1,-1
172,2,980.32,433.65,80.55,208.19,-1,-1,-1,-1
173,2,980.47,433.35,77.98,209.42,-1,-1,-1,-1
174,2,972.74,432.79,78.66,209.40,-1,-1,-1,-1
175,2,970.19,433.26,81.42,207.84,-1,-1,-1,-1
176,2,963.57,433.34,80.61,208.85,-1,-1,-1,-1
177,2,960.50,433.04,84.46,209.06,-1,-1,-1,-1
178,2,954.79,433.00,82.00,208.08,-1,-1,-1,-1
179,2,948.59,433.18,80.57,208.47,-1,-1,-1,-1
180,2,945.23,433.16,85.00,209.25,-1,-1,-1,-1
181,2,939.77,432.76,81.79,209.59,-1,-1,-1,-1
182,2,938.08,432.68,82.83,209.08,-1,-1,-1,-1
183,2,933.04,433.20,79.56,208.56,-1,-1,-1,-1
184,2,930.47,433.53,81.25,208.80,-1,-1,-1,-1
185,2,922.47,433.13,83.70,208.52,-1,-1,-1,-1
186,2,921.13,432.96,83.25,208.60,-1,-1,-1,-1
187,2,913.74,432.56,84.88,209.94,-1,-1,-1,-1
188,2,912.12,432.61,85.33,209.58,-1,-1,-1,-1
189,2,907.17,432.37,81.47,209.71,-1,-1,-1,-1
190,2,906.21,433.31,80.93,208.04,-1,-1,-1,-1
191,2,899.81,433.29,80.31,208.82,-1,-1,-1,-1
192,2,898.42,433.52,80.65,208.12,-1,-1,-1,-1
193,2,889.82,433.44,82.99,207.14,-1,-1,-1,-1
194,2,883.14,432.70,82.55,209.44,-1,-1,-1,-1
195,2,883.58,432.72,79.92,209.88,-1,-1,-1,-1
196,2,875.43,433.00,81.72,207.70,-1,-1,-1,-1
197,2,874.65,433.63,80.76,206.80,-1,-1,-1,-1
198,2,866.98,433.84,82.72,207.33,-1,-1,-1,-1
199,2,866.72,434.15,80.60,206.37,-1,-1,-1,-1
200,2,859.93,434.35,80.22,205.10,-1,-1,-1,-1
201,2,855.30,434.30,75.27,205.90,-1,-1,-1,-1
202,2,852.27,434.03,79.34,207.27,-1,-1,-1,-1
203,2,847.08,433.64,75.17,207.42,-1,-1,-1,-1
204,2,843.47,433.97,79.85,206.40,-1,-1,-1,-1
205,2,837.41,434.08,78.44,207.21,-1,-1,-1,-1
206,2,837.66,433.74,75.25,207.77,-1,-1,-1,-1
207,2,825.85,434.28,83.81,205.28,-1,-1,-1,-1
208,2,817.41,434.49,85.81,205.72,-1,-1,-1,-1
209,2,817.54,434.68,83.58,206.50,-1,-1,-1,-1
210,2,818.31,433.23,81.50,209.25,-1,-1,-1,-1
211,2,820.35,440.17,77.93,203.81,-1,-1,-1,-1
224,2,756.08,434.33,61.98,205.34,-1,-1,-1,-1
225,2,749.16,433.87,62.52,206.94,-1,-1,-1,-1
226,2,747.55,433.19,64.77,207.84,-1,-1,-1,-1
227,2,741.81,433.15,74.95,208.52,-1,-1,-1,-1
228,2,733.90,433.08,77.85,208.25,-1,-1,-1,-1
229,2,732.93,434.05,77.75,206.84,-1,-1,-1,-1
230,2,727.29,433.56,75.71,207.45,-1,-1,-1,-1
231,2,722.86,433.47,81.79,209.18,-1,-1,-1,-1
232,2,718.08,433.44,77.89,208.52,-1,-1,-1,-1
233,2,715.54,433.41,79.39,207.73,-1,-1,-1,-1
234,2,708.43,434.32,80.15,206.80,-1,-1,-1,-1
235,2,707.52,433.36,79.40,209.29,-1,-1,-1,-1
236,2,698.66,434.05,82.28,206.37,-1,-1,-1,-1
237,2,691.20,433.41,83.50,207.85,-1,-1,-1,-1
238,2,693.57,434.04,76.85,207.64,-1,-1,-1,-1
239,2,691.71,432.99,78.27,209.50,-1,-1,-1,-1
240,2,684.39,433.28,78.60,208.13,-1,-1,-1,-1
241,2,676.13,433.59,81.00,207.91,-1,-1,-1,-1
242,2,675.12,433.24,81.61,209.34,-1,-1,-1,-1
243,2,669.84,433.90,77.17,207.40,-1,-1,-1,-1
244,2,667.81,433.87,78.89,206.64,-1,-1,-1,-1
245,2,660.14,433.28,80.71,208.87,-1,-1,-1,-1
246,2,658.72,432.79,80.97,210.38,-1,-1,-1,-1
247,2,653.02,432.73,78.37,209.30,-1,-1,-1,-1
248,2,646.03,433.34,78.09,207.94,-1,-1,-1,-1
249,2,642.16,433.51,84.03,208.22,-1,-1,-1,-1
250,2,643.04,433.19,79.97,209.10,-1,-1,-1,-1
35,3,-11.13,442.60,64.02,200.85,-1,-1,-1,-1
36,3,-10.63,441.28,66.25,202.52,-1,-1,-1,-1
37,3,-10.68,440.68,68.92,203.35,-1,-1,-1,-1
38,3,-3.15,442.15,70.77,201.42,-1,-1,-1,-1
39,3,-3.72,442.05,73.99,200.33,-1,-1,-1,-1
40,3,-4.26,441.75,75.06,200.73,-1,-1,-1,-1
41,3,-3.43,441.38,85.25,202.70,-1,-1,-1,-1
42,3,-2.26,441.27,85.57,202.80,-1,-1,-1,-1
43,3,-5.93,439.99,92.63,204.94,-1,-1,-1,-1
44,3,4.72,441.64,81.09,203.00,-1,-1,-1,-1
45,3,7.51,440.88,86.01,204.20,-1,-1,-1,-1
46,3,13.15,442.52,88.71,201.20,-1,-1,-1,-1
47,3,18.26,441.76,83.51,201.23,-1,-1,-1,-1
48,3,24.83,440.94,83.59,202.93,-1,-1,-1,-1
49,3,28.20,442.48,81.01,200.59,-1,-1,-1,-1
50,3,32.18,442.24,85.24,200.85,-1,-1,-1,-1
51,3,32.92,441.55,87.64,201.16,-1,-1,-1,-1
52,3,40.08,441.67,85.85,201.36,-1,-1,-1,-1
53,3,42.53,442.86,85.98,199.31,-1,-1,-1,-1
54,3,46.84,441.56,89.30,201.94,-1,-1,-1,-1
55,3,50.47,442.70,85.65,199.52,-1,-1,-1,-1
56,3,58.46,441.86,83.85,200.23,-1,-1,-1,-1
57,3,63.19,443.09,86.20,199.01,-1,-1,-1,-1
58,3,67.31,442.50,82.76,199.89,-1,-1,-1,-1
59,3,70.39,441.71,87.97,201.74,-1,-1,-1,-1
60,3,75.46,442.59,82.59,200.37,-1,-1,-1,-1
61,3,76.99,441.21,91.54,203.15,-1,-1,-1,-1
62,3,80.63,441.23,88.47,202.07,-1,-1,-1,-1
63,3,89.66,441.34,83.94,202.15,-1,-1,-1,-1
64,3,93.01,441.78,89.46,201.51,-1,-1,-1,-1
65,3,95.50,441.27,88.27,202.47,-1,-1,-1,-1
66,3,98.00,441.28,86.89,202.94,-1,-1,-1,-1
67,3,105.22,441.34,85.85,202.19,-1,-1,-1,-1
68,3,110.46,441.55,88.43,201.94,-1,-1,-1,-1
69,3,113.88,442.06,85.48,200.47,-1,-1,-1,-1
70,3,117.58,440.83,89.37,203.09,-1,-1,-1,-1
71,3,121.50,441.37,87.85,203.20,-1,-1,-1,-1
72,3,128.06,441.26,87.09,202.39,-1,-1,-1,-1
73,3,129.29,441.46,88.27,202.53,-1,-1,-1,-1
74,3,136.74,440.50,85.78,203.95,-1,-1,-1,-1
75,3,142.94,442.20,86.17,201.08,-1,-1,-1,-1
76,3,143.97,441.66,87.88,201.77,-1,-1,-1,-1
77,3,149.86,440.98,88.28,203.02,-1,-1,-1,-1
78,3,151.00,440.43,91.59,204.19,-1,-1,-1,-1
79,3,158.54,441.02,88.68,203.23,-1,-1,-1,-1
80,3,159.49,441.32,90.33,202.23,-1,-1,-1,-1
81,3,166.12,440.19,89.13,204.68,-1,-1,-1,-1
82,3,168.95,441.78,88.69,201.78,-1,-1,-1,-1
83,3,174.32,441.47,90.73,201.86,-1,-1,-1,-1
84,3,176.93,441.26,88.41,201.90,-1,-1,-1,-1
85,3,184.52,440.77,86.25,202.98,-1,-1,-1,-1
86,3,190.56,441.82,87.75,201.42,-1,-1,-1,-1
87,3,191.78,441.34,88.27,202.04,-1,-1,-1,-1
88,3,195.74,440.94,92.57,203.71,-1,-1,-1,-1
89,3,200.44,441.13,88.59,202.09,-1,-1,-1,-1
90,3,204.69,441.17,91.48,202.57,-1,-1,-1,-1
91,3,207.75,441.06,89.80,201.95,-1,-1,-1,-1
92,3,212.87,440.06,91.32,204.47,-1,-1,-1,-1
93,3,216.09,441.61,90.70,201.86,-1,-1,-1,-1
94,3,223.48,441.38,88.74,201.48,-1,-1,-1,-1
95,3,226.40,441.65,86.46,201.92,-1,-1,-1,-1
96,3,232.83,440.99,87.09,202.90,-1,-1,-1,-1
97,3,238.65,441.73,87.55,201.42,-1,-1,-1,-1
98,3,239.17,441.69,90.61,200.82,-1,-1,-1,-1
99,3,246.09,435.85,88.74,203.85,-1,-1,-1,-1
100,3,248.39,441.00,88.98,202.48,-1,-1,-1,-1
101,3,254.66,440.90,88.91,203.06,-1,-1,-1,-1
102,3,256.52,440.89,88.83,203.96,-1,-1,-1,-1
103,3,261.43,440.05,91.83,204.89,-1,-1,-1,-1
104,3,263.25,440.47,92.64,203.85,-1,-1,-1,-1
105,3,269.23,441.06,92.25,202.58,-1,-1,-1,-1
106,3,277.50,441.19,88.82,202.50,-1,-1,-1,-1
107,3,280.68,440.71,87.41,203.09,-1,-1,-1,-1
108,3,285.19,441.71,90.68,201.97,-1,-1,-1,-1
109,3,289.61,441.61,85.96,201.90,-1,-1,-1,-1
110,3,296.04,441.21,85.10,202.53,-1,-1,-1,-1
111,3,298.69,442.53,84.95,200.87,-1,-1,-1,-1
112,3,302.83,441.52,88.57,202.13,-1,-1,-1,-1
113,3,306.98,441.80,85.29,201.12,-1,-1,-1,-1
114,3,311.00,440.40,89.24,203.59,-1,-1,-1,-1
115,3,315.59,441.78,92.52,201.75,-1,-1,-1,-1
116,3,318.64,441.05,90.65,202.36,-1,-1,-1,-1
117,3,321.06,441.08,88.81,203.42,-1,-1,-1,-1
118,3,330.32,442.37,84.90,200.51,-1,-1,-1,-1
119,3,332.50,442.06,92.27,201.01,-1,-1,-1,-1
120,3,337.58,442.02,85.85,200.81,-1,-1,-1,-1
121,3,342.85,440.74,88.65,202.87,-1,-1,-1,-1
122,3,346.41,442.66,85.46,200.24,-1,-1,-1,-1
123,3,352.11,442.24,87.81,200.28,-1,-1,-1,-1
124,3,352.21,441.26,89.94,202.67,-1,-1,-1,-1
125,3,358.35,441.06,89.61,202.46,-1,-1,-1,-1
126,3,366.40,442.06,87.78,201.10,-1,-1,-1,-1
127,3,366.51,441.12,90.42,202.04,-1,-1,-1,-1
128,3,375.52,440.17,85.92,203.71,-1,-1,-1,-1
129,3,376.48,440.82,88.90,202.76,-1,-1,-1,-1
130,3,383.48,441.30,86.97,202.03,-1,-1,-1,-1
131,3,385.27,441.10,87.63,203.16,-1,-1,-1,-1
132,3,391.67,440.35,86.19,204.51,-1,-1,-1,-1
133,3,395.08,442.27,85.15,200.77,-1,-1,-1,-1
134,3,398.92,441.60,89.33,201.67,-1,-1,-1,-1
135,3,401.70,440.78,87.28,202.79,-1,-1,-1,-1
136,3,407.88,440.44,88.20,203.28,-1,-1,-1,-1
137,3,412.89,441.79,90.79,201.56,-1,-1,-1,-1
138,3,415.40,441.23,90.15,202.21,-1,-1,-1,-1
139,3,422.79,441.46,86.76,202.23,-1,-1,-1,-1
140,3,425.89,442.16,85.37,200.99,-1,-1,-1,-1
141,3,431.53,442.21,87.33,200.66,-1,-1,-1,-1
142,3,432.81,441.38,88.03,201.64,-1,-1,-1,-1
143,3,438.46,440.37,89.98,203.41,-1,-1,-1,-1
144,3,440.93,441.26,89.34,202.65,-1,-1,-1,-1
145,3,447.58,441.58,88.80,201.25,-1,-1,-1,-1
146,3,448.31,440.53,90.17,204.18,-1,-1,-1,-1
147,3,456.50,441.34,86.69,201.97,-1,-1,-1,-1
148,3,459.91,441.68,93.24,202.15,-1,-1,-1,-1
149,3,462.16,441.19,92.02,202.21,-1,-1,-1,-1
150,3,468.11,440.95,91.72,202.88,-1,-1,-1,-1
151,3,471.51,441.32,91.73,201.61,-1,-1,-1,-1
152,3,478.47,441.45,88.83,201.52,-1,-1,-1,-1
153,3,481.82,441.48,87.01,202.05,-1,-1,-1,-1
154,3,488.34,441.27,87.15,201.62,-1,-1,-1,-1
155,3,493.32,442.39,89.22,200.35,-1,-1,-1,-1
156,3,496.42,440.77,87.85,202.55,-1,-1,-1,-1
157,3,495.95,440.24,91.31,204.06,-1,-1,-1,-1
158,3,503.14,440.82,91.40,202.56,-1,-1,-1,-1
159,3,510.28,441.30,89.23,202.31,-1,-1,-1,-1
160,3,511.01,441.29,90.77,202.42,-1,-1,-1,-1
161,3,516.44,440.63,91.16,204.39,-1,-1,-1,-1
162,3,520.10,441.10,90.45,202.47,-1,-1,-1,-1
163,3,527.33,441.44,89.01,201.23,-1,-1,-1,-1
164,3,530.69,440.46,86.13,203.70,-1,-1,-1,-1
165,3,534.73,439.84,89.91,204.70,-1,-1,-1,-1
166,3,540.50,441.55,91.58,202.17,-1,-1,-1,-1
167,3,542.55,440.24,90.97,203.64,-1,-1,-1,-1
168,3,547.89,441.53,91.80,202.72,-1,-1,-1,-1
169,3,550.71,440.66,92.38,202.90,-1,-1,-1,-1
170,3,556.44,441.09,91.91,202.81,-1,-1,-1,-1
171,3,559.99,440.65,89.83,202.52,-1,-1,-1,-1
172,3,564.69,439.77,91.96,204.94,-1,-1,-1,-1
173,3,572.96,441.61,89.88,202.00,-1,-1,-1,-1
174,3,574.67,440.96,90.27,202.45,-1,-1,-1,-1
175,3,576.59,440.35,89.94,204.37,-1,-1,-1,-1
176,3,584.76,440.34,87.56,204.01,-1,-1,-1,-1
177,3,588.51,441.43,91.54,202.22,-1,-1,-1,-1
178,3,590.39,440.92,92.13,202.28,-1,-1,-1,-1
179,3,597.45,439.79,89.95,204.42,-1,-1,-1,-1
180,3,601.22,440.97,87.53,202.47,-1,-1,-1,-1
181,3,605.08,440.62,92.51,203.45,-1,-1,-1,-1
182,3,607.79,440.67,90.84,203.69,-1,-1,-1,-1
183,3,615.61,440.72,89.06,202.57,-1,-1,-1,-1
184,3,620.41,441.23,91.09,202.49,-1,-1,-1,-1
185,3,623.28,440.97,90.01,201.87,-1,-1,-1,-1
186,3,629.09,440.63,89.69,203.23,-1,-1,-1,-1
187,3,632.15,439.95,88.94,204.65,-1,-1,-1,-1
188,3,638.41,440.34,89.19,203.74,-1,-1,-1,-1
189,3,638.99,440.32,91.23,203.42,-1,-1,-1,-1
190,3,644.83,440.02,90.44,204.99,-1,-1,-1,-1
191,3,646.70,440.37,93.17,203.53,-1,-1,-1,-1
192,3,651.15,440.13,94.68,204.93,-1,-1,-1,-1
193,3,655.71,440.72,90.98,202.57,-1,-1,-1,-1
194,3,663.39,439.18,87.96,205.58,-1,-1,-1,-1
195,3,668.25,440.88,91.76,203.91,-1,-1,-1,-1
196,3,670.76,439.92,89.96,205.18,-1,-1,-1,-1
197,3,672.55,439.79,90.36,205.73,-1,-1,-1,-1
198,3,679.81,440.10,90.62,204.56,-1,-1,-1,-1
199,3,685.80,439.90,90.42,205.06,-1,-1,-1,-1
200,3,686.30,440.61,91.98,203.18,-1,-1,-1,-1
201,3,693.76,439.23,90.36,206.06,-1,-1,-1,-1
202,3,697.70,441.45,87.14,202.43,-1,-1,-1,-1
203,3,703.32,440.52,89.67,203.53,-1,-1,-1,-1
204,3,703.71,440.41,91.80,204.64,-1,-1,-1,-1
205,3,709.21,439.20,92.81,206.15,-1,-1,-1,-1
206,3,717.56,440.38,90.28,204.75,-1,-1,-1,-1
207,3,719.19,440.32,90.27,203.59,-1,-1,-1,-1
208,3,724.99,439.93,91.97,204.07,-1,-1,-1,-1
209,3,725.51,440.29,95.02,203.74,-1,-1,-1,-1
210,3,732.61,439.53,92.66,205.42,-1,-1,-1,-1
211,3,734.24,438.86,94.13,206.22,-1,-1,-1,-1
212,3,739.18,439.32,94.66,206.17,-1,-1,-1,-1
213,3,743.77,441.59,91.09,201.55,-1,-1,-1,-1
214,3,749.18,441.13,92.73,201.75,-1,-1,-1,-1
215,3,750.30,440.23,93.73,203.84,-1,-1,-1,-1
216,3,759.56,439.53,90.51,205.87,-1,-1,-1,-1
217,3,764.28,440.45,92.02,204.70,-1,-1,-1,-1
218,3,766.30,439.19,91.76,206.44,-1,-1,-1,-1
219,3,772.46,440.38,90.67,205.28,-1,-1,-1,-1
220,3,776.40,440.89,88.16,204.16,-1,-1,-1,-1
221,3,780.74,441.01,91.05,203.87,-1,-1,-1,-1
222,3,781.36,440.42,93.14,204.05,-1,-1,-1,-1
223,3,791.52,438.69,88.28,205.81,-1,-1,-1,-1
224,3,791.71,438.87,91.89,205.82,-1,-1,-1,-1
225,3,800.54,437.93,86.34,207.32,-1,-1,-1,-1
226,3,800.28,439.07,90.41,205.27,-1,-1,-1,-1
227,3,806.74,433.23,88.65,209.53,-1,-1,-1,-1
228,3,805.26,440.53,95.84,203.12,-1,-1,-1,-1
229,3,816.36,440.43,87.64,202.81,-1,-1,-1,-1
230,3,823.09,435.51,86.44,205.43,-1,-1,-1,-1
231,3,825.03,440.56,88.48,203.72,-1,-1,-1,-1
232,3,829.45,440.15,91.44,203.98,-1,-1,-1,-1
233,3,833.23,441.51,87.46,201.88,-1,-1,-1,-1
234,3,840.69,440.36,85.33,203.33,-1,-1,-1,-1
235,3,840.88,441.77,89.73,200.21,-1,-1,-1,-1
236,3,847.96,440.74,87.86,202.24,-1,-1,-1,-1
237,3,849.71,441.04,87.44,201.57,-1,-1,-1,-1
238,3,857.14,441.28,87.78,201.42,-1,-1,-1,-1
239,3,860.19,441.01,92.98,202.43,-1,-1,-1,-1
240,3,863.90,436.24,89.96,203.87,-1,-1,-1,-1
241,3,871.13,435.50,88.61,205.20,-1,-1,-1,-1
242,3,871.65,440.81,91.83,201.60,-1,-1,-1,-1
243,3,878.49,435.68,90.81,204.78,-1,-1,-1,-1
244,3,879.70,440.72,91.32,201.71,-1,-1,-1,-1
245,3,887.14,435.75,89.92,203.72,-1,-1,-1,-1
246,3,893.04,440.52,91.03,203.18,-1,-1,-1,-1
247,3,896.15,439.88,89.02,203.48,-1,-1,-1,-1
248,3,900.78,439.89,91.86,204.19,-1,-1,-1,-1
249,3,900.79,440.03,95.96,203.73,-1,-1,-1,-1
250,3,908.78,440.16,92.24,203.47,-1,-1,-1,-1
97,4,1861.77,439.98,67.98,206.62,-1,-1,-1,-1
98,4,1856.82,440.25,69.09,205.37,-1,-1,-1,-1
99,4,1855.96,435.23,71.98,205.85,-1,-1,-1,-1
100,4,1852.88,434.84,73.67,207.10,-1,-1,-1,-1
101,4,1848.44,435.48,74.24,205.36,-1,-1,-1,-1
102,4,1840.88,435.19,82.72,205.53,-1,-1,-1,-1
103,4,1839.21,434.69,82.14,207.13,-1,-1,-1,-1
104,4,1837.49,434.28,80.60,206.50,-1,-1,-1,-1
105,4,1826.36,434.19,88.69,205.94,-1,-1,-1,-1
106,4,1826.83,434.48,84.01,204.85,-1,-1,-1,-1
107,4,1825.45,433.70,84.48,207.38,-1,-1,-1,-1
108,4,1818.60,434.50,83.63,205.36,-1,-1,-1,-1
109,4,1810.64,434.99,87.06,204.93,-1,-1,-1,-1
110,4,1810.44,433.52,82.37,207.63,-1,-1,-1,-1
111,4,1801.96,433.56,87.30,208.32,-1,-1,-1,-1
112,4,1800.86,434.27,84.44,205.98,-1,-1,-1,-1
113,4,1795.69,435.22,81.95,204.49,-1,-1,-1,-1
114,4,1794.31,434.57,81.52,205.95,-1,-1,-1,-1
115,4,1788.06,435.57,80.99,204.10,-1,-1,-1,-1
116,4,1782.95,435.45,86.32,204.47,-1,-1,-1,-1
117,4,1778.50,435.76,84.21,203.21,-1,-1,-1,-1
118,4,1775.66,434.90,86.28,205.21,-1,-1,-1,-1
119,4,1770.18,435.14,83.60,204.08,-1,-1,-1,-1
120,4,1763.72,435.72,82.79,203.52,-1,-1,-1,-1
121,4,1762.29,435.74,83.55,203.08,-1,-1,-1,-1
122,4,1759.90,435.58,84.97,204.38,-1,-1,-1,-1
123,4,1750.81,434.98,88.33,204.77,-1,-1,-1,-1
124,4,1746.77,435.53,84.26,203.74,-1,-1,-1,-1
125,4,1744.41,434.78,84.05,205.97,-1,-1,-1,-1
126,4,1736.15,434.43,88.49,205.86,-1,-1,-1,-1
127,4,1733.71,434.94,89.10,205.13,-1,-1,-1,-1
128,4,1730.78,434.94,83.42,204.39,-1,-1,-1,-1
129,4,1723.86,434.23,83.90,206.94,-1,-1,-1,-1
130,4,1720.92,435.04,85.27,204.96,-1,-1,-1,-1
131,4,1715.45,435.07,84.34,205.05,-1,-1,-1,-1
132,4,1713.18,434.61,85.38,205.55,-1,-1,-1,-1
133,4,1708.21,433.58,82.09,208.00,-1,-1,-1,-1
134,4,1705.10,434.25,83.62,206.49,-1,-1,-1,-1
135,4,1699.23,435.05,83.20,204.49,-1,-1,-1,-1
136,4,1697.78,433.96,81.62,207.29,-1,-1,-1,-1
137,4,1692.49,434.51,80.54,205.95,-1,-1,-1,-1
138,4,1686.65,434.84,86.38,205.92,-1,-1,-1,-1
139,4,1682.83,434.41,83.26,205.75,-1,-1,-1,-1
140,4,1676.10,434.02,83.35,207.19,-1,-1,-1,-1
141,4,1674.01,434.44,83.29,205.82,-1,-1,-1,-1
142,4,1665.61,435.03,88.13,205.33,-1,-1,-1,-1
143,4,1665.33,434.07,84.91,206.36,-1,-1,-1,-1
144,4,1658.70,433.90,85.78,206.91,-1,-1,-1,-1
145,4,1656.16,434.09,85.36,206.23,-1,-1,-1,-1
146,4,1650.74,434.78,83.92,205.23,-1,-1,-1,-1
147,4,1649.98,433.61,81.33,207.78,-1,-1,-1,-1
148,4,1641.29,434.44,85.61,205.46,-1,-1,-1,-1
149,4,1635.29,434.89,84.88,205.32,-1,-1,-1,-1
150,4,1632.80,434.84,86.01,204.91,-1,-1,-1,-1
151,4,1626.68,433.87,85.92,207.21,-1,-1,-1,-1
152,4,1625.00,434.49,84.84,205.86,-1,-1,-1,-1
153,4,1619.12,435.09,83.70,205.14,-1,-1,-1,-1
154,4,1616.80,434.42,85.38,206.27,-1,-1,-1,-1
155,4,1608.71,433.93,88.23,206.77,-1,-1,-1,-1
156,4,1606.81,434.70,87.02,205.53,-1,-1,-1,-1
157,4,1600.73,435.05,87.74,204.29,-1,-1,-1,-1
158,4,1601.18,434.13,82.36,207.16,-1,-1,-1,-1
159,4,1594.15,434.55,83.84,206.09,-1,-1,-1,-1
160,4,1586.35,435.21,86.09,205.02,-1,-1,-1,-1
161,4,1584.69,434.97,86.26,205.29,-1,-1,-1,-1
162,4,1583.43,433.93,85.71,207.63,-1,-1,-1,-1
163,4,1576.69,434.16,84.77,206.55,-1,-1,-1,-1
164,4,1571.63,434.64,82.51,205.50,-1,-1,-1,-1
165,4,1568.85,434.12,84.35,206.98,-1,-1,-1,-1
166,4,1563.87,434.90,81.28,205.34,-1,-1,-1,-1
167,4,1558.07,434.71,88.12,205.33,-1,-1,-1,-1
168,4,1552.99,435.20,86.20,204.06,-1,-1,-1,-1
169,4,1553.09,434.10,82.08,206.85,-1,-1,-1,-1
170,4,1544.16,434.24,86.86,205.80,-1,-1,-1,-1
171,4,1536.44,435.52,90.30,204.22,-1,-1,-1,-1
172,4,1538.76,433.89,83.09,207.47,-1,-1,-1,-1
173,4,1529.79,434.61,87.34,206.19,-1,-1,-1,-1
174,4,1526.74,434.08,88.69,206.50,-1,-1,-1,-1
175,4,1522.50,434.75,84.55,204.99,-1,-1,-1,-1
176,4,1521.70,434.02,81.62,207.28,-1,-1,-1,-1
177,4,1515.18,434.17,83.01,206.33,-1,-1,-1,-1
178,4,1510.05,434.96,87.78,205.16,-1,-1,-1,-1
179,4,1505.62,435.12,85.49,204.38,-1,-1,-1,-1
180,4,1504.69,434.50,83.00,206.38,-1,-1,-1,-1
181,4,1497.09,434.51,85.20,205.65,-1,-1,-1,-1
182,4,1491.05,435.14,85.10,204.47,-1,-1,-1,-1
183,4,1489.87,433.97,83.89,207.01,-1,-1,-1,-1
184,4,1484.34,433.90,81.86,206.66,-1,-1,-1,-1
185,4,1478.73,434.25,87.57,206.49,-1,-1,-1,-1
186,4,1475.57,434.50,82.88,205.50,-1,-1,-1,-1
187,4,1472.96,434.60,84.27,206.64,-1,-1,-1,-1
188,4,1465.07,434.24,86.33,206.27,-1,-1,-1,-1
189,4,1461.82,434.73,88.64,205.69,-1,-1,-1,-1
190,4,1458.50,433.74,83.55,207.37,-1,-1,-1,-1
191,4,1456.85,434.54,82.45,205.85,-1,-1,-1,-1
192,4,1450.47,434.66,82.63,205.33,-1,-1,-1,-1
193,4,1444.38,434.91,81.68,205.26,-1,-1,-1,-1
194,4,1443.00,434.65,81.24,205.86,-1,-1,-1,-1
195,4,1437.26,435.46,79.30,204.40,-1,-1,-1,-1
196,4,1432.82,435.04,83.82,204.76,-1,-1,-1,-1
197,4,1426.22,435.09,85.34,204.55,-1,-1,-1,-1
198,4,1425.68,434.29,81.06,206.49,-1,-1,-1,-1
199,4,1419.76,434.74,81.05,204.50,-1,-1,-1,-1
200,4,1412.95,435.15,81.31,204.73,-1,-1,-1,-1
201,4,1410.70,435.32,82.88,204.09,-1,-1,-1,-1
202,4,1409.59,434.55,80.96,205.67,-1,-1,-1,-1
203,4,1401.43,434.61,84.10,204.91,-1,-1,-1,-1
204,4,1393.30,435.00,87.30,204.16,-1,-1,-1,-1
205,4,1392.65,432.78,84.53,208.43,-1,-1,-1,-1
206,4,1387.06,433.32,82.96,206.67,-1,-1,-1,-1
207,4,1383.82,433.33,85.64,207.12,-1,-1,-1,-1
208,4,1380.13,433.19,81.61,207.75,-1,-1,-1,-1
209,4,1377.88,433.59,82.49,207.90,-1,-1,-1,-1
210,4,1371.19,433.29,81.60,208.02,-1,-1,-1,-1
211,4,1367.65,434.43,84.51,206.64,-1,-1,-1,-1
212,4,1361.74,433.14,85.43,207.93,-1,-1,-1,-1
213,4,1358.33,433.01,78.86,208.48,-1,-1,-1,-1
214,4,1353.66,434.50,83.52,205.36,-1,-1,-1,-1
215,4,1348.44,433.97,81.81,205.88,-1,-1,-1,-1
216,4,1345.95,434.40,83.73,206.55,-1,-1,-1,-1
217,4,1340.93,434.84,80.09,205.26,-1,-1,-1,-1
218,4,1335.12,435.48,87.26,204.42,-1,-1,-1,-1
219,4,1329.37,435.15,86.89,205.12,-1,-1,-1,-1
220,4,1328.37,439.04,83.87,206.04,-1,-1,-1,-1
221,4,1320.61,434.44,86.42,206.31,-1,-1,-1,-1
222,4,1316.03,434.79,82.71,206.09,-1,-1,-1,-1
223,4,1314.71,437.84,80.25,208.57,-1,-1,-1,-1
224,4,1306.07,433.94,85.87,207.46,-1,-1,-1,-1
225,4,1302.32,433.79,87.91,207.78,-1,-1,-1,-1
226,4,1296.78,434.75,87.87,205.65,-1,-1,-1,-1
227,4,1293.99,434.91,89.96,206.07,-1,-1,-1,-1
228,4,1287.50,434.89,90.67,205.72,-1,-1,-1,-1
229,4,1285.91,435.19,88.93,205.53,-1,-1,-1,-1
230,4,1281.51,434.79,85.25,206.17,-1,-1,-1,-1
231,4,1279.93,434.57,84.42,205.59,-1,-1,-1,-1
232,4,1271.41,434.60,88.98,203.29,-1,-1,-1,-1
233,4,1265.49,435.29,87.27,203.56,-1,-1,-1,-1
234,4,1265.02,434.65,84.66,205.08,-1,-1,-1,-1
235,4,1257.02,434.30,87.68,205.05,-1,-1,-1,-1
236,4,1252.85,434.85,91.74,204.12,-1,-1,-1,-1
237,4,1249.86,435.60,86.09,202.81,-1,-1,-1,-1
238,4,1247.73,435.49,86.07,204.40,-1,-1,-1,-1
239,4,1239.55,435.07,89.29,204.15,-1,-1,-1,-1
240,4,1235.27,435.57,84.33,203.85,-1,-1,-1,-1
241,4,1233.76,435.86,84.18,203.02,-1,-1,-1,-1
242,4,1231.05,435.15,86.47,204.45,-1,-1,-1,-1
243,4,1222.49,435.01,88.75,204.31,-1,-1,-1,-1
244,4,1218.00,436.62,86.45,201.58,-1,-1,-1,-1
245,4,1216.23,435.43,85.04,204.60,-1,-1,-1,-1
246,4,1209.55,435.36,86.34,204.35,-1,-1,-1,-1
247,4,1205.98,435.16,88.89,204.73,-1,-1,-1,-1
248,4,1201.17,435.91,86.15,202.40,-1,-1,-1,-1
249,4,1200.35,435.38,83.82,204.20,-1,-1,-1,-1
250,4,1193.20,436.00,84.77,203.17,-1,-1,-1,-1
