2,1,597.29,198.91,90.26,211.95,-1,-1,-1,-1
3,1,590.82,217.37,88.87,205.29,-1,-1,-1,-1
4,1,584.68,232.84,85.37,204.22,-1,-1,-1,-1
5,1,579.61,231.49,82.30,207.45,-1,-1,-1,-1
6,1,574.33,248.28,90.07,206.73,-1,-1,-1,-1
7,1,566.12,248.26,90.72,207.06,-1,-1,-1,-1
8,1,560.46,265.40,88.16,204.18,-1,-1,-1,-1
9,1,558.45,269.73,91.27,209.59,-1,-1,-1,-1
10,1,552.11,272.03,89.23,206.44,-1,-1,-1,-1
11,1,551.80,290.26,87.95,201.48,-1,-1,-1,-1
12,1,550.60,298.78,88.87,202.95,-1,-1,-1,-1
13,1,542.28,299.65,91.74,204.35,-1,-1,-1,-1
14,1,544.24,320.83,86.31,205.24,-1,-1,-1,-1
15,1,537.54,329.73,84.79,202.83,-1,-1,-1,-1
16,1,534.17,344.04,88.75,204.22,-1,-1,-1,-1
17,1,530.84,345.72,83.95,201.73,-1,-1,-1,-1
18,1,528.68,362.42,87.42,204.34,-1,-1,-1,-1
19,1,529.25,370.51,85.43,201.85,-1,-1,-1,-1
20,1,528.30,376.87,85.80,202.38,-1,-1,-1,-1
21,1,524.10,386.62,82.19,202.95,-1,-1,-1,-1
22,1,523.20,401.45,83.80,202.38,-1,-1,-1,-1
23,1,523.70,416.83,82.05,202.55,-1,-1,-1,-1
24,1,523.19,416.68,81.69,202.84,-1,-1,-1,-1
25,1,523.11,424.54,81.89,204.44,-1,-1,-1,-1
26,1,520.97,434.80,85.90,203.73,-1,-1,-1,-1
27,1,524.25,442.87,80.74,202.14,-1,-1,-1,-1
28,1,524.91,456.77,78.37,203.20,-1,-1,-1,-1
29,1,524.25,465.96,80.91,201.92,-1,-1,-1,-1
30,1,525.06,481.87,79.74,202.83,-1,-1,-1,-1
31,1,525.57,492.66,80.58,202.26,-1,-1,-1,-1
32,1,528.24,503.14,86.08,205.95,-1,-1,-1,-1
33,1,529.94,508.31,82.91,202.04,-1,-1,-1,-1
34,1,531.13,518.67,82.86,209.20,-1,-1,-1,-1
35,1,530.55,522.83,86.34,203.40,-1,-1,-1,-1
36,1,531.38,530.20,84.78,201.59,-1,-1,-1,-1
37,1,539.07,541.69,81.45,211.75,-1,-1,-1,-1
38,1,538.40,557.57,85.92,210.18,-1,-1,-1,-1
39,1,543.59,559.44,86.83,206.61,-1,-1,-1,-1
40,1,547.84,577.48,80.87,204.00,-1,-1,-1,-1
41,1,551.99,587.43,83.58,203.03,-1,-1,-1,-1
42,1,554.94,594.43,80.22,201.91,-1,-1,-1,-1
43,1,562.21,600.23,79.76,203.81,-1,-1,-1,-1
44,1,563.38,617.76,82.12,204.08,-1,-1,-1,-1
45,1,568.72,613.81,82.24,198.99,-1,-1,-1,-1
46,1,578.26,632.84,80.60,206.85,-1,-1,-1,-1
47,1,578.65,635.90,83.03,262.57,-1,-1,-1,-1
48,1,587.32,646.06,79.97,244.39,-1,-1,-1,-1
54,1,635.18,701.43,63.26,198.77,-1,-1,-1,-1
55,1,632.01,706.37,73.16,201.28,-1,-1,-1,-1
56,1,627.62,714.62,83.70,199.66,-1,-1,-1,-1
57,1,639.07,716.31,76.44,198.93,-1,-1,-1,-1
58,1,645.16,719.45,79.63,197.34,-1,-1,-1,-1
59,1,655.23,733.02,73.98,194.61,-1,-1,-1,-1
60,1,662.44,749.80,76.79,196.47,-1,-1,-1,-1
61,1,669.61,747.71,77.38,197.33,-1,-1,-1,-1
62,1,676.78,749.97,79.18,197.02,-1,-1,-1,-1
63,1,685.63,757.13,76.67,194.78,-1,-1,-1,-1
64,1,692.59,766.16,79.30,198.37,-1,-1,-1,-1
65,1,700.83,771.79,78.73,197.25,-1,-1,-1,-1
66,1,706.53,779.51,83.44,201.81,-1,-1,-1,-1
67,1,715.13,780.16,82.37,200.42,-1,-1,-1,-1
68,1,720.59,780.03,87.56,202.85,-1,-1,-1,-1
69,1,729.41,794.82,86.40,199.29,-1,-1,-1,-1
70,1,737.23,795.46,87.29,201.05,-1,-1,-1,-1
71,1,751.16,794.18,87.63,207.50,-1,-1,-1,-1
72,1,760.26,807.01,86.38,208.61,-1,-1,-1,-1
73,1,770.03,806.09,83.44,211.95,-1,-1,-1,-1
74,1,779.54,806.17,81.49,209.02,-1,-1,-1,-1
75,1,787.39,810.41,82.80,205.78,-1,-1,-1,-1
76,1,797.42,818.84,80.30,203.71,-1,-1,-1,-1
77,1,811.90,826.10,77.28,203.39,-1,-1,-1,-1
78,1,817.87,822.30,83.86,208.30,-1,-1,-1,-1
79,1,828.42,826.74,80.47,203.92,-1,-1,-1,-1
80,1,834.18,827.03,86.56,201.72,-1,-1,-1,-1
81,1,849.71,824.75,80.86,204.52,-1,-1,-1,-1
82,1,858.38,825.98,80.01,201.34,-1,-1,-1,-1
83,1,866.90,834.66,80.99,199.01,-1,-1,-1,-1
84,1,875.30,836.33,82.97,199.83,-1,-1,-1,-1
85,1,882.42,836.65,86.62,200.64,-1,-1,-1,-1
86,1,898.11,842.24,82.32,202.12,-1,-1,-1,-1
87,1,905.74,834.70,83.51,201.24,-1,-1,-1,-1
88,1,916.48,827.99,80.22,202.12,-1,-1,-1,-1
89,1,927.89,828.47,84.95,200.21,-1,-1,-1,-1
90,1,935.77,836.22,85.99,202.73,-1,-1,-1,-1
91,1,947.93,836.69,79.89,196.98,-1,-1,-1,-1
92,1,955.99,844.03,80.93,196.87,-1,-1,-1,-1
93,1,968.92,843.20,83.04,199.66,-1,-1,-1,-1
94,1,977.36,836.90,83.93,201.72,-1,-1,-1,-1
95,1,985.78,828.55,83.67,199.89,-1,-1,-1,-1
96,1,993.50,828.21,85.91,198.74,-1,-1,-1,-1
97,1,1005.02,820.60,79.78,201.31,-1,-1,-1,-1
98,1,1016.53,827.30,83.49,199.68,-1,-1,-1,-1
99,1,1026.64,820.95,81.75,199.95,-1,-1,-1,-1
100,1,1035.62,826.95,80.75,198.67,-1,-1,-1,-1
101,1,1041.53,819.43,85.97,198.43,-1,-1,-1,-1
102,1,1053.68,812.20,78.86,198.95,-1,-1,-1,-1
103,1,1059.42,809.98,83.58,200.32,-1,-1,-1,-1
104,1,1074.90,811.73,80.52,198.42,-1,-1,-1,-1
105,1,1084.55,800.40,77.97,204.36,-1,-1,-1,-1
106,1,1092.12,797.20,80.87,199.94,-1,-1,-1,-1
107,1,1100.48,802.94,79.45,199.07,-1,-1,-1,-1
108,1,1106.03,793.41,85.63,202.52,-1,-1,-1,-1
109,1,1119.80,778.49,75.48,202.26,-1,-1,-1,-1
110,1,1122.48,772.73,85.67,200.38,-1,-1,-1,-1
111,1,1137.07,776.52,83.63,203.96,-1,-1,-1,-1
112,1,1139.51,773.14,84.74,200.39,-1,-1,-1,-1
113,1,1153.95,756.47,81.96,200.64,-1,-1,-1,-1
114,1,1160.75,753.41,83.36,201.73,-1,-1,-1,-1
115,1,1170.86,761.15,80.14,202.89,-1,-1,-1,-1
116,1,1177.97,743.71,80.58,206.62,-1,-1,-1,-1
117,1,1186.05,743.86,81.36,205.52,-1,-1,-1,-1
118,1,1185.31,733.52,87.34,200.49,-1,-1,-1,-1
119,1,1196.07,729.28,82.84,202.09,-1,-1,-1,-1
120,1,1202.95,715.85,83.99,203.16,-1,-1,-1,-1
121,1,1216.32,706.33,84.60,205.77,-1,-1,-1,-1
122,1,1221.57,696.98,78.86,204.14,-1,-1,-1,-1
123,1,1227.69,704.94,80.20,202.58,-1,-1,-1,-1
124,1,1235.53,698.90,79.77,201.33,-1,-1,-1,-1
125,1,1241.59,680.61,82.83,203.85,-1,-1,-1,-1
126,1,1249.09,667.16,72.84,202.39,-1,-1,-1,-1
127,1,1254.50,669.02,77.09,210.80,-1,-1,-1,-1
128,1,1262.95,658.46,73.42,216.56,-1,-1,-1,-1
129,1,1270.93,641.25,70.27,220.74,-1,-1,-1,-1
130,1,1269.88,636.80,77.95,229.29,-1,-1,-1,-1
131,1,1278.26,625.57,74.49,206.85,-1,-1,-1,-1
132,1,1279.45,615.64,75.77,209.58,-1,-1,-1,-1
133,1,1285.68,615.56,76.22,209.72,-1,-1,-1,-1
134,1,1287.83,609.56,75.17,201.64,-1,-1,-1,-1
135,1,1296.49,596.84,69.86,198.22,-1,-1,-1,-1
136,1,1296.79,581.81,72.30,198.72,-1,-1,-1,-1
137,1,1298.05,580.17,82.59,199.35,-1,-1,-1,-1
138,1,1301.23,572.19,78.51,198.03,-1,-1,-1,-1
139,1,1305.57,551.57,81.65,208.70,-1,-1,-1,-1
140,1,1308.46,551.37,78.63,206.98,-1,-1,-1,-1
141,1,1312.11,541.27,73.78,197.37,-1,-1,-1,-1
142,1,1316.17,521.77,75.10,204.28,-1,-1,-1,-1
143,1,1314.05,518.80,81.39,207.72,-1,-1,-1,-1
144,1,1315.23,515.23,81.56,199.50,-1,-1,-1,-1
145,1,1316.55,491.99,81.45,203.29,-1,-1,-1,-1
146,1,1314.60,487.89,85.66,205.71,-1,-1,-1,-1
147,1,1322.95,482.78,77.73,200.79,-1,-1,-1,-1
150,1,1323.15,445.22,80.63,201.32,-1,-1,-1,-1
152,1,1324.57,426.63,77.95,203.47,-1,-1,-1,-1
153,1,1323.62,424.06,78.88,204.81,-1,-1,-1,-1
154,1,1320.29,408.61,84.52,204.41,-1,-1,-1,-1
155,1,1318.34,395.35,87.84,204.43,-1,-1,-1,-1
156,1,1312.57,378.94,89.33,205.28,-1,-1,-1,-1
157,1,1312.33,380.09,89.18,203.04,-1,-1,-1,-1
158,1,1313.35,376.38,85.34,203.84,-1,-1,-1,-1
159,1,1314.09,352.98,83.60,208.04,-1,-1,-1,-1
160,1,1312.18,344.24,85.74,206.30,-1,-1,-1,-1
161,1,1305.43,345.43,87.62,203.22,-1,-1,-1,-1
162,1,1303.24,337.05,88.39,204.58,-1,-1,-1,-1
163,1,1303.59,321.19,86.99,204.09,-1,-1,-1,-1
164,1,1295.26,306.95,90.65,204.38,-1,-1,-1,-1
165,1,1295.70,298.49,89.32,207.07,-1,-1,-1,-1
166,1,1297.43,297.34,84.01,203.71,-1,-1,-1,-1
167,1,1291.58,289.18,82.20,204.73,-1,-1,-1,-1
168,1,1280.70,272.51,88.95,203.77,-1,-1,-1,-1
169,1,1281.08,264.18,86.00,206.94,-1,-1,-1,-1
170,1,1272.65,254.91,89.10,206.97,-1,-1,-1,-1
171,1,1272.15,247.27,87.17,210.53,-1,-1,-1,-1
172,1,1266.62,229.38,84.98,214.05,-1,-1,-1,-1
173,1,1267.54,228.52,80.91,213.26,-1,-1,-1,-1
179,1,1256.64,225.63,71.76,203.97,-1,-1,-1,-1
180,1,1261.11,234.96,75.92,199.07,-1,-1,-1,-1
181,1,1262.12,242.53,77.45,199.53,-1,-1,-1,-1
182,1,1208.12,158.56,86.63,210.24,-1,-1,-1,-1
183,1,1202.67,144.23,82.69,210.63,-1,-1,-1,-1
184,1,1194.19,145.38,82.36,207.55,-1,-1,-1,-1
185,1,1187.71,129.51,79.40,208.34,-1,-1,-1,-1
186,1,1178.12,132.94,82.53,211.70,-1,-1,-1,-1
187,1,1171.37,120.31,81.90,205.44,-1,-1,-1,-1
188,1,1162.06,112.14,83.21,205.36,-1,-1,-1,-1
189,1,1153.73,113.45,85.09,208.41,-1,-1,-1,-1
190,1,1146.61,99.11,81.73,205.62,-1,-1,-1,-1
191,1,1138.03,97.46,82.82,207.94,-1,-1,-1,-1
192,1,1130.49,88.81,81.27,207.21,-1,-1,-1,-1
193,1,1121.45,82.11,84.05,206.66,-1,-1,-1,-1
194,1,1111.82,86.57,86.16,210.19,-1,-1,-1,-1
195,1,1100.24,72.11,82.71,207.65,-1,-1,-1,-1
196,1,1092.62,79.95,81.64,205.32,-1,-1,-1,-1
197,1,1081.31,64.64,85.29,207.55,-1,-1,-1,-1
198,1,1072.57,68.40,86.42,213.37,-1,-1,-1,-1
199,1,1066.75,63.71,81.12,210.78,-1,-1,-1,-1
200,1,1056.92,52.27,84.12,212.58,-1,-1,-1,-1
201,1,1047.87,58.04,86.00,206.18,-1,-1,-1,-1
202,1,1039.07,56.12,87.52,208.98,-1,-1,-1,-1
203,1,1029.82,57.33,77.32,208.02,-1,-1,-1,-1
204,1,1017.39,55.05,84.07,207.00,-1,-1,-1,-1
205,1,1011.21,46.72,80.44,207.81,-1,-1,-1,-1
206,1,1001.21,39.94,82.46,203.95,-1,-1,-1,-1
207,1,989.28,49.02,78.78,204.63,-1,-1,-1,-1
208,1,979.14,40.80,81.57,204.40,-1,-1,-1,-1
209,1,971.55,39.19,79.84,205.14,-1,-1,-1,-1
210,1,962.72,33.42,80.14,206.33,-1,-1,-1,-1
211,1,948.22,42.25,81.88,203.91,-1,-1,-1,-1
212,1,941.84,34.07,75.30,202.90,-1,-1,-1,-1
213,1,931.95,39.78,78.43,204.86,-1,-1,-1,-1
214,1,921.17,41.84,82.19,206.08,-1,-1,-1,-1
215,1,908.12,41.39,80.70,204.53,-1,-1,-1,-1
216,1,898.57,41.05,83.09,206.03,-1,-1,-1,-1
217,1,888.80,43.22,84.44,205.82,-1,-1,-1,-1
218,1,883.17,42.03,78.30,206.14,-1,-1,-1,-1
219,1,867.70,49.25,82.80,204.53,-1,-1,-1,-1
220,1,858.65,40.86,81.93,207.45,-1,-1,-1,-1
221,1,849.78,43.23,84.61,205.06,-1,-1,-1,-1
222,1,840.17,50.52,84.76,205.41,-1,-1,-1,-1
223,1,827.42,56.02,82.51,203.01,-1,-1,-1,-1
224,1,819.61,49.17,82.23,206.86,-1,-1,-1,-1
225,1,811.06,50.86,80.02,205.81,-1,-1,-1,-1
226,1,802.23,48.73,82.39,204.92,-1,-1,-1,-1
227,1,787.05,58.50,84.66,205.47,-1,-1,-1,-1
228,1,779.77,64.96,82.08,209.95,-1,-1,-1,-1
229,1,771.42,66.55,82.97,199.98,-1,-1,-1,-1
230,1,761.73,71.77,83.95,206.32,-1,-1,-1,-1
231,1,755.17,66.41,81.83,206.25,-1,-1,-1,-1
232,1,744.31,79.51,84.77,204.23,-1,-1,-1,-1
233,1,736.67,73.39,83.75,207.01,-1,-1,-1,-1
234,1,728.06,89.72,84.72,206.53,-1,-1,-1,-1
235,1,721.63,87.04,81.50,205.86,-1,-1,-1,-1
236,1,710.02,95.38,88.91,208.42,-1,-1,-1,-1
237,1,697.03,105.67,88.20,208.25,-1,-1,-1,-1
238,1,689.60,111.18,87.65,208.82,-1,-1,-1,-1
239,1,682.06,113.51,85.33,207.87,-1,-1,-1,-1
240,1,674.19,113.51,86.61,207.55,-1,-1,-1,-1
241,1,664.90,120.07,88.60,208.65,-1,-1,-1,-1
242,1,662.49,126.45,88.73,210.51,-1,-1,-1,-1
243,1,653.37,140.20,91.92,217.20,-1,-1,-1,-1
244,1,649.32,147.78,83.54,217.40,-1,-1,-1,-1
245,1,641.22,147.76,84.99,215.46,-1,-1,-1,-1
246,1,632.14,162.85,86.67,218.88,-1,-1,-1,-1
247,1,621.68,163.39,92.78,249.32,-1,-1,-1,-1
248,1,615.91,171.69,88.72,231.59,-1,-1,-1,-1
249,1,604.43,185.37,96.07,236.38,-1,-1,-1,-1
250,1,604.00,182.10,95.17,229.56,-1,-1,-1,-1
2,2,1313.62,445.02,99.06,211.89,-1,-1,-1,-1
3,2,1315.61,447.87,95.38,208.79,-1,-1,-1,-1
4,2,1315.02,461.34,96.89,212.35,-1,-1,-1,-1
5,2,1317.00,470.60,92.26,210.98,-1,-1,-1,-1
6,2,1316.16,478.54,93.61,211.29,-1,-1,-1,-1
7,2,1307.34,485.95,98.98,213.10,-1,-1,-1,-1
8,2,1306.52,501.02,100.00,213.88,-1,-1,-1,-1
9,2,1310.50,510.24,92.05,213.39,-1,-1,-1,-1
10,2,1307.90,510.82,95.71,212.85,-1,-1,-1,-1
11,2,1300.67,525.70,97.16,212.93,-1,-1,-1,-1
12,2,1299.61,533.86,97.10,211.61,-1,-1,-1,-1
13,2,1300.95,545.94,92.42,218.08,-1,-1,-1,-1
14,2,1300.42,555.92,92.78,217.33,-1,-1,-1,-1
15,2,1293.88,565.38,93.60,214.72,-1,-1,-1,-1
16,2,1295.62,573.77,86.58,210.69,-1,-1,-1,-1
17,2,1287.28,585.72,89.67,218.45,-1,-1,-1,-1
18,2,1290.09,598.60,83.58,208.91,-1,-1,-1,-1
19,2,1280.42,607.39,89.43,209.83,-1,-1,-1,-1
20,2,1282.33,607.11,82.11,210.09,-1,-1,-1,-1
21,2,1274.21,610.53,85.23,219.84,-1,-1,-1,-1
30,2,1252.65,630.16,79.55,212.86,-1,-1,-1,-1
32,2,1266.50,614.72,82.79,207.40,-1,-1,-1,-1
33,2,1267.99,608.65,81.74,204.08,-1,-1,-1,-1
34,2,1275.05,602.53,80.30,206.03,-1,-1,-1,-1
35,2,1282.66,593.14,80.76,203.96,-1,-1,-1,-1
36,2,1282.23,577.91,83.07,204.56,-1,-1,-1,-1
37,2,1280.14,576.20,88.27,203.70,-1,-1,-1,-1
38,2,1291.10,562.23,79.80,206.29,-1,-1,-1,-1
39,2,1290.69,552.44,83.29,205.08,-1,-1,-1,-1
40,2,1296.80,543.32,83.92,204.81,-1,-1,-1,-1
41,2,1300.24,529.24,78.98,204.78,-1,-1,-1,-1
42,2,1298.63,527.52,83.29,204.20,-1,-1,-1,-1
43,2,1301.03,514.12,79.69,206.77,-1,-1,-1,-1
44,2,1300.49,498.32,81.10,206.08,-1,-1,-1,-1
45,2,1306.94,497.52,80.16,204.41,-1,-1,-1,-1
46,2,1306.06,490.43,82.27,204.30,-1,-1,-1,-1
47,2,1307.21,473.95,80.30,203.76,-1,-1,-1,-1
48,2,1306.02,464.66,83.78,204.51,-1,-1,-1,-1
49,2,1310.62,451.26,75.79,204.09,-1,-1,-1,-1
50,2,1310.85,448.47,75.01,203.16,-1,-1,-1,-1
51,2,1311.31,442.14,75.06,202.87,-1,-1,-1,-1
52,2,1311.09,432.50,75.17,205.13,-1,-1,-1,-1
53,2,1306.91,425.81,82.50,202.42,-1,-1,-1,-1
54,2,1310.79,401.01,74.51,208.70,-1,-1,-1,-1
55,2,1306.85,392.77,81.66,204.20,-1,-1,-1,-1
56,2,1306.59,392.43,81.52,203.38,-1,-1,-1,-1
57,2,1303.67,368.99,86.85,205.43,-1,-1,-1,-1
58,2,1298.96,368.62,83.79,210.26,-1,-1,-1,-1
59,2,1300.67,352.54,79.30,203.50,-1,-1,-1,-1
60,2,1297.64,351.78,84.58,204.75,-1,-1,-1,-1
61,2,1296.34,343.97,86.27,204.76,-1,-1,-1,-1
62,2,1290.98,329.79,83.68,203.64,-1,-1,-1,-1
63,2,1289.48,315.43,84.88,203.44,-1,-1,-1,-1
64,2,1290.19,314.87,81.89,203.50,-1,-1,-1,-1
65,2,1278.71,299.34,90.56,203.52,-1,-1,-1,-1
66,2,1279.81,291.02,87.12,205.90,-1,-1,-1,-1
67,2,1274.32,288.87,85.36,204.86,-1,-1,-1,-1
68,2,1273.18,267.00,84.40,205.24,-1,-1,-1,-1
69,2,1266.09,264.19,84.77,203.45,-1,-1,-1,-1
70,2,1264.27,253.59,86.80,209.55,-1,-1,-1,-1
78,2,1222.51,183.97,74.93,223.95,-1,-1,-1,-1
79,2,1210.86,175.11,81.27,225.58,-1,-1,-1,-1
80,2,1202.11,166.99,82.45,209.78,-1,-1,-1,-1
81,2,1194.62,168.91,82.69,207.17,-1,-1,-1,-1
82,2,1187.86,157.88,82.11,210.39,-1,-1,-1,-1
83,2,1183.19,150.16,89.13,210.84,-1,-1,-1,-1
84,2,1180.02,142.69,79.84,209.08,-1,-1,-1,-1
85,2,1167.80,136.09,87.22,208.00,-1,-1,-1,-1
86,2,1162.78,122.12,82.29,207.00,-1,-1,-1,-1
87,2,1153.41,114.20,85.39,206.95,-1,-1,-1,-1
88,2,1148.78,111.95,79.15,208.28,-1,-1,-1,-1
89,2,1139.70,105.38,80.60,206.34,-1,-1,-1,-1
90,2,1132.71,111.84,78.88,206.30,-1,-1,-1,-1
91,2,1122.87,98.11,81.29,205.85,-1,-1,-1,-1
92,2,1115.85,97.54,80.33,203.43,-1,-1,-1,-1
93,2,1106.34,89.93,82.42,206.39,-1,-1,-1,-1
94,2,1098.57,81.36,82.02,205.13,-1,-1,-1,-1
95,2,1089.60,79.92,83.38,206.64,-1,-1,-1,-1
96,2,1082.04,81.99,82.08,204.28,-1,-1,-1,-1
97,2,1071.80,72.83,86.90,204.77,-1,-1,-1,-1
98,2,1059.67,65.68,81.93,208.00,-1,-1,-1,-1
99,2,1050.61,57.38,82.83,205.60,-1,-1,-1,-1
100,2,1042.52,56.21,82.49,207.36,-1,-1,-1,-1
101,2,1034.09,50.55,82.53,206.53,-1,-1,-1,-1
102,2,1025.27,47.94,83.89,206.19,-1,-1,-1,-1
103,2,1011.89,55.27,81.83,206.03,-1,-1,-1,-1
104,2,1004.25,46.75,80.11,207.87,-1,-1,-1,-1
105,2,991.54,40.76,87.26,207.06,-1,-1,-1,-1
106,2,985.16,47.30,83.41,205.57,-1,-1,-1,-1
107,2,976.53,40.35,85.25,207.87,-1,-1,-1,-1
108,2,961.30,39.34,85.98,207.21,-1,-1,-1,-1
109,2,955.49,40.81,81.27,206.18,-1,-1,-1,-1
110,2,945.16,32.65,84.00,206.62,-1,-1,-1,-1
111,2,930.25,32.47,85.26,206.81,-1,-1,-1,-1
112,2,924.32,32.44,81.28,208.16,-1,-1,-1,-1
113,2,915.04,32.86,81.80,207.57,-1,-1,-1,-1
114,2,907.61,33.65,80.02,208.00,-1,-1,-1,-1
115,2,898.18,40.37,81.72,208.47,-1,-1,-1,-1
116,2,886.41,33.30,76.25,207.52,-1,-1,-1,-1
117,2,873.31,38.79,85.69,206.63,-1,-1,-1,-1
118,2,865.22,40.07,84.14,208.02,-1,-1,-1,-1
119,2,858.15,47.02,81.82,205.87,-1,-1,-1,-1
120,2,845.52,32.28,78.46,211.65,-1,-1,-1,-1
121,2,834.68,38.70,83.41,209.36,-1,-1,-1,-1
122,2,827.40,46.44,80.52,208.79,-1,-1,-1,-1
123,2,817.69,54.61,83.34,210.61,-1,-1,-1,-1
124,2,809.25,58.55,84.85,202.28,-1,-1,-1,-1
125,2,786.88,50.94,82.05,204.58,-1,-1,-1,-1
128,2,768.27,64.96,71.95,203.90,-1,-1,-1,-1
129,2,757.20,63.62,79.37,206.46,-1,-1,-1,-1
130,2,746.07,71.14,85.27,211.78,-1,-1,-1,-1
131,2,736.95,73.04,86.16,205.15,-1,-1,-1,-1
132,2,733.38,74.79,77.02,202.99,-1,-1,-1,-1
133,2,722.67,79.56,81.56,204.75,-1,-1,-1,-1
134,2,712.65,88.11,85.43,204.99,-1,-1,-1,-1
135,2,704.65,95.64,84.88,206.10,-1,-1,-1,-1
136,2,688.97,104.25,87.94,204.90,-1,-1,-1,-1
137,2,686.08,105.23,89.96,204.84,-1,-1,-1,-1
138,2,671.99,112.23,89.04,204.26,-1,-1,-1,-1
139,2,671.37,115.12,87.27,205.89,-1,-1,-1,-1
140,2,656.90,120.99,87.26,204.60,-1,-1,-1,-1
141,2,655.93,126.95,86.43,207.24,-1,-1,-1,-1
142,2,647.85,129.36,87.25,207.47,-1,-1,-1,-1
143,2,640.94,137.09,85.14,208.17,-1,-1,-1,-1
144,2,633.00,139.29,84.82,204.17,-1,-1,-1,-1
145,2,623.76,158.08,87.73,212.71,-1,-1,-1,-1
146,2,617.97,153.93,83.82,206.26,-1,-1,-1,-1
147,2,590.82,169.83,105.79,251.16,-1,-1,-1,-1
148,2,580.01,183.22,111.85,254.92,-1,-1,-1,-1
149,2,586.96,191.18,98.09,222.39,-1,-1,-1,-1
150,2,587.77,194.79,95.31,214.49,-1,-1,-1,-1
151,2,581.64,198.09,92.33,211.28,-1,-1,-1,-1
152,2,571.73,213.29,96.27,211.04,-1,-1,-1,-1
153,2,566.93,214.06,90.57,214.84,-1,-1,-1,-1
154,2,557.45,223.21,93.70,211.78,-1,-1,-1,-1
155,2,554.59,223.17,97.53,210.47,-1,-1,-1,-1
156,2,549.09,237.14,94.82,215.34,-1,-1,-1,-1
157,2,548.99,255.25,92.91,209.81,-1,-1,-1,-1
158,2,542.02,262.82,91.55,207.44,-1,-1,-1,-1
159,2,531.17,263.62,98.20,206.77,-1,-1,-1,-1
160,2,536.36,279.89,86.97,207.82,-1,-1,-1,-1
161,2,535.46,289.42,88.55,204.94,-1,-1,-1,-1
162,2,529.99,304.50,85.32,203.94,-1,-1,-1,-1
163,2,528.82,312.32,85.93,207.13,-1,-1,-1,-1
164,2,527.55,318.65,88.00,208.69,-1,-1,-1,-1
165,2,524.00,327.69,81.85,210.16,-1,-1,-1,-1
166,2,523.45,330.29,81.00,205.48,-1,-1,-1,-1
167,2,522.74,344.57,81.29,207.96,-1,-1,-1,-1
168,2,521.28,352.56,83.18,210.04,-1,-1,-1,-1
169,2,515.77,360.19,81.25,210.27,-1,-1,-1,-1
170,2,513.98,368.16,84.48,204.93,-1,-1,-1,-1
171,2,516.17,384.05,79.23,206.87,-1,-1,-1,-1
172,2,514.13,399.27,83.18,206.53,-1,-1,-1,-1
173,2,513.49,408.05,83.12,209.07,-1,-1,-1,-1
174,2,515.70,416.99,78.64,205.63,-1,-1,-1,-1
175,2,514.98,431.90,80.51,208.23,-1,-1,-1,-1
176,2,516.09,432.59,77.97,208.12,-1,-1,-1,-1
177,2,514.92,446.61,80.26,206.63,-1,-1,-1,-1
178,2,516.64,447.90,76.84,206.82,-1,-1,-1,-1
179,2,513.50,471.36,83.14,205.05,-1,-1,-1,-1
180,2,513.73,472.65,83.21,205.29,-1,-1,-1,-1
181,2,514.64,488.67,82.34,205.75,-1,-1,-1,-1
182,2,513.52,496.96,85.13,208.02,-1,-1,-1,-1
183,2,513.98,505.37,84.69,207.21,-1,-1,-1,-1
184,2,522.50,512.88,80.66,202.84,-1,-1,-1,-1
185,2,523.41,526.74,79.50,206.07,-1,-1,-1,-1
186,2,524.57,542.55,78.90,206.28,-1,-1,-1,-1
187,2,526.31,538.17,77.28,205.50,-1,-1,-1,-1
188,2,528.82,551.77,85.19,205.98,-1,-1,-1,-1
189,2,530.46,566.71,83.49,207.98,-1,-1,-1,-1
190,2,538.37,576.97,80.60,207.53,-1,-1,-1,-1
191,2,539.09,582.91,81.72,205.38,-1,-1,-1,-1
192,2,547.91,593.00,77.40,207.65,-1,-1,-1,-1
193,2,547.44,593.49,80.66,206.65,-1,-1,-1,-1
194,2,554.03,615.94,81.27,204.03,-1,-1,-1,-1
195,2,558.97,610.99,72.96,204.39,-1,-1,-1,-1
196,2,561.02,624.38,71.02,203.86,-1,-1,-1,-1
197,2,564.56,641.43,65.03,201.90,-1,-1,-1,-1
207,2,630.44,724.65,75.33,201.68,-1,-1,-1,-1
208,2,636.71,730.97,77.00,200.67,-1,-1,-1,-1
209,2,639.00,731.42,76.05,199.95,-1,-1,-1,-1
210,2,652.36,739.80,77.02,201.07,-1,-1,-1,-1
211,2,659.75,747.39,78.69,204.35,-1,-1,-1,-1
212,2,662.30,754.04,77.33,200.53,-1,-1,-1,-1
213,2,670.46,762.03,76.97,201.84,-1,-1,-1,-1
214,2,680.02,762.84,74.19,203.77,-1,-1,-1,-1
215,2,691.61,769.00,78.93,202.40,-1,-1,-1,-1
216,2,699.38,778.10,78.55,201.34,-1,-1,-1,-1
217,2,705.38,778.16,84.31,201.06,-1,-1,-1,-1
218,2,714.27,778.85,81.38,205.54,-1,-1,-1,-1
219,2,722.27,794.16,82.56,202.52,-1,-1,-1,-1
220,2,731.65,801.54,80.24,200.74,-1,-1,-1,-1
221,2,737.10,794.35,85.80,204.55,-1,-1,-1,-1
222,2,747.24,808.90,81.56,203.45,-1,-1,-1,-1
223,2,754.91,801.21,83.70,205.60,-1,-1,-1,-1
224,2,770.23,810.42,81.20,202.52,-1,-1,-1,-1
225,2,778.61,810.14,81.10,201.18,-1,-1,-1,-1
226,2,788.50,810.50,78.59,201.71,-1,-1,-1,-1
227,2,798.15,818.50,74.91,200.51,-1,-1,-1,-1
228,2,806.97,819.07,75.58,201.19,-1,-1,-1,-1
229,2,819.61,818.11,79.01,205.27,-1,-1,-1,-1
230,2,828.60,819.13,77.40,203.67,-1,-1,-1,-1
231,2,835.49,834.22,82.09,204.80,-1,-1,-1,-1
232,2,843.55,834.80,82.01,204.65,-1,-1,-1,-1
233,2,856.63,826.91,83.92,205.07,-1,-1,-1,-1
234,2,867.64,833.67,79.49,204.81,-1,-1,-1,-1
235,2,874.34,826.20,83.08,206.98,-1,-1,-1,-1
236,2,881.71,840.97,84.99,202.38,-1,-1,-1,-1
237,2,899.34,833.56,78.96,205.76,-1,-1,-1,-1
238,2,906.64,841.70,81.11,203.17,-1,-1,-1,-1
239,2,916.11,842.80,79.61,202.67,-1,-1,-1,-1
240,2,924.56,834.81,80.67,203.18,-1,-1,-1,-1
241,2,937.92,834.15,81.92,204.98,-1,-1,-1,-1
242,2,947.68,825.94,80.07,206.81,-1,-1,-1,-1
243,2,956.22,832.85,79.76,203.23,-1,-1,-1,-1
244,2,965.37,833.31,78.67,203.15,-1,-1,-1,-1
245,2,979.71,831.85,78.98,205.69,-1,-1,-1,-1
246,2,985.20,825.81,83.38,204.10,-1,-1,-1,-1
247,2,992.08,824.61,87.70,207.33,-1,-1,-1,-1
248,2,1004.34,817.53,80.13,204.96,-1,-1,-1,-1
249,2,1016.37,827.20,69.95,201.04,-1,-1,-1,-1
3,3,1026.21,813.67,66.10,197.98,-1,-1,-1,-1
4,3,1020.70,820.39,60.07,197.96,-1,-1,-1,-1
5,3,1010.24,820.59,65.12,195.57,-1,-1,-1,-1
6,3,995.78,830.28,64.16,196.95,-1,-1,-1,-1
7,3,989.62,829.24,60.08,197.44,-1,-1,-1,-1
8,3,981.04,836.33,60.27,198.58,-1,-1,-1,-1
9,3,963.24,836.27,67.31,200.48,-1,-1,-1,-1
10,3,957.64,842.10,62.28,200.44,-1,-1,-1,-1
11,3,949.41,828.92,60.37,197.58,-1,-1,-1,-1
12,3,940.38,835.73,61.44,197.71,-1,-1,-1,-1
13,3,926.27,836.51,61.18,196.57,-1,-1,-1,-1
14,3,918.25,843.79,60.50,196.61,-1,-1,-1,-1
15,3,908.66,836.39,63.04,201.31,-1,-1,-1,-1
16,3,899.22,835.70,63.90,198.64,-1,-1,-1,-1
17,3,886.00,843.05,61.92,198.65,-1,-1,-1,-1
18,3,879.34,836.38,59.06,200.45,-1,-1,-1,-1
19,3,869.39,836.31,60.69,199.09,-1,-1,-1,-1
20,3,863.23,835.44,55.97,198.14,-1,-1,-1,-1
21,3,848.70,819.87,56.87,200.96,-1,-1,-1,-1
22,3,838.78,827.04,59.81,198.55,-1,-1,-1,-1
32,3,741.85,788.29,61.80,197.45,-1,-1,-1,-1
33,3,733.61,787.51,62.68,203.44,-1,-1,-1,-1
34,3,724.58,781.02,63.92,200.27,-1,-1,-1,-1
35,3,717.69,779.98,61.30,198.46,-1,-1,-1,-1
36,3,708.32,771.94,63.44,197.79,-1,-1,-1,-1
37,3,703.24,765.47,56.71,196.67,-1,-1,-1,-1
38,3,693.61,771.82,60.00,196.69,-1,-1,-1,-1
39,3,686.83,762.82,58.02,199.61,-1,-1,-1,-1
41,3,671.57,748.27,57.59,196.56,-1,-1,-1,-1
42,3,660.55,732.91,63.82,199.78,-1,-1,-1,-1
43,3,654.17,732.08,59.56,198.20,-1,-1,-1,-1
44,3,644.17,726.56,64.42,197.22,-1,-1,-1,-1
45,3,636.21,723.11,63.89,198.96,-1,-1,-1,-1
46,3,625.90,705.18,68.57,202.92,-1,-1,-1,-1
47,3,623.59,706.26,57.35,202.61,-1,-1,-1,-1
49,3,603.35,669.38,65.58,213.14,-1,-1,-1,-1
50,3,608.68,684.34,52.75,199.03,-1,-1,-1,-1
53,3,593.25,658.28,52.81,203.09,-1,-1,-1,-1
54,3,584.60,641.85,58.44,203.01,-1,-1,-1,-1
55,3,580.84,642.30,60.17,202.53,-1,-1,-1,-1
56,3,575.07,634.47,57.60,201.25,-1,-1,-1,-1
57,3,572.99,620.89,59.04,198.78,-1,-1,-1,-1
58,3,566.04,604.17,58.56,198.75,-1,-1,-1,-1
59,3,560.96,603.57,55.38,198.72,-1,-1,-1,-1
60,3,557.75,585.20,58.95,204.14,-1,-1,-1,-1
61,3,548.56,588.63,65.41,198.66,-1,-1,-1,-1
62,3,549.26,578.36,60.79,199.69,-1,-1,-1,-1
64,3,544.62,553.72,56.49,201.75,-1,-1,-1,-1
65,3,542.35,538.74,58.38,200.35,-1,-1,-1,-1
66,3,538.52,541.83,64.94,197.59,-1,-1,-1,-1
67,3,535.25,524.34,59.85,201.56,-1,-1,-1,-1
70,3,528.22,499.69,58.57,199.11,-1,-1,-1,-1
71,3,526.68,481.68,61.10,201.80,-1,-1,-1,-1
72,3,526.19,483.15,61.06,198.21,-1,-1,-1,-1
73,3,526.27,466.94,60.39,201.67,-1,-1,-1,-1
74,3,524.88,458.47,62.31,200.81,-1,-1,-1,-1
75,3,523.93,450.67,63.44,200.64,-1,-1,-1,-1
76,3,525.10,441.90,60.18,200.95,-1,-1,-1,-1
77,3,525.07,435.46,61.52,198.83,-1,-1,-1,-1
79,3,524.49,411.82,61.83,197.67,-1,-1,-1,-1
80,3,523.45,395.85,64.55,199.26,-1,-1,-1,-1
85,3,530.72,356.53,66.31,196.89,-1,-1,-1,-1
86,3,529.34,339.83,70.13,198.22,-1,-1,-1,-1
87,3,536.54,332.75,70.18,197.46,-1,-1,-1,-1
88,3,534.59,323.32,74.64,199.27,-1,-1,-1,-1
90,3,539.39,298.70,80.87,203.78,-1,-1,-1,-1
94,3,551.14,259.71,88.83,200.95,-1,-1,-1,-1
95,3,550.74,251.09,89.71,204.13,-1,-1,-1,-1
96,3,556.20,242.87,94.47,203.98,-1,-1,-1,-1
97,3,556.73,233.88,94.81,204.27,-1,-1,-1,-1
98,3,568.73,228.20,86.24,199.77,-1,-1,-1,-1
99,3,576.79,220.28,85.50,198.53,-1,-1,-1,-1
100,3,574.22,203.26,92.03,201.95,-1,-1,-1,-1
101,3,585.87,204.04,83.82,200.21,-1,-1,-1,-1
102,3,593.52,187.94,84.82,199.95,-1,-1,-1,-1
103,3,599.35,187.51,87.68,199.26,-1,-1,-1,-1
104,3,609.19,171.79,83.83,200.72,-1,-1,-1,-1
105,3,617.33,163.65,84.04,203.23,-1,-1,-1,-1
106,3,619.83,163.43,81.42,203.38,-1,-1,-1,-1
107,3,628.11,155.67,80.13,203.69,-1,-1,-1,-1
108,3,631.34,146.66,88.77,205.26,-1,-1,-1,-1
109,3,641.17,138.86,85.36,205.08,-1,-1,-1,-1
110,3,649.73,140.09,83.65,202.91,-1,-1,-1,-1
111,3,660.46,123.93,78.35,199.12,-1,-1,-1,-1
112,3,666.60,123.74,81.55,202.26,-1,-1,-1,-1
113,3,675.23,115.71,81.46,202.14,-1,-1,-1,-1
114,3,683.05,108.27,80.26,198.60,-1,-1,-1,-1
115,3,691.57,99.16,81.22,204.29,-1,-1,-1,-1
116,3,698.99,93.14,80.80,199.69,-1,-1,-1,-1
117,3,709.32,83.13,77.38,203.74,-1,-1,-1,-1
118,3,716.30,85.36,79.41,199.98,-1,-1,-1,-1
119,3,726.61,91.53,74.17,197.23,-1,-1,-1,-1
120,3,736.80,76.39,71.67,198.81,-1,-1,-1,-1
121,3,746.00,67.68,69.11,199.95,-1,-1,-1,-1
122,3,758.54,75.19,73.41,202.13,-1,-1,-1,-1
123,3,767.52,67.97,71.93,202.32,-1,-1,-1,-1
124,3,774.58,66.79,73.93,199.84,-1,-1,-1,-1
126,3,790.00,48.13,75.93,206.39,-1,-1,-1,-1
127,3,796.26,54.81,78.97,209.04,-1,-1,-1,-1
128,3,818.57,51.07,65.60,200.31,-1,-1,-1,-1
129,3,824.47,42.58,70.42,199.62,-1,-1,-1,-1
130,3,833.79,45.38,69.67,199.62,-1,-1,-1,-1
131,3,843.29,51.66,66.81,198.40,-1,-1,-1,-1
132,3,856.20,51.75,69.79,196.62,-1,-1,-1,-1
133,3,863.77,43.98,71.05,199.32,-1,-1,-1,-1
134,3,871.96,42.30,70.96,201.65,-1,-1,-1,-1
135,3,883.32,34.80,65.83,199.53,-1,-1,-1,-1
136,3,891.42,36.98,66.76,200.73,-1,-1,-1,-1
137,3,902.67,43.02,72.74,202.35,-1,-1,-1,-1
138,3,914.28,34.78,66.61,199.62,-1,-1,-1,-1
139,3,921.74,43.34,68.16,198.37,-1,-1,-1,-1
140,3,930.46,35.57,68.43,200.70,-1,-1,-1,-1
141,3,945.50,44.23,67.47,197.32,-1,-1,-1,-1
142,3,951.71,42.27,71.39,203.48,-1,-1,-1,-1
143,3,963.78,35.23,65.21,202.57,-1,-1,-1,-1
144,3,967.76,49.06,73.75,201.95,-1,-1,-1,-1
145,3,977.08,49.44,70.74,202.25,-1,-1,-1,-1
146,3,989.72,50.89,75.10,199.92,-1,-1,-1,-1
147,3,999.09,49.47,72.34,201.83,-1,-1,-1,-1
148,3,1011.06,50.34,66.64,202.18,-1,-1,-1,-1
149,3,1016.67,50.20,71.59,202.26,-1,-1,-1,-1
150,3,1031.02,56.84,72.70,203.88,-1,-1,-1,-1
151,3,1040.41,59.10,70.77,198.98,-1,-1,-1,-1
152,3,1048.78,50.59,70.81,203.89,-1,-1,-1,-1
153,3,1059.15,59.49,67.22,201.85,-1,-1,-1,-1
154,3,1063.58,65.45,72.88,201.87,-1,-1,-1,-1
155,3,1076.93,66.17,77.00,201.09,-1,-1,-1,-1
156,3,1087.29,68.06,72.27,200.67,-1,-1,-1,-1
157,3,1094.88,66.31,74.25,206.26,-1,-1,-1,-1
158,3,1103.80,82.38,72.29,200.40,-1,-1,-1,-1
159,3,1113.24,91.49,69.79,200.86,-1,-1,-1,-1
160,3,1121.83,92.51,70.05,200.99,-1,-1,-1,-1
161,3,1129.32,91.80,70.56,201.94,-1,-1,-1,-1
162,3,1141.18,98.31,76.11,203.19,-1,-1,-1,-1
163,3,1142.16,106.83,75.95,199.73,-1,-1,-1,-1
164,3,1158.59,108.25,73.72,200.25,-1,-1,-1,-1
165,3,1158.96,115.00,75.71,202.38,-1,-1,-1,-1
166,3,1169.95,131.66,68.60,198.74,-1,-1,-1,-1
167,3,1175.85,140.89,72.31,197.06,-1,-1,-1,-1
168,3,1183.91,133.51,73.91,199.53,-1,-1,-1,-1
169,3,1192.21,154.94,71.36,200.64,-1,-1,-1,-1
170,3,1200.48,159.12,71.88,195.92,-1,-1,-1,-1
171,3,1205.06,165.33,77.41,200.08,-1,-1,-1,-1
172,3,1212.06,174.45,79.67,196.38,-1,-1,-1,-1
173,3,1220.41,180.50,77.42,198.55,-1,-1,-1,-1
175,3,1230.38,200.09,76.45,204.59,-1,-1,-1,-1
177,3,1244.77,196.38,78.07,212.10,-1,-1,-1,-1
178,3,1246.13,195.18,75.38,216.99,-1,-1,-1,-1
179,3,1230.70,181.38,89.58,242.99,-1,-1,-1,-1
180,3,1224.25,167.56,87.21,255.43,-1,-1,-1,-1
181,3,1216.10,167.11,88.06,256.83,-1,-1,-1,-1
182,3,1271.22,253.57,74.06,197.87,-1,-1,-1,-1
183,3,1277.29,268.12,77.79,197.62,-1,-1,-1,-1
184,3,1276.38,278.74,80.25,196.70,-1,-1,-1,-1
185,3,1277.91,283.75,77.35,198.52,-1,-1,-1,-1
186,3,1287.28,301.48,73.77,195.03,-1,-1,-1,-1
187,3,1291.09,300.48,80.34,201.31,-1,-1,-1,-1
188,3,1292.93,317.78,78.08,193.97,-1,-1,-1,-1
189,3,1294.11,324.52,76.75,197.63,-1,-1,-1,-1
190,3,1303.08,331.63,72.92,199.40,-1,-1,-1,-1
191,3,1304.14,348.05,72.32,197.17,-1,-1,-1,-1
192,3,1304.65,357.23,71.27,194.95,-1,-1,-1,-1
194,3,1311.08,363.78,73.33,201.06,-1,-1,-1,-1
195,3,1311.67,373.15,73.05,196.30,-1,-1,-1,-1
196,3,1314.31,388.78,67.58,198.49,-1,-1,-1,-1
197,3,1316.43,404.18,63.60,197.37,-1,-1,-1,-1
206,3,1316.93,484.36,64.77,201.23,-1,-1,-1,-1
207,3,1317.17,491.69,62.61,196.85,-1,-1,-1,-1
208,3,1315.47,507.82,64.67,199.20,-1,-1,-1,-1
209,3,1315.77,518.01,62.72,196.53,-1,-1,-1,-1
210,3,1312.39,524.30,58.37,199.78,-1,-1,-1,-1
211,3,1312.81,532.49,57.84,201.02,-1,-1,-1,-1
212,3,1310.88,547.39,58.35,202.07,-1,-1,-1,-1
213,3,1302.02,553.72,63.09,200.90,-1,-1,-1,-1
214,3,1302.29,555.79,61.71,202.69,-1,-1,-1,-1
215,3,1302.77,563.25,58.27,200.76,-1,-1,-1,-1
216,3,1295.27,578.69,59.67,200.00,-1,-1,-1,-1
217,3,1292.05,586.36,62.45,200.11,-1,-1,-1,-1
218,3,1285.58,602.56,63.69,201.43,-1,-1,-1,-1
219,3,1286.04,602.92,60.52,204.86,-1,-1,-1,-1
220,3,1277.82,618.47,62.77,205.30,-1,-1,-1,-1
221,3,1276.18,627.21,62.25,201.70,-1,-1,-1,-1
222,3,1269.18,633.39,62.37,205.94,-1,-1,-1,-1
223,3,1264.94,642.80,57.05,200.17,-1,-1,-1,-1
224,3,1262.53,656.59,57.27,203.28,-1,-1,-1,-1
226,3,1249.73,660.27,54.79,201.59,-1,-1,-1,-1
227,3,1240.31,682.61,58.73,202.89,-1,-1,-1,-1
229,3,1232.07,692.95,55.03,195.79,-1,-1,-1,-1
4,4,603.97,181.08,94.22,243.28,-1,-1,-1,-1
5,4,605.62,166.09,95.32,243.77,-1,-1,-1,-1
6,4,611.92,154.95,96.85,281.51,-1,-1,-1,-1
7,4,620.84,162.47,95.12,266.11,-1,-1,-1,-1
8,4,630.93,146.06,89.48,204.00,-1,-1,-1,-1
9,4,637.17,144.78,91.79,206.12,-1,-1,-1,-1
10,4,643.82,145.97,92.90,204.09,-1,-1,-1,-1
11,4,654.41,131.42,89.45,202.78,-1,-1,-1,-1
12,4,654.02,128.73,94.33,205.94,-1,-1,-1,-1
13,4,667.26,123.16,93.71,203.77,-1,-1,-1,-1
14,4,669.71,113.34,95.55,205.12,-1,-1,-1,-1
15,4,684.08,115.12,92.56,202.19,-1,-1,-1,-1
16,4,693.33,105.61,90.88,205.74,-1,-1,-1,-1
17,4,700.01,100.49,93.55,213.93,-1,-1,-1,-1
18,4,709.34,97.25,91.65,207.19,-1,-1,-1,-1
19,4,718.37,84.51,91.03,199.27,-1,-1,-1,-1
20,4,722.99,87.88,97.29,209.13,-1,-1,-1,-1
21,4,735.03,83.38,91.37,200.13,-1,-1,-1,-1
22,4,741.93,82.43,94.58,203.41,-1,-1,-1,-1
23,4,751.47,79.13,92.26,207.15,-1,-1,-1,-1
25,4,773.90,65.69,90.59,205.14,-1,-1,-1,-1
26,4,784.59,53.70,87.18,199.54,-1,-1,-1,-1
27,4,790.07,61.50,92.75,211.46,-1,-1,-1,-1
28,4,798.13,56.08,94.02,206.03,-1,-1,-1,-1
29,4,814.45,51.03,89.18,201.50,-1,-1,-1,-1
30,4,822.73,52.61,89.51,200.32,-1,-1,-1,-1
31,4,832.55,51.04,88.39,200.93,-1,-1,-1,-1
32,4,840.33,50.77,90.32,202.70,-1,-1,-1,-1
33,4,853.57,42.56,89.42,202.14,-1,-1,-1,-1
34,4,863.08,44.26,87.96,200.94,-1,-1,-1,-1
35,4,873.61,44.60,85.73,199.83,-1,-1,-1,-1
36,4,879.75,35.31,91.18,203.46,-1,-1,-1,-1
37,4,893.27,37.66,89.43,199.61,-1,-1,-1,-1
38,4,903.26,44.30,88.07,200.41,-1,-1,-1,-1
39,4,913.61,37.07,85.17,200.66,-1,-1,-1,-1
40,4,917.30,41.53,95.54,202.41,-1,-1,-1,-1
41,4,934.02,36.68,88.40,198.35,-1,-1,-1,-1
42,4,942.92,43.83,88.27,200.68,-1,-1,-1,-1
43,4,954.19,37.03,84.29,200.46,-1,-1,-1,-1
44,4,960.59,43.09,89.05,202.21,-1,-1,-1,-1
45,4,973.75,50.89,88.73,202.52,-1,-1,-1,-1
46,4,984.34,51.98,84.17,200.51,-1,-1,-1,-1
47,4,991.98,51.23,87.66,201.02,-1,-1,-1,-1
48,4,996.35,54.81,96.76,207.90,-1,-1,-1,-1
49,4,1009.80,53.24,87.25,199.35,-1,-1,-1,-1
50,4,1020.91,58.68,90.80,202.82,-1,-1,-1,-1
51,4,1030.78,55.75,89.10,205.56,-1,-1,-1,-1
52,4,1037.93,65.89,92.72,204.67,-1,-1,-1,-1
53,4,1048.32,65.25,88.71,205.25,-1,-1,-1,-1
54,4,1053.39,65.13,95.60,206.19,-1,-1,-1,-1
55,4,1068.23,68.62,91.92,212.45,-1,-1,-1,-1
56,4,1077.73,77.59,89.68,209.40,-1,-1,-1,-1
57,4,1084.13,81.82,93.34,218.71,-1,-1,-1,-1
58,4,1091.78,86.45,94.87,208.34,-1,-1,-1,-1
59,4,1102.58,94.97,89.75,209.02,-1,-1,-1,-1
60,4,1107.93,102.27,95.77,210.78,-1,-1,-1,-1
61,4,1115.28,107.78,96.46,214.94,-1,-1,-1,-1
62,4,1125.39,110.75,92.71,210.69,-1,-1,-1,-1
63,4,1132.46,118.36,95.37,210.98,-1,-1,-1,-1
64,4,1142.58,119.22,92.66,207.28,-1,-1,-1,-1
65,4,1148.95,121.59,94.68,219.52,-1,-1,-1,-1
66,4,1156.19,128.53,96.37,222.06,-1,-1,-1,-1
67,4,1163.12,142.48,97.55,225.22,-1,-1,-1,-1
68,4,1175.41,144.62,91.11,205.57,-1,-1,-1,-1
69,4,1178.89,152.88,98.46,268.99,-1,-1,-1,-1
70,4,1188.20,154.50,95.65,266.53,-1,-1,-1,-1
71,4,1193.06,163.06,101.46,278.67,-1,-1,-1,-1
72,4,1201.89,169.69,100.30,267.86,-1,-1,-1,-1
73,4,1204.37,181.32,111.25,257.60,-1,-1,-1,-1
74,4,1213.09,190.53,106.62,239.81,-1,-1,-1,-1
75,4,1219.12,187.43,99.40,233.11,-1,-1,-1,-1
76,4,1226.93,199.37,96.07,223.82,-1,-1,-1,-1
77,4,1237.13,213.48,90.39,210.37,-1,-1,-1,-1
78,4,1236.52,211.27,97.25,214.43,-1,-1,-1,-1
79,4,1245.83,220.41,92.64,215.75,-1,-1,-1,-1
80,4,1250.45,229.22,95.79,210.49,-1,-1,-1,-1
81,4,1252.81,240.54,96.74,207.56,-1,-1,-1,-1
82,4,1257.33,247.86,99.66,206.48,-1,-1,-1,-1
83,4,1259.94,265.91,97.60,205.30,-1,-1,-1,-1
84,4,1268.98,266.82,94.40,203.82,-1,-1,-1,-1
85,4,1275.49,281.60,93.62,202.80,-1,-1,-1,-1
86,4,1276.88,285.18,94.36,200.80,-1,-1,-1,-1
87,4,1282.55,295.73,95.33,205.80,-1,-1,-1,-1
88,4,1285.48,306.37,93.36,204.56,-1,-1,-1,-1
89,4,1287.32,320.91,92.40,204.73,-1,-1,-1,-1
90,4,1290.31,327.85,96.80,204.90,-1,-1,-1,-1
91,4,1292.72,331.41,94.00,201.05,-1,-1,-1,-1
92,4,1295.68,350.87,90.12,209.06,-1,-1,-1,-1
93,4,1297.72,362.08,87.85,203.07,-1,-1,-1,-1
94,4,1301.26,371.51,91.04,202.39,-1,-1,-1,-1
95,4,1302.99,377.01,89.56,202.74,-1,-1,-1,-1
96,4,1303.29,391.65,90.01,205.06,-1,-1,-1,-1
97,4,1304.54,403.14,89.49,204.45,-1,-1,-1,-1
98,4,1306.59,417.61,85.51,201.58,-1,-1,-1,-1
99,4,1310.65,419.32,87.14,201.07,-1,-1,-1,-1
105,4,1305.85,474.62,87.90,203.37,-1,-1,-1,-1
106,4,1304.29,486.85,88.04,208.67,-1,-1,-1,-1
107,4,1303.92,490.89,86.95,204.07,-1,-1,-1,-1
108,4,1303.06,497.69,86.24,207.57,-1,-1,-1,-1
109,4,1296.09,517.67,92.07,211.39,-1,-1,-1,-1
110,4,1297.87,528.50,88.00,203.94,-1,-1,-1,-1
111,4,1296.62,530.64,87.77,204.88,-1,-1,-1,-1
112,4,1292.15,552.99,91.01,206.05,-1,-1,-1,-1
113,4,1290.78,562.20,85.31,205.22,-1,-1,-1,-1
114,4,1290.67,569.47,82.04,203.18,-1,-1,-1,-1
115,4,1282.93,576.40,87.56,207.37,-1,-1,-1,-1
116,4,1283.04,588.05,83.57,202.47,-1,-1,-1,-1
117,4,1277.47,599.91,88.42,206.96,-1,-1,-1,-1
118,4,1277.14,607.81,80.01,204.92,-1,-1,-1,-1
119,4,1271.46,609.63,83.97,205.78,-1,-1,-1,-1
120,4,1267.89,624.45,83.35,206.24,-1,-1,-1,-1
121,4,1264.70,628.82,84.44,213.36,-1,-1,-1,-1
122,4,1260.27,638.36,80.79,209.73,-1,-1,-1,-1
123,4,1249.90,643.30,85.26,232.41,-1,-1,-1,-1
124,4,1249.66,652.18,83.21,230.39,-1,-1,-1,-1
131,4,1207.52,706.65,68.61,204.64,-1,-1,-1,-1
132,4,1196.70,715.34,77.81,202.07,-1,-1,-1,-1
133,4,1187.21,730.80,83.82,200.11,-1,-1,-1,-1
134,4,1181.68,731.70,87.60,200.42,-1,-1,-1,-1
135,4,1171.77,746.99,83.66,201.12,-1,-1,-1,-1
136,4,1169.32,746.50,80.90,201.29,-1,-1,-1,-1
138,4,1152.95,761.86,82.50,202.15,-1,-1,-1,-1
139,4,1139.53,763.68,84.32,200.70,-1,-1,-1,-1
140,4,1137.32,765.59,81.82,198.88,-1,-1,-1,-1
142,4,1118.35,788.23,77.59,199.23,-1,-1,-1,-1
143,4,1107.55,794.73,83.05,199.29,-1,-1,-1,-1
144,4,1100.42,787.63,80.79,201.68,-1,-1,-1,-1
146,4,1082.99,797.66,81.75,199.73,-1,-1,-1,-1
147,4,1074.19,812.96,82.84,197.74,-1,-1,-1,-1
148,4,1063.85,812.85,84.33,196.08,-1,-1,-1,-1
149,4,1056.54,812.15,83.48,200.16,-1,-1,-1,-1
150,4,1043.88,827.10,82.26,197.88,-1,-1,-1,-1
151,4,1035.00,828.00,82.68,199.54,-1,-1,-1,-1
152,4,1025.36,827.41,85.78,200.54,-1,-1,-1,-1
153,4,1018.44,823.27,80.07,195.67,-1,-1,-1,-1
154,4,1009.24,835.40,82.44,197.15,-1,-1,-1,-1
155,4,997.43,829.06,78.47,198.27,-1,-1,-1,-1
156,4,988.22,843.73,80.13,197.03,-1,-1,-1,-1
157,4,977.13,829.94,84.37,197.32,-1,-1,-1,-1
158,4,969.78,837.13,81.15,199.51,-1,-1,-1,-1
159,4,957.16,845.02,80.52,199.06,-1,-1,-1,-1
160,4,947.57,846.04,82.69,195.62,-1,-1,-1,-1
161,4,939.84,837.76,79.34,197.61,-1,-1,-1,-1
162,4,928.91,835.38,84.03,200.71,-1,-1,-1,-1
163,4,916.56,843.85,81.01,198.33,-1,-1,-1,-1
164,4,908.18,835.95,80.73,199.58,-1,-1,-1,-1
165,4,898.72,845.08,82.19,197.84,-1,-1,-1,-1
166,4,889.51,837.57,81.36,198.45,-1,-1,-1,-1
167,4,876.03,844.09,82.28,200.62,-1,-1,-1,-1
168,4,868.92,836.26,79.08,197.42,-1,-1,-1,-1
169,4,856.86,843.65,84.20,198.66,-1,-1,-1,-1
170,4,847.63,835.51,84.82,198.30,-1,-1,-1,-1
172,4,828.84,836.13,80.03,200.46,-1,-1,-1,-1
173,4,821.37,829.31,77.34,197.64,-1,-1,-1,-1
174,4,813.19,830.31,76.00,195.99,-1,-1,-1,-1
175,4,801.87,828.79,81.43,198.16,-1,-1,-1,-1
176,4,786.80,828.68,84.45,197.67,-1,-1,-1,-1
177,4,778.54,822.34,83.21,197.71,-1,-1,-1,-1
178,4,771.60,814.86,81.02,195.41,-1,-1,-1,-1
179,4,763.23,806.68,80.37,196.90,-1,-1,-1,-1
180,4,753.42,805.50,82.97,198.15,-1,-1,-1,-1
182,4,736.32,795.93,83.15,198.58,-1,-1,-1,-1
183,4,722.48,796.52,85.01,198.65,-1,-1,-1,-1
184,4,716.40,794.87,80.81,200.33,-1,-1,-1,-1
185,4,708.29,780.49,80.28,201.13,-1,-1,-1,-1
186,4,697.50,779.36,84.58,199.46,-1,-1,-1,-1
187,4,690.49,772.35,83.58,200.90,-1,-1,-1,-1
188,4,685.98,766.40,75.91,197.58,-1,-1,-1,-1
190,4,669.36,750.24,75.65,197.20,-1,-1,-1,-1
191,4,658.70,749.48,81.40,197.09,-1,-1,-1,-1
192,4,652.71,740.29,78.71,198.39,-1,-1,-1,-1
193,4,642.62,731.10,82.49,199.75,-1,-1,-1,-1
194,4,635.69,723.08,80.44,200.98,-1,-1,-1,-1
195,4,626.02,723.75,85.23,197.36,-1,-1,-1,-1
196,4,618.82,707.86,83.65,202.93,-1,-1,-1,-1
197,4,610.77,714.87,84.58,200.94,-1,-1,-1,-1
198,4,609.22,689.82,82.72,206.98,-1,-1,-1,-1
199,4,602.55,682.73,80.43,203.19,-1,-1,-1,-1
200,4,593.54,684.34,84.56,199.66,-1,-1,-1,-1
201,4,586.95,666.90,85.16,205.21,-1,-1,-1,-1
202,4,587.91,666.67,78.22,204.24,-1,-1,-1,-1
203,4,577.92,651.64,86.09,233.17,-1,-1,-1,-1
204,4,572.55,649.63,81.66,220.89,-1,-1,-1,-1
205,4,563.32,632.15,94.20,272.11,-1,-1,-1,-1
206,4,566.85,634.95,75.90,203.21,-1,-1,-1,-1
207,4,554.85,625.37,83.80,204.08,-1,-1,-1,-1
208,4,552.97,618.57,83.95,202.14,-1,-1,-1,-1
209,4,547.99,611.60,83.72,204.30,-1,-1,-1,-1
210,4,540.84,602.48,90.81,205.71,-1,-1,-1,-1
211,4,538.45,584.48,87.55,206.40,-1,-1,-1,-1
212,4,535.15,582.44,86.64,208.52,-1,-1,-1,-1
213,4,537.16,567.81,79.95,206.33,-1,-1,-1,-1
214,4,530.77,562.52,83.52,206.47,-1,-1,-1,-1
215,4,524.09,544.49,90.45,206.99,-1,-1,-1,-1
216,4,523.52,529.37,85.25,208.24,-1,-1,-1,-1
217,4,520.30,526.79,87.70,207.30,-1,-1,-1,-1
218,4,519.48,520.82,86.70,207.33,-1,-1,-1,-1
219,4,513.76,506.40,89.90,205.80,-1,-1,-1,-1
220,4,516.29,505.62,84.90,205.10,-1,-1,-1,-1
221,4,512.80,495.14,88.86,207.37,-1,-1,-1,-1
222,4,511.26,481.66,90.25,207.38,-1,-1,-1,-1
223,4,512.31,474.95,86.95,201.97,-1,-1,-1,-1
225,4,510.29,450.22,89.41,202.96,-1,-1,-1,-1
226,4,512.39,444.60,85.30,201.06,-1,-1,-1,-1
227,4,512.66,427.93,85.97,201.77,-1,-1,-1,-1
228,4,511.02,423.24,87.79,206.85,-1,-1,-1,-1
231,4,513.40,388.43,87.65,201.03,-1,-1,-1,-1
232,4,511.49,378.04,90.51,202.07,-1,-1,-1,-1
233,4,519.20,365.12,86.08,197.60,-1,-1,-1,-1
234,4,520.52,363.95,85.49,198.64,-1,-1,-1,-1
235,4,520.66,348.32,86.28,200.98,-1,-1,-1,-1
236,4,518.94,348.18,92.33,199.26,-1,-1,-1,-1
237,4,525.25,339.50,91.54,199.61,-1,-1,-1,-1
238,4,526.88,330.44,89.76,201.90,-1,-1,-1,-1
239,4,527.54,313.48,91.03,203.29,-1,-1,-1,-1
240,4,534.07,300.07,89.59,201.22,-1,-1,-1,-1
241,4,533.37,296.94,95.60,203.89,-1,-1,-1,-1
242,4,539.65,289.56,95.05,203.33,-1,-1,-1,-1
243,4,540.71,280.94,95.15,202.93,-1,-1,-1,-1
244,4,546.79,256.48,95.53,205.70,-1,-1,-1,-1
245,4,550.86,256.89,90.17,205.00,-1,-1,-1,-1
246,4,553.66,249.63,86.72,203.04,-1,-1,-1,-1
247,4,555.32,232.11,83.77,205.86,-1,-1,-1,-1
248,4,562.10,224.07,85.09,208.26,-1,-1,-1,-1
4,5,1061.45,809.01,78.95,202.98,-1,-1,-1,-1
5,5,1066.67,800.76,83.83,207.39,-1,-1,-1,-1
6,5,1079.49,794.12,74.92,206.47,-1,-1,-1,-1
7,5,1091.79,793.87,80.09,204.25,-1,-1,-1,-1
8,5,1102.50,785.76,74.56,202.79,-1,-1,-1,-1
9,5,1109.45,785.86,77.48,200.33,-1,-1,-1,-1
10,5,1116.86,779.42,77.70,203.59,-1,-1,-1,-1
11,5,1125.54,786.04,77.30,199.97,-1,-1,-1,-1
12,5,1132.93,770.90,78.63,203.79,-1,-1,-1,-1
13,5,1140.99,754.98,78.78,204.36,-1,-1,-1,-1
14,5,1152.31,762.03,72.09,204.72,-1,-1,-1,-1
15,5,1160.70,754.39,72.21,205.36,-1,-1,-1,-1
16,5,1165.52,746.82,77.21,201.52,-1,-1,-1,-1
17,5,1172.45,745.49,79.58,203.47,-1,-1,-1,-1
18,5,1180.32,738.92,79.81,201.08,-1,-1,-1,-1
19,5,1186.70,729.22,82.45,204.53,-1,-1,-1,-1
20,5,1195.04,712.82,81.19,207.93,-1,-1,-1,-1
21,5,1202.29,711.96,82.84,206.71,-1,-1,-1,-1
22,5,1210.44,704.27,81.65,210.36,-1,-1,-1,-1
23,5,1215.48,695.91,75.34,209.81,-1,-1,-1,-1
24,5,1224.30,680.36,73.44,209.69,-1,-1,-1,-1
25,5,1231.88,670.36,73.60,210.77,-1,-1,-1,-1
26,5,1236.68,669.96,78.66,214.31,-1,-1,-1,-1
27,5,1242.02,669.10,81.33,211.28,-1,-1,-1,-1
28,5,1245.77,662.93,77.32,208.96,-1,-1,-1,-1
31,5,1260.99,623.60,78.89,210.87,-1,-1,-1,-1
32,5,1201.18,711.70,87.59,206.62,-1,-1,-1,-1
33,5,1198.34,720.28,90.68,209.72,-1,-1,-1,-1
34,5,1191.01,727.21,91.45,206.85,-1,-1,-1,-1
35,5,1181.95,728.41,93.99,209.02,-1,-1,-1,-1
36,5,1175.43,743.39,90.32,207.51,-1,-1,-1,-1
37,5,1168.45,744.47,88.71,204.97,-1,-1,-1,-1
38,5,1157.93,751.53,92.79,206.97,-1,-1,-1,-1
39,5,1151.98,760.52,90.28,207.72,-1,-1,-1,-1
40,5,1142.16,767.16,92.62,210.08,-1,-1,-1,-1
41,5,1133.79,768.92,93.62,205.60,-1,-1,-1,-1
42,5,1125.97,773.46,91.69,214.08,-1,-1,-1,-1
43,5,1118.26,776.25,91.78,209.98,-1,-1,-1,-1
44,5,1110.15,776.49,91.33,208.80,-1,-1,-1,-1
45,5,1100.87,791.11,92.49,210.01,-1,-1,-1,-1
46,5,1095.43,791.44,86.89,206.29,-1,-1,-1,-1
47,5,1077.09,798.95,96.01,211.59,-1,-1,-1,-1
48,5,1070.75,807.50,91.70,210.20,-1,-1,-1,-1
49,5,1065.01,809.20,86.28,205.50,-1,-1,-1,-1
50,5,1056.04,809.28,88.40,203.49,-1,-1,-1,-1
51,5,1046.65,809.01,88.70,207.75,-1,-1,-1,-1
52,5,1030.97,817.13,92.11,205.22,-1,-1,-1,-1
53,5,1024.17,818.21,89.94,203.53,-1,-1,-1,-1
54,5,1014.94,816.38,90.10,208.52,-1,-1,-1,-1
55,5,1008.15,832.83,85.76,203.32,-1,-1,-1,-1
56,5,1000.93,825.10,83.68,204.42,-1,-1,-1,-1
57,5,984.56,825.08,87.58,206.29,-1,-1,-1,-1
58,5,974.81,832.92,92.35,204.40,-1,-1,-1,-1
59,5,967.40,830.57,89.61,211.41,-1,-1,-1,-1
60,5,959.77,824.60,86.61,208.24,-1,-1,-1,-1
61,5,943.35,824.99,91.92,207.86,-1,-1,-1,-1
62,5,937.56,824.64,85.51,208.05,-1,-1,-1,-1
63,5,928.58,834.06,87.64,202.50,-1,-1,-1,-1
64,5,919.52,832.48,87.19,205.67,-1,-1,-1,-1
65,5,905.29,833.36,86.91,207.45,-1,-1,-1,-1
66,5,896.08,833.09,90.33,206.82,-1,-1,-1,-1
67,5,888.05,832.29,88.43,207.46,-1,-1,-1,-1
68,5,880.36,831.57,85.27,210.30,-1,-1,-1,-1
69,5,871.40,825.15,85.80,208.12,-1,-1,-1,-1
70,5,855.48,816.69,90.58,208.81,-1,-1,-1,-1
71,5,848.17,815.24,87.91,211.97,-1,-1,-1,-1
72,5,839.51,824.02,87.54,209.79,-1,-1,-1,-1
73,5,837.78,824.21,79.05,207.20,-1,-1,-1,-1
74,5,846.44,819.50,58.46,202.65,-1,-1,-1,-1
79,5,770.73,801.92,81.04,205.28,-1,-1,-1,-1
80,5,756.69,791.87,94.22,210.29,-1,-1,-1,-1
81,5,747.59,801.25,98.80,206.79,-1,-1,-1,-1
82,5,743.40,783.68,89.72,208.24,-1,-1,-1,-1
83,5,733.78,790.80,91.58,208.44,-1,-1,-1,-1
84,5,725.19,784.16,92.17,204.99,-1,-1,-1,-1
85,5,719.72,786.56,86.22,200.40,-1,-1,-1,-1
86,5,710.37,768.92,88.97,207.13,-1,-1,-1,-1
87,5,695.91,764.22,90.18,202.37,-1,-1,-1,-1
88,5,694.70,761.25,87.77,203.61,-1,-1,-1,-1
89,5,680.45,761.16,88.88,204.69,-1,-1,-1,-1
90,5,680.86,746.21,83.41,204.40,-1,-1,-1,-1
91,5,664.85,745.21,88.74,204.58,-1,-1,-1,-1
92,5,663.72,745.26,86.49,203.38,-1,-1,-1,-1
93,5,657.70,730.75,82.74,202.84,-1,-1,-1,-1
94,5,646.74,722.26,89.25,201.71,-1,-1,-1,-1
95,5,639.42,714.04,88.55,205.25,-1,-1,-1,-1
96,5,632.67,706.05,86.50,203.56,-1,-1,-1,-1
97,5,625.72,697.57,85.90,204.72,-1,-1,-1,-1
98,5,617.21,689.68,86.89,206.10,-1,-1,-1,-1
99,5,617.75,689.40,81.56,203.73,-1,-1,-1,-1
100,5,608.75,672.94,85.14,206.60,-1,-1,-1,-1
101,5,601.40,664.69,85.70,207.57,-1,-1,-1,-1
102,5,589.31,656.10,95.52,208.96,-1,-1,-1,-1
103,5,591.76,647.81,86.46,209.92,-1,-1,-1,-1
104,5,583.59,638.44,88.20,208.93,-1,-1,-1,-1
105,5,575.45,630.34,90.00,210.18,-1,-1,-1,-1
106,5,574.04,614.22,89.59,211.71,-1,-1,-1,-1
107,5,565.03,612.83,93.52,215.99,-1,-1,-1,-1
108,5,559.16,607.52,91.94,208.29,-1,-1,-1,-1
109,5,558.23,605.60,90.87,209.78,-1,-1,-1,-1
110,5,550.81,590.60,90.08,209.40,-1,-1,-1,-1
111,5,551.04,582.13,89.06,210.90,-1,-1,-1,-1
112,5,543.59,576.23,91.18,207.53,-1,-1,-1,-1
113,5,542.62,566.03,91.64,211.28,-1,-1,-1,-1
114,5,533.31,549.39,95.43,214.36,-1,-1,-1,-1
115,5,531.53,535.36,97.51,210.29,-1,-1,-1,-1
116,5,532.83,526.36,93.66,212.88,-1,-1,-1,-1
117,5,531.69,525.33,94.19,210.86,-1,-1,-1,-1
118,5,524.19,517.98,98.03,211.68,-1,-1,-1,-1
119,5,524.28,494.97,97.05,212.23,-1,-1,-1,-1
120,5,524.82,486.67,95.41,209.48,-1,-1,-1,-1
121,5,525.57,480.10,91.08,207.06,-1,-1,-1,-1
122,5,524.29,470.72,93.90,208.20,-1,-1,-1,-1
123,5,516.05,464.18,97.49,205.61,-1,-1,-1,-1
124,5,513.60,457.02,102.08,208.17,-1,-1,-1,-1
125,5,517.61,441.45,95.51,207.64,-1,-1,-1,-1
126,5,515.97,432.25,96.64,204.30,-1,-1,-1,-1
127,5,516.82,424.80,95.21,208.31,-1,-1,-1,-1
128,5,516.22,417.36,96.64,204.35,-1,-1,-1,-1
129,5,523.36,407.91,95.91,208.75,-1,-1,-1,-1
130,5,524.48,393.01,94.11,205.04,-1,-1,-1,-1
131,5,523.55,385.73,95.76,206.65,-1,-1,-1,-1
132,5,521.77,380.07,101.01,200.69,-1,-1,-1,-1
133,5,520.16,369.18,104.70,203.52,-1,-1,-1,-1
134,5,522.31,362.57,101.10,203.22,-1,-1,-1,-1
135,5,528.70,352.17,100.50,206.95,-1,-1,-1,-1
136,5,527.68,334.31,103.82,209.67,-1,-1,-1,-1
137,5,522.95,316.06,114.22,215.23,-1,-1,-1,-1
138,5,530.61,317.21,114.05,212.44,-1,-1,-1,-1
139,5,535.61,304.70,104.59,206.01,-1,-1,-1,-1
140,5,535.03,295.63,107.03,207.73,-1,-1,-1,-1
141,5,544.17,287.79,102.98,210.66,-1,-1,-1,-1
142,5,542.24,277.86,107.66,210.60,-1,-1,-1,-1
143,5,540.47,267.19,112.15,204.83,-1,-1,-1,-1
144,5,548.17,263.04,111.43,208.34,-1,-1,-1,-1
145,5,552.01,246.95,104.34,209.92,-1,-1,-1,-1
154,5,619.76,171.28,96.92,263.09,-1,-1,-1,-1
156,5,625.33,164.03,102.57,262.54,-1,-1,-1,-1
157,5,633.00,147.72,101.90,217.29,-1,-1,-1,-1
158,5,630.82,140.76,108.16,213.53,-1,-1,-1,-1
159,5,635.67,134.69,113.37,210.20,-1,-1,-1,-1
160,5,646.56,136.23,107.92,209.79,-1,-1,-1,-1
161,5,650.18,127.11,114.91,209.24,-1,-1,-1,-1
162,5,663.65,121.75,104.73,203.06,-1,-1,-1,-1
163,5,672.74,111.98,101.67,210.31,-1,-1,-1,-1
164,5,678.91,105.99,106.36,203.72,-1,-1,-1,-1
165,5,683.75,103.02,111.90,207.71,-1,-1,-1,-1
166,5,696.43,95.21,103.32,207.44,-1,-1,-1,-1
167,5,701.84,94.53,108.34,209.45,-1,-1,-1,-1
168,5,717.82,89.82,105.56,206.12,-1,-1,-1,-1
169,5,716.37,74.03,110.82,205.13,-1,-1,-1,-1
170,5,737.11,72.88,99.52,208.21,-1,-1,-1,-1
171,5,744.78,65.53,100.53,206.07,-1,-1,-1,-1
172,5,756.54,64.66,93.35,204.29,-1,-1,-1,-1
173,5,761.92,64.30,100.16,207.09,-1,-1,-1,-1
174,5,772.10,57.93,96.64,201.85,-1,-1,-1,-1
175,5,777.73,57.28,101.82,206.58,-1,-1,-1,-1
176,5,790.57,48.89,104.24,207.77,-1,-1,-1,-1
177,5,803.34,56.18,96.48,204.80,-1,-1,-1,-1
178,5,810.87,57.59,98.60,201.66,-1,-1,-1,-1
179,5,817.30,48.47,100.93,203.69,-1,-1,-1,-1
180,5,834.75,47.74,96.59,205.07,-1,-1,-1,-1
181,5,844.66,42.32,93.35,204.69,-1,-1,-1,-1
182,5,852.00,40.28,94.76,205.17,-1,-1,-1,-1
183,5,863.55,42.10,89.78,202.31,-1,-1,-1,-1
184,5,870.85,35.23,91.54,203.68,-1,-1,-1,-1
185,5,885.03,33.45,92.23,205.87,-1,-1,-1,-1
186,5,892.47,41.92,95.22,202.69,-1,-1,-1,-1
187,5,903.08,34.65,90.00,200.15,-1,-1,-1,-1
188,5,913.27,41.91,98.59,204.52,-1,-1,-1,-1
189,5,919.18,34.85,91.29,199.65,-1,-1,-1,-1
190,5,934.44,33.66,89.78,203.48,-1,-1,-1,-1
191,5,940.60,43.09,94.81,200.83,-1,-1,-1,-1
192,5,948.28,43.08,95.57,200.68,-1,-1,-1,-1
193,5,960.15,35.62,89.53,203.69,-1,-1,-1,-1
194,5,973.40,41.65,92.60,204.33,-1,-1,-1,-1
195,5,982.68,43.36,88.90,203.92,-1,-1,-1,-1
196,5,991.76,43.90,88.87,202.77,-1,-1,-1,-1
197,5,996.90,43.92,96.21,203.02,-1,-1,-1,-1
198,5,1006.47,43.24,92.00,216.12,-1,-1,-1,-1
203,5,1080.17,55.59,74.08,209.58,-1,-1,-1,-1
204,5,1080.48,55.02,84.35,209.33,-1,-1,-1,-1
205,5,1077.54,70.98,93.22,207.87,-1,-1,-1,-1
206,5,1082.74,63.70,100.37,210.50,-1,-1,-1,-1
207,5,1092.02,65.20,97.60,207.80,-1,-1,-1,-1
208,5,1100.58,79.54,96.21,209.72,-1,-1,-1,-1
209,5,1110.04,78.39,105.54,208.73,-1,-1,-1,-1
210,5,1122.01,86.52,98.52,209.47,-1,-1,-1,-1
211,5,1129.97,96.17,97.85,208.99,-1,-1,-1,-1
212,5,1129.07,103.60,103.08,206.85,-1,-1,-1,-1
213,5,1144.27,104.49,102.07,207.99,-1,-1,-1,-1
214,5,1152.55,110.75,100.92,211.20,-1,-1,-1,-1
215,5,1161.22,116.56,100.16,216.18,-1,-1,-1,-1
216,5,1157.82,123.45,109.05,216.39,-1,-1,-1,-1
217,5,1164.24,126.97,112.95,210.98,-1,-1,-1,-1
218,5,1185.51,133.89,99.68,213.12,-1,-1,-1,-1
219,5,1190.86,140.75,104.24,216.17,-1,-1,-1,-1
220,5,1189.12,140.57,110.69,215.16,-1,-1,-1,-1
221,5,1197.92,157.35,108.27,214.11,-1,-1,-1,-1
222,5,1206.89,165.76,106.96,213.05,-1,-1,-1,-1
223,5,1216.21,166.84,102.69,212.79,-1,-1,-1,-1
224,5,1223.78,179.06,103.32,217.46,-1,-1,-1,-1
225,5,1229.57,187.10,106.81,218.55,-1,-1,-1,-1
226,5,1225.47,192.85,117.20,220.34,-1,-1,-1,-1
227,5,1238.92,197.55,105.18,213.86,-1,-1,-1,-1
228,5,1243.45,210.98,111.30,219.40,-1,-1,-1,-1
229,5,1250.73,212.30,112.90,216.38,-1,-1,-1,-1
230,5,1253.76,227.55,109.02,218.36,-1,-1,-1,-1
231,5,1260.38,228.14,109.91,217.87,-1,-1,-1,-1
232,5,1260.01,241.47,112.83,219.42,-1,-1,-1,-1
233,5,1269.79,252.84,108.81,215.48,-1,-1,-1,-1
234,5,1277.75,261.64,106.80,214.01,-1,-1,-1,-1
235,5,1279.61,276.81,104.88,213.59,-1,-1,-1,-1
236,5,1281.02,278.35,103.55,212.51,-1,-1,-1,-1
237,5,1288.93,286.02,102.78,213.93,-1,-1,-1,-1
238,5,1288.13,295.39,105.00,211.67,-1,-1,-1,-1
239,5,1295.07,315.82,104.58,213.90,-1,-1,-1,-1
240,5,1293.34,325.32,109.11,213.52,-1,-1,-1,-1
241,5,1303.63,340.11,103.03,212.84,-1,-1,-1,-1
242,5,1303.54,342.35,103.80,213.43,-1,-1,-1,-1
243,5,1305.77,344.82,101.81,208.79,-1,-1,-1,-1
244,5,1303.34,359.05,106.60,210.60,-1,-1,-1,-1
245,5,1310.93,374.97,104.61,208.62,-1,-1,-1,-1
246,5,1311.29,382.96,103.55,207.01,-1,-1,-1,-1
247,5,1312.91,386.95,100.29,217.10,-1,-1,-1,-1
248,5,1314.30,397.74,98.80,213.78,-1,-1,-1,-1
249,5,1314.70,414.72,97.52,211.05,-1,-1,-1,-1
250,5,1313.87,422.43,98.31,212.54,-1,-1,-1,-1
244,6,1114.85,783.02,51.03,194.60,-1,-1,-1,-1
245,6,1105.90,797.20,52.87,198.61,-1,-1,-1,-1
246,6,1093.03,804.62,61.33,197.86,-1,-1,-1,-1
247,6,1083.77,810.87,62.65,199.94,-1,-1,-1,-1
248,6,1070.20,804.70,60.90,196.40,-1,-1,-1,-1
249,6,1062.07,818.26,62.00,201.16,-1,-1,-1,-1
250,6,1052.94,818.29,62.75,200.90,-1,-1,-1,-1
