2,1,372.54,433.05,93.90,205.92,-1,-1,-1,-1
3,1,379.84,432.42,93.32,207.09,-1,-1,-1,-1
4,1,380.99,433.19,94.33,205.50,-1,-1,-1,-1
5,1,390.43,431.91,89.11,208.19,-1,-1,-1,-1
6,1,391.14,433.11,88.70,205.41,-1,-1,-1,-1
7,1,396.02,432.72,96.09,206.94,-1,-1,-1,-1
8,1,400.17,431.99,88.75,208.10,-1,-1,-1,-1
9,1,403.93,432.85,95.72,206.22,-1,-1,-1,-1
10,1,404.93,432.13,95.64,206.91,-1,-1,-1,-1
11,1,412.70,433.65,95.25,205.62,-1,-1,-1,-1
12,1,419.68,432.51,94.16,206.35,-1,-1,-1,-1
13,1,421.01,433.24,94.61,204.89,-1,-1,-1,-1
14,1,429.56,433.21,90.65,205.22,-1,-1,-1,-1
15,1,430.07,433.15,92.46,205.70,-1,-1,-1,-1
16,1,437.92,431.80,89.83,208.67,-1,-1,-1,-1
17,1,435.30,432.28,99.11,206.27,-1,-1,-1,-1
18,1,445.54,432.19,91.51,207.83,-1,-1,-1,-1
19,1,451.20,431.57,94.56,208.38,-1,-1,-1,-1
20,1,452.95,432.09,93.22,207.61,-1,-1,-1,-1
21,1,450.50,433.23,100.87,205.45,-1,-1,-1,-1
22,1,461.35,431.93,92.74,208.54,-1,-1,-1,-1
23,1,469.63,431.36,90.38,209.09,-1,-1,-1,-1
24,1,468.10,433.15,95.17,205.01,-1,-1,-1,-1
25,1,473.61,432.14,99.14,208.15,-1,-1,-1,-1
26,1,475.89,432.57,97.56,207.07,-1,-1,-1,-1
27,1,486.68,431.75,88.34,208.78,-1,-1,-1,-1
28,1,484.89,433.16,95.04,205.11,-1,-1,-1,-1
29,1,493.47,432.25,91.52,207.42,-1,-1,-1,-1
30,1,493.11,432.18,95.73,207.81,-1,-1,-1,-1
31,1,499.93,433.12,95.34,205.84,-1,-1,-1,-1
32,1,503.48,432.44,90.66,206.56,-1,-1,-1,-1
33,1,508.17,432.65,97.45,207.24,-1,-1,-1,-1
34,1,517.08,431.37,92.17,208.80,-1,-1,-1,-1
35,1,515.36,432.60,98.46,205.17,-1,-1,-1,-1
36,1,525.54,432.24,90.68,207.38,-1,-1,-1,-1
37,1,525.55,432.37,93.85,207.26,-1,-1,-1,-1
38,1,530.82,432.36,97.69,206.60,-1,-1,-1,-1
39,1,530.84,432.17,99.58,207.25,-1,-1,-1,-1
40,1,541.04,431.63,92.59,208.69,-1,-1,-1,-1
41,1,539.31,432.35,99.52,206.73,-1,-1,-1,-1
42,1,549.88,431.60,90.73,208.46,-1,-1,-1,-1
43,1,552.07,433.05,89.21,204.78,-1,-1,-1,-1
44,1,559.25,432.78,89.89,207.14,-1,-1,-1,-1
45,1,564.83,431.93,92.64,207.97,-1,-1,-1,-1
46,1,564.98,433.47,93.47,204.36,-1,-1,-1,-1
47,1,573.79,432.85,91.83,206.36,-1,-1,-1,-1
48,1,572.79,432.04,96.32,208.14,-1,-1,-1,-1
49,1,581.74,431.64,90.95,208.67,-1,-1,-1,-1
50,1,583.17,432.94,91.77,205.21,-1,-1,-1,-1
51,1,589.80,432.15,91.36,207.67,-1,-1,-1,-1
52,1,590.24,431.21,92.76,209.62,-1,-1,-1,-1
53,1,595.42,433.10,97.81,205.90,-1,-1,-1,-1
54,1,605.34,431.44,90.50,208.93,-1,-1,-1,-1
55,1,601.82,433.10,101.96,206.20,-1,-1,-1,-1
56,1,613.33,430.52,90.84,210.87,-1,-1,-1,-1
57,1,611.38,432.51,97.73,205.45,-1,-1,-1,-1
58,1,621.99,431.80,89.84,207.94,-1,-1,-1,-1
59,1,626.35,431.52,96.22,209.06,-1,-1,-1,-1
60,1,628.69,431.43,92.76,209.42,-1,-1,-1,-1
61,1,633.64,430.48,98.33,210.49,-1,-1,-1,-1
62,1,636.91,430.89,93.64,210.77,-1,-1,-1,-1
63,1,641.36,431.37,99.09,208.75,-1,-1,-1,-1
64,1,644.19,432.20,95.00,207.09,-1,-1,-1,-1
65,1,654.26,431.53,88.77,208.77,-1,-1,-1,-1
66,1,652.83,431.47,94.92,210.16,-1,-1,-1,-1
67,1,658.43,432.59,98.48,206.99,-1,-1,-1,-1
68,1,661.19,432.51,93.64,207.09,-1,-1,-1,-1
69,1,669.76,430.94,90.89,209.86,-1,-1,-1,-1
70,1,666.32,431.25,101.47,209.52,-1,-1,-1,-1
71,1,676.91,432.56,93.41,206.66,-1,-1,-1,-1
72,1,679.52,432.16,91.56,207.58,-1,-1,-1,-1
73,1,684.15,432.26,97.31,209.03,-1,-1,-1,-1
74,1,691.96,431.41,94.24,209.27,-1,-1,-1,-1
75,1,690.82,432.08,98.17,207.56,-1,-1,-1,-1
76,1,700.55,431.44,92.37,209.92,-1,-1,-1,-1
77,1,698.12,431.64,101.38,209.09,-1,-1,-1,-1
78,1,708.14,430.62,94.23,210.43,-1,-1,-1,-1
79,1,709.36,431.56,94.66,207.89,-1,-1,-1,-1
80,1,716.99,430.79,92.63,210.81,-1,-1,-1,-1
81,1,715.13,431.07,100.01,210.18,-1,-1,-1,-1
82,1,725.17,430.97,91.83,209.63,-1,-1,-1,-1
83,1,731.33,431.33,94.75,209.30,-1,-1,-1,-1
84,1,733.17,431.66,94.07,209.44,-1,-1,-1,-1
85,1,740.93,430.65,92.18,210.54,-1,-1,-1,-1
86,1,738.13,431.89,100.45,207.17,-1,-1,-1,-1
87,1,750.27,431.03,88.95,209.67,-1,-1,-1,-1
88,1,748.32,431.61,97.01,209.85,-1,-1,-1,-1
89,1,753.73,431.86,100.58,207.77,-1,-1,-1,-1
90,1,756.59,431.24,95.99,208.95,-1,-1,-1,-1
91,1,764.07,431.76,96.29,209.17,-1,-1,-1,-1
92,1,773.17,429.41,91.12,212.54,-1,-1,-1,-1
93,1,769.98,431.55,100.69,208.11,-1,-1,-1,-1
94,1,782.01,430.91,89.18,209.65,-1,-1,-1,-1
95,1,780.26,431.56,95.85,209.83,-1,-1,-1,-1
96,1,784.77,431.53,101.06,208.29,-1,-1,-1,-1
97,1,789.90,431.66,91.75,208.07,-1,-1,-1,-1
98,1,795.71,431.53,96.60,209.63,-1,-1,-1,-1
99,1,792.66,431.56,104.48,208.09,-1,-1,-1,-1
100,1,804.04,430.40,94.98,210.65,-1,-1,-1,-1
101,1,807.39,432.30,90.22,206.85,-1,-1,-1,-1
102,1,811.81,432.27,97.72,208.56,-1,-1,-1,-1
103,1,816.46,431.35,100.78,209.27,-1,-1,-1,-1
104,1,820.45,430.27,93.43,211.00,-1,-1,-1,-1
105,1,829.58,431.47,90.07,209.10,-1,-1,-1,-1
106,1,827.88,431.64,96.56,209.40,-1,-1,-1,-1
107,1,837.07,431.59,92.24,208.94,-1,-1,-1,-1
108,1,839.32,432.54,89.43,206.40,-1,-1,-1,-1
109,1,844.30,432.55,96.10,208.34,-1,-1,-1,-1
110,1,847.40,431.64,102.05,208.98,-1,-1,-1,-1
111,1,851.53,430.25,94.96,211.78,-1,-1,-1,-1
112,1,858.91,431.45,95.20,209.06,-1,-1,-1,-1
113,1,860.70,431.43,95.62,210.32,-1,-1,-1,-1
114,1,869.29,430.28,91.08,212.10,-1,-1,-1,-1
115,1,865.27,431.75,102.40,208.25,-1,-1,-1,-1
116,1,876.02,431.60,93.34,209.31,-1,-1,-1,-1
117,1,878.62,431.89,91.62,209.51,-1,-1,-1,-1
118,1,882.20,431.09,98.19,209.92,-1,-1,-1,-1
119,1,885.59,431.48,93.59,208.82,-1,-1,-1,-1
120,1,892.01,430.32,95.91,211.61,-1,-1,-1,-1
121,1,892.36,430.35,97.63,211.10,-1,-1,-1,-1
122,1,898.88,431.63,98.58,208.65,-1,-1,-1,-1
123,1,900.92,431.46,96.10,209.45,-1,-1,-1,-1
124,1,908.68,431.07,95.61,211.01,-1,-1,-1,-1
125,1,915.47,429.23,94.39,213.71,-1,-1,-1,-1
126,1,915.22,431.53,97.06,208.78,-1,-1,-1,-1
127,1,922.16,430.09,98.13,212.23,-1,-1,-1,-1
128,1,925.72,430.29,93.55,212.18,-1,-1,-1,-1
129,1,932.21,430.04,94.91,211.65,-1,-1,-1,-1
130,1,932.76,431.49,95.23,209.11,-1,-1,-1,-1
131,1,941.02,430.93,92.86,210.61,-1,-1,-1,-1
132,1,944.19,430.70,100.56,210.79,-1,-1,-1,-1
133,1,947.80,430.34,94.54,211.24,-1,-1,-1,-1
134,1,954.92,429.99,96.20,212.29,-1,-1,-1,-1
135,1,958.13,429.78,91.14,212.29,-1,-1,-1,-1
136,1,965.04,429.29,92.22,212.63,-1,-1,-1,-1
137,1,966.72,429.92,89.04,211.22,-1,-1,-1,-1
138,1,971.24,429.72,95.75,213.33,-1,-1,-1,-1
139,1,970.13,431.22,101.26,209.85,-1,-1,-1,-1
140,1,976.49,430.05,103.14,212.15,-1,-1,-1,-1
141,1,981.41,431.20,94.96,210.01,-1,-1,-1,-1
142,1,985.06,431.61,87.48,208.61,-1,-1,-1,-1
143,1,985.55,433.48,86.76,205.16,-1,-1,-1,-1
144,1,994.16,433.04,83.57,207.92,-1,-1,-1,-1
145,1,995.72,435.33,80.54,203.28,-1,-1,-1,-1
146,1,997.71,436.67,77.16,198.55,-1,-1,-1,-1
155,1,1071.62,432.03,71.69,210.30,-1,-1,-1,-1
156,1,1072.45,431.36,69.85,211.04,-1,-1,-1,-1
157,1,1071.03,431.37,74.56,211.58,-1,-1,-1,-1
158,1,1068.42,431.78,81.29,211.34,-1,-1,-1,-1
159,1,1065.74,432.55,85.80,209.26,-1,-1,-1,-1
160,1,1073.09,431.90,85.01,209.59,-1,-1,-1,-1
161,1,1079.25,431.53,85.66,211.26,-1,-1,-1,-1
162,1,1078.82,432.54,89.80,208.21,-1,-1,-1,-1
163,1,1080.96,433.27,86.52,205.94,-1,-1,-1,-1
164,1,1083.81,432.78,98.64,207.23,-1,-1,-1,-1
165,1,1093.12,430.85,91.84,209.84,-1,-1,-1,-1
166,1,1094.21,433.70,92.32,204.39,-1,-1,-1,-1
167,1,1100.63,433.30,94.48,206.60,-1,-1,-1,-1
168,1,1104.45,432.59,88.32,207.65,-1,-1,-1,-1
169,1,1110.29,431.99,90.21,208.13,-1,-1,-1,-1
170,1,1108.16,432.11,97.11,207.41,-1,-1,-1,-1
171,1,1117.03,431.72,94.42,209.68,-1,-1,-1,-1
172,1,1122.48,429.14,95.95,212.68,-1,-1,-1,-1
173,1,1125.81,431.29,92.06,208.76,-1,-1,-1,-1
174,1,1133.22,430.73,90.69,210.41,-1,-1,-1,-1
175,1,1133.77,430.83,93.58,211.38,-1,-1,-1,-1
176,1,1139.19,430.49,96.05,210.67,-1,-1,-1,-1
177,1,1140.96,430.94,93.33,210.36,-1,-1,-1,-1
178,1,1143.31,430.91,91.63,209.70,-1,-1,-1,-1
179,1,1151.83,430.14,89.88,211.98,-1,-1,-1,-1
180,1,1156.69,429.81,93.46,211.86,-1,-1,-1,-1
181,1,1158.95,431.18,90.91,209.30,-1,-1,-1,-1
182,1,1165.49,430.61,92.46,211.96,-1,-1,-1,-1
183,1,1162.53,429.73,101.06,212.71,-1,-1,-1,-1
184,1,1170.20,430.86,100.02,210.38,-1,-1,-1,-1
185,1,1178.05,429.66,97.16,212.94,-1,-1,-1,-1
186,1,1180.29,430.13,96.47,211.99,-1,-1,-1,-1
187,1,1185.95,428.54,98.65,213.95,-1,-1,-1,-1
188,1,1190.36,430.20,91.25,210.69,-1,-1,-1,-1
189,1,1195.24,430.95,97.23,210.94,-1,-1,-1,-1
190,1,1196.47,430.02,96.97,211.79,-1,-1,-1,-1
191,1,1203.47,429.33,97.20,213.16,-1,-1,-1,-1
192,1,1203.24,429.18,97.95,212.21,-1,-1,-1,-1
193,1,1207.71,432.43,90.53,207.23,-1,-1,-1,-1
194,1,1208.65,431.38,88.61,208.62,-1,-1,-1,-1
205,1,1295.12,438.63,60.03,209.25,-1,-1,-1,-1
206,1,1296.54,431.53,69.26,211.13,-1,-1,-1,-1
207,1,1286.28,430.55,78.14,212.91,-1,-1,-1,-1
208,1,1288.35,430.90,88.00,211.98,-1,-1,-1,-1
209,1,1288.35,430.24,87.13,214.06,-1,-1,-1,-1
210,1,1292.79,430.17,91.30,212.28,-1,-1,-1,-1
211,1,1295.66,429.85,88.58,213.84,-1,-1,-1,-1
212,1,1300.97,428.43,91.57,215.77,-1,-1,-1,-1
213,1,1302.33,429.71,91.50,213.54,-1,-1,-1,-1
214,1,1302.14,429.22,93.77,213.01,-1,-1,-1,-1
215,1,1308.55,430.23,96.83,212.45,-1,-1,-1,-1
216,1,1319.10,429.56,88.18,213.23,-1,-1,-1,-1
217,1,1319.69,431.99,88.32,207.89,-1,-1,-1,-1
218,1,1326.42,431.64,89.90,208.62,-1,-1,-1,-1
219,1,1332.41,430.83,91.63,210.86,-1,-1,-1,-1
220,1,1335.51,430.84,87.70,210.77,-1,-1,-1,-1
221,1,1334.18,431.62,93.51,207.61,-1,-1,-1,-1
222,1,1341.73,431.46,93.65,210.30,-1,-1,-1,-1
223,1,1347.65,430.93,93.74,210.09,-1,-1,-1,-1
224,1,1349.62,431.87,93.67,208.04,-1,-1,-1,-1
225,1,1354.03,430.77,98.35,211.23,-1,-1,-1,-1
226,1,1357.28,431.16,94.52,210.52,-1,-1,-1,-1
227,1,1366.72,429.58,88.75,212.83,-1,-1,-1,-1
228,1,1367.40,431.35,89.19,209.45,-1,-1,-1,-1
229,1,1374.19,431.40,92.10,210.12,-1,-1,-1,-1
230,1,1372.95,430.45,96.45,211.16,-1,-1,-1,-1
231,1,1382.44,430.01,89.18,212.62,-1,-1,-1,-1
232,1,1385.60,429.72,98.53,212.91,-1,-1,-1,-1
233,1,1387.05,431.35,99.22,211.12,-1,-1,-1,-1
234,1,1396.20,429.20,93.47,213.88,-1,-1,-1,-1
235,1,1396.45,430.30,94.04,211.21,-1,-1,-1,-1
236,1,1404.94,430.90,92.62,210.09,-1,-1,-1,-1
237,1,1407.08,429.99,90.71,213.35,-1,-1,-1,-1
238,1,1414.72,429.27,88.93,213.94,-1,-1,-1,-1
239,1,1411.42,430.22,98.50,210.69,-1,-1,-1,-1
240,1,1422.66,430.59,88.74,210.63,-1,-1,-1,-1
241,1,1427.30,429.62,94.72,212.63,-1,-1,-1,-1
242,1,1428.42,429.59,94.15,212.70,-1,-1,-1,-1
243,1,1430.42,430.92,92.55,209.08,-1,-1,-1,-1
244,1,1436.73,431.04,95.73,210.53,-1,-1,-1,-1
245,1,1442.84,429.98,96.26,211.22,-1,-1,-1,-1
246,1,1442.57,430.39,99.76,209.36,-1,-1,-1,-1
247,1,1449.21,430.88,100.25,211.00,-1,-1,-1,-1
248,1,1451.86,430.34,96.68,211.50,-1,-1,-1,-1
249,1,1459.36,430.46,96.49,210.45,-1,-1,-1,-1
250,1,1459.17,430.76,98.73,209.23,-1,-1,-1,-1
2,2,1673.28,431.97,86.24,210.66,-1,-1,-1,-1
3,2,1676.01,433.01,78.63,208.81,-1,-1,-1,-1
4,2,1665.21,439.02,85.86,205.72,-1,-1,-1,-1
6,2,1656.16,432.41,87.86,209.37,-1,-1,-1,-1
7,2,1651.28,432.59,83.10,209.90,-1,-1,-1,-1
8,2,1650.80,439.67,82.54,204.75,-1,-1,-1,-1
9,2,1648.83,440.40,71.35,203.41,-1,-1,-1,-1
10,2,1638.59,432.11,89.50,210.57,-1,-1,-1,-1
11,2,1634.45,439.54,83.83,204.22,-1,-1,-1,-1
13,2,1624.48,432.90,87.37,208.75,-1,-1,-1,-1
14,2,1616.84,432.25,88.11,210.36,-1,-1,-1,-1
15,2,1616.95,439.33,86.36,205.13,-1,-1,-1,-1
16,2,1614.06,431.43,90.13,212.39,-1,-1,-1,-1
17,2,1611.71,432.75,79.94,209.41,-1,-1,-1,-1
18,2,1600.90,432.69,87.64,209.72,-1,-1,-1,-1
19,2,1603.36,438.83,80.25,206.29,-1,-1,-1,-1
20,2,1593.36,432.41,86.31,209.85,-1,-1,-1,-1
21,2,1594.68,432.91,81.27,208.51,-1,-1,-1,-1
22,2,1588.54,438.94,79.16,206.03,-1,-1,-1,-1
23,2,1584.28,431.36,85.90,212.48,-1,-1,-1,-1
24,2,1577.33,432.34,85.20,209.81,-1,-1,-1,-1
25,2,1574.01,432.41,89.59,210.51,-1,-1,-1,-1
26,2,1574.91,439.90,74.86,205.02,-1,-1,-1,-1
27,2,1569.15,438.66,70.59,206.50,-1,-1,-1,-1
28,2,1563.90,433.20,79.30,208.55,-1,-1,-1,-1
29,2,1552.15,432.08,87.89,210.76,-1,-1,-1,-1
30,2,1556.06,439.31,78.70,205.79,-1,-1,-1,-1
31,2,1553.53,439.66,69.64,205.14,-1,-1,-1,-1
32,2,1546.21,432.95,81.90,208.67,-1,-1,-1,-1
33,2,1538.83,439.46,82.94,204.76,-1,-1,-1,-1
34,2,1541.26,439.20,75.55,205.87,-1,-1,-1,-1
35,2,1535.00,440.34,73.29,203.68,-1,-1,-1,-1
36,2,1526.94,439.77,75.50,204.84,-1,-1,-1,-1
37,2,1526.39,439.56,75.02,205.85,-1,-1,-1,-1
38,2,1520.92,439.41,71.33,205.82,-1,-1,-1,-1
39,2,1517.62,433.56,75.76,207.82,-1,-1,-1,-1
40,2,1504.62,432.80,87.22,209.67,-1,-1,-1,-1
41,2,1507.33,439.36,80.13,205.72,-1,-1,-1,-1
43,2,1498.29,433.00,81.39,208.72,-1,-1,-1,-1
44,2,1494.31,439.71,75.45,205.64,-1,-1,-1,-1
45,2,1489.25,439.20,71.46,206.30,-1,-1,-1,-1
46,2,1482.10,432.94,83.84,208.90,-1,-1,-1,-1
47,2,1478.01,439.70,77.33,204.90,-1,-1,-1,-1
48,2,1475.40,439.08,80.63,206.34,-1,-1,-1,-1
49,2,1465.76,432.68,85.19,209.25,-1,-1,-1,-1
50,2,1467.10,433.15,80.58,208.31,-1,-1,-1,-1
51,2,1461.19,438.79,78.52,206.55,-1,-1,-1,-1
52,2,1458.07,437.81,82.24,208.50,-1,-1,-1,-1
53,2,1453.01,439.39,77.57,205.48,-1,-1,-1,-1
54,2,1450.03,432.77,81.96,209.48,-1,-1,-1,-1
55,2,1445.70,439.65,76.68,205.58,-1,-1,-1,-1
56,2,1445.16,438.79,75.54,206.81,-1,-1,-1,-1
57,2,1434.11,432.41,82.84,209.71,-1,-1,-1,-1
58,2,1426.58,432.19,83.76,210.80,-1,-1,-1,-1
59,2,1427.44,438.57,79.82,207.35,-1,-1,-1,-1
60,2,1423.26,439.72,74.20,204.96,-1,-1,-1,-1
61,2,1414.58,431.75,89.23,211.10,-1,-1,-1,-1
62,2,1413.45,439.00,77.70,206.06,-1,-1,-1,-1
63,2,1407.52,431.62,87.41,212.04,-1,-1,-1,-1
64,2,1402.83,432.58,82.01,209.00,-1,-1,-1,-1
65,2,1391.95,431.89,89.15,210.88,-1,-1,-1,-1
66,2,1394.50,438.82,82.93,205.75,-1,-1,-1,-1
67,2,1393.09,438.16,71.00,207.29,-1,-1,-1,-1
68,2,1383.83,431.95,87.76,210.51,-1,-1,-1,-1
69,2,1376.37,431.93,88.11,211.24,-1,-1,-1,-1
70,2,1377.95,438.83,82.66,206.12,-1,-1,-1,-1
71,2,1375.53,438.81,73.29,206.18,-1,-1,-1,-1
72,2,1369.39,431.93,83.37,210.13,-1,-1,-1,-1
73,2,1362.14,438.90,83.83,205.70,-1,-1,-1,-1
74,2,1359.82,431.20,86.39,212.97,-1,-1,-1,-1
75,2,1357.23,432.23,77.46,210.54,-1,-1,-1,-1
76,2,1353.73,432.29,82.42,209.98,-1,-1,-1,-1
77,2,1345.96,431.67,84.18,212.36,-1,-1,-1,-1
78,2,1340.31,432.26,81.36,210.50,-1,-1,-1,-1
79,2,1341.46,432.66,76.05,209.29,-1,-1,-1,-1
80,2,1331.42,432.03,82.01,210.92,-1,-1,-1,-1
81,2,1333.96,438.72,74.64,205.80,-1,-1,-1,-1
82,2,1324.22,431.92,79.95,211.01,-1,-1,-1,-1
83,2,1323.37,432.68,79.70,209.05,-1,-1,-1,-1
84,2,1316.65,439.16,78.65,205.01,-1,-1,-1,-1
85,2,1311.29,432.11,87.21,210.44,-1,-1,-1,-1
86,2,1309.98,432.40,76.02,210.01,-1,-1,-1,-1
87,2,1300.87,432.12,79.68,210.32,-1,-1,-1,-1
88,2,1299.02,432.03,81.51,211.35,-1,-1,-1,-1
89,2,1295.51,431.07,74.21,212.95,-1,-1,-1,-1
90,2,1293.32,432.35,76.28,210.25,-1,-1,-1,-1
91,2,1280.67,432.37,87.09,210.19,-1,-1,-1,-1
92,2,1282.65,431.67,81.29,212.15,-1,-1,-1,-1
93,2,1276.98,432.37,78.14,210.07,-1,-1,-1,-1
94,2,1265.21,432.02,86.61,210.12,-1,-1,-1,-1
95,2,1267.30,432.25,81.31,210.83,-1,-1,-1,-1
96,2,1259.64,431.73,82.57,211.22,-1,-1,-1,-1
97,2,1258.54,432.02,81.91,209.60,-1,-1,-1,-1
98,2,1250.35,432.42,84.42,209.84,-1,-1,-1,-1
99,2,1250.43,431.58,82.13,212.22,-1,-1,-1,-1
100,2,1242.77,432.06,83.60,210.18,-1,-1,-1,-1
101,2,1242.35,432.39,81.81,208.81,-1,-1,-1,-1
102,2,1234.73,432.60,82.99,210.03,-1,-1,-1,-1
103,2,1236.21,432.15,77.43,210.93,-1,-1,-1,-1
104,2,1225.96,432.55,84.02,208.60,-1,-1,-1,-1
105,2,1226.37,432.93,80.92,208.54,-1,-1,-1,-1
106,2,1217.10,432.65,85.90,209.73,-1,-1,-1,-1
107,2,1212.40,432.83,81.26,209.03,-1,-1,-1,-1
108,2,1209.47,432.86,83.66,207.45,-1,-1,-1,-1
109,2,1200.77,431.98,87.20,210.48,-1,-1,-1,-1
110,2,1199.15,432.11,88.41,210.32,-1,-1,-1,-1
111,2,1193.69,432.24,85.60,209.59,-1,-1,-1,-1
112,2,1196.17,433.07,77.99,207.95,-1,-1,-1,-1
113,2,1186.97,432.77,82.73,209.71,-1,-1,-1,-1
114,2,1188.73,432.09,76.23,210.67,-1,-1,-1,-1
115,2,1180.45,432.56,79.11,209.55,-1,-1,-1,-1
116,2,1170.28,431.65,85.10,210.80,-1,-1,-1,-1
117,2,1171.90,432.40,79.68,210.66,-1,-1,-1,-1
118,2,1164.75,432.09,80.60,210.32,-1,-1,-1,-1
119,2,1164.23,432.77,78.23,208.07,-1,-1,-1,-1
120,2,1154.11,432.93,84.69,209.05,-1,-1,-1,-1
121,2,1155.29,432.50,79.86,210.46,-1,-1,-1,-1
122,2,1148.29,433.04,79.80,208.20,-1,-1,-1,-1
123,2,1147.59,433.19,79.10,207.28,-1,-1,-1,-1
124,2,1137.26,432.95,85.60,208.41,-1,-1,-1,-1
125,2,1139.18,432.92,79.39,208.79,-1,-1,-1,-1
126,2,1133.83,433.42,76.16,207.65,-1,-1,-1,-1
127,2,1121.58,432.94,86.14,208.43,-1,-1,-1,-1
128,2,1123.81,433.31,80.12,208.81,-1,-1,-1,-1
129,2,1118.87,432.36,75.45,210.14,-1,-1,-1,-1
130,2,1114.15,432.81,82.24,207.68,-1,-1,-1,-1
131,2,1106.77,432.92,83.20,208.86,-1,-1,-1,-1
132,2,1104.71,432.19,85.07,209.50,-1,-1,-1,-1
133,2,1099.56,432.33,80.97,209.27,-1,-1,-1,-1
134,2,1090.97,432.41,83.85,208.86,-1,-1,-1,-1
135,2,1089.96,432.80,84.27,209.48,-1,-1,-1,-1
136,2,1087.96,432.13,85.67,209.97,-1,-1,-1,-1
137,2,1084.58,432.69,77.87,209.43,-1,-1,-1,-1
138,2,1076.37,431.39,80.01,211.52,-1,-1,-1,-1
139,2,1076.20,431.03,78.00,212.64,-1,-1,-1,-1
140,2,1066.39,431.55,84.35,210.53,-1,-1,-1,-1
141,2,1066.74,432.35,81.08,209.55,-1,-1,-1,-1
142,2,1058.57,432.74,83.77,208.49,-1,-1,-1,-1
143,2,1057.71,432.13,83.35,209.13,-1,-1,-1,-1
144,2,1054.26,433.16,76.20,208.25,-1,-1,-1,-1
145,2,1045.66,432.31,78.48,209.72,-1,-1,-1,-1
146,2,1041.77,432.61,83.55,209.20,-1,-1,-1,-1
147,2,1034.79,432.48,82.60,209.08,-1,-1,-1,-1
148,2,1032.91,432.92,84.61,208.34,-1,-1,-1,-1
149,2,1022.00,432.72,91.51,209.88,-1,-1,-1,-1
150,2,1024.45,432.17,85.68,211.51,-1,-1,-1,-1
151,2,1020.94,432.90,78.39,208.86,-1,-1,-1,-1
152,2,1018.98,432.65,79.59,209.28,-1,-1,-1,-1
153,2,1014.35,432.25,75.93,210.22,-1,-1,-1,-1
154,2,1006.85,431.75,76.17,211.10,-1,-1,-1,-1
155,2,1004.31,432.58,78.90,209.45,-1,-1,-1,-1
156,2,1003.28,432.61,78.97,209.07,-1,-1,-1,-1
157,2,994.15,432.56,83.73,210.09,-1,-1,-1,-1
158,2,989.42,432.91,79.24,208.94,-1,-1,-1,-1
159,2,985.66,433.19,83.04,207.05,-1,-1,-1,-1
160,2,979.66,433.45,81.68,207.14,-1,-1,-1,-1
161,2,980.22,433.99,79.10,207.55,-1,-1,-1,-1
162,2,972.16,433.65,80.65,207.42,-1,-1,-1,-1
163,2,971.79,433.84,78.99,206.73,-1,-1,-1,-1
164,2,965.33,433.75,77.59,208.13,-1,-1,-1,-1
165,2,963.22,432.45,79.68,210.11,-1,-1,-1,-1
166,2,958.46,433.79,75.10,207.22,-1,-1,-1,-1
167,2,950.89,433.82,76.26,207.24,-1,-1,-1,-1
168,2,950.02,433.46,75.86,208.76,-1,-1,-1,-1
169,2,943.65,433.47,74.57,208.03,-1,-1,-1,-1
170,2,938.04,433.40,82.81,207.37,-1,-1,-1,-1
171,2,935.28,433.48,75.66,208.12,-1,-1,-1,-1
172,2,927.95,433.74,86.74,206.82,-1,-1,-1,-1
173,2,924.38,433.97,80.29,206.78,-1,-1,-1,-1
174,2,925.27,434.60,75.63,205.72,-1,-1,-1,-1
175,2,914.42,433.79,83.62,207.03,-1,-1,-1,-1
176,2,916.79,433.78,75.99,207.75,-1,-1,-1,-1
177,2,906.43,434.13,83.54,205.12,-1,-1,-1,-1
178,2,904.22,433.98,84.93,206.34,-1,-1,-1,-1
179,2,899.40,433.54,81.55,208.39,-1,-1,-1,-1
180,2,896.52,433.95,84.34,206.42,-1,-1,-1,-1
181,2,892.36,434.15,78.46,205.20,-1,-1,-1,-1
182,2,887.28,434.36,75.53,205.54,-1,-1,-1,-1
183,2,887.07,434.20,72.77,206.52,-1,-1,-1,-1
184,2,876.83,433.60,79.14,205.87,-1,-1,-1,-1
185,2,878.44,434.28,73.73,205.81,-1,-1,-1,-1
186,2,870.44,433.86,75.84,207.08,-1,-1,-1,-1
187,2,871.14,433.65,71.93,207.99,-1,-1,-1,-1
188,2,862.72,434.57,74.91,205.73,-1,-1,-1,-1
189,2,852.91,434.58,79.39,205.11,-1,-1,-1,-1
190,2,850.44,435.49,81.92,204.40,-1,-1,-1,-1
191,2,841.59,434.50,86.16,205.65,-1,-1,-1,-1
192,2,843.98,433.75,79.61,207.82,-1,-1,-1,-1
193,2,845.99,440.97,74.51,201.68,-1,-1,-1,-1
206,2,779.52,437.13,63.10,199.44,-1,-1,-1,-1
207,2,772.39,435.22,65.20,204.43,-1,-1,-1,-1
208,2,768.69,433.96,72.49,207.04,-1,-1,-1,-1
209,2,768.77,433.57,71.50,207.29,-1,-1,-1,-1
210,2,764.90,434.29,77.29,205.70,-1,-1,-1,-1
211,2,756.01,434.05,80.53,206.90,-1,-1,-1,-1
212,2,756.68,434.25,77.24,207.26,-1,-1,-1,-1
213,2,749.96,433.69,78.17,208.15,-1,-1,-1,-1
214,2,750.20,434.38,73.66,206.18,-1,-1,-1,-1
215,2,737.75,434.43,85.18,206.32,-1,-1,-1,-1
216,2,741.20,434.27,74.74,206.73,-1,-1,-1,-1
217,2,732.24,434.11,79.45,206.00,-1,-1,-1,-1
218,2,722.58,433.64,84.09,207.12,-1,-1,-1,-1
219,2,725.49,434.35,76.29,207.16,-1,-1,-1,-1
220,2,718.21,433.87,77.47,207.02,-1,-1,-1,-1
221,2,713.76,434.32,82.38,205.63,-1,-1,-1,-1
222,2,707.25,433.94,82.71,207.08,-1,-1,-1,-1
223,2,708.61,433.81,77.83,207.98,-1,-1,-1,-1
224,2,700.98,434.30,78.28,205.83,-1,-1,-1,-1
225,2,700.15,434.64,77.75,204.60,-1,-1,-1,-1
226,2,694.02,434.77,76.26,205.47,-1,-1,-1,-1
227,2,693.81,434.37,73.63,206.40,-1,-1,-1,-1
228,2,684.90,434.02,78.09,205.37,-1,-1,-1,-1
229,2,675.04,434.50,83.16,205.38,-1,-1,-1,-1
230,2,676.17,434.72,79.49,206.03,-1,-1,-1,-1
231,2,672.82,434.68,71.97,205.98,-1,-1,-1,-1
232,2,664.89,434.49,84.84,204.33,-1,-1,-1,-1
233,2,660.21,434.31,81.15,205.46,-1,-1,-1,-1
234,2,662.40,433.73,73.24,207.64,-1,-1,-1,-1
235,2,652.61,434.41,79.22,204.45,-1,-1,-1,-1
236,2,653.15,434.80,75.65,205.06,-1,-1,-1,-1
237,2,643.53,433.30,81.54,207.95,-1,-1,-1,-1
238,2,644.16,432.66,77.80,209.83,-1,-1,-1,-1
239,2,634.00,433.41,83.07,207.09,-1,-1,-1,-1
240,2,627.09,433.42,83.46,207.81,-1,-1,-1,-1
241,2,628.25,433.29,78.50,209.20,-1,-1,-1,-1
242,2,621.70,433.69,77.35,207.65,-1,-1,-1,-1
243,2,609.08,433.19,87.25,206.75,-1,-1,-1,-1
244,2,612.17,433.90,79.34,206.54,-1,-1,-1,-1
245,2,613.57,433.05,76.08,207.93,-1,-1,-1,-1
246,2,611.07,434.08,81.39,205.39,-1,-1,-1,-1
247,2,591.60,438.00,88.27,196.89,-1,-1,-1,-1
248,2,584.41,436.13,87.23,198.88,-1,-1,-1,-1
10,3,-9.24,443.39,60.99,199.55,-1,-1,-1,-1
11,3,-8.65,442.45,62.10,201.58,-1,-1,-1,-1
12,3,-10.35,441.84,64.75,201.80,-1,-1,-1,-1
13,3,-3.11,441.97,68.03,201.45,-1,-1,-1,-1
14,3,-3.75,442.09,72.85,201.19,-1,-1,-1,-1
15,3,-3.68,442.61,74.58,199.39,-1,-1,-1,-1
16,3,-3.57,442.38,74.29,199.60,-1,-1,-1,-1
17,3,-2.87,441.34,85.53,202.85,-1,-1,-1,-1
18,3,-3.57,441.23,88.11,202.71,-1,-1,-1,-1
19,3,2.18,441.34,82.98,203.04,-1,-1,-1,-1
20,3,4.31,441.43,89.15,203.61,-1,-1,-1,-1
21,3,12.79,442.56,77.86,201.42,-1,-1,-1,-1
22,3,16.81,443.46,82.79,199.48,-1,-1,-1,-1
23,3,19.10,442.49,82.79,200.04,-1,-1,-1,-1
24,3,23.39,441.78,85.85,201.31,-1,-1,-1,-1
25,3,24.42,441.76,89.17,201.37,-1,-1,-1,-1
26,3,32.70,442.33,84.80,200.63,-1,-1,-1,-1
27,3,34.80,442.37,84.64,200.64,-1,-1,-1,-1
28,3,37.69,440.80,90.07,203.16,-1,-1,-1,-1
29,3,41.13,442.57,89.14,199.31,-1,-1,-1,-1
30,3,46.74,441.61,89.32,201.50,-1,-1,-1,-1
31,3,48.82,442.33,89.18,199.63,-1,-1,-1,-1
32,3,59.24,442.34,81.99,198.85,-1,-1,-1,-1
33,3,61.86,442.90,89.49,199.15,-1,-1,-1,-1
34,3,64.80,442.04,88.00,200.24,-1,-1,-1,-1
35,3,69.13,441.60,90.20,201.87,-1,-1,-1,-1
36,3,76.92,442.66,80.66,199.83,-1,-1,-1,-1
37,3,81.44,442.38,84.40,200.04,-1,-1,-1,-1
38,3,82.08,441.48,86.30,200.81,-1,-1,-1,-1
39,3,89.80,441.57,83.78,200.91,-1,-1,-1,-1
40,3,92.53,441.95,91.01,201.50,-1,-1,-1,-1
41,3,97.94,441.59,83.94,201.57,-1,-1,-1,-1
42,3,100.88,441.73,90.17,201.57,-1,-1,-1,-1
43,3,107.41,442.56,82.15,200.66,-1,-1,-1,-1
44,3,110.93,441.99,87.72,201.25,-1,-1,-1,-1
45,3,112.14,442.09,88.75,200.49,-1,-1,-1,-1
46,3,122.33,440.99,81.53,201.82,-1,-1,-1,-1
47,3,123.95,441.26,91.96,202.25,-1,-1,-1,-1
48,3,127.24,441.16,87.99,202.77,-1,-1,-1,-1
49,3,130.37,441.83,86.28,201.82,-1,-1,-1,-1
50,3,137.36,441.14,85.06,202.71,-1,-1,-1,-1
51,3,138.52,441.86,94.41,201.98,-1,-1,-1,-1
52,3,143.82,441.20,88.75,202.12,-1,-1,-1,-1
53,3,151.63,441.21,85.32,202.36,-1,-1,-1,-1
54,3,153.93,441.68,85.85,201.50,-1,-1,-1,-1
55,3,160.07,441.87,86.28,201.37,-1,-1,-1,-1
56,3,159.89,441.39,89.57,202.00,-1,-1,-1,-1
57,3,166.20,440.02,89.36,205.15,-1,-1,-1,-1
58,3,166.23,440.89,94.36,202.48,-1,-1,-1,-1
59,3,176.02,441.00,88.00,202.24,-1,-1,-1,-1
60,3,176.85,441.01,89.26,201.97,-1,-1,-1,-1
61,3,184.73,440.87,86.19,202.44,-1,-1,-1,-1
62,3,191.50,442.19,86.47,200.75,-1,-1,-1,-1
63,3,191.86,441.45,88.79,201.77,-1,-1,-1,-1
64,3,195.54,440.87,93.42,203.62,-1,-1,-1,-1
65,3,196.95,440.74,95.21,203.32,-1,-1,-1,-1
66,3,202.95,441.62,95.18,201.63,-1,-1,-1,-1
67,3,205.76,440.75,93.66,202.65,-1,-1,-1,-1
68,3,214.22,435.35,89.14,205.21,-1,-1,-1,-1
69,3,219.30,441.42,93.28,202.15,-1,-1,-1,-1
70,3,221.08,440.94,93.02,202.63,-1,-1,-1,-1
71,3,227.10,441.59,84.93,202.27,-1,-1,-1,-1
72,3,232.46,440.48,88.26,203.84,-1,-1,-1,-1
73,3,238.92,441.76,87.28,201.69,-1,-1,-1,-1
74,3,242.11,442.33,85.34,200.33,-1,-1,-1,-1
75,3,243.53,440.32,93.84,204.52,-1,-1,-1,-1
76,3,248.59,441.12,88.98,202.16,-1,-1,-1,-1
77,3,254.80,440.98,89.14,203.06,-1,-1,-1,-1
78,3,256.19,440.65,89.90,203.69,-1,-1,-1,-1
79,3,263.87,440.61,87.62,203.32,-1,-1,-1,-1
80,3,268.13,441.76,91.53,201.34,-1,-1,-1,-1
81,3,270.36,441.62,90.55,201.25,-1,-1,-1,-1
82,3,272.38,441.21,90.05,202.52,-1,-1,-1,-1
83,3,280.24,440.34,87.90,203.42,-1,-1,-1,-1
84,3,286.77,441.70,88.66,201.77,-1,-1,-1,-1
85,3,290.09,441.93,85.60,201.27,-1,-1,-1,-1
86,3,292.29,440.89,92.35,203.83,-1,-1,-1,-1
87,3,294.27,441.09,94.06,202.19,-1,-1,-1,-1
88,3,298.54,440.90,96.27,203.34,-1,-1,-1,-1
89,3,307.14,441.17,84.86,202.15,-1,-1,-1,-1
90,3,310.65,440.79,90.48,202.87,-1,-1,-1,-1
91,3,318.96,442.42,86.62,200.32,-1,-1,-1,-1
92,3,320.23,441.79,88.19,201.36,-1,-1,-1,-1
93,3,324.14,441.14,91.46,202.87,-1,-1,-1,-1
94,3,327.10,441.59,91.29,201.04,-1,-1,-1,-1
95,3,335.69,441.94,86.57,200.50,-1,-1,-1,-1
96,3,338.68,442.70,84.41,199.67,-1,-1,-1,-1
97,3,345.12,436.29,85.09,203.05,-1,-1,-1,-1
98,3,348.09,442.24,83.01,201.17,-1,-1,-1,-1
99,3,349.79,441.50,92.43,201.82,-1,-1,-1,-1
100,3,350.43,441.62,93.63,201.73,-1,-1,-1,-1
101,3,357.32,440.94,91.88,202.56,-1,-1,-1,-1
102,3,363.57,442.27,93.14,199.97,-1,-1,-1,-1
103,3,370.06,442.45,84.52,199.63,-1,-1,-1,-1
104,3,373.38,436.52,89.82,202.84,-1,-1,-1,-1
105,3,375.14,441.47,91.46,201.20,-1,-1,-1,-1
106,3,379.53,441.90,94.58,201.05,-1,-1,-1,-1
107,3,384.69,441.47,88.60,201.71,-1,-1,-1,-1
108,3,389.98,440.82,89.92,203.22,-1,-1,-1,-1
109,3,393.13,441.84,88.73,201.15,-1,-1,-1,-1
110,3,396.43,441.22,93.96,202.29,-1,-1,-1,-1
111,3,404.55,441.83,82.35,200.64,-1,-1,-1,-1
112,3,409.17,441.02,86.20,202.05,-1,-1,-1,-1
113,3,414.35,442.43,88.03,200.29,-1,-1,-1,-1
114,3,415.57,442.12,90.03,200.16,-1,-1,-1,-1
115,3,420.35,441.44,91.39,202.32,-1,-1,-1,-1
116,3,427.38,442.62,82.81,200.29,-1,-1,-1,-1
117,3,432.76,442.77,85.38,199.42,-1,-1,-1,-1
118,3,432.65,441.83,88.32,200.13,-1,-1,-1,-1
119,3,436.99,440.79,92.21,203.08,-1,-1,-1,-1
120,3,445.06,441.92,89.89,201.68,-1,-1,-1,-1
121,3,446.48,442.15,90.15,200.84,-1,-1,-1,-1
122,3,457.01,442.40,82.45,200.81,-1,-1,-1,-1
123,3,455.58,441.41,88.94,201.58,-1,-1,-1,-1
124,3,460.28,442.71,92.62,200.16,-1,-1,-1,-1
125,3,463.76,441.63,89.53,201.15,-1,-1,-1,-1
126,3,468.47,441.04,91.29,202.44,-1,-1,-1,-1
127,3,472.59,441.25,89.59,202.09,-1,-1,-1,-1
128,3,479.86,441.97,86.43,200.57,-1,-1,-1,-1
129,3,485.96,443.25,79.22,198.20,-1,-1,-1,-1
130,3,491.59,441.99,80.82,200.08,-1,-1,-1,-1
131,3,487.58,442.00,92.23,200.56,-1,-1,-1,-1
132,3,497.79,441.48,84.94,201.04,-1,-1,-1,-1
133,3,499.25,441.08,84.79,201.72,-1,-1,-1,-1
134,3,505.36,441.31,86.97,201.72,-1,-1,-1,-1
135,3,509.79,441.27,89.90,202.32,-1,-1,-1,-1
136,3,511.51,441.43,89.64,201.30,-1,-1,-1,-1
137,3,521.64,441.45,83.04,201.29,-1,-1,-1,-1
138,3,519.75,441.20,91.48,201.71,-1,-1,-1,-1
139,3,523.99,441.53,94.20,201.58,-1,-1,-1,-1
140,3,531.94,441.56,83.02,201.26,-1,-1,-1,-1
141,3,534.75,440.51,89.86,203.21,-1,-1,-1,-1
142,3,539.33,441.35,94.22,201.99,-1,-1,-1,-1
143,3,543.27,440.65,89.73,202.82,-1,-1,-1,-1
144,3,550.67,440.75,87.60,203.13,-1,-1,-1,-1
145,3,551.01,441.48,91.57,201.39,-1,-1,-1,-1
146,3,557.79,441.05,90.04,202.55,-1,-1,-1,-1
147,3,561.50,441.80,87.30,200.83,-1,-1,-1,-1
148,3,568.81,440.19,85.44,203.36,-1,-1,-1,-1
149,3,572.21,441.48,91.42,202.13,-1,-1,-1,-1
150,3,577.61,441.17,85.05,201.88,-1,-1,-1,-1
151,3,577.03,441.26,88.91,202.40,-1,-1,-1,-1
152,3,586.66,441.45,83.65,202.66,-1,-1,-1,-1
153,3,589.51,442.04,89.39,201.25,-1,-1,-1,-1
154,3,593.39,442.01,86.55,200.25,-1,-1,-1,-1
155,3,597.15,440.42,90.32,203.68,-1,-1,-1,-1
156,3,599.11,440.66,91.79,203.06,-1,-1,-1,-1
157,3,606.06,440.40,90.31,204.03,-1,-1,-1,-1
158,3,608.94,441.47,88.41,202.65,-1,-1,-1,-1
159,3,618.43,440.57,83.47,203.55,-1,-1,-1,-1
160,3,620.41,441.50,91.14,201.70,-1,-1,-1,-1
161,3,625.16,440.93,86.13,202.00,-1,-1,-1,-1
162,3,625.37,440.60,88.50,203.03,-1,-1,-1,-1
163,3,632.89,440.06,87.19,204.52,-1,-1,-1,-1
164,3,636.66,440.87,92.45,203.33,-1,-1,-1,-1
165,3,644.06,441.11,82.66,202.62,-1,-1,-1,-1
166,3,649.66,440.84,82.90,202.21,-1,-1,-1,-1
167,3,648.62,440.68,89.85,202.66,-1,-1,-1,-1
168,3,655.20,440.59,88.45,203.03,-1,-1,-1,-1
169,3,655.48,440.66,91.78,203.00,-1,-1,-1,-1
170,3,664.21,439.51,86.40,204.80,-1,-1,-1,-1
171,3,671.24,441.21,86.21,203.00,-1,-1,-1,-1
172,3,671.17,441.59,89.59,201.52,-1,-1,-1,-1
173,3,673.60,441.30,87.11,202.46,-1,-1,-1,-1
174,3,679.84,440.78,89.51,202.97,-1,-1,-1,-1
175,3,686.38,441.01,88.77,202.70,-1,-1,-1,-1
176,3,689.64,441.72,86.23,200.31,-1,-1,-1,-1
177,3,697.80,439.55,83.15,204.54,-1,-1,-1,-1
178,3,697.65,441.16,87.99,202.34,-1,-1,-1,-1
179,3,706.22,440.73,83.94,202.35,-1,-1,-1,-1
180,3,712.33,441.66,83.18,200.73,-1,-1,-1,-1
181,3,712.54,436.65,87.00,202.85,-1,-1,-1,-1
182,3,717.77,441.87,88.89,201.25,-1,-1,-1,-1
183,3,720.91,441.55,85.92,201.25,-1,-1,-1,-1
184,3,729.00,436.75,83.18,202.22,-1,-1,-1,-1
185,3,727.08,441.15,91.49,202.12,-1,-1,-1,-1
186,3,733.77,441.65,89.68,201.48,-1,-1,-1,-1
187,3,739.18,442.12,83.69,199.96,-1,-1,-1,-1
188,3,744.23,440.11,86.03,203.77,-1,-1,-1,-1
189,3,752.07,441.88,84.18,200.87,-1,-1,-1,-1
190,3,748.81,441.90,93.61,200.83,-1,-1,-1,-1
191,3,752.78,441.37,89.97,200.67,-1,-1,-1,-1
192,3,759.90,439.89,89.30,203.91,-1,-1,-1,-1
193,3,767.32,440.60,86.58,203.88,-1,-1,-1,-1
194,3,765.89,440.84,93.45,202.17,-1,-1,-1,-1
195,3,770.10,441.07,95.79,201.97,-1,-1,-1,-1
196,3,772.97,441.09,94.83,201.79,-1,-1,-1,-1
197,3,778.43,439.60,96.85,206.01,-1,-1,-1,-1
198,3,781.49,439.68,94.87,204.86,-1,-1,-1,-1
199,3,789.74,439.99,90.96,204.64,-1,-1,-1,-1
200,3,790.09,440.96,95.26,203.39,-1,-1,-1,-1
201,3,798.53,440.83,90.04,202.92,-1,-1,-1,-1
202,3,800.50,441.01,90.39,203.24,-1,-1,-1,-1
203,3,807.29,440.42,89.25,203.97,-1,-1,-1,-1
204,3,815.96,441.33,85.49,201.98,-1,-1,-1,-1
205,3,818.86,441.43,83.55,201.80,-1,-1,-1,-1
206,3,822.12,435.84,88.28,204.40,-1,-1,-1,-1
207,3,824.33,440.30,90.43,202.91,-1,-1,-1,-1
208,3,829.20,440.81,90.98,203.14,-1,-1,-1,-1
209,3,831.31,441.09,90.55,202.22,-1,-1,-1,-1
210,3,838.39,435.01,88.30,204.51,-1,-1,-1,-1
211,3,837.47,440.96,94.78,202.42,-1,-1,-1,-1
212,3,850.53,440.51,83.85,202.99,-1,-1,-1,-1
213,3,857.27,441.72,81.87,201.01,-1,-1,-1,-1
214,3,855.00,441.13,91.68,202.72,-1,-1,-1,-1
215,3,861.44,441.45,90.37,201.61,-1,-1,-1,-1
216,3,865.22,441.66,86.60,200.80,-1,-1,-1,-1
217,3,870.12,440.82,89.03,202.46,-1,-1,-1,-1
218,3,874.78,441.81,85.48,200.45,-1,-1,-1,-1
219,3,881.09,436.62,85.98,202.56,-1,-1,-1,-1
220,3,881.06,436.86,88.88,203.02,-1,-1,-1,-1
221,3,890.89,436.10,82.11,204.29,-1,-1,-1,-1
222,3,895.20,441.90,86.66,200.83,-1,-1,-1,-1
223,3,897.93,441.33,85.17,200.81,-1,-1,-1,-1
224,3,905.13,436.60,83.36,202.51,-1,-1,-1,-1
225,3,905.62,441.67,86.67,199.97,-1,-1,-1,-1
226,3,908.27,441.88,93.25,200.17,-1,-1,-1,-1
227,3,912.51,436.99,88.22,202.54,-1,-1,-1,-1
228,3,917.48,436.82,89.23,202.68,-1,-1,-1,-1
229,3,918.58,436.06,93.56,204.29,-1,-1,-1,-1
230,3,926.61,441.17,88.97,202.10,-1,-1,-1,-1
231,3,930.24,441.64,86.20,200.95,-1,-1,-1,-1
232,3,933.50,439.07,91.72,205.61,-1,-1,-1,-1
233,3,940.92,440.64,90.14,203.29,-1,-1,-1,-1
234,3,945.16,440.57,86.52,202.44,-1,-1,-1,-1
235,3,944.27,441.00,90.40,202.04,-1,-1,-1,-1
236,3,954.77,440.97,84.24,202.33,-1,-1,-1,-1
237,3,960.11,441.17,85.74,202.30,-1,-1,-1,-1
238,3,959.86,441.21,89.87,201.54,-1,-1,-1,-1
239,3,969.14,436.18,85.34,203.94,-1,-1,-1,-1
240,3,971.39,441.43,84.81,201.65,-1,-1,-1,-1
241,3,975.76,440.67,88.68,202.56,-1,-1,-1,-1
242,3,983.99,440.71,84.12,202.96,-1,-1,-1,-1
243,3,986.34,440.44,83.14,203.30,-1,-1,-1,-1
244,3,990.36,440.66,77.83,203.14,-1,-1,-1,-1
245,3,992.40,439.43,71.53,204.82,-1,-1,-1,-1
246,3,993.18,439.52,72.36,205.03,-1,-1,-1,-1
247,3,1001.86,435.91,67.72,203.93,-1,-1,-1,-1
60,4,1870.05,439.67,61.47,207.65,-1,-1,-1,-1
61,4,1871.58,439.55,60.55,208.13,-1,-1,-1,-1
62,4,1857.56,440.66,69.67,205.06,-1,-1,-1,-1
63,4,1853.12,435.21,76.07,206.10,-1,-1,-1,-1
64,4,1850.96,436.05,76.80,204.60,-1,-1,-1,-1
65,4,1841.63,435.09,84.39,205.28,-1,-1,-1,-1
66,4,1840.83,435.56,84.32,204.79,-1,-1,-1,-1
67,4,1837.75,435.48,86.99,206.00,-1,-1,-1,-1
68,4,1836.59,434.24,82.49,206.78,-1,-1,-1,-1
69,4,1825.18,434.52,90.68,205.60,-1,-1,-1,-1
70,4,1824.19,434.64,88.84,204.87,-1,-1,-1,-1
71,4,1819.53,433.55,86.32,207.99,-1,-1,-1,-1
72,4,1815.47,434.70,88.40,204.83,-1,-1,-1,-1
73,4,1810.08,435.14,87.05,204.17,-1,-1,-1,-1
74,4,1810.82,433.67,80.64,206.76,-1,-1,-1,-1
75,4,1805.30,434.12,78.86,206.06,-1,-1,-1,-1
76,4,1798.68,434.11,88.23,206.09,-1,-1,-1,-1
77,4,1795.25,434.49,82.30,205.05,-1,-1,-1,-1
78,4,1795.26,434.12,78.78,206.64,-1,-1,-1,-1
79,4,1783.81,435.25,89.06,204.72,-1,-1,-1,-1
80,4,1780.81,434.91,91.02,204.57,-1,-1,-1,-1
81,4,1775.11,435.60,90.71,203.16,-1,-1,-1,-1
82,4,1775.36,434.83,85.91,205.76,-1,-1,-1,-1
83,4,1770.35,434.87,82.39,204.76,-1,-1,-1,-1
84,4,1763.92,435.58,81.80,204.01,-1,-1,-1,-1
85,4,1762.62,435.11,82.10,204.76,-1,-1,-1,-1
86,4,1758.32,435.59,87.97,204.07,-1,-1,-1,-1
87,4,1748.80,434.75,91.77,204.70,-1,-1,-1,-1
88,4,1747.55,435.06,82.11,203.80,-1,-1,-1,-1
89,4,1743.05,434.76,87.04,205.47,-1,-1,-1,-1
90,4,1733.43,434.20,94.23,206.19,-1,-1,-1,-1
91,4,1730.51,433.55,85.67,207.25,-1,-1,-1,-1
92,4,1728.50,435.41,86.64,203.40,-1,-1,-1,-1
93,4,1726.38,435.23,89.10,205.09,-1,-1,-1,-1
94,4,1718.27,433.96,90.36,206.10,-1,-1,-1,-1
95,4,1710.60,435.34,93.76,204.57,-1,-1,-1,-1
96,4,1713.21,433.76,85.54,207.34,-1,-1,-1,-1
97,4,1703.41,433.80,91.68,207.38,-1,-1,-1,-1
98,4,1700.95,433.36,91.95,208.11,-1,-1,-1,-1
99,4,1696.72,433.96,87.68,206.66,-1,-1,-1,-1
100,4,1698.39,433.32,79.48,208.81,-1,-1,-1,-1
101,4,1689.65,434.95,85.33,205.18,-1,-1,-1,-1
102,4,1681.79,434.52,88.01,205.94,-1,-1,-1,-1
103,4,1679.48,435.36,89.63,204.09,-1,-1,-1,-1
104,4,1679.90,433.98,84.57,207.20,-1,-1,-1,-1
105,4,1671.46,433.77,88.30,206.83,-1,-1,-1,-1
106,4,1667.14,434.19,84.30,206.31,-1,-1,-1,-1
107,4,1665.52,434.10,84.07,206.77,-1,-1,-1,-1
108,4,1656.40,434.69,89.96,205.71,-1,-1,-1,-1
109,4,1653.75,434.22,89.92,206.27,-1,-1,-1,-1
110,4,1649.58,434.49,86.10,205.59,-1,-1,-1,-1
111,4,1649.79,433.68,80.82,208.05,-1,-1,-1,-1
112,4,1639.56,433.93,89.11,206.74,-1,-1,-1,-1
113,4,1632.19,434.61,91.10,206.33,-1,-1,-1,-1
114,4,1633.88,433.78,84.49,207.60,-1,-1,-1,-1
115,4,1628.31,434.35,82.03,206.55,-1,-1,-1,-1
116,4,1624.81,434.81,85.71,205.14,-1,-1,-1,-1
117,4,1618.51,435.37,85.58,204.75,-1,-1,-1,-1
118,4,1616.78,434.18,85.42,206.98,-1,-1,-1,-1
119,4,1611.80,434.37,81.35,206.29,-1,-1,-1,-1
120,4,1608.80,434.41,82.94,206.66,-1,-1,-1,-1
121,4,1601.33,435.27,86.88,204.86,-1,-1,-1,-1
122,4,1599.39,434.81,87.68,205.99,-1,-1,-1,-1
123,4,1594.22,434.49,83.24,206.30,-1,-1,-1,-1
124,4,1589.50,435.25,79.72,204.86,-1,-1,-1,-1
125,4,1586.06,434.73,83.70,205.63,-1,-1,-1,-1
126,4,1582.13,433.71,78.50,207.71,-1,-1,-1,-1
127,4,1578.03,433.94,81.27,207.23,-1,-1,-1,-1
128,4,1569.90,435.42,86.46,205.03,-1,-1,-1,-1
129,4,1567.80,434.34,87.00,206.64,-1,-1,-1,-1
130,4,1562.50,434.58,84.04,205.97,-1,-1,-1,-1
131,4,1559.33,434.78,86.09,205.45,-1,-1,-1,-1
132,4,1554.34,434.78,83.98,205.12,-1,-1,-1,-1
133,4,1551.19,434.36,87.90,206.24,-1,-1,-1,-1
134,4,1541.36,433.63,92.27,206.81,-1,-1,-1,-1
135,4,1539.48,434.65,83.91,205.66,-1,-1,-1,-1
136,4,1536.68,434.95,86.45,205.07,-1,-1,-1,-1
137,4,1527.76,434.49,91.52,206.45,-1,-1,-1,-1
138,4,1529.20,433.98,83.56,206.52,-1,-1,-1,-1
139,4,1524.69,434.31,80.43,205.94,-1,-1,-1,-1
140,4,1522.70,433.54,79.31,208.03,-1,-1,-1,-1
141,4,1516.28,434.06,80.93,206.33,-1,-1,-1,-1
142,4,1510.27,434.73,87.38,205.81,-1,-1,-1,-1
143,4,1505.97,434.41,84.93,205.61,-1,-1,-1,-1
144,4,1501.57,435.09,90.48,205.38,-1,-1,-1,-1
145,4,1497.14,434.45,85.24,205.53,-1,-1,-1,-1
146,4,1492.91,434.97,80.97,204.63,-1,-1,-1,-1
147,4,1487.68,434.53,87.66,206.05,-1,-1,-1,-1
148,4,1481.08,433.46,88.65,207.68,-1,-1,-1,-1
149,4,1477.91,434.30,89.19,206.29,-1,-1,-1,-1
150,4,1471.61,434.87,90.11,205.31,-1,-1,-1,-1
151,4,1472.57,434.49,84.71,206.58,-1,-1,-1,-1
152,4,1465.54,434.37,84.88,206.19,-1,-1,-1,-1
153,4,1457.97,435.38,87.60,204.36,-1,-1,-1,-1
154,4,1455.68,434.95,88.38,204.72,-1,-1,-1,-1
155,4,1455.10,434.40,86.83,206.18,-1,-1,-1,-1
156,4,1449.01,433.77,84.86,207.11,-1,-1,-1,-1
157,4,1440.95,434.94,88.37,205.57,-1,-1,-1,-1
158,4,1441.46,433.62,84.56,207.96,-1,-1,-1,-1
159,4,1432.03,433.93,90.03,206.85,-1,-1,-1,-1
160,4,1432.51,433.21,84.22,207.49,-1,-1,-1,-1
161,4,1428.00,434.74,81.93,205.14,-1,-1,-1,-1
162,4,1422.97,434.52,88.71,206.04,-1,-1,-1,-1
163,4,1416.41,433.60,87.87,206.69,-1,-1,-1,-1
164,4,1411.61,434.81,83.95,205.32,-1,-1,-1,-1
165,4,1408.88,435.22,86.27,204.40,-1,-1,-1,-1
166,4,1406.46,434.52,78.44,206.22,-1,-1,-1,-1
167,4,1401.26,435.04,83.62,205.57,-1,-1,-1,-1
168,4,1396.35,435.43,81.81,204.45,-1,-1,-1,-1
169,4,1394.38,434.56,80.38,206.50,-1,-1,-1,-1
170,4,1384.98,434.25,87.50,206.32,-1,-1,-1,-1
171,4,1386.37,434.15,79.97,206.93,-1,-1,-1,-1
172,4,1380.80,434.34,79.73,206.55,-1,-1,-1,-1
173,4,1378.08,435.28,79.59,205.51,-1,-1,-1,-1
174,4,1369.29,435.76,85.11,203.29,-1,-1,-1,-1
175,4,1364.10,435.63,83.46,203.72,-1,-1,-1,-1
176,4,1363.70,435.20,81.10,204.51,-1,-1,-1,-1
177,4,1356.36,435.39,82.54,204.63,-1,-1,-1,-1
178,4,1353.30,435.96,83.81,203.43,-1,-1,-1,-1
179,4,1349.23,435.11,79.72,205.11,-1,-1,-1,-1
180,4,1345.36,435.77,83.37,204.21,-1,-1,-1,-1
181,4,1337.68,435.15,86.55,204.40,-1,-1,-1,-1
182,4,1336.23,435.22,83.77,204.47,-1,-1,-1,-1
183,4,1328.99,435.64,86.74,203.22,-1,-1,-1,-1
184,4,1327.96,434.86,85.40,204.87,-1,-1,-1,-1
185,4,1318.23,434.79,90.55,205.00,-1,-1,-1,-1
186,4,1315.77,434.81,83.31,205.32,-1,-1,-1,-1
187,4,1313.19,433.68,83.76,207.55,-1,-1,-1,-1
188,4,1310.61,435.18,76.66,204.71,-1,-1,-1,-1
189,4,1303.98,433.37,85.17,207.44,-1,-1,-1,-1
190,4,1297.42,434.60,87.39,205.44,-1,-1,-1,-1
191,4,1297.07,433.97,85.70,206.31,-1,-1,-1,-1
192,4,1291.25,432.19,83.15,209.07,-1,-1,-1,-1
193,4,1289.08,434.42,82.79,205.99,-1,-1,-1,-1
194,4,1285.65,432.93,77.62,208.27,-1,-1,-1,-1
195,4,1279.99,434.64,86.45,204.94,-1,-1,-1,-1
196,4,1276.72,433.92,79.27,206.48,-1,-1,-1,-1
197,4,1268.55,435.07,81.23,204.85,-1,-1,-1,-1
198,4,1265.83,434.97,83.86,205.21,-1,-1,-1,-1
199,4,1256.41,434.50,88.53,205.60,-1,-1,-1,-1
200,4,1259.29,434.30,79.06,206.35,-1,-1,-1,-1
201,4,1249.10,440.66,88.29,203.00,-1,-1,-1,-1
202,4,1245.30,439.12,92.05,206.42,-1,-1,-1,-1
203,4,1244.04,439.77,79.45,204.29,-1,-1,-1,-1
204,4,1232.45,435.29,89.53,205.43,-1,-1,-1,-1
205,4,1233.94,439.33,83.64,204.71,-1,-1,-1,-1
206,4,1225.76,434.69,87.06,206.35,-1,-1,-1,-1
207,4,1225.72,433.74,82.63,207.72,-1,-1,-1,-1
208,4,1215.31,435.44,91.50,204.35,-1,-1,-1,-1
209,4,1214.62,435.55,89.48,204.62,-1,-1,-1,-1
210,4,1207.78,435.42,91.15,203.82,-1,-1,-1,-1
211,4,1205.88,434.99,90.19,205.34,-1,-1,-1,-1
212,4,1202.18,435.99,84.40,203.57,-1,-1,-1,-1
213,4,1198.29,435.24,89.74,205.06,-1,-1,-1,-1
214,4,1189.78,435.27,92.05,203.06,-1,-1,-1,-1
215,4,1189.19,436.19,89.95,201.46,-1,-1,-1,-1
216,4,1183.32,435.74,89.54,203.24,-1,-1,-1,-1
217,4,1181.15,435.75,80.60,203.28,-1,-1,-1,-1
218,4,1174.14,435.45,89.84,204.16,-1,-1,-1,-1
219,4,1172.71,435.82,81.05,202.83,-1,-1,-1,-1
220,4,1166.89,436.08,89.13,202.93,-1,-1,-1,-1
221,4,1160.65,435.60,87.80,203.05,-1,-1,-1,-1
222,4,1159.62,436.31,85.20,202.34,-1,-1,-1,-1
223,4,1153.66,437.36,85.81,199.72,-1,-1,-1,-1
224,4,1150.72,436.78,88.26,201.83,-1,-1,-1,-1
225,4,1145.14,436.72,86.22,201.13,-1,-1,-1,-1
226,4,1143.50,437.15,84.87,201.29,-1,-1,-1,-1
227,4,1138.82,436.37,81.58,202.57,-1,-1,-1,-1
228,4,1135.79,437.00,75.77,201.26,-1,-1,-1,-1
229,4,1126.51,436.34,88.53,201.81,-1,-1,-1,-1
230,4,1124.17,436.23,82.22,202.13,-1,-1,-1,-1
231,4,1121.90,437.06,81.88,201.90,-1,-1,-1,-1
232,4,1116.84,437.14,80.20,200.64,-1,-1,-1,-1
233,4,1112.24,437.18,84.06,201.08,-1,-1,-1,-1
234,4,1108.30,436.41,79.77,201.81,-1,-1,-1,-1
235,4,1107.39,435.99,76.69,202.57,-1,-1,-1,-1
236,4,1097.32,437.03,85.49,200.52,-1,-1,-1,-1
237,4,1092.77,437.07,82.18,201.10,-1,-1,-1,-1
238,4,1094.72,435.91,74.65,203.22,-1,-1,-1,-1
239,4,1086.79,436.52,77.93,201.74,-1,-1,-1,-1
240,4,1083.29,437.26,80.50,200.94,-1,-1,-1,-1
241,4,1078.46,436.37,78.29,201.76,-1,-1,-1,-1
242,4,1075.67,436.43,79.28,202.59,-1,-1,-1,-1
243,4,1069.92,436.83,78.11,201.60,-1,-1,-1,-1
244,4,1068.16,435.73,75.26,204.54,-1,-1,-1,-1
245,4,1058.76,435.62,83.33,204.05,-1,-1,-1,-1
246,4,1058.26,434.91,82.52,204.56,-1,-1,-1,-1
247,4,1051.30,435.95,82.24,203.23,-1,-1,-1,-1
248,4,1048.46,435.43,83.48,203.31,-1,-1,-1,-1
249,4,1040.94,434.61,84.51,205.97,-1,-1,-1,-1
250,4,1035.18,435.74,83.74,202.66,-1,-1,-1,-1
110,5,-18.25,438.55,54.65,195.59,-1,-1,-1,-1
111,5,-20.03,437.98,59.10,196.35,-1,-1,-1,-1
112,5,-20.68,437.32,59.73,196.85,-1,-1,-1,-1
113,5,-20.66,438.75,60.81,194.13,-1,-1,-1,-1
114,5,-13.75,437.96,66.50,196.04,-1,-1,-1,-1
115,5,-14.76,436.50,70.28,198.60,-1,-1,-1,-1
116,5,-0.28,436.65,64.91,199.06,-1,-1,-1,-1
117,5,7.42,437.84,55.11,196.79,-1,-1,-1,-1
118,5,14.30,448.39,57.76,188.43,-1,-1,-1,-1
119,5,12.12,435.34,63.72,200.80,-1,-1,-1,-1
120,5,15.22,435.86,58.44,200.85,-1,-1,-1,-1
121,5,21.87,438.02,59.12,196.05,-1,-1,-1,-1
122,5,30.85,437.44,56.11,198.48,-1,-1,-1,-1
123,5,27.54,436.78,65.31,198.61,-1,-1,-1,-1
124,5,34.90,437.68,64.52,197.33,-1,-1,-1,-1
125,5,40.73,437.57,55.16,197.19,-1,-1,-1,-1
126,5,44.51,436.05,62.66,201.04,-1,-1,-1,-1
127,5,44.26,435.87,64.94,200.58,-1,-1,-1,-1
128,5,51.10,437.41,64.86,196.63,-1,-1,-1,-1
129,5,57.00,437.52,68.03,197.56,-1,-1,-1,-1
130,5,57.60,436.24,69.20,199.39,-1,-1,-1,-1
131,5,61.90,435.72,61.95,200.62,-1,-1,-1,-1
132,5,69.37,436.52,62.10,198.98,-1,-1,-1,-1
133,5,77.16,435.60,59.71,202.12,-1,-1,-1,-1
134,5,78.46,435.03,59.63,201.97,-1,-1,-1,-1
135,5,83.87,436.13,62.81,199.17,-1,-1,-1,-1
136,5,83.51,435.12,66.28,201.53,-1,-1,-1,-1
137,5,91.90,435.54,63.97,201.00,-1,-1,-1,-1
138,5,92.34,436.31,64.65,198.36,-1,-1,-1,-1
139,5,100.88,436.84,62.00,197.61,-1,-1,-1,-1
140,5,108.78,436.18,60.29,201.07,-1,-1,-1,-1
141,5,109.65,434.58,61.55,202.36,-1,-1,-1,-1
142,5,115.24,435.45,63.74,200.46,-1,-1,-1,-1
143,5,118.37,436.67,59.91,197.98,-1,-1,-1,-1
144,5,127.45,435.36,56.26,201.11,-1,-1,-1,-1
145,5,126.99,436.31,58.56,198.44,-1,-1,-1,-1
146,5,131.35,436.25,64.14,199.28,-1,-1,-1,-1
147,5,135.74,434.47,58.50,203.55,-1,-1,-1,-1
148,5,141.94,435.06,61.03,201.68,-1,-1,-1,-1
149,5,144.69,435.68,68.34,200.87,-1,-1,-1,-1
150,5,148.35,436.61,63.38,198.23,-1,-1,-1,-1
151,5,155.24,437.28,63.97,198.48,-1,-1,-1,-1
152,5,153.65,435.54,69.74,200.56,-1,-1,-1,-1
153,5,162.44,435.80,65.15,200.48,-1,-1,-1,-1
154,5,162.77,436.03,67.61,199.98,-1,-1,-1,-1
155,5,169.46,435.35,68.00,201.80,-1,-1,-1,-1
156,5,171.90,435.18,65.71,201.39,-1,-1,-1,-1
157,5,177.73,435.92,67.63,199.39,-1,-1,-1,-1
158,5,178.81,436.52,68.63,199.01,-1,-1,-1,-1
159,5,188.71,434.87,62.80,202.19,-1,-1,-1,-1
160,5,189.30,435.35,63.55,200.77,-1,-1,-1,-1
161,5,193.93,435.74,68.12,199.52,-1,-1,-1,-1
162,5,199.46,435.99,71.05,199.72,-1,-1,-1,-1
163,5,203.20,434.13,66.63,202.96,-1,-1,-1,-1
164,5,209.18,434.51,68.62,201.98,-1,-1,-1,-1
165,5,209.88,435.37,69.34,200.40,-1,-1,-1,-1
166,5,215.60,435.81,71.50,199.58,-1,-1,-1,-1
167,5,219.11,435.12,67.99,200.71,-1,-1,-1,-1
168,5,226.70,436.08,65.82,199.29,-1,-1,-1,-1
169,5,238.28,435.86,56.62,200.72,-1,-1,-1,-1
170,5,233.47,434.84,69.48,201.81,-1,-1,-1,-1
171,5,236.43,434.80,65.24,202.22,-1,-1,-1,-1
172,5,246.58,435.55,60.04,200.12,-1,-1,-1,-1
173,5,253.07,435.25,60.91,201.55,-1,-1,-1,-1
174,5,253.60,435.29,62.30,200.73,-1,-1,-1,-1
175,5,260.38,436.47,61.58,198.36,-1,-1,-1,-1
176,5,258.91,435.78,67.21,200.21,-1,-1,-1,-1
177,5,264.30,435.74,70.77,199.93,-1,-1,-1,-1
178,5,268.61,434.02,64.47,203.94,-1,-1,-1,-1
179,5,274.70,435.95,66.58,199.27,-1,-1,-1,-1
180,5,280.39,436.76,69.32,198.13,-1,-1,-1,-1
181,5,285.51,435.31,61.48,200.77,-1,-1,-1,-1
182,5,291.90,435.84,62.60,199.60,-1,-1,-1,-1
183,5,295.28,435.41,58.72,200.85,-1,-1,-1,-1
184,5,297.95,436.17,67.35,199.64,-1,-1,-1,-1
185,5,299.29,434.86,66.84,201.57,-1,-1,-1,-1
186,5,305.27,436.12,67.94,199.42,-1,-1,-1,-1
187,5,305.13,435.17,71.49,201.36,-1,-1,-1,-1
188,5,316.23,435.13,63.47,201.81,-1,-1,-1,-1
189,5,319.02,436.02,59.90,199.57,-1,-1,-1,-1
190,5,324.69,436.74,63.02,198.18,-1,-1,-1,-1
191,5,333.45,435.44,58.90,202.27,-1,-1,-1,-1
192,5,332.64,435.01,64.16,201.49,-1,-1,-1,-1
193,5,337.98,435.55,66.70,200.34,-1,-1,-1,-1
194,5,342.40,436.15,60.36,198.96,-1,-1,-1,-1
195,5,349.87,435.90,59.27,199.83,-1,-1,-1,-1
196,5,350.83,437.49,58.72,195.75,-1,-1,-1,-1
197,5,356.72,436.56,62.95,198.71,-1,-1,-1,-1
198,5,355.84,436.59,66.91,199.30,-1,-1,-1,-1
199,5,361.63,435.54,69.43,200.64,-1,-1,-1,-1
200,5,364.07,434.87,66.04,202.28,-1,-1,-1,-1
201,5,374.16,436.31,60.72,198.63,-1,-1,-1,-1
202,5,378.25,437.04,66.23,198.23,-1,-1,-1,-1
203,5,381.65,435.46,61.54,200.80,-1,-1,-1,-1
204,5,387.20,436.83,64.46,198.10,-1,-1,-1,-1
205,5,390.45,436.08,60.07,199.01,-1,-1,-1,-1
206,5,395.99,435.82,63.71,201.27,-1,-1,-1,-1
207,5,397.35,435.66,63.18,201.19,-1,-1,-1,-1
208,5,404.09,436.34,63.49,199.04,-1,-1,-1,-1
209,5,409.80,436.94,66.51,199.00,-1,-1,-1,-1
210,5,413.24,435.27,62.10,200.52,-1,-1,-1,-1
211,5,414.54,435.96,60.96,199.41,-1,-1,-1,-1
212,5,421.54,436.95,61.92,197.73,-1,-1,-1,-1
213,5,425.52,436.44,67.71,199.32,-1,-1,-1,-1
214,5,427.88,435.56,66.34,199.75,-1,-1,-1,-1
215,5,432.76,436.07,69.26,199.35,-1,-1,-1,-1
216,5,440.91,437.08,67.52,197.36,-1,-1,-1,-1
217,5,444.12,435.67,64.04,199.76,-1,-1,-1,-1
218,5,448.66,436.17,68.73,198.70,-1,-1,-1,-1
219,5,449.42,436.20,69.57,198.66,-1,-1,-1,-1
220,5,456.03,436.56,69.97,199.28,-1,-1,-1,-1
221,5,457.71,435.24,69.51,200.54,-1,-1,-1,-1
222,5,463.72,435.38,71.46,200.45,-1,-1,-1,-1
223,5,465.30,435.60,70.37,199.36,-1,-1,-1,-1
224,5,476.71,435.67,61.47,200.41,-1,-1,-1,-1
225,5,476.88,435.86,64.00,199.02,-1,-1,-1,-1
226,5,483.74,436.66,63.68,198.19,-1,-1,-1,-1
227,5,491.68,436.23,61.81,199.52,-1,-1,-1,-1
228,5,491.51,434.75,65.40,202.00,-1,-1,-1,-1
229,5,496.21,434.70,69.45,202.61,-1,-1,-1,-1
230,5,497.49,435.83,68.96,198.36,-1,-1,-1,-1
231,5,507.20,436.08,63.53,200.38,-1,-1,-1,-1
232,5,506.99,435.06,67.60,200.47,-1,-1,-1,-1
233,5,513.87,435.55,66.85,200.04,-1,-1,-1,-1
234,5,518.61,435.21,60.06,201.10,-1,-1,-1,-1
235,5,523.15,434.99,65.28,202.31,-1,-1,-1,-1
236,5,524.97,434.72,63.17,202.62,-1,-1,-1,-1
237,5,531.12,435.82,66.13,200.00,-1,-1,-1,-1
238,5,540.70,436.12,60.05,199.83,-1,-1,-1,-1
239,5,540.53,435.69,64.22,200.02,-1,-1,-1,-1
240,5,547.20,436.01,63.43,200.56,-1,-1,-1,-1
241,5,546.69,435.45,67.60,200.96,-1,-1,-1,-1
242,5,552.63,435.56,71.08,201.61,-1,-1,-1,-1
243,5,556.17,435.39,65.44,200.30,-1,-1,-1,-1
244,5,563.01,435.61,66.33,200.40,-1,-1,-1,-1
245,5,569.97,436.17,65.52,198.85,-1,-1,-1,-1
246,5,569.74,433.75,68.90,204.84,-1,-1,-1,-1
247,5,571.48,435.63,66.70,201.04,-1,-1,-1,-1
248,5,577.61,436.02,68.74,199.14,-1,-1,-1,-1
249,5,589.11,436.21,76.48,201.81,-1,-1,-1,-1
250,5,589.98,435.99,73.98,200.43,-1,-1,-1,-1
