2,1,634.23,273.77,101.60,284.52,-1,-1,-1,-1
3,1,636.06,278.03,109.21,288.98,-1,-1,-1,-1
4,1,634.11,280.47,100.21,285.02,-1,-1,-1,-1
5,1,634.62,281.64,97.82,282.98,-1,-1,-1,-1
6,1,628.39,282.67,94.69,266.27,-1,-1,-1,-1
7,1,629.26,286.10,91.66,274.53,-1,-1,-1,-1
8,1,620.00,286.14,96.59,260.01,-1,-1,-1,-1
9,1,621.03,291.07,92.72,232.92,-1,-1,-1,-1
10,1,618.62,293.78,96.57,243.51,-1,-1,-1,-1
11,1,616.28,296.58,89.74,207.75,-1,-1,-1,-1
12,1,616.80,297.62,87.70,206.02,-1,-1,-1,-1
13,1,613.62,299.28,93.03,202.50,-1,-1,-1,-1
14,1,614.44,300.91,89.59,200.13,-1,-1,-1,-1
15,1,612.98,305.19,91.40,202.81,-1,-1,-1,-1
16,1,614.97,306.06,87.55,202.56,-1,-1,-1,-1
17,1,606.31,308.79,93.79,199.90,-1,-1,-1,-1
18,1,608.50,310.90,89.74,196.74,-1,-1,-1,-1
19,1,607.49,313.10,91.34,202.94,-1,-1,-1,-1
20,1,610.70,315.40,85.52,200.56,-1,-1,-1,-1
21,1,610.78,316.44,85.47,198.96,-1,-1,-1,-1
22,1,607.27,318.13,91.45,197.62,-1,-1,-1,-1
23,1,609.18,322.58,88.26,198.89,-1,-1,-1,-1
24,1,614.29,322.68,87.59,200.75,-1,-1,-1,-1
25,1,613.82,323.44,88.62,201.08,-1,-1,-1,-1
26,1,613.73,325.31,89.11,200.10,-1,-1,-1,-1
27,1,612.84,329.19,91.53,203.30,-1,-1,-1,-1
28,1,614.21,330.71,90.45,200.79,-1,-1,-1,-1
29,1,614.06,332.07,92.49,198.85,-1,-1,-1,-1
30,1,622.19,334.11,88.45,196.28,-1,-1,-1,-1
31,1,619.57,335.05,83.04,197.02,-1,-1,-1,-1
32,1,621.26,340.42,80.52,196.47,-1,-1,-1,-1
33,1,625.40,339.48,82.96,200.16,-1,-1,-1,-1
34,1,623.71,341.92,75.75,197.47,-1,-1,-1,-1
35,1,629.06,345.63,75.06,201.16,-1,-1,-1,-1
36,1,633.07,346.67,70.28,200.79,-1,-1,-1,-1
37,1,633.94,348.24,68.81,197.56,-1,-1,-1,-1
45,1,676.10,383.63,78.64,177.78,-1,-1,-1,-1
46,1,651.23,283.96,80.09,214.63,-1,-1,-1,-1
47,1,649.98,283.51,81.84,216.89,-1,-1,-1,-1
48,1,693.97,374.98,74.71,192.73,-1,-1,-1,-1
49,1,687.41,373.77,88.18,195.67,-1,-1,-1,-1
50,1,696.72,371.64,83.34,200.61,-1,-1,-1,-1
51,1,697.27,374.97,85.22,196.57,-1,-1,-1,-1
52,1,703.97,378.41,84.59,201.08,-1,-1,-1,-1
53,1,705.29,379.28,86.44,199.55,-1,-1,-1,-1
54,1,712.20,381.14,85.61,198.56,-1,-1,-1,-1
55,1,712.92,382.07,90.05,197.92,-1,-1,-1,-1
56,1,717.90,384.81,93.67,203.41,-1,-1,-1,-1
57,1,724.28,385.72,93.02,204.55,-1,-1,-1,-1
58,1,735.46,388.43,86.31,200.31,-1,-1,-1,-1
59,1,739.13,390.31,84.45,198.38,-1,-1,-1,-1
60,1,750.81,394.24,86.62,201.62,-1,-1,-1,-1
61,1,748.78,400.84,94.37,190.65,-1,-1,-1,-1
62,1,761.18,399.82,84.41,193.96,-1,-1,-1,-1
63,1,767.98,406.18,86.44,192.88,-1,-1,-1,-1
64,1,773.32,408.41,91.09,190.85,-1,-1,-1,-1
65,1,776.08,402.73,90.91,199.92,-1,-1,-1,-1
66,1,785.15,403.90,86.32,200.40,-1,-1,-1,-1
67,1,793.04,404.55,86.96,202.92,-1,-1,-1,-1
68,1,795.64,409.62,95.53,201.99,-1,-1,-1,-1
69,1,803.30,411.39,93.79,200.38,-1,-1,-1,-1
70,1,811.80,413.38,92.40,198.60,-1,-1,-1,-1
71,1,821.66,415.27,80.18,196.08,-1,-1,-1,-1
72,1,831.86,419.26,85.53,198.68,-1,-1,-1,-1
73,1,833.54,420.41,88.43,198.21,-1,-1,-1,-1
74,1,841.80,420.40,86.42,201.16,-1,-1,-1,-1
75,1,847.44,421.26,90.55,200.97,-1,-1,-1,-1
76,1,858.16,426.44,85.19,200.73,-1,-1,-1,-1
77,1,861.29,426.65,93.03,201.06,-1,-1,-1,-1
78,1,873.32,428.22,85.02,200.30,-1,-1,-1,-1
79,1,880.67,431.13,86.48,197.14,-1,-1,-1,-1
80,1,884.29,434.18,93.13,200.66,-1,-1,-1,-1
81,1,892.55,434.85,93.21,202.61,-1,-1,-1,-1
82,1,899.22,437.14,94.36,200.49,-1,-1,-1,-1
83,1,908.51,441.83,91.56,200.42,-1,-1,-1,-1
84,1,909.54,442.57,95.63,200.89,-1,-1,-1,-1
85,1,926.97,443.32,86.72,200.11,-1,-1,-1,-1
86,1,925.58,445.36,94.26,199.53,-1,-1,-1,-1
87,1,941.73,445.26,88.29,200.82,-1,-1,-1,-1
88,1,943.28,449.95,91.35,202.79,-1,-1,-1,-1
89,1,948.59,449.55,96.70,206.73,-1,-1,-1,-1
90,1,961.35,451.97,86.06,202.92,-1,-1,-1,-1
91,1,966.09,456.29,90.89,205.55,-1,-1,-1,-1
92,1,972.36,457.47,94.46,204.69,-1,-1,-1,-1
93,1,982.45,459.42,88.81,202.02,-1,-1,-1,-1
94,1,989.91,461.32,90.01,200.46,-1,-1,-1,-1
95,1,1000.82,465.37,84.02,202.12,-1,-1,-1,-1
96,1,1004.66,466.99,90.54,201.96,-1,-1,-1,-1
97,1,1016.03,466.99,83.46,202.51,-1,-1,-1,-1
98,1,1016.64,470.38,89.86,208.40,-1,-1,-1,-1
99,1,1023.98,471.83,89.56,207.86,-1,-1,-1,-1
100,1,1028.03,473.55,96.04,220.23,-1,-1,-1,-1
101,1,1041.19,475.50,84.47,214.53,-1,-1,-1,-1
102,1,1046.24,477.58,87.40,226.52,-1,-1,-1,-1
103,1,1052.84,478.83,90.11,225.42,-1,-1,-1,-1
104,1,1063.23,480.04,84.81,223.64,-1,-1,-1,-1
105,1,1062.98,481.98,92.48,234.20,-1,-1,-1,-1
106,1,1069.16,483.19,92.45,232.91,-1,-1,-1,-1
107,1,1079.67,487.23,86.85,223.82,-1,-1,-1,-1
108,1,1086.97,488.93,86.42,208.40,-1,-1,-1,-1
109,1,1088.99,490.71,89.17,217.09,-1,-1,-1,-1
110,1,1097.66,492.03,85.54,214.96,-1,-1,-1,-1
111,1,1105.86,496.45,84.80,205.73,-1,-1,-1,-1
112,1,1107.29,498.48,94.82,217.23,-1,-1,-1,-1
113,1,1112.34,498.14,89.16,206.11,-1,-1,-1,-1
114,1,1117.59,501.27,91.74,213.08,-1,-1,-1,-1
115,1,1127.53,503.54,86.58,210.22,-1,-1,-1,-1
116,1,1125.09,504.48,95.39,254.39,-1,-1,-1,-1
117,1,1136.07,506.75,86.11,215.75,-1,-1,-1,-1
118,1,1140.91,508.30,81.68,215.07,-1,-1,-1,-1
119,1,1144.20,506.52,88.81,282.27,-1,-1,-1,-1
120,1,1148.88,509.22,92.39,277.67,-1,-1,-1,-1
121,1,1151.75,511.68,102.71,286.32,-1,-1,-1,-1
122,1,1156.08,512.93,95.85,285.88,-1,-1,-1,-1
123,1,1160.84,518.49,98.26,287.18,-1,-1,-1,-1
124,1,1162.11,519.23,98.39,287.52,-1,-1,-1,-1
125,1,1162.86,519.80,99.50,287.60,-1,-1,-1,-1
126,1,1162.92,525.59,98.68,289.61,-1,-1,-1,-1
127,1,1172.72,527.39,92.11,287.98,-1,-1,-1,-1
128,1,1170.76,528.84,97.89,284.70,-1,-1,-1,-1
129,1,1173.64,528.47,94.53,287.13,-1,-1,-1,-1
130,1,1179.50,530.48,95.46,284.29,-1,-1,-1,-1
131,1,1192.68,536.15,83.40,205.58,-1,-1,-1,-1
132,1,1181.02,535.63,96.11,286.11,-1,-1,-1,-1
133,1,1190.26,539.03,93.03,203.77,-1,-1,-1,-1
134,1,1192.97,540.54,88.56,200.90,-1,-1,-1,-1
135,1,1190.94,542.42,93.59,210.78,-1,-1,-1,-1
136,1,1196.61,544.42,93.28,207.91,-1,-1,-1,-1
137,1,1199.30,546.13,90.77,205.28,-1,-1,-1,-1
138,1,1205.12,548.86,82.36,200.88,-1,-1,-1,-1
139,1,1206.61,552.13,86.83,205.69,-1,-1,-1,-1
140,1,1210.09,553.14,82.39,204.39,-1,-1,-1,-1
141,1,1204.48,554.51,92.12,205.22,-1,-1,-1,-1
142,1,1206.19,556.66,89.49,201.46,-1,-1,-1,-1
143,1,1212.48,560.43,78.94,202.91,-1,-1,-1,-1
144,1,1213.93,561.80,76.15,202.36,-1,-1,-1,-1
145,1,1207.28,561.42,89.06,205.48,-1,-1,-1,-1
146,1,1210.99,564.03,83.25,202.73,-1,-1,-1,-1
147,1,1206.97,567.63,90.07,205.55,-1,-1,-1,-1
148,1,1208.88,569.54,86.92,204.87,-1,-1,-1,-1
149,1,1205.60,571.73,91.54,202.61,-1,-1,-1,-1
150,1,1210.07,572.90,82.90,201.09,-1,-1,-1,-1
151,1,1205.95,575.75,89.10,205.29,-1,-1,-1,-1
152,1,1207.77,577.30,86.43,204.31,-1,-1,-1,-1
153,1,1209.00,578.15,81.79,203.27,-1,-1,-1,-1
154,1,1201.55,579.17,87.63,203.74,-1,-1,-1,-1
155,1,1200.40,583.57,88.92,205.04,-1,-1,-1,-1
156,1,1200.44,585.06,87.33,204.46,-1,-1,-1,-1
157,1,1201.90,586.20,83.64,203.01,-1,-1,-1,-1
158,1,1200.18,588.59,85.53,200.58,-1,-1,-1,-1
160,1,1154.84,507.37,98.18,263.88,-1,-1,-1,-1
161,1,1160.25,507.43,88.70,248.48,-1,-1,-1,-1
162,1,1167.88,508.82,88.46,246.06,-1,-1,-1,-1
163,1,1175.13,510.65,86.86,258.93,-1,-1,-1,-1
164,1,1171.78,511.95,96.40,286.29,-1,-1,-1,-1
165,1,1180.79,513.67,80.77,252.05,-1,-1,-1,-1
166,1,1187.23,516.34,80.41,261.36,-1,-1,-1,-1
167,1,1187.85,520.21,80.40,238.89,-1,-1,-1,-1
168,1,1192.05,521.92,74.28,252.34,-1,-1,-1,-1
169,1,1199.11,524.12,72.86,231.79,-1,-1,-1,-1
170,1,1196.97,525.12,81.93,230.40,-1,-1,-1,-1
171,1,1149.09,613.03,76.04,211.06,-1,-1,-1,-1
172,1,1148.34,616.72,66.18,205.27,-1,-1,-1,-1
173,1,1136.81,617.80,74.35,203.88,-1,-1,-1,-1
174,1,1134.52,619.38,76.83,202.78,-1,-1,-1,-1
175,1,1133.57,623.80,76.88,204.42,-1,-1,-1,-1
176,1,1129.71,625.60,82.00,202.98,-1,-1,-1,-1
177,1,1124.24,627.10,81.42,203.22,-1,-1,-1,-1
178,1,1115.23,627.95,85.69,204.28,-1,-1,-1,-1
179,1,1114.03,633.21,81.34,202.37,-1,-1,-1,-1
180,1,1102.84,633.47,89.43,202.73,-1,-1,-1,-1
181,1,1097.76,635.34,87.08,201.52,-1,-1,-1,-1
182,1,1091.89,636.31,84.05,201.15,-1,-1,-1,-1
183,1,1087.19,640.32,87.77,203.35,-1,-1,-1,-1
184,1,1084.56,645.60,79.94,198.40,-1,-1,-1,-1
185,1,1076.23,647.38,80.90,196.36,-1,-1,-1,-1
186,1,1069.65,653.03,79.87,195.71,-1,-1,-1,-1
187,1,1065.73,653.01,82.47,196.76,-1,-1,-1,-1
188,1,1057.89,653.44,82.12,196.68,-1,-1,-1,-1
189,1,1053.49,650.87,76.78,201.74,-1,-1,-1,-1
190,1,1043.94,652.57,81.38,199.87,-1,-1,-1,-1
191,1,1037.82,654.02,79.02,198.94,-1,-1,-1,-1
192,1,1032.86,658.59,81.69,200.38,-1,-1,-1,-1
193,1,1027.11,659.23,78.49,199.84,-1,-1,-1,-1
194,1,1019.65,660.68,78.17,199.45,-1,-1,-1,-1
195,1,1006.20,664.74,88.88,202.72,-1,-1,-1,-1
196,1,1003.67,666.72,80.77,200.88,-1,-1,-1,-1
197,1,988.78,666.96,91.99,202.75,-1,-1,-1,-1
198,1,984.06,668.88,87.21,199.21,-1,-1,-1,-1
199,1,978.00,671.16,85.58,197.57,-1,-1,-1,-1
200,1,968.24,674.93,88.13,200.40,-1,-1,-1,-1
201,1,968.04,675.04,76.07,202.61,-1,-1,-1,-1
202,1,951.87,675.88,90.95,202.86,-1,-1,-1,-1
203,1,946.60,681.52,85.49,201.51,-1,-1,-1,-1
204,1,945.64,683.93,81.39,199.38,-1,-1,-1,-1
205,1,941.53,684.21,73.89,199.46,-1,-1,-1,-1
206,1,928.27,685.08,83.94,199.26,-1,-1,-1,-1
207,1,923.54,686.52,77.61,198.69,-1,-1,-1,-1
208,1,910.08,689.40,89.48,203.31,-1,-1,-1,-1
209,1,909.20,691.75,77.16,200.94,-1,-1,-1,-1
210,1,896.50,690.98,85.54,204.23,-1,-1,-1,-1
211,1,892.18,697.82,81.24,201.80,-1,-1,-1,-1
212,1,882.93,698.11,82.38,202.47,-1,-1,-1,-1
213,1,873.16,698.91,86.70,202.90,-1,-1,-1,-1
214,1,867.54,700.94,83.06,201.01,-1,-1,-1,-1
215,1,863.41,706.04,74.66,201.00,-1,-1,-1,-1
216,1,852.27,707.09,82.76,200.80,-1,-1,-1,-1
217,1,848.33,707.81,83.75,200.15,-1,-1,-1,-1
218,1,835.51,709.14,84.82,200.49,-1,-1,-1,-1
219,1,832.83,714.79,83.30,199.94,-1,-1,-1,-1
220,1,828.93,715.73,75.38,199.43,-1,-1,-1,-1
221,1,821.52,715.67,77.05,200.77,-1,-1,-1,-1
222,1,811.78,718.45,79.11,196.93,-1,-1,-1,-1
223,1,805.03,723.22,79.60,198.78,-1,-1,-1,-1
224,1,800.00,723.76,72.99,200.01,-1,-1,-1,-1
225,1,788.94,723.64,81.12,200.66,-1,-1,-1,-1
226,1,783.83,727.96,74.47,206.22,-1,-1,-1,-1
227,1,769.62,727.91,87.30,223.24,-1,-1,-1,-1
228,1,770.35,729.86,82.42,218.16,-1,-1,-1,-1
229,1,762.99,733.10,81.70,211.84,-1,-1,-1,-1
230,1,749.88,732.68,92.18,214.43,-1,-1,-1,-1
231,1,752.77,735.50,82.86,209.56,-1,-1,-1,-1
232,1,744.19,739.21,84.78,216.34,-1,-1,-1,-1
233,1,740.89,742.07,77.33,209.75,-1,-1,-1,-1
234,1,731.77,744.86,80.22,204.06,-1,-1,-1,-1
235,1,722.05,745.38,85.63,203.79,-1,-1,-1,-1
236,1,721.22,747.42,82.66,201.15,-1,-1,-1,-1
237,1,717.28,749.52,77.27,198.74,-1,-1,-1,-1
238,1,703.35,748.76,88.46,201.06,-1,-1,-1,-1
239,1,699.86,750.64,83.17,197.68,-1,-1,-1,-1
240,1,700.65,755.79,77.19,198.47,-1,-1,-1,-1
241,1,687.99,755.47,88.01,200.79,-1,-1,-1,-1
242,1,690.64,757.21,80.65,198.16,-1,-1,-1,-1
243,1,682.47,760.05,81.94,206.93,-1,-1,-1,-1
245,1,664.72,762.54,89.04,281.94,-1,-1,-1,-1
246,1,664.33,763.50,88.18,214.59,-1,-1,-1,-1
248,1,652.70,770.31,93.42,281.61,-1,-1,-1,-1
249,1,648.97,769.35,88.77,285.73,-1,-1,-1,-1
250,1,645.59,769.55,92.68,285.80,-1,-1,-1,-1
2,2,924.15,431.53,95.14,211.64,-1,-1,-1,-1
3,2,933.45,432.64,92.98,209.19,-1,-1,-1,-1
4,2,939.65,440.12,96.11,205.58,-1,-1,-1,-1
5,2,946.50,437.77,97.97,211.49,-1,-1,-1,-1
6,2,954.55,439.53,96.45,210.43,-1,-1,-1,-1
7,2,961.36,437.72,100.15,213.78,-1,-1,-1,-1
8,2,964.78,447.58,96.37,205.41,-1,-1,-1,-1
9,2,978.64,446.27,96.06,210.61,-1,-1,-1,-1
10,2,979.79,446.52,98.08,210.87,-1,-1,-1,-1
11,2,994.32,446.76,97.17,211.87,-1,-1,-1,-1
12,2,996.20,447.09,96.13,211.76,-1,-1,-1,-1
13,2,1000.73,453.92,104.24,210.52,-1,-1,-1,-1
14,2,1011.48,453.06,95.45,212.41,-1,-1,-1,-1
15,2,1020.22,453.43,95.40,213.85,-1,-1,-1,-1
16,2,1027.56,462.60,95.90,207.83,-1,-1,-1,-1
17,2,1034.42,462.40,98.53,210.71,-1,-1,-1,-1
18,2,1035.98,462.13,98.29,212.20,-1,-1,-1,-1
19,2,1050.62,463.29,97.01,211.02,-1,-1,-1,-1
20,2,1051.12,470.42,99.66,208.68,-1,-1,-1,-1
21,2,1060.29,470.42,93.99,209.74,-1,-1,-1,-1
22,2,1066.31,471.07,99.18,211.39,-1,-1,-1,-1
23,2,1074.66,469.29,97.22,213.71,-1,-1,-1,-1
24,2,1077.05,479.58,95.13,206.14,-1,-1,-1,-1
25,2,1082.12,480.19,101.87,207.42,-1,-1,-1,-1
26,2,1090.47,479.07,100.56,210.54,-1,-1,-1,-1
27,2,1103.43,478.34,88.51,212.79,-1,-1,-1,-1
28,2,1108.35,485.89,94.23,209.99,-1,-1,-1,-1
29,2,1108.66,486.37,95.14,208.96,-1,-1,-1,-1
30,2,1118.15,485.93,91.61,212.85,-1,-1,-1,-1
31,2,1124.68,485.78,93.55,212.93,-1,-1,-1,-1
32,2,1124.84,486.83,95.51,212.55,-1,-1,-1,-1
33,2,1134.86,493.70,89.99,211.94,-1,-1,-1,-1
34,2,1138.82,493.93,97.99,212.46,-1,-1,-1,-1
35,2,1149.62,493.67,90.00,213.54,-1,-1,-1,-1
36,2,1150.64,502.06,90.76,210.55,-1,-1,-1,-1
37,2,1151.26,502.04,91.95,210.65,-1,-1,-1,-1
38,2,1152.57,500.79,103.47,214.64,-1,-1,-1,-1
39,2,1163.44,502.18,95.52,213.68,-1,-1,-1,-1
40,2,1163.37,510.01,98.55,210.60,-1,-1,-1,-1
41,2,1173.10,508.58,91.94,213.75,-1,-1,-1,-1
42,2,1174.44,508.94,90.48,213.76,-1,-1,-1,-1
43,2,1181.58,517.92,92.62,210.01,-1,-1,-1,-1
44,2,1182.15,517.94,93.02,210.67,-1,-1,-1,-1
45,2,1187.18,515.38,95.33,216.14,-1,-1,-1,-1
46,2,1185.71,516.30,99.64,214.64,-1,-1,-1,-1
47,2,1189.55,518.44,93.91,212.28,-1,-1,-1,-1
48,2,1199.68,517.70,86.32,214.91,-1,-1,-1,-1
49,2,1194.54,526.02,100.37,211.86,-1,-1,-1,-1
50,2,1198.38,525.15,93.74,214.77,-1,-1,-1,-1
51,2,1205.26,523.90,91.97,217.52,-1,-1,-1,-1
52,2,1204.63,533.88,94.05,210.48,-1,-1,-1,-1
53,2,1203.34,534.62,99.36,210.31,-1,-1,-1,-1
54,2,1204.35,534.37,96.86,212.98,-1,-1,-1,-1
55,2,1215.21,542.09,88.26,209.15,-1,-1,-1,-1
56,2,1214.62,543.21,92.13,208.60,-1,-1,-1,-1
57,2,1217.91,541.65,84.98,212.46,-1,-1,-1,-1
58,2,1221.13,540.70,90.38,215.40,-1,-1,-1,-1
59,2,1224.39,541.92,85.03,213.64,-1,-1,-1,-1
60,2,1223.38,550.05,86.26,209.91,-1,-1,-1,-1
61,2,1222.22,548.30,89.36,214.44,-1,-1,-1,-1
62,2,1215.16,548.76,91.98,215.28,-1,-1,-1,-1
63,2,1221.45,548.64,90.98,216.06,-1,-1,-1,-1
64,2,1220.55,557.08,92.84,211.72,-1,-1,-1,-1
65,2,1223.07,555.99,88.61,215.35,-1,-1,-1,-1
66,2,1221.39,556.97,91.94,214.79,-1,-1,-1,-1
67,2,1221.44,566.33,91.28,209.24,-1,-1,-1,-1
68,2,1224.41,566.27,85.16,210.37,-1,-1,-1,-1
69,2,1216.26,566.00,89.89,213.34,-1,-1,-1,-1
70,2,1217.32,574.99,86.77,208.05,-1,-1,-1,-1
71,2,1214.21,575.69,92.03,207.66,-1,-1,-1,-1
72,2,1216.37,575.19,87.28,209.57,-1,-1,-1,-1
73,2,1219.27,573.30,80.41,213.54,-1,-1,-1,-1
74,2,1216.15,574.14,86.03,213.23,-1,-1,-1,-1
75,2,1210.30,581.47,85.27,211.38,-1,-1,-1,-1
76,2,1211.99,583.32,82.05,209.32,-1,-1,-1,-1
77,2,1214.64,583.24,77.01,211.23,-1,-1,-1,-1
78,2,1213.79,591.31,76.33,207.35,-1,-1,-1,-1
79,2,1215.97,592.91,72.83,204.20,-1,-1,-1,-1
80,2,1229.68,593.21,59.30,203.78,-1,-1,-1,-1
81,2,1219.17,595.49,65.93,202.50,-1,-1,-1,-1
88,2,1173.82,627.55,91.48,185.81,-1,-1,-1,-1
91,2,1147.58,618.76,81.98,203.59,-1,-1,-1,-1
92,2,1145.38,619.05,84.83,203.88,-1,-1,-1,-1
93,2,1138.84,625.40,83.98,202.54,-1,-1,-1,-1
94,2,1137.52,625.05,84.14,203.10,-1,-1,-1,-1
95,2,1128.55,624.25,88.78,204.51,-1,-1,-1,-1
96,2,1130.18,625.03,84.15,205.15,-1,-1,-1,-1
97,2,1118.12,623.60,94.50,210.42,-1,-1,-1,-1
98,2,1119.59,623.46,86.28,211.12,-1,-1,-1,-1
99,2,1109.21,630.18,93.42,209.13,-1,-1,-1,-1
100,2,1104.75,632.21,88.59,207.09,-1,-1,-1,-1
101,2,1099.30,631.51,83.64,210.21,-1,-1,-1,-1
102,2,1094.50,630.82,90.22,212.28,-1,-1,-1,-1
103,2,1085.31,639.98,94.42,205.88,-1,-1,-1,-1
104,2,1079.62,641.79,89.88,204.83,-1,-1,-1,-1
105,2,1071.85,635.32,90.82,215.30,-1,-1,-1,-1
106,2,1063.91,632.29,89.66,220.27,-1,-1,-1,-1
107,2,1055.86,632.62,90.31,220.14,-1,-1,-1,-1
108,2,1050.43,635.03,99.07,216.56,-1,-1,-1,-1
109,2,1043.16,634.03,112.49,221.15,-1,-1,-1,-1
110,2,1040.49,655.84,87.15,205.46,-1,-1,-1,-1
111,2,1032.17,654.80,88.77,207.17,-1,-1,-1,-1
112,2,1020.50,656.24,97.66,205.57,-1,-1,-1,-1
113,2,1013.96,656.32,94.23,207.38,-1,-1,-1,-1
114,2,1011.52,656.05,95.08,209.67,-1,-1,-1,-1
115,2,1008.71,657.53,84.57,206.58,-1,-1,-1,-1
116,2,1000.75,664.08,84.85,206.10,-1,-1,-1,-1
117,2,990.35,663.82,90.80,207.64,-1,-1,-1,-1
118,2,982.78,664.56,89.36,208.25,-1,-1,-1,-1
119,2,976.92,664.87,85.47,208.50,-1,-1,-1,-1
120,2,968.45,670.64,87.16,208.27,-1,-1,-1,-1
121,2,956.50,670.91,95.52,209.89,-1,-1,-1,-1
122,2,950.80,669.71,91.74,212.68,-1,-1,-1,-1
123,2,944.31,671.21,88.81,211.41,-1,-1,-1,-1
124,2,937.38,679.61,86.90,206.56,-1,-1,-1,-1
125,2,928.58,680.44,89.09,207.45,-1,-1,-1,-1
126,2,920.96,680.56,87.05,207.85,-1,-1,-1,-1
127,2,911.93,682.63,90.41,205.09,-1,-1,-1,-1
128,2,909.58,688.93,90.69,203.26,-1,-1,-1,-1
129,2,898.89,687.87,96.67,207.37,-1,-1,-1,-1
130,2,894.80,688.28,88.19,208.91,-1,-1,-1,-1
131,2,889.38,687.21,84.30,211.54,-1,-1,-1,-1
132,2,881.68,695.09,83.50,206.80,-1,-1,-1,-1
133,2,871.80,696.93,88.73,206.32,-1,-1,-1,-1
134,2,865.36,696.70,85.33,207.74,-1,-1,-1,-1
135,2,855.31,696.15,89.49,208.85,-1,-1,-1,-1
136,2,850.37,704.88,83.76,204.21,-1,-1,-1,-1
137,2,842.28,705.67,84.59,204.42,-1,-1,-1,-1
138,2,834.02,704.14,86.48,209.70,-1,-1,-1,-1
139,2,826.14,705.20,85.93,207.11,-1,-1,-1,-1
140,2,825.13,712.41,83.12,204.85,-1,-1,-1,-1
141,2,813.84,711.40,91.27,207.46,-1,-1,-1,-1
142,2,803.79,712.58,95.99,207.66,-1,-1,-1,-1
143,2,800.61,712.54,86.53,208.52,-1,-1,-1,-1
144,2,791.97,720.67,88.01,204.03,-1,-1,-1,-1
145,2,784.81,720.22,87.87,207.97,-1,-1,-1,-1
146,2,775.87,721.39,89.91,206.75,-1,-1,-1,-1
147,2,775.34,728.59,87.47,204.25,-1,-1,-1,-1
148,2,767.31,729.55,89.53,203.49,-1,-1,-1,-1
149,2,761.05,729.05,86.96,206.64,-1,-1,-1,-1
150,2,752.27,729.30,88.82,207.21,-1,-1,-1,-1
151,2,747.31,729.99,82.72,205.45,-1,-1,-1,-1
152,2,741.27,738.21,91.81,200.68,-1,-1,-1,-1
153,2,735.39,736.25,88.20,205.95,-1,-1,-1,-1
154,2,727.73,734.96,88.36,209.97,-1,-1,-1,-1
155,2,726.95,736.21,87.63,209.30,-1,-1,-1,-1
156,2,717.11,742.87,93.76,207.60,-1,-1,-1,-1
157,2,709.34,743.00,94.56,208.28,-1,-1,-1,-1
158,2,702.18,743.36,93.70,210.33,-1,-1,-1,-1
159,2,698.43,743.64,85.40,209.26,-1,-1,-1,-1
160,2,695.95,742.24,87.72,213.39,-1,-1,-1,-1
161,2,686.50,751.85,93.45,208.25,-1,-1,-1,-1
162,2,688.88,752.33,85.50,208.34,-1,-1,-1,-1
163,2,679.81,751.40,89.96,210.28,-1,-1,-1,-1
164,2,676.95,759.89,93.21,206.18,-1,-1,-1,-1
165,2,672.87,757.35,86.83,213.22,-1,-1,-1,-1
166,2,668.38,759.19,93.14,210.87,-1,-1,-1,-1
167,2,663.72,758.06,88.11,213.07,-1,-1,-1,-1
168,2,663.04,766.88,88.06,207.71,-1,-1,-1,-1
169,2,650.91,765.59,100.12,212.00,-1,-1,-1,-1
170,2,653.38,765.86,92.64,213.15,-1,-1,-1,-1
171,2,653.70,765.34,90.48,213.57,-1,-1,-1,-1
172,2,643.79,764.90,96.95,215.59,-1,-1,-1,-1
173,2,641.50,772.05,99.50,213.35,-1,-1,-1,-1
174,2,638.59,773.68,92.00,213.04,-1,-1,-1,-1
175,2,639.62,774.03,88.63,212.88,-1,-1,-1,-1
176,2,637.67,784.02,90.69,204.85,-1,-1,-1,-1
177,2,631.67,783.11,89.37,208.31,-1,-1,-1,-1
178,2,630.46,783.28,91.02,209.95,-1,-1,-1,-1
179,2,630.49,781.85,91.00,213.20,-1,-1,-1,-1
180,2,628.67,791.15,93.84,207.26,-1,-1,-1,-1
181,2,628.24,790.03,93.21,210.92,-1,-1,-1,-1
182,2,620.49,792.01,96.65,209.51,-1,-1,-1,-1
183,2,621.46,791.44,93.97,210.82,-1,-1,-1,-1
184,2,620.76,799.58,95.32,206.40,-1,-1,-1,-1
185,2,622.58,798.19,90.90,211.05,-1,-1,-1,-1
186,2,622.76,799.28,90.57,210.68,-1,-1,-1,-1
187,2,621.74,799.30,93.29,210.69,-1,-1,-1,-1
188,2,624.71,806.02,85.53,208.97,-1,-1,-1,-1
189,2,621.51,806.51,93.11,209.55,-1,-1,-1,-1
190,2,623.74,806.21,87.47,211.34,-1,-1,-1,-1
191,2,621.23,807.97,93.32,209.78,-1,-1,-1,-1
192,2,624.02,817.19,87.40,203.60,-1,-1,-1,-1
193,2,623.44,817.13,88.47,206.25,-1,-1,-1,-1
194,2,622.92,816.64,91.63,208.66,-1,-1,-1,-1
195,2,627.97,823.66,93.24,206.00,-1,-1,-1,-1
196,2,629.45,823.21,90.70,208.92,-1,-1,-1,-1
197,2,626.48,824.05,97.37,209.71,-1,-1,-1,-1
198,2,630.31,832.19,89.71,205.42,-1,-1,-1,-1
199,2,630.36,832.99,89.59,204.08,-1,-1,-1,-1
200,2,633.00,838.45,85.38,195.58,-1,-1,-1,-1
201,2,635.14,836.27,82.52,202.02,-1,-1,-1,-1
212,2,695.07,857.62,73.46,203.80,-1,-1,-1,-1
213,2,696.28,856.80,71.79,207.35,-1,-1,-1,-1
214,2,694.68,865.20,74.19,202.81,-1,-1,-1,-1
215,2,700.54,857.67,78.07,207.66,-1,-1,-1,-1
216,2,700.87,866.27,79.47,201.46,-1,-1,-1,-1
217,2,699.33,867.27,83.77,201.93,-1,-1,-1,-1
218,2,706.62,869.40,82.96,199.85,-1,-1,-1,-1
219,2,707.42,870.55,83.80,198.81,-1,-1,-1,-1
220,2,712.11,876.52,88.34,196.43,-1,-1,-1,-1
221,2,718.31,876.66,89.09,195.48,-1,-1,-1,-1
222,2,716.13,878.80,98.20,195.74,-1,-1,-1,-1
223,2,726.29,879.24,90.60,194.85,-1,-1,-1,-1
224,2,731.92,883.65,94.47,188.43,-1,-1,-1,-1
225,2,733.14,866.13,110.63,210.50,-1,-1,-1,-1
226,2,739.89,876.32,97.45,198.58,-1,-1,-1,-1
227,2,751.09,875.44,90.01,198.88,-1,-1,-1,-1
228,2,757.27,876.56,92.54,200.02,-1,-1,-1,-1
229,2,758.45,878.66,92.32,195.93,-1,-1,-1,-1
230,2,764.62,891.11,96.35,189.02,-1,-1,-1,-1
231,2,771.22,894.46,98.81,180.73,-1,-1,-1,-1
232,2,785.83,894.67,84.76,178.42,-1,-1,-1,-1
233,2,790.63,896.23,89.98,177.24,-1,-1,-1,-1
234,2,792.01,898.59,90.30,172.55,-1,-1,-1,-1
235,2,806.14,898.24,89.42,173.40,-1,-1,-1,-1
236,2,805.55,900.75,94.28,170.65,-1,-1,-1,-1
237,2,812.65,899.87,96.72,173.25,-1,-1,-1,-1
238,2,824.91,908.10,85.05,165.35,-1,-1,-1,-1
239,2,829.14,908.75,94.86,167.49,-1,-1,-1,-1
240,2,838.45,909.95,91.08,162.38,-1,-1,-1,-1
241,2,845.69,910.39,91.90,166.68,-1,-1,-1,-1
242,2,856.61,913.12,84.85,159.05,-1,-1,-1,-1
243,2,854.69,913.69,92.69,161.57,-1,-1,-1,-1
244,2,871.30,915.35,87.16,158.87,-1,-1,-1,-1
245,2,865.28,915.83,103.37,161.56,-1,-1,-1,-1
246,2,877.46,922.82,95.15,154.98,-1,-1,-1,-1
247,2,887.78,925.37,88.52,148.07,-1,-1,-1,-1
248,2,892.51,924.14,96.91,152.09,-1,-1,-1,-1
249,2,900.66,926.28,95.23,146.90,-1,-1,-1,-1
250,2,913.97,928.52,85.83,146.48,-1,-1,-1,-1
2,3,895.21,190.52,91.93,211.76,-1,-1,-1,-1
3,3,891.55,187.57,95.09,217.39,-1,-1,-1,-1
4,3,887.66,193.96,87.07,216.22,-1,-1,-1,-1
5,3,882.42,196.71,80.52,211.67,-1,-1,-1,-1
6,3,873.06,197.79,85.16,212.79,-1,-1,-1,-1
7,3,861.93,197.69,92.09,213.41,-1,-1,-1,-1
8,3,855.75,204.04,88.38,212.34,-1,-1,-1,-1
9,3,847.96,205.54,87.78,209.20,-1,-1,-1,-1
10,3,841.92,206.89,84.68,208.40,-1,-1,-1,-1
11,3,831.75,208.35,89.98,207.67,-1,-1,-1,-1
12,3,825.27,207.91,86.89,210.23,-1,-1,-1,-1
13,3,817.93,214.71,86.38,206.93,-1,-1,-1,-1
14,3,819.33,215.29,79.71,207.83,-1,-1,-1,-1
15,3,808.31,212.67,85.57,214.77,-1,-1,-1,-1
16,3,802.42,214.69,83.09,212.85,-1,-1,-1,-1
17,3,795.61,221.54,80.96,210.50,-1,-1,-1,-1
18,3,787.71,223.05,80.52,208.40,-1,-1,-1,-1
19,3,778.15,221.94,84.51,212.52,-1,-1,-1,-1
20,3,769.81,228.20,86.75,213.36,-1,-1,-1,-1
21,3,771.21,228.45,80.97,213.84,-1,-1,-1,-1
22,3,765.45,230.71,76.98,211.18,-1,-1,-1,-1
23,3,755.35,231.41,82.08,209.37,-1,-1,-1,-1
24,3,747.01,233.42,84.34,206.84,-1,-1,-1,-1
25,3,745.88,236.01,82.08,202.71,-1,-1,-1,-1
26,3,739.91,240.79,80.37,205.54,-1,-1,-1,-1
27,3,729.47,241.23,85.14,205.34,-1,-1,-1,-1
28,3,728.49,241.50,84.97,207.03,-1,-1,-1,-1
29,3,723.41,246.02,81.43,211.14,-1,-1,-1,-1
30,3,712.27,248.69,87.69,207.00,-1,-1,-1,-1
31,3,704.50,247.57,89.49,210.20,-1,-1,-1,-1
32,3,702.47,251.21,89.99,216.09,-1,-1,-1,-1
33,3,699.17,253.11,83.29,213.32,-1,-1,-1,-1
34,3,691.53,255.97,82.58,222.41,-1,-1,-1,-1
35,3,688.64,253.50,86.29,214.68,-1,-1,-1,-1
36,3,684.41,258.43,79.88,217.64,-1,-1,-1,-1
37,3,682.39,262.97,81.67,224.51,-1,-1,-1,-1
38,3,672.76,261.61,87.68,229.18,-1,-1,-1,-1
41,3,664.93,270.22,85.44,212.29,-1,-1,-1,-1
42,3,664.38,271.25,84.65,225.49,-1,-1,-1,-1
44,3,654.13,273.12,77.42,222.32,-1,-1,-1,-1
45,3,653.78,278.96,76.47,211.06,-1,-1,-1,-1
48,3,643.28,285.61,82.18,213.86,-1,-1,-1,-1
49,3,644.38,288.15,76.88,207.50,-1,-1,-1,-1
50,3,639.63,290.54,75.09,204.09,-1,-1,-1,-1
51,3,633.53,290.96,84.60,203.73,-1,-1,-1,-1
52,3,630.87,291.44,88.53,202.85,-1,-1,-1,-1
53,3,632.78,296.89,83.60,203.31,-1,-1,-1,-1
54,3,632.18,298.11,84.62,203.22,-1,-1,-1,-1
55,3,628.26,298.33,81.63,203.91,-1,-1,-1,-1
56,3,625.98,298.84,85.02,205.46,-1,-1,-1,-1
57,3,624.56,305.17,86.49,203.04,-1,-1,-1,-1
58,3,626.50,306.68,82.61,202.09,-1,-1,-1,-1
59,3,626.97,306.82,80.61,203.64,-1,-1,-1,-1
60,3,624.24,305.82,86.66,205.96,-1,-1,-1,-1
61,3,625.89,308.38,83.01,202.90,-1,-1,-1,-1
62,3,627.07,315.67,81.14,199.24,-1,-1,-1,-1
63,3,626.33,315.12,82.46,201.44,-1,-1,-1,-1
64,3,625.70,315.92,83.47,202.81,-1,-1,-1,-1
65,3,624.92,321.40,85.11,201.72,-1,-1,-1,-1
66,3,625.40,322.36,83.71,201.39,-1,-1,-1,-1
67,3,625.60,322.20,83.63,203.44,-1,-1,-1,-1
68,3,626.92,324.06,81.48,202.43,-1,-1,-1,-1
69,3,626.90,330.45,82.88,200.02,-1,-1,-1,-1
70,3,628.87,331.17,80.14,201.12,-1,-1,-1,-1
71,3,632.24,331.66,84.76,200.92,-1,-1,-1,-1
72,3,635.21,332.54,80.49,201.53,-1,-1,-1,-1
73,3,636.88,338.82,77.73,199.07,-1,-1,-1,-1
74,3,640.16,340.96,71.95,196.83,-1,-1,-1,-1
75,3,641.08,340.10,72.45,200.02,-1,-1,-1,-1
76,3,644.74,340.21,76.97,201.77,-1,-1,-1,-1
77,3,642.16,347.89,82.94,199.16,-1,-1,-1,-1
85,3,685.83,359.57,75.44,207.04,-1,-1,-1,-1
86,3,684.10,362.07,78.95,203.51,-1,-1,-1,-1
88,3,689.99,360.98,84.22,207.75,-1,-1,-1,-1
89,3,692.97,369.04,79.71,202.66,-1,-1,-1,-1
90,3,694.82,369.61,88.56,203.56,-1,-1,-1,-1
91,3,700.35,370.38,81.42,203.70,-1,-1,-1,-1
92,3,706.33,370.38,83.51,205.46,-1,-1,-1,-1
93,3,711.82,376.23,86.36,203.72,-1,-1,-1,-1
94,3,715.91,378.50,81.93,201.31,-1,-1,-1,-1
95,3,721.64,377.91,85.33,204.50,-1,-1,-1,-1
96,3,725.18,378.38,91.90,204.70,-1,-1,-1,-1
97,3,733.34,379.35,90.37,204.82,-1,-1,-1,-1
98,3,736.72,386.92,86.59,200.68,-1,-1,-1,-1
99,3,745.46,385.89,83.87,203.58,-1,-1,-1,-1
100,3,746.69,385.69,96.50,206.07,-1,-1,-1,-1
101,3,754.88,408.88,95.97,187.56,-1,-1,-1,-1
102,3,757.64,411.57,93.22,184.52,-1,-1,-1,-1
103,3,764.06,408.74,96.76,189.35,-1,-1,-1,-1
104,3,772.30,402.26,94.98,201.07,-1,-1,-1,-1
105,3,781.65,401.37,92.08,201.71,-1,-1,-1,-1
106,3,790.36,402.61,87.89,200.96,-1,-1,-1,-1
107,3,792.92,401.45,88.52,204.08,-1,-1,-1,-1
108,3,800.27,404.53,89.51,200.59,-1,-1,-1,-1
109,3,810.79,409.75,83.34,200.19,-1,-1,-1,-1
110,3,815.43,411.58,89.90,199.84,-1,-1,-1,-1
111,3,823.89,411.24,87.04,201.68,-1,-1,-1,-1
112,3,833.53,411.36,81.97,204.66,-1,-1,-1,-1
113,3,840.29,417.29,85.93,202.05,-1,-1,-1,-1
114,3,848.78,418.26,85.16,202.29,-1,-1,-1,-1
115,3,851.30,419.79,84.25,201.68,-1,-1,-1,-1
116,3,863.00,419.17,87.74,204.74,-1,-1,-1,-1
117,3,867.75,424.95,83.43,203.56,-1,-1,-1,-1
118,3,873.09,425.52,88.52,203.80,-1,-1,-1,-1
119,3,880.25,426.76,90.01,202.26,-1,-1,-1,-1
120,3,887.86,425.80,90.20,206.20,-1,-1,-1,-1
121,3,897.99,430.89,85.35,207.49,-1,-1,-1,-1
122,3,901.06,430.58,94.59,210.28,-1,-1,-1,-1
124,3,917.69,433.29,92.50,221.19,-1,-1,-1,-1
125,3,926.36,436.34,91.04,214.22,-1,-1,-1,-1
126,3,933.57,440.31,90.87,205.71,-1,-1,-1,-1
127,3,945.36,442.17,81.97,202.80,-1,-1,-1,-1
128,3,953.03,443.29,82.68,203.10,-1,-1,-1,-1
129,3,957.95,447.96,90.34,204.86,-1,-1,-1,-1
130,3,964.45,448.83,91.85,203.91,-1,-1,-1,-1
131,3,973.69,450.13,89.87,203.31,-1,-1,-1,-1
132,3,979.55,451.44,82.13,203.38,-1,-1,-1,-1
133,3,984.61,457.24,89.16,202.63,-1,-1,-1,-1
134,3,992.85,457.75,87.20,204.56,-1,-1,-1,-1
135,3,1002.83,458.00,82.42,204.73,-1,-1,-1,-1
136,3,1008.61,458.98,87.87,205.05,-1,-1,-1,-1
137,3,1018.16,462.86,82.37,206.47,-1,-1,-1,-1
138,3,1023.80,465.32,86.91,204.45,-1,-1,-1,-1
139,3,1022.35,466.81,94.36,203.93,-1,-1,-1,-1
140,3,1034.34,469.57,86.05,210.40,-1,-1,-1,-1
141,3,1045.83,470.31,88.45,212.90,-1,-1,-1,-1
142,3,1049.86,472.29,86.08,223.42,-1,-1,-1,-1
143,3,1057.36,475.33,85.47,231.61,-1,-1,-1,-1
144,3,1066.86,475.97,81.57,231.52,-1,-1,-1,-1
145,3,1072.23,477.36,85.53,227.98,-1,-1,-1,-1
146,3,1079.74,478.06,75.38,213.78,-1,-1,-1,-1
147,3,1081.66,479.50,85.00,210.06,-1,-1,-1,-1
148,3,1092.18,484.23,79.71,216.07,-1,-1,-1,-1
149,3,1097.15,484.99,85.18,245.88,-1,-1,-1,-1
150,3,1107.34,487.48,79.37,239.95,-1,-1,-1,-1
151,3,1111.46,489.09,85.91,237.87,-1,-1,-1,-1
152,3,1116.30,492.26,80.74,215.72,-1,-1,-1,-1
153,3,1119.99,496.67,87.72,205.08,-1,-1,-1,-1
154,3,1128.17,496.34,85.26,207.98,-1,-1,-1,-1
155,3,1133.79,499.52,78.52,215.67,-1,-1,-1,-1
156,3,1139.57,501.23,80.55,214.62,-1,-1,-1,-1
157,3,1145.43,502.80,81.02,211.47,-1,-1,-1,-1
158,3,1145.96,504.89,86.11,221.53,-1,-1,-1,-1
159,3,1151.34,506.85,91.44,232.30,-1,-1,-1,-1
171,3,1201.44,528.31,72.83,221.20,-1,-1,-1,-1
172,3,1204.56,531.28,78.04,232.51,-1,-1,-1,-1
173,3,1208.73,533.95,72.71,226.68,-1,-1,-1,-1
174,3,1211.83,535.82,76.65,224.63,-1,-1,-1,-1
175,3,1213.39,540.20,75.53,215.61,-1,-1,-1,-1
176,3,1216.14,541.42,71.64,214.53,-1,-1,-1,-1
177,3,1213.49,542.30,80.05,211.77,-1,-1,-1,-1
178,3,1218.43,544.41,81.29,204.69,-1,-1,-1,-1
179,3,1218.52,545.71,83.25,205.30,-1,-1,-1,-1
180,3,1218.25,548.58,83.13,212.47,-1,-1,-1,-1
181,3,1220.80,550.37,78.86,210.12,-1,-1,-1,-1
182,3,1222.31,553.37,76.95,204.26,-1,-1,-1,-1
183,3,1218.10,555.26,85.37,201.86,-1,-1,-1,-1
184,3,1218.35,556.04,86.04,201.41,-1,-1,-1,-1
185,3,1217.34,557.90,88.36,200.07,-1,-1,-1,-1
186,3,1218.35,563.18,84.98,197.94,-1,-1,-1,-1
187,3,1221.40,563.97,78.84,198.54,-1,-1,-1,-1
188,3,1223.72,565.59,74.79,199.67,-1,-1,-1,-1
189,3,1219.62,571.38,82.77,197.78,-1,-1,-1,-1
190,3,1221.22,571.41,79.07,199.95,-1,-1,-1,-1
191,3,1224.36,572.80,72.86,199.71,-1,-1,-1,-1
192,3,1218.77,573.63,83.51,199.98,-1,-1,-1,-1
193,3,1219.54,578.02,80.90,199.87,-1,-1,-1,-1
194,3,1219.48,578.76,79.78,201.40,-1,-1,-1,-1
195,3,1219.61,579.29,78.85,202.38,-1,-1,-1,-1
196,3,1216.36,579.58,73.30,203.82,-1,-1,-1,-1
197,3,1212.97,585.01,78.07,202.72,-1,-1,-1,-1
198,3,1212.29,586.07,76.46,203.19,-1,-1,-1,-1
199,3,1210.55,588.79,79.17,199.89,-1,-1,-1,-1
200,3,1206.45,588.44,77.88,202.65,-1,-1,-1,-1
201,3,1206.03,593.77,77.02,200.19,-1,-1,-1,-1
202,3,1207.65,593.51,74.33,202.32,-1,-1,-1,-1
203,3,1201.42,596.74,69.53,200.69,-1,-1,-1,-1
213,3,1161.47,618.19,69.12,201.33,-1,-1,-1,-1
214,3,1156.38,617.96,76.74,201.09,-1,-1,-1,-1
215,3,1152.79,619.42,70.79,199.68,-1,-1,-1,-1
216,3,1141.89,621.31,79.32,200.22,-1,-1,-1,-1
217,3,1136.51,620.86,86.52,202.16,-1,-1,-1,-1
218,3,1132.54,626.22,81.40,200.86,-1,-1,-1,-1
219,3,1127.03,627.40,77.45,201.71,-1,-1,-1,-1
220,3,1126.38,631.51,74.29,204.56,-1,-1,-1,-1
221,3,1116.23,634.39,81.46,200.60,-1,-1,-1,-1
222,3,1109.24,635.48,80.85,201.89,-1,-1,-1,-1
223,3,1105.62,634.16,84.51,205.31,-1,-1,-1,-1
224,3,1097.78,635.16,83.81,204.90,-1,-1,-1,-1
225,3,1091.61,639.32,81.02,204.86,-1,-1,-1,-1
226,3,1080.84,642.04,88.37,203.40,-1,-1,-1,-1
227,3,1076.82,653.22,79.99,196.92,-1,-1,-1,-1
228,3,1073.30,666.94,82.63,184.51,-1,-1,-1,-1
229,3,1061.90,654.60,90.13,196.22,-1,-1,-1,-1
230,3,1058.46,652.10,83.14,200.58,-1,-1,-1,-1
231,3,1054.60,651.51,76.93,201.27,-1,-1,-1,-1
232,3,1044.66,651.67,80.71,203.83,-1,-1,-1,-1
233,3,1040.60,649.08,84.67,209.43,-1,-1,-1,-1
234,3,1035.09,656.34,80.01,205.05,-1,-1,-1,-1
235,3,1028.10,657.55,79.20,204.67,-1,-1,-1,-1
236,3,1015.34,658.85,88.49,204.69,-1,-1,-1,-1
237,3,1014.10,664.78,77.11,203.74,-1,-1,-1,-1
238,3,1005.11,666.22,78.25,202.57,-1,-1,-1,-1
239,3,997.62,666.87,78.86,203.72,-1,-1,-1,-1
240,3,992.01,668.44,75.63,201.89,-1,-1,-1,-1
241,3,978.21,673.62,86.57,201.25,-1,-1,-1,-1
242,3,977.20,673.31,84.42,203.02,-1,-1,-1,-1
243,3,968.86,674.50,83.30,203.27,-1,-1,-1,-1
244,3,965.40,674.11,73.32,205.57,-1,-1,-1,-1
245,3,955.67,677.75,78.12,209.48,-1,-1,-1,-1
246,3,948.38,680.86,78.30,204.16,-1,-1,-1,-1
247,3,938.66,682.29,81.47,203.21,-1,-1,-1,-1
248,3,935.22,683.37,73.03,203.04,-1,-1,-1,-1
249,3,929.59,684.52,68.65,201.43,-1,-1,-1,-1
250,3,915.36,690.86,82.57,199.58,-1,-1,-1,-1
5,4,1145.37,115.23,71.08,199.78,-1,-1,-1,-1
6,4,1143.67,113.72,73.87,204.71,-1,-1,-1,-1
7,4,1145.10,125.69,68.35,194.14,-1,-1,-1,-1
8,4,1134.44,123.31,74.22,199.22,-1,-1,-1,-1
9,4,1125.81,123.71,76.23,200.43,-1,-1,-1,-1
10,4,1125.38,123.27,75.86,203.67,-1,-1,-1,-1
11,4,1117.27,129.13,75.86,202.23,-1,-1,-1,-1
12,4,1110.23,130.99,75.74,200.21,-1,-1,-1,-1
13,4,1104.65,132.91,72.38,197.78,-1,-1,-1,-1
14,4,1101.31,131.53,76.16,203.13,-1,-1,-1,-1
15,4,1091.78,139.03,80.09,198.89,-1,-1,-1,-1
16,4,1083.02,139.67,82.98,198.75,-1,-1,-1,-1
17,4,1079.11,139.63,74.08,201.02,-1,-1,-1,-1
18,4,1078.29,140.81,73.66,200.88,-1,-1,-1,-1
19,4,1070.56,145.24,72.95,202.81,-1,-1,-1,-1
20,4,1063.10,145.24,72.59,203.77,-1,-1,-1,-1
21,4,1054.89,148.56,72.44,198.23,-1,-1,-1,-1
22,4,1048.08,148.39,72.62,201.75,-1,-1,-1,-1
23,4,1042.82,156.42,67.95,196.82,-1,-1,-1,-1
24,4,1031.66,157.03,74.31,197.51,-1,-1,-1,-1
25,4,1022.18,156.74,77.06,200.38,-1,-1,-1,-1
26,4,1022.08,160.14,74.15,204.11,-1,-1,-1,-1
27,4,1014.23,160.12,74.42,204.85,-1,-1,-1,-1
28,4,1006.51,162.57,73.78,201.02,-1,-1,-1,-1
29,4,998.10,163.73,75.22,201.38,-1,-1,-1,-1
30,4,989.52,164.54,76.19,201.55,-1,-1,-1,-1
31,4,983.22,170.41,74.10,200.29,-1,-1,-1,-1
32,4,976.38,171.33,71.69,199.35,-1,-1,-1,-1
33,4,967.65,171.56,73.16,201.81,-1,-1,-1,-1
34,4,967.67,173.90,70.57,199.24,-1,-1,-1,-1
35,4,951.45,177.89,73.99,202.02,-1,-1,-1,-1
36,4,947.81,179.53,65.94,199.15,-1,-1,-1,-1
37,4,937.84,179.59,69.72,200.80,-1,-1,-1,-1
38,4,935.08,179.77,72.66,203.33,-1,-1,-1,-1
39,4,923.19,186.66,79.77,199.87,-1,-1,-1,-1
40,4,919.52,186.60,71.71,200.99,-1,-1,-1,-1
41,4,912.12,188.51,71.23,199.53,-1,-1,-1,-1
42,4,903.81,193.72,72.25,200.82,-1,-1,-1,-1
43,4,893.14,193.80,78.11,200.93,-1,-1,-1,-1
44,4,886.78,195.39,75.13,199.87,-1,-1,-1,-1
45,4,881.71,196.35,69.09,199.46,-1,-1,-1,-1
46,4,871.44,196.93,74.71,201.20,-1,-1,-1,-1
47,4,859.16,201.50,82.61,201.72,-1,-1,-1,-1
48,4,858.05,201.18,82.52,203.89,-1,-1,-1,-1
49,4,847.01,203.54,75.76,202.08,-1,-1,-1,-1
50,4,844.40,208.10,78.09,204.30,-1,-1,-1,-1
51,4,836.01,209.98,78.62,201.39,-1,-1,-1,-1
52,4,826.84,210.22,80.81,202.46,-1,-1,-1,-1
53,4,820.85,210.31,78.36,203.91,-1,-1,-1,-1
54,4,814.58,212.48,74.11,200.98,-1,-1,-1,-1
55,4,805.48,212.67,78.04,201.12,-1,-1,-1,-1
56,4,796.08,216.41,80.71,193.90,-1,-1,-1,-1
57,4,790.21,221.51,76.81,196.64,-1,-1,-1,-1
58,4,781.16,223.16,79.70,195.00,-1,-1,-1,-1
59,4,772.52,223.41,80.70,195.94,-1,-1,-1,-1
60,4,771.94,225.02,79.36,204.98,-1,-1,-1,-1
61,4,762.70,227.13,80.69,215.91,-1,-1,-1,-1
62,4,757.85,229.90,76.01,210.38,-1,-1,-1,-1
63,4,747.31,232.59,81.53,207.15,-1,-1,-1,-1
64,4,742.02,234.22,77.86,204.09,-1,-1,-1,-1
65,4,742.03,234.69,74.22,201.24,-1,-1,-1,-1
66,4,733.83,238.68,75.99,195.54,-1,-1,-1,-1
67,4,725.00,238.84,78.49,197.17,-1,-1,-1,-1
68,4,718.67,243.92,76.03,197.64,-1,-1,-1,-1
69,4,717.05,244.66,76.48,198.05,-1,-1,-1,-1
70,4,707.99,243.65,80.79,201.45,-1,-1,-1,-1
71,4,704.70,243.09,85.46,203.41,-1,-1,-1,-1
72,4,697.05,252.14,84.97,197.28,-1,-1,-1,-1
73,4,690.48,252.35,84.60,199.15,-1,-1,-1,-1
74,4,691.39,252.39,80.73,200.61,-1,-1,-1,-1
75,4,685.58,254.33,77.48,196.19,-1,-1,-1,-1
76,4,674.42,252.07,83.55,201.45,-1,-1,-1,-1
77,4,667.51,260.83,81.38,212.74,-1,-1,-1,-1
78,4,667.23,265.16,81.05,203.71,-1,-1,-1,-1
87,4,684.39,365.83,80.99,198.39,-1,-1,-1,-1
91,4,627.81,286.87,79.65,196.63,-1,-1,-1,-1
92,4,622.31,295.81,77.12,190.95,-1,-1,-1,-1
93,4,620.97,296.31,79.40,191.26,-1,-1,-1,-1
94,4,622.65,295.05,75.37,194.62,-1,-1,-1,-1
95,4,617.32,293.55,85.28,197.57,-1,-1,-1,-1
110,4,622.44,326.50,75.24,195.02,-1,-1,-1,-1
113,4,619.60,331.95,82.67,198.74,-1,-1,-1,-1
114,4,630.65,331.82,74.03,200.71,-1,-1,-1,-1
120,4,648.19,250.92,104.47,298.98,-1,-1,-1,-1
121,4,649.20,260.03,101.77,294.30,-1,-1,-1,-1
131,4,697.24,359.10,68.65,210.27,-1,-1,-1,-1
132,4,700.66,373.42,62.78,195.42,-1,-1,-1,-1
133,4,706.44,374.07,66.56,195.71,-1,-1,-1,-1
134,4,706.23,379.48,69.28,198.35,-1,-1,-1,-1
135,4,714.54,380.31,66.75,198.02,-1,-1,-1,-1
136,4,717.70,381.41,76.35,195.64,-1,-1,-1,-1
137,4,720.57,380.19,71.98,200.39,-1,-1,-1,-1
138,4,727.49,380.28,73.15,201.07,-1,-1,-1,-1
139,4,733.80,381.25,75.54,198.66,-1,-1,-1,-1
140,4,739.98,388.65,65.80,196.17,-1,-1,-1,-1
141,4,746.37,389.01,67.45,196.54,-1,-1,-1,-1
142,4,753.45,389.51,70.04,197.97,-1,-1,-1,-1
143,4,760.73,396.42,69.95,196.31,-1,-1,-1,-1
144,4,764.97,396.68,77.22,196.16,-1,-1,-1,-1
145,4,766.38,395.18,77.09,200.90,-1,-1,-1,-1
146,4,779.01,396.83,79.44,199.29,-1,-1,-1,-1
147,4,782.64,396.34,75.28,200.93,-1,-1,-1,-1
148,4,792.28,404.07,71.80,196.91,-1,-1,-1,-1
149,4,798.99,404.49,73.72,196.84,-1,-1,-1,-1
150,4,806.91,402.47,74.30,203.04,-1,-1,-1,-1
151,4,814.68,404.08,73.50,200.91,-1,-1,-1,-1
152,4,823.85,411.18,70.80,199.32,-1,-1,-1,-1
153,4,829.06,412.44,75.86,198.05,-1,-1,-1,-1
154,4,837.71,411.87,74.57,201.45,-1,-1,-1,-1
155,4,845.04,419.22,75.94,198.74,-1,-1,-1,-1
156,4,852.09,420.38,63.79,197.60,-1,-1,-1,-1
157,4,861.38,422.50,62.16,194.77,-1,-1,-1,-1
158,4,865.81,429.53,69.10,193.74,-1,-1,-1,-1
159,4,873.03,428.03,70.31,197.72,-1,-1,-1,-1
160,4,882.23,430.23,67.69,193.32,-1,-1,-1,-1
161,4,891.19,430.26,66.55,196.31,-1,-1,-1,-1
162,4,897.12,430.85,70.80,196.11,-1,-1,-1,-1
163,4,906.86,435.97,66.16,197.30,-1,-1,-1,-1
164,4,911.81,435.88,72.57,196.95,-1,-1,-1,-1
165,4,925.09,437.75,60.96,195.59,-1,-1,-1,-1
166,4,933.75,440.32,57.92,191.84,-1,-1,-1,-1
167,4,937.08,445.20,68.11,194.53,-1,-1,-1,-1
171,4,962.85,452.70,67.59,195.55,-1,-1,-1,-1
174,4,989.44,452.70,62.35,199.89,-1,-1,-1,-1
175,4,994.87,460.22,66.33,196.23,-1,-1,-1,-1
176,4,1002.16,459.20,66.87,199.49,-1,-1,-1,-1
177,4,1010.62,461.16,66.32,196.96,-1,-1,-1,-1
178,4,1017.97,460.31,67.42,202.25,-1,-1,-1,-1
179,4,1022.03,465.95,74.22,199.99,-1,-1,-1,-1
180,4,1028.33,469.23,65.87,195.65,-1,-1,-1,-1
181,4,1036.18,470.94,65.42,193.02,-1,-1,-1,-1
182,4,1043.34,473.42,66.88,189.67,-1,-1,-1,-1
183,4,1054.03,475.98,59.52,196.29,-1,-1,-1,-1
184,4,1060.43,474.33,63.35,202.36,-1,-1,-1,-1
185,4,1069.24,477.01,59.52,198.16,-1,-1,-1,-1
187,4,1078.77,480.57,60.63,206.87,-1,-1,-1,-1
188,4,1084.66,481.70,62.34,204.22,-1,-1,-1,-1
189,4,1093.52,486.05,59.75,194.78,-1,-1,-1,-1
190,4,1101.43,485.53,60.30,196.98,-1,-1,-1,-1
191,4,1107.73,486.39,61.54,197.12,-1,-1,-1,-1
192,4,1115.89,485.87,62.33,198.55,-1,-1,-1,-1
193,4,1116.69,493.29,63.51,195.97,-1,-1,-1,-1
194,4,1121.01,493.99,68.32,196.56,-1,-1,-1,-1
195,4,1130.25,495.28,64.05,195.98,-1,-1,-1,-1
196,4,1133.65,501.98,61.85,192.72,-1,-1,-1,-1
197,4,1137.84,502.95,66.59,191.87,-1,-1,-1,-1
198,4,1142.14,503.04,72.31,194.70,-1,-1,-1,-1
199,4,1144.71,504.79,70.96,193.68,-1,-1,-1,-1
200,4,1152.97,507.18,68.43,188.19,-1,-1,-1,-1
201,4,1154.08,514.23,69.48,185.39,-1,-1,-1,-1
202,4,1162.06,512.66,66.78,190.83,-1,-1,-1,-1
203,4,1165.34,516.42,63.24,184.23,-1,-1,-1,-1
211,4,1196.49,531.78,62.66,197.54,-1,-1,-1,-1
212,4,1197.59,530.99,61.51,199.41,-1,-1,-1,-1
213,4,1202.46,533.19,66.33,195.76,-1,-1,-1,-1
214,4,1205.66,535.78,60.63,190.63,-1,-1,-1,-1
215,4,1211.88,535.63,62.21,194.11,-1,-1,-1,-1
216,4,1211.60,541.76,64.01,193.81,-1,-1,-1,-1
217,4,1214.91,542.11,58.54,195.10,-1,-1,-1,-1
218,4,1214.09,542.31,61.79,197.80,-1,-1,-1,-1
219,4,1215.35,541.00,59.80,200.13,-1,-1,-1,-1
220,4,1214.45,542.03,61.06,197.54,-1,-1,-1,-1
221,4,1222.63,549.15,56.55,195.50,-1,-1,-1,-1
222,4,1218.84,550.02,65.67,196.22,-1,-1,-1,-1
223,4,1219.64,550.94,64.91,196.04,-1,-1,-1,-1
224,4,1220.04,556.28,64.55,195.66,-1,-1,-1,-1
225,4,1220.88,557.71,63.21,194.40,-1,-1,-1,-1
226,4,1220.24,560.19,64.65,192.03,-1,-1,-1,-1
227,4,1219.81,560.35,65.46,194.23,-1,-1,-1,-1
228,4,1220.58,564.64,63.29,194.98,-1,-1,-1,-1
229,4,1222.19,567.00,59.94,192.03,-1,-1,-1,-1
230,4,1219.65,566.77,65.71,195.81,-1,-1,-1,-1
231,4,1218.38,566.72,68.17,197.78,-1,-1,-1,-1
232,4,1219.54,570.86,65.99,199.18,-1,-1,-1,-1
233,4,1219.50,573.40,65.15,196.94,-1,-1,-1,-1
234,4,1220.61,572.91,63.22,199.91,-1,-1,-1,-1
235,4,1216.61,578.93,69.59,198.38,-1,-1,-1,-1
236,4,1220.15,579.01,60.89,199.52,-1,-1,-1,-1
237,4,1211.42,579.93,66.75,199.78,-1,-1,-1,-1
238,4,1210.48,578.53,67.39,204.96,-1,-1,-1,-1
239,4,1209.39,585.05,67.15,203.11,-1,-1,-1,-1
240,4,1204.07,586.11,65.86,201.83,-1,-1,-1,-1
241,4,1216.17,589.34,55.18,197.79,-1,-1,-1,-1
7,5,1204.63,42.99,79.28,202.12,-1,-1,-1,-1
9,5,1211.71,49.90,80.63,201.56,-1,-1,-1,-1
10,5,1210.62,49.51,83.39,203.65,-1,-1,-1,-1
11,5,1212.73,50.75,80.23,202.72,-1,-1,-1,-1
12,5,1214.28,51.95,77.96,201.73,-1,-1,-1,-1
39,5,1175.47,106.82,89.72,204.45,-1,-1,-1,-1
43,5,1159.86,113.65,88.73,205.68,-1,-1,-1,-1
62,5,1054.67,151.70,90.04,208.72,-1,-1,-1,-1
64,5,1040.64,155.71,87.64,215.65,-1,-1,-1,-1
65,5,1031.13,156.91,91.16,213.60,-1,-1,-1,-1
68,5,1014.87,161.22,88.90,220.94,-1,-1,-1,-1
69,5,1005.93,163.37,91.34,216.29,-1,-1,-1,-1
70,5,999.32,164.39,88.66,215.21,-1,-1,-1,-1
71,5,991.84,166.12,88.25,212.85,-1,-1,-1,-1
72,5,981.14,169.13,93.42,221.27,-1,-1,-1,-1
73,5,974.47,167.75,91.78,224.50,-1,-1,-1,-1
74,5,965.07,172.26,94.20,215.63,-1,-1,-1,-1
76,5,948.69,177.98,94.99,219.77,-1,-1,-1,-1
78,5,932.83,179.40,96.08,217.27,-1,-1,-1,-1
80,5,922.88,182.29,96.35,226.44,-1,-1,-1,-1
81,5,915.07,182.71,96.58,227.53,-1,-1,-1,-1
86,5,876.73,190.23,94.91,227.50,-1,-1,-1,-1
87,5,869.92,194.74,91.36,219.40,-1,-1,-1,-1
88,5,861.16,198.73,94.21,226.50,-1,-1,-1,-1
89,5,853.40,198.89,94.21,225.80,-1,-1,-1,-1
90,5,845.57,198.84,93.88,226.38,-1,-1,-1,-1
91,5,839.33,202.22,90.96,219.77,-1,-1,-1,-1
93,5,826.45,205.05,97.75,215.18,-1,-1,-1,-1
94,5,820.06,206.55,94.59,212.78,-1,-1,-1,-1
95,5,812.76,211.34,94.38,218.22,-1,-1,-1,-1
96,5,802.95,212.86,98.28,230.08,-1,-1,-1,-1
97,5,794.84,208.84,99.53,238.47,-1,-1,-1,-1
98,5,788.14,216.09,96.65,224.75,-1,-1,-1,-1
99,5,780.69,216.74,95.88,238.85,-1,-1,-1,-1
100,5,778.46,215.00,98.14,242.33,-1,-1,-1,-1
101,5,769.54,211.50,100.31,264.26,-1,-1,-1,-1
102,5,762.43,216.12,98.35,270.15,-1,-1,-1,-1
103,5,753.08,219.47,101.82,264.36,-1,-1,-1,-1
105,5,739.39,225.04,98.58,253.64,-1,-1,-1,-1
106,5,739.94,231.76,95.15,223.48,-1,-1,-1,-1
107,5,730.06,229.73,99.70,243.51,-1,-1,-1,-1
108,5,725.01,239.46,94.14,224.45,-1,-1,-1,-1
109,5,717.23,235.46,94.29,232.00,-1,-1,-1,-1
110,5,716.82,239.26,93.18,224.37,-1,-1,-1,-1
111,5,707.20,243.30,97.74,218.08,-1,-1,-1,-1
113,5,701.79,251.92,91.35,214.56,-1,-1,-1,-1
137,5,626.58,303.42,81.43,207.89,-1,-1,-1,-1
10,6,697.60,370.50,83.69,204.89,-1,-1,-1,-1
11,6,697.79,376.84,85.64,203.17,-1,-1,-1,-1
12,6,705.26,378.21,84.22,203.68,-1,-1,-1,-1
13,6,708.37,379.07,81.00,202.16,-1,-1,-1,-1
14,6,717.15,379.37,77.31,203.42,-1,-1,-1,-1
15,6,721.92,384.62,83.22,203.69,-1,-1,-1,-1
16,6,725.04,385.93,79.52,201.04,-1,-1,-1,-1
17,6,732.38,386.57,80.55,202.10,-1,-1,-1,-1
18,6,736.74,384.38,87.37,207.44,-1,-1,-1,-1
19,6,747.59,382.95,81.72,211.96,-1,-1,-1,-1
20,6,749.51,393.61,92.40,205.03,-1,-1,-1,-1
21,6,759.92,391.97,86.41,208.01,-1,-1,-1,-1
22,6,763.55,392.32,82.26,207.68,-1,-1,-1,-1
23,6,772.16,400.76,80.98,203.25,-1,-1,-1,-1
24,6,778.31,391.11,83.34,212.27,-1,-1,-1,-1
25,6,787.63,401.25,79.76,204.91,-1,-1,-1,-1
26,6,794.54,403.78,81.08,202.35,-1,-1,-1,-1
27,6,799.99,409.69,86.12,201.63,-1,-1,-1,-1
28,6,804.32,409.31,80.63,202.49,-1,-1,-1,-1
29,6,809.12,410.19,86.50,203.12,-1,-1,-1,-1
30,6,819.79,412.39,80.07,201.74,-1,-1,-1,-1
31,6,826.18,417.62,84.12,200.31,-1,-1,-1,-1
32,6,831.57,417.94,88.45,202.46,-1,-1,-1,-1
33,6,846.20,419.08,75.61,202.99,-1,-1,-1,-1
34,6,853.27,424.49,77.59,202.00,-1,-1,-1,-1
35,6,860.22,424.31,78.72,203.50,-1,-1,-1,-1
36,6,865.58,425.35,83.78,204.16,-1,-1,-1,-1
37,6,872.54,425.58,85.60,204.31,-1,-1,-1,-1
38,6,881.19,425.94,83.62,206.47,-1,-1,-1,-1
39,6,890.93,433.50,79.95,201.41,-1,-1,-1,-1
40,6,895.87,431.96,86.24,205.73,-1,-1,-1,-1
41,6,896.87,433.60,87.05,204.91,-1,-1,-1,-1
42,6,907.48,433.69,82.90,207.56,-1,-1,-1,-1
43,6,913.21,441.14,85.53,201.95,-1,-1,-1,-1
44,6,923.01,441.83,82.95,201.73,-1,-1,-1,-1
45,6,928.57,441.20,86.48,205.61,-1,-1,-1,-1
46,6,938.23,442.36,83.04,205.99,-1,-1,-1,-1
47,6,942.57,447.34,90.14,204.67,-1,-1,-1,-1
48,6,956.44,448.21,78.53,204.64,-1,-1,-1,-1
49,6,960.20,449.15,86.98,206.13,-1,-1,-1,-1
50,6,967.58,449.51,87.16,207.09,-1,-1,-1,-1
51,6,977.46,455.99,83.51,204.70,-1,-1,-1,-1
52,6,980.44,456.92,81.12,203.14,-1,-1,-1,-1
53,6,992.32,457.02,84.85,205.57,-1,-1,-1,-1
54,6,997.14,458.73,79.79,203.76,-1,-1,-1,-1
55,6,1009.39,458.29,82.05,207.60,-1,-1,-1,-1
56,6,1010.76,465.61,83.29,202.03,-1,-1,-1,-1
57,6,1018.42,465.64,83.43,203.22,-1,-1,-1,-1
58,6,1027.40,466.79,80.93,205.20,-1,-1,-1,-1
59,6,1037.02,472.68,76.77,202.54,-1,-1,-1,-1
60,6,1043.11,472.90,80.17,204.12,-1,-1,-1,-1
61,6,1046.57,474.28,76.65,201.59,-1,-1,-1,-1
62,6,1047.76,474.67,88.88,204.40,-1,-1,-1,-1
63,6,1056.62,480.99,86.17,201.72,-1,-1,-1,-1
64,6,1065.23,481.02,85.35,203.07,-1,-1,-1,-1
65,6,1074.41,481.76,81.49,204.58,-1,-1,-1,-1
66,6,1083.93,482.87,77.41,204.25,-1,-1,-1,-1
67,6,1081.28,488.09,86.79,203.16,-1,-1,-1,-1
68,6,1089.24,489.15,85.43,203.69,-1,-1,-1,-1
69,6,1096.49,489.54,85.17,204.70,-1,-1,-1,-1
70,6,1106.62,490.25,80.63,206.21,-1,-1,-1,-1
71,6,1111.84,496.65,73.98,201.84,-1,-1,-1,-1
72,6,1114.80,496.76,82.83,203.50,-1,-1,-1,-1
73,6,1122.43,497.83,80.91,203.72,-1,-1,-1,-1
74,6,1122.06,499.11,85.12,204.23,-1,-1,-1,-1
75,6,1130.80,504.76,80.82,202.70,-1,-1,-1,-1
76,6,1139.79,504.91,77.98,205.24,-1,-1,-1,-1
77,6,1143.43,506.36,73.17,203.30,-1,-1,-1,-1
78,6,1140.77,508.10,81.05,201.50,-1,-1,-1,-1
79,6,1150.35,511.31,76.42,205.43,-1,-1,-1,-1
80,6,1155.57,511.76,80.37,207.75,-1,-1,-1,-1
81,6,1156.38,512.98,80.83,207.72,-1,-1,-1,-1
82,6,1162.46,513.54,81.95,207.74,-1,-1,-1,-1
83,6,1166.67,519.59,76.02,206.29,-1,-1,-1,-1
84,6,1172.07,520.42,79.68,206.12,-1,-1,-1,-1
85,6,1175.15,520.28,74.23,209.28,-1,-1,-1,-1
86,6,1178.96,521.42,80.02,207.63,-1,-1,-1,-1
87,6,1180.57,523.45,79.55,216.73,-1,-1,-1,-1
88,6,1188.58,524.81,76.93,214.90,-1,-1,-1,-1
89,6,1192.33,528.22,71.41,209.05,-1,-1,-1,-1
90,6,1187.43,531.48,81.88,214.00,-1,-1,-1,-1
91,6,1195.61,535.09,78.96,207.09,-1,-1,-1,-1
92,6,1193.91,536.74,84.45,205.14,-1,-1,-1,-1
93,6,1195.78,537.73,81.74,205.42,-1,-1,-1,-1
94,6,1205.00,538.21,76.39,206.39,-1,-1,-1,-1
95,6,1201.87,543.42,83.94,204.70,-1,-1,-1,-1
96,6,1204.21,545.12,79.98,202.83,-1,-1,-1,-1
97,6,1208.53,546.02,72.42,203.28,-1,-1,-1,-1
98,6,1206.12,546.69,77.67,204.77,-1,-1,-1,-1
99,6,1210.21,551.95,81.20,203.90,-1,-1,-1,-1
100,6,1210.94,553.20,80.05,202.51,-1,-1,-1,-1
101,6,1204.46,553.32,81.06,204.11,-1,-1,-1,-1
102,6,1210.09,554.21,82.58,204.99,-1,-1,-1,-1
103,6,1210.35,555.65,81.81,204.60,-1,-1,-1,-1
104,6,1213.13,561.52,76.51,201.97,-1,-1,-1,-1
105,6,1212.21,561.57,78.44,203.89,-1,-1,-1,-1
106,6,1210.31,562.14,82.80,206.12,-1,-1,-1,-1
107,6,1211.16,568.46,80.63,203.02,-1,-1,-1,-1
108,6,1212.12,569.19,78.24,203.33,-1,-1,-1,-1
109,6,1210.09,568.28,81.75,208.08,-1,-1,-1,-1
110,6,1210.84,570.39,79.97,206.39,-1,-1,-1,-1
111,6,1202.97,575.20,83.52,205.83,-1,-1,-1,-1
112,6,1200.61,576.02,86.33,206.23,-1,-1,-1,-1
113,6,1203.08,578.04,81.55,205.41,-1,-1,-1,-1
114,6,1203.14,578.69,81.36,206.49,-1,-1,-1,-1
115,6,1202.27,584.46,82.03,205.09,-1,-1,-1,-1
116,6,1196.01,583.37,80.89,209.25,-1,-1,-1,-1
117,6,1197.44,584.69,77.13,208.08,-1,-1,-1,-1
129,6,1155.14,603.97,82.05,216.13,-1,-1,-1,-1
130,6,1147.29,601.90,82.87,218.63,-1,-1,-1,-1
131,6,1149.23,610.12,76.97,206.74,-1,-1,-1,-1
132,6,1142.93,614.42,75.26,207.57,-1,-1,-1,-1
133,6,1142.42,615.90,74.40,207.94,-1,-1,-1,-1
134,6,1131.03,618.12,82.80,205.35,-1,-1,-1,-1
135,6,1124.42,619.25,81.17,204.80,-1,-1,-1,-1
136,6,1124.35,625.17,79.01,202.99,-1,-1,-1,-1
137,6,1117.01,626.18,79.13,202.14,-1,-1,-1,-1
138,6,1110.58,628.02,76.62,202.84,-1,-1,-1,-1
139,6,1108.60,632.19,78.12,203.98,-1,-1,-1,-1
140,6,1098.08,631.99,84.12,204.35,-1,-1,-1,-1
141,6,1093.61,632.29,77.65,205.55,-1,-1,-1,-1
142,6,1090.45,631.88,81.29,209.66,-1,-1,-1,-1
143,6,1082.41,641.12,82.86,203.36,-1,-1,-1,-1
144,6,1080.25,641.17,72.43,204.85,-1,-1,-1,-1
145,6,1070.30,653.11,77.26,196.21,-1,-1,-1,-1
146,6,1068.86,651.20,76.34,199.93,-1,-1,-1,-1
147,6,1058.87,646.34,80.58,206.81,-1,-1,-1,-1
148,6,1051.41,647.45,79.88,204.92,-1,-1,-1,-1
149,6,1047.00,648.88,74.79,206.29,-1,-1,-1,-1
150,6,1039.25,650.34,72.77,204.65,-1,-1,-1,-1
151,6,1025.94,650.17,84.41,206.96,-1,-1,-1,-1
152,6,1022.03,656.07,77.28,203.40,-1,-1,-1,-1
153,6,1014.95,657.46,75.63,203.54,-1,-1,-1,-1
154,6,1014.92,658.14,71.81,206.79,-1,-1,-1,-1
155,6,1005.37,659.63,75.17,204.70,-1,-1,-1,-1
156,6,993.69,664.56,82.62,203.57,-1,-1,-1,-1
157,6,990.32,666.78,74.20,201.60,-1,-1,-1,-1
158,6,982.40,666.74,75.50,204.18,-1,-1,-1,-1
159,6,972.68,667.54,78.24,204.60,-1,-1,-1,-1
160,6,965.62,673.26,77.97,202.36,-1,-1,-1,-1
161,6,964.20,674.34,65.35,202.89,-1,-1,-1,-1
162,6,952.20,674.48,73.45,206.16,-1,-1,-1,-1
163,6,944.17,680.11,73.80,203.17,-1,-1,-1,-1
164,6,936.24,681.09,73.75,202.46,-1,-1,-1,-1
165,6,927.92,682.29,74.68,202.92,-1,-1,-1,-1
166,6,924.53,683.28,76.26,203.77,-1,-1,-1,-1
167,6,914.28,681.25,81.36,209.31,-1,-1,-1,-1
168,6,907.18,688.52,79.82,203.35,-1,-1,-1,-1
169,6,903.01,688.12,73.74,207.88,-1,-1,-1,-1
170,6,891.62,689.86,79.87,205.64,-1,-1,-1,-1
171,6,886.42,695.56,75.05,205.31,-1,-1,-1,-1
172,6,876.61,696.27,78.51,203.96,-1,-1,-1,-1
173,6,867.93,696.70,80.60,206.39,-1,-1,-1,-1
174,6,864.39,699.07,71.08,203.89,-1,-1,-1,-1
175,6,857.97,705.24,69.80,202.05,-1,-1,-1,-1
176,6,847.33,705.42,74.83,201.55,-1,-1,-1,-1
177,6,838.56,706.12,76.96,203.52,-1,-1,-1,-1
178,6,840.39,706.68,68.79,205.82,-1,-1,-1,-1
179,6,820.82,712.33,80.12,202.58,-1,-1,-1,-1
180,6,822.91,712.89,72.52,205.13,-1,-1,-1,-1
181,6,810.36,713.41,81.05,203.92,-1,-1,-1,-1
182,6,804.53,713.96,78.76,205.67,-1,-1,-1,-1
183,6,797.86,721.52,75.81,200.04,-1,-1,-1,-1
184,6,791.02,722.51,74.67,200.10,-1,-1,-1,-1
185,6,787.31,722.45,66.60,202.22,-1,-1,-1,-1
186,6,777.66,723.81,70.73,202.07,-1,-1,-1,-1
187,6,774.43,730.26,73.09,200.00,-1,-1,-1,-1
188,6,766.59,731.69,72.97,198.59,-1,-1,-1,-1
189,6,759.33,730.38,72.45,203.38,-1,-1,-1,-1
190,6,749.51,730.60,77.28,204.71,-1,-1,-1,-1
191,6,740.96,737.95,79.47,200.32,-1,-1,-1,-1
192,6,743.47,738.79,70.86,200.23,-1,-1,-1,-1
193,6,730.84,738.24,80.72,202.02,-1,-1,-1,-1
194,6,728.09,738.48,72.67,205.32,-1,-1,-1,-1
195,6,719.44,745.96,74.23,200.70,-1,-1,-1,-1
196,6,715.49,745.42,78.97,202.35,-1,-1,-1,-1
197,6,707.40,744.86,80.65,205.90,-1,-1,-1,-1
198,6,704.71,746.74,72.06,203.27,-1,-1,-1,-1
199,6,694.63,746.77,77.03,204.79,-1,-1,-1,-1
200,6,691.95,751.55,79.91,206.25,-1,-1,-1,-1
201,6,690.36,753.74,69.25,203.71,-1,-1,-1,-1
202,6,678.71,753.70,75.82,205.62,-1,-1,-1,-1
203,6,675.23,757.78,81.49,209.94,-1,-1,-1,-1
205,6,663.41,757.54,75.27,212.24,-1,-1,-1,-1
206,6,663.43,761.52,73.38,204.94,-1,-1,-1,-1
209,6,649.82,769.67,70.57,203.47,-1,-1,-1,-1
210,6,647.84,770.48,73.38,204.60,-1,-1,-1,-1
211,6,643.60,775.86,80.18,205.23,-1,-1,-1,-1
212,6,641.61,778.62,70.57,199.96,-1,-1,-1,-1
213,6,637.98,776.50,74.63,205.64,-1,-1,-1,-1
214,6,640.52,779.61,68.98,201.95,-1,-1,-1,-1
215,6,634.22,780.47,69.76,201.31,-1,-1,-1,-1
216,6,634.03,786.01,68.92,201.39,-1,-1,-1,-1
217,6,633.11,786.81,69.07,202.13,-1,-1,-1,-1
218,6,627.01,786.78,79.69,204.89,-1,-1,-1,-1
219,6,621.45,793.05,78.12,201.92,-1,-1,-1,-1
220,6,618.88,793.59,81.91,201.92,-1,-1,-1,-1
221,6,618.91,794.08,80.27,202.02,-1,-1,-1,-1
222,6,619.43,795.25,79.23,202.44,-1,-1,-1,-1
223,6,611.94,800.71,81.77,202.01,-1,-1,-1,-1
224,6,612.66,802.52,80.89,200.63,-1,-1,-1,-1
225,6,610.79,802.57,83.53,202.61,-1,-1,-1,-1
226,6,609.90,802.20,85.51,205.88,-1,-1,-1,-1
227,6,611.18,808.91,82.34,203.17,-1,-1,-1,-1
228,6,612.94,808.86,78.90,203.67,-1,-1,-1,-1
229,6,611.32,809.22,81.97,203.99,-1,-1,-1,-1
230,6,610.17,808.89,84.47,206.83,-1,-1,-1,-1
231,6,613.14,817.04,78.52,201.72,-1,-1,-1,-1
232,6,613.71,817.32,77.96,202.04,-1,-1,-1,-1
233,6,617.36,818.41,71.25,202.81,-1,-1,-1,-1
234,6,610.36,818.19,84.84,205.42,-1,-1,-1,-1
235,6,609.33,824.85,87.04,202.87,-1,-1,-1,-1
236,6,618.01,825.04,81.85,204.61,-1,-1,-1,-1
237,6,618.52,825.00,81.79,205.75,-1,-1,-1,-1
238,6,618.30,825.43,82.72,207.30,-1,-1,-1,-1
239,6,619.02,832.03,82.63,204.80,-1,-1,-1,-1
240,6,619.31,832.52,83.29,205.12,-1,-1,-1,-1
241,6,628.80,832.70,76.85,207.67,-1,-1,-1,-1
242,6,628.96,839.89,77.38,203.81,-1,-1,-1,-1
243,6,631.48,839.72,73.87,206.24,-1,-1,-1,-1
244,6,634.46,839.99,69.16,206.91,-1,-1,-1,-1
220,7,1024.85,467.08,70.51,202.90,-1,-1,-1,-1
224,7,1052.82,476.98,75.05,200.16,-1,-1,-1,-1
231,7,1095.90,487.55,73.99,210.17,-1,-1,-1,-1
232,7,1099.75,493.48,81.29,210.95,-1,-1,-1,-1
233,7,1107.24,494.08,80.63,210.97,-1,-1,-1,-1
234,7,1112.89,494.67,83.76,210.13,-1,-1,-1,-1
235,7,1118.49,497.20,77.00,206.30,-1,-1,-1,-1
236,7,1125.94,498.78,76.00,204.12,-1,-1,-1,-1
239,7,1140.35,504.54,79.53,221.33,-1,-1,-1,-1
243,7,1156.12,511.48,95.11,286.95,-1,-1,-1,-1
244,7,1157.95,514.12,93.30,283.57,-1,-1,-1,-1
245,7,1166.30,512.18,89.91,288.14,-1,-1,-1,-1
247,7,1173.20,514.24,78.90,284.70,-1,-1,-1,-1
249,7,1184.17,523.03,72.74,282.61,-1,-1,-1,-1
