2,1,371.62,433.18,95.74,204.70,-1,-1,-1,-1
3,1,373.10,433.23,95.77,205.82,-1,-1,-1,-1
4,1,381.25,432.47,94.31,208.51,-1,-1,-1,-1
5,1,389.19,432.25,92.06,208.87,-1,-1,-1,-1
6,1,388.30,433.14,95.06,205.98,-1,-1,-1,-1
7,1,397.14,433.41,92.77,203.50,-1,-1,-1,-1
8,1,396.46,432.08,96.62,207.62,-1,-1,-1,-1
9,1,405.10,432.69,93.05,206.81,-1,-1,-1,-1
10,1,403.74,433.64,97.68,201.13,-1,-1,-1,-1
11,1,414.05,432.55,92.09,209.48,-1,-1,-1,-1
12,1,420.75,433.00,92.23,207.41,-1,-1,-1,-1
13,1,421.29,433.18,93.22,207.98,-1,-1,-1,-1
14,1,429.16,433.72,91.37,202.26,-1,-1,-1,-1
15,1,429.21,431.97,94.49,209.18,-1,-1,-1,-1
16,1,436.70,432.33,92.75,208.88,-1,-1,-1,-1
17,1,436.40,433.22,95.93,206.54,-1,-1,-1,-1
18,1,445.34,433.04,92.89,208.23,-1,-1,-1,-1
19,1,452.59,432.41,91.90,205.21,-1,-1,-1,-1
20,1,453.51,432.99,92.34,203.64,-1,-1,-1,-1
21,1,454.04,432.79,93.54,205.09,-1,-1,-1,-1
22,1,460.92,432.54,94.26,207.64,-1,-1,-1,-1
23,1,468.52,432.01,92.70,210.56,-1,-1,-1,-1
24,1,467.58,432.82,96.02,206.11,-1,-1,-1,-1
25,1,476.79,432.46,92.70,209.20,-1,-1,-1,-1
26,1,476.93,433.42,94.99,203.04,-1,-1,-1,-1
27,1,485.12,433.11,92.67,204.66,-1,-1,-1,-1
28,1,485.29,433.38,94.10,204.91,-1,-1,-1,-1
29,1,493.41,432.68,92.54,206.81,-1,-1,-1,-1
30,1,493.66,440.26,95.02,204.19,-1,-1,-1,-1
31,1,500.09,432.74,94.70,206.28,-1,-1,-1,-1
32,1,508.47,432.08,92.52,209.55,-1,-1,-1,-1
33,1,509.64,433.08,93.38,204.99,-1,-1,-1,-1
34,1,517.67,430.96,91.00,211.74,-1,-1,-1,-1
35,1,517.10,433.34,93.77,204.14,-1,-1,-1,-1
36,1,525.09,432.60,91.81,204.36,-1,-1,-1,-1
37,1,525.26,433.89,95.01,202.39,-1,-1,-1,-1
38,1,531.66,432.31,94.94,205.41,-1,-1,-1,-1
39,1,531.88,432.37,97.26,204.20,-1,-1,-1,-1
40,1,541.06,431.85,93.43,208.00,-1,-1,-1,-1
41,1,540.87,431.40,96.57,208.09,-1,-1,-1,-1
42,1,548.40,433.09,94.30,204.38,-1,-1,-1,-1
43,1,556.67,433.55,91.56,204.00,-1,-1,-1,-1
44,1,556.69,433.05,94.68,206.39,-1,-1,-1,-1
45,1,564.12,432.27,93.92,207.08,-1,-1,-1,-1
46,1,563.86,432.75,95.72,206.61,-1,-1,-1,-1
47,1,573.28,432.97,93.18,209.07,-1,-1,-1,-1
48,1,579.93,432.38,92.68,209.99,-1,-1,-1,-1
49,1,581.77,432.45,92.59,209.05,-1,-1,-1,-1
50,1,589.83,433.43,89.01,207.00,-1,-1,-1,-1
51,1,589.04,432.30,93.58,208.03,-1,-1,-1,-1
52,1,595.47,432.01,94.44,209.03,-1,-1,-1,-1
53,1,595.18,432.71,96.74,206.09,-1,-1,-1,-1
54,1,604.40,432.30,92.98,208.36,-1,-1,-1,-1
55,1,604.16,431.81,95.91,208.81,-1,-1,-1,-1
56,1,611.25,432.16,95.32,206.60,-1,-1,-1,-1
57,1,611.69,433.61,97.24,203.31,-1,-1,-1,-1
58,1,621.79,433.51,91.89,205.09,-1,-1,-1,-1
59,1,620.28,433.17,97.57,204.90,-1,-1,-1,-1
60,1,628.26,432.08,94.55,208.01,-1,-1,-1,-1
61,1,628.30,432.48,97.03,205.47,-1,-1,-1,-1
62,1,637.03,431.20,94.82,211.71,-1,-1,-1,-1
63,1,643.66,431.17,94.52,211.11,-1,-1,-1,-1
64,1,644.13,433.10,95.50,205.09,-1,-1,-1,-1
65,1,653.35,431.69,91.17,210.78,-1,-1,-1,-1
66,1,652.37,430.81,95.77,212.33,-1,-1,-1,-1
67,1,660.15,431.01,94.75,212.14,-1,-1,-1,-1
68,1,659.58,432.62,97.68,208.21,-1,-1,-1,-1
69,1,669.19,431.53,93.21,209.71,-1,-1,-1,-1
70,1,668.85,430.37,96.64,213.15,-1,-1,-1,-1
71,1,675.62,432.48,95.59,206.55,-1,-1,-1,-1
72,1,685.91,433.24,89.58,208.39,-1,-1,-1,-1
73,1,685.16,439.86,94.84,206.22,-1,-1,-1,-1
74,1,692.18,432.08,93.49,207.71,-1,-1,-1,-1
75,1,690.82,432.43,97.75,205.33,-1,-1,-1,-1
76,1,700.52,431.68,92.61,210.12,-1,-1,-1,-1
77,1,699.68,432.29,98.31,207.71,-1,-1,-1,-1
78,1,708.16,431.03,94.29,209.58,-1,-1,-1,-1
79,1,707.75,432.72,97.58,203.48,-1,-1,-1,-1
80,1,716.75,432.18,94.06,206.98,-1,-1,-1,-1
81,1,716.74,430.70,96.48,209.94,-1,-1,-1,-1
82,1,723.55,432.84,95.99,204.14,-1,-1,-1,-1
83,1,732.57,430.87,92.23,211.84,-1,-1,-1,-1
84,1,731.97,431.22,96.21,210.33,-1,-1,-1,-1
85,1,740.15,431.60,93.55,207.81,-1,-1,-1,-1
86,1,741.09,431.98,94.11,209.83,-1,-1,-1,-1
87,1,748.73,432.46,93.48,207.73,-1,-1,-1,-1
88,1,748.60,438.66,96.68,207.58,-1,-1,-1,-1
89,1,755.77,431.33,95.29,208.86,-1,-1,-1,-1
90,1,755.27,432.39,98.67,203.87,-1,-1,-1,-1
91,1,764.69,431.65,94.23,207.15,-1,-1,-1,-1
92,1,771.41,429.83,94.39,213.83,-1,-1,-1,-1
93,1,771.94,431.25,95.02,209.29,-1,-1,-1,-1
94,1,781.60,432.05,90.91,210.02,-1,-1,-1,-1
95,1,780.03,430.87,96.34,212.17,-1,-1,-1,-1
96,1,788.50,430.78,93.19,212.64,-1,-1,-1,-1
97,1,786.86,432.08,98.85,209.01,-1,-1,-1,-1
98,1,796.62,432.17,93.80,206.61,-1,-1,-1,-1
99,1,795.87,432.24,98.16,205.07,-1,-1,-1,-1
100,1,804.45,430.89,94.12,209.29,-1,-1,-1,-1
101,1,805.34,431.65,95.11,209.94,-1,-1,-1,-1
102,1,812.55,432.53,95.28,207.91,-1,-1,-1,-1
103,1,819.24,431.63,94.57,208.97,-1,-1,-1,-1
104,1,818.82,432.36,97.54,206.33,-1,-1,-1,-1
105,1,827.78,431.28,94.10,210.61,-1,-1,-1,-1
106,1,827.75,431.15,96.96,211.41,-1,-1,-1,-1
107,1,836.28,431.73,94.57,210.86,-1,-1,-1,-1
108,1,836.33,433.19,96.45,206.80,-1,-1,-1,-1
109,1,844.92,433.04,94.05,205.29,-1,-1,-1,-1
110,1,844.25,431.46,97.44,208.51,-1,-1,-1,-1
111,1,851.25,432.02,96.53,207.40,-1,-1,-1,-1
112,1,858.97,431.38,95.07,210.44,-1,-1,-1,-1
113,1,860.77,431.11,95.18,211.21,-1,-1,-1,-1
114,1,867.65,431.75,94.45,207.27,-1,-1,-1,-1
115,1,867.90,432.24,95.35,207.40,-1,-1,-1,-1
116,1,877.09,432.36,91.79,209.74,-1,-1,-1,-1
117,1,875.69,433.14,98.30,205.04,-1,-1,-1,-1
118,1,882.75,431.35,97.18,209.18,-1,-1,-1,-1
119,1,883.68,431.77,97.92,209.51,-1,-1,-1,-1
120,1,891.98,430.58,95.92,211.47,-1,-1,-1,-1
121,1,892.29,430.15,97.72,211.59,-1,-1,-1,-1
122,1,899.76,432.37,95.72,205.09,-1,-1,-1,-1
123,1,908.45,431.35,92.23,209.87,-1,-1,-1,-1
124,1,908.22,431.22,96.14,210.79,-1,-1,-1,-1
125,1,915.28,431.27,95.23,208.14,-1,-1,-1,-1
126,1,914.83,431.12,97.77,210.17,-1,-1,-1,-1
127,1,923.65,431.04,94.85,209.81,-1,-1,-1,-1
128,1,923.96,430.46,97.05,211.66,-1,-1,-1,-1
129,1,931.69,429.91,95.92,213.12,-1,-1,-1,-1
130,1,932.37,432.43,96.22,204.40,-1,-1,-1,-1
131,1,941.71,431.68,92.69,207.43,-1,-1,-1,-1
132,1,940.33,430.34,97.49,210.78,-1,-1,-1,-1
133,1,949.29,430.64,93.02,212.86,-1,-1,-1,-1
134,1,956.89,430.67,91.61,211.04,-1,-1,-1,-1
135,1,956.65,430.21,95.94,213.77,-1,-1,-1,-1
136,1,964.45,429.27,92.99,213.09,-1,-1,-1,-1
137,1,965.25,431.75,92.77,207.17,-1,-1,-1,-1
138,1,973.24,431.40,91.30,206.69,-1,-1,-1,-1
139,1,971.04,431.75,100.10,208.23,-1,-1,-1,-1
140,1,979.85,429.89,96.33,211.73,-1,-1,-1,-1
141,1,987.92,430.95,93.71,213.13,-1,-1,-1,-1
142,1,990.81,431.77,88.09,210.63,-1,-1,-1,-1
143,1,991.79,434.14,86.65,201.34,-1,-1,-1,-1
144,1,994.41,434.87,81.86,202.28,-1,-1,-1,-1
145,1,997.34,436.45,76.80,199.94,-1,-1,-1,-1
146,1,998.18,438.16,76.32,194.82,-1,-1,-1,-1
154,1,1078.38,439.31,59.75,205.96,-1,-1,-1,-1
155,1,1073.95,432.00,67.09,210.56,-1,-1,-1,-1
156,1,1071.55,431.65,73.24,210.39,-1,-1,-1,-1
157,1,1069.08,432.24,78.95,207.70,-1,-1,-1,-1
158,1,1067.85,431.15,83.13,212.65,-1,-1,-1,-1
159,1,1062.16,432.40,93.13,208.17,-1,-1,-1,-1
160,1,1070.94,431.74,90.25,210.41,-1,-1,-1,-1
161,1,1077.62,432.28,89.92,207.02,-1,-1,-1,-1
162,1,1078.84,432.28,89.97,209.30,-1,-1,-1,-1
163,1,1078.77,433.80,92.31,204.73,-1,-1,-1,-1
164,1,1086.60,433.25,92.08,205.99,-1,-1,-1,-1
165,1,1094.32,432.28,89.65,208.79,-1,-1,-1,-1
166,1,1096.13,433.05,89.43,208.16,-1,-1,-1,-1
167,1,1103.58,433.05,87.80,209.14,-1,-1,-1,-1
168,1,1102.34,431.97,93.20,210.02,-1,-1,-1,-1
169,1,1109.89,431.49,91.73,210.69,-1,-1,-1,-1
170,1,1109.48,432.41,94.09,208.72,-1,-1,-1,-1
171,1,1117.99,431.96,91.98,206.71,-1,-1,-1,-1
172,1,1117.24,431.16,95.60,208.05,-1,-1,-1,-1
173,1,1126.13,430.48,91.11,211.69,-1,-1,-1,-1
174,1,1133.85,431.69,89.51,208.27,-1,-1,-1,-1
175,1,1134.78,439.64,92.01,205.90,-1,-1,-1,-1
176,1,1140.95,430.77,92.06,209.48,-1,-1,-1,-1
177,1,1139.84,431.72,95.68,206.55,-1,-1,-1,-1
178,1,1149.71,430.42,90.85,211.16,-1,-1,-1,-1
179,1,1149.48,431.73,95.31,207.23,-1,-1,-1,-1
180,1,1157.26,429.56,92.61,214.63,-1,-1,-1,-1
181,1,1158.23,431.12,93.16,211.34,-1,-1,-1,-1
182,1,1165.27,431.58,93.00,208.12,-1,-1,-1,-1
183,1,1164.53,431.37,96.59,207.81,-1,-1,-1,-1
184,1,1172.38,430.50,93.82,210.98,-1,-1,-1,-1
185,1,1180.79,430.59,91.69,212.24,-1,-1,-1,-1
186,1,1181.30,431.59,94.84,209.15,-1,-1,-1,-1
187,1,1189.52,430.38,91.47,209.18,-1,-1,-1,-1
188,1,1188.39,429.76,95.33,213.45,-1,-1,-1,-1
189,1,1196.48,431.10,94.83,212.27,-1,-1,-1,-1
190,1,1201.82,430.35,97.00,212.68,-1,-1,-1,-1
191,1,1203.52,429.16,97.34,213.65,-1,-1,-1,-1
192,1,1205.55,430.02,94.36,213.02,-1,-1,-1,-1
193,1,1207.77,431.79,90.32,208.71,-1,-1,-1,-1
194,1,1210.28,431.05,84.50,210.47,-1,-1,-1,-1
195,1,1212.68,434.58,79.74,203.93,-1,-1,-1,-1
205,1,1293.90,438.93,62.57,208.20,-1,-1,-1,-1
206,1,1289.98,432.55,70.78,209.12,-1,-1,-1,-1
207,1,1291.46,431.07,77.66,211.87,-1,-1,-1,-1
208,1,1288.74,430.37,84.04,212.16,-1,-1,-1,-1
209,1,1287.49,430.18,88.73,210.92,-1,-1,-1,-1
210,1,1288.24,431.61,90.04,211.63,-1,-1,-1,-1
211,1,1294.85,438.15,91.24,208.60,-1,-1,-1,-1
212,1,1301.80,430.54,90.02,213.63,-1,-1,-1,-1
213,1,1301.74,428.58,92.36,216.85,-1,-1,-1,-1
214,1,1309.43,431.59,91.14,206.32,-1,-1,-1,-1
215,1,1310.52,430.58,92.06,212.15,-1,-1,-1,-1
216,1,1318.85,430.72,89.29,210.76,-1,-1,-1,-1
217,1,1319.19,431.91,90.27,209.40,-1,-1,-1,-1
218,1,1326.14,432.14,90.31,207.39,-1,-1,-1,-1
219,1,1326.06,433.75,94.33,202.96,-1,-1,-1,-1
220,1,1334.28,431.50,91.09,208.69,-1,-1,-1,-1
221,1,1342.61,431.67,87.65,209.97,-1,-1,-1,-1
222,1,1342.47,431.53,91.58,207.72,-1,-1,-1,-1
223,1,1349.12,430.81,91.04,211.19,-1,-1,-1,-1
224,1,1350.83,431.51,90.17,210.83,-1,-1,-1,-1
225,1,1357.50,431.97,90.16,206.39,-1,-1,-1,-1
226,1,1358.46,432.68,92.59,206.08,-1,-1,-1,-1
227,1,1364.86,430.76,92.88,210.04,-1,-1,-1,-1
228,1,1363.67,423.28,96.27,211.51,-1,-1,-1,-1
229,1,1375.06,431.12,90.43,210.20,-1,-1,-1,-1
230,1,1374.50,432.71,93.60,206.24,-1,-1,-1,-1
231,1,1382.93,430.22,90.43,213.31,-1,-1,-1,-1
232,1,1381.54,431.49,94.71,208.67,-1,-1,-1,-1
233,1,1390.26,438.78,92.08,207.99,-1,-1,-1,-1
234,1,1395.06,429.82,95.95,214.00,-1,-1,-1,-1
235,1,1395.79,431.09,95.69,209.49,-1,-1,-1,-1
236,1,1404.48,431.49,93.21,208.05,-1,-1,-1,-1
237,1,1405.44,431.99,94.37,207.14,-1,-1,-1,-1
238,1,1413.53,429.51,91.62,214.99,-1,-1,-1,-1
239,1,1412.71,431.05,95.45,209.29,-1,-1,-1,-1
240,1,1421.45,431.92,92.57,206.49,-1,-1,-1,-1
241,1,1426.55,429.26,95.85,213.84,-1,-1,-1,-1
242,1,1428.16,430.61,95.10,209.04,-1,-1,-1,-1
243,1,1429.67,430.76,94.88,211.88,-1,-1,-1,-1
244,1,1436.95,431.36,94.91,209.47,-1,-1,-1,-1
245,1,1443.16,429.81,95.40,213.99,-1,-1,-1,-1
246,1,1444.46,430.70,94.96,211.45,-1,-1,-1,-1
247,1,1452.80,431.34,92.68,209.59,-1,-1,-1,-1
248,1,1451.56,430.64,97.49,211.21,-1,-1,-1,-1
249,1,1459.11,430.65,96.83,209.58,-1,-1,-1,-1
250,1,1459.22,423.54,98.45,211.08,-1,-1,-1,-1
2,2,1675.33,431.67,81.31,210.19,-1,-1,-1,-1
3,2,1674.58,439.45,80.77,205.10,-1,-1,-1,-1
4,2,1666.82,432.09,83.61,210.07,-1,-1,-1,-1
5,2,1668.09,438.37,78.05,206.93,-1,-1,-1,-1
6,2,1659.83,432.94,79.90,207.43,-1,-1,-1,-1
7,2,1650.97,432.37,83.47,210.09,-1,-1,-1,-1
8,2,1651.95,432.80,80.23,208.57,-1,-1,-1,-1
9,2,1644.82,439.63,78.38,206.09,-1,-1,-1,-1
10,2,1643.75,432.88,78.97,207.11,-1,-1,-1,-1
11,2,1635.18,432.26,82.58,210.07,-1,-1,-1,-1
12,2,1635.12,439.70,80.09,206.28,-1,-1,-1,-1
13,2,1628.19,432.49,79.22,206.81,-1,-1,-1,-1
14,2,1620.72,431.86,80.67,210.64,-1,-1,-1,-1
15,2,1618.83,439.38,82.64,205.04,-1,-1,-1,-1
16,2,1620.01,438.55,77.90,206.77,-1,-1,-1,-1
17,2,1611.04,431.58,80.69,207.97,-1,-1,-1,-1
18,2,1603.30,432.94,82.69,207.38,-1,-1,-1,-1
19,2,1604.46,432.01,78.72,209.78,-1,-1,-1,-1
20,2,1596.30,432.16,80.48,210.51,-1,-1,-1,-1
21,2,1594.87,432.07,80.78,209.39,-1,-1,-1,-1
22,2,1586.72,439.25,82.91,206.37,-1,-1,-1,-1
23,2,1588.06,438.67,78.26,206.89,-1,-1,-1,-1
24,2,1580.31,432.35,79.06,207.25,-1,-1,-1,-1
25,2,1573.80,438.74,78.12,206.89,-1,-1,-1,-1
26,2,1571.58,439.87,80.85,205.58,-1,-1,-1,-1
27,2,1567.16,432.56,74.81,207.48,-1,-1,-1,-1
28,2,1562.95,439.98,80.11,204.76,-1,-1,-1,-1
29,2,1555.97,432.14,80.78,208.88,-1,-1,-1,-1
30,2,1554.75,439.18,81.29,207.40,-1,-1,-1,-1
31,2,1548.64,432.03,79.56,210.74,-1,-1,-1,-1
32,2,1546.19,440.34,81.20,204.88,-1,-1,-1,-1
33,2,1539.86,440.40,80.85,204.80,-1,-1,-1,-1
34,2,1540.55,439.99,76.79,205.78,-1,-1,-1,-1
35,2,1532.26,433.10,79.01,206.62,-1,-1,-1,-1
36,2,1524.69,431.68,80.62,211.03,-1,-1,-1,-1
37,2,1522.80,431.78,82.03,209.47,-1,-1,-1,-1
38,2,1517.44,431.48,78.49,211.46,-1,-1,-1,-1
39,2,1515.21,432.27,80.71,209.78,-1,-1,-1,-1
40,2,1507.41,440.02,81.82,205.41,-1,-1,-1,-1
41,2,1507.96,439.33,79.02,205.98,-1,-1,-1,-1
42,2,1500.21,440.77,78.53,203.77,-1,-1,-1,-1
43,2,1492.36,432.10,81.15,209.62,-1,-1,-1,-1
44,2,1490.98,438.96,82.11,205.96,-1,-1,-1,-1
45,2,1492.86,438.88,76.04,207.39,-1,-1,-1,-1
46,2,1483.73,432.76,80.27,209.32,-1,-1,-1,-1
47,2,1476.41,439.88,80.08,204.53,-1,-1,-1,-1
48,2,1476.01,432.42,80.05,209.60,-1,-1,-1,-1
49,2,1469.02,432.63,78.92,209.51,-1,-1,-1,-1
50,2,1467.10,432.35,80.79,209.59,-1,-1,-1,-1
51,2,1458.57,438.72,83.11,207.65,-1,-1,-1,-1
52,2,1459.21,431.19,80.21,211.09,-1,-1,-1,-1
53,2,1451.14,431.81,81.68,210.43,-1,-1,-1,-1
54,2,1445.37,439.00,78.78,206.64,-1,-1,-1,-1
55,2,1441.83,439.20,83.93,208.01,-1,-1,-1,-1
56,2,1443.90,439.87,78.12,206.10,-1,-1,-1,-1
57,2,1434.43,440.32,81.80,204.38,-1,-1,-1,-1
58,2,1426.59,439.75,83.28,206.50,-1,-1,-1,-1
59,2,1426.86,438.95,81.11,206.90,-1,-1,-1,-1
60,2,1419.93,438.93,80.51,205.97,-1,-1,-1,-1
61,2,1418.32,439.76,81.70,205.06,-1,-1,-1,-1
62,2,1410.68,432.42,83.21,208.07,-1,-1,-1,-1
63,2,1411.48,431.33,79.84,210.95,-1,-1,-1,-1
64,2,1402.23,432.29,83.20,209.32,-1,-1,-1,-1
65,2,1395.96,439.37,81.78,205.73,-1,-1,-1,-1
66,2,1393.84,439.21,84.08,207.06,-1,-1,-1,-1
67,2,1388.44,431.08,80.64,212.99,-1,-1,-1,-1
68,2,1386.82,438.65,80.81,206.36,-1,-1,-1,-1
69,2,1378.19,439.32,83.89,206.99,-1,-1,-1,-1
70,2,1379.09,438.27,80.63,207.19,-1,-1,-1,-1
71,2,1371.60,438.72,80.80,207.44,-1,-1,-1,-1
72,2,1370.10,439.58,81.59,205.48,-1,-1,-1,-1
73,2,1361.00,439.07,85.89,207.34,-1,-1,-1,-1
74,2,1363.32,438.32,79.20,207.28,-1,-1,-1,-1
75,2,1355.66,439.00,80.04,205.86,-1,-1,-1,-1
76,2,1353.09,432.21,83.49,209.75,-1,-1,-1,-1
77,2,1345.93,439.03,83.23,207.13,-1,-1,-1,-1
78,2,1341.21,431.77,78.98,211.34,-1,-1,-1,-1
79,2,1338.30,431.52,81.81,209.85,-1,-1,-1,-1
80,2,1331.72,432.28,81.57,208.36,-1,-1,-1,-1
81,2,1331.51,431.81,80.11,209.14,-1,-1,-1,-1
82,2,1323.46,431.60,81.44,208.33,-1,-1,-1,-1
83,2,1321.66,432.44,82.51,210.68,-1,-1,-1,-1
84,2,1314.64,432.12,83.34,211.23,-1,-1,-1,-1
85,2,1315.08,431.87,79.73,207.93,-1,-1,-1,-1
86,2,1306.54,438.82,82.10,205.77,-1,-1,-1,-1
87,2,1298.44,439.15,83.86,206.13,-1,-1,-1,-1
88,2,1298.15,439.15,82.87,206.72,-1,-1,-1,-1
89,2,1291.50,431.35,81.62,211.81,-1,-1,-1,-1
90,2,1290.69,431.82,81.05,208.03,-1,-1,-1,-1
91,2,1282.91,432.15,83.19,210.80,-1,-1,-1,-1
92,2,1282.68,431.81,81.19,212.20,-1,-1,-1,-1
93,2,1274.39,439.38,82.91,205.01,-1,-1,-1,-1
94,2,1267.44,438.74,82.71,206.95,-1,-1,-1,-1
95,2,1266.61,432.08,82.67,210.59,-1,-1,-1,-1
96,2,1266.84,431.73,80.00,208.82,-1,-1,-1,-1
97,2,1258.54,432.18,81.68,209.19,-1,-1,-1,-1
98,2,1251.25,439.06,82.17,205.40,-1,-1,-1,-1
99,2,1250.60,431.81,81.73,211.81,-1,-1,-1,-1
100,2,1243.81,431.80,81.05,209.89,-1,-1,-1,-1
101,2,1242.21,431.72,81.85,209.25,-1,-1,-1,-1
102,2,1233.14,439.17,85.60,206.28,-1,-1,-1,-1
103,2,1234.71,432.35,80.57,211.35,-1,-1,-1,-1
104,2,1227.23,439.00,80.83,205.08,-1,-1,-1,-1
105,2,1219.50,431.99,83.10,207.70,-1,-1,-1,-1
106,2,1218.33,432.24,83.64,210.32,-1,-1,-1,-1
107,2,1213.07,432.85,79.67,209.03,-1,-1,-1,-1
108,2,1210.69,432.71,81.35,205.67,-1,-1,-1,-1
109,2,1203.04,431.70,82.37,210.08,-1,-1,-1,-1
110,2,1202.75,431.41,81.52,208.53,-1,-1,-1,-1
111,2,1195.89,438.28,81.28,206.64,-1,-1,-1,-1
112,2,1193.85,433.00,82.22,208.48,-1,-1,-1,-1
113,2,1186.14,439.60,84.23,205.66,-1,-1,-1,-1
114,2,1187.18,431.77,79.95,208.56,-1,-1,-1,-1
115,2,1178.98,432.20,81.72,208.69,-1,-1,-1,-1
116,2,1172.80,431.63,80.72,210.23,-1,-1,-1,-1
117,2,1170.73,432.41,81.80,210.63,-1,-1,-1,-1
118,2,1165.61,432.55,78.69,209.46,-1,-1,-1,-1
119,2,1163.08,432.38,80.72,208.84,-1,-1,-1,-1
120,2,1155.01,432.90,83.24,209.09,-1,-1,-1,-1
121,2,1155.12,438.04,80.11,206.88,-1,-1,-1,-1
122,2,1147.23,432.75,81.54,210.34,-1,-1,-1,-1
123,2,1145.58,432.51,82.61,208.45,-1,-1,-1,-1
124,2,1139.64,432.66,81.37,209.38,-1,-1,-1,-1
125,2,1138.94,438.82,79.57,206.44,-1,-1,-1,-1
126,2,1132.07,432.41,79.93,206.07,-1,-1,-1,-1
127,2,1123.79,432.73,81.52,207.82,-1,-1,-1,-1
128,2,1123.02,433.04,81.46,209.19,-1,-1,-1,-1
129,2,1116.10,432.21,80.62,211.25,-1,-1,-1,-1
130,2,1114.90,439.42,80.59,204.56,-1,-1,-1,-1
131,2,1108.18,432.71,80.43,208.71,-1,-1,-1,-1
132,2,1107.63,431.99,79.24,208.06,-1,-1,-1,-1
133,2,1100.49,432.41,79.62,205.79,-1,-1,-1,-1
134,2,1098.41,433.03,80.97,207.53,-1,-1,-1,-1
135,2,1090.98,439.08,82.25,204.83,-1,-1,-1,-1
136,2,1090.24,431.78,81.22,211.46,-1,-1,-1,-1
137,2,1082.61,431.96,81.11,207.28,-1,-1,-1,-1
138,2,1075.80,431.40,80.99,212.73,-1,-1,-1,-1
139,2,1074.20,431.69,82.13,211.37,-1,-1,-1,-1
140,2,1067.96,431.76,81.34,210.41,-1,-1,-1,-1
141,2,1066.72,438.68,80.71,206.02,-1,-1,-1,-1
142,2,1058.87,432.86,82.96,209.52,-1,-1,-1,-1
143,2,1059.97,431.97,79.38,206.97,-1,-1,-1,-1
144,2,1052.82,431.44,78.32,206.98,-1,-1,-1,-1
145,2,1049.77,432.06,81.87,211.97,-1,-1,-1,-1
146,2,1041.66,432.24,83.81,208.81,-1,-1,-1,-1
147,2,1034.86,431.40,82.69,209.37,-1,-1,-1,-1
148,2,1022.48,437.79,91.30,208.19,-1,-1,-1,-1
149,2,1023.90,438.52,88.00,205.97,-1,-1,-1,-1
150,2,1024.80,432.49,84.71,210.79,-1,-1,-1,-1
151,2,1019.01,431.68,82.17,211.65,-1,-1,-1,-1
152,2,1012.63,431.89,80.89,210.07,-1,-1,-1,-1
153,2,1010.92,431.69,82.42,211.95,-1,-1,-1,-1
154,2,1010.31,431.11,80.75,212.61,-1,-1,-1,-1
155,2,1003.74,432.09,79.81,208.67,-1,-1,-1,-1
156,2,996.12,431.32,81.48,208.92,-1,-1,-1,-1
157,2,994.91,432.44,81.80,206.95,-1,-1,-1,-1
158,2,989.13,431.68,79.58,210.20,-1,-1,-1,-1
159,2,986.00,439.54,82.42,204.61,-1,-1,-1,-1
160,2,980.20,432.92,80.90,205.57,-1,-1,-1,-1
161,2,979.62,439.07,80.60,204.08,-1,-1,-1,-1
162,2,972.29,433.72,80.27,207.46,-1,-1,-1,-1
163,2,970.50,433.90,81.54,206.70,-1,-1,-1,-1
164,2,964.27,439.53,80.12,203.74,-1,-1,-1,-1
165,2,963.69,432.78,78.68,209.17,-1,-1,-1,-1
166,2,955.53,433.23,81.05,209.69,-1,-1,-1,-1
167,2,948.88,433.37,79.56,207.56,-1,-1,-1,-1
168,2,948.61,433.67,78.57,208.45,-1,-1,-1,-1
169,2,941.46,432.60,78.96,206.36,-1,-1,-1,-1
170,2,939.61,432.63,79.75,207.82,-1,-1,-1,-1
171,2,932.48,433.27,80.54,205.90,-1,-1,-1,-1
172,2,932.00,438.51,78.64,205.65,-1,-1,-1,-1
173,2,923.67,440.71,81.38,202.25,-1,-1,-1,-1
174,2,923.19,434.53,79.15,205.78,-1,-1,-1,-1
175,2,917.69,433.89,77.72,205.19,-1,-1,-1,-1
176,2,916.25,439.67,77.26,204.64,-1,-1,-1,-1
177,2,909.18,434.01,77.59,206.01,-1,-1,-1,-1
178,2,906.81,433.43,80.24,204.10,-1,-1,-1,-1
179,2,899.74,439.71,80.13,203.51,-1,-1,-1,-1
180,2,894.20,433.26,77.42,209.34,-1,-1,-1,-1
181,2,892.30,433.92,78.57,205.85,-1,-1,-1,-1
182,2,885.28,433.99,78.76,206.50,-1,-1,-1,-1
183,2,884.95,440.31,77.29,203.53,-1,-1,-1,-1
184,2,878.53,433.17,75.63,203.68,-1,-1,-1,-1
185,2,876.40,433.34,77.41,206.62,-1,-1,-1,-1
186,2,870.96,440.61,75.11,201.76,-1,-1,-1,-1
187,2,869.57,440.22,75.51,203.46,-1,-1,-1,-1
188,2,861.90,440.77,76.57,201.52,-1,-1,-1,-1
189,2,851.53,441.44,81.99,200.25,-1,-1,-1,-1
190,2,849.48,441.84,83.57,200.82,-1,-1,-1,-1
191,2,841.69,439.99,84.31,203.30,-1,-1,-1,-1
192,2,844.12,432.93,79.10,209.16,-1,-1,-1,-1
193,2,846.56,433.39,74.06,208.23,-1,-1,-1,-1
194,2,838.76,443.93,75.60,197.94,-1,-1,-1,-1
206,2,779.40,442.14,65.50,199.46,-1,-1,-1,-1
207,2,778.67,442.11,64.82,200.01,-1,-1,-1,-1
208,2,769.76,440.64,70.96,202.31,-1,-1,-1,-1
209,2,767.78,433.12,73.08,210.02,-1,-1,-1,-1
210,2,765.68,433.18,75.38,204.28,-1,-1,-1,-1
211,2,757.17,433.68,78.40,206.61,-1,-1,-1,-1
212,2,756.74,439.51,77.61,203.97,-1,-1,-1,-1
213,2,749.70,439.82,78.02,204.49,-1,-1,-1,-1
214,2,747.65,434.38,78.59,206.12,-1,-1,-1,-1
215,2,740.90,440.08,78.91,202.68,-1,-1,-1,-1
216,2,741.60,439.38,74.57,204.25,-1,-1,-1,-1
217,2,732.84,434.07,77.78,206.19,-1,-1,-1,-1
218,2,727.10,434.53,76.12,205.49,-1,-1,-1,-1
219,2,724.77,434.06,77.42,206.68,-1,-1,-1,-1
220,2,719.01,434.61,75.78,205.37,-1,-1,-1,-1
221,2,716.18,433.87,78.07,208.19,-1,-1,-1,-1
222,2,707.39,439.88,82.49,203.96,-1,-1,-1,-1
223,2,708.06,433.97,78.77,207.23,-1,-1,-1,-1
224,2,700.88,434.49,78.35,205.26,-1,-1,-1,-1
225,2,699.22,435.25,79.26,205.79,-1,-1,-1,-1
226,2,692.59,434.44,79.50,205.88,-1,-1,-1,-1
227,2,693.11,439.49,75.57,203.72,-1,-1,-1,-1
228,2,685.38,434.01,77.47,202.82,-1,-1,-1,-1
229,2,676.90,434.30,79.77,205.84,-1,-1,-1,-1
230,2,676.39,434.33,79.11,204.29,-1,-1,-1,-1
231,2,670.21,434.77,77.09,204.63,-1,-1,-1,-1
232,2,668.77,435.18,77.31,205.67,-1,-1,-1,-1
233,2,661.59,440.88,78.51,202.22,-1,-1,-1,-1
234,2,661.30,440.26,75.90,202.96,-1,-1,-1,-1
235,2,654.04,433.81,76.50,203.52,-1,-1,-1,-1
236,2,651.51,433.41,78.50,203.84,-1,-1,-1,-1
237,2,644.85,432.62,78.91,208.71,-1,-1,-1,-1
238,2,643.41,438.90,79.06,207.02,-1,-1,-1,-1
239,2,634.66,432.57,81.26,205.57,-1,-1,-1,-1
240,2,628.36,432.94,80.44,207.31,-1,-1,-1,-1
241,2,627.15,432.95,80.58,208.57,-1,-1,-1,-1
242,2,620.08,433.01,80.63,209.64,-1,-1,-1,-1
243,2,611.45,432.14,82.77,207.08,-1,-1,-1,-1
244,2,612.89,439.90,79.71,203.28,-1,-1,-1,-1
245,2,611.33,432.46,81.21,209.45,-1,-1,-1,-1
246,2,612.46,434.03,78.10,205.46,-1,-1,-1,-1
247,2,591.00,435.39,89.36,203.50,-1,-1,-1,-1
12,3,-9.76,441.55,66.56,205.45,-1,-1,-1,-1
13,3,-0.32,442.84,64.63,199.31,-1,-1,-1,-1
14,3,-2.06,442.86,70.16,199.85,-1,-1,-1,-1
15,3,-3.40,442.18,72.96,202.78,-1,-1,-1,-1
16,3,-4.15,441.44,76.90,202.00,-1,-1,-1,-1
17,3,-5.49,441.92,80.35,201.10,-1,-1,-1,-1
18,3,-2.28,440.86,86.03,203.75,-1,-1,-1,-1
19,3,1.99,441.11,83.75,205.21,-1,-1,-1,-1
20,3,8.07,442.53,81.98,201.62,-1,-1,-1,-1
21,3,10.78,442.83,81.29,201.80,-1,-1,-1,-1
22,3,14.65,443.73,86.59,201.18,-1,-1,-1,-1
23,3,17.45,442.86,84.56,201.66,-1,-1,-1,-1
24,3,24.26,442.38,84.86,202.11,-1,-1,-1,-1
25,3,27.19,442.01,84.27,202.90,-1,-1,-1,-1
26,3,32.60,442.40,85.03,200.65,-1,-1,-1,-1
27,3,33.99,442.56,86.39,202.27,-1,-1,-1,-1
28,3,40.71,442.55,84.90,202.27,-1,-1,-1,-1
29,3,43.41,436.87,84.36,201.93,-1,-1,-1,-1
30,3,48.53,441.74,86.55,202.47,-1,-1,-1,-1
31,3,51.66,443.26,83.70,198.17,-1,-1,-1,-1
32,3,59.24,442.09,82.33,199.56,-1,-1,-1,-1
33,3,63.48,443.43,85.90,198.26,-1,-1,-1,-1
34,3,67.29,442.27,83.56,200.05,-1,-1,-1,-1
35,3,71.91,437.18,85.06,199.75,-1,-1,-1,-1
36,3,73.95,442.17,86.19,201.61,-1,-1,-1,-1
37,3,79.95,435.66,86.48,203.86,-1,-1,-1,-1
38,3,81.29,442.20,87.39,202.47,-1,-1,-1,-1
39,3,89.87,441.87,84.63,202.03,-1,-1,-1,-1
40,3,93.78,442.93,88.92,201.55,-1,-1,-1,-1
41,3,97.29,442.26,85.80,200.84,-1,-1,-1,-1
42,3,101.65,436.07,88.07,202.82,-1,-1,-1,-1
43,3,105.18,436.18,85.75,202.01,-1,-1,-1,-1
44,3,111.16,436.45,87.22,201.55,-1,-1,-1,-1
45,3,113.15,441.58,87.58,202.77,-1,-1,-1,-1
46,3,120.37,437.31,84.05,200.02,-1,-1,-1,-1
47,3,122.00,440.93,86.73,202.64,-1,-1,-1,-1
48,3,127.40,441.66,88.33,203.34,-1,-1,-1,-1
49,3,134.03,443.80,87.79,199.86,-1,-1,-1,-1
50,3,136.17,441.81,87.42,203.33,-1,-1,-1,-1
51,3,141.30,442.18,89.64,201.61,-1,-1,-1,-1
52,3,143.89,441.65,88.15,201.56,-1,-1,-1,-1
53,3,145.58,435.80,88.16,202.98,-1,-1,-1,-1
54,3,153.00,441.15,87.91,202.31,-1,-1,-1,-1
55,3,158.35,442.30,89.87,202.82,-1,-1,-1,-1
56,3,160.90,434.76,88.67,204.93,-1,-1,-1,-1
57,3,166.48,440.88,88.84,204.37,-1,-1,-1,-1
58,3,168.56,435.76,88.79,202.72,-1,-1,-1,-1
59,3,175.28,441.94,89.31,200.54,-1,-1,-1,-1
60,3,177.20,435.81,88.43,201.71,-1,-1,-1,-1
61,3,183.80,435.75,88.57,204.29,-1,-1,-1,-1
62,3,189.44,441.46,90.00,202.29,-1,-1,-1,-1
63,3,191.73,441.71,88.60,202.53,-1,-1,-1,-1
64,3,198.19,442.41,88.85,201.43,-1,-1,-1,-1
65,3,200.64,435.25,87.98,203.57,-1,-1,-1,-1
66,3,206.67,435.81,88.22,202.03,-1,-1,-1,-1
67,3,207.76,440.47,90.13,202.93,-1,-1,-1,-1
68,3,214.68,439.85,88.59,204.27,-1,-1,-1,-1
69,3,221.19,435.80,89.97,202.64,-1,-1,-1,-1
70,3,223.21,441.79,89.21,202.42,-1,-1,-1,-1
71,3,229.25,442.22,89.35,201.92,-1,-1,-1,-1
72,3,232.31,434.61,87.66,205.07,-1,-1,-1,-1
73,3,236.47,442.22,91.26,202.27,-1,-1,-1,-1
74,3,240.61,442.13,88.35,201.49,-1,-1,-1,-1
75,3,247.18,441.97,86.94,201.13,-1,-1,-1,-1
76,3,249.24,435.43,87.15,202.91,-1,-1,-1,-1
77,3,254.29,441.23,90.15,203.52,-1,-1,-1,-1
78,3,256.06,440.74,90.14,203.66,-1,-1,-1,-1
79,3,264.26,435.93,86.89,201.49,-1,-1,-1,-1
80,3,268.49,442.15,90.98,202.39,-1,-1,-1,-1
81,3,271.18,442.20,89.01,201.91,-1,-1,-1,-1
82,3,278.37,435.58,87.19,203.04,-1,-1,-1,-1
83,3,279.61,440.61,88.79,205.10,-1,-1,-1,-1
84,3,286.47,441.66,89.16,202.25,-1,-1,-1,-1
85,3,288.96,435.83,88.31,202.40,-1,-1,-1,-1
86,3,295.02,442.71,87.67,200.90,-1,-1,-1,-1
87,3,297.08,435.78,88.16,203.03,-1,-1,-1,-1
88,3,302.10,441.63,89.96,203.63,-1,-1,-1,-1
89,3,305.41,442.47,88.10,201.19,-1,-1,-1,-1
90,3,312.66,436.79,86.74,200.60,-1,-1,-1,-1
91,3,317.44,442.42,89.60,200.40,-1,-1,-1,-1
92,3,320.19,441.65,88.01,201.50,-1,-1,-1,-1
93,3,326.09,435.69,87.69,202.36,-1,-1,-1,-1
94,3,328.44,441.36,89.04,201.39,-1,-1,-1,-1
95,3,334.98,436.28,87.99,201.25,-1,-1,-1,-1
96,3,337.19,436.16,87.69,200.80,-1,-1,-1,-1
97,3,342.63,441.42,88.49,202.44,-1,-1,-1,-1
98,3,345.02,440.62,88.78,203.18,-1,-1,-1,-1
99,3,351.76,436.25,89.19,201.66,-1,-1,-1,-1
100,3,352.61,443.00,89.66,200.23,-1,-1,-1,-1
101,3,360.75,441.88,86.66,201.82,-1,-1,-1,-1
102,3,365.71,442.34,88.89,200.84,-1,-1,-1,-1
103,3,368.02,441.77,87.53,200.69,-1,-1,-1,-1
104,3,375.36,437.05,86.14,201.05,-1,-1,-1,-1
105,3,376.54,441.38,89.17,202.70,-1,-1,-1,-1
106,3,383.54,441.89,87.27,200.86,-1,-1,-1,-1
107,3,385.57,435.72,87.25,202.99,-1,-1,-1,-1
108,3,391.23,441.59,87.24,203.38,-1,-1,-1,-1
109,3,393.33,442.03,88.31,201.49,-1,-1,-1,-1
110,3,399.51,441.83,88.37,202.64,-1,-1,-1,-1
111,3,401.51,441.74,87.82,200.75,-1,-1,-1,-1
112,3,408.03,441.68,87.87,203.10,-1,-1,-1,-1
113,3,414.37,442.50,88.06,200.51,-1,-1,-1,-1
114,3,417.86,442.18,85.75,200.04,-1,-1,-1,-1
115,3,424.49,442.15,84.15,201.23,-1,-1,-1,-1
116,3,426.10,436.50,84.92,201.16,-1,-1,-1,-1
117,3,431.13,442.10,87.77,200.59,-1,-1,-1,-1
118,3,433.19,442.50,87.11,201.98,-1,-1,-1,-1
119,3,441.49,441.51,85.00,201.37,-1,-1,-1,-1
120,3,446.02,442.70,88.37,202.49,-1,-1,-1,-1
121,3,449.24,435.40,85.51,204.32,-1,-1,-1,-1
122,3,450.01,442.16,86.16,200.75,-1,-1,-1,-1
123,3,457.17,441.63,85.22,200.96,-1,-1,-1,-1
124,3,462.60,442.43,88.13,200.71,-1,-1,-1,-1
125,3,465.57,442.03,86.01,199.98,-1,-1,-1,-1
126,3,471.50,442.59,86.20,200.43,-1,-1,-1,-1
127,3,473.83,441.63,87.20,201.83,-1,-1,-1,-1
128,3,479.80,442.08,86.89,201.59,-1,-1,-1,-1
129,3,481.86,442.12,86.81,200.20,-1,-1,-1,-1
130,3,488.82,437.25,85.97,201.24,-1,-1,-1,-1
131,3,493.82,443.25,88.53,200.80,-1,-1,-1,-1
132,3,497.22,436.69,85.73,202.08,-1,-1,-1,-1
133,3,497.91,442.22,86.87,201.39,-1,-1,-1,-1
134,3,505.88,436.10,85.25,201.82,-1,-1,-1,-1
135,3,511.59,441.36,86.67,201.73,-1,-1,-1,-1
136,3,513.99,442.40,85.60,201.99,-1,-1,-1,-1
137,3,520.36,441.77,85.12,202.66,-1,-1,-1,-1
138,3,521.79,441.77,87.22,201.09,-1,-1,-1,-1
139,3,527.25,442.04,88.74,201.29,-1,-1,-1,-1
140,3,529.62,441.48,87.52,201.06,-1,-1,-1,-1
141,3,536.36,436.36,87.24,202.93,-1,-1,-1,-1
142,3,541.64,441.84,89.45,203.17,-1,-1,-1,-1
143,3,544.15,441.77,87.55,202.52,-1,-1,-1,-1
144,3,551.73,436.62,84.92,201.37,-1,-1,-1,-1
145,3,552.53,440.80,88.79,203.64,-1,-1,-1,-1
146,3,557.89,441.30,89.91,202.23,-1,-1,-1,-1
147,3,560.65,441.20,88.55,201.77,-1,-1,-1,-1
148,3,567.62,439.80,86.61,204.40,-1,-1,-1,-1
149,3,572.82,441.78,90.43,201.68,-1,-1,-1,-1
150,3,575.81,435.88,89.01,202.72,-1,-1,-1,-1
151,3,577.28,441.43,88.47,202.13,-1,-1,-1,-1
152,3,583.56,442.08,88.50,202.96,-1,-1,-1,-1
153,3,589.50,441.81,89.30,202.30,-1,-1,-1,-1
154,3,592.30,442.25,88.62,200.74,-1,-1,-1,-1
155,3,599.26,436.60,86.26,201.30,-1,-1,-1,-1
156,3,600.44,440.43,89.17,203.40,-1,-1,-1,-1
157,3,606.90,434.91,88.68,205.06,-1,-1,-1,-1
158,3,608.99,440.89,88.10,203.13,-1,-1,-1,-1
159,3,616.17,440.83,87.49,202.73,-1,-1,-1,-1
160,3,620.96,442.08,90.24,202.62,-1,-1,-1,-1
161,3,623.05,441.53,89.42,202.62,-1,-1,-1,-1
162,3,625.46,440.58,88.12,203.04,-1,-1,-1,-1
163,3,632.57,435.45,87.24,203.49,-1,-1,-1,-1
164,3,638.83,435.64,88.45,202.72,-1,-1,-1,-1
165,3,641.35,440.76,87.43,203.89,-1,-1,-1,-1
166,3,647.64,440.32,85.65,203.42,-1,-1,-1,-1
167,3,649.03,440.74,88.86,202.89,-1,-1,-1,-1
168,3,654.61,440.51,88.50,204.06,-1,-1,-1,-1
169,3,657.52,441.42,87.89,202.21,-1,-1,-1,-1
170,3,665.02,440.05,85.84,203.83,-1,-1,-1,-1
171,3,669.81,440.69,88.61,203.87,-1,-1,-1,-1
172,3,673.18,440.79,85.66,203.29,-1,-1,-1,-1
173,3,674.91,434.62,85.93,205.57,-1,-1,-1,-1
174,3,681.49,434.68,85.83,204.42,-1,-1,-1,-1
175,3,686.45,441.34,88.48,202.10,-1,-1,-1,-1
176,3,689.42,441.88,86.47,201.37,-1,-1,-1,-1
177,3,696.31,440.02,85.13,204.25,-1,-1,-1,-1
178,3,698.76,435.55,84.51,202.99,-1,-1,-1,-1
179,3,704.41,435.32,87.70,203.77,-1,-1,-1,-1
180,3,706.13,441.69,86.45,201.05,-1,-1,-1,-1
181,3,712.62,436.49,86.71,203.17,-1,-1,-1,-1
182,3,717.89,441.96,88.58,200.95,-1,-1,-1,-1
183,3,721.39,436.44,85.65,201.80,-1,-1,-1,-1
184,3,729.28,437.56,82.25,198.52,-1,-1,-1,-1
185,3,730.17,441.34,85.33,201.47,-1,-1,-1,-1
186,3,736.14,436.61,86.12,200.57,-1,-1,-1,-1
187,3,738.00,435.41,86.46,203.95,-1,-1,-1,-1
188,3,743.80,439.96,86.46,203.78,-1,-1,-1,-1
189,3,750.33,442.30,87.42,200.07,-1,-1,-1,-1
190,3,752.38,440.88,87.76,202.22,-1,-1,-1,-1
191,3,753.77,441.65,87.70,200.57,-1,-1,-1,-1
192,3,758.98,440.45,90.79,205.73,-1,-1,-1,-1
193,3,766.61,433.39,87.98,208.71,-1,-1,-1,-1
194,3,769.21,435.06,87.62,203.85,-1,-1,-1,-1
195,3,773.76,436.52,89.53,202.02,-1,-1,-1,-1
196,3,776.85,435.03,87.28,204.28,-1,-1,-1,-1
197,3,780.97,439.76,92.63,205.17,-1,-1,-1,-1
198,3,784.22,440.05,89.72,205.71,-1,-1,-1,-1
199,3,791.11,440.07,89.82,204.38,-1,-1,-1,-1
200,3,795.91,441.76,92.18,203.33,-1,-1,-1,-1
201,3,799.09,440.33,89.79,203.78,-1,-1,-1,-1
202,3,805.61,435.23,88.49,204.44,-1,-1,-1,-1
203,3,806.74,440.69,89.92,204.74,-1,-1,-1,-1
204,3,812.52,441.15,91.78,202.97,-1,-1,-1,-1
205,3,816.22,440.91,88.22,201.93,-1,-1,-1,-1
206,3,823.12,435.20,86.40,206.05,-1,-1,-1,-1
207,3,825.89,433.43,86.17,207.85,-1,-1,-1,-1
208,3,831.54,433.78,86.33,206.35,-1,-1,-1,-1
209,3,832.55,440.93,87.87,202.71,-1,-1,-1,-1
210,3,838.74,435.14,88.21,204.97,-1,-1,-1,-1
211,3,839.74,441.27,90.29,201.79,-1,-1,-1,-1
212,3,849.72,441.10,84.67,202.14,-1,-1,-1,-1
213,3,851.23,441.35,85.07,201.58,-1,-1,-1,-1
214,3,858.77,442.54,84.03,201.48,-1,-1,-1,-1
215,3,864.21,436.00,86.14,201.76,-1,-1,-1,-1
216,3,867.49,442.41,82.57,199.33,-1,-1,-1,-1
217,3,872.58,442.32,84.79,201.59,-1,-1,-1,-1
218,3,874.57,436.41,85.14,201.73,-1,-1,-1,-1
219,3,880.22,436.58,87.69,203.33,-1,-1,-1,-1
220,3,883.06,437.10,85.01,199.72,-1,-1,-1,-1
221,3,889.14,442.00,84.98,200.78,-1,-1,-1,-1
222,3,892.96,442.67,90.56,202.50,-1,-1,-1,-1
223,3,897.10,436.29,86.40,203.04,-1,-1,-1,-1
224,3,903.74,437.06,84.92,199.12,-1,-1,-1,-1
225,3,904.96,435.99,87.41,201.54,-1,-1,-1,-1
226,3,910.56,436.44,88.63,202.96,-1,-1,-1,-1
227,3,913.43,442.04,86.68,200.40,-1,-1,-1,-1
228,3,919.46,437.30,85.83,201.31,-1,-1,-1,-1
229,3,922.46,435.66,85.07,202.61,-1,-1,-1,-1
230,3,927.83,435.13,86.83,203.86,-1,-1,-1,-1
231,3,929.74,441.27,87.16,201.31,-1,-1,-1,-1
232,3,936.33,434.95,86.43,203.29,-1,-1,-1,-1
233,3,937.06,440.56,89.40,203.04,-1,-1,-1,-1
234,3,944.65,440.33,87.08,203.21,-1,-1,-1,-1
235,3,946.75,441.76,85.67,201.93,-1,-1,-1,-1
236,3,953.76,436.36,86.09,202.30,-1,-1,-1,-1
237,3,959.58,435.88,87.27,202.11,-1,-1,-1,-1
238,3,961.29,440.57,87.74,203.70,-1,-1,-1,-1
239,3,967.33,439.85,87.67,204.05,-1,-1,-1,-1
240,3,970.14,441.13,86.95,201.44,-1,-1,-1,-1
241,3,975.29,434.91,89.99,205.75,-1,-1,-1,-1
242,3,982.72,434.32,86.46,205.66,-1,-1,-1,-1
243,3,986.14,440.00,82.34,204.00,-1,-1,-1,-1
244,3,989.24,435.51,77.61,204.24,-1,-1,-1,-1
245,3,992.83,439.85,70.86,204.13,-1,-1,-1,-1
246,3,998.11,440.56,72.11,202.93,-1,-1,-1,-1
247,3,1003.95,435.89,64.54,202.58,-1,-1,-1,-1
248,3,1004.63,442.04,63.28,202.78,-1,-1,-1,-1
60,4,1871.90,440.21,59.78,207.67,-1,-1,-1,-1
61,4,1862.00,440.28,68.25,206.23,-1,-1,-1,-1
62,4,1857.95,440.85,68.79,204.60,-1,-1,-1,-1
63,4,1854.66,435.38,74.44,204.24,-1,-1,-1,-1
64,4,1851.53,441.64,72.02,204.89,-1,-1,-1,-1
65,4,1848.95,435.68,76.02,205.54,-1,-1,-1,-1
66,4,1840.87,440.26,80.65,203.80,-1,-1,-1,-1
67,4,1837.78,435.40,87.34,206.26,-1,-1,-1,-1
68,4,1836.16,438.94,83.19,206.74,-1,-1,-1,-1
69,4,1827.28,440.41,87.18,205.19,-1,-1,-1,-1
70,4,1825.69,434.99,85.88,205.34,-1,-1,-1,-1
71,4,1824.70,433.05,85.80,206.62,-1,-1,-1,-1
72,4,1816.06,434.04,87.92,205.31,-1,-1,-1,-1
73,4,1809.78,440.96,87.90,202.97,-1,-1,-1,-1
74,4,1809.12,434.31,84.56,205.53,-1,-1,-1,-1
75,4,1802.17,434.15,86.38,207.62,-1,-1,-1,-1
76,4,1799.76,433.91,85.90,206.44,-1,-1,-1,-1
77,4,1793.65,433.48,86.05,205.14,-1,-1,-1,-1
78,4,1794.18,439.86,81.90,203.80,-1,-1,-1,-1
79,4,1785.80,433.31,84.74,205.78,-1,-1,-1,-1
80,4,1783.76,440.43,85.02,202.53,-1,-1,-1,-1
81,4,1777.26,435.97,86.10,202.82,-1,-1,-1,-1
82,4,1775.48,435.02,85.54,205.37,-1,-1,-1,-1
83,4,1769.00,434.41,85.63,204.94,-1,-1,-1,-1
84,4,1762.40,442.04,86.36,200.99,-1,-1,-1,-1
85,4,1760.67,435.36,86.02,204.81,-1,-1,-1,-1
86,4,1753.73,435.10,87.58,206.05,-1,-1,-1,-1
87,4,1750.80,435.34,87.86,203.76,-1,-1,-1,-1
88,4,1745.57,435.81,86.48,202.82,-1,-1,-1,-1
89,4,1743.88,433.20,85.50,205.39,-1,-1,-1,-1
90,4,1737.76,432.78,84.60,204.89,-1,-1,-1,-1
91,4,1727.95,434.46,91.18,205.65,-1,-1,-1,-1
92,4,1728.24,435.06,87.34,204.23,-1,-1,-1,-1
93,4,1727.36,433.65,86.25,204.81,-1,-1,-1,-1
94,4,1719.68,434.43,87.27,205.49,-1,-1,-1,-1
95,4,1713.79,435.27,87.37,204.17,-1,-1,-1,-1
96,4,1713.42,434.48,85.13,207.31,-1,-1,-1,-1
97,4,1706.03,433.58,86.43,208.36,-1,-1,-1,-1
98,4,1703.39,433.66,87.19,207.77,-1,-1,-1,-1
99,4,1697.73,440.50,85.31,203.03,-1,-1,-1,-1
100,4,1695.83,434.08,86.17,207.37,-1,-1,-1,-1
101,4,1689.99,440.61,84.77,202.71,-1,-1,-1,-1
102,4,1685.85,434.48,88.29,206.44,-1,-1,-1,-1
103,4,1682.75,433.78,83.78,204.29,-1,-1,-1,-1
104,4,1680.63,432.15,83.75,206.86,-1,-1,-1,-1
105,4,1672.65,433.68,86.27,206.28,-1,-1,-1,-1
106,4,1665.53,433.86,87.76,204.98,-1,-1,-1,-1
107,4,1666.45,439.80,82.77,203.81,-1,-1,-1,-1
108,4,1658.95,434.35,84.80,206.66,-1,-1,-1,-1
109,4,1654.70,434.68,87.28,205.65,-1,-1,-1,-1
110,4,1650.59,434.84,84.04,204.08,-1,-1,-1,-1
111,4,1648.55,432.66,84.88,206.31,-1,-1,-1,-1
112,4,1642.89,440.64,82.50,203.63,-1,-1,-1,-1
113,4,1640.05,441.57,84.65,203.52,-1,-1,-1,-1
114,4,1633.97,441.81,84.06,202.53,-1,-1,-1,-1
115,4,1632.42,433.26,84.01,205.63,-1,-1,-1,-1
116,4,1626.09,441.17,83.29,202.98,-1,-1,-1,-1
117,4,1618.31,435.17,85.92,203.82,-1,-1,-1,-1
118,4,1618.21,439.55,82.69,204.57,-1,-1,-1,-1
119,4,1610.53,433.95,84.39,207.55,-1,-1,-1,-1
120,4,1608.70,440.62,84.09,203.75,-1,-1,-1,-1
121,4,1601.92,434.78,85.85,206.10,-1,-1,-1,-1
122,4,1600.42,434.50,84.47,206.68,-1,-1,-1,-1
123,4,1594.26,441.26,83.59,202.71,-1,-1,-1,-1
124,4,1586.23,435.61,86.87,204.10,-1,-1,-1,-1
125,4,1586.24,440.96,83.58,203.33,-1,-1,-1,-1
126,4,1585.58,434.30,81.03,207.13,-1,-1,-1,-1
127,4,1577.89,432.84,82.88,206.39,-1,-1,-1,-1
128,4,1570.18,434.26,85.90,203.77,-1,-1,-1,-1
129,4,1569.55,440.40,83.59,204.94,-1,-1,-1,-1
130,4,1562.22,434.57,84.68,206.75,-1,-1,-1,-1
131,4,1559.18,434.22,86.72,204.65,-1,-1,-1,-1
132,4,1554.44,433.85,83.85,202.99,-1,-1,-1,-1
133,4,1552.60,434.11,84.16,205.71,-1,-1,-1,-1
134,4,1545.39,432.60,84.89,205.81,-1,-1,-1,-1
135,4,1539.20,440.94,84.80,203.00,-1,-1,-1,-1
136,4,1537.54,434.36,84.88,206.78,-1,-1,-1,-1
137,4,1531.50,441.33,83.58,202.01,-1,-1,-1,-1
138,4,1529.50,432.84,83.73,205.97,-1,-1,-1,-1
139,4,1522.35,433.48,84.64,203.27,-1,-1,-1,-1
140,4,1520.26,433.42,85.75,207.82,-1,-1,-1,-1
141,4,1514.31,433.64,84.70,207.15,-1,-1,-1,-1
142,4,1511.58,440.21,85.17,204.01,-1,-1,-1,-1
143,4,1506.09,441.87,84.26,202.20,-1,-1,-1,-1
144,4,1505.15,434.73,82.22,206.29,-1,-1,-1,-1
145,4,1498.51,440.44,82.43,202.98,-1,-1,-1,-1
146,4,1496.06,441.30,83.83,203.26,-1,-1,-1,-1
147,4,1489.28,434.57,84.39,206.44,-1,-1,-1,-1
148,4,1483.46,440.05,83.66,204.54,-1,-1,-1,-1
149,4,1479.55,433.05,85.99,205.98,-1,-1,-1,-1
150,4,1474.87,441.50,83.69,202.83,-1,-1,-1,-1
151,4,1473.79,441.02,82.80,203.86,-1,-1,-1,-1
152,4,1466.52,440.82,82.92,202.92,-1,-1,-1,-1
153,4,1462.14,435.16,87.88,204.27,-1,-1,-1,-1
154,4,1457.28,434.49,85.45,205.84,-1,-1,-1,-1
155,4,1456.65,434.52,83.14,207.04,-1,-1,-1,-1
156,4,1449.38,432.94,85.02,206.05,-1,-1,-1,-1
157,4,1441.41,433.87,86.98,204.28,-1,-1,-1,-1
158,4,1441.95,439.17,83.55,205.96,-1,-1,-1,-1
159,4,1434.70,434.11,84.20,207.06,-1,-1,-1,-1
160,4,1430.86,433.62,87.73,205.46,-1,-1,-1,-1
161,4,1426.83,434.44,84.02,204.37,-1,-1,-1,-1
162,4,1425.52,439.82,83.62,205.19,-1,-1,-1,-1
163,4,1418.84,440.03,82.67,203.49,-1,-1,-1,-1
164,4,1411.13,440.92,85.30,202.86,-1,-1,-1,-1
165,4,1410.14,434.20,84.67,204.23,-1,-1,-1,-1
166,4,1408.82,434.38,82.86,205.19,-1,-1,-1,-1
167,4,1401.86,439.92,82.97,204.28,-1,-1,-1,-1
168,4,1394.95,435.08,84.55,203.10,-1,-1,-1,-1
169,4,1393.15,433.53,84.22,204.66,-1,-1,-1,-1
170,4,1387.12,434.38,83.54,204.89,-1,-1,-1,-1
171,4,1383.18,434.90,86.55,205.54,-1,-1,-1,-1
172,4,1379.03,440.36,82.57,202.78,-1,-1,-1,-1
173,4,1378.11,441.93,81.65,202.42,-1,-1,-1,-1
174,4,1371.06,442.28,81.54,200.81,-1,-1,-1,-1
175,4,1364.91,441.86,81.89,199.80,-1,-1,-1,-1
176,4,1363.68,440.71,80.95,201.55,-1,-1,-1,-1
177,4,1356.55,434.66,81.91,204.45,-1,-1,-1,-1
178,4,1355.02,441.54,80.87,201.90,-1,-1,-1,-1
179,4,1346.99,436.11,83.99,204.26,-1,-1,-1,-1
180,4,1346.21,434.14,82.45,203.85,-1,-1,-1,-1
181,4,1340.47,441.33,80.94,200.41,-1,-1,-1,-1
182,4,1336.64,441.10,83.92,201.84,-1,-1,-1,-1
183,4,1331.73,442.27,81.58,200.51,-1,-1,-1,-1
184,4,1329.58,435.02,81.41,205.46,-1,-1,-1,-1
185,4,1322.08,435.48,83.57,204.80,-1,-1,-1,-1
186,4,1314.91,435.82,85.15,203.35,-1,-1,-1,-1
187,4,1311.98,434.71,86.56,206.04,-1,-1,-1,-1
188,4,1308.03,440.40,82.34,202.34,-1,-1,-1,-1
189,4,1305.80,440.92,82.24,203.44,-1,-1,-1,-1
190,4,1300.94,434.47,80.51,205.25,-1,-1,-1,-1
191,4,1298.57,433.87,81.93,206.10,-1,-1,-1,-1
192,4,1292.85,440.60,78.99,203.22,-1,-1,-1,-1
193,4,1289.40,433.69,82.31,206.52,-1,-1,-1,-1
194,4,1284.53,440.98,80.37,202.44,-1,-1,-1,-1
195,4,1282.61,435.15,79.59,206.02,-1,-1,-1,-1
196,4,1276.61,434.29,80.22,204.07,-1,-1,-1,-1
197,4,1267.94,434.87,83.18,204.42,-1,-1,-1,-1
198,4,1266.79,434.65,82.01,206.26,-1,-1,-1,-1
199,4,1258.28,434.61,84.79,206.16,-1,-1,-1,-1
200,4,1256.24,434.11,85.53,206.91,-1,-1,-1,-1
201,4,1250.95,441.89,85.19,202.21,-1,-1,-1,-1
202,4,1247.39,438.63,86.52,207.17,-1,-1,-1,-1
203,4,1241.29,439.06,85.18,205.82,-1,-1,-1,-1
204,4,1235.61,440.85,83.78,203.71,-1,-1,-1,-1
205,4,1235.07,440.02,81.01,205.19,-1,-1,-1,-1
206,4,1227.66,439.05,83.29,204.90,-1,-1,-1,-1
207,4,1223.86,433.74,85.90,208.40,-1,-1,-1,-1
208,4,1218.68,441.57,85.48,202.41,-1,-1,-1,-1
209,4,1215.68,435.51,87.19,204.22,-1,-1,-1,-1
210,4,1209.36,434.78,87.89,205.76,-1,-1,-1,-1
211,4,1207.87,440.76,86.42,202.43,-1,-1,-1,-1
212,4,1201.17,436.16,86.40,203.56,-1,-1,-1,-1
213,4,1200.65,441.77,85.69,201.55,-1,-1,-1,-1
214,4,1193.28,434.82,85.31,201.39,-1,-1,-1,-1
215,4,1186.98,436.95,85.56,201.64,-1,-1,-1,-1
216,4,1185.72,436.06,84.65,204.23,-1,-1,-1,-1
217,4,1179.13,434.68,84.33,203.93,-1,-1,-1,-1
218,4,1177.30,441.81,84.87,200.94,-1,-1,-1,-1
219,4,1171.45,442.28,83.10,198.99,-1,-1,-1,-1
220,4,1168.28,436.04,85.71,203.53,-1,-1,-1,-1
221,4,1161.38,436.03,86.20,202.55,-1,-1,-1,-1
222,4,1160.11,441.64,85.26,200.92,-1,-1,-1,-1
223,4,1154.92,436.38,84.07,200.75,-1,-1,-1,-1
224,4,1153.60,436.73,81.64,200.98,-1,-1,-1,-1
225,4,1147.01,435.87,82.15,199.90,-1,-1,-1,-1
226,4,1144.51,436.06,82.70,200.39,-1,-1,-1,-1
227,4,1138.25,436.69,82.66,202.15,-1,-1,-1,-1
228,4,1132.99,435.04,81.17,202.57,-1,-1,-1,-1
229,4,1129.28,441.51,83.63,200.46,-1,-1,-1,-1
230,4,1124.24,435.63,81.84,200.27,-1,-1,-1,-1
231,4,1121.55,435.64,83.96,201.47,-1,-1,-1,-1
232,4,1115.16,436.97,83.58,200.79,-1,-1,-1,-1
233,4,1112.18,436.37,84.83,200.71,-1,-1,-1,-1
234,4,1107.70,435.44,81.77,201.20,-1,-1,-1,-1
235,4,1106.73,436.97,79.54,202.19,-1,-1,-1,-1
236,4,1099.87,436.40,81.46,201.51,-1,-1,-1,-1
237,4,1098.76,442.65,78.34,198.53,-1,-1,-1,-1
238,4,1092.06,436.37,80.05,202.98,-1,-1,-1,-1
239,4,1087.95,437.40,76.04,201.78,-1,-1,-1,-1
240,4,1084.70,435.58,78.25,200.98,-1,-1,-1,-1
241,4,1077.44,436.20,80.26,201.80,-1,-1,-1,-1
242,4,1076.59,441.66,78.14,200.45,-1,-1,-1,-1
243,4,1069.00,436.01,80.09,203.05,-1,-1,-1,-1
244,4,1065.90,436.22,81.17,202.60,-1,-1,-1,-1
245,4,1060.42,435.07,80.77,205.00,-1,-1,-1,-1
246,4,1060.61,434.21,77.39,205.31,-1,-1,-1,-1
247,4,1052.96,441.22,78.64,201.20,-1,-1,-1,-1
248,4,1049.47,435.07,81.37,205.33,-1,-1,-1,-1
249,4,1041.68,433.69,83.58,204.30,-1,-1,-1,-1
250,4,1035.54,435.58,83.02,202.79,-1,-1,-1,-1
111,5,-22.68,437.90,60.35,196.41,-1,-1,-1,-1
112,5,-19.67,438.64,58.82,196.68,-1,-1,-1,-1
113,5,-7.18,439.57,59.30,189.74,-1,-1,-1,-1
114,5,-12.73,439.13,64.40,194.80,-1,-1,-1,-1
115,5,-7.04,444.17,62.08,195.84,-1,-1,-1,-1
116,5,3.82,443.89,60.60,196.49,-1,-1,-1,-1
117,5,5.70,437.32,58.48,197.61,-1,-1,-1,-1
118,5,7.43,437.94,57.21,195.99,-1,-1,-1,-1
119,5,13.17,434.87,61.78,203.40,-1,-1,-1,-1
120,5,15.26,435.55,58.53,201.37,-1,-1,-1,-1
121,5,21.43,437.07,60.20,198.86,-1,-1,-1,-1
122,5,28.02,444.55,61.73,195.90,-1,-1,-1,-1
123,5,28.12,435.93,63.94,198.36,-1,-1,-1,-1
124,5,35.27,437.26,63.64,199.21,-1,-1,-1,-1
125,5,38.00,445.07,61.82,195.25,-1,-1,-1,-1
126,5,44.31,442.84,62.77,199.48,-1,-1,-1,-1
127,5,43.82,435.79,65.86,200.89,-1,-1,-1,-1
128,5,51.25,436.95,64.29,199.11,-1,-1,-1,-1
129,5,60.97,445.12,60.74,194.17,-1,-1,-1,-1
130,5,61.40,435.95,62.10,198.28,-1,-1,-1,-1
131,5,61.60,435.89,62.56,199.46,-1,-1,-1,-1
132,5,67.66,435.96,65.35,197.89,-1,-1,-1,-1
133,5,75.24,443.25,63.55,197.99,-1,-1,-1,-1
134,5,77.10,434.70,63.37,200.78,-1,-1,-1,-1
135,5,83.48,434.51,63.75,201.55,-1,-1,-1,-1
136,5,85.77,435.80,61.92,199.99,-1,-1,-1,-1
137,5,93.23,436.04,61.19,199.41,-1,-1,-1,-1
138,5,94.20,442.94,61.06,198.42,-1,-1,-1,-1
139,5,101.80,436.69,59.96,200.19,-1,-1,-1,-1
140,5,109.07,443.71,59.74,197.24,-1,-1,-1,-1
141,5,108.43,433.57,64.42,205.92,-1,-1,-1,-1
142,5,114.32,435.69,65.88,199.46,-1,-1,-1,-1
143,5,117.54,436.96,61.40,196.99,-1,-1,-1,-1
144,5,124.45,435.32,62.39,200.96,-1,-1,-1,-1
145,5,126.19,435.78,61.42,200.02,-1,-1,-1,-1
146,5,131.76,436.11,63.24,199.35,-1,-1,-1,-1
147,5,133.93,436.02,61.83,200.61,-1,-1,-1,-1
148,5,140.29,435.46,62.93,201.02,-1,-1,-1,-1
149,5,141.06,434.54,64.30,203.24,-1,-1,-1,-1
150,5,147.33,435.69,65.90,198.15,-1,-1,-1,-1
151,5,155.16,443.87,63.69,196.65,-1,-1,-1,-1
152,5,157.09,435.64,62.82,200.33,-1,-1,-1,-1
153,5,163.08,435.87,64.28,201.24,-1,-1,-1,-1
154,5,164.97,435.76,63.96,202.45,-1,-1,-1,-1
155,5,170.71,434.61,65.63,203.07,-1,-1,-1,-1
156,5,171.41,435.01,66.86,199.26,-1,-1,-1,-1
157,5,178.64,436.04,65.79,198.27,-1,-1,-1,-1
158,5,180.48,436.44,64.94,199.00,-1,-1,-1,-1
159,5,187.62,434.87,66.22,204.48,-1,-1,-1,-1
160,5,192.80,435.39,68.61,204.03,-1,-1,-1,-1
161,5,195.33,435.91,65.29,199.98,-1,-1,-1,-1
162,5,203.53,434.76,63.64,204.39,-1,-1,-1,-1
163,5,204.74,434.56,63.92,201.72,-1,-1,-1,-1
164,5,209.17,435.10,68.56,202.62,-1,-1,-1,-1
165,5,212.41,435.49,65.35,202.10,-1,-1,-1,-1
166,5,219.40,435.14,64.49,201.42,-1,-1,-1,-1
167,5,219.53,435.03,67.29,204.08,-1,-1,-1,-1
168,5,227.41,435.92,63.94,200.65,-1,-1,-1,-1
169,5,235.48,435.63,62.89,202.18,-1,-1,-1,-1
170,5,235.28,433.75,66.64,205.75,-1,-1,-1,-1
171,5,241.70,434.94,66.79,204.16,-1,-1,-1,-1
172,5,243.52,435.70,65.99,197.62,-1,-1,-1,-1
173,5,250.20,436.64,65.72,200.72,-1,-1,-1,-1
174,5,252.30,435.01,65.48,204.54,-1,-1,-1,-1
175,5,258.18,435.51,66.69,203.11,-1,-1,-1,-1
176,5,261.25,436.09,63.24,200.12,-1,-1,-1,-1
177,5,267.97,434.98,63.67,201.52,-1,-1,-1,-1
178,5,268.90,434.70,63.73,199.92,-1,-1,-1,-1
179,5,275.31,435.70,65.70,197.58,-1,-1,-1,-1
180,5,284.08,436.48,62.04,201.02,-1,-1,-1,-1
181,5,285.85,435.40,61.34,200.60,-1,-1,-1,-1
182,5,289.86,436.45,66.73,201.82,-1,-1,-1,-1
183,5,293.22,436.32,62.60,198.75,-1,-1,-1,-1
184,5,300.77,435.51,61.47,201.37,-1,-1,-1,-1
185,5,300.58,434.59,65.03,204.61,-1,-1,-1,-1
186,5,306.50,435.34,66.43,199.07,-1,-1,-1,-1
187,5,309.08,436.10,64.15,200.91,-1,-1,-1,-1
188,5,316.41,435.82,62.96,198.18,-1,-1,-1,-1
189,5,321.91,435.40,66.47,203.49,-1,-1,-1,-1
190,5,323.82,436.15,65.04,197.34,-1,-1,-1,-1
191,5,332.45,436.03,61.14,201.21,-1,-1,-1,-1
192,5,331.93,434.53,65.43,203.82,-1,-1,-1,-1
193,5,338.53,435.46,65.47,198.99,-1,-1,-1,-1
194,5,340.71,435.57,64.87,202.80,-1,-1,-1,-1
195,5,347.50,436.04,63.90,200.32,-1,-1,-1,-1
196,5,348.93,435.93,63.90,201.07,-1,-1,-1,-1
197,5,354.96,436.50,65.24,197.79,-1,-1,-1,-1
198,5,357.51,436.75,63.07,196.03,-1,-1,-1,-1
199,5,364.87,435.57,63.18,198.67,-1,-1,-1,-1
200,5,370.31,435.15,65.22,201.31,-1,-1,-1,-1
201,5,371.55,435.80,65.05,200.69,-1,-1,-1,-1
202,5,378.61,443.45,64.95,197.20,-1,-1,-1,-1
203,5,381.47,436.17,62.21,198.70,-1,-1,-1,-1
204,5,386.74,436.27,65.92,202.12,-1,-1,-1,-1
205,5,389.16,436.25,63.95,201.76,-1,-1,-1,-1
206,5,395.25,435.56,64.84,199.16,-1,-1,-1,-1
207,5,397.29,435.82,63.26,198.04,-1,-1,-1,-1
208,5,403.25,435.85,65.29,197.29,-1,-1,-1,-1
209,5,411.44,436.45,63.23,197.50,-1,-1,-1,-1
210,5,412.93,435.47,63.21,198.14,-1,-1,-1,-1
211,5,413.85,435.42,62.23,199.53,-1,-1,-1,-1
212,5,420.92,437.38,62.97,196.40,-1,-1,-1,-1
213,5,427.02,435.74,64.54,197.81,-1,-1,-1,-1
214,5,432.48,435.09,67.96,203.88,-1,-1,-1,-1
215,5,434.09,436.15,67.08,201.17,-1,-1,-1,-1
216,5,441.69,436.87,66.05,200.75,-1,-1,-1,-1
217,5,442.95,435.81,66.12,201.08,-1,-1,-1,-1
218,5,445.00,435.92,63.96,197.85,-1,-1,-1,-1
219,5,451.87,436.48,64.58,197.88,-1,-1,-1,-1
220,5,459.67,436.19,63.05,202.16,-1,-1,-1,-1
221,5,460.16,441.47,64.82,201.11,-1,-1,-1,-1
222,5,464.02,435.85,70.59,203.42,-1,-1,-1,-1
223,5,467.79,436.31,65.63,196.51,-1,-1,-1,-1
224,5,474.69,435.85,65.59,202.35,-1,-1,-1,-1
225,5,477.21,435.63,63.04,198.12,-1,-1,-1,-1
226,5,482.56,436.35,66.00,196.10,-1,-1,-1,-1
227,5,484.92,436.01,64.45,199.93,-1,-1,-1,-1
228,5,490.89,434.49,66.20,203.78,-1,-1,-1,-1
229,5,497.66,434.31,67.16,205.34,-1,-1,-1,-1
230,5,499.04,435.76,66.71,197.09,-1,-1,-1,-1
231,5,506.90,435.85,64.64,202.17,-1,-1,-1,-1
232,5,509.28,435.53,63.09,199.91,-1,-1,-1,-1
233,5,514.10,435.55,65.98,200.36,-1,-1,-1,-1
234,5,516.97,435.27,63.87,201.62,-1,-1,-1,-1
235,5,523.60,434.71,64.30,200.22,-1,-1,-1,-1
236,5,525.37,434.98,62.97,199.34,-1,-1,-1,-1
237,5,530.02,435.62,67.46,201.70,-1,-1,-1,-1
238,5,537.29,436.74,66.49,199.86,-1,-1,-1,-1
239,5,539.84,435.84,66.05,201.71,-1,-1,-1,-1
240,5,546.55,435.54,65.19,201.54,-1,-1,-1,-1
241,5,548.01,435.68,65.63,200.53,-1,-1,-1,-1
242,5,555.75,435.12,65.09,204.21,-1,-1,-1,-1
243,5,555.44,435.40,67.74,203.69,-1,-1,-1,-1
244,5,560.59,433.85,70.00,205.18,-1,-1,-1,-1
245,5,568.21,436.84,68.84,201.00,-1,-1,-1,-1
246,5,569.87,433.24,68.00,205.40,-1,-1,-1,-1
247,5,573.42,435.38,75.11,204.02,-1,-1,-1,-1
248,5,575.98,436.04,71.72,200.63,-1,-1,-1,-1
249,5,586.27,442.30,82.06,199.41,-1,-1,-1,-1
250,5,586.87,433.29,67.79,206.77,-1,-1,-1,-1
