2,1,1067.08,88.84,94.11,205.87,-1,-1,-1,-1
3,1,1059.21,83.37,94.49,203.46,-1,-1,-1,-1
4,1,1053.74,70.16,92.34,208.89,-1,-1,-1,-1
5,1,1047.38,73.82,90.08,205.19,-1,-1,-1,-1
6,1,1038.45,64.34,92.71,206.20,-1,-1,-1,-1
7,1,1029.32,56.04,96.20,207.18,-1,-1,-1,-1
8,1,1022.41,65.29,92.87,205.20,-1,-1,-1,-1
9,1,1014.17,55.51,94.02,208.22,-1,-1,-1,-1
10,1,1009.85,45.25,84.69,200.82,-1,-1,-1,-1
11,1,997.99,55.35,92.61,207.82,-1,-1,-1,-1
12,1,992.73,42.73,85.79,202.61,-1,-1,-1,-1
13,1,982.29,39.38,89.54,207.23,-1,-1,-1,-1
14,1,974.18,37.14,89.16,200.68,-1,-1,-1,-1
15,1,960.27,39.42,90.60,209.35,-1,-1,-1,-1
16,1,951.78,34.25,89.46,204.43,-1,-1,-1,-1
17,1,942.63,44.23,89.35,202.51,-1,-1,-1,-1
18,1,934.79,37.23,87.10,210.17,-1,-1,-1,-1
19,1,920.45,37.94,90.98,209.12,-1,-1,-1,-1
20,1,911.70,36.91,90.11,211.74,-1,-1,-1,-1
21,1,904.94,38.57,86.21,207.16,-1,-1,-1,-1
22,1,895.08,35.63,86.97,204.55,-1,-1,-1,-1
23,1,889.12,34.81,81.98,204.06,-1,-1,-1,-1
24,1,870.81,39.27,92.55,207.24,-1,-1,-1,-1
25,1,864.96,35.59,87.46,203.48,-1,-1,-1,-1
26,1,856.44,46.22,85.75,207.59,-1,-1,-1,-1
27,1,844.94,49.64,90.59,205.09,-1,-1,-1,-1
28,1,838.40,42.07,87.14,204.17,-1,-1,-1,-1
29,1,830.86,47.51,86.51,207.37,-1,-1,-1,-1
30,1,817.37,49.31,87.16,205.25,-1,-1,-1,-1
31,1,806.66,58.95,91.96,202.84,-1,-1,-1,-1
32,1,798.66,55.81,90.86,205.69,-1,-1,-1,-1
33,1,789.54,63.99,91.92,206.78,-1,-1,-1,-1
34,1,783.74,57.33,89.70,204.21,-1,-1,-1,-1
35,1,773.57,68.00,92.79,201.32,-1,-1,-1,-1
36,1,766.67,71.80,91.82,204.31,-1,-1,-1,-1
37,1,759.00,67.52,92.62,201.88,-1,-1,-1,-1
38,1,750.89,76.58,92.36,199.65,-1,-1,-1,-1
39,1,749.56,81.34,90.01,201.89,-1,-1,-1,-1
40,1,742.02,92.04,91.34,201.18,-1,-1,-1,-1
41,1,734.42,99.27,93.10,202.16,-1,-1,-1,-1
42,1,732.48,101.97,92.07,199.87,-1,-1,-1,-1
43,1,724.78,107.81,95.03,202.37,-1,-1,-1,-1
44,1,717.79,107.31,95.26,203.65,-1,-1,-1,-1
45,1,718.64,113.37,91.45,204.41,-1,-1,-1,-1
46,1,716.01,120.21,92.91,206.86,-1,-1,-1,-1
47,1,710.21,122.89,94.77,203.11,-1,-1,-1,-1
48,1,708.87,127.00,94.82,206.27,-1,-1,-1,-1
49,1,707.96,136.34,94.95,207.69,-1,-1,-1,-1
50,1,707.27,143.91,94.42,207.71,-1,-1,-1,-1
51,1,707.63,145.89,93.65,206.01,-1,-1,-1,-1
52,1,707.17,157.94,94.12,210.50,-1,-1,-1,-1
53,1,706.66,161.93,95.38,206.78,-1,-1,-1,-1
54,1,706.45,166.79,96.86,207.84,-1,-1,-1,-1
55,1,706.48,179.35,97.30,214.54,-1,-1,-1,-1
56,1,709.16,180.02,94.29,202.32,-1,-1,-1,-1
57,1,709.03,188.22,96.45,212.41,-1,-1,-1,-1
58,1,715.73,207.79,94.96,207.47,-1,-1,-1,-1
59,1,717.65,216.82,94.22,201.74,-1,-1,-1,-1
60,1,724.21,212.95,93.00,201.20,-1,-1,-1,-1
61,1,724.74,226.55,96.56,204.71,-1,-1,-1,-1
62,1,732.11,229.30,95.05,200.95,-1,-1,-1,-1
63,1,737.71,249.53,97.53,203.13,-1,-1,-1,-1
64,1,741.96,256.90,94.10,202.55,-1,-1,-1,-1
65,1,747.92,265.54,96.09,202.64,-1,-1,-1,-1
66,1,754.44,278.58,98.12,208.64,-1,-1,-1,-1
67,1,763.29,282.40,95.71,202.00,-1,-1,-1,-1
68,1,770.35,288.42,96.10,203.13,-1,-1,-1,-1
69,1,771.69,295.42,99.13,207.12,-1,-1,-1,-1
70,1,786.49,317.78,95.64,209.55,-1,-1,-1,-1
73,1,812.90,341.77,91.86,212.61,-1,-1,-1,-1
74,1,823.79,357.75,86.85,212.26,-1,-1,-1,-1
75,1,832.08,358.94,87.81,209.02,-1,-1,-1,-1
76,1,840.28,373.38,88.18,212.76,-1,-1,-1,-1
77,1,846.60,380.31,91.47,200.72,-1,-1,-1,-1
78,1,864.46,393.02,84.74,206.08,-1,-1,-1,-1
210,1,930.46,420.95,84.02,230.35,-1,-1,-1,-1
211,1,942.43,413.41,88.69,261.24,-1,-1,-1,-1
212,1,952.84,403.66,83.74,201.06,-1,-1,-1,-1
213,1,957.49,394.24,91.29,204.03,-1,-1,-1,-1
214,1,969.52,382.54,84.92,195.81,-1,-1,-1,-1
215,1,974.25,376.12,91.67,206.64,-1,-1,-1,-1
216,1,981.60,351.85,95.40,223.92,-1,-1,-1,-1
217,1,991.22,351.09,90.54,209.07,-1,-1,-1,-1
218,1,1005.22,338.26,90.45,201.82,-1,-1,-1,-1
219,1,1011.13,323.87,94.91,201.56,-1,-1,-1,-1
220,1,1020.88,318.50,93.31,209.85,-1,-1,-1,-1
221,1,1029.39,305.96,91.36,203.84,-1,-1,-1,-1
222,1,1037.18,302.17,91.36,198.12,-1,-1,-1,-1
223,1,1044.46,291.38,91.70,202.88,-1,-1,-1,-1
224,1,1051.40,284.20,94.32,201.92,-1,-1,-1,-1
225,1,1054.87,275.05,92.53,201.97,-1,-1,-1,-1
226,1,1059.73,266.27,97.38,202.85,-1,-1,-1,-1
227,1,1068.20,260.30,94.96,201.24,-1,-1,-1,-1
228,1,1076.58,237.86,91.69,200.00,-1,-1,-1,-1
229,1,1078.37,236.46,93.55,200.81,-1,-1,-1,-1
230,1,1082.45,233.25,97.79,205.50,-1,-1,-1,-1
231,1,1084.05,224.89,98.20,207.34,-1,-1,-1,-1
232,1,1091.88,207.54,94.27,206.10,-1,-1,-1,-1
233,1,1092.99,200.64,95.97,206.37,-1,-1,-1,-1
234,1,1099.29,200.77,94.46,204.16,-1,-1,-1,-1
235,1,1100.87,184.86,92.75,207.53,-1,-1,-1,-1
236,1,1104.13,179.38,87.94,204.22,-1,-1,-1,-1
237,1,1101.28,171.18,94.04,214.63,-1,-1,-1,-1
238,1,1101.46,165.74,94.99,210.80,-1,-1,-1,-1
239,1,1100.41,154.33,97.04,206.07,-1,-1,-1,-1
240,1,1103.16,152.62,93.11,206.72,-1,-1,-1,-1
241,1,1102.72,142.89,92.96,207.11,-1,-1,-1,-1
242,1,1100.98,143.82,95.26,206.47,-1,-1,-1,-1
243,1,1099.75,133.04,96.57,210.80,-1,-1,-1,-1
244,1,1098.74,132.95,95.57,201.68,-1,-1,-1,-1
245,1,1091.38,119.48,99.67,206.06,-1,-1,-1,-1
246,1,1092.39,116.32,94.15,201.90,-1,-1,-1,-1
247,1,1091.46,102.57,93.71,208.55,-1,-1,-1,-1
248,1,1085.94,103.15,92.59,207.42,-1,-1,-1,-1
249,1,1084.46,100.87,90.71,201.86,-1,-1,-1,-1
250,1,1078.28,97.18,90.55,208.29,-1,-1,-1,-1
2,2,945.31,406.05,86.91,227.96,-1,-1,-1,-1
3,2,951.71,387.82,89.79,263.98,-1,-1,-1,-1
4,2,957.64,381.73,93.56,276.00,-1,-1,-1,-1
5,2,978.81,374.94,83.48,207.96,-1,-1,-1,-1
6,2,982.46,360.16,92.40,208.49,-1,-1,-1,-1
7,2,994.47,352.56,85.01,208.24,-1,-1,-1,-1
8,2,1006.84,347.43,88.45,214.65,-1,-1,-1,-1
9,2,1012.99,336.49,92.17,222.78,-1,-1,-1,-1
10,2,1024.80,329.16,86.46,221.51,-1,-1,-1,-1
11,2,1034.86,317.36,83.67,212.70,-1,-1,-1,-1
12,2,1041.61,315.28,86.66,204.14,-1,-1,-1,-1
13,2,1049.76,297.24,85.77,206.67,-1,-1,-1,-1
14,2,1057.81,296.59,85.24,206.62,-1,-1,-1,-1
15,2,1064.20,275.96,87.04,214.84,-1,-1,-1,-1
16,2,1073.48,264.83,84.86,206.82,-1,-1,-1,-1
17,2,1078.08,258.70,89.42,206.41,-1,-1,-1,-1
18,2,1081.43,250.74,85.81,202.43,-1,-1,-1,-1
19,2,1087.82,250.39,89.25,205.60,-1,-1,-1,-1
20,2,1094.76,242.43,89.15,204.65,-1,-1,-1,-1
21,2,1097.06,224.12,86.74,204.22,-1,-1,-1,-1
22,2,1104.25,217.22,86.21,209.42,-1,-1,-1,-1
23,2,1106.02,216.74,86.38,206.88,-1,-1,-1,-1
24,2,1113.61,205.28,83.03,209.92,-1,-1,-1,-1
25,2,1114.07,192.13,84.71,209.00,-1,-1,-1,-1
26,2,1121.28,184.66,82.23,208.32,-1,-1,-1,-1
27,2,1121.04,175.84,83.92,207.48,-1,-1,-1,-1
28,2,1121.37,174.46,83.09,208.90,-1,-1,-1,-1
29,2,1123.01,159.42,82.22,206.63,-1,-1,-1,-1
30,2,1123.31,152.37,81.01,211.14,-1,-1,-1,-1
31,2,1121.74,150.82,84.81,207.76,-1,-1,-1,-1
32,2,1122.29,138.63,82.49,203.92,-1,-1,-1,-1
33,2,1122.08,129.28,82.43,209.84,-1,-1,-1,-1
34,2,1122.26,133.58,80.46,208.00,-1,-1,-1,-1
35,2,1114.64,128.42,84.77,205.67,-1,-1,-1,-1
36,2,1111.84,119.41,87.47,206.89,-1,-1,-1,-1
37,2,1112.29,104.42,84.94,209.70,-1,-1,-1,-1
38,2,1109.21,97.67,78.95,205.09,-1,-1,-1,-1
39,2,1106.05,94.87,81.49,208.75,-1,-1,-1,-1
40,2,1099.66,95.89,80.15,205.61,-1,-1,-1,-1
41,2,1091.98,96.09,82.54,205.24,-1,-1,-1,-1
42,2,1089.83,89.89,83.35,207.78,-1,-1,-1,-1
43,2,1082.54,71.55,82.80,209.24,-1,-1,-1,-1
44,2,1072.98,80.94,88.27,204.51,-1,-1,-1,-1
45,2,1072.27,63.45,84.86,209.96,-1,-1,-1,-1
46,2,1063.40,64.34,86.41,209.68,-1,-1,-1,-1
47,2,1056.74,64.14,85.18,209.47,-1,-1,-1,-1
48,2,1048.55,57.68,85.07,206.37,-1,-1,-1,-1
49,2,1042.63,49.48,81.77,208.94,-1,-1,-1,-1
50,2,1032.59,57.81,84.43,207.59,-1,-1,-1,-1
51,2,1023.60,55.04,86.44,210.78,-1,-1,-1,-1
52,2,1016.66,55.46,83.41,206.47,-1,-1,-1,-1
53,2,1004.57,42.29,80.61,205.81,-1,-1,-1,-1
54,2,994.85,41.88,84.36,206.53,-1,-1,-1,-1
55,2,988.08,47.74,80.35,206.76,-1,-1,-1,-1
56,2,980.37,34.68,78.18,206.67,-1,-1,-1,-1
57,2,972.09,35.15,77.07,204.38,-1,-1,-1,-1
58,2,963.59,33.03,77.57,206.41,-1,-1,-1,-1
59,2,948.79,41.51,80.03,205.10,-1,-1,-1,-1
60,2,943.11,40.32,72.27,206.88,-1,-1,-1,-1
61,2,931.89,43.27,77.36,204.94,-1,-1,-1,-1
62,2,919.90,35.67,75.39,202.84,-1,-1,-1,-1
63,2,909.57,43.34,78.58,203.91,-1,-1,-1,-1
64,2,900.76,41.46,78.58,203.31,-1,-1,-1,-1
65,2,890.58,46.49,80.64,206.27,-1,-1,-1,-1
66,2,884.71,38.09,76.03,207.53,-1,-1,-1,-1
67,2,870.92,50.05,76.10,203.05,-1,-1,-1,-1
68,2,861.58,38.25,76.47,208.53,-1,-1,-1,-1
69,2,850.97,48.64,81.90,205.79,-1,-1,-1,-1
70,2,843.68,50.10,77.85,207.99,-1,-1,-1,-1
71,2,835.14,49.44,80.24,209.21,-1,-1,-1,-1
72,2,824.76,50.20,83.83,206.72,-1,-1,-1,-1
73,2,817.63,55.07,82.33,205.89,-1,-1,-1,-1
74,2,809.83,50.56,80.73,205.68,-1,-1,-1,-1
75,2,800.13,62.35,86.18,209.93,-1,-1,-1,-1
76,2,792.62,58.36,84.04,205.63,-1,-1,-1,-1
77,2,786.41,59.04,80.59,204.29,-1,-1,-1,-1
78,2,777.03,71.24,83.76,206.31,-1,-1,-1,-1
79,2,768.69,79.53,85.77,206.47,-1,-1,-1,-1
80,2,760.78,79.95,86.23,207.18,-1,-1,-1,-1
81,2,752.90,90.04,88.45,202.59,-1,-1,-1,-1
82,2,752.52,96.22,86.19,204.86,-1,-1,-1,-1
83,2,745.98,96.18,84.79,207.23,-1,-1,-1,-1
84,2,742.30,104.00,89.33,209.89,-1,-1,-1,-1
85,2,735.73,104.34,88.51,210.09,-1,-1,-1,-1
86,2,734.55,110.39,89.38,210.33,-1,-1,-1,-1
87,2,728.55,119.31,88.26,207.15,-1,-1,-1,-1
88,2,728.13,119.60,87.40,208.39,-1,-1,-1,-1
89,2,728.08,120.56,85.69,209.07,-1,-1,-1,-1
90,2,721.82,134.21,86.53,212.25,-1,-1,-1,-1
91,2,722.28,144.16,85.08,207.71,-1,-1,-1,-1
92,2,721.86,144.49,85.56,204.74,-1,-1,-1,-1
93,2,720.45,158.75,89.22,210.32,-1,-1,-1,-1
94,2,721.59,166.63,86.89,210.90,-1,-1,-1,-1
95,2,722.60,174.77,84.78,207.28,-1,-1,-1,-1
96,2,726.15,180.71,89.00,214.19,-1,-1,-1,-1
97,2,725.00,174.59,92.44,214.52,-1,-1,-1,-1
98,2,725.56,188.86,91.51,210.45,-1,-1,-1,-1
99,2,727.25,197.11,90.27,209.62,-1,-1,-1,-1
100,2,733.79,198.82,91.44,212.15,-1,-1,-1,-1
101,2,734.77,208.07,91.32,211.14,-1,-1,-1,-1
102,2,742.52,229.05,90.53,210.24,-1,-1,-1,-1
103,2,744.14,224.19,88.93,210.86,-1,-1,-1,-1
104,2,750.70,240.21,92.32,207.23,-1,-1,-1,-1
105,2,756.27,256.05,94.07,207.05,-1,-1,-1,-1
106,2,763.48,262.78,95.52,208.78,-1,-1,-1,-1
107,2,765.70,264.21,94.64,206.90,-1,-1,-1,-1
109,2,781.09,281.55,94.85,208.57,-1,-1,-1,-1
110,2,791.81,295.62,87.73,206.15,-1,-1,-1,-1
111,2,798.08,306.68,91.60,205.01,-1,-1,-1,-1
112,2,808.71,313.74,85.46,203.86,-1,-1,-1,-1
113,2,817.08,322.47,85.70,205.81,-1,-1,-1,-1
114,2,824.69,336.67,86.10,203.85,-1,-1,-1,-1
115,2,833.80,350.08,84.74,210.58,-1,-1,-1,-1
116,2,837.83,357.19,92.52,229.18,-1,-1,-1,-1
117,2,849.55,367.75,86.62,210.11,-1,-1,-1,-1
118,2,864.95,375.03,83.23,208.69,-1,-1,-1,-1
119,2,872.88,387.99,83.37,202.34,-1,-1,-1,-1
120,2,882.93,391.45,81.71,207.19,-1,-1,-1,-1
121,2,871.94,458.62,89.21,235.43,-1,-1,-1,-1
122,2,896.28,404.52,87.06,262.69,-1,-1,-1,-1
123,2,901.30,416.62,93.92,237.36,-1,-1,-1,-1
124,2,921.07,441.02,86.19,208.82,-1,-1,-1,-1
125,2,930.82,441.62,84.35,205.67,-1,-1,-1,-1
126,2,937.44,456.71,88.22,208.77,-1,-1,-1,-1
127,2,952.44,463.56,84.58,205.64,-1,-1,-1,-1
128,2,960.96,480.46,85.09,202.88,-1,-1,-1,-1
131,2,958.22,378.66,107.45,234.46,-1,-1,-1,-1
133,2,980.11,361.11,110.76,253.33,-1,-1,-1,-1
134,2,990.02,360.93,106.67,253.26,-1,-1,-1,-1
135,2,998.99,346.17,106.06,251.29,-1,-1,-1,-1
136,2,1005.45,333.63,106.52,213.55,-1,-1,-1,-1
137,2,1015.92,330.79,104.89,204.00,-1,-1,-1,-1
138,2,1028.18,313.56,96.42,205.28,-1,-1,-1,-1
139,2,1034.11,304.04,100.29,210.50,-1,-1,-1,-1
140,2,1038.31,290.50,105.96,217.28,-1,-1,-1,-1
141,2,1048.72,286.29,102.51,212.63,-1,-1,-1,-1
142,2,1055.36,277.19,104.31,212.72,-1,-1,-1,-1
143,2,1060.41,267.10,109.86,216.43,-1,-1,-1,-1
144,2,1069.89,260.52,106.52,214.12,-1,-1,-1,-1
145,2,1064.56,245.15,118.83,216.93,-1,-1,-1,-1
146,2,1077.45,237.94,109.58,211.27,-1,-1,-1,-1
147,2,1088.09,221.97,103.29,215.15,-1,-1,-1,-1
148,2,1087.54,215.69,106.15,211.69,-1,-1,-1,-1
149,2,1097.81,214.10,101.42,211.00,-1,-1,-1,-1
150,2,1097.60,213.33,102.32,210.83,-1,-1,-1,-1
151,2,1106.11,191.83,99.16,211.22,-1,-1,-1,-1
152,2,1103.43,181.43,104.07,215.00,-1,-1,-1,-1
153,2,1099.34,171.54,113.88,215.89,-1,-1,-1,-1
154,2,1110.18,165.75,105.64,214.74,-1,-1,-1,-1
155,2,1111.93,158.06,103.43,213.11,-1,-1,-1,-1
156,2,1113.97,157.19,99.85,212.46,-1,-1,-1,-1
157,2,1114.26,150.22,99.47,213.50,-1,-1,-1,-1
158,2,1113.51,142.74,100.84,212.62,-1,-1,-1,-1
159,2,1113.83,140.09,100.02,214.51,-1,-1,-1,-1
160,2,1110.08,125.93,106.93,214.81,-1,-1,-1,-1
161,2,1109.76,125.30,106.20,215.65,-1,-1,-1,-1
162,2,1101.44,110.33,108.72,210.48,-1,-1,-1,-1
163,2,1100.88,102.55,108.08,213.04,-1,-1,-1,-1
164,2,1093.10,108.58,111.09,213.50,-1,-1,-1,-1
165,2,1093.75,103.61,109.02,208.13,-1,-1,-1,-1
166,2,1094.87,95.27,104.00,210.25,-1,-1,-1,-1
167,2,1090.35,94.86,98.26,208.40,-1,-1,-1,-1
168,2,1087.06,78.76,103.28,210.59,-1,-1,-1,-1
169,2,1079.74,78.86,103.43,211.92,-1,-1,-1,-1
170,2,1071.76,72.54,103.03,208.91,-1,-1,-1,-1
171,2,1063.09,73.13,107.39,207.37,-1,-1,-1,-1
172,2,1057.25,64.14,103.27,208.96,-1,-1,-1,-1
173,2,1056.43,62.49,101.61,211.86,-1,-1,-1,-1
174,2,1050.09,56.99,98.13,208.09,-1,-1,-1,-1
175,2,1039.06,55.13,104.99,210.02,-1,-1,-1,-1
176,2,1030.64,46.88,105.86,209.28,-1,-1,-1,-1
177,2,1024.67,55.51,103.00,206.69,-1,-1,-1,-1
178,2,1018.67,42.37,96.34,206.31,-1,-1,-1,-1
179,2,1010.55,47.98,96.38,209.94,-1,-1,-1,-1
180,2,992.04,48.54,104.90,207.04,-1,-1,-1,-1
181,2,987.97,50.32,98.09,202.90,-1,-1,-1,-1
182,2,979.20,39.81,97.03,205.38,-1,-1,-1,-1
183,2,970.87,34.56,98.40,203.26,-1,-1,-1,-1
184,2,960.96,41.43,101.18,207.70,-1,-1,-1,-1
185,2,948.77,41.45,96.40,203.80,-1,-1,-1,-1
186,2,940.72,41.42,96.34,203.24,-1,-1,-1,-1
187,2,934.36,33.11,90.93,203.48,-1,-1,-1,-1
188,2,924.64,33.98,95.04,203.66,-1,-1,-1,-1
189,2,914.84,42.44,96.67,203.92,-1,-1,-1,-1
190,2,900.08,40.89,96.79,203.15,-1,-1,-1,-1
191,2,892.74,41.07,95.22,203.54,-1,-1,-1,-1
192,2,884.64,32.77,94.46,206.16,-1,-1,-1,-1
193,2,873.67,39.50,99.02,205.66,-1,-1,-1,-1
194,2,867.96,40.83,94.24,204.34,-1,-1,-1,-1
195,2,851.80,33.78,97.10,204.40,-1,-1,-1,-1
196,2,843.57,41.10,96.86,207.45,-1,-1,-1,-1
197,2,834.39,49.16,99.28,204.30,-1,-1,-1,-1
198,2,824.33,49.08,102.35,207.82,-1,-1,-1,-1
199,2,815.64,47.84,103.30,207.51,-1,-1,-1,-1
200,2,802.04,58.10,101.54,202.62,-1,-1,-1,-1
201,2,800.61,56.87,100.82,204.91,-1,-1,-1,-1
202,2,783.44,49.82,106.34,205.10,-1,-1,-1,-1
203,2,785.70,56.30,98.27,205.36,-1,-1,-1,-1
204,2,777.33,56.29,99.04,209.31,-1,-1,-1,-1
205,2,768.40,63.87,102.78,207.10,-1,-1,-1,-1
206,2,759.88,72.29,103.91,206.52,-1,-1,-1,-1
207,2,751.95,81.87,104.10,206.14,-1,-1,-1,-1
208,2,743.80,88.22,106.28,204.85,-1,-1,-1,-1
209,2,744.40,80.65,101.68,209.03,-1,-1,-1,-1
210,2,738.89,81.38,98.21,207.59,-1,-1,-1,-1
211,2,735.73,100.21,103.68,212.56,-1,-1,-1,-1
212,2,726.26,94.72,108.02,212.22,-1,-1,-1,-1
213,2,726.61,95.65,105.01,209.92,-1,-1,-1,-1
214,2,720.68,111.77,102.27,208.19,-1,-1,-1,-1
215,2,717.87,110.93,106.84,212.17,-1,-1,-1,-1
216,2,719.30,117.54,103.41,211.92,-1,-1,-1,-1
217,2,710.88,125.13,107.20,212.22,-1,-1,-1,-1
218,2,711.10,140.01,105.70,212.76,-1,-1,-1,-1
219,2,711.78,141.02,105.00,211.87,-1,-1,-1,-1
220,2,710.85,148.53,107.71,212.54,-1,-1,-1,-1
221,2,712.31,151.05,103.76,212.65,-1,-1,-1,-1
222,2,711.45,164.05,106.12,213.64,-1,-1,-1,-1
223,2,711.42,173.63,106.25,210.00,-1,-1,-1,-1
224,2,719.13,180.03,104.42,215.83,-1,-1,-1,-1
225,2,717.84,188.25,106.62,212.77,-1,-1,-1,-1
226,2,713.87,191.48,117.07,211.42,-1,-1,-1,-1
227,2,722.36,208.43,114.99,209.63,-1,-1,-1,-1
228,2,727.24,224.27,106.77,204.25,-1,-1,-1,-1
229,2,731.82,223.23,111.45,206.64,-1,-1,-1,-1
230,2,737.78,223.25,114.86,212.22,-1,-1,-1,-1
231,2,743.28,234.76,105.75,204.29,-1,-1,-1,-1
232,2,747.14,238.73,112.06,213.16,-1,-1,-1,-1
233,2,752.16,254.70,118.53,211.84,-1,-1,-1,-1
234,2,757.26,262.46,110.02,209.04,-1,-1,-1,-1
235,2,761.50,276.26,116.65,214.63,-1,-1,-1,-1
236,2,774.10,286.63,107.28,209.37,-1,-1,-1,-1
237,2,782.46,295.80,106.77,209.60,-1,-1,-1,-1
238,2,792.29,301.69,103.62,209.79,-1,-1,-1,-1
239,2,800.25,314.03,102.80,218.18,-1,-1,-1,-1
240,2,808.59,329.95,102.85,235.92,-1,-1,-1,-1
241,2,814.53,342.19,106.56,243.77,-1,-1,-1,-1
242,2,822.47,341.57,107.57,259.70,-1,-1,-1,-1
243,2,833.64,341.73,115.09,244.62,-1,-1,-1,-1
2,3,731.03,98.35,80.82,202.92,-1,-1,-1,-1
3,3,717.57,103.33,92.65,205.15,-1,-1,-1,-1
4,3,721.56,111.82,83.85,209.70,-1,-1,-1,-1
5,3,719.33,114.25,87.84,207.03,-1,-1,-1,-1
6,3,713.67,127.43,85.04,207.41,-1,-1,-1,-1
7,3,711.85,122.44,87.23,207.09,-1,-1,-1,-1
8,3,710.32,135.07,89.39,210.35,-1,-1,-1,-1
9,3,710.00,136.68,90.15,206.75,-1,-1,-1,-1
10,3,703.17,150.66,90.72,209.42,-1,-1,-1,-1
11,3,709.93,157.61,89.92,210.26,-1,-1,-1,-1
12,3,704.00,166.56,89.41,209.51,-1,-1,-1,-1
13,3,710.37,167.48,89.20,210.31,-1,-1,-1,-1
14,3,710.83,174.57,88.44,208.80,-1,-1,-1,-1
15,3,712.78,189.51,85.54,209.41,-1,-1,-1,-1
16,3,712.01,200.08,88.61,208.29,-1,-1,-1,-1
17,3,716.75,198.43,92.97,206.85,-1,-1,-1,-1
18,3,717.82,215.50,91.45,205.67,-1,-1,-1,-1
19,3,720.25,224.99,87.29,203.04,-1,-1,-1,-1
20,3,725.48,232.86,92.23,203.98,-1,-1,-1,-1
21,3,725.91,233.94,92.59,207.55,-1,-1,-1,-1
22,3,732.84,247.96,93.52,204.98,-1,-1,-1,-1
23,3,741.89,257.39,90.80,207.49,-1,-1,-1,-1
24,3,743.12,265.77,90.53,204.19,-1,-1,-1,-1
25,3,751.37,274.24,89.06,206.83,-1,-1,-1,-1
26,3,760.13,280.93,87.19,205.55,-1,-1,-1,-1
27,3,768.10,288.33,87.29,203.99,-1,-1,-1,-1
28,3,777.64,303.57,85.22,204.65,-1,-1,-1,-1
29,3,783.16,314.69,88.76,204.27,-1,-1,-1,-1
30,3,793.19,315.21,84.99,202.18,-1,-1,-1,-1
31,3,802.95,328.76,82.06,207.67,-1,-1,-1,-1
32,3,811.42,344.71,82.01,204.22,-1,-1,-1,-1
33,3,819.61,345.69,80.48,206.42,-1,-1,-1,-1
34,3,828.23,350.72,80.05,209.52,-1,-1,-1,-1
36,3,845.76,379.79,76.68,199.78,-1,-1,-1,-1
108,3,774.26,277.75,91.56,208.68,-1,-1,-1,-1
188,3,757.64,272.63,92.79,204.65,-1,-1,-1,-1
6,4,959.78,509.75,104.78,180.73,-1,-1,-1,-1
7,4,977.21,517.77,99.75,194.58,-1,-1,-1,-1
8,4,981.14,505.48,108.83,203.13,-1,-1,-1,-1
9,4,997.64,505.57,93.73,219.36,-1,-1,-1,-1
10,4,1004.99,493.73,95.52,228.12,-1,-1,-1,-1
11,4,1013.33,534.40,94.47,208.91,-1,-1,-1,-1
12,4,1023.42,535.79,91.05,206.50,-1,-1,-1,-1
13,4,1028.75,541.30,94.48,211.96,-1,-1,-1,-1
14,4,1033.78,550.96,102.49,211.62,-1,-1,-1,-1
15,4,1043.66,566.30,96.95,211.95,-1,-1,-1,-1
16,4,1053.25,574.83,94.24,207.97,-1,-1,-1,-1
17,4,1061.50,580.60,92.19,212.16,-1,-1,-1,-1
18,4,1068.48,597.49,95.45,211.40,-1,-1,-1,-1
19,4,1077.89,603.88,91.24,213.26,-1,-1,-1,-1
20,4,1079.04,606.89,92.11,209.67,-1,-1,-1,-1
21,4,1084.04,614.22,96.69,211.81,-1,-1,-1,-1
22,4,1093.37,636.08,93.12,213.32,-1,-1,-1,-1
23,4,1092.72,636.01,96.22,218.15,-1,-1,-1,-1
24,4,1101.27,647.21,94.29,210.35,-1,-1,-1,-1
25,4,1110.46,644.78,89.32,215.69,-1,-1,-1,-1
26,4,1110.11,662.49,91.42,210.46,-1,-1,-1,-1
27,4,1110.42,671.96,91.55,206.29,-1,-1,-1,-1
28,4,1120.33,671.89,85.07,208.06,-1,-1,-1,-1
29,4,1120.83,677.70,85.21,212.89,-1,-1,-1,-1
30,4,1119.13,695.81,89.98,210.03,-1,-1,-1,-1
31,4,1119.75,704.10,90.23,209.15,-1,-1,-1,-1
32,4,1120.52,713.23,88.35,203.95,-1,-1,-1,-1
33,4,1120.80,720.53,87.92,208.65,-1,-1,-1,-1
34,4,1121.26,730.17,86.74,205.37,-1,-1,-1,-1
35,4,1120.02,730.80,88.32,205.24,-1,-1,-1,-1
36,4,1120.16,743.84,87.66,205.21,-1,-1,-1,-1
37,4,1110.74,743.73,92.04,208.76,-1,-1,-1,-1
38,4,1110.66,752.70,90.90,206.77,-1,-1,-1,-1
39,4,1112.02,752.14,86.88,209.52,-1,-1,-1,-1
40,4,1101.61,760.18,95.48,206.93,-1,-1,-1,-1
41,4,1102.99,767.96,89.83,209.02,-1,-1,-1,-1
42,4,1094.43,775.33,91.60,209.12,-1,-1,-1,-1
43,4,1095.20,776.50,88.44,206.67,-1,-1,-1,-1
44,4,1087.39,784.08,90.08,207.66,-1,-1,-1,-1
45,4,1078.78,792.80,91.25,207.67,-1,-1,-1,-1
46,4,1077.69,792.23,90.98,206.12,-1,-1,-1,-1
47,4,1072.35,793.61,85.12,206.94,-1,-1,-1,-1
48,4,1064.07,802.52,87.07,201.92,-1,-1,-1,-1
49,4,1054.43,809.15,91.76,204.65,-1,-1,-1,-1
50,4,1045.64,809.16,92.24,207.61,-1,-1,-1,-1
51,4,1035.86,817.89,96.30,201.46,-1,-1,-1,-1
52,4,1031.80,816.27,88.79,209.20,-1,-1,-1,-1
53,4,1022.87,825.43,90.00,206.03,-1,-1,-1,-1
54,4,1014.55,825.13,89.42,203.49,-1,-1,-1,-1
55,4,1002.29,835.65,85.47,198.70,-1,-1,-1,-1
56,4,998.88,825.53,87.73,202.87,-1,-1,-1,-1
57,4,986.47,825.95,84.70,202.23,-1,-1,-1,-1
58,4,976.28,825.18,89.33,204.36,-1,-1,-1,-1
59,4,967.68,830.04,88.26,212.26,-1,-1,-1,-1
60,4,960.77,833.12,85.13,206.08,-1,-1,-1,-1
61,4,951.87,839.21,86.01,206.41,-1,-1,-1,-1
62,4,936.78,831.12,87.92,211.45,-1,-1,-1,-1
63,4,927.00,832.70,91.08,207.97,-1,-1,-1,-1
64,4,918.28,838.30,90.43,208.84,-1,-1,-1,-1
65,4,903.53,832.86,90.03,207.17,-1,-1,-1,-1
66,4,893.95,839.78,94.19,205.46,-1,-1,-1,-1
67,4,887.68,821.89,89.10,214.40,-1,-1,-1,-1
68,4,877.28,823.65,92.99,210.79,-1,-1,-1,-1
69,4,871.56,824.73,86.59,208.56,-1,-1,-1,-1
70,4,855.51,832.29,89.78,207.27,-1,-1,-1,-1
71,4,848.65,824.85,88.06,204.22,-1,-1,-1,-1
72,4,839.98,816.21,88.93,210.07,-1,-1,-1,-1
73,4,832.80,817.86,87.28,206.87,-1,-1,-1,-1
74,4,823.91,809.69,87.60,206.45,-1,-1,-1,-1
75,4,815.24,817.47,87.58,202.72,-1,-1,-1,-1
76,4,809.06,809.99,84.16,205.57,-1,-1,-1,-1
77,4,800.29,801.83,85.58,205.66,-1,-1,-1,-1
78,4,791.32,807.99,87.25,207.92,-1,-1,-1,-1
79,4,782.23,799.93,90.86,210.00,-1,-1,-1,-1
80,4,777.08,791.84,85.86,210.09,-1,-1,-1,-1
81,4,767.93,791.85,88.36,208.97,-1,-1,-1,-1
82,4,759.36,791.65,90.96,206.09,-1,-1,-1,-1
83,4,758.29,783.23,89.07,210.50,-1,-1,-1,-1
84,4,750.14,784.49,91.36,204.34,-1,-1,-1,-1
85,4,744.78,769.54,87.89,206.59,-1,-1,-1,-1
86,4,743.21,769.33,88.60,204.73,-1,-1,-1,-1
87,4,735.57,761.85,90.72,205.81,-1,-1,-1,-1
88,4,737.03,761.20,84.52,204.48,-1,-1,-1,-1
89,4,724.51,752.87,96.72,206.64,-1,-1,-1,-1
90,4,727.32,744.93,88.69,208.13,-1,-1,-1,-1
91,4,727.23,744.66,88.97,204.30,-1,-1,-1,-1
92,4,728.04,737.57,85.56,207.37,-1,-1,-1,-1
93,4,726.67,722.06,87.59,204.78,-1,-1,-1,-1
94,4,718.49,714.44,93.47,205.02,-1,-1,-1,-1
95,4,720.18,713.27,90.16,205.73,-1,-1,-1,-1
96,4,719.58,706.15,90.66,202.32,-1,-1,-1,-1
97,4,720.93,706.09,88.22,201.88,-1,-1,-1,-1
98,4,727.98,696.52,86.41,205.54,-1,-1,-1,-1
99,4,726.02,680.47,91.50,208.32,-1,-1,-1,-1
100,4,728.04,674.06,88.67,203.73,-1,-1,-1,-1
101,4,735.73,663.85,87.35,206.01,-1,-1,-1,-1
102,4,734.35,655.82,92.55,210.24,-1,-1,-1,-1
103,4,742.85,646.19,88.21,210.78,-1,-1,-1,-1
104,4,745.04,646.67,85.82,209.15,-1,-1,-1,-1
105,4,746.21,639.70,85.71,208.74,-1,-1,-1,-1
106,4,748.91,622.28,95.85,210.84,-1,-1,-1,-1
107,4,758.71,613.23,90.38,212.73,-1,-1,-1,-1
108,4,767.88,607.57,85.81,211.06,-1,-1,-1,-1
109,4,766.75,606.78,92.68,208.64,-1,-1,-1,-1
110,4,774.27,583.67,92.35,209.78,-1,-1,-1,-1
111,4,779.33,588.46,97.39,212.44,-1,-1,-1,-1
112,4,789.01,575.54,93.28,210.18,-1,-1,-1,-1
113,4,797.41,566.60,94.38,210.46,-1,-1,-1,-1
114,4,806.74,550.41,89.31,213.78,-1,-1,-1,-1
115,4,822.23,513.36,89.56,235.89,-1,-1,-1,-1
116,4,817.60,516.76,102.40,228.75,-1,-1,-1,-1
9,5,1018.43,829.56,66.65,196.64,-1,-1,-1,-1
10,5,1007.34,830.21,72.03,196.17,-1,-1,-1,-1
12,5,986.48,829.45,69.03,197.89,-1,-1,-1,-1
16,5,952.04,844.38,71.51,198.99,-1,-1,-1,-1
17,5,938.46,843.85,69.21,200.13,-1,-1,-1,-1
18,5,928.52,837.71,72.33,197.72,-1,-1,-1,-1
19,5,921.97,842.66,68.16,201.94,-1,-1,-1,-1
20,5,912.45,851.65,68.72,198.05,-1,-1,-1,-1
21,5,898.61,843.25,69.44,201.59,-1,-1,-1,-1
23,5,880.77,843.38,70.79,201.46,-1,-1,-1,-1
24,5,872.59,834.76,69.42,202.67,-1,-1,-1,-1
34,5,784.66,811.72,71.04,200.97,-1,-1,-1,-1
39,5,752.92,790.00,70.89,196.63,-1,-1,-1,-1
17,6,743.80,651.07,55.86,198.86,-1,-1,-1,-1
18,6,748.19,642.42,61.65,199.68,-1,-1,-1,-1
19,6,752.77,635.32,55.25,198.77,-1,-1,-1,-1
20,6,758.03,627.89,58.14,198.83,-1,-1,-1,-1
21,6,759.68,627.54,58.33,198.71,-1,-1,-1,-1
22,6,768.12,610.56,58.65,204.40,-1,-1,-1,-1
23,6,773.77,603.15,61.72,200.21,-1,-1,-1,-1
24,6,781.44,585.60,60.40,202.79,-1,-1,-1,-1
26,6,797.57,578.47,60.32,200.66,-1,-1,-1,-1
27,6,805.06,555.43,61.51,203.15,-1,-1,-1,-1
28,6,813.41,562.21,60.73,200.72,-1,-1,-1,-1
29,6,823.59,546.30,57.66,204.21,-1,-1,-1,-1
30,6,828.03,530.18,64.60,201.89,-1,-1,-1,-1
31,6,836.67,524.96,64.43,200.91,-1,-1,-1,-1
32,6,846.23,515.21,60.08,201.02,-1,-1,-1,-1
33,6,850.09,500.02,69.27,200.33,-1,-1,-1,-1
34,6,863.79,500.71,70.41,201.47,-1,-1,-1,-1
35,6,863.49,492.69,73.22,200.63,-1,-1,-1,-1
36,6,871.12,483.95,75.10,197.95,-1,-1,-1,-1
37,6,879.10,474.63,74.37,200.74,-1,-1,-1,-1
38,6,894.21,448.52,74.06,206.22,-1,-1,-1,-1
39,6,908.10,442.67,64.46,203.46,-1,-1,-1,-1
40,6,922.96,433.83,65.12,202.95,-1,-1,-1,-1
41,6,929.22,425.07,69.34,207.27,-1,-1,-1,-1
42,6,940.02,422.67,64.50,208.41,-1,-1,-1,-1
46,6,944.71,472.79,87.22,204.97,-1,-1,-1,-1
47,6,963.71,481.78,78.52,203.20,-1,-1,-1,-1
48,6,970.56,487.55,81.57,206.59,-1,-1,-1,-1
49,6,980.93,497.78,78.22,206.63,-1,-1,-1,-1
50,6,990.49,519.21,74.78,205.40,-1,-1,-1,-1
51,6,996.35,528.88,79.75,203.05,-1,-1,-1,-1
52,6,1010.27,537.49,81.08,207.28,-1,-1,-1,-1
53,6,1014.24,537.27,77.58,204.31,-1,-1,-1,-1
54,6,1019.99,560.19,81.63,204.28,-1,-1,-1,-1
55,6,1028.55,569.73,80.40,203.29,-1,-1,-1,-1
56,6,1043.28,576.68,79.31,203.34,-1,-1,-1,-1
57,6,1045.73,577.57,77.60,206.41,-1,-1,-1,-1
58,6,1055.01,593.69,75.65,205.54,-1,-1,-1,-1
59,6,1060.28,601.84,79.46,204.58,-1,-1,-1,-1
60,6,1066.98,603.10,81.37,204.51,-1,-1,-1,-1
61,6,1075.49,615.84,79.70,204.36,-1,-1,-1,-1
62,6,1076.39,617.73,80.69,206.38,-1,-1,-1,-1
63,6,1084.29,632.80,79.20,203.98,-1,-1,-1,-1
64,6,1091.16,638.92,80.45,205.05,-1,-1,-1,-1
65,6,1093.12,662.39,79.18,206.19,-1,-1,-1,-1
66,6,1099.06,656.74,79.92,204.53,-1,-1,-1,-1
67,6,1102.35,679.13,76.15,205.17,-1,-1,-1,-1
68,6,1109.94,680.68,74.68,203.47,-1,-1,-1,-1
69,6,1111.40,696.12,73.04,203.83,-1,-1,-1,-1
70,6,1112.50,690.55,72.26,204.67,-1,-1,-1,-1
71,6,1110.85,696.57,75.86,204.67,-1,-1,-1,-1
72,6,1110.40,719.85,76.92,203.80,-1,-1,-1,-1
73,6,1113.88,721.87,70.29,203.59,-1,-1,-1,-1
74,6,1111.07,728.93,75.77,202.05,-1,-1,-1,-1
75,6,1111.77,738.56,74.48,202.83,-1,-1,-1,-1
76,6,1110.07,738.14,77.71,202.03,-1,-1,-1,-1
77,6,1108.60,744.83,79.61,203.49,-1,-1,-1,-1
78,6,1110.98,753.08,73.21,202.25,-1,-1,-1,-1
79,6,1108.68,753.14,76.23,202.23,-1,-1,-1,-1
80,6,1101.76,762.57,76.01,204.01,-1,-1,-1,-1
81,6,1101.44,778.11,75.03,200.36,-1,-1,-1,-1
82,6,1091.72,770.72,81.30,200.31,-1,-1,-1,-1
83,6,1094.02,777.91,74.22,204.59,-1,-1,-1,-1
84,6,1086.10,786.37,74.85,203.20,-1,-1,-1,-1
85,6,1077.77,785.83,77.90,202.08,-1,-1,-1,-1
86,6,1077.48,793.75,75.16,205.14,-1,-1,-1,-1
87,6,1069.57,795.30,75.14,203.33,-1,-1,-1,-1
88,6,1061.35,801.56,77.12,206.69,-1,-1,-1,-1
89,6,1052.59,810.75,77.88,201.40,-1,-1,-1,-1
90,6,1047.37,817.64,74.26,200.68,-1,-1,-1,-1
91,6,1037.30,811.15,77.96,201.29,-1,-1,-1,-1
92,6,1029.36,818.33,78.38,204.22,-1,-1,-1,-1
93,6,1023.45,818.94,73.50,203.42,-1,-1,-1,-1
94,6,1011.34,818.48,81.56,200.32,-1,-1,-1,-1
95,6,1003.58,825.54,79.83,203.37,-1,-1,-1,-1
96,6,996.26,825.45,79.44,202.74,-1,-1,-1,-1
97,6,988.33,834.32,77.61,203.35,-1,-1,-1,-1
98,6,980.26,840.35,78.12,204.22,-1,-1,-1,-1
99,6,967.26,826.47,75.14,206.20,-1,-1,-1,-1
100,6,958.58,833.42,75.17,204.74,-1,-1,-1,-1
101,6,950.45,833.27,75.91,203.77,-1,-1,-1,-1
102,6,941.27,833.90,75.68,203.15,-1,-1,-1,-1
103,6,933.28,832.86,75.36,203.89,-1,-1,-1,-1
104,6,918.37,840.25,76.39,205.20,-1,-1,-1,-1
105,6,909.70,842.28,75.91,204.21,-1,-1,-1,-1
106,6,898.22,827.14,81.87,205.65,-1,-1,-1,-1
107,6,887.80,826.85,74.25,204.23,-1,-1,-1,-1
108,6,878.46,839.83,75.43,204.14,-1,-1,-1,-1
109,6,869.21,840.52,77.72,203.92,-1,-1,-1,-1
110,6,861.87,827.67,74.98,203.71,-1,-1,-1,-1
111,6,851.06,826.19,80.31,207.79,-1,-1,-1,-1
112,6,837.91,826.23,78.29,202.88,-1,-1,-1,-1
113,6,828.61,826.13,80.48,204.84,-1,-1,-1,-1
114,6,819.40,826.22,81.78,201.32,-1,-1,-1,-1
115,6,812.82,819.36,79.17,201.26,-1,-1,-1,-1
116,6,806.38,818.57,75.17,201.72,-1,-1,-1,-1
117,6,797.00,818.32,77.12,201.32,-1,-1,-1,-1
118,6,788.18,817.93,80.00,201.08,-1,-1,-1,-1
119,6,780.88,811.74,77.34,201.16,-1,-1,-1,-1
120,6,771.98,801.57,80.76,202.16,-1,-1,-1,-1
121,6,764.68,807.89,78.98,204.80,-1,-1,-1,-1
122,6,756.18,801.39,81.15,203.93,-1,-1,-1,-1
123,6,754.68,793.57,80.29,202.79,-1,-1,-1,-1
124,6,750.36,786.83,73.94,200.68,-1,-1,-1,-1
125,6,739.93,778.31,81.11,203.19,-1,-1,-1,-1
126,6,738.99,778.69,79.78,205.88,-1,-1,-1,-1
127,6,734.13,770.92,75.14,204.47,-1,-1,-1,-1
128,6,723.76,763.38,81.76,202.32,-1,-1,-1,-1
129,6,726.61,762.68,75.26,201.57,-1,-1,-1,-1
130,6,727.29,762.48,72.19,200.65,-1,-1,-1,-1
131,6,721.16,756.92,71.24,200.59,-1,-1,-1,-1
132,6,719.61,739.00,72.80,202.76,-1,-1,-1,-1
133,6,716.90,738.59,77.27,204.44,-1,-1,-1,-1
134,6,716.27,738.82,77.70,199.40,-1,-1,-1,-1
135,6,716.32,722.69,77.37,203.06,-1,-1,-1,-1
136,6,715.44,722.85,78.65,201.79,-1,-1,-1,-1
137,6,716.78,714.74,76.76,200.43,-1,-1,-1,-1
138,6,717.36,706.79,76.43,205.26,-1,-1,-1,-1
139,6,716.43,697.30,78.34,201.73,-1,-1,-1,-1
140,6,719.68,697.34,72.29,201.22,-1,-1,-1,-1
141,6,718.70,682.41,76.85,202.48,-1,-1,-1,-1
142,6,724.86,673.31,77.65,204.14,-1,-1,-1,-1
143,6,725.52,673.44,78.13,200.80,-1,-1,-1,-1
144,6,732.10,658.81,77.60,203.25,-1,-1,-1,-1
145,6,736.50,649.36,71.84,203.46,-1,-1,-1,-1
146,6,740.39,632.80,78.40,203.62,-1,-1,-1,-1
147,6,746.79,632.53,79.53,202.79,-1,-1,-1,-1
148,6,745.29,616.59,85.99,204.24,-1,-1,-1,-1
149,6,754.44,616.73,82.14,204.68,-1,-1,-1,-1
150,6,762.02,608.68,82.16,203.59,-1,-1,-1,-1
151,6,765.65,586.06,78.12,206.22,-1,-1,-1,-1
152,6,772.36,584.89,80.09,205.35,-1,-1,-1,-1
153,6,783.09,577.73,75.32,201.89,-1,-1,-1,-1
154,6,791.29,561.53,74.09,203.25,-1,-1,-1,-1
155,6,800.51,546.79,72.07,205.59,-1,-1,-1,-1
156,6,805.20,553.38,77.91,201.92,-1,-1,-1,-1
157,6,810.62,539.33,84.26,204.15,-1,-1,-1,-1
158,6,828.03,530.12,78.08,206.81,-1,-1,-1,-1
159,6,833.58,520.05,83.61,206.55,-1,-1,-1,-1
160,6,843.49,502.65,81.33,207.90,-1,-1,-1,-1
161,6,851.04,498.05,81.59,203.79,-1,-1,-1,-1
162,6,859.13,489.03,83.09,204.03,-1,-1,-1,-1
163,6,865.47,480.49,86.30,206.50,-1,-1,-1,-1
167,6,936.41,449.12,70.95,203.11,-1,-1,-1,-1
168,6,937.72,465.75,69.37,203.30,-1,-1,-1,-1
169,6,950.66,482.58,74.86,199.42,-1,-1,-1,-1
171,6,942.65,405.24,76.79,197.68,-1,-1,-1,-1
172,6,956.81,380.68,77.21,200.90,-1,-1,-1,-1
173,6,963.25,377.98,81.36,204.33,-1,-1,-1,-1
174,6,969.43,368.09,86.18,209.55,-1,-1,-1,-1
175,6,984.43,358.59,87.48,208.32,-1,-1,-1,-1
176,6,992.19,353.04,88.09,202.57,-1,-1,-1,-1
177,6,1003.67,344.13,81.89,204.05,-1,-1,-1,-1
178,6,1010.57,321.32,84.31,206.81,-1,-1,-1,-1
179,6,1018.76,313.59,83.06,204.63,-1,-1,-1,-1
180,6,1025.82,313.28,85.13,204.11,-1,-1,-1,-1
181,6,1034.92,297.57,83.33,207.82,-1,-1,-1,-1
182,6,1042.48,289.71,83.60,207.17,-1,-1,-1,-1
183,6,1049.78,280.63,84.81,206.17,-1,-1,-1,-1
184,6,1055.75,279.41,87.44,207.38,-1,-1,-1,-1
185,6,1060.12,258.07,94.08,207.44,-1,-1,-1,-1
186,6,1062.23,256.47,91.98,204.64,-1,-1,-1,-1
187,6,1070.12,248.58,91.57,203.05,-1,-1,-1,-1
188,6,1080.18,234.34,86.74,205.00,-1,-1,-1,-1
189,6,1081.38,223.38,86.51,205.69,-1,-1,-1,-1
190,6,1088.95,216.88,85.28,206.97,-1,-1,-1,-1
191,6,1089.83,217.07,85.31,204.49,-1,-1,-1,-1
192,6,1094.87,201.26,89.50,208.62,-1,-1,-1,-1
193,6,1102.41,198.09,89.35,208.43,-1,-1,-1,-1
194,6,1102.19,191.66,89.93,210.17,-1,-1,-1,-1
195,6,1102.46,176.45,89.59,209.59,-1,-1,-1,-1
196,6,1104.22,167.77,86.34,205.29,-1,-1,-1,-1
197,6,1103.28,167.26,89.18,206.11,-1,-1,-1,-1
198,6,1103.41,152.44,89.27,205.40,-1,-1,-1,-1
199,6,1105.90,144.86,84.31,205.92,-1,-1,-1,-1
200,6,1107.20,144.02,81.79,204.89,-1,-1,-1,-1
201,6,1107.96,129.15,79.44,205.96,-1,-1,-1,-1
202,6,1103.26,127.76,87.80,204.93,-1,-1,-1,-1
203,6,1103.84,120.28,86.60,205.34,-1,-1,-1,-1
204,6,1096.98,121.17,86.69,204.98,-1,-1,-1,-1
205,6,1098.00,113.04,82.92,205.22,-1,-1,-1,-1
206,6,1090.54,103.71,84.06,204.59,-1,-1,-1,-1
207,6,1090.65,95.98,81.66,205.93,-1,-1,-1,-1
208,6,1083.22,96.79,83.39,208.28,-1,-1,-1,-1
209,6,1079.74,89.00,86.78,204.10,-1,-1,-1,-1
210,6,1072.28,81.51,86.37,203.97,-1,-1,-1,-1
211,6,1066.29,78.78,85.06,207.65,-1,-1,-1,-1
212,6,1062.56,72.97,88.88,205.37,-1,-1,-1,-1
213,6,1056.27,78.24,86.34,207.59,-1,-1,-1,-1
214,6,1048.44,72.38,86.07,204.39,-1,-1,-1,-1
215,6,1042.15,57.81,83.16,206.48,-1,-1,-1,-1
216,6,1034.82,63.64,82.53,208.18,-1,-1,-1,-1
217,6,1025.59,58.17,84.07,205.96,-1,-1,-1,-1
218,6,1020.25,62.96,79.24,205.85,-1,-1,-1,-1
219,6,1008.18,47.54,86.11,206.49,-1,-1,-1,-1
220,6,1000.45,49.04,85.79,204.90,-1,-1,-1,-1
221,6,992.32,48.96,85.86,208.44,-1,-1,-1,-1
222,6,980.02,48.94,81.76,205.90,-1,-1,-1,-1
223,6,976.48,39.11,84.81,207.59,-1,-1,-1,-1
224,6,964.57,40.68,78.59,209.99,-1,-1,-1,-1
225,6,955.17,41.80,80.42,208.31,-1,-1,-1,-1
226,6,945.18,40.53,83.56,207.89,-1,-1,-1,-1
227,6,937.77,39.53,82.34,206.96,-1,-1,-1,-1
228,6,926.47,40.75,76.28,206.48,-1,-1,-1,-1
229,6,914.10,41.06,82.48,208.81,-1,-1,-1,-1
230,6,909.29,32.55,76.15,204.66,-1,-1,-1,-1
231,6,893.73,40.50,78.48,207.62,-1,-1,-1,-1
232,6,884.42,34.63,79.38,204.89,-1,-1,-1,-1
233,6,874.77,39.64,82.46,206.78,-1,-1,-1,-1
234,6,866.58,33.16,81.77,206.49,-1,-1,-1,-1
235,6,858.86,45.92,79.77,207.28,-1,-1,-1,-1
236,6,850.47,45.34,80.86,210.12,-1,-1,-1,-1
237,6,832.61,48.10,86.42,207.62,-1,-1,-1,-1
238,6,830.42,39.90,75.58,206.92,-1,-1,-1,-1
239,6,818.14,54.20,82.91,207.48,-1,-1,-1,-1
240,6,809.61,46.12,83.46,207.97,-1,-1,-1,-1
241,6,802.88,48.45,80.93,206.83,-1,-1,-1,-1
242,6,793.63,50.55,82.92,207.08,-1,-1,-1,-1
243,6,784.09,64.06,85.89,206.40,-1,-1,-1,-1
244,6,776.66,57.68,85.04,206.14,-1,-1,-1,-1
245,6,768.69,65.40,85.47,207.17,-1,-1,-1,-1
246,6,761.06,67.65,85.45,204.35,-1,-1,-1,-1
247,6,750.82,72.63,89.80,204.12,-1,-1,-1,-1
248,6,747.90,80.31,81.95,205.83,-1,-1,-1,-1
249,6,744.01,82.44,86.49,206.88,-1,-1,-1,-1
250,6,737.14,95.53,84.65,204.81,-1,-1,-1,-1
51,7,1020.49,323.78,78.28,201.05,-1,-1,-1,-1
52,7,1029.50,317.05,76.58,198.07,-1,-1,-1,-1
53,7,1035.19,317.33,80.73,197.49,-1,-1,-1,-1
56,7,1051.94,284.03,81.19,198.19,-1,-1,-1,-1
57,7,1059.57,268.23,81.56,198.97,-1,-1,-1,-1
58,7,1066.50,261.40,82.79,198.11,-1,-1,-1,-1
59,7,1076.05,261.32,80.15,196.12,-1,-1,-1,-1
60,7,1082.76,244.40,81.17,197.48,-1,-1,-1,-1
61,7,1091.22,244.73,80.29,195.78,-1,-1,-1,-1
62,7,1092.69,236.42,78.84,196.73,-1,-1,-1,-1
63,7,1099.85,221.64,79.28,199.02,-1,-1,-1,-1
64,7,1102.32,205.28,75.26,198.70,-1,-1,-1,-1
65,7,1110.36,195.66,73.31,203.39,-1,-1,-1,-1
66,7,1111.28,196.40,72.67,201.28,-1,-1,-1,-1
67,7,1111.71,185.91,72.94,202.07,-1,-1,-1,-1
68,7,1112.64,179.05,71.61,200.55,-1,-1,-1,-1
69,7,1112.43,163.77,72.59,201.06,-1,-1,-1,-1
70,7,1112.63,162.79,72.71,201.48,-1,-1,-1,-1
71,7,1112.98,162.36,71.10,200.23,-1,-1,-1,-1
72,7,1112.81,156.18,71.71,198.08,-1,-1,-1,-1
73,7,1111.52,146.79,74.24,200.03,-1,-1,-1,-1
74,7,1111.89,140.48,73.96,202.13,-1,-1,-1,-1
75,7,1111.56,139.56,73.67,198.98,-1,-1,-1,-1
76,7,1110.59,123.83,73.80,200.40,-1,-1,-1,-1
77,7,1110.91,116.15,73.90,201.31,-1,-1,-1,-1
78,7,1103.24,109.27,74.58,196.07,-1,-1,-1,-1
79,7,1101.90,100.76,74.30,197.88,-1,-1,-1,-1
80,7,1096.47,91.89,72.15,202.69,-1,-1,-1,-1
81,7,1094.23,98.84,74.22,200.55,-1,-1,-1,-1
82,7,1087.65,84.34,73.57,199.46,-1,-1,-1,-1
83,7,1080.48,82.55,72.45,200.18,-1,-1,-1,-1
84,7,1078.79,82.62,73.46,201.15,-1,-1,-1,-1
85,7,1070.36,77.54,75.21,198.01,-1,-1,-1,-1
86,7,1064.11,65.54,72.03,202.59,-1,-1,-1,-1
87,7,1054.59,67.26,75.92,198.94,-1,-1,-1,-1
88,7,1047.55,66.32,73.47,201.02,-1,-1,-1,-1
89,7,1039.55,60.15,74.36,199.31,-1,-1,-1,-1
90,7,1030.77,65.14,74.70,202.02,-1,-1,-1,-1
91,7,1030.72,58.71,73.11,200.46,-1,-1,-1,-1
92,7,1018.16,43.95,68.49,202.05,-1,-1,-1,-1
93,7,1013.36,51.42,75.47,203.08,-1,-1,-1,-1
94,7,1002.50,44.30,66.78,198.56,-1,-1,-1,-1
95,7,991.76,43.55,71.88,198.08,-1,-1,-1,-1
96,7,983.99,43.88,71.22,201.58,-1,-1,-1,-1
97,7,971.61,36.05,66.49,201.76,-1,-1,-1,-1
98,7,966.86,42.64,71.95,201.15,-1,-1,-1,-1
99,7,954.34,43.09,67.52,200.83,-1,-1,-1,-1
100,7,946.22,44.12,66.44,196.38,-1,-1,-1,-1
101,7,939.13,34.89,64.45,204.35,-1,-1,-1,-1
102,7,926.01,34.25,61.13,200.67,-1,-1,-1,-1
103,7,917.58,36.40,61.64,198.55,-1,-1,-1,-1
104,7,906.72,43.25,65.30,200.21,-1,-1,-1,-1
105,7,897.95,34.69,66.45,200.48,-1,-1,-1,-1
106,7,884.76,44.53,64.21,200.31,-1,-1,-1,-1
107,7,877.64,35.16,61.46,202.30,-1,-1,-1,-1
108,7,863.79,48.89,72.05,201.83,-1,-1,-1,-1
109,7,859.53,44.93,63.61,199.42,-1,-1,-1,-1
110,7,842.66,48.13,68.06,204.76,-1,-1,-1,-1
111,7,837.58,49.55,75.17,202.46,-1,-1,-1,-1
112,7,824.74,51.07,72.16,204.22,-1,-1,-1,-1
113,7,819.33,53.01,67.03,199.24,-1,-1,-1,-1
114,7,811.12,44.35,66.13,202.44,-1,-1,-1,-1
115,7,801.02,52.22,70.61,198.74,-1,-1,-1,-1
116,7,792.30,58.64,72.16,199.37,-1,-1,-1,-1
117,7,784.24,68.42,72.13,197.85,-1,-1,-1,-1
118,7,776.54,60.27,72.18,202.23,-1,-1,-1,-1
119,7,767.77,68.19,74.38,199.21,-1,-1,-1,-1
120,7,758.74,75.79,76.17,200.07,-1,-1,-1,-1
121,7,758.81,77.27,74.03,200.60,-1,-1,-1,-1
122,7,751.10,77.30,74.41,200.11,-1,-1,-1,-1
123,7,744.20,84.62,73.71,200.00,-1,-1,-1,-1
124,7,739.59,97.76,80.63,203.87,-1,-1,-1,-1
125,7,737.86,106.44,82.20,200.90,-1,-1,-1,-1
126,7,733.28,107.86,77.08,202.86,-1,-1,-1,-1
127,7,727.26,107.53,75.36,199.63,-1,-1,-1,-1
128,7,725.69,114.34,77.13,200.09,-1,-1,-1,-1
129,7,725.78,115.83,75.33,202.19,-1,-1,-1,-1
130,7,718.93,124.20,75.91,201.66,-1,-1,-1,-1
131,7,717.34,125.33,77.51,199.88,-1,-1,-1,-1
132,7,712.88,132.21,85.90,202.12,-1,-1,-1,-1
133,7,712.82,154.12,85.57,200.46,-1,-1,-1,-1
134,7,715.14,156.84,80.99,201.13,-1,-1,-1,-1
135,7,714.98,164.51,80.62,196.86,-1,-1,-1,-1
136,7,713.77,165.75,83.69,198.95,-1,-1,-1,-1
137,7,712.83,177.85,85.58,204.66,-1,-1,-1,-1
138,7,716.54,189.52,78.63,196.73,-1,-1,-1,-1
139,7,716.01,195.65,80.91,200.72,-1,-1,-1,-1
140,7,721.35,196.38,85.56,197.46,-1,-1,-1,-1
141,7,718.99,210.48,89.73,200.24,-1,-1,-1,-1
142,7,729.06,221.56,85.46,199.47,-1,-1,-1,-1
143,7,735.15,227.52,88.45,201.95,-1,-1,-1,-1
144,7,734.96,228.54,90.16,201.44,-1,-1,-1,-1
145,7,741.51,242.00,92.00,201.32,-1,-1,-1,-1
146,7,747.78,243.93,94.89,200.79,-1,-1,-1,-1
147,7,751.77,259.00,88.42,199.66,-1,-1,-1,-1
148,7,759.95,267.53,88.38,197.81,-1,-1,-1,-1
149,7,771.87,290.70,79.19,200.01,-1,-1,-1,-1
151,7,787.14,301.73,81.25,195.42,-1,-1,-1,-1
152,7,792.78,308.65,85.88,197.99,-1,-1,-1,-1
153,7,800.01,324.69,73.34,196.29,-1,-1,-1,-1
155,7,823.27,333.59,72.08,196.61,-1,-1,-1,-1
157,7,840.76,356.89,70.32,197.13,-1,-1,-1,-1
159,7,858.91,390.13,67.34,193.75,-1,-1,-1,-1
160,7,877.51,391.24,59.52,191.10,-1,-1,-1,-1
161,7,882.24,396.83,67.42,197.72,-1,-1,-1,-1
162,7,892.95,404.37,61.89,197.10,-1,-1,-1,-1
163,7,902.97,420.13,58.91,198.32,-1,-1,-1,-1
166,7,927.50,448.25,72.56,204.79,-1,-1,-1,-1
170,7,956.83,492.00,77.27,198.11,-1,-1,-1,-1
171,7,965.56,500.46,78.08,196.83,-1,-1,-1,-1
172,7,985.77,509.53,68.03,199.15,-1,-1,-1,-1
173,7,1001.90,517.82,65.97,197.79,-1,-1,-1,-1
174,7,1008.88,516.91,69.65,201.13,-1,-1,-1,-1
175,7,1021.68,539.78,59.97,201.46,-1,-1,-1,-1
176,7,1029.72,542.95,62.33,195.53,-1,-1,-1,-1
177,7,1041.34,564.83,53.35,193.99,-1,-1,-1,-1
178,7,1045.42,563.84,61.55,199.21,-1,-1,-1,-1
179,7,1052.14,578.33,63.12,199.36,-1,-1,-1,-1
180,7,1064.14,579.66,54.35,200.19,-1,-1,-1,-1
181,7,1069.48,596.74,59.84,198.76,-1,-1,-1,-1
182,7,1078.07,596.11,58.10,201.76,-1,-1,-1,-1
183,7,1080.89,604.30,67.95,201.18,-1,-1,-1,-1
184,7,1087.58,617.49,57.54,201.54,-1,-1,-1,-1
185,7,1092.93,627.87,60.18,200.82,-1,-1,-1,-1
186,7,1096.42,634.75,58.06,201.87,-1,-1,-1,-1
187,7,1102.83,642.97,58.33,198.71,-1,-1,-1,-1
188,7,1106.93,643.90,63.50,202.16,-1,-1,-1,-1
189,7,1109.70,659.99,60.65,200.90,-1,-1,-1,-1
193,7,1121.97,691.06,53.99,197.79,-1,-1,-1,-1
201,7,1120.42,747.75,55.47,199.13,-1,-1,-1,-1
202,7,1118.36,756.18,57.61,199.22,-1,-1,-1,-1
203,7,1112.93,757.65,55.56,198.25,-1,-1,-1,-1
204,7,1111.67,765.26,56.03,197.20,-1,-1,-1,-1
207,7,1096.87,779.73,55.70,197.81,-1,-1,-1,-1
208,7,1089.01,788.54,55.93,194.85,-1,-1,-1,-1
209,7,1088.17,789.36,53.74,197.03,-1,-1,-1,-1
210,7,1078.82,804.54,57.75,197.03,-1,-1,-1,-1
211,7,1070.19,804.50,60.08,199.77,-1,-1,-1,-1
212,7,1062.57,813.38,60.48,195.72,-1,-1,-1,-1
213,7,1055.18,814.14,60.26,197.90,-1,-1,-1,-1
214,7,1049.15,813.89,55.52,193.28,-1,-1,-1,-1
216,7,1030.83,813.54,60.39,197.95,-1,-1,-1,-1
217,7,1025.71,820.95,55.03,198.37,-1,-1,-1,-1
218,7,1015.82,829.30,57.66,194.01,-1,-1,-1,-1
219,7,1007.38,828.87,57.16,196.64,-1,-1,-1,-1
220,7,993.52,828.90,68.37,198.05,-1,-1,-1,-1
221,7,988.28,836.12,62.10,199.93,-1,-1,-1,-1
223,7,965.77,828.80,61.96,200.17,-1,-1,-1,-1
224,7,958.83,842.32,60.00,199.57,-1,-1,-1,-1
225,7,950.92,844.55,57.52,195.28,-1,-1,-1,-1
226,7,941.44,843.18,59.33,197.72,-1,-1,-1,-1
227,7,927.89,836.44,58.53,199.95,-1,-1,-1,-1
228,7,917.80,836.27,61.57,198.63,-1,-1,-1,-1
229,7,911.11,834.77,57.50,199.16,-1,-1,-1,-1
230,7,901.64,828.69,59.08,198.31,-1,-1,-1,-1
231,7,892.75,836.80,60.73,199.70,-1,-1,-1,-1
232,7,879.27,842.69,59.61,198.65,-1,-1,-1,-1
233,7,867.42,835.92,65.53,197.65,-1,-1,-1,-1
234,7,864.38,828.95,55.71,197.44,-1,-1,-1,-1
235,7,853.98,828.22,59.12,199.42,-1,-1,-1,-1
236,7,841.84,820.19,55.15,199.84,-1,-1,-1,-1
237,7,831.45,828.59,59.78,195.88,-1,-1,-1,-1
238,7,822.84,821.48,60.90,198.82,-1,-1,-1,-1
240,7,803.69,820.82,65.40,196.61,-1,-1,-1,-1
241,7,797.65,820.28,61.38,196.55,-1,-1,-1,-1
243,7,783.18,811.41,59.40,198.09,-1,-1,-1,-1
244,7,774.13,803.07,62.45,202.98,-1,-1,-1,-1
246,7,767.69,787.83,56.04,200.16,-1,-1,-1,-1
247,7,757.13,796.84,61.28,196.47,-1,-1,-1,-1
62,8,762.39,625.32,66.21,203.77,-1,-1,-1,-1
63,8,767.63,610.19,70.17,202.98,-1,-1,-1,-1
64,8,778.27,610.89,63.36,200.65,-1,-1,-1,-1
65,8,780.87,598.56,63.77,210.78,-1,-1,-1,-1
66,8,787.05,577.70,68.84,206.85,-1,-1,-1,-1
67,8,795.44,578.11,65.17,202.09,-1,-1,-1,-1
68,8,806.19,571.23,61.37,201.84,-1,-1,-1,-1
70,8,818.48,554.41,69.35,202.99,-1,-1,-1,-1
71,8,829.40,547.79,62.41,199.86,-1,-1,-1,-1
72,8,843.49,535.40,62.71,208.25,-1,-1,-1,-1
73,8,834.75,486.84,82.14,242.66,-1,-1,-1,-1
74,8,851.89,495.38,79.25,211.43,-1,-1,-1,-1
75,8,861.50,499.26,76.91,199.71,-1,-1,-1,-1
76,8,871.18,488.64,73.43,204.53,-1,-1,-1,-1
77,8,875.98,486.54,81.90,197.43,-1,-1,-1,-1
78,8,883.97,486.86,81.39,192.63,-1,-1,-1,-1
79,8,901.61,464.51,73.83,206.86,-1,-1,-1,-1
80,8,908.23,447.72,79.89,207.23,-1,-1,-1,-1
81,8,922.10,429.33,70.16,214.13,-1,-1,-1,-1
168,8,924.91,428.37,61.28,199.44,-1,-1,-1,-1
170,8,937.49,415.40,70.74,192.57,-1,-1,-1,-1
209,8,951.37,463.82,72.15,205.81,-1,-1,-1,-1
210,8,956.22,476.16,79.71,199.75,-1,-1,-1,-1
211,8,967.51,484.99,74.26,198.60,-1,-1,-1,-1
212,8,979.40,501.05,77.86,199.60,-1,-1,-1,-1
213,8,991.26,516.40,71.34,199.41,-1,-1,-1,-1
214,8,1001.16,515.98,68.71,199.74,-1,-1,-1,-1
215,8,1009.05,524.12,71.88,200.04,-1,-1,-1,-1
217,8,1033.18,560.73,66.28,192.16,-1,-1,-1,-1
219,8,1049.76,571.01,65.07,202.39,-1,-1,-1,-1
220,8,1050.36,579.82,69.58,201.91,-1,-1,-1,-1
221,8,1062.01,586.37,62.80,202.78,-1,-1,-1,-1
222,8,1069.52,595.88,62.63,201.32,-1,-1,-1,-1
223,8,1072.86,611.84,71.09,201.63,-1,-1,-1,-1
224,8,1080.84,612.31,68.64,199.18,-1,-1,-1,-1
228,8,1099.67,648.59,67.52,204.79,-1,-1,-1,-1
229,8,1107.59,657.74,66.89,202.51,-1,-1,-1,-1
230,8,1113.56,660.97,66.59,198.29,-1,-1,-1,-1
94,9,1016.02,540.25,85.12,201.59,-1,-1,-1,-1
95,9,1021.56,561.42,90.48,204.98,-1,-1,-1,-1
96,9,1028.86,571.28,89.16,202.97,-1,-1,-1,-1
97,9,1038.51,582.47,86.38,209.78,-1,-1,-1,-1
98,9,1046.04,585.02,86.79,205.10,-1,-1,-1,-1
99,9,1053.41,601.34,88.89,203.10,-1,-1,-1,-1
100,9,1057.92,610.05,87.94,202.76,-1,-1,-1,-1
101,9,1065.12,610.63,87.22,203.61,-1,-1,-1,-1
102,9,1076.13,621.34,80.11,200.37,-1,-1,-1,-1
103,9,1074.41,634.38,86.67,202.41,-1,-1,-1,-1
104,9,1081.85,634.27,87.61,202.91,-1,-1,-1,-1
105,9,1090.56,642.64,82.51,204.61,-1,-1,-1,-1
106,9,1092.28,651.58,82.56,200.69,-1,-1,-1,-1
107,9,1097.35,665.61,83.17,201.76,-1,-1,-1,-1
108,9,1099.35,674.36,83.99,199.96,-1,-1,-1,-1
109,9,1107.32,692.07,79.74,196.92,-1,-1,-1,-1
110,9,1107.12,693.86,81.88,193.51,-1,-1,-1,-1
111,9,1108.92,698.64,80.59,200.46,-1,-1,-1,-1
113,9,1108.79,707.22,83.22,201.71,-1,-1,-1,-1
116,9,1108.79,733.53,81.97,197.19,-1,-1,-1,-1
119,9,1108.26,763.68,78.98,198.00,-1,-1,-1,-1
120,9,1106.17,757.46,80.10,199.70,-1,-1,-1,-1
122,9,1098.29,771.97,81.54,199.00,-1,-1,-1,-1
123,9,1093.45,781.26,79.70,199.32,-1,-1,-1,-1
124,9,1089.26,781.15,82.69,199.69,-1,-1,-1,-1
125,9,1085.16,794.36,79.44,200.76,-1,-1,-1,-1
126,9,1077.48,796.00,80.99,201.47,-1,-1,-1,-1
127,9,1069.91,796.00,88.64,203.00,-1,-1,-1,-1
128,9,1066.80,795.51,83.53,199.43,-1,-1,-1,-1
129,9,1062.41,803.61,76.87,202.34,-1,-1,-1,-1
130,9,1055.93,815.42,73.85,196.45,-1,-1,-1,-1
131,9,1044.83,814.47,80.31,195.72,-1,-1,-1,-1
132,9,1038.88,821.58,76.75,196.62,-1,-1,-1,-1
133,9,1028.96,822.13,80.86,192.87,-1,-1,-1,-1
134,9,1022.18,820.82,78.31,198.58,-1,-1,-1,-1
135,9,1010.72,828.68,84.56,197.68,-1,-1,-1,-1
136,9,1004.02,827.33,81.89,199.84,-1,-1,-1,-1
137,9,995.64,829.28,82.20,199.88,-1,-1,-1,-1
138,9,987.69,830.60,79.95,197.40,-1,-1,-1,-1
139,9,976.81,829.34,84.37,198.22,-1,-1,-1,-1
140,9,970.21,829.04,80.78,197.78,-1,-1,-1,-1
141,9,958.02,835.31,78.68,198.12,-1,-1,-1,-1
142,9,948.36,844.64,81.14,198.33,-1,-1,-1,-1
143,9,940.86,845.70,78.92,196.62,-1,-1,-1,-1
144,9,930.92,836.69,81.28,198.49,-1,-1,-1,-1
145,9,916.13,843.67,82.56,199.60,-1,-1,-1,-1
146,9,910.02,836.88,77.98,199.20,-1,-1,-1,-1
147,9,897.25,834.55,85.19,201.88,-1,-1,-1,-1
148,9,889.81,835.67,82.24,198.73,-1,-1,-1,-1
149,9,876.10,835.61,83.29,202.99,-1,-1,-1,-1
150,9,870.12,835.30,78.94,200.66,-1,-1,-1,-1
151,9,860.47,836.09,79.20,199.67,-1,-1,-1,-1
152,9,849.57,828.65,82.78,200.27,-1,-1,-1,-1
153,9,843.33,828.10,78.80,199.46,-1,-1,-1,-1
154,9,833.92,835.67,81.46,198.60,-1,-1,-1,-1
155,9,822.51,820.38,78.28,200.16,-1,-1,-1,-1
156,9,813.99,826.99,77.76,198.55,-1,-1,-1,-1
157,9,802.78,828.94,83.86,199.70,-1,-1,-1,-1
158,9,796.76,821.26,79.88,195.38,-1,-1,-1,-1
160,9,780.33,813.56,81.27,197.14,-1,-1,-1,-1
161,9,773.08,805.57,80.70,197.87,-1,-1,-1,-1
162,9,764.59,812.21,82.14,198.01,-1,-1,-1,-1
164,9,752.04,804.29,86.40,197.28,-1,-1,-1,-1
165,9,746.97,795.39,82.59,199.17,-1,-1,-1,-1
166,9,739.87,781.80,82.67,198.47,-1,-1,-1,-1
167,9,736.74,779.65,84.32,200.17,-1,-1,-1,-1
168,9,733.97,779.53,77.66,199.41,-1,-1,-1,-1
169,9,728.81,773.33,82.68,196.66,-1,-1,-1,-1
170,9,724.25,766.79,81.03,196.26,-1,-1,-1,-1
171,9,722.29,765.42,81.36,198.46,-1,-1,-1,-1
173,9,717.77,749.77,78.25,196.11,-1,-1,-1,-1
174,9,715.97,750.71,79.18,194.97,-1,-1,-1,-1
175,9,714.21,732.58,80.66,198.24,-1,-1,-1,-1
176,9,714.71,733.52,79.53,194.89,-1,-1,-1,-1
179,9,717.39,709.29,77.38,199.00,-1,-1,-1,-1
180,9,717.76,702.54,76.62,197.93,-1,-1,-1,-1
181,9,717.33,700.47,79.92,198.10,-1,-1,-1,-1
183,9,721.44,682.82,84.12,199.71,-1,-1,-1,-1
184,9,724.37,667.58,83.01,201.62,-1,-1,-1,-1
185,9,729.54,666.53,82.12,200.54,-1,-1,-1,-1
186,9,738.30,653.34,80.00,199.51,-1,-1,-1,-1
187,9,741.96,648.96,76.85,203.92,-1,-1,-1,-1
188,9,747.71,634.16,78.57,202.81,-1,-1,-1,-1
189,9,746.14,619.74,86.87,201.16,-1,-1,-1,-1
190,9,754.03,610.42,83.66,202.20,-1,-1,-1,-1
191,9,759.94,610.37,86.47,200.61,-1,-1,-1,-1
192,9,768.08,599.42,83.75,206.54,-1,-1,-1,-1
193,9,769.67,593.36,88.66,203.77,-1,-1,-1,-1
194,9,782.69,574.63,85.63,198.53,-1,-1,-1,-1
195,9,790.03,561.03,86.23,205.40,-1,-1,-1,-1
196,9,798.03,556.63,86.39,201.85,-1,-1,-1,-1
98,10,1060.36,262.90,96.13,211.42,-1,-1,-1,-1
102,10,1084.07,241.74,96.80,205.77,-1,-1,-1,-1
103,10,1092.79,232.76,92.79,206.54,-1,-1,-1,-1
104,10,1090.88,215.95,99.89,208.17,-1,-1,-1,-1
105,10,1100.39,208.00,94.13,209.11,-1,-1,-1,-1
106,10,1102.19,196.82,91.82,212.92,-1,-1,-1,-1
107,10,1109.35,189.81,91.16,210.77,-1,-1,-1,-1
108,10,1112.37,195.35,85.68,202.29,-1,-1,-1,-1
109,10,1110.26,180.38,91.78,214.08,-1,-1,-1,-1
110,10,1113.63,178.71,86.00,203.54,-1,-1,-1,-1
111,10,1113.47,160.43,87.32,207.88,-1,-1,-1,-1
112,10,1114.00,157.84,85.96,210.43,-1,-1,-1,-1
113,10,1114.82,159.26,84.58,207.85,-1,-1,-1,-1
114,10,1114.69,152.44,84.62,206.38,-1,-1,-1,-1
115,10,1111.70,146.83,90.52,203.95,-1,-1,-1,-1
116,10,1110.72,136.32,91.11,207.83,-1,-1,-1,-1
124,10,1080.92,87.88,87.63,207.00,-1,-1,-1,-1
125,10,1072.99,78.56,87.31,210.19,-1,-1,-1,-1
126,10,1069.96,72.81,91.97,206.17,-1,-1,-1,-1
127,10,1063.91,66.98,88.24,202.66,-1,-1,-1,-1
129,10,1048.45,67.22,88.76,202.84,-1,-1,-1,-1
130,10,1042.31,62.75,84.68,208.80,-1,-1,-1,-1
131,10,1032.96,66.68,87.81,202.43,-1,-1,-1,-1
133,10,1018.81,56.36,82.27,206.02,-1,-1,-1,-1
140,10,952.68,48.43,86.81,206.97,-1,-1,-1,-1
141,10,946.35,43.49,82.61,203.11,-1,-1,-1,-1
143,10,922.20,47.47,85.29,207.14,-1,-1,-1,-1
157,10,791.06,58.27,89.96,203.04,-1,-1,-1,-1
159,10,774.97,66.40,91.04,202.88,-1,-1,-1,-1
161,10,758.03,78.81,93.44,208.57,-1,-1,-1,-1
163,10,750.87,86.37,90.22,209.45,-1,-1,-1,-1
164,10,741.66,90.50,93.98,204.61,-1,-1,-1,-1
167,10,730.84,112.84,96.58,206.85,-1,-1,-1,-1
175,10,717.74,155.04,91.83,216.61,-1,-1,-1,-1
178,10,717.83,170.35,92.58,218.35,-1,-1,-1,-1
179,10,717.69,178.29,93.46,219.48,-1,-1,-1,-1
180,10,723.29,188.33,96.09,214.73,-1,-1,-1,-1
181,10,723.93,198.31,95.26,211.14,-1,-1,-1,-1
182,10,730.16,205.09,97.61,211.86,-1,-1,-1,-1
183,10,731.28,209.47,96.98,205.71,-1,-1,-1,-1
186,10,743.86,247.28,103.13,208.43,-1,-1,-1,-1
187,10,748.47,252.37,95.46,200.48,-1,-1,-1,-1
189,10,762.42,265.26,99.07,205.79,-1,-1,-1,-1
117,11,824.26,528.36,104.36,206.84,-1,-1,-1,-1
118,11,843.16,534.19,95.94,194.89,-1,-1,-1,-1
119,11,852.11,541.67,93.89,180.93,-1,-1,-1,-1
120,11,856.72,526.65,100.71,178.65,-1,-1,-1,-1
129,11,970.97,483.27,81.58,201.10,-1,-1,-1,-1
130,11,979.50,500.03,82.73,202.62,-1,-1,-1,-1
131,11,986.00,512.09,86.54,205.17,-1,-1,-1,-1
132,11,992.02,514.91,90.44,203.00,-1,-1,-1,-1
133,11,1008.42,523.52,85.34,204.39,-1,-1,-1,-1
134,11,1016.71,539.23,85.21,203.09,-1,-1,-1,-1
135,11,1024.83,538.27,85.83,205.83,-1,-1,-1,-1
136,11,1035.53,556.21,82.14,201.85,-1,-1,-1,-1
137,11,1043.02,568.62,83.40,205.16,-1,-1,-1,-1
138,11,1051.64,571.27,82.31,203.55,-1,-1,-1,-1
139,11,1057.39,578.95,84.78,199.60,-1,-1,-1,-1
140,11,1067.70,593.22,78.31,205.07,-1,-1,-1,-1
141,11,1072.86,609.98,84.31,200.33,-1,-1,-1,-1
142,11,1075.50,618.20,84.30,201.63,-1,-1,-1,-1
143,11,1085.08,621.18,79.97,199.41,-1,-1,-1,-1
144,11,1092.08,628.95,78.26,199.67,-1,-1,-1,-1
145,11,1098.39,637.48,79.56,200.38,-1,-1,-1,-1
146,11,1100.89,642.64,79.18,199.88,-1,-1,-1,-1
147,11,1107.75,658.78,78.50,200.56,-1,-1,-1,-1
148,11,1107.33,660.14,83.12,197.07,-1,-1,-1,-1
149,11,1111.46,675.33,77.25,200.76,-1,-1,-1,-1
150,11,1116.65,681.41,78.77,202.02,-1,-1,-1,-1
151,11,1117.77,685.90,79.27,199.60,-1,-1,-1,-1
152,11,1121.51,699.64,73.06,198.74,-1,-1,-1,-1
153,11,1125.33,700.55,74.66,198.07,-1,-1,-1,-1
154,11,1124.77,707.21,76.09,197.60,-1,-1,-1,-1
155,11,1124.04,717.56,79.93,198.87,-1,-1,-1,-1
156,11,1125.71,723.02,74.72,198.14,-1,-1,-1,-1
157,11,1124.87,739.04,76.25,199.72,-1,-1,-1,-1
158,11,1123.18,739.93,79.80,197.25,-1,-1,-1,-1
159,11,1118.44,748.29,78.37,201.10,-1,-1,-1,-1
160,11,1118.70,749.97,76.94,198.60,-1,-1,-1,-1
161,11,1116.27,765.24,77.78,198.93,-1,-1,-1,-1
162,11,1109.47,765.45,80.05,198.50,-1,-1,-1,-1
163,11,1110.54,779.20,75.64,198.64,-1,-1,-1,-1
164,11,1103.41,778.63,76.11,200.32,-1,-1,-1,-1
165,11,1101.63,778.56,75.72,200.62,-1,-1,-1,-1
166,11,1094.41,779.65,77.38,200.28,-1,-1,-1,-1
167,11,1088.04,794.75,75.72,202.50,-1,-1,-1,-1
168,11,1083.68,796.58,78.62,199.15,-1,-1,-1,-1
169,11,1078.59,795.15,76.36,201.11,-1,-1,-1,-1
170,11,1069.02,795.69,79.67,204.03,-1,-1,-1,-1
171,11,1061.75,810.81,79.38,199.03,-1,-1,-1,-1
172,11,1059.85,811.40,78.40,200.83,-1,-1,-1,-1
173,11,1049.05,812.90,82.89,201.58,-1,-1,-1,-1
174,11,1042.90,818.95,80.10,200.49,-1,-1,-1,-1
175,11,1034.70,821.45,78.50,200.21,-1,-1,-1,-1
176,11,1023.27,819.30,76.06,201.08,-1,-1,-1,-1
177,11,1013.89,829.04,78.06,201.35,-1,-1,-1,-1
178,11,1006.37,828.75,76.89,200.49,-1,-1,-1,-1
179,11,996.11,833.60,80.47,201.53,-1,-1,-1,-1
180,11,987.59,826.03,80.11,203.32,-1,-1,-1,-1
181,11,978.85,833.35,81.30,202.35,-1,-1,-1,-1
182,11,968.99,841.14,82.91,203.51,-1,-1,-1,-1
183,11,959.01,834.21,76.41,202.65,-1,-1,-1,-1
184,11,948.75,840.67,79.62,203.19,-1,-1,-1,-1
185,11,938.71,841.90,82.53,203.16,-1,-1,-1,-1
186,11,930.02,832.81,82.63,203.09,-1,-1,-1,-1
187,11,914.15,828.01,86.77,204.15,-1,-1,-1,-1
188,11,908.28,834.30,80.28,204.93,-1,-1,-1,-1
189,11,898.05,827.37,84.22,204.65,-1,-1,-1,-1
190,11,888.32,833.42,84.43,208.64,-1,-1,-1,-1
191,11,884.08,827.74,76.05,204.91,-1,-1,-1,-1
192,11,867.23,834.10,83.65,199.38,-1,-1,-1,-1
193,11,859.36,834.11,80.78,201.09,-1,-1,-1,-1
194,11,853.26,833.42,77.06,202.71,-1,-1,-1,-1
195,11,843.88,824.85,78.83,205.84,-1,-1,-1,-1
196,11,834.30,819.34,82.43,203.97,-1,-1,-1,-1
197,11,825.62,824.39,80.99,203.21,-1,-1,-1,-1
198,11,813.47,824.41,80.16,203.82,-1,-1,-1,-1
199,11,803.49,812.72,83.82,201.82,-1,-1,-1,-1
200,11,799.56,811.71,75.13,200.39,-1,-1,-1,-1
201,11,787.08,809.27,83.89,202.05,-1,-1,-1,-1
202,11,785.93,809.66,81.55,205.08,-1,-1,-1,-1
203,11,778.64,795.66,79.22,203.93,-1,-1,-1,-1
204,11,770.72,795.44,80.80,201.99,-1,-1,-1,-1
205,11,763.15,795.91,81.46,200.41,-1,-1,-1,-1
206,11,757.08,788.67,79.26,198.67,-1,-1,-1,-1
207,11,756.93,780.83,75.80,200.51,-1,-1,-1,-1
208,11,750.18,781.58,75.85,197.52,-1,-1,-1,-1
209,11,742.71,780.86,77.87,197.78,-1,-1,-1,-1
210,11,740.97,771.73,76.92,202.61,-1,-1,-1,-1
211,11,735.07,765.43,76.70,198.23,-1,-1,-1,-1
212,11,733.99,763.92,76.16,197.37,-1,-1,-1,-1
213,11,731.98,755.88,77.35,197.52,-1,-1,-1,-1
214,11,726.29,742.25,78.27,197.48,-1,-1,-1,-1
215,11,726.39,742.27,76.74,195.06,-1,-1,-1,-1
216,11,725.86,734.48,77.15,197.46,-1,-1,-1,-1
217,11,725.95,726.65,77.02,194.34,-1,-1,-1,-1
218,11,725.15,727.00,78.72,197.03,-1,-1,-1,-1
219,11,725.83,718.84,78.13,197.58,-1,-1,-1,-1
220,11,728.17,709.97,73.46,196.20,-1,-1,-1,-1
221,11,726.49,698.85,77.62,199.56,-1,-1,-1,-1
222,11,732.29,687.33,75.45,196.59,-1,-1,-1,-1
223,11,733.40,686.20,74.89,196.85,-1,-1,-1,-1
224,11,733.00,682.07,78.86,200.56,-1,-1,-1,-1
225,11,740.07,674.61,76.09,198.47,-1,-1,-1,-1
226,11,742.74,667.08,74.69,198.22,-1,-1,-1,-1
227,11,746.72,643.14,80.04,200.37,-1,-1,-1,-1
228,11,750.83,642.67,75.61,202.82,-1,-1,-1,-1
229,11,756.63,627.51,78.03,200.21,-1,-1,-1,-1
230,11,762.50,627.19,78.99,200.52,-1,-1,-1,-1
231,11,764.86,612.00,80.63,200.72,-1,-1,-1,-1
232,11,770.68,606.06,84.07,199.93,-1,-1,-1,-1
233,11,780.55,595.48,78.30,203.38,-1,-1,-1,-1
234,11,787.01,579.85,80.94,200.46,-1,-1,-1,-1
235,11,795.00,577.21,79.20,202.73,-1,-1,-1,-1
236,11,801.73,567.68,82.62,206.06,-1,-1,-1,-1
237,11,811.23,561.65,78.23,203.74,-1,-1,-1,-1
238,11,819.12,554.34,81.10,202.36,-1,-1,-1,-1
239,11,826.85,544.77,80.91,204.36,-1,-1,-1,-1
240,11,834.48,532.20,82.79,213.66,-1,-1,-1,-1
241,11,842.52,521.06,82.59,205.35,-1,-1,-1,-1
242,11,849.71,503.22,85.29,206.04,-1,-1,-1,-1
243,11,856.87,497.61,88.78,207.04,-1,-1,-1,-1
244,11,864.64,494.58,89.54,208.22,-1,-1,-1,-1
245,11,880.49,478.90,87.13,207.08,-1,-1,-1,-1
246,11,891.06,476.08,82.55,201.21,-1,-1,-1,-1
247,11,896.63,463.52,88.87,205.49,-1,-1,-1,-1
248,11,911.75,445.60,86.57,210.50,-1,-1,-1,-1
249,11,920.62,439.92,85.89,206.83,-1,-1,-1,-1
250,11,929.51,422.88,86.35,206.49,-1,-1,-1,-1
