2,1,925.42,420.25,93.59,229.10,-1,-1,-1,-1
3,1,934.21,413.10,93.31,230.39,-1,-1,-1,-1
4,1,942.47,403.89,92.17,262.07,-1,-1,-1,-1
6,1,962.63,518.99,97.57,163.84,-1,-1,-1,-1
7,1,973.45,372.30,93.61,201.57,-1,-1,-1,-1
8,1,987.56,353.58,92.85,218.95,-1,-1,-1,-1
9,1,989.76,350.62,95.12,227.25,-1,-1,-1,-1
10,1,1003.99,338.33,93.74,235.23,-1,-1,-1,-1
11,1,1011.49,319.71,94.29,256.22,-1,-1,-1,-1
12,1,1018.50,312.97,96.89,270.40,-1,-1,-1,-1
13,1,1026.46,317.04,96.10,276.79,-1,-1,-1,-1
15,1,1043.17,287.08,94.54,207.54,-1,-1,-1,-1
16,1,1049.72,275.51,98.12,202.94,-1,-1,-1,-1
17,1,1050.38,277.61,99.96,211.27,-1,-1,-1,-1
18,1,1059.57,262.15,97.53,209.48,-1,-1,-1,-1
19,1,1067.51,259.21,95.96,204.48,-1,-1,-1,-1
20,1,1074.20,241.85,96.20,204.84,-1,-1,-1,-1
21,1,1075.58,242.22,98.89,205.90,-1,-1,-1,-1
22,1,1082.49,222.70,97.46,209.21,-1,-1,-1,-1
23,1,1084.39,217.12,97.53,208.31,-1,-1,-1,-1
24,1,1089.79,215.41,98.30,206.46,-1,-1,-1,-1
25,1,1091.95,206.60,97.49,208.42,-1,-1,-1,-1
26,1,1099.05,193.89,95.32,206.65,-1,-1,-1,-1
27,1,1099.88,190.03,94.49,208.40,-1,-1,-1,-1
28,1,1102.46,177.84,92.09,206.76,-1,-1,-1,-1
29,1,1101.79,176.06,94.56,208.50,-1,-1,-1,-1
30,1,1100.62,163.50,96.71,216.36,-1,-1,-1,-1
31,1,1100.65,150.41,96.48,210.72,-1,-1,-1,-1
32,1,1100.91,156.61,96.26,211.98,-1,-1,-1,-1
33,1,1101.64,137.53,94.70,207.89,-1,-1,-1,-1
34,1,1101.56,142.76,95.00,208.66,-1,-1,-1,-1
35,1,1100.71,127.76,94.23,209.38,-1,-1,-1,-1
36,1,1100.37,121.19,93.20,205.29,-1,-1,-1,-1
37,1,1094.06,118.05,94.85,208.71,-1,-1,-1,-1
38,1,1093.03,119.04,93.83,206.81,-1,-1,-1,-1
39,1,1094.12,106.14,88.17,204.55,-1,-1,-1,-1
40,1,1086.15,99.32,91.30,215.09,-1,-1,-1,-1
41,1,1083.25,105.20,92.52,205.83,-1,-1,-1,-1
42,1,1078.87,96.03,89.58,208.00,-1,-1,-1,-1
43,1,1072.99,81.59,88.49,206.28,-1,-1,-1,-1
44,1,1068.70,77.19,90.45,210.78,-1,-1,-1,-1
45,1,1061.89,74.93,90.29,204.10,-1,-1,-1,-1
46,1,1055.12,72.33,89.20,207.95,-1,-1,-1,-1
47,1,1047.61,69.80,89.28,209.26,-1,-1,-1,-1
48,1,1038.68,71.98,91.15,208.61,-1,-1,-1,-1
49,1,1031.29,55.91,90.91,209.31,-1,-1,-1,-1
50,1,1022.44,55.88,92.26,208.18,-1,-1,-1,-1
51,1,1017.73,48.92,86.40,206.93,-1,-1,-1,-1
52,1,1010.33,49.80,84.52,204.08,-1,-1,-1,-1
53,1,998.08,53.85,90.76,208.83,-1,-1,-1,-1
54,1,990.23,57.14,89.71,204.17,-1,-1,-1,-1
55,1,984.48,40.83,84.83,205.84,-1,-1,-1,-1
56,1,975.73,45.58,85.12,199.73,-1,-1,-1,-1
57,1,966.61,49.20,86.04,203.28,-1,-1,-1,-1
58,1,953.65,47.24,85.67,206.41,-1,-1,-1,-1
59,1,945.91,42.11,83.81,202.93,-1,-1,-1,-1
60,1,936.94,45.79,84.17,199.47,-1,-1,-1,-1
61,1,926.26,39.66,87.24,205.59,-1,-1,-1,-1
62,1,913.51,34.09,87.16,204.36,-1,-1,-1,-1
63,1,902.98,40.34,90.36,206.38,-1,-1,-1,-1
64,1,895.34,42.39,86.33,203.36,-1,-1,-1,-1
65,1,881.23,45.84,88.22,209.75,-1,-1,-1,-1
66,1,872.93,34.40,88.76,203.71,-1,-1,-1,-1
67,1,864.03,40.20,88.72,205.61,-1,-1,-1,-1
68,1,855.05,49.72,87.94,204.99,-1,-1,-1,-1
69,1,847.31,52.37,86.40,200.99,-1,-1,-1,-1
71,1,825.61,42.71,88.21,204.46,-1,-1,-1,-1
72,1,815.99,52.67,89.30,211.44,-1,-1,-1,-1
73,1,807.31,58.62,90.26,203.67,-1,-1,-1,-1
74,1,799.69,55.88,88.13,206.53,-1,-1,-1,-1
75,1,789.22,58.27,92.07,216.74,-1,-1,-1,-1
76,1,782.68,58.04,89.59,205.03,-1,-1,-1,-1
77,1,774.67,57.66,89.90,206.00,-1,-1,-1,-1
78,1,766.76,75.56,89.96,201.58,-1,-1,-1,-1
79,1,759.98,74.56,89.90,203.73,-1,-1,-1,-1
80,1,751.45,81.63,91.66,202.96,-1,-1,-1,-1
81,1,747.88,83.85,93.23,201.17,-1,-1,-1,-1
82,1,741.14,90.90,91.57,203.28,-1,-1,-1,-1
83,1,732.83,92.77,94.58,211.72,-1,-1,-1,-1
84,1,731.71,99.17,92.54,202.70,-1,-1,-1,-1
85,1,726.94,97.24,90.55,205.78,-1,-1,-1,-1
86,1,718.12,110.92,94.77,207.99,-1,-1,-1,-1
87,1,716.97,110.78,93.26,207.30,-1,-1,-1,-1
88,1,716.87,112.24,91.49,206.42,-1,-1,-1,-1
89,1,710.05,121.07,94.81,204.70,-1,-1,-1,-1
90,1,709.79,124.37,92.79,202.14,-1,-1,-1,-1
91,1,707.34,133.65,95.67,209.17,-1,-1,-1,-1
92,1,707.74,144.55,93.20,208.17,-1,-1,-1,-1
93,1,707.40,153.95,93.43,206.79,-1,-1,-1,-1
94,1,707.75,153.78,93.75,207.29,-1,-1,-1,-1
95,1,706.84,159.49,94.72,209.76,-1,-1,-1,-1
96,1,707.43,173.35,94.14,212.45,-1,-1,-1,-1
97,1,707.92,183.87,94.39,210.46,-1,-1,-1,-1
98,1,708.66,184.52,95.32,209.65,-1,-1,-1,-1
99,1,708.89,188.23,96.57,212.68,-1,-1,-1,-1
100,1,715.96,202.96,93.95,204.89,-1,-1,-1,-1
101,1,716.76,210.50,96.12,205.48,-1,-1,-1,-1
102,1,724.15,219.05,92.93,205.04,-1,-1,-1,-1
103,1,724.58,232.31,97.04,203.35,-1,-1,-1,-1
104,1,731.57,232.66,95.91,203.51,-1,-1,-1,-1
105,1,732.26,242.25,98.27,202.19,-1,-1,-1,-1
106,1,740.65,255.02,95.58,205.59,-1,-1,-1,-1
107,1,747.64,266.43,96.02,203.24,-1,-1,-1,-1
108,1,756.47,267.11,93.48,203.06,-1,-1,-1,-1
109,1,762.69,282.24,96.46,201.74,-1,-1,-1,-1
110,1,769.86,289.55,97.07,203.59,-1,-1,-1,-1
111,1,772.66,296.94,97.26,205.16,-1,-1,-1,-1
112,1,779.65,309.53,99.09,212.13,-1,-1,-1,-1
113,1,788.05,312.83,98.25,207.19,-1,-1,-1,-1
114,1,796.24,319.23,97.15,273.81,-1,-1,-1,-1
115,1,811.56,335.23,94.96,241.07,-1,-1,-1,-1
116,1,820.44,347.02,91.54,248.24,-1,-1,-1,-1
117,1,828.68,362.20,94.07,218.72,-1,-1,-1,-1
118,1,837.23,375.28,95.06,208.87,-1,-1,-1,-1
119,1,845.05,369.00,94.70,206.88,-1,-1,-1,-1
121,1,862.41,393.17,93.06,285.11,-1,-1,-1,-1
122,1,875.98,411.57,94.19,265.21,-1,-1,-1,-1
123,1,886.13,421.06,92.17,231.42,-1,-1,-1,-1
125,1,906.89,441.38,93.34,204.64,-1,-1,-1,-1
126,1,918.09,448.44,89.41,203.53,-1,-1,-1,-1
127,1,927.64,463.01,90.09,207.77,-1,-1,-1,-1
128,1,933.14,474.48,96.30,202.82,-1,-1,-1,-1
129,1,942.34,478.94,93.75,208.80,-1,-1,-1,-1
130,1,956.93,495.17,90.67,208.82,-1,-1,-1,-1
131,1,966.90,388.65,91.11,230.35,-1,-1,-1,-1
132,1,974.01,503.83,92.66,205.66,-1,-1,-1,-1
133,1,983.42,526.12,92.44,208.79,-1,-1,-1,-1
134,1,993.00,532.47,90.80,215.53,-1,-1,-1,-1
135,1,1006.57,546.06,86.15,202.63,-1,-1,-1,-1
136,1,1013.86,549.92,86.54,210.10,-1,-1,-1,-1
137,1,1023.09,561.01,87.12,207.73,-1,-1,-1,-1
138,1,1031.08,575.23,85.12,206.52,-1,-1,-1,-1
139,1,1038.11,571.18,88.03,201.71,-1,-1,-1,-1
140,1,1046.25,583.42,85.60,206.46,-1,-1,-1,-1
141,1,1056.02,594.26,84.31,200.65,-1,-1,-1,-1
142,1,1057.76,600.96,87.45,202.80,-1,-1,-1,-1
143,1,1067.33,611.60,84.69,199.73,-1,-1,-1,-1
144,1,1074.13,632.62,82.63,204.10,-1,-1,-1,-1
145,1,1081.29,629.67,81.34,195.01,-1,-1,-1,-1
146,1,1082.14,634.29,87.98,202.23,-1,-1,-1,-1
147,1,1089.77,643.00,83.43,201.91,-1,-1,-1,-1
148,1,1092.56,666.42,83.27,202.16,-1,-1,-1,-1
149,1,1099.85,668.48,79.04,197.48,-1,-1,-1,-1
150,1,1099.99,682.40,83.73,202.28,-1,-1,-1,-1
151,1,1107.28,685.65,79.39,195.85,-1,-1,-1,-1
152,1,1108.62,693.40,77.94,194.08,-1,-1,-1,-1
156,1,1111.08,724.77,78.46,198.55,-1,-1,-1,-1
157,1,1109.82,731.19,80.04,199.14,-1,-1,-1,-1
161,1,1108.73,748.02,79.07,199.69,-1,-1,-1,-1
162,1,1104.75,765.77,82.55,198.74,-1,-1,-1,-1
164,1,1099.10,780.10,79.69,198.30,-1,-1,-1,-1
166,1,1091.88,788.32,78.50,196.83,-1,-1,-1,-1
167,1,1085.63,788.20,77.29,200.88,-1,-1,-1,-1
169,1,1073.52,796.83,83.49,200.17,-1,-1,-1,-1
170,1,1067.90,811.60,81.02,198.40,-1,-1,-1,-1
171,1,1060.96,811.65,78.85,197.77,-1,-1,-1,-1
172,1,1053.94,804.90,77.21,197.55,-1,-1,-1,-1
173,1,1044.48,819.98,81.93,197.86,-1,-1,-1,-1
174,1,1036.83,814.04,80.84,199.15,-1,-1,-1,-1
175,1,1027.90,825.53,82.45,201.74,-1,-1,-1,-1
176,1,1021.04,820.92,80.43,199.82,-1,-1,-1,-1
177,1,1013.06,821.48,79.99,196.12,-1,-1,-1,-1
178,1,1003.68,819.99,80.95,201.29,-1,-1,-1,-1
179,1,995.56,827.52,81.36,201.35,-1,-1,-1,-1
180,1,986.41,827.59,82.08,198.61,-1,-1,-1,-1
181,1,977.21,829.52,83.78,199.59,-1,-1,-1,-1
182,1,968.79,844.87,83.02,195.29,-1,-1,-1,-1
183,1,956.40,830.25,81.98,197.14,-1,-1,-1,-1
184,1,947.67,830.32,81.66,197.05,-1,-1,-1,-1
185,1,939.09,845.13,80.79,196.86,-1,-1,-1,-1
186,1,930.08,837.44,81.47,198.50,-1,-1,-1,-1
187,1,916.32,843.84,81.56,197.43,-1,-1,-1,-1
188,1,907.97,837.04,80.79,198.57,-1,-1,-1,-1
189,1,899.22,836.18,81.19,200.35,-1,-1,-1,-1
190,1,890.02,846.52,80.64,197.20,-1,-1,-1,-1
191,1,876.68,837.27,81.80,199.20,-1,-1,-1,-1
192,1,869.85,836.09,79.24,199.67,-1,-1,-1,-1
193,1,860.84,836.27,78.35,196.13,-1,-1,-1,-1
194,1,849.92,844.04,81.85,197.84,-1,-1,-1,-1
195,1,841.30,829.81,81.62,196.68,-1,-1,-1,-1
196,1,831.99,827.77,85.16,200.03,-1,-1,-1,-1
197,1,820.56,829.96,80.85,197.39,-1,-1,-1,-1
198,1,814.70,821.55,75.21,195.84,-1,-1,-1,-1
199,1,805.33,826.72,78.26,200.53,-1,-1,-1,-1
200,1,797.28,814.10,77.77,197.91,-1,-1,-1,-1
201,1,789.40,821.60,77.51,196.23,-1,-1,-1,-1
202,1,781.63,821.85,76.81,195.84,-1,-1,-1,-1
204,1,764.05,803.58,82.57,199.77,-1,-1,-1,-1
206,1,753.27,804.05,84.12,197.98,-1,-1,-1,-1
209,1,737.90,787.95,82.39,197.36,-1,-1,-1,-1
210,1,735.25,783.14,75.35,196.93,-1,-1,-1,-1
211,1,724.73,772.77,83.37,201.65,-1,-1,-1,-1
212,1,724.73,772.54,81.33,197.78,-1,-1,-1,-1
213,1,722.21,763.64,81.41,198.38,-1,-1,-1,-1
214,1,716.10,748.72,84.06,200.37,-1,-1,-1,-1
215,1,717.03,749.58,78.92,195.06,-1,-1,-1,-1
216,1,716.76,750.32,77.92,195.86,-1,-1,-1,-1
217,1,714.11,734.31,80.44,197.19,-1,-1,-1,-1
220,1,715.84,716.62,77.50,197.31,-1,-1,-1,-1
221,1,718.52,709.60,74.86,196.48,-1,-1,-1,-1
222,1,717.70,700.08,75.53,198.97,-1,-1,-1,-1
223,1,718.81,693.78,75.53,194.07,-1,-1,-1,-1
224,1,722.69,686.87,78.73,196.67,-1,-1,-1,-1
225,1,723.47,684.83,80.68,198.38,-1,-1,-1,-1
226,1,724.38,668.07,83.53,200.70,-1,-1,-1,-1
227,1,732.67,654.27,77.00,197.89,-1,-1,-1,-1
228,1,732.81,649.33,81.34,203.23,-1,-1,-1,-1
229,1,738.93,637.06,82.19,199.89,-1,-1,-1,-1
230,1,745.03,636.49,82.02,199.09,-1,-1,-1,-1
231,1,748.07,620.43,84.01,200.86,-1,-1,-1,-1
232,1,753.81,618.62,83.78,201.42,-1,-1,-1,-1
233,1,760.22,609.81,85.17,201.33,-1,-1,-1,-1
234,1,769.53,596.41,81.98,203.04,-1,-1,-1,-1
235,1,775.89,594.86,83.66,202.03,-1,-1,-1,-1
236,1,782.01,579.89,85.73,200.49,-1,-1,-1,-1
237,1,785.39,573.08,88.13,200.40,-1,-1,-1,-1
238,1,797.54,563.48,86.70,204.52,-1,-1,-1,-1
239,1,802.69,540.93,87.01,213.80,-1,-1,-1,-1
240,1,815.25,535.43,84.30,206.41,-1,-1,-1,-1
241,1,822.77,526.41,85.86,208.60,-1,-1,-1,-1
242,1,830.95,516.18,90.75,214.72,-1,-1,-1,-1
243,1,840.09,511.66,89.23,207.98,-1,-1,-1,-1
244,1,846.09,498.22,93.25,205.03,-1,-1,-1,-1
245,1,855.35,495.75,93.07,206.19,-1,-1,-1,-1
246,1,866.97,483.70,94.39,202.54,-1,-1,-1,-1
247,1,876.21,475.11,92.92,201.53,-1,-1,-1,-1
248,1,885.60,455.33,93.33,209.84,-1,-1,-1,-1
2,2,898.46,827.97,83.21,202.69,-1,-1,-1,-1
3,2,889.12,828.58,83.14,201.32,-1,-1,-1,-1
4,2,883.47,836.01,78.02,202.92,-1,-1,-1,-1
5,2,867.57,826.98,82.72,203.26,-1,-1,-1,-1
6,2,859.90,837.09,79.68,200.03,-1,-1,-1,-1
7,2,852.80,826.26,77.80,203.53,-1,-1,-1,-1
8,2,843.74,827.64,78.31,200.53,-1,-1,-1,-1
9,2,836.54,819.72,77.16,201.35,-1,-1,-1,-1
10,2,821.13,827.96,80.88,200.61,-1,-1,-1,-1
11,2,815.48,823.92,75.67,205.19,-1,-1,-1,-1
12,2,806.00,812.45,78.54,201.63,-1,-1,-1,-1
13,2,798.84,811.30,76.51,199.73,-1,-1,-1,-1
14,2,788.70,813.07,80.60,200.39,-1,-1,-1,-1
15,2,782.64,802.96,78.05,202.35,-1,-1,-1,-1
16,2,779.78,809.78,77.11,202.11,-1,-1,-1,-1
17,2,772.91,794.91,77.10,202.26,-1,-1,-1,-1
18,2,764.92,796.52,77.73,200.12,-1,-1,-1,-1
19,2,757.84,789.40,78.23,199.57,-1,-1,-1,-1
20,2,756.34,787.79,77.25,199.64,-1,-1,-1,-1
21,2,749.79,778.21,75.76,201.50,-1,-1,-1,-1
22,2,740.97,773.90,81.21,198.94,-1,-1,-1,-1
23,2,740.02,764.88,79.15,198.87,-1,-1,-1,-1
24,2,732.75,763.02,81.52,198.35,-1,-1,-1,-1
25,2,732.15,765.06,79.44,196.38,-1,-1,-1,-1
26,2,729.39,758.37,81.31,198.49,-1,-1,-1,-1
27,2,724.75,747.62,81.87,201.87,-1,-1,-1,-1
28,2,725.43,741.83,78.79,197.08,-1,-1,-1,-1
29,2,725.85,732.44,77.16,195.89,-1,-1,-1,-1
30,2,724.61,724.02,80.08,195.77,-1,-1,-1,-1
31,2,725.72,726.53,77.07,194.18,-1,-1,-1,-1
32,2,724.57,724.85,79.81,194.47,-1,-1,-1,-1
33,2,725.96,710.40,77.95,197.18,-1,-1,-1,-1
34,2,725.96,703.78,79.59,196.60,-1,-1,-1,-1
35,2,731.54,691.62,77.37,197.71,-1,-1,-1,-1
36,2,732.01,682.43,77.23,199.99,-1,-1,-1,-1
37,2,734.54,683.57,75.49,198.37,-1,-1,-1,-1
38,2,740.20,661.52,76.98,199.81,-1,-1,-1,-1
39,2,740.64,661.23,79.23,197.73,-1,-1,-1,-1
40,2,741.19,649.06,81.05,203.50,-1,-1,-1,-1
41,2,750.94,638.45,75.91,198.93,-1,-1,-1,-1
42,2,755.58,634.53,80.17,200.01,-1,-1,-1,-1
43,2,761.55,618.12,80.32,201.82,-1,-1,-1,-1
44,2,765.03,606.62,80.31,198.83,-1,-1,-1,-1
45,2,770.45,597.01,83.70,201.93,-1,-1,-1,-1
46,2,780.28,589.56,78.92,199.52,-1,-1,-1,-1
47,2,787.62,580.06,80.30,200.51,-1,-1,-1,-1
48,2,794.14,583.73,80.94,205.48,-1,-1,-1,-1
49,2,801.91,563.04,83.46,202.57,-1,-1,-1,-1
50,2,810.32,549.06,81.30,212.25,-1,-1,-1,-1
51,2,818.03,544.97,81.93,204.61,-1,-1,-1,-1
52,2,824.23,527.19,85.63,210.55,-1,-1,-1,-1
53,2,833.10,521.03,86.11,207.37,-1,-1,-1,-1
54,2,842.47,522.89,83.84,203.08,-1,-1,-1,-1
55,2,850.96,511.58,85.39,205.38,-1,-1,-1,-1
56,2,864.72,496.17,84.10,209.48,-1,-1,-1,-1
57,2,871.10,489.43,86.47,204.77,-1,-1,-1,-1
58,2,882.19,481.81,84.52,203.50,-1,-1,-1,-1
59,2,891.97,458.89,81.77,205.85,-1,-1,-1,-1
60,2,899.57,449.82,83.72,204.38,-1,-1,-1,-1
61,2,913.85,448.61,82.07,205.36,-1,-1,-1,-1
62,2,920.09,438.38,86.84,208.31,-1,-1,-1,-1
63,2,928.54,427.73,87.25,204.30,-1,-1,-1,-1
64,2,936.74,413.79,87.00,241.39,-1,-1,-1,-1
65,2,951.40,403.13,86.66,264.27,-1,-1,-1,-1
66,2,963.47,389.98,81.01,212.10,-1,-1,-1,-1
67,2,971.02,384.23,82.11,222.24,-1,-1,-1,-1
68,2,980.27,384.56,81.52,220.94,-1,-1,-1,-1
69,2,994.04,372.99,81.80,214.56,-1,-1,-1,-1
70,2,1000.49,357.96,84.22,210.97,-1,-1,-1,-1
71,2,1009.01,351.58,85.00,206.80,-1,-1,-1,-1
72,2,1016.96,332.53,85.46,214.20,-1,-1,-1,-1
73,2,1025.17,326.86,85.57,209.25,-1,-1,-1,-1
74,2,1033.41,319.55,85.74,206.92,-1,-1,-1,-1
75,2,1039.76,312.54,89.55,207.52,-1,-1,-1,-1
76,2,1047.77,303.95,89.63,206.30,-1,-1,-1,-1
77,2,1056.39,288.85,87.62,205.67,-1,-1,-1,-1
78,2,1062.10,274.68,91.80,216.25,-1,-1,-1,-1
79,2,1070.62,272.75,90.28,210.10,-1,-1,-1,-1
80,2,1077.17,256.91,91.47,208.57,-1,-1,-1,-1
81,2,1080.80,249.89,88.58,206.46,-1,-1,-1,-1
82,2,1086.94,240.16,91.48,211.20,-1,-1,-1,-1
83,2,1095.03,237.57,88.23,209.07,-1,-1,-1,-1
84,2,1097.66,216.90,86.32,209.78,-1,-1,-1,-1
85,2,1103.33,220.92,89.33,211.28,-1,-1,-1,-1
86,2,1105.30,208.89,87.92,206.98,-1,-1,-1,-1
87,2,1111.81,206.67,86.88,208.64,-1,-1,-1,-1
88,2,1112.72,198.30,86.50,210.61,-1,-1,-1,-1
89,2,1113.85,182.91,86.21,210.64,-1,-1,-1,-1
90,2,1120.69,174.74,84.79,211.63,-1,-1,-1,-1
91,2,1121.55,160.06,83.02,212.92,-1,-1,-1,-1
92,2,1122.24,167.55,83.04,208.93,-1,-1,-1,-1
93,2,1123.27,158.91,81.10,208.34,-1,-1,-1,-1
94,2,1122.37,156.67,83.17,210.43,-1,-1,-1,-1
95,2,1121.69,150.23,84.37,208.43,-1,-1,-1,-1
96,2,1122.17,136.46,81.95,208.60,-1,-1,-1,-1
97,2,1121.28,126.13,82.14,207.62,-1,-1,-1,-1
98,2,1114.37,119.19,84.97,205.79,-1,-1,-1,-1
99,2,1113.64,111.29,84.09,206.99,-1,-1,-1,-1
100,2,1111.47,112.12,86.31,209.71,-1,-1,-1,-1
101,2,1107.33,113.19,82.80,203.23,-1,-1,-1,-1
102,2,1106.38,97.62,81.36,208.15,-1,-1,-1,-1
103,2,1100.51,96.43,78.85,205.11,-1,-1,-1,-1
104,2,1096.63,87.96,82.95,205.19,-1,-1,-1,-1
105,2,1090.46,80.79,82.45,205.31,-1,-1,-1,-1
106,2,1082.93,79.37,82.15,205.74,-1,-1,-1,-1
107,2,1076.18,73.13,82.07,205.07,-1,-1,-1,-1
108,2,1073.53,74.97,81.50,206.38,-1,-1,-1,-1
109,2,1064.64,72.39,83.85,207.82,-1,-1,-1,-1
110,2,1058.62,63.79,80.12,205.06,-1,-1,-1,-1
111,2,1050.10,59.31,82.14,204.57,-1,-1,-1,-1
112,2,1043.48,55.55,80.11,205.40,-1,-1,-1,-1
113,2,1035.08,58.11,79.75,204.99,-1,-1,-1,-1
114,2,1026.04,55.59,82.50,207.10,-1,-1,-1,-1
115,2,1015.81,48.40,85.91,204.91,-1,-1,-1,-1
116,2,1005.44,48.35,79.98,204.85,-1,-1,-1,-1
117,2,996.29,49.46,81.67,202.62,-1,-1,-1,-1
118,2,987.96,48.00,80.94,206.32,-1,-1,-1,-1
119,2,980.01,41.70,78.94,205.29,-1,-1,-1,-1
120,2,970.03,41.63,81.44,206.46,-1,-1,-1,-1
121,2,962.71,34.15,79.72,206.03,-1,-1,-1,-1
122,2,947.86,41.03,82.72,202.37,-1,-1,-1,-1
123,2,942.92,33.44,73.83,204.66,-1,-1,-1,-1
124,2,931.71,38.96,79.30,206.60,-1,-1,-1,-1
125,2,921.86,34.65,81.26,204.10,-1,-1,-1,-1
126,2,910.22,34.02,77.52,205.72,-1,-1,-1,-1
127,2,899.75,39.90,80.63,205.09,-1,-1,-1,-1
128,2,891.02,39.19,79.98,204.98,-1,-1,-1,-1
129,2,884.78,33.67,75.99,204.75,-1,-1,-1,-1
130,2,867.72,43.79,83.11,203.71,-1,-1,-1,-1
131,2,860.61,42.06,79.83,205.68,-1,-1,-1,-1
132,2,852.44,40.86,79.53,204.89,-1,-1,-1,-1
133,2,844.81,40.12,76.53,206.81,-1,-1,-1,-1
134,2,835.40,46.86,79.68,206.85,-1,-1,-1,-1
135,2,824.64,49.92,84.63,204.01,-1,-1,-1,-1
136,2,818.92,48.22,78.92,204.57,-1,-1,-1,-1
137,2,808.44,51.36,83.17,204.87,-1,-1,-1,-1
138,2,800.10,55.12,85.00,204.85,-1,-1,-1,-1
139,2,791.65,63.96,85.67,203.85,-1,-1,-1,-1
140,2,786.67,63.93,80.36,205.18,-1,-1,-1,-1
141,2,777.96,72.18,81.16,204.36,-1,-1,-1,-1
142,2,769.52,78.24,83.41,206.59,-1,-1,-1,-1
143,2,761.17,79.86,84.94,205.19,-1,-1,-1,-1
144,2,753.69,76.11,86.34,203.37,-1,-1,-1,-1
145,2,752.74,95.17,84.61,205.88,-1,-1,-1,-1
146,2,745.96,89.26,83.86,204.48,-1,-1,-1,-1
147,2,743.84,96.63,85.63,204.13,-1,-1,-1,-1
148,2,736.22,111.18,87.20,207.59,-1,-1,-1,-1
149,2,736.01,110.76,86.66,210.30,-1,-1,-1,-1
150,2,727.97,113.45,88.97,208.73,-1,-1,-1,-1
151,2,726.95,120.11,88.85,209.75,-1,-1,-1,-1
152,2,726.82,131.38,87.54,213.66,-1,-1,-1,-1
153,2,721.77,134.34,86.61,207.94,-1,-1,-1,-1
154,2,719.72,144.79,90.30,209.39,-1,-1,-1,-1
155,2,721.42,151.68,87.21,209.00,-1,-1,-1,-1
156,2,722.25,159.07,85.78,206.98,-1,-1,-1,-1
157,2,722.01,160.19,86.21,208.75,-1,-1,-1,-1
158,2,722.23,166.60,86.04,207.09,-1,-1,-1,-1
159,2,725.93,182.43,89.07,210.54,-1,-1,-1,-1
160,2,726.35,184.04,89.57,210.78,-1,-1,-1,-1
161,2,726.94,197.99,89.17,211.29,-1,-1,-1,-1
162,2,728.56,206.39,87.70,207.22,-1,-1,-1,-1
163,2,735.84,208.03,87.90,209.23,-1,-1,-1,-1
164,2,736.48,224.57,88.25,205.23,-1,-1,-1,-1
165,2,742.45,218.07,90.05,206.80,-1,-1,-1,-1
168,2,757.07,250.34,92.56,206.68,-1,-1,-1,-1
170,2,772.43,264.14,92.71,208.09,-1,-1,-1,-1
172,2,783.37,289.60,90.39,206.38,-1,-1,-1,-1
173,2,789.10,288.75,93.43,208.49,-1,-1,-1,-1
174,2,799.92,306.17,87.94,204.24,-1,-1,-1,-1
175,2,808.13,321.45,86.86,204.37,-1,-1,-1,-1
176,2,816.25,335.15,86.58,206.43,-1,-1,-1,-1
177,2,822.04,328.81,91.43,209.36,-1,-1,-1,-1
179,2,839.73,354.70,88.52,219.18,-1,-1,-1,-1
180,2,850.81,369.10,84.56,204.16,-1,-1,-1,-1
181,2,865.46,374.91,83.48,210.76,-1,-1,-1,-1
182,2,875.21,390.56,81.05,211.84,-1,-1,-1,-1
183,2,883.19,387.41,82.69,218.19,-1,-1,-1,-1
184,2,874.23,455.83,84.18,225.04,-1,-1,-1,-1
187,2,920.68,442.31,85.75,206.82,-1,-1,-1,-1
188,2,928.91,448.60,86.52,203.06,-1,-1,-1,-1
189,2,940.81,458.00,81.70,203.50,-1,-1,-1,-1
190,2,952.65,459.51,83.26,203.62,-1,-1,-1,-1
191,2,962.11,484.08,83.46,198.62,-1,-1,-1,-1
192,2,970.33,493.31,82.53,200.30,-1,-1,-1,-1
193,2,978.56,493.08,85.61,201.01,-1,-1,-1,-1
194,2,987.18,507.80,84.49,198.93,-1,-1,-1,-1
195,2,1001.28,525.50,81.81,199.17,-1,-1,-1,-1
196,2,1009.92,528.68,83.39,206.44,-1,-1,-1,-1
197,2,1018.41,537.58,82.30,207.04,-1,-1,-1,-1
198,2,1027.40,554.68,81.02,201.03,-1,-1,-1,-1
199,2,1036.06,560.05,80.36,206.26,-1,-1,-1,-1
200,2,1043.31,562.47,82.64,202.83,-1,-1,-1,-1
201,2,1052.09,577.42,80.45,201.86,-1,-1,-1,-1
202,2,1058.49,584.43,82.12,204.18,-1,-1,-1,-1
203,2,1066.36,595.70,80.51,202.68,-1,-1,-1,-1
204,2,1073.92,610.53,81.22,200.00,-1,-1,-1,-1
205,2,1081.48,617.63,80.62,201.16,-1,-1,-1,-1
206,2,1085.41,620.56,79.51,199.20,-1,-1,-1,-1
207,2,1091.02,633.63,80.85,201.01,-1,-1,-1,-1
208,2,1097.47,635.05,81.24,199.89,-1,-1,-1,-1
209,2,1102.48,651.91,77.12,202.33,-1,-1,-1,-1
210,2,1107.77,660.10,79.43,197.74,-1,-1,-1,-1
211,2,1108.54,660.18,80.54,197.48,-1,-1,-1,-1
212,2,1115.76,676.42,76.83,198.87,-1,-1,-1,-1
213,2,1118.03,685.26,77.13,199.34,-1,-1,-1,-1
214,2,1118.90,692.24,76.77,197.34,-1,-1,-1,-1
215,2,1124.82,702.78,74.49,194.77,-1,-1,-1,-1
216,2,1125.32,702.72,74.94,195.36,-1,-1,-1,-1
217,2,1125.87,716.00,75.10,198.89,-1,-1,-1,-1
218,2,1125.92,718.16,75.69,198.33,-1,-1,-1,-1
219,2,1124.94,734.21,77.03,196.53,-1,-1,-1,-1
220,2,1124.84,734.76,77.56,197.21,-1,-1,-1,-1
221,2,1125.37,734.86,75.68,195.17,-1,-1,-1,-1
222,2,1119.01,740.97,77.75,200.41,-1,-1,-1,-1
223,2,1119.00,747.45,75.45,197.62,-1,-1,-1,-1
224,2,1117.51,756.10,75.17,198.39,-1,-1,-1,-1
225,2,1109.98,765.58,79.45,197.78,-1,-1,-1,-1
226,2,1108.62,779.00,79.30,198.97,-1,-1,-1,-1
227,2,1103.11,779.58,77.14,200.69,-1,-1,-1,-1
228,2,1102.22,788.89,75.01,197.42,-1,-1,-1,-1
229,2,1094.11,788.40,77.92,199.24,-1,-1,-1,-1
230,2,1092.67,794.07,77.00,200.40,-1,-1,-1,-1
231,2,1084.22,796.66,78.46,200.88,-1,-1,-1,-1
232,2,1076.62,796.35,79.83,201.92,-1,-1,-1,-1
233,2,1069.03,803.62,80.15,204.15,-1,-1,-1,-1
234,2,1060.80,804.39,81.27,201.83,-1,-1,-1,-1
235,2,1059.47,817.49,78.89,201.98,-1,-1,-1,-1
236,2,1050.33,810.45,80.35,201.96,-1,-1,-1,-1
237,2,1043.25,811.66,79.08,201.23,-1,-1,-1,-1
238,2,1035.39,827.84,77.88,200.93,-1,-1,-1,-1
239,2,1028.06,826.11,76.85,202.04,-1,-1,-1,-1
240,2,1012.36,826.84,81.92,202.33,-1,-1,-1,-1
241,2,1005.38,833.97,78.23,202.02,-1,-1,-1,-1
242,2,996.02,834.94,80.60,199.44,-1,-1,-1,-1
243,2,988.19,835.33,79.27,201.47,-1,-1,-1,-1
244,2,979.53,828.74,79.54,202.20,-1,-1,-1,-1
245,2,970.26,841.98,80.13,201.81,-1,-1,-1,-1
246,2,958.10,844.09,78.81,198.11,-1,-1,-1,-1
247,2,948.04,836.64,81.18,200.44,-1,-1,-1,-1
248,2,940.40,835.97,77.85,198.72,-1,-1,-1,-1
249,2,930.95,829.08,80.53,201.10,-1,-1,-1,-1
250,2,916.89,836.05,80.60,200.27,-1,-1,-1,-1
2,3,899.50,30.63,79.17,207.72,-1,-1,-1,-1
3,3,884.03,31.85,80.19,204.48,-1,-1,-1,-1
4,3,876.49,32.43,78.79,204.98,-1,-1,-1,-1
5,3,866.74,41.15,81.47,205.75,-1,-1,-1,-1
6,3,859.28,41.33,79.53,208.28,-1,-1,-1,-1
7,3,849.15,39.98,83.71,207.69,-1,-1,-1,-1
8,3,835.48,48.01,81.39,206.92,-1,-1,-1,-1
9,3,827.19,55.05,82.85,205.65,-1,-1,-1,-1
10,3,817.40,47.91,83.83,205.23,-1,-1,-1,-1
11,3,811.50,46.64,80.04,206.53,-1,-1,-1,-1
12,3,801.83,46.48,82.75,207.31,-1,-1,-1,-1
13,3,794.97,49.64,80.41,205.77,-1,-1,-1,-1
14,3,784.12,55.94,85.99,205.66,-1,-1,-1,-1
15,3,778.44,57.42,81.44,207.28,-1,-1,-1,-1
16,3,769.06,71.92,84.79,204.67,-1,-1,-1,-1
17,3,762.21,67.69,82.97,204.18,-1,-1,-1,-1
18,3,752.11,72.39,87.39,204.91,-1,-1,-1,-1
19,3,748.25,79.45,81.38,206.55,-1,-1,-1,-1
20,3,744.40,88.02,85.27,206.22,-1,-1,-1,-1
21,3,736.65,89.85,85.69,204.60,-1,-1,-1,-1
22,3,730.15,90.04,85.16,203.22,-1,-1,-1,-1
23,3,729.81,90.99,83.20,204.29,-1,-1,-1,-1
24,3,721.58,97.71,85.02,204.97,-1,-1,-1,-1
25,3,718.69,103.72,89.45,208.60,-1,-1,-1,-1
26,3,713.42,119.63,86.66,207.50,-1,-1,-1,-1
27,3,714.45,128.61,83.73,204.20,-1,-1,-1,-1
28,3,713.28,130.05,85.10,204.19,-1,-1,-1,-1
29,3,710.41,135.35,89.77,205.74,-1,-1,-1,-1
30,3,704.37,136.05,88.60,208.19,-1,-1,-1,-1
31,3,710.59,142.38,89.03,207.42,-1,-1,-1,-1
32,3,702.58,150.20,91.92,207.92,-1,-1,-1,-1
33,3,704.36,159.39,88.59,212.48,-1,-1,-1,-1
34,3,704.35,166.66,88.85,211.20,-1,-1,-1,-1
35,3,710.59,175.66,89.06,210.99,-1,-1,-1,-1
36,3,709.99,189.48,90.67,210.21,-1,-1,-1,-1
37,3,711.84,199.55,88.65,210.19,-1,-1,-1,-1
38,3,716.83,199.65,92.29,210.64,-1,-1,-1,-1
39,3,715.81,214.98,95.39,206.25,-1,-1,-1,-1
40,3,718.82,224.85,90.18,203.93,-1,-1,-1,-1
41,3,726.53,225.54,89.86,207.10,-1,-1,-1,-1
42,3,725.61,233.03,92.96,204.89,-1,-1,-1,-1
43,3,731.48,246.96,96.28,206.78,-1,-1,-1,-1
44,3,741.59,256.08,91.69,205.59,-1,-1,-1,-1
45,3,741.54,255.26,93.30,205.51,-1,-1,-1,-1
46,3,751.06,273.20,90.34,207.23,-1,-1,-1,-1
47,3,758.05,280.98,92.03,209.44,-1,-1,-1,-1
48,3,765.98,287.84,91.90,206.62,-1,-1,-1,-1
49,3,777.36,306.31,85.80,203.34,-1,-1,-1,-1
50,3,783.21,306.18,88.66,202.49,-1,-1,-1,-1
51,3,793.90,323.25,84.91,204.75,-1,-1,-1,-1
52,3,798.85,321.59,90.01,206.61,-1,-1,-1,-1
53,3,809.46,328.07,86.05,223.19,-1,-1,-1,-1
54,3,818.39,340.28,83.54,213.86,-1,-1,-1,-1
166,3,743.60,230.28,90.20,210.47,-1,-1,-1,-1
167,3,751.88,247.52,89.70,207.47,-1,-1,-1,-1
169,3,765.62,265.73,90.46,207.58,-1,-1,-1,-1
171,3,774.86,277.35,90.26,209.67,-1,-1,-1,-1
178,3,831.13,350.04,89.40,213.93,-1,-1,-1,-1
8,4,978.38,504.45,101.02,205.48,-1,-1,-1,-1
9,4,994.08,502.05,97.76,210.43,-1,-1,-1,-1
10,4,1007.00,492.75,90.25,229.26,-1,-1,-1,-1
11,4,1013.13,528.37,93.16,204.99,-1,-1,-1,-1
12,4,1021.56,543.08,94.58,210.09,-1,-1,-1,-1
13,4,1032.13,549.68,89.56,210.03,-1,-1,-1,-1
14,4,1046.08,566.27,88.79,212.04,-1,-1,-1,-1
15,4,1045.97,569.66,93.22,205.62,-1,-1,-1,-1
16,4,1052.64,580.31,95.55,212.65,-1,-1,-1,-1
17,4,1061.77,582.66,91.73,210.94,-1,-1,-1,-1
18,4,1070.87,591.49,90.94,211.14,-1,-1,-1,-1
19,4,1078.30,605.43,91.17,212.12,-1,-1,-1,-1
20,4,1087.10,615.54,87.28,209.80,-1,-1,-1,-1
21,4,1086.51,623.82,92.21,206.16,-1,-1,-1,-1
22,4,1095.37,630.23,89.20,210.87,-1,-1,-1,-1
23,4,1102.46,638.44,89.02,210.30,-1,-1,-1,-1
24,4,1101.25,646.27,94.74,211.65,-1,-1,-1,-1
25,4,1109.79,646.60,90.23,211.75,-1,-1,-1,-1
26,4,1110.56,662.08,90.97,212.84,-1,-1,-1,-1
27,4,1111.70,671.16,90.03,210.60,-1,-1,-1,-1
28,4,1119.17,686.87,87.40,209.50,-1,-1,-1,-1
29,4,1120.47,688.20,87.10,209.28,-1,-1,-1,-1
30,4,1120.16,704.88,88.25,204.86,-1,-1,-1,-1
31,4,1120.85,712.46,87.72,207.63,-1,-1,-1,-1
32,4,1120.08,721.44,88.57,202.49,-1,-1,-1,-1
33,4,1121.12,729.63,87.30,203.54,-1,-1,-1,-1
34,4,1120.89,729.45,87.76,202.89,-1,-1,-1,-1
35,4,1121.63,730.88,85.26,204.58,-1,-1,-1,-1
36,4,1120.45,737.41,86.33,206.25,-1,-1,-1,-1
37,4,1112.07,744.92,89.97,205.08,-1,-1,-1,-1
38,4,1111.73,745.78,89.58,205.16,-1,-1,-1,-1
39,4,1110.60,758.63,89.72,208.41,-1,-1,-1,-1
40,4,1102.37,761.74,93.14,206.98,-1,-1,-1,-1
41,4,1102.39,769.22,90.45,203.57,-1,-1,-1,-1
42,4,1095.39,770.14,90.00,202.90,-1,-1,-1,-1
43,4,1092.74,774.97,93.24,210.29,-1,-1,-1,-1
44,4,1086.82,784.58,91.70,204.41,-1,-1,-1,-1
45,4,1079.44,784.56,89.79,207.54,-1,-1,-1,-1
46,4,1079.20,783.44,87.54,211.16,-1,-1,-1,-1
47,4,1071.87,801.20,86.41,205.29,-1,-1,-1,-1
48,4,1064.92,799.74,86.19,210.26,-1,-1,-1,-1
49,4,1056.04,809.23,88.23,202.88,-1,-1,-1,-1
50,4,1046.21,816.70,91.42,204.27,-1,-1,-1,-1
51,4,1038.38,808.24,91.69,206.04,-1,-1,-1,-1
52,4,1030.61,807.86,90.50,208.43,-1,-1,-1,-1
53,4,1021.08,816.10,92.89,205.96,-1,-1,-1,-1
54,4,1014.66,818.05,88.68,201.42,-1,-1,-1,-1
55,4,1007.08,823.14,87.27,206.91,-1,-1,-1,-1
56,4,999.48,817.66,85.95,206.52,-1,-1,-1,-1
57,4,984.64,824.65,88.08,203.95,-1,-1,-1,-1
58,4,974.87,822.55,91.26,211.37,-1,-1,-1,-1
59,4,969.22,825.86,85.05,206.29,-1,-1,-1,-1
60,4,958.77,834.54,89.20,201.13,-1,-1,-1,-1
61,4,942.40,832.16,93.25,204.71,-1,-1,-1,-1
62,4,938.05,826.50,84.94,204.88,-1,-1,-1,-1
63,4,928.27,834.91,88.07,199.32,-1,-1,-1,-1
64,4,918.47,831.48,90.07,210.65,-1,-1,-1,-1
65,4,903.18,833.44,91.21,206.43,-1,-1,-1,-1
66,4,897.14,833.08,87.96,208.31,-1,-1,-1,-1
67,4,888.16,833.67,87.83,201.39,-1,-1,-1,-1
68,4,879.05,832.55,89.43,208.63,-1,-1,-1,-1
69,4,871.65,826.04,86.26,206.76,-1,-1,-1,-1
70,4,856.22,826.01,89.10,203.95,-1,-1,-1,-1
71,4,847.32,832.58,90.95,206.21,-1,-1,-1,-1
72,4,840.98,825.78,87.13,206.29,-1,-1,-1,-1
73,4,832.16,824.22,88.83,204.76,-1,-1,-1,-1
74,4,823.15,824.56,89.63,205.32,-1,-1,-1,-1
75,4,815.28,824.30,88.15,204.56,-1,-1,-1,-1
76,4,808.39,810.39,85.76,205.45,-1,-1,-1,-1
77,4,799.66,817.35,87.09,204.33,-1,-1,-1,-1
78,4,790.79,800.85,89.21,207.35,-1,-1,-1,-1
79,4,783.75,800.38,87.66,209.03,-1,-1,-1,-1
80,4,777.79,802.29,84.82,201.48,-1,-1,-1,-1
81,4,767.52,799.61,90.31,208.43,-1,-1,-1,-1
82,4,760.07,793.88,88.71,205.54,-1,-1,-1,-1
83,4,756.55,782.86,92.97,209.85,-1,-1,-1,-1
84,4,750.85,775.58,90.62,208.17,-1,-1,-1,-1
85,4,743.57,768.84,90.04,206.45,-1,-1,-1,-1
86,4,743.19,768.55,88.89,207.24,-1,-1,-1,-1
87,4,735.64,761.39,89.85,207.08,-1,-1,-1,-1
88,4,735.13,761.30,88.66,205.02,-1,-1,-1,-1
89,4,725.93,746.11,92.63,206.14,-1,-1,-1,-1
90,4,727.37,745.18,89.20,208.01,-1,-1,-1,-1
91,4,726.80,738.00,89.24,204.56,-1,-1,-1,-1
92,4,726.43,736.49,88.40,206.77,-1,-1,-1,-1
93,4,727.27,730.17,86.71,203.74,-1,-1,-1,-1
94,4,718.60,722.45,92.42,200.96,-1,-1,-1,-1
95,4,719.14,722.92,91.74,199.62,-1,-1,-1,-1
96,4,719.31,713.98,91.69,202.20,-1,-1,-1,-1
97,4,727.53,697.48,87.14,204.48,-1,-1,-1,-1
98,4,727.98,697.10,86.49,203.34,-1,-1,-1,-1
99,4,729.20,689.76,84.93,203.55,-1,-1,-1,-1
100,4,728.44,675.27,87.57,202.06,-1,-1,-1,-1
101,4,737.11,667.87,83.90,202.67,-1,-1,-1,-1
102,4,734.74,657.30,91.56,204.36,-1,-1,-1,-1
103,4,734.31,657.08,93.28,203.36,-1,-1,-1,-1
104,4,743.77,639.40,88.22,207.09,-1,-1,-1,-1
105,4,752.02,632.41,85.71,204.79,-1,-1,-1,-1
106,4,748.56,622.51,95.86,210.79,-1,-1,-1,-1
107,4,757.72,614.91,92.04,211.99,-1,-1,-1,-1
108,4,766.92,607.77,87.94,206.73,-1,-1,-1,-1
109,4,775.05,598.05,87.67,211.67,-1,-1,-1,-1
110,4,774.48,581.71,92.09,211.02,-1,-1,-1,-1
111,4,780.36,575.55,95.71,208.26,-1,-1,-1,-1
112,4,789.79,575.36,92.04,211.36,-1,-1,-1,-1
113,4,797.11,563.97,94.33,214.81,-1,-1,-1,-1
114,4,806.07,548.16,91.41,214.83,-1,-1,-1,-1
115,4,814.79,550.43,92.00,210.96,-1,-1,-1,-1
116,4,820.11,544.11,95.44,207.61,-1,-1,-1,-1
117,4,825.45,509.66,101.23,214.09,-1,-1,-1,-1
118,4,836.75,518.41,95.80,196.15,-1,-1,-1,-1
119,4,842.15,515.80,100.85,200.15,-1,-1,-1,-1
120,4,858.21,523.15,97.61,185.06,-1,-1,-1,-1
121,4,857.74,540.17,99.72,149.87,-1,-1,-1,-1
131,4,965.84,503.16,90.80,207.15,-1,-1,-1,-1
134,4,993.69,351.46,100.59,256.33,-1,-1,-1,-1
135,4,1002.11,340.42,101.20,215.64,-1,-1,-1,-1
136,4,1004.10,331.84,111.51,216.32,-1,-1,-1,-1
137,4,1015.11,326.23,106.94,212.97,-1,-1,-1,-1
138,4,1020.63,309.97,111.44,213.66,-1,-1,-1,-1
139,4,1030.70,302.44,106.81,209.01,-1,-1,-1,-1
140,4,1034.66,292.79,114.29,216.03,-1,-1,-1,-1
141,4,1046.72,282.74,106.02,216.83,-1,-1,-1,-1
142,4,1051.29,267.80,111.38,218.03,-1,-1,-1,-1
143,4,1059.12,260.76,113.39,214.83,-1,-1,-1,-1
144,4,1069.86,259.43,106.69,216.73,-1,-1,-1,-1
145,4,1061.43,243.48,125.15,219.63,-1,-1,-1,-1
146,4,1075.91,230.40,111.62,213.73,-1,-1,-1,-1
147,4,1085.99,229.55,107.02,214.24,-1,-1,-1,-1
148,4,1085.13,220.38,110.94,212.57,-1,-1,-1,-1
149,4,1094.56,212.87,106.61,212.35,-1,-1,-1,-1
150,4,1094.57,202.65,107.85,216.48,-1,-1,-1,-1
151,4,1101.56,194.39,107.38,216.30,-1,-1,-1,-1
152,4,1100.08,188.78,111.01,216.53,-1,-1,-1,-1
153,4,1101.89,188.98,109.16,211.50,-1,-1,-1,-1
154,4,1109.03,177.85,108.57,218.05,-1,-1,-1,-1
155,4,1110.52,163.55,106.31,216.12,-1,-1,-1,-1
156,4,1112.66,155.78,102.30,216.89,-1,-1,-1,-1
157,4,1113.06,147.78,101.20,214.82,-1,-1,-1,-1
158,4,1113.40,133.16,100.39,215.96,-1,-1,-1,-1
159,4,1114.07,132.38,99.14,217.44,-1,-1,-1,-1
160,4,1110.10,125.14,106.93,215.30,-1,-1,-1,-1
161,4,1111.49,118.28,103.00,213.51,-1,-1,-1,-1
162,4,1102.26,118.31,107.94,211.76,-1,-1,-1,-1
163,4,1101.42,109.16,107.46,214.58,-1,-1,-1,-1
164,4,1102.33,102.53,105.87,212.51,-1,-1,-1,-1
165,4,1097.68,97.53,102.00,204.60,-1,-1,-1,-1
166,4,1096.08,93.89,101.62,210.22,-1,-1,-1,-1
167,4,1092.45,95.68,95.44,206.04,-1,-1,-1,-1
168,4,1088.35,81.05,101.45,205.78,-1,-1,-1,-1
169,4,1079.76,71.24,103.90,209.36,-1,-1,-1,-1
170,4,1074.54,81.64,99.04,206.82,-1,-1,-1,-1
171,4,1063.91,73.55,105.95,206.65,-1,-1,-1,-1
172,4,1058.11,73.29,101.17,205.18,-1,-1,-1,-1
173,4,1058.75,56.80,97.91,209.14,-1,-1,-1,-1
174,4,1048.95,55.86,101.41,207.94,-1,-1,-1,-1
175,4,1040.81,56.78,102.03,208.74,-1,-1,-1,-1
176,4,1031.32,56.35,104.50,209.01,-1,-1,-1,-1
177,4,1025.20,56.96,102.15,207.57,-1,-1,-1,-1
178,4,1018.35,48.04,98.22,206.14,-1,-1,-1,-1
179,4,1010.09,41.89,98.36,206.23,-1,-1,-1,-1
180,4,994.45,47.67,100.69,205.78,-1,-1,-1,-1
181,4,987.39,40.56,99.06,203.54,-1,-1,-1,-1
182,4,980.51,41.15,95.01,207.19,-1,-1,-1,-1
183,4,969.27,41.15,101.35,207.69,-1,-1,-1,-1
184,4,962.52,41.71,98.28,205.81,-1,-1,-1,-1
185,4,954.97,34.75,95.25,205.47,-1,-1,-1,-1
186,4,939.88,41.76,97.96,201.78,-1,-1,-1,-1
187,4,933.21,32.64,93.71,204.66,-1,-1,-1,-1
188,4,922.92,35.72,97.43,203.43,-1,-1,-1,-1
189,4,913.94,42.31,98.66,204.27,-1,-1,-1,-1
190,4,900.71,33.85,95.63,203.38,-1,-1,-1,-1
191,4,893.46,35.14,94.61,202.46,-1,-1,-1,-1
192,4,884.48,33.09,94.91,204.98,-1,-1,-1,-1
193,4,875.06,40.03,96.04,205.60,-1,-1,-1,-1
194,4,867.65,34.01,94.70,203.16,-1,-1,-1,-1
195,4,851.88,42.05,95.74,205.99,-1,-1,-1,-1
196,4,841.74,41.01,100.78,206.34,-1,-1,-1,-1
197,4,834.74,40.48,98.48,204.51,-1,-1,-1,-1
198,4,825.70,41.99,100.31,205.81,-1,-1,-1,-1
199,4,818.45,47.86,97.92,206.22,-1,-1,-1,-1
200,4,801.88,43.84,101.60,202.60,-1,-1,-1,-1
201,4,801.07,55.47,100.57,206.12,-1,-1,-1,-1
202,4,792.71,57.67,100.09,206.16,-1,-1,-1,-1
203,4,784.97,57.54,99.83,207.10,-1,-1,-1,-1
204,4,775.09,64.36,103.60,209.30,-1,-1,-1,-1
205,4,769.56,64.57,100.20,204.39,-1,-1,-1,-1
206,4,759.73,70.58,103.80,210.40,-1,-1,-1,-1
207,4,752.14,78.16,102.34,208.32,-1,-1,-1,-1
208,4,742.23,79.59,108.23,207.56,-1,-1,-1,-1
209,4,743.49,78.34,102.94,208.76,-1,-1,-1,-1
210,4,738.10,94.65,100.41,208.30,-1,-1,-1,-1
211,4,737.11,94.23,100.02,208.99,-1,-1,-1,-1
212,4,726.97,95.63,105.82,210.13,-1,-1,-1,-1
213,4,726.46,100.45,104.86,214.84,-1,-1,-1,-1
214,4,718.37,104.86,106.78,208.78,-1,-1,-1,-1
215,4,719.82,109.27,102.92,211.26,-1,-1,-1,-1
216,4,720.43,126.00,101.86,213.45,-1,-1,-1,-1
217,4,710.32,133.26,108.12,212.69,-1,-1,-1,-1
218,4,711.40,133.45,105.61,211.81,-1,-1,-1,-1
219,4,712.07,135.62,103.50,211.97,-1,-1,-1,-1
220,4,711.46,149.08,105.99,210.99,-1,-1,-1,-1
221,4,711.94,150.53,104.04,213.81,-1,-1,-1,-1
222,4,712.18,166.87,104.21,211.42,-1,-1,-1,-1
223,4,718.15,179.97,105.52,213.56,-1,-1,-1,-1
224,4,717.17,171.99,108.28,216.91,-1,-1,-1,-1
225,4,719.03,188.14,104.63,212.48,-1,-1,-1,-1
226,4,713.99,187.83,116.69,213.68,-1,-1,-1,-1
227,4,722.34,197.69,114.92,214.62,-1,-1,-1,-1
228,4,727.36,216.81,106.23,208.03,-1,-1,-1,-1
229,4,733.51,221.83,108.45,208.84,-1,-1,-1,-1
230,4,735.69,222.41,119.30,213.93,-1,-1,-1,-1
231,4,739.82,230.93,112.63,211.90,-1,-1,-1,-1
232,4,747.05,251.23,112.42,214.94,-1,-1,-1,-1
233,4,747.32,251.28,128.24,218.97,-1,-1,-1,-1
234,4,753.31,259.93,118.34,214.10,-1,-1,-1,-1
235,4,757.11,257.91,124.54,221.53,-1,-1,-1,-1
236,4,775.32,284.27,105.76,213.75,-1,-1,-1,-1
237,4,781.19,290.70,108.96,216.69,-1,-1,-1,-1
238,4,787.61,290.70,112.79,219.63,-1,-1,-1,-1
239,4,800.54,308.19,102.69,214.42,-1,-1,-1,-1
240,4,807.28,315.36,105.97,216.33,-1,-1,-1,-1
241,4,817.58,339.58,101.20,263.34,-1,-1,-1,-1
242,4,826.98,341.70,99.27,260.78,-1,-1,-1,-1
243,4,832.18,342.53,103.90,258.90,-1,-1,-1,-1
68,5,964.11,457.24,80.97,237.35,-1,-1,-1,-1
70,5,979.86,492.38,81.57,216.27,-1,-1,-1,-1
71,5,991.95,520.46,73.04,205.19,-1,-1,-1,-1
72,5,996.14,528.50,80.30,203.68,-1,-1,-1,-1
73,5,1006.89,538.83,76.22,202.50,-1,-1,-1,-1
74,5,1014.50,538.62,76.35,203.80,-1,-1,-1,-1
75,5,1027.32,553.76,78.73,206.25,-1,-1,-1,-1
76,5,1029.13,559.95,79.47,203.48,-1,-1,-1,-1
77,5,1043.36,576.41,79.40,204.93,-1,-1,-1,-1
78,5,1044.75,587.38,79.94,204.43,-1,-1,-1,-1
79,5,1053.98,601.78,77.75,201.28,-1,-1,-1,-1
80,5,1060.28,600.69,80.28,202.71,-1,-1,-1,-1
81,5,1067.84,616.37,79.12,204.54,-1,-1,-1,-1
82,5,1076.48,617.43,78.08,203.91,-1,-1,-1,-1
83,5,1078.63,624.63,76.59,202.60,-1,-1,-1,-1
84,5,1086.47,641.48,75.72,207.84,-1,-1,-1,-1
85,5,1092.17,640.00,78.37,204.66,-1,-1,-1,-1
86,5,1092.92,648.76,79.43,205.57,-1,-1,-1,-1
87,5,1101.77,658.92,74.65,205.10,-1,-1,-1,-1
88,5,1104.68,672.96,72.32,203.34,-1,-1,-1,-1
89,5,1110.24,682.31,73.98,205.45,-1,-1,-1,-1
90,5,1111.22,682.06,73.92,204.77,-1,-1,-1,-1
91,5,1110.96,697.84,75.14,204.67,-1,-1,-1,-1
92,5,1112.04,705.59,73.63,205.65,-1,-1,-1,-1
93,5,1112.55,705.74,73.21,206.31,-1,-1,-1,-1
94,5,1111.29,714.49,75.66,205.59,-1,-1,-1,-1
95,5,1111.92,729.65,74.32,202.82,-1,-1,-1,-1
96,5,1116.37,729.72,76.32,202.18,-1,-1,-1,-1
97,5,1110.42,745.00,77.08,203.92,-1,-1,-1,-1
98,5,1110.94,737.60,75.47,207.63,-1,-1,-1,-1
99,5,1111.54,752.95,72.56,203.40,-1,-1,-1,-1
100,5,1105.07,753.98,72.31,205.34,-1,-1,-1,-1
101,5,1103.17,762.15,73.18,200.92,-1,-1,-1,-1
102,5,1100.51,778.14,76.89,200.50,-1,-1,-1,-1
103,5,1094.58,770.77,75.86,205.06,-1,-1,-1,-1
104,5,1095.83,771.30,71.24,204.23,-1,-1,-1,-1
105,5,1085.99,787.15,74.66,202.19,-1,-1,-1,-1
106,5,1077.74,794.38,77.66,202.69,-1,-1,-1,-1
107,5,1078.15,800.80,73.96,202.67,-1,-1,-1,-1
108,5,1069.19,803.17,76.07,204.71,-1,-1,-1,-1
109,5,1061.67,801.54,76.23,202.11,-1,-1,-1,-1
110,5,1052.76,810.62,77.57,201.94,-1,-1,-1,-1
111,5,1046.19,817.43,76.22,201.23,-1,-1,-1,-1
112,5,1038.75,811.03,74.58,200.91,-1,-1,-1,-1
113,5,1029.26,810.22,78.43,201.67,-1,-1,-1,-1
114,5,1023.00,810.41,74.18,206.21,-1,-1,-1,-1
115,5,1013.25,824.22,77.97,203.05,-1,-1,-1,-1
116,5,1005.72,825.41,75.78,201.38,-1,-1,-1,-1
117,5,996.70,831.92,77.58,204.94,-1,-1,-1,-1
118,5,988.27,834.01,77.12,203.08,-1,-1,-1,-1
119,5,980.98,826.00,75.98,203.71,-1,-1,-1,-1
120,5,964.44,840.61,80.12,203.84,-1,-1,-1,-1
121,5,957.37,827.60,76.28,201.26,-1,-1,-1,-1
122,5,949.89,833.59,76.45,206.66,-1,-1,-1,-1
123,5,941.50,835.88,75.41,203.58,-1,-1,-1,-1
124,5,928.21,834.55,73.81,201.72,-1,-1,-1,-1
125,5,918.31,833.12,76.10,201.77,-1,-1,-1,-1
126,5,909.42,841.73,76.65,200.43,-1,-1,-1,-1
127,5,900.15,842.65,78.68,200.68,-1,-1,-1,-1
128,5,886.28,834.03,77.21,202.12,-1,-1,-1,-1
129,5,878.05,834.91,76.16,203.81,-1,-1,-1,-1
130,5,869.51,834.56,77.72,201.96,-1,-1,-1,-1
131,5,861.52,833.25,75.84,201.94,-1,-1,-1,-1
132,5,853.86,834.20,74.41,203.11,-1,-1,-1,-1
133,5,838.89,826.90,75.86,201.08,-1,-1,-1,-1
134,5,830.84,825.54,75.61,201.61,-1,-1,-1,-1
135,5,821.61,819.37,77.69,203.72,-1,-1,-1,-1
136,5,814.55,818.59,74.36,203.55,-1,-1,-1,-1
137,5,804.65,826.03,78.31,203.90,-1,-1,-1,-1
138,5,796.94,819.07,76.90,203.86,-1,-1,-1,-1
139,5,789.20,818.47,77.42,203.08,-1,-1,-1,-1
140,5,781.24,812.23,76.51,200.92,-1,-1,-1,-1
141,5,772.81,802.94,79.43,204.08,-1,-1,-1,-1
142,5,765.28,809.43,77.30,202.17,-1,-1,-1,-1
143,5,757.56,794.00,78.61,202.23,-1,-1,-1,-1
144,5,757.40,793.31,75.75,207.97,-1,-1,-1,-1
145,5,748.38,794.27,77.45,203.95,-1,-1,-1,-1
146,5,740.18,785.59,80.45,201.67,-1,-1,-1,-1
147,5,740.78,778.89,76.37,201.72,-1,-1,-1,-1
148,5,733.91,771.30,75.88,201.13,-1,-1,-1,-1
149,5,725.69,776.94,77.89,201.79,-1,-1,-1,-1
150,5,724.89,763.07,78.98,200.34,-1,-1,-1,-1
151,5,725.46,762.31,75.78,200.33,-1,-1,-1,-1
152,5,719.08,762.63,75.17,199.32,-1,-1,-1,-1
153,5,716.88,747.33,77.71,202.77,-1,-1,-1,-1
154,5,716.77,738.45,77.25,200.47,-1,-1,-1,-1
155,5,715.87,731.06,77.68,202.07,-1,-1,-1,-1
156,5,716.15,722.33,77.41,203.25,-1,-1,-1,-1
157,5,717.13,714.67,75.78,199.87,-1,-1,-1,-1
158,5,716.42,714.19,76.77,204.34,-1,-1,-1,-1
159,5,717.89,706.86,75.20,204.91,-1,-1,-1,-1
160,5,717.27,699.17,76.51,201.03,-1,-1,-1,-1
161,5,719.08,697.87,73.93,200.37,-1,-1,-1,-1
162,5,718.92,682.43,76.21,202.68,-1,-1,-1,-1
163,5,725.25,681.86,76.85,201.60,-1,-1,-1,-1
164,5,726.28,660.05,77.25,201.87,-1,-1,-1,-1
165,5,731.88,650.59,77.82,201.23,-1,-1,-1,-1
166,5,734.55,650.75,75.30,205.09,-1,-1,-1,-1
167,5,740.45,634.59,77.85,202.43,-1,-1,-1,-1
168,5,746.27,624.67,80.54,202.84,-1,-1,-1,-1
169,5,748.13,617.51,79.64,201.99,-1,-1,-1,-1
170,5,755.56,609.43,80.29,203.60,-1,-1,-1,-1
171,5,757.92,601.54,78.33,203.91,-1,-1,-1,-1
172,5,765.63,602.20,78.34,201.82,-1,-1,-1,-1
173,5,772.87,578.76,79.92,204.67,-1,-1,-1,-1
174,5,780.75,570.79,79.30,203.26,-1,-1,-1,-1
175,5,788.72,561.41,78.38,206.80,-1,-1,-1,-1
176,5,799.27,548.33,74.68,203.58,-1,-1,-1,-1
177,5,803.94,539.42,80.09,202.64,-1,-1,-1,-1
178,5,818.29,523.08,82.14,215.61,-1,-1,-1,-1
179,5,825.44,518.47,83.75,210.97,-1,-1,-1,-1
180,5,835.33,515.55,80.73,217.34,-1,-1,-1,-1
182,5,855.58,463.39,87.27,240.99,-1,-1,-1,-1
184,5,888.79,396.01,86.45,279.03,-1,-1,-1,-1
186,5,914.96,433.02,80.95,219.46,-1,-1,-1,-1
195,5,972.26,360.60,80.18,208.45,-1,-1,-1,-1
196,5,986.79,358.19,80.77,211.71,-1,-1,-1,-1
197,5,995.08,342.90,81.97,210.29,-1,-1,-1,-1
198,5,1004.02,336.69,81.76,205.41,-1,-1,-1,-1
199,5,1008.91,322.48,87.27,206.19,-1,-1,-1,-1
200,5,1018.14,319.16,85.02,206.35,-1,-1,-1,-1
201,5,1024.70,311.57,87.69,206.04,-1,-1,-1,-1
202,5,1032.94,297.64,87.22,207.37,-1,-1,-1,-1
203,5,1039.45,289.62,89.46,208.36,-1,-1,-1,-1
204,5,1049.03,286.33,86.77,208.20,-1,-1,-1,-1
205,5,1052.75,272.23,93.31,208.91,-1,-1,-1,-1
206,5,1061.40,258.19,91.98,207.06,-1,-1,-1,-1
207,5,1061.98,249.00,93.22,209.58,-1,-1,-1,-1
208,5,1069.38,248.26,92.85,205.54,-1,-1,-1,-1
209,5,1080.38,241.15,86.19,205.66,-1,-1,-1,-1
210,5,1080.39,221.88,88.45,209.07,-1,-1,-1,-1
211,5,1086.64,223.61,89.58,209.31,-1,-1,-1,-1
212,5,1088.64,207.19,88.15,208.75,-1,-1,-1,-1
213,5,1094.49,199.05,91.13,208.21,-1,-1,-1,-1
214,5,1101.62,198.43,90.73,208.09,-1,-1,-1,-1
215,5,1101.28,190.34,91.32,209.79,-1,-1,-1,-1
216,5,1101.28,182.54,91.80,208.79,-1,-1,-1,-1
217,5,1103.70,172.93,87.61,210.29,-1,-1,-1,-1
218,5,1103.87,159.49,87.14,209.74,-1,-1,-1,-1
219,5,1102.83,151.58,89.89,206.11,-1,-1,-1,-1
220,5,1102.85,144.33,89.56,209.17,-1,-1,-1,-1
221,5,1103.69,143.59,87.87,208.19,-1,-1,-1,-1
222,5,1100.83,135.48,93.59,207.12,-1,-1,-1,-1
223,5,1101.44,135.32,91.58,207.40,-1,-1,-1,-1
224,5,1103.70,111.82,86.91,211.17,-1,-1,-1,-1
225,5,1098.51,114.83,84.53,205.43,-1,-1,-1,-1
226,5,1097.57,114.81,84.31,205.43,-1,-1,-1,-1
227,5,1095.46,105.70,86.90,205.52,-1,-1,-1,-1
228,5,1089.48,98.09,83.89,205.52,-1,-1,-1,-1
229,5,1083.29,90.07,82.25,205.41,-1,-1,-1,-1
230,5,1076.11,89.88,81.61,205.76,-1,-1,-1,-1
231,5,1073.50,88.64,84.95,203.81,-1,-1,-1,-1
232,5,1072.10,87.56,85.67,206.05,-1,-1,-1,-1
233,5,1066.31,80.05,81.82,205.55,-1,-1,-1,-1
234,5,1056.96,73.43,84.66,206.20,-1,-1,-1,-1
235,5,1051.29,67.25,80.78,205.11,-1,-1,-1,-1
236,5,1040.42,71.50,86.06,204.83,-1,-1,-1,-1
237,5,1034.02,57.38,83.35,205.74,-1,-1,-1,-1
238,5,1026.24,63.60,82.09,205.07,-1,-1,-1,-1
239,5,1020.26,47.83,78.74,206.55,-1,-1,-1,-1
240,5,1010.44,47.27,81.96,206.10,-1,-1,-1,-1
241,5,1002.94,48.14,80.78,205.98,-1,-1,-1,-1
242,5,995.02,47.81,80.43,208.52,-1,-1,-1,-1
243,5,985.58,40.85,82.59,205.93,-1,-1,-1,-1
244,5,978.20,40.51,81.47,210.17,-1,-1,-1,-1
245,5,963.94,47.35,80.23,206.59,-1,-1,-1,-1
246,5,956.37,48.20,78.43,204.60,-1,-1,-1,-1
247,5,946.17,33.79,82.20,206.03,-1,-1,-1,-1
248,5,938.32,34.78,81.02,206.40,-1,-1,-1,-1
249,5,923.55,39.92,82.19,205.13,-1,-1,-1,-1
250,5,913.33,39.76,84.22,204.45,-1,-1,-1,-1
