2,1,372.90,432.46,92.37,206.47,-1,-1,-1,-1
3,1,381.81,441.17,90.44,203.90,-1,-1,-1,-1
4,1,380.53,432.78,95.16,203.66,-1,-1,-1,-1
5,1,389.51,439.02,90.84,207.73,-1,-1,-1,-1
6,1,388.25,440.69,96.98,203.74,-1,-1,-1,-1
7,1,397.22,433.03,92.09,203.45,-1,-1,-1,-1
8,1,397.31,432.04,94.47,207.39,-1,-1,-1,-1
9,1,404.86,433.26,93.44,203.71,-1,-1,-1,-1
10,1,403.05,432.84,99.49,208.39,-1,-1,-1,-1
11,1,413.60,432.79,92.36,204.29,-1,-1,-1,-1
12,1,421.39,439.23,90.78,206.82,-1,-1,-1,-1
13,1,421.39,441.42,93.46,203.30,-1,-1,-1,-1
14,1,429.80,440.08,91.18,204.34,-1,-1,-1,-1
15,1,427.58,432.96,97.90,206.41,-1,-1,-1,-1
16,1,436.75,432.25,92.59,208.85,-1,-1,-1,-1
17,1,438.31,432.79,91.98,207.81,-1,-1,-1,-1
18,1,446.25,433.00,90.45,204.03,-1,-1,-1,-1
19,1,446.27,432.66,92.98,203.32,-1,-1,-1,-1
20,1,453.75,432.69,92.09,203.36,-1,-1,-1,-1
21,1,461.10,425.83,90.84,206.58,-1,-1,-1,-1
22,1,462.09,433.07,91.46,202.73,-1,-1,-1,-1
23,1,467.33,431.54,94.96,209.76,-1,-1,-1,-1
24,1,466.70,433.43,98.88,202.94,-1,-1,-1,-1
25,1,475.62,432.74,94.99,208.41,-1,-1,-1,-1
26,1,478.27,440.18,93.10,205.35,-1,-1,-1,-1
27,1,484.41,432.79,93.69,204.34,-1,-1,-1,-1
28,1,485.92,425.57,92.88,206.66,-1,-1,-1,-1
29,1,495.17,432.28,88.95,209.20,-1,-1,-1,-1
30,1,492.48,432.42,96.83,204.45,-1,-1,-1,-1
31,1,500.81,432.44,92.21,205.43,-1,-1,-1,-1
32,1,501.21,433.50,94.98,201.69,-1,-1,-1,-1
33,1,510.11,433.26,92.60,204.09,-1,-1,-1,-1
34,1,517.31,439.55,91.80,206.89,-1,-1,-1,-1
35,1,515.91,432.84,96.82,203.02,-1,-1,-1,-1
36,1,524.60,440.13,93.89,204.62,-1,-1,-1,-1
37,1,522.00,432.57,101.68,207.68,-1,-1,-1,-1
38,1,532.22,430.04,93.52,213.57,-1,-1,-1,-1
39,1,530.01,432.32,101.04,203.93,-1,-1,-1,-1
40,1,541.98,439.08,91.36,206.53,-1,-1,-1,-1
41,1,546.77,432.16,95.85,210.43,-1,-1,-1,-1
42,1,547.60,432.55,96.05,207.34,-1,-1,-1,-1
43,1,557.11,433.94,91.03,206.81,-1,-1,-1,-1
44,1,557.14,441.01,95.28,204.10,-1,-1,-1,-1
45,1,564.24,432.43,93.12,206.58,-1,-1,-1,-1
46,1,564.06,433.58,95.29,203.27,-1,-1,-1,-1
47,1,573.75,440.49,91.89,204.49,-1,-1,-1,-1
48,1,573.14,432.01,95.07,208.70,-1,-1,-1,-1
49,1,580.33,432.73,94.97,204.40,-1,-1,-1,-1
50,1,582.06,433.04,93.66,204.29,-1,-1,-1,-1
51,1,589.68,432.91,92.51,204.63,-1,-1,-1,-1
52,1,596.28,438.66,92.75,208.47,-1,-1,-1,-1
53,1,595.07,432.23,97.73,204.92,-1,-1,-1,-1
54,1,604.84,431.99,91.92,207.53,-1,-1,-1,-1
55,1,604.20,424.08,96.03,210.09,-1,-1,-1,-1
56,1,613.22,430.74,90.98,209.98,-1,-1,-1,-1
57,1,611.24,424.93,98.09,208.52,-1,-1,-1,-1
58,1,622.09,439.89,91.11,205.40,-1,-1,-1,-1
59,1,626.64,432.27,95.95,206.04,-1,-1,-1,-1
60,1,627.49,431.61,95.22,208.29,-1,-1,-1,-1
61,1,630.01,432.83,94.37,208.59,-1,-1,-1,-1
62,1,635.51,432.94,97.36,204.26,-1,-1,-1,-1
63,1,635.29,432.22,99.42,205.10,-1,-1,-1,-1
64,1,643.22,439.98,97.96,206.74,-1,-1,-1,-1
65,1,652.51,439.50,93.73,206.84,-1,-1,-1,-1
66,1,653.15,439.99,95.43,206.59,-1,-1,-1,-1
67,1,660.00,431.24,95.12,210.53,-1,-1,-1,-1
68,1,658.55,432.07,100.04,207.32,-1,-1,-1,-1
69,1,668.95,431.89,93.94,206.88,-1,-1,-1,-1
70,1,670.07,439.49,93.88,207.74,-1,-1,-1,-1
71,1,677.70,439.68,91.99,206.03,-1,-1,-1,-1
72,1,681.45,431.36,99.92,206.83,-1,-1,-1,-1
73,1,685.91,438.61,92.42,207.94,-1,-1,-1,-1
74,1,692.73,439.23,93.19,207.56,-1,-1,-1,-1
75,1,690.39,439.88,99.33,207.71,-1,-1,-1,-1
76,1,692.39,431.65,96.99,207.23,-1,-1,-1,-1
77,1,698.20,431.28,101.26,209.32,-1,-1,-1,-1
78,1,708.31,430.70,93.91,210.35,-1,-1,-1,-1
79,1,709.74,439.87,94.35,206.20,-1,-1,-1,-1
80,1,715.21,431.36,97.66,211.73,-1,-1,-1,-1
81,1,716.08,432.39,97.78,206.82,-1,-1,-1,-1
82,1,724.53,438.78,94.07,208.15,-1,-1,-1,-1
83,1,733.35,439.52,90.74,207.01,-1,-1,-1,-1
84,1,731.80,439.02,98.34,207.83,-1,-1,-1,-1
85,1,740.47,437.83,93.14,209.29,-1,-1,-1,-1
86,1,740.50,431.95,94.13,208.26,-1,-1,-1,-1
87,1,747.16,431.57,96.25,206.28,-1,-1,-1,-1
88,1,749.42,431.34,94.04,206.41,-1,-1,-1,-1
89,1,756.91,423.95,92.00,210.17,-1,-1,-1,-1
90,1,755.35,425.04,98.84,208.57,-1,-1,-1,-1
91,1,763.29,424.57,97.35,209.11,-1,-1,-1,-1
92,1,769.51,430.87,98.48,208.14,-1,-1,-1,-1
93,1,772.20,431.10,95.48,211.48,-1,-1,-1,-1
94,1,781.99,439.30,89.62,206.54,-1,-1,-1,-1
95,1,779.02,433.38,99.32,206.52,-1,-1,-1,-1
96,1,787.36,432.11,95.59,205.36,-1,-1,-1,-1
97,1,787.66,439.43,97.48,206.23,-1,-1,-1,-1
98,1,796.79,430.69,92.84,211.36,-1,-1,-1,-1
99,1,794.62,431.30,100.43,206.24,-1,-1,-1,-1
100,1,804.71,430.52,93.72,211.24,-1,-1,-1,-1
101,1,803.23,432.70,98.86,203.41,-1,-1,-1,-1
102,1,811.62,432.26,96.67,204.86,-1,-1,-1,-1
103,1,818.63,431.10,95.90,210.55,-1,-1,-1,-1
104,1,818.82,432.57,97.76,204.08,-1,-1,-1,-1
105,1,827.62,432.43,94.87,205.42,-1,-1,-1,-1
106,1,830.63,431.21,92.03,211.62,-1,-1,-1,-1
107,1,835.62,431.68,95.15,207.75,-1,-1,-1,-1
108,1,837.60,433.95,93.09,200.61,-1,-1,-1,-1
109,1,845.47,431.85,93.26,210.11,-1,-1,-1,-1
110,1,849.88,439.08,97.19,208.84,-1,-1,-1,-1
111,1,850.81,432.21,97.47,205.60,-1,-1,-1,-1
112,1,860.58,438.93,92.45,207.29,-1,-1,-1,-1
113,1,859.84,430.35,95.79,209.71,-1,-1,-1,-1
114,1,866.78,430.64,96.94,212.56,-1,-1,-1,-1
115,1,868.30,432.57,94.80,204.22,-1,-1,-1,-1
116,1,876.81,432.22,91.79,204.55,-1,-1,-1,-1
117,1,874.74,431.45,99.66,209.54,-1,-1,-1,-1
118,1,881.93,431.71,98.38,206.53,-1,-1,-1,-1
119,1,884.72,439.60,96.30,206.23,-1,-1,-1,-1
120,1,892.95,430.68,93.54,209.20,-1,-1,-1,-1
121,1,897.20,437.78,99.08,210.93,-1,-1,-1,-1
122,1,899.77,431.00,95.47,207.74,-1,-1,-1,-1
123,1,908.04,432.38,93.35,204.29,-1,-1,-1,-1
124,1,908.56,431.98,95.82,207.41,-1,-1,-1,-1
125,1,914.82,431.51,96.61,206.71,-1,-1,-1,-1
126,1,916.03,431.65,95.05,208.58,-1,-1,-1,-1
127,1,924.52,431.10,93.30,211.33,-1,-1,-1,-1
128,1,931.21,438.16,94.63,209.96,-1,-1,-1,-1
129,1,929.66,430.41,99.42,208.88,-1,-1,-1,-1
130,1,932.53,431.93,94.78,205.78,-1,-1,-1,-1
131,1,940.88,439.30,94.57,207.26,-1,-1,-1,-1
132,1,938.21,431.27,101.34,209.77,-1,-1,-1,-1
133,1,947.51,430.82,95.50,207.45,-1,-1,-1,-1
134,1,954.47,424.71,96.85,209.72,-1,-1,-1,-1
135,1,957.18,438.67,94.74,207.72,-1,-1,-1,-1
136,1,964.50,428.68,93.05,214.80,-1,-1,-1,-1
137,1,963.44,430.33,96.96,212.82,-1,-1,-1,-1
138,1,972.74,431.72,93.16,211.50,-1,-1,-1,-1
139,1,970.70,430.89,100.52,209.26,-1,-1,-1,-1
140,1,979.63,429.73,96.47,212.60,-1,-1,-1,-1
141,1,981.95,439.40,94.20,207.39,-1,-1,-1,-1
142,1,989.71,429.10,90.61,210.90,-1,-1,-1,-1
143,1,992.36,438.85,86.08,207.70,-1,-1,-1,-1
144,1,993.28,440.96,84.64,206.35,-1,-1,-1,-1
145,1,998.86,438.25,73.24,196.97,-1,-1,-1,-1
146,1,995.83,442.39,80.88,201.69,-1,-1,-1,-1
154,1,1078.33,430.79,59.99,210.13,-1,-1,-1,-1
155,1,1075.29,431.39,65.43,211.07,-1,-1,-1,-1
156,1,1072.38,441.19,71.60,204.19,-1,-1,-1,-1
157,1,1071.38,440.53,75.62,204.39,-1,-1,-1,-1
158,1,1068.52,441.23,81.36,204.87,-1,-1,-1,-1
159,1,1071.71,440.94,86.58,205.97,-1,-1,-1,-1
160,1,1069.41,430.93,93.83,208.58,-1,-1,-1,-1
161,1,1078.56,425.58,88.25,207.85,-1,-1,-1,-1
162,1,1078.83,431.47,90.07,210.39,-1,-1,-1,-1
163,1,1079.93,435.48,89.52,199.95,-1,-1,-1,-1
164,1,1086.47,432.76,91.68,203.35,-1,-1,-1,-1
165,1,1092.33,424.14,94.10,210.03,-1,-1,-1,-1
166,1,1094.99,433.67,90.07,202.03,-1,-1,-1,-1
167,1,1102.03,433.09,91.06,202.65,-1,-1,-1,-1
168,1,1103.65,433.82,90.34,202.89,-1,-1,-1,-1
169,1,1109.61,432.15,92.04,207.31,-1,-1,-1,-1
170,1,1108.12,431.84,96.40,206.10,-1,-1,-1,-1
171,1,1117.90,431.19,92.19,207.86,-1,-1,-1,-1
172,1,1118.29,432.16,93.77,206.28,-1,-1,-1,-1
173,1,1125.83,431.00,92.13,209.03,-1,-1,-1,-1
174,1,1134.61,431.45,87.88,210.69,-1,-1,-1,-1
175,1,1134.99,439.70,90.88,207.39,-1,-1,-1,-1
176,1,1140.39,430.07,93.28,212.89,-1,-1,-1,-1
177,1,1138.13,437.06,99.94,211.81,-1,-1,-1,-1
178,1,1148.81,431.48,92.55,206.90,-1,-1,-1,-1
179,1,1155.59,429.00,93.99,215.88,-1,-1,-1,-1
180,1,1155.61,430.48,96.08,212.31,-1,-1,-1,-1
181,1,1155.75,431.89,97.80,207.71,-1,-1,-1,-1
182,1,1165.03,431.06,93.38,207.27,-1,-1,-1,-1
183,1,1162.51,431.30,100.72,208.92,-1,-1,-1,-1
184,1,1172.30,422.02,93.68,214.32,-1,-1,-1,-1
185,1,1180.15,429.81,93.16,213.07,-1,-1,-1,-1
186,1,1180.39,422.42,95.98,213.83,-1,-1,-1,-1
187,1,1188.14,428.07,93.58,217.81,-1,-1,-1,-1
188,1,1187.79,430.50,97.06,212.38,-1,-1,-1,-1
189,1,1196.55,430.06,93.57,213.74,-1,-1,-1,-1
190,1,1195.20,430.75,100.03,211.47,-1,-1,-1,-1
191,1,1202.89,421.08,97.64,216.48,-1,-1,-1,-1
192,1,1205.97,429.25,93.57,215.81,-1,-1,-1,-1
193,1,1213.48,423.64,90.41,211.65,-1,-1,-1,-1
194,1,1208.97,423.07,87.55,211.81,-1,-1,-1,-1
195,1,1217.76,434.91,83.38,200.19,-1,-1,-1,-1
205,1,1294.07,439.90,61.53,206.89,-1,-1,-1,-1
206,1,1290.59,431.92,69.71,206.63,-1,-1,-1,-1
207,1,1291.45,437.31,78.43,209.94,-1,-1,-1,-1
208,1,1289.89,431.84,81.88,207.05,-1,-1,-1,-1
209,1,1287.65,430.94,88.59,208.96,-1,-1,-1,-1
210,1,1288.98,439.44,88.33,206.61,-1,-1,-1,-1
211,1,1295.20,430.92,90.94,211.08,-1,-1,-1,-1
212,1,1301.35,430.57,90.68,209.54,-1,-1,-1,-1
213,1,1302.20,429.23,90.87,214.93,-1,-1,-1,-1
214,1,1308.26,423.34,93.50,211.57,-1,-1,-1,-1
215,1,1309.01,439.29,95.74,207.57,-1,-1,-1,-1
216,1,1316.80,429.61,93.19,213.33,-1,-1,-1,-1
217,1,1318.97,432.33,90.58,207.97,-1,-1,-1,-1
218,1,1327.35,432.84,87.85,204.87,-1,-1,-1,-1
219,1,1327.88,431.73,90.16,208.87,-1,-1,-1,-1
220,1,1333.67,439.21,92.09,208.92,-1,-1,-1,-1
221,1,1334.87,431.74,92.16,209.51,-1,-1,-1,-1
222,1,1344.56,440.33,88.30,205.45,-1,-1,-1,-1
223,1,1348.08,431.22,93.62,208.15,-1,-1,-1,-1
224,1,1351.91,423.60,87.51,210.15,-1,-1,-1,-1
225,1,1355.07,424.01,95.93,209.71,-1,-1,-1,-1
226,1,1356.88,431.14,96.20,209.89,-1,-1,-1,-1
227,1,1365.95,430.01,91.35,213.51,-1,-1,-1,-1
228,1,1365.42,431.81,94.36,210.88,-1,-1,-1,-1
229,1,1372.42,431.91,95.46,207.00,-1,-1,-1,-1
230,1,1372.35,421.96,97.17,214.10,-1,-1,-1,-1
231,1,1380.96,429.20,93.31,212.99,-1,-1,-1,-1
232,1,1382.19,422.33,92.43,212.62,-1,-1,-1,-1
233,1,1389.68,431.52,92.66,206.92,-1,-1,-1,-1
234,1,1396.47,421.98,92.70,213.90,-1,-1,-1,-1
235,1,1395.03,422.45,97.25,211.72,-1,-1,-1,-1
236,1,1407.17,431.35,87.54,210.91,-1,-1,-1,-1
237,1,1402.94,432.24,99.08,205.13,-1,-1,-1,-1
238,1,1413.44,437.43,92.13,210.63,-1,-1,-1,-1
239,1,1414.32,422.53,91.63,212.24,-1,-1,-1,-1
240,1,1423.37,439.03,88.92,208.09,-1,-1,-1,-1
241,1,1419.87,431.62,98.21,207.07,-1,-1,-1,-1
242,1,1426.99,422.02,96.74,213.91,-1,-1,-1,-1
243,1,1437.06,430.45,90.82,212.50,-1,-1,-1,-1
244,1,1435.45,431.23,97.53,207.21,-1,-1,-1,-1
245,1,1444.35,429.51,93.00,213.12,-1,-1,-1,-1
246,1,1442.49,421.80,99.08,212.74,-1,-1,-1,-1
247,1,1451.78,431.15,95.54,211.69,-1,-1,-1,-1
248,1,1454.05,439.12,93.60,208.13,-1,-1,-1,-1
249,1,1459.12,430.52,96.29,208.60,-1,-1,-1,-1
250,1,1458.84,430.56,99.93,211.79,-1,-1,-1,-1
2,2,1675.78,432.54,80.45,209.16,-1,-1,-1,-1
3,2,1674.58,439.45,80.77,205.10,-1,-1,-1,-1
4,2,1666.62,439.71,83.19,206.19,-1,-1,-1,-1
5,2,1668.17,439.60,77.67,206.68,-1,-1,-1,-1
6,2,1657.69,430.64,84.00,207.65,-1,-1,-1,-1
7,2,1652.59,440.53,79.94,208.28,-1,-1,-1,-1
8,2,1648.48,440.62,86.10,206.91,-1,-1,-1,-1
9,2,1647.93,441.85,72.94,203.90,-1,-1,-1,-1
10,2,1641.34,433.27,83.96,208.45,-1,-1,-1,-1
11,2,1635.89,440.11,80.97,203.62,-1,-1,-1,-1
12,2,1634.79,431.37,80.74,206.59,-1,-1,-1,-1
13,2,1626.70,440.15,81.87,205.05,-1,-1,-1,-1
14,2,1620.34,440.67,81.12,204.77,-1,-1,-1,-1
15,2,1619.26,432.36,81.91,210.03,-1,-1,-1,-1
16,2,1611.07,439.51,83.59,210.30,-1,-1,-1,-1
17,2,1612.16,440.19,78.23,204.90,-1,-1,-1,-1
18,2,1605.14,432.58,79.64,208.70,-1,-1,-1,-1
19,2,1601.79,439.85,82.92,208.08,-1,-1,-1,-1
20,2,1595.92,441.93,80.43,204.96,-1,-1,-1,-1
21,2,1595.26,431.50,79.55,206.36,-1,-1,-1,-1
22,2,1587.64,431.94,81.51,211.00,-1,-1,-1,-1
23,2,1586.86,439.62,80.16,207.86,-1,-1,-1,-1
24,2,1580.52,439.39,77.73,205.86,-1,-1,-1,-1
25,2,1573.06,441.15,79.54,204.31,-1,-1,-1,-1
26,2,1568.98,431.57,85.87,207.59,-1,-1,-1,-1
27,2,1564.60,440.44,79.83,204.96,-1,-1,-1,-1
28,2,1563.89,432.05,79.01,208.26,-1,-1,-1,-1
29,2,1554.71,439.45,82.99,208.32,-1,-1,-1,-1
30,2,1555.26,440.10,80.32,209.18,-1,-1,-1,-1
31,2,1549.22,432.54,78.59,209.11,-1,-1,-1,-1
32,2,1538.65,432.02,84.05,207.23,-1,-1,-1,-1
33,2,1539.58,439.40,80.90,208.68,-1,-1,-1,-1
34,2,1535.80,441.64,74.11,206.42,-1,-1,-1,-1
36,2,1526.54,439.68,76.36,204.65,-1,-1,-1,-1
37,2,1521.78,438.86,83.93,206.48,-1,-1,-1,-1
38,2,1513.85,440.25,84.88,208.85,-1,-1,-1,-1
39,2,1514.26,440.91,81.19,206.04,-1,-1,-1,-1
40,2,1508.07,441.56,80.67,206.29,-1,-1,-1,-1
41,2,1508.06,432.31,79.50,208.17,-1,-1,-1,-1
42,2,1500.97,441.31,77.57,204.91,-1,-1,-1,-1
43,2,1499.62,441.60,78.46,203.64,-1,-1,-1,-1
44,2,1492.48,439.71,78.88,209.27,-1,-1,-1,-1
45,2,1488.62,439.63,72.66,206.17,-1,-1,-1,-1
46,2,1481.86,440.17,82.91,208.15,-1,-1,-1,-1
47,2,1475.29,432.16,82.14,205.50,-1,-1,-1,-1
48,2,1476.28,431.91,79.47,211.03,-1,-1,-1,-1
49,2,1470.64,439.84,74.26,205.59,-1,-1,-1,-1
50,2,1465.40,432.66,83.79,209.67,-1,-1,-1,-1
51,2,1461.38,431.96,77.98,207.12,-1,-1,-1,-1
52,2,1458.46,430.68,81.85,213.86,-1,-1,-1,-1
53,2,1453.43,439.35,76.65,206.15,-1,-1,-1,-1
54,2,1441.45,431.63,86.17,207.07,-1,-1,-1,-1
55,2,1443.20,439.21,81.05,208.59,-1,-1,-1,-1
56,2,1436.17,440.21,81.40,205.60,-1,-1,-1,-1
57,2,1435.04,440.44,80.22,205.74,-1,-1,-1,-1
58,2,1428.80,440.79,79.73,204.78,-1,-1,-1,-1
59,2,1424.94,430.79,84.62,209.20,-1,-1,-1,-1
60,2,1418.23,431.15,83.59,208.42,-1,-1,-1,-1
61,2,1419.48,432.35,79.63,207.87,-1,-1,-1,-1
62,2,1409.71,431.76,84.69,205.51,-1,-1,-1,-1
63,2,1409.81,439.13,82.57,210.68,-1,-1,-1,-1
64,2,1403.75,440.55,79.64,204.97,-1,-1,-1,-1
65,2,1398.02,439.55,77.59,205.39,-1,-1,-1,-1
66,2,1392.99,431.14,85.71,212.72,-1,-1,-1,-1
67,2,1391.06,431.72,76.03,210.10,-1,-1,-1,-1
68,2,1387.06,431.36,80.74,206.21,-1,-1,-1,-1
69,2,1378.80,432.13,83.46,210.63,-1,-1,-1,-1
70,2,1380.43,431.60,78.64,210.92,-1,-1,-1,-1
71,2,1373.18,432.05,78.65,210.59,-1,-1,-1,-1
72,2,1362.23,439.40,84.79,208.17,-1,-1,-1,-1
73,2,1361.34,439.39,85.35,208.88,-1,-1,-1,-1
74,2,1361.07,429.79,83.45,209.26,-1,-1,-1,-1
75,2,1355.81,431.06,79.77,207.67,-1,-1,-1,-1
76,2,1353.57,431.88,82.57,206.23,-1,-1,-1,-1
77,2,1345.50,439.05,83.97,209.38,-1,-1,-1,-1
78,2,1342.64,440.33,75.64,206.37,-1,-1,-1,-1
79,2,1338.93,440.16,80.32,204.77,-1,-1,-1,-1
80,2,1332.66,439.38,79.68,206.55,-1,-1,-1,-1
81,2,1331.03,438.99,80.81,205.71,-1,-1,-1,-1
82,2,1325.05,431.05,78.04,208.79,-1,-1,-1,-1
83,2,1321.72,439.37,82.33,206.64,-1,-1,-1,-1
84,2,1313.67,431.66,84.80,207.03,-1,-1,-1,-1
85,2,1312.39,431.74,85.08,210.77,-1,-1,-1,-1
86,2,1305.62,439.06,83.80,205.39,-1,-1,-1,-1
87,2,1297.68,438.23,85.31,208.26,-1,-1,-1,-1
88,2,1296.68,432.02,86.18,209.48,-1,-1,-1,-1
89,2,1291.40,438.39,81.93,206.88,-1,-1,-1,-1
90,2,1288.96,430.60,84.11,206.63,-1,-1,-1,-1
91,2,1282.27,438.21,84.01,208.09,-1,-1,-1,-1
92,2,1280.70,432.04,84.52,209.52,-1,-1,-1,-1
93,2,1274.56,430.66,81.91,206.20,-1,-1,-1,-1
94,2,1269.33,432.17,79.12,204.89,-1,-1,-1,-1
95,2,1266.62,439.66,82.22,210.01,-1,-1,-1,-1
96,2,1267.26,430.89,78.94,207.48,-1,-1,-1,-1
97,2,1258.98,430.98,80.78,205.69,-1,-1,-1,-1
98,2,1249.81,439.69,85.17,206.98,-1,-1,-1,-1
99,2,1249.71,439.54,83.03,208.16,-1,-1,-1,-1
100,2,1243.65,440.32,80.36,206.32,-1,-1,-1,-1
101,2,1241.26,439.71,83.47,205.53,-1,-1,-1,-1
102,2,1234.54,432.59,83.62,210.43,-1,-1,-1,-1
103,2,1227.09,439.55,83.71,207.05,-1,-1,-1,-1
104,2,1225.59,439.63,84.18,204.73,-1,-1,-1,-1
105,2,1225.85,432.29,82.01,205.81,-1,-1,-1,-1
106,2,1218.33,432.05,83.38,204.86,-1,-1,-1,-1
107,2,1211.31,439.63,82.76,206.07,-1,-1,-1,-1
108,2,1210.72,433.12,81.63,208.13,-1,-1,-1,-1
109,2,1201.82,432.27,85.08,210.13,-1,-1,-1,-1
110,2,1201.60,438.88,83.50,208.02,-1,-1,-1,-1
111,2,1193.86,431.03,85.54,206.42,-1,-1,-1,-1
112,2,1194.67,432.04,80.92,209.08,-1,-1,-1,-1
113,2,1185.14,439.42,85.71,207.55,-1,-1,-1,-1
114,2,1179.25,440.11,83.72,206.54,-1,-1,-1,-1
115,2,1178.59,432.68,82.51,206.97,-1,-1,-1,-1
116,2,1170.75,431.75,84.24,210.32,-1,-1,-1,-1
117,2,1169.97,438.73,83.24,211.49,-1,-1,-1,-1
118,2,1163.80,431.91,82.31,207.58,-1,-1,-1,-1
119,2,1160.82,424.89,84.33,210.04,-1,-1,-1,-1
120,2,1157.23,432.33,79.05,203.30,-1,-1,-1,-1
121,2,1155.46,431.63,79.32,210.25,-1,-1,-1,-1
122,2,1146.80,431.08,82.55,205.33,-1,-1,-1,-1
123,2,1145.80,433.08,82.19,209.42,-1,-1,-1,-1
124,2,1137.36,439.26,85.65,207.92,-1,-1,-1,-1
125,2,1132.13,439.25,81.91,205.15,-1,-1,-1,-1
126,2,1131.34,432.99,80.96,208.04,-1,-1,-1,-1
127,2,1125.33,439.69,79.26,204.11,-1,-1,-1,-1
128,2,1123.66,439.20,79.97,204.63,-1,-1,-1,-1
129,2,1117.23,432.34,78.10,208.63,-1,-1,-1,-1
130,2,1113.75,433.34,82.89,208.99,-1,-1,-1,-1
131,2,1107.14,432.25,82.42,205.91,-1,-1,-1,-1
132,2,1105.89,438.78,82.31,205.18,-1,-1,-1,-1
133,2,1098.73,432.91,82.79,208.08,-1,-1,-1,-1
134,2,1098.34,432.96,81.14,205.08,-1,-1,-1,-1
135,2,1089.88,432.25,84.31,206.24,-1,-1,-1,-1
136,2,1091.25,431.76,78.94,210.65,-1,-1,-1,-1
137,2,1081.58,431.63,83.77,209.96,-1,-1,-1,-1
138,2,1077.12,432.15,78.90,204.19,-1,-1,-1,-1
139,2,1074.10,431.66,82.31,210.61,-1,-1,-1,-1
140,2,1067.38,431.78,82.36,210.25,-1,-1,-1,-1
141,2,1060.08,438.46,81.98,208.75,-1,-1,-1,-1
142,2,1060.79,438.78,79.33,206.10,-1,-1,-1,-1
143,2,1058.63,428.84,81.60,211.92,-1,-1,-1,-1
144,2,1052.82,438.82,78.30,207.52,-1,-1,-1,-1
145,2,1044.09,431.89,81.05,204.96,-1,-1,-1,-1
146,2,1040.52,438.58,86.04,208.45,-1,-1,-1,-1
147,2,1034.51,430.84,83.80,207.17,-1,-1,-1,-1
148,2,1035.87,432.56,79.05,205.09,-1,-1,-1,-1
149,2,1025.95,432.25,83.75,205.36,-1,-1,-1,-1
150,2,1024.13,429.86,85.74,210.43,-1,-1,-1,-1
151,2,1017.82,429.65,83.92,209.36,-1,-1,-1,-1
152,2,1012.53,439.81,81.07,205.08,-1,-1,-1,-1
153,2,1011.35,430.63,81.33,210.01,-1,-1,-1,-1
154,2,1010.71,431.15,80.07,211.68,-1,-1,-1,-1
155,2,1002.06,438.48,83.73,206.54,-1,-1,-1,-1
156,2,994.32,431.66,84.76,207.45,-1,-1,-1,-1
157,2,993.21,438.68,84.74,206.95,-1,-1,-1,-1
158,2,994.68,431.59,80.18,207.88,-1,-1,-1,-1
159,2,988.47,432.14,77.52,203.06,-1,-1,-1,-1
160,2,978.59,433.37,83.75,207.60,-1,-1,-1,-1
161,2,979.87,432.00,79.70,202.97,-1,-1,-1,-1
162,2,972.54,433.10,79.85,209.64,-1,-1,-1,-1
163,2,969.07,433.10,83.57,202.61,-1,-1,-1,-1
164,2,963.35,433.67,82.33,208.05,-1,-1,-1,-1
165,2,963.19,439.44,79.42,205.75,-1,-1,-1,-1
166,2,956.76,433.04,78.02,208.09,-1,-1,-1,-1
167,2,949.11,432.61,79.57,202.89,-1,-1,-1,-1
168,2,948.33,432.93,79.77,206.12,-1,-1,-1,-1
169,2,941.10,431.82,79.81,204.01,-1,-1,-1,-1
170,2,938.83,432.21,81.02,205.08,-1,-1,-1,-1
171,2,929.99,439.96,85.07,205.98,-1,-1,-1,-1
172,2,931.24,432.13,80.36,204.32,-1,-1,-1,-1
173,2,924.44,433.08,80.11,206.51,-1,-1,-1,-1
174,2,916.66,439.98,80.65,204.94,-1,-1,-1,-1
175,2,917.98,433.53,76.92,203.72,-1,-1,-1,-1
176,2,916.74,432.21,76.77,203.26,-1,-1,-1,-1
177,2,907.13,438.94,81.16,205.09,-1,-1,-1,-1
178,2,907.81,433.31,78.06,200.98,-1,-1,-1,-1
179,2,899.95,433.86,79.73,207.03,-1,-1,-1,-1
180,2,897.69,433.22,82.09,207.13,-1,-1,-1,-1
181,2,890.21,440.25,82.07,203.01,-1,-1,-1,-1
182,2,885.38,441.15,78.85,202.47,-1,-1,-1,-1
183,2,885.01,433.08,77.32,202.73,-1,-1,-1,-1
184,2,879.91,433.78,73.10,205.79,-1,-1,-1,-1
185,2,877.67,434.12,75.43,205.91,-1,-1,-1,-1
186,2,870.22,433.74,76.76,207.19,-1,-1,-1,-1
187,2,870.54,432.73,73.39,206.20,-1,-1,-1,-1
188,2,860.31,433.89,79.90,202.60,-1,-1,-1,-1
189,2,852.90,434.24,79.38,207.33,-1,-1,-1,-1
190,2,851.74,435.85,79.56,204.11,-1,-1,-1,-1
191,2,840.58,440.42,87.22,205.37,-1,-1,-1,-1
192,2,844.34,434.91,78.44,206.05,-1,-1,-1,-1
193,2,845.76,440.89,75.67,205.89,-1,-1,-1,-1
194,2,845.96,433.42,74.75,206.34,-1,-1,-1,-1
206,2,778.77,441.94,64.38,200.90,-1,-1,-1,-1
207,2,779.80,434.10,62.70,202.21,-1,-1,-1,-1
208,2,770.96,433.96,68.57,202.79,-1,-1,-1,-1
209,2,769.53,433.21,70.30,207.80,-1,-1,-1,-1
210,2,763.13,440.66,79.80,206.74,-1,-1,-1,-1
211,2,756.10,441.22,80.91,205.48,-1,-1,-1,-1
212,2,755.69,440.40,79.21,204.48,-1,-1,-1,-1
213,2,749.55,440.83,78.35,203.95,-1,-1,-1,-1
214,2,748.85,427.49,76.30,205.49,-1,-1,-1,-1
215,2,741.92,433.13,76.84,201.72,-1,-1,-1,-1
216,2,740.86,431.90,75.85,204.61,-1,-1,-1,-1
217,2,730.86,440.47,81.77,202.71,-1,-1,-1,-1
218,2,726.40,434.50,77.39,205.46,-1,-1,-1,-1
219,2,722.80,439.75,81.49,205.71,-1,-1,-1,-1
220,2,719.37,440.74,74.99,208.11,-1,-1,-1,-1
221,2,714.96,432.89,80.69,203.40,-1,-1,-1,-1
222,2,708.52,440.42,79.89,204.39,-1,-1,-1,-1
223,2,706.01,441.49,82.44,206.19,-1,-1,-1,-1
224,2,701.86,434.20,76.94,204.81,-1,-1,-1,-1
225,2,698.61,440.73,80.39,203.51,-1,-1,-1,-1
226,2,694.16,435.11,76.14,205.68,-1,-1,-1,-1
227,2,692.93,440.14,75.86,203.67,-1,-1,-1,-1
228,2,684.90,432.88,77.95,202.47,-1,-1,-1,-1
229,2,676.48,441.32,80.05,205.20,-1,-1,-1,-1
230,2,675.95,432.99,79.63,203.23,-1,-1,-1,-1
231,2,672.75,434.35,72.27,206.98,-1,-1,-1,-1
232,2,668.94,434.77,77.01,204.38,-1,-1,-1,-1
233,2,664.63,434.35,72.57,204.91,-1,-1,-1,-1
234,2,662.08,433.34,74.40,204.15,-1,-1,-1,-1
235,2,654.62,440.59,75.13,203.40,-1,-1,-1,-1
236,2,645.70,440.55,78.72,203.70,-1,-1,-1,-1
237,2,642.92,440.44,82.71,204.18,-1,-1,-1,-1
238,2,642.74,439.70,80.60,209.63,-1,-1,-1,-1
239,2,635.60,440.89,79.48,206.46,-1,-1,-1,-1
240,2,629.78,433.34,77.87,208.42,-1,-1,-1,-1
241,2,627.94,432.95,79.26,206.14,-1,-1,-1,-1
242,2,619.61,440.00,80.71,207.20,-1,-1,-1,-1
243,2,617.85,433.29,81.71,207.99,-1,-1,-1,-1
244,2,611.11,433.28,83.13,209.11,-1,-1,-1,-1
245,2,614.23,440.51,75.60,205.16,-1,-1,-1,-1
246,2,613.60,440.57,75.72,204.55,-1,-1,-1,-1
11,3,-8.70,449.51,62.75,201.75,-1,-1,-1,-1
12,3,-8.60,434.40,65.42,204.28,-1,-1,-1,-1
13,3,-2.47,435.46,67.25,201.33,-1,-1,-1,-1
14,3,-1.05,442.60,68.39,200.55,-1,-1,-1,-1
15,3,-3.62,449.42,72.95,201.19,-1,-1,-1,-1
16,3,-4.77,441.39,78.11,202.73,-1,-1,-1,-1
17,3,-0.35,435.64,83.20,200.96,-1,-1,-1,-1
18,3,-4.65,440.79,90.49,204.81,-1,-1,-1,-1
19,3,-5.21,441.33,92.77,205.34,-1,-1,-1,-1
20,3,8.01,442.35,82.46,203.60,-1,-1,-1,-1
21,3,11.62,436.20,79.36,200.84,-1,-1,-1,-1
22,3,10.17,441.61,85.54,202.33,-1,-1,-1,-1
23,3,17.46,435.52,85.62,201.45,-1,-1,-1,-1
24,3,24.92,444.40,83.61,201.47,-1,-1,-1,-1
25,3,28.67,436.98,80.70,201.28,-1,-1,-1,-1
26,3,29.93,443.20,89.19,202.44,-1,-1,-1,-1
27,3,35.11,443.49,83.87,201.34,-1,-1,-1,-1
28,3,42.69,442.47,82.42,201.09,-1,-1,-1,-1
29,3,48.75,436.64,83.25,197.53,-1,-1,-1,-1
30,3,47.78,442.62,87.65,200.27,-1,-1,-1,-1
31,3,56.14,436.39,83.87,197.78,-1,-1,-1,-1
32,3,58.17,442.45,84.60,201.06,-1,-1,-1,-1
33,3,64.29,443.05,84.75,199.58,-1,-1,-1,-1
34,3,65.17,441.98,87.33,200.70,-1,-1,-1,-1
35,3,71.45,442.74,86.68,201.29,-1,-1,-1,-1
36,3,73.99,443.58,84.65,203.91,-1,-1,-1,-1
37,3,81.11,443.02,84.52,198.95,-1,-1,-1,-1
38,3,81.24,441.59,87.76,201.97,-1,-1,-1,-1
39,3,89.84,443.07,83.51,202.16,-1,-1,-1,-1
40,3,94.19,443.88,87.87,201.77,-1,-1,-1,-1
41,3,96.03,442.01,88.14,203.59,-1,-1,-1,-1
42,3,101.61,441.25,88.02,203.25,-1,-1,-1,-1
43,3,104.37,435.67,87.82,203.07,-1,-1,-1,-1
44,3,111.38,442.13,86.91,200.76,-1,-1,-1,-1
45,3,113.54,436.06,86.42,199.64,-1,-1,-1,-1
46,3,117.46,444.33,89.80,201.32,-1,-1,-1,-1
47,3,124.72,442.25,90.29,202.74,-1,-1,-1,-1
48,3,127.91,434.97,87.51,203.47,-1,-1,-1,-1
49,3,128.27,441.91,90.51,203.05,-1,-1,-1,-1
50,3,134.64,441.75,89.61,203.67,-1,-1,-1,-1
51,3,140.88,435.97,90.37,203.49,-1,-1,-1,-1
52,3,143.33,441.84,89.04,202.13,-1,-1,-1,-1
53,3,150.65,443.91,86.74,201.10,-1,-1,-1,-1
54,3,153.75,435.54,86.52,200.96,-1,-1,-1,-1
55,3,160.13,435.43,86.34,200.74,-1,-1,-1,-1
56,3,160.86,440.46,88.51,203.32,-1,-1,-1,-1
57,3,167.50,441.10,87.82,203.52,-1,-1,-1,-1
58,3,169.60,434.52,87.55,200.73,-1,-1,-1,-1
59,3,176.83,436.17,86.26,201.19,-1,-1,-1,-1
60,3,177.01,442.98,88.54,201.93,-1,-1,-1,-1
61,3,183.09,440.52,89.16,203.83,-1,-1,-1,-1
62,3,189.21,435.09,91.01,203.96,-1,-1,-1,-1
63,3,191.76,441.03,88.47,202.47,-1,-1,-1,-1
64,3,199.05,434.80,87.42,203.53,-1,-1,-1,-1
65,3,202.47,435.10,84.14,199.67,-1,-1,-1,-1
66,3,206.83,441.88,88.27,203.02,-1,-1,-1,-1
67,3,210.86,445.54,84.23,199.95,-1,-1,-1,-1
68,3,216.12,441.48,86.63,203.46,-1,-1,-1,-1
69,3,220.07,441.81,91.83,201.37,-1,-1,-1,-1
70,3,223.38,434.84,88.96,202.74,-1,-1,-1,-1
71,3,224.81,442.68,89.04,203.16,-1,-1,-1,-1
72,3,232.91,435.34,86.63,203.85,-1,-1,-1,-1
73,3,236.81,442.79,90.54,202.84,-1,-1,-1,-1
74,3,238.20,442.57,92.52,201.03,-1,-1,-1,-1
75,3,246.65,442.47,88.05,200.76,-1,-1,-1,-1
76,3,251.62,435.96,82.61,198.32,-1,-1,-1,-1
77,3,254.84,440.70,88.85,203.83,-1,-1,-1,-1
78,3,255.71,434.36,91.16,201.72,-1,-1,-1,-1
79,3,263.24,441.28,88.95,202.71,-1,-1,-1,-1
80,3,269.21,443.14,89.63,202.27,-1,-1,-1,-1
81,3,273.17,435.00,85.56,200.69,-1,-1,-1,-1
82,3,277.44,443.40,89.23,202.85,-1,-1,-1,-1
83,3,278.99,443.02,90.46,202.35,-1,-1,-1,-1
84,3,286.66,441.51,88.92,202.93,-1,-1,-1,-1
85,3,290.11,441.90,85.58,201.33,-1,-1,-1,-1
86,3,295.89,444.26,85.34,199.44,-1,-1,-1,-1
87,3,301.19,435.40,89.60,199.25,-1,-1,-1,-1
88,3,302.25,440.85,89.54,202.61,-1,-1,-1,-1
89,3,305.82,443.15,87.23,200.67,-1,-1,-1,-1
90,3,311.64,441.13,88.47,202.26,-1,-1,-1,-1
91,3,316.74,435.31,90.80,202.37,-1,-1,-1,-1
92,3,318.87,443.34,90.95,202.84,-1,-1,-1,-1
93,3,326.40,435.49,87.48,203.93,-1,-1,-1,-1
94,3,328.17,442.38,89.02,202.61,-1,-1,-1,-1
95,3,335.23,435.72,87.97,201.84,-1,-1,-1,-1
96,3,337.44,436.24,87.23,200.51,-1,-1,-1,-1
97,3,342.30,435.87,90.16,203.94,-1,-1,-1,-1
98,3,345.50,441.84,88.24,201.29,-1,-1,-1,-1
99,3,351.86,442.13,88.74,201.48,-1,-1,-1,-1
100,3,358.39,445.56,86.81,200.13,-1,-1,-1,-1
101,3,360.58,444.49,86.15,199.77,-1,-1,-1,-1
102,3,366.12,443.41,88.63,200.54,-1,-1,-1,-1
103,3,366.51,441.33,90.94,203.18,-1,-1,-1,-1
104,3,375.88,444.04,85.46,199.85,-1,-1,-1,-1
105,3,377.19,444.10,87.00,202.17,-1,-1,-1,-1
106,3,383.98,435.86,86.99,201.46,-1,-1,-1,-1
107,3,385.87,442.06,86.46,203.32,-1,-1,-1,-1
108,3,392.52,435.53,85.28,201.34,-1,-1,-1,-1
109,3,398.40,436.14,87.84,199.43,-1,-1,-1,-1
110,3,399.74,435.08,88.06,199.29,-1,-1,-1,-1
111,3,408.17,435.85,83.93,197.92,-1,-1,-1,-1
112,3,409.96,435.09,84.35,199.15,-1,-1,-1,-1
113,3,415.17,442.44,86.72,202.14,-1,-1,-1,-1
114,3,418.87,442.61,83.91,199.96,-1,-1,-1,-1
115,3,424.68,441.87,84.17,200.90,-1,-1,-1,-1
116,3,427.23,443.16,83.23,201.18,-1,-1,-1,-1
117,3,431.07,442.11,88.87,201.84,-1,-1,-1,-1
118,3,434.99,450.55,83.05,199.37,-1,-1,-1,-1
119,3,441.53,435.92,85.04,198.16,-1,-1,-1,-1
120,3,441.79,441.60,87.20,201.88,-1,-1,-1,-1
121,3,448.39,442.60,86.37,204.04,-1,-1,-1,-1
122,3,456.32,443.66,83.59,199.68,-1,-1,-1,-1
123,3,457.49,436.91,85.11,200.63,-1,-1,-1,-1
124,3,463.24,442.34,86.95,200.49,-1,-1,-1,-1
125,3,466.79,435.59,84.02,200.47,-1,-1,-1,-1
126,3,466.77,436.17,85.97,202.00,-1,-1,-1,-1
127,3,474.06,435.58,86.27,200.95,-1,-1,-1,-1
128,3,480.15,442.16,86.77,202.40,-1,-1,-1,-1
129,3,481.39,435.53,88.14,199.68,-1,-1,-1,-1
130,3,487.63,443.09,86.84,199.82,-1,-1,-1,-1
131,3,493.67,443.07,89.07,201.26,-1,-1,-1,-1
132,3,495.25,442.02,89.34,202.47,-1,-1,-1,-1
133,3,496.69,442.39,89.48,200.88,-1,-1,-1,-1
134,3,504.67,435.05,88.21,199.90,-1,-1,-1,-1
135,3,511.18,434.58,87.68,202.35,-1,-1,-1,-1
136,3,515.06,442.06,83.03,202.49,-1,-1,-1,-1
137,3,521.05,441.65,84.62,202.60,-1,-1,-1,-1
138,3,521.06,442.16,88.67,202.25,-1,-1,-1,-1
139,3,529.39,443.70,84.49,202.42,-1,-1,-1,-1
140,3,530.59,436.12,86.24,203.05,-1,-1,-1,-1
141,3,537.00,440.93,85.89,201.87,-1,-1,-1,-1
142,3,543.06,442.71,87.46,202.02,-1,-1,-1,-1
143,3,545.18,433.52,86.72,203.68,-1,-1,-1,-1
144,3,551.33,440.47,86.09,203.80,-1,-1,-1,-1
145,3,551.81,443.85,89.36,202.65,-1,-1,-1,-1
146,3,559.19,444.26,87.69,201.93,-1,-1,-1,-1
147,3,562.40,435.50,85.85,203.78,-1,-1,-1,-1
148,3,569.46,434.88,83.71,201.42,-1,-1,-1,-1
149,3,575.44,435.37,86.25,198.58,-1,-1,-1,-1
150,3,573.91,440.87,91.78,202.82,-1,-1,-1,-1
151,3,577.35,443.03,88.14,201.15,-1,-1,-1,-1
152,3,585.50,434.88,85.70,200.98,-1,-1,-1,-1
153,3,587.92,441.30,92.56,202.16,-1,-1,-1,-1
154,3,592.42,444.24,87.75,201.67,-1,-1,-1,-1
155,3,596.81,443.61,90.30,201.52,-1,-1,-1,-1
156,3,600.63,433.28,89.31,202.76,-1,-1,-1,-1
157,3,606.22,440.16,89.81,204.29,-1,-1,-1,-1
158,3,609.33,442.89,87.66,201.51,-1,-1,-1,-1
159,3,614.97,443.91,88.74,201.16,-1,-1,-1,-1
160,3,615.27,441.24,93.09,204.17,-1,-1,-1,-1
161,3,623.97,435.90,87.66,203.19,-1,-1,-1,-1
162,3,624.51,444.22,90.09,201.88,-1,-1,-1,-1
163,3,632.99,435.76,86.83,203.93,-1,-1,-1,-1
164,3,639.33,434.60,87.62,202.81,-1,-1,-1,-1
165,3,641.24,435.54,87.49,202.70,-1,-1,-1,-1
166,3,647.43,434.87,86.35,201.19,-1,-1,-1,-1
167,3,647.57,441.80,90.89,203.70,-1,-1,-1,-1
168,3,655.04,440.80,88.55,203.07,-1,-1,-1,-1
169,3,658.95,441.86,84.87,201.58,-1,-1,-1,-1
170,3,663.52,443.28,88.14,203.42,-1,-1,-1,-1
171,3,668.93,441.35,90.71,203.63,-1,-1,-1,-1
172,3,671.79,442.19,88.43,202.99,-1,-1,-1,-1
173,3,673.55,441.08,87.57,202.20,-1,-1,-1,-1
174,3,681.99,434.28,84.89,203.28,-1,-1,-1,-1
175,3,687.58,435.01,87.14,200.66,-1,-1,-1,-1
176,3,690.33,441.05,84.27,202.73,-1,-1,-1,-1
177,3,694.89,440.14,87.80,205.34,-1,-1,-1,-1
178,3,695.67,442.90,90.52,203.04,-1,-1,-1,-1
179,3,702.87,440.68,89.69,205.43,-1,-1,-1,-1
180,3,706.47,441.68,85.82,201.39,-1,-1,-1,-1
181,3,713.23,443.48,84.68,203.29,-1,-1,-1,-1
182,3,719.02,442.26,86.70,201.29,-1,-1,-1,-1
183,3,719.92,442.21,88.59,199.75,-1,-1,-1,-1
184,3,729.19,437.54,82.84,200.42,-1,-1,-1,-1
185,3,729.78,435.83,85.27,202.30,-1,-1,-1,-1
186,3,734.21,436.50,88.94,202.07,-1,-1,-1,-1
187,3,737.60,442.47,87.30,201.02,-1,-1,-1,-1
188,3,744.17,443.63,86.03,201.91,-1,-1,-1,-1
189,3,749.56,441.74,89.03,201.65,-1,-1,-1,-1
190,3,751.74,433.78,88.86,202.71,-1,-1,-1,-1
191,3,754.39,443.70,86.35,202.10,-1,-1,-1,-1
192,3,762.87,432.82,84.08,205.35,-1,-1,-1,-1
193,3,764.54,440.98,91.67,206.78,-1,-1,-1,-1
194,3,769.65,441.12,86.32,204.16,-1,-1,-1,-1
195,3,773.08,443.04,90.26,204.39,-1,-1,-1,-1
196,3,777.15,433.44,86.79,207.35,-1,-1,-1,-1
197,3,780.70,439.68,93.75,207.26,-1,-1,-1,-1
198,3,784.93,441.69,88.02,206.12,-1,-1,-1,-1
199,3,792.40,433.07,87.18,206.54,-1,-1,-1,-1
200,3,795.22,440.54,93.37,203.98,-1,-1,-1,-1
201,3,798.13,440.56,90.92,205.95,-1,-1,-1,-1
202,3,800.12,441.74,91.05,204.15,-1,-1,-1,-1
203,3,807.41,440.43,88.77,204.08,-1,-1,-1,-1
204,3,812.83,435.86,91.53,201.17,-1,-1,-1,-1
205,3,817.76,435.50,85.05,201.98,-1,-1,-1,-1
206,3,822.14,441.34,87.86,204.19,-1,-1,-1,-1
207,3,826.66,431.97,85.53,205.74,-1,-1,-1,-1
208,3,831.42,432.97,87.27,205.74,-1,-1,-1,-1
209,3,833.11,441.30,86.99,201.78,-1,-1,-1,-1
210,3,837.88,439.56,89.71,205.44,-1,-1,-1,-1
211,3,839.00,440.11,91.54,204.61,-1,-1,-1,-1
212,3,848.64,444.11,87.23,201.91,-1,-1,-1,-1
213,3,855.72,444.76,84.52,201.88,-1,-1,-1,-1
214,3,857.71,434.31,86.74,201.15,-1,-1,-1,-1
215,3,865.06,441.67,83.53,201.25,-1,-1,-1,-1
216,3,866.14,444.79,85.10,199.37,-1,-1,-1,-1
217,3,872.79,442.83,83.98,201.58,-1,-1,-1,-1
218,3,878.30,434.67,87.43,199.82,-1,-1,-1,-1
219,3,879.01,443.33,89.44,202.61,-1,-1,-1,-1
220,3,882.54,441.38,86.38,201.13,-1,-1,-1,-1
221,3,888.65,443.70,85.39,199.65,-1,-1,-1,-1
222,3,893.91,434.93,89.36,205.39,-1,-1,-1,-1
223,3,895.95,441.25,88.23,203.30,-1,-1,-1,-1
224,3,901.18,444.75,89.53,198.39,-1,-1,-1,-1
225,3,905.14,442.63,86.64,200.85,-1,-1,-1,-1
226,3,908.81,443.19,91.54,200.98,-1,-1,-1,-1
227,3,914.09,442.22,84.76,199.51,-1,-1,-1,-1
228,3,917.81,443.79,88.99,200.14,-1,-1,-1,-1
229,3,922.53,434.36,85.39,205.38,-1,-1,-1,-1
230,3,927.02,442.00,88.36,203.31,-1,-1,-1,-1
231,3,928.46,435.60,90.18,204.26,-1,-1,-1,-1
232,3,934.96,442.87,88.81,202.85,-1,-1,-1,-1
233,3,940.67,441.40,90.91,203.87,-1,-1,-1,-1
234,3,942.33,441.48,91.11,203.15,-1,-1,-1,-1
235,3,945.15,442.97,88.64,202.83,-1,-1,-1,-1
236,3,954.26,433.58,85.27,202.60,-1,-1,-1,-1
237,3,956.80,441.12,91.89,203.12,-1,-1,-1,-1
238,3,960.12,442.67,89.56,202.10,-1,-1,-1,-1
239,3,967.46,443.24,86.38,203.17,-1,-1,-1,-1
240,3,969.79,436.00,87.28,203.64,-1,-1,-1,-1
241,3,975.39,433.68,89.13,205.39,-1,-1,-1,-1
242,3,983.48,433.76,85.29,204.55,-1,-1,-1,-1
243,3,984.08,438.78,86.18,206.43,-1,-1,-1,-1
244,3,990.19,443.03,76.96,202.19,-1,-1,-1,-1
245,3,993.36,433.37,70.03,206.46,-1,-1,-1,-1
246,3,997.78,440.38,73.92,203.86,-1,-1,-1,-1
247,3,1004.79,434.80,61.96,203.54,-1,-1,-1,-1
60,4,1872.34,440.54,60.53,208.85,-1,-1,-1,-1
61,4,1869.20,441.42,63.57,208.13,-1,-1,-1,-1
62,4,1859.82,441.83,67.94,205.00,-1,-1,-1,-1
63,4,1857.02,442.63,73.32,205.41,-1,-1,-1,-1
64,4,1850.70,434.43,77.61,207.01,-1,-1,-1,-1
65,4,1848.97,442.30,74.04,203.39,-1,-1,-1,-1
66,4,1840.16,432.60,83.95,203.53,-1,-1,-1,-1
67,4,1838.22,432.27,81.82,204.66,-1,-1,-1,-1
68,4,1836.22,442.53,83.18,203.60,-1,-1,-1,-1
69,4,1826.76,439.65,87.78,205.75,-1,-1,-1,-1
70,4,1825.41,434.15,86.49,203.70,-1,-1,-1,-1
71,4,1824.63,434.32,86.52,207.43,-1,-1,-1,-1
72,4,1816.78,433.80,86.51,204.80,-1,-1,-1,-1
73,4,1808.44,426.16,90.61,207.41,-1,-1,-1,-1
74,4,1809.50,432.89,83.99,205.32,-1,-1,-1,-1
75,4,1804.31,433.54,81.45,207.03,-1,-1,-1,-1
76,4,1798.72,426.41,88.48,207.06,-1,-1,-1,-1
77,4,1795.61,441.17,82.49,204.16,-1,-1,-1,-1
78,4,1792.66,432.63,84.65,204.99,-1,-1,-1,-1
79,4,1785.49,431.96,85.76,205.13,-1,-1,-1,-1
80,4,1777.74,434.83,87.76,204.46,-1,-1,-1,-1
81,4,1779.79,441.32,81.54,200.42,-1,-1,-1,-1
82,4,1776.41,440.02,84.78,203.66,-1,-1,-1,-1
83,4,1768.72,433.09,86.03,205.88,-1,-1,-1,-1
84,4,1762.88,442.63,85.31,201.78,-1,-1,-1,-1
85,4,1761.52,440.98,84.60,202.46,-1,-1,-1,-1
86,4,1759.25,433.47,86.48,203.53,-1,-1,-1,-1
87,4,1751.19,442.93,87.78,202.72,-1,-1,-1,-1
88,4,1746.97,443.26,84.05,201.89,-1,-1,-1,-1
89,4,1745.39,442.93,81.80,204.05,-1,-1,-1,-1
90,4,1740.46,443.03,79.52,201.87,-1,-1,-1,-1
91,4,1736.11,440.68,84.25,203.50,-1,-1,-1,-1
92,4,1730.69,433.29,82.97,203.01,-1,-1,-1,-1
93,4,1729.30,440.57,81.91,203.89,-1,-1,-1,-1
94,4,1721.16,433.60,84.44,204.83,-1,-1,-1,-1
95,4,1715.25,433.64,84.00,204.32,-1,-1,-1,-1
96,4,1714.23,434.76,83.54,204.91,-1,-1,-1,-1
97,4,1708.25,441.26,81.61,203.14,-1,-1,-1,-1
98,4,1705.38,439.28,82.72,205.48,-1,-1,-1,-1
99,4,1698.34,431.90,84.48,204.51,-1,-1,-1,-1
100,4,1695.82,432.50,86.43,206.56,-1,-1,-1,-1
101,4,1689.44,433.97,86.11,205.98,-1,-1,-1,-1
102,4,1688.47,431.22,83.73,205.35,-1,-1,-1,-1
103,4,1680.71,441.44,87.30,204.52,-1,-1,-1,-1
104,4,1675.11,443.14,85.14,203.78,-1,-1,-1,-1
105,4,1673.55,439.43,83.83,205.63,-1,-1,-1,-1
106,4,1664.33,435.26,90.32,205.09,-1,-1,-1,-1
107,4,1666.05,440.74,83.59,204.07,-1,-1,-1,-1
108,4,1661.18,432.47,79.84,203.64,-1,-1,-1,-1
109,4,1656.09,442.91,85.21,201.71,-1,-1,-1,-1
110,4,1652.68,442.34,80.80,203.23,-1,-1,-1,-1
111,4,1648.39,433.59,85.72,205.43,-1,-1,-1,-1
112,4,1641.59,433.53,85.13,206.47,-1,-1,-1,-1
113,4,1639.95,440.64,84.83,203.74,-1,-1,-1,-1
114,4,1633.01,432.44,86.29,205.35,-1,-1,-1,-1
115,4,1628.18,433.23,82.40,204.36,-1,-1,-1,-1
116,4,1624.87,434.81,85.11,205.43,-1,-1,-1,-1
117,4,1619.39,442.27,84.08,204.19,-1,-1,-1,-1
118,4,1618.69,432.76,81.89,205.47,-1,-1,-1,-1
119,4,1609.46,432.20,86.86,207.20,-1,-1,-1,-1
120,4,1608.06,443.24,85.48,202.39,-1,-1,-1,-1
121,4,1604.07,442.29,82.53,204.83,-1,-1,-1,-1
122,4,1600.13,434.65,85.86,206.83,-1,-1,-1,-1
123,4,1594.60,443.53,84.12,203.25,-1,-1,-1,-1
124,4,1584.55,434.99,89.94,205.15,-1,-1,-1,-1
125,4,1585.99,440.75,84.11,203.69,-1,-1,-1,-1
126,4,1583.67,433.91,85.30,208.12,-1,-1,-1,-1
127,4,1578.42,431.73,82.00,206.72,-1,-1,-1,-1
128,4,1571.01,441.53,84.53,203.19,-1,-1,-1,-1
129,4,1569.77,433.77,81.86,208.46,-1,-1,-1,-1
130,4,1563.60,433.79,81.71,205.17,-1,-1,-1,-1
131,4,1561.83,443.96,81.28,202.15,-1,-1,-1,-1
132,4,1554.54,435.22,83.52,205.97,-1,-1,-1,-1
133,4,1553.74,433.40,81.00,206.55,-1,-1,-1,-1
134,4,1545.01,433.29,85.74,206.49,-1,-1,-1,-1
135,4,1537.90,444.33,87.74,201.64,-1,-1,-1,-1
136,4,1537.13,431.47,85.43,206.19,-1,-1,-1,-1
137,4,1530.49,433.84,85.64,206.50,-1,-1,-1,-1
138,4,1527.72,432.79,86.72,205.50,-1,-1,-1,-1
139,4,1522.79,434.22,83.77,205.48,-1,-1,-1,-1
140,4,1519.83,434.31,86.99,206.35,-1,-1,-1,-1
141,4,1515.79,433.71,81.96,206.83,-1,-1,-1,-1
142,4,1510.34,434.77,87.21,205.82,-1,-1,-1,-1
143,4,1505.26,433.45,85.92,202.97,-1,-1,-1,-1
144,4,1503.78,442.54,84.96,203.24,-1,-1,-1,-1
145,4,1499.60,441.00,80.26,202.87,-1,-1,-1,-1
146,4,1495.29,442.63,85.67,202.93,-1,-1,-1,-1
147,4,1489.72,432.72,83.64,205.03,-1,-1,-1,-1
148,4,1481.83,434.35,87.34,206.80,-1,-1,-1,-1
149,4,1480.79,443.83,83.87,202.95,-1,-1,-1,-1
150,4,1475.05,442.35,83.78,205.49,-1,-1,-1,-1
151,4,1472.76,443.50,84.30,204.37,-1,-1,-1,-1
152,4,1465.78,443.18,84.75,203.64,-1,-1,-1,-1
153,4,1465.14,440.49,81.91,204.30,-1,-1,-1,-1
154,4,1458.64,441.18,82.78,202.94,-1,-1,-1,-1
155,4,1453.12,443.18,80.74,203.75,-1,-1,-1,-1
156,4,1451.18,439.66,80.65,205.51,-1,-1,-1,-1
157,4,1443.77,433.40,82.00,203.08,-1,-1,-1,-1
158,4,1443.02,441.52,81.46,205.78,-1,-1,-1,-1
159,4,1437.34,442.17,78.90,203.52,-1,-1,-1,-1
160,4,1432.75,431.56,84.32,206.06,-1,-1,-1,-1
161,4,1427.86,440.26,82.14,203.16,-1,-1,-1,-1
162,4,1426.37,441.41,80.01,205.73,-1,-1,-1,-1
163,4,1418.34,433.85,83.59,205.15,-1,-1,-1,-1
164,4,1409.89,435.35,87.36,204.08,-1,-1,-1,-1
165,4,1410.30,434.03,84.19,204.28,-1,-1,-1,-1
166,4,1405.28,433.86,80.32,203.28,-1,-1,-1,-1
167,4,1403.01,433.15,81.13,203.99,-1,-1,-1,-1
168,4,1397.65,442.12,79.52,201.07,-1,-1,-1,-1
169,4,1392.72,431.66,85.31,205.77,-1,-1,-1,-1
170,4,1387.63,434.69,82.59,206.03,-1,-1,-1,-1
171,4,1384.79,443.50,84.17,202.33,-1,-1,-1,-1
172,4,1379.70,442.27,82.26,203.88,-1,-1,-1,-1
173,4,1378.20,444.02,79.78,203.20,-1,-1,-1,-1
174,4,1371.27,441.04,81.16,202.10,-1,-1,-1,-1
175,4,1365.41,443.46,80.77,202.30,-1,-1,-1,-1
176,4,1364.20,433.51,79.95,202.04,-1,-1,-1,-1
177,4,1356.18,435.14,82.59,205.31,-1,-1,-1,-1
178,4,1355.00,445.28,81.03,199.14,-1,-1,-1,-1
179,4,1347.27,442.82,83.85,204.68,-1,-1,-1,-1
180,4,1347.05,441.96,80.56,202.42,-1,-1,-1,-1
181,4,1340.02,434.56,81.73,204.35,-1,-1,-1,-1
182,4,1337.03,443.39,83.24,201.03,-1,-1,-1,-1
183,4,1331.64,435.74,81.71,204.68,-1,-1,-1,-1
184,4,1329.75,434.31,80.96,204.84,-1,-1,-1,-1
185,4,1320.74,434.75,86.39,206.05,-1,-1,-1,-1
186,4,1319.73,426.42,84.66,207.28,-1,-1,-1,-1
187,4,1311.49,433.07,88.22,205.98,-1,-1,-1,-1
188,4,1312.35,431.41,84.36,206.46,-1,-1,-1,-1
189,4,1306.59,439.93,80.49,203.79,-1,-1,-1,-1
190,4,1299.94,434.58,82.46,202.58,-1,-1,-1,-1
191,4,1298.51,441.07,82.56,203.56,-1,-1,-1,-1
192,4,1292.74,439.50,79.79,204.94,-1,-1,-1,-1
193,4,1290.90,440.27,79.20,203.54,-1,-1,-1,-1
194,4,1285.04,433.96,79.41,207.13,-1,-1,-1,-1
195,4,1282.66,431.99,80.20,205.12,-1,-1,-1,-1
196,4,1277.27,431.61,78.20,205.64,-1,-1,-1,-1
197,4,1269.15,434.27,80.37,205.62,-1,-1,-1,-1
198,4,1268.37,440.62,79.43,204.58,-1,-1,-1,-1
199,4,1258.44,435.15,84.30,205.02,-1,-1,-1,-1
200,4,1257.67,432.22,83.20,203.73,-1,-1,-1,-1
201,4,1249.92,434.76,86.64,204.35,-1,-1,-1,-1
202,4,1248.55,443.03,84.66,204.90,-1,-1,-1,-1
203,4,1241.58,433.76,84.77,203.97,-1,-1,-1,-1
204,4,1235.57,440.79,83.26,201.80,-1,-1,-1,-1
205,4,1235.01,439.71,81.27,204.94,-1,-1,-1,-1
206,4,1226.83,432.09,85.02,204.58,-1,-1,-1,-1
207,4,1224.92,433.85,84.64,206.68,-1,-1,-1,-1
208,4,1218.66,433.81,85.30,202.22,-1,-1,-1,-1
209,4,1216.31,431.39,86.66,206.32,-1,-1,-1,-1
210,4,1210.13,434.72,86.54,205.66,-1,-1,-1,-1
211,4,1206.91,441.80,89.19,202.41,-1,-1,-1,-1
212,4,1201.90,442.40,85.34,202.09,-1,-1,-1,-1
213,4,1200.58,433.49,84.57,204.08,-1,-1,-1,-1
214,4,1192.58,433.72,86.75,201.08,-1,-1,-1,-1
215,4,1186.18,426.39,86.61,206.81,-1,-1,-1,-1
216,4,1186.85,441.49,82.44,202.19,-1,-1,-1,-1
217,4,1179.84,435.77,83.00,204.09,-1,-1,-1,-1
218,4,1175.68,436.23,87.31,203.80,-1,-1,-1,-1
219,4,1171.66,436.48,82.74,201.47,-1,-1,-1,-1
220,4,1169.88,441.76,83.19,201.19,-1,-1,-1,-1
221,4,1164.24,433.81,80.86,200.91,-1,-1,-1,-1
222,4,1160.07,436.13,84.18,200.66,-1,-1,-1,-1
223,4,1155.06,443.43,83.98,202.25,-1,-1,-1,-1
224,4,1153.55,436.77,80.62,203.14,-1,-1,-1,-1
225,4,1147.07,436.13,82.37,200.59,-1,-1,-1,-1
226,4,1138.66,437.66,86.29,200.21,-1,-1,-1,-1
227,4,1140.05,442.04,79.78,201.87,-1,-1,-1,-1
228,4,1133.59,433.46,80.04,202.06,-1,-1,-1,-1
229,4,1130.70,436.01,80.66,204.33,-1,-1,-1,-1
230,4,1124.93,436.72,80.76,201.21,-1,-1,-1,-1
231,4,1122.53,444.45,82.34,199.11,-1,-1,-1,-1
232,4,1116.01,437.03,82.23,202.16,-1,-1,-1,-1
233,4,1112.17,428.77,85.67,202.78,-1,-1,-1,-1
234,4,1108.63,443.86,80.07,198.40,-1,-1,-1,-1
235,4,1107.74,443.91,77.11,199.04,-1,-1,-1,-1
236,4,1102.05,442.48,76.89,198.61,-1,-1,-1,-1
237,4,1099.33,433.56,78.30,201.30,-1,-1,-1,-1
238,4,1094.04,434.23,77.12,200.71,-1,-1,-1,-1
239,4,1087.10,445.15,77.57,199.01,-1,-1,-1,-1
240,4,1083.73,443.18,80.01,198.97,-1,-1,-1,-1
241,4,1076.74,444.55,81.71,198.64,-1,-1,-1,-1
242,4,1076.91,442.16,76.67,201.97,-1,-1,-1,-1
243,4,1069.93,435.80,78.13,203.57,-1,-1,-1,-1
244,4,1067.18,441.30,78.12,201.81,-1,-1,-1,-1
245,4,1059.53,435.33,81.99,204.99,-1,-1,-1,-1
246,4,1058.50,430.73,81.31,208.40,-1,-1,-1,-1
247,4,1051.36,441.07,81.32,203.38,-1,-1,-1,-1
248,4,1049.49,435.43,81.38,203.57,-1,-1,-1,-1
249,4,1042.06,432.89,82.48,207.34,-1,-1,-1,-1
250,4,1036.32,428.69,81.19,216.22,-1,-1,-1,-1
111,5,-19.33,446.96,56.57,193.75,-1,-1,-1,-1
112,5,-19.72,438.92,58.27,193.63,-1,-1,-1,-1
113,5,-11.57,430.42,63.70,196.33,-1,-1,-1,-1
114,5,-13.29,437.78,65.37,195.22,-1,-1,-1,-1
115,5,-14.29,444.00,69.03,195.85,-1,-1,-1,-1
116,5,3.20,444.39,61.51,199.74,-1,-1,-1,-1
117,5,4.49,444.62,60.68,197.34,-1,-1,-1,-1
118,5,6.07,436.72,59.66,197.82,-1,-1,-1,-1
119,5,14.70,435.88,58.33,199.61,-1,-1,-1,-1
120,5,20.57,436.65,59.34,195.79,-1,-1,-1,-1
121,5,22.21,437.34,58.95,197.89,-1,-1,-1,-1
122,5,28.65,437.57,60.64,196.46,-1,-1,-1,-1
123,5,27.87,436.03,64.55,201.92,-1,-1,-1,-1
124,5,35.48,436.73,63.98,196.88,-1,-1,-1,-1
125,5,36.87,437.51,63.98,194.54,-1,-1,-1,-1
126,5,44.51,442.79,61.79,201.68,-1,-1,-1,-1
127,5,45.77,443.70,61.75,198.72,-1,-1,-1,-1
128,5,51.36,436.03,64.43,197.21,-1,-1,-1,-1
129,5,59.75,444.82,61.85,197.03,-1,-1,-1,-1
130,5,61.21,435.18,62.37,198.89,-1,-1,-1,-1
131,5,63.61,436.23,70.30,202.03,-1,-1,-1,-1
132,5,68.81,444.23,62.81,197.05,-1,-1,-1,-1
133,5,74.69,434.87,65.50,202.88,-1,-1,-1,-1
134,5,75.14,426.88,67.94,204.77,-1,-1,-1,-1
135,5,80.10,435.57,71.23,203.32,-1,-1,-1,-1
136,5,85.80,443.57,60.65,197.78,-1,-1,-1,-1
137,5,92.63,435.22,62.57,199.73,-1,-1,-1,-1
138,5,93.51,444.01,62.26,198.32,-1,-1,-1,-1
139,5,100.69,434.84,63.30,199.35,-1,-1,-1,-1
140,5,109.58,436.88,57.96,196.67,-1,-1,-1,-1
141,5,109.20,435.09,62.70,200.96,-1,-1,-1,-1
142,5,114.52,435.99,64.96,199.14,-1,-1,-1,-1
143,5,117.76,444.27,61.30,196.07,-1,-1,-1,-1
145,5,125.01,443.71,63.16,196.90,-1,-1,-1,-1
146,5,129.79,435.09,67.37,199.29,-1,-1,-1,-1
147,5,138.35,436.60,64.52,196.10,-1,-1,-1,-1
148,5,140.15,442.72,63.08,199.17,-1,-1,-1,-1
149,5,139.97,443.81,65.55,200.26,-1,-1,-1,-1
150,5,146.88,435.01,66.47,200.50,-1,-1,-1,-1
151,5,155.90,435.45,62.01,199.02,-1,-1,-1,-1
152,5,156.37,443.15,64.51,198.55,-1,-1,-1,-1
153,5,161.40,434.92,67.68,200.13,-1,-1,-1,-1
154,5,162.91,443.80,67.82,197.03,-1,-1,-1,-1
155,5,169.81,435.87,67.56,202.54,-1,-1,-1,-1
156,5,171.33,434.72,67.19,200.02,-1,-1,-1,-1
157,5,176.24,428.06,71.04,201.42,-1,-1,-1,-1
158,5,178.77,442.89,68.94,198.56,-1,-1,-1,-1
159,5,188.41,434.98,63.35,199.40,-1,-1,-1,-1
160,5,193.08,435.37,68.11,202.20,-1,-1,-1,-1
161,5,194.71,444.05,67.31,197.00,-1,-1,-1,-1
162,5,203.09,434.76,64.34,200.10,-1,-1,-1,-1
163,5,203.87,434.64,66.38,199.20,-1,-1,-1,-1
164,5,208.66,427.26,69.36,203.12,-1,-1,-1,-1
165,5,213.13,428.49,63.65,200.45,-1,-1,-1,-1
166,5,219.44,435.32,64.17,198.81,-1,-1,-1,-1
167,5,220.54,435.21,64.58,200.12,-1,-1,-1,-1
168,5,226.72,436.89,65.32,197.47,-1,-1,-1,-1
169,5,231.08,434.71,60.24,203.93,-1,-1,-1,-1
170,5,235.53,426.68,66.41,204.73,-1,-1,-1,-1
171,5,241.25,434.96,67.12,201.41,-1,-1,-1,-1
172,5,244.59,436.87,63.30,197.17,-1,-1,-1,-1
173,5,251.18,435.99,64.17,199.54,-1,-1,-1,-1
174,5,252.87,435.40,63.87,200.73,-1,-1,-1,-1
175,5,259.93,436.24,62.61,198.89,-1,-1,-1,-1
176,5,262.21,436.06,60.75,200.63,-1,-1,-1,-1
177,5,267.21,434.80,65.50,199.14,-1,-1,-1,-1
178,5,267.19,426.75,68.21,204.57,-1,-1,-1,-1
179,5,274.58,436.15,67.17,201.53,-1,-1,-1,-1
180,5,282.36,444.77,64.80,195.38,-1,-1,-1,-1
181,5,285.11,443.69,62.43,198.29,-1,-1,-1,-1
182,5,291.12,436.48,63.39,201.07,-1,-1,-1,-1
183,5,291.92,436.50,64.82,196.10,-1,-1,-1,-1
184,5,299.53,434.60,64.16,204.81,-1,-1,-1,-1
185,5,300.82,435.14,64.38,201.47,-1,-1,-1,-1
186,5,305.84,435.92,67.25,197.55,-1,-1,-1,-1
187,5,312.67,436.56,68.13,195.57,-1,-1,-1,-1
188,5,316.64,443.20,62.83,198.88,-1,-1,-1,-1
189,5,318.34,435.94,61.17,199.55,-1,-1,-1,-1
190,5,324.34,435.85,64.17,202.72,-1,-1,-1,-1
191,5,329.50,436.05,67.31,202.45,-1,-1,-1,-1
192,5,331.51,442.67,65.47,199.46,-1,-1,-1,-1
193,5,336.44,436.03,70.24,202.51,-1,-1,-1,-1
194,5,339.76,436.05,66.11,198.09,-1,-1,-1,-1
195,5,347.37,443.20,64.08,200.68,-1,-1,-1,-1
196,5,348.72,436.79,63.79,196.98,-1,-1,-1,-1
197,5,353.65,444.26,68.73,196.10,-1,-1,-1,-1
198,5,357.25,444.84,63.10,196.18,-1,-1,-1,-1
199,5,363.80,442.28,65.06,200.59,-1,-1,-1,-1
200,5,369.91,435.16,66.14,202.22,-1,-1,-1,-1
201,5,371.24,428.59,66.18,200.83,-1,-1,-1,-1
202,5,380.26,435.71,62.01,200.10,-1,-1,-1,-1
203,5,380.77,436.54,63.23,196.96,-1,-1,-1,-1
204,5,387.02,435.70,64.99,198.20,-1,-1,-1,-1
205,5,389.23,436.39,63.58,196.08,-1,-1,-1,-1
206,5,396.54,435.73,62.02,201.09,-1,-1,-1,-1
207,5,397.21,435.72,63.69,198.61,-1,-1,-1,-1
208,5,403.01,435.98,65.61,199.13,-1,-1,-1,-1
209,5,412.34,444.53,60.18,196.59,-1,-1,-1,-1
210,5,413.32,435.20,61.98,201.48,-1,-1,-1,-1
211,5,414.82,435.38,60.60,200.87,-1,-1,-1,-1
212,5,418.88,444.28,67.30,197.62,-1,-1,-1,-1
213,5,427.04,435.14,64.40,198.55,-1,-1,-1,-1
214,5,428.60,435.20,65.29,203.14,-1,-1,-1,-1
215,5,434.04,427.30,67.88,203.45,-1,-1,-1,-1
216,5,434.41,443.04,69.53,197.29,-1,-1,-1,-1
217,5,442.46,435.20,67.22,202.71,-1,-1,-1,-1
218,5,449.54,435.20,66.60,198.09,-1,-1,-1,-1
219,5,451.80,435.45,65.85,196.94,-1,-1,-1,-1
220,5,460.69,435.79,60.12,197.70,-1,-1,-1,-1
221,5,461.66,435.40,61.73,200.44,-1,-1,-1,-1
222,5,464.45,434.47,70.37,199.08,-1,-1,-1,-1
223,5,467.46,435.41,65.97,197.43,-1,-1,-1,-1
224,5,476.16,442.97,62.98,198.69,-1,-1,-1,-1
225,5,476.62,435.75,64.99,200.90,-1,-1,-1,-1
226,5,482.17,436.93,66.21,197.53,-1,-1,-1,-1
227,5,489.23,435.75,67.21,200.03,-1,-1,-1,-1
228,5,490.76,434.82,66.93,203.81,-1,-1,-1,-1
229,5,496.95,435.12,68.22,204.85,-1,-1,-1,-1
230,5,498.46,428.61,67.79,201.30,-1,-1,-1,-1
231,5,507.70,435.56,62.28,199.76,-1,-1,-1,-1
232,5,507.85,436.22,66.26,202.14,-1,-1,-1,-1
233,5,513.53,435.58,67.25,200.57,-1,-1,-1,-1
234,5,514.54,428.07,68.97,202.49,-1,-1,-1,-1
235,5,522.40,434.93,66.69,202.85,-1,-1,-1,-1
236,5,523.83,441.61,66.23,201.34,-1,-1,-1,-1
237,5,529.44,434.55,69.04,200.12,-1,-1,-1,-1
238,5,535.89,442.53,69.36,199.54,-1,-1,-1,-1
239,5,540.30,443.44,64.78,199.03,-1,-1,-1,-1
240,5,546.58,435.02,65.11,199.16,-1,-1,-1,-1
241,5,546.62,436.14,68.28,196.82,-1,-1,-1,-1
242,5,555.75,442.29,64.40,200.89,-1,-1,-1,-1
243,5,559.69,444.44,70.07,196.81,-1,-1,-1,-1
244,5,561.23,426.45,69.13,205.51,-1,-1,-1,-1
245,5,567.63,442.51,69.75,198.65,-1,-1,-1,-1
246,5,568.29,440.57,71.01,203.14,-1,-1,-1,-1
247,5,570.84,433.76,68.10,203.83,-1,-1,-1,-1
248,5,576.46,431.87,86.45,205.90,-1,-1,-1,-1
249,5,581.50,433.59,77.26,201.92,-1,-1,-1,-1
250,5,590.28,434.39,73.53,202.54,-1,-1,-1,-1
