2,1,372.60,432.52,93.20,206.68,-1,-1,-1,-1
3,1,379.98,432.16,92.99,207.29,-1,-1,-1,-1
4,1,379.85,432.70,97.89,205.77,-1,-1,-1,-1
5,1,386.87,432.44,96.57,206.14,-1,-1,-1,-1
6,1,389.05,433.48,93.49,204.44,-1,-1,-1,-1
7,1,397.22,432.49,92.94,206.66,-1,-1,-1,-1
8,1,396.16,432.30,97.41,207.43,-1,-1,-1,-1
9,1,403.87,433.39,95.83,205.12,-1,-1,-1,-1
10,1,404.59,432.32,96.45,206.13,-1,-1,-1,-1
11,1,413.58,432.41,92.73,207.43,-1,-1,-1,-1
12,1,421.88,432.41,89.77,206.71,-1,-1,-1,-1
13,1,421.07,433.66,93.19,204.17,-1,-1,-1,-1
14,1,429.29,433.06,91.13,205.07,-1,-1,-1,-1
15,1,427.45,433.01,98.29,205.92,-1,-1,-1,-1
16,1,436.61,432.28,92.97,207.27,-1,-1,-1,-1
17,1,437.18,433.52,93.76,204.09,-1,-1,-1,-1
18,1,445.37,432.90,92.75,205.93,-1,-1,-1,-1
19,1,451.99,431.55,92.83,207.73,-1,-1,-1,-1
20,1,452.56,432.67,94.24,206.30,-1,-1,-1,-1
21,1,453.10,432.81,95.58,204.95,-1,-1,-1,-1
22,1,460.48,432.13,94.30,207.31,-1,-1,-1,-1
23,1,465.39,432.85,99.31,206.11,-1,-1,-1,-1
24,1,467.53,433.07,96.24,205.15,-1,-1,-1,-1
25,1,477.29,432.34,90.87,206.93,-1,-1,-1,-1
26,1,477.34,432.25,94.16,207.56,-1,-1,-1,-1
27,1,483.44,432.57,95.88,205.80,-1,-1,-1,-1
28,1,482.29,432.76,100.42,204.92,-1,-1,-1,-1
29,1,492.20,432.39,94.69,206.75,-1,-1,-1,-1
30,1,493.79,432.39,94.27,206.92,-1,-1,-1,-1
31,1,500.24,432.81,94.59,206.22,-1,-1,-1,-1
32,1,506.30,432.25,96.63,206.87,-1,-1,-1,-1
33,1,509.03,432.79,94.90,206.69,-1,-1,-1,-1
34,1,515.37,432.19,95.64,207.00,-1,-1,-1,-1
35,1,516.30,432.76,94.57,206.03,-1,-1,-1,-1
36,1,524.59,432.34,92.64,206.73,-1,-1,-1,-1
37,1,521.82,432.87,102.20,205.92,-1,-1,-1,-1
38,1,531.17,431.74,95.46,208.35,-1,-1,-1,-1
39,1,530.85,432.42,99.95,205.86,-1,-1,-1,-1
40,1,540.58,432.39,94.35,206.88,-1,-1,-1,-1
41,1,540.36,432.06,97.84,206.61,-1,-1,-1,-1
42,1,547.95,432.97,94.28,205.22,-1,-1,-1,-1
43,1,553.66,432.72,98.00,205.84,-1,-1,-1,-1
44,1,554.42,433.23,99.72,205.43,-1,-1,-1,-1
45,1,561.56,433.05,98.92,204.79,-1,-1,-1,-1
46,1,562.39,433.55,99.05,203.75,-1,-1,-1,-1
47,1,572.98,433.18,93.14,205.12,-1,-1,-1,-1
48,1,573.80,431.96,93.72,208.03,-1,-1,-1,-1
49,1,580.07,432.72,94.69,206.10,-1,-1,-1,-1
50,1,579.89,433.32,98.27,204.32,-1,-1,-1,-1
51,1,588.17,432.17,94.28,206.67,-1,-1,-1,-1
52,1,594.11,432.55,97.34,206.45,-1,-1,-1,-1
53,1,594.86,432.23,96.48,207.15,-1,-1,-1,-1
54,1,603.93,432.95,93.96,205.45,-1,-1,-1,-1
55,1,602.18,432.30,100.80,207.24,-1,-1,-1,-1
56,1,611.43,431.89,95.24,207.69,-1,-1,-1,-1
57,1,610.31,433.22,99.73,203.65,-1,-1,-1,-1
58,1,619.21,432.89,96.53,205.92,-1,-1,-1,-1
59,1,619.46,432.54,99.47,206.25,-1,-1,-1,-1
60,1,626.62,433.26,98.47,205.34,-1,-1,-1,-1
61,1,626.32,432.90,101.23,205.03,-1,-1,-1,-1
62,1,636.09,431.97,95.44,208.02,-1,-1,-1,-1
63,1,642.25,432.37,97.71,206.56,-1,-1,-1,-1
64,1,643.56,433.36,96.26,204.30,-1,-1,-1,-1
65,1,651.81,432.34,94.28,206.75,-1,-1,-1,-1
66,1,652.17,432.00,96.63,208.36,-1,-1,-1,-1
67,1,658.35,432.56,98.29,206.61,-1,-1,-1,-1
68,1,660.56,433.29,95.12,204.69,-1,-1,-1,-1
69,1,667.82,432.58,96.91,207.38,-1,-1,-1,-1
70,1,667.99,431.98,98.45,207.79,-1,-1,-1,-1
71,1,675.71,432.95,95.21,205.82,-1,-1,-1,-1
72,1,683.11,433.01,95.10,205.62,-1,-1,-1,-1
73,1,683.96,432.40,96.96,207.98,-1,-1,-1,-1
74,1,691.26,432.13,95.56,207.81,-1,-1,-1,-1
75,1,691.84,432.53,94.94,206.74,-1,-1,-1,-1
76,1,699.95,432.79,94.01,206.58,-1,-1,-1,-1
77,1,700.58,431.88,95.98,208.33,-1,-1,-1,-1
78,1,707.61,432.49,95.68,206.59,-1,-1,-1,-1
79,1,707.92,432.35,97.70,205.87,-1,-1,-1,-1
80,1,714.97,431.64,97.23,208.77,-1,-1,-1,-1
81,1,714.32,432.72,101.54,206.80,-1,-1,-1,-1
82,1,723.39,433.43,96.57,205.17,-1,-1,-1,-1
83,1,723.97,432.79,98.30,206.66,-1,-1,-1,-1
84,1,732.82,431.89,94.25,208.84,-1,-1,-1,-1
85,1,740.33,431.90,93.64,208.03,-1,-1,-1,-1
86,1,739.25,432.77,96.51,205.49,-1,-1,-1,-1
87,1,748.48,432.05,93.13,207.67,-1,-1,-1,-1
88,1,748.85,432.08,95.33,208.34,-1,-1,-1,-1
89,1,755.15,432.26,96.51,207.65,-1,-1,-1,-1
90,1,756.64,432.28,96.17,206.78,-1,-1,-1,-1
91,1,763.70,432.29,96.86,208.25,-1,-1,-1,-1
92,1,772.44,430.95,92.72,210.01,-1,-1,-1,-1
93,1,771.25,431.98,95.71,207.83,-1,-1,-1,-1
94,1,780.50,432.38,92.65,206.99,-1,-1,-1,-1
95,1,778.43,432.13,99.81,208.26,-1,-1,-1,-1
96,1,787.13,432.25,96.03,207.71,-1,-1,-1,-1
97,1,786.66,432.87,98.91,205.44,-1,-1,-1,-1
98,1,796.65,432.50,93.26,207.37,-1,-1,-1,-1
99,1,794.90,432.08,100.59,207.78,-1,-1,-1,-1
100,1,802.89,432.34,97.20,207.45,-1,-1,-1,-1
101,1,802.65,432.70,99.94,207.00,-1,-1,-1,-1
102,1,812.01,432.18,96.25,209.06,-1,-1,-1,-1
103,1,811.23,432.46,99.87,207.83,-1,-1,-1,-1
104,1,818.98,432.50,96.78,206.75,-1,-1,-1,-1
105,1,826.01,431.73,97.73,209.42,-1,-1,-1,-1
106,1,826.41,431.82,99.91,208.97,-1,-1,-1,-1
107,1,835.57,431.83,95.48,208.25,-1,-1,-1,-1
108,1,836.58,433.08,95.38,205.60,-1,-1,-1,-1
109,1,843.49,432.56,97.14,208.35,-1,-1,-1,-1
110,1,842.16,432.41,101.40,207.80,-1,-1,-1,-1
111,1,850.44,431.72,97.46,209.15,-1,-1,-1,-1
112,1,857.88,431.82,97.25,208.52,-1,-1,-1,-1
113,1,860.42,431.24,94.70,210.52,-1,-1,-1,-1
114,1,865.82,431.41,98.51,209.06,-1,-1,-1,-1
115,1,866.08,432.26,99.73,206.47,-1,-1,-1,-1
116,1,873.23,431.94,99.33,208.89,-1,-1,-1,-1
117,1,875.70,431.74,97.30,209.07,-1,-1,-1,-1
118,1,882.18,432.08,98.40,208.07,-1,-1,-1,-1
119,1,883.37,431.72,98.65,207.50,-1,-1,-1,-1
120,1,891.08,431.45,98.44,210.03,-1,-1,-1,-1
121,1,892.34,430.44,97.21,211.74,-1,-1,-1,-1
122,1,898.99,432.40,97.03,207.29,-1,-1,-1,-1
123,1,906.99,431.95,95.07,208.25,-1,-1,-1,-1
124,1,907.57,431.91,97.25,208.90,-1,-1,-1,-1
125,1,914.22,432.06,97.64,207.87,-1,-1,-1,-1
126,1,912.95,432.27,101.72,207.00,-1,-1,-1,-1
127,1,922.99,431.49,95.75,209.37,-1,-1,-1,-1
128,1,922.02,431.66,101.34,208.20,-1,-1,-1,-1
129,1,930.74,431.62,97.28,208.08,-1,-1,-1,-1
130,1,929.39,432.26,102.50,206.49,-1,-1,-1,-1
131,1,939.21,431.40,96.97,209.34,-1,-1,-1,-1
132,1,944.67,431.17,99.52,209.33,-1,-1,-1,-1
133,1,946.09,431.40,98.22,209.23,-1,-1,-1,-1
134,1,948.19,431.95,97.60,207.46,-1,-1,-1,-1
135,1,955.69,431.54,97.14,209.43,-1,-1,-1,-1
136,1,960.66,431.51,100.60,208.06,-1,-1,-1,-1
137,1,963.64,432.08,95.11,207.22,-1,-1,-1,-1
138,1,969.66,431.84,98.77,208.38,-1,-1,-1,-1
139,1,971.24,431.80,98.08,208.52,-1,-1,-1,-1
140,1,977.53,432.06,99.33,207.61,-1,-1,-1,-1
141,1,977.10,431.47,103.17,208.33,-1,-1,-1,-1
142,1,985.38,431.29,100.97,209.66,-1,-1,-1,-1
143,1,986.21,430.61,101.66,210.09,-1,-1,-1,-1
144,1,994.58,432.56,98.16,206.38,-1,-1,-1,-1
145,1,996.04,432.24,97.70,206.88,-1,-1,-1,-1
146,1,1001.24,431.77,102.12,209.20,-1,-1,-1,-1
147,1,1009.07,431.67,99.74,208.12,-1,-1,-1,-1
148,1,1010.66,432.57,97.58,206.33,-1,-1,-1,-1
149,1,1018.61,431.68,97.82,208.73,-1,-1,-1,-1
150,1,1019.62,430.09,97.55,211.95,-1,-1,-1,-1
151,1,1026.24,431.31,97.95,208.69,-1,-1,-1,-1
152,1,1026.71,432.32,100.32,206.63,-1,-1,-1,-1
153,1,1034.30,431.39,99.42,209.96,-1,-1,-1,-1
154,1,1033.38,431.68,103.46,208.72,-1,-1,-1,-1
155,1,1042.50,432.22,98.41,207.71,-1,-1,-1,-1
156,1,1044.08,431.42,97.98,208.88,-1,-1,-1,-1
157,1,1051.80,430.34,96.16,211.82,-1,-1,-1,-1
158,1,1058.76,430.78,96.19,209.91,-1,-1,-1,-1
159,1,1058.96,432.04,98.44,206.95,-1,-1,-1,-1
160,1,1067.19,431.15,95.99,208.92,-1,-1,-1,-1
161,1,1066.71,430.58,100.68,209.97,-1,-1,-1,-1
162,1,1073.85,431.55,99.38,208.50,-1,-1,-1,-1
163,1,1074.31,431.12,100.88,209.19,-1,-1,-1,-1
164,1,1083.61,430.26,96.30,211.48,-1,-1,-1,-1
165,1,1088.45,430.51,100.99,210.07,-1,-1,-1,-1
166,1,1091.09,431.02,96.79,209.28,-1,-1,-1,-1
167,1,1100.41,430.54,92.71,210.77,-1,-1,-1,-1
168,1,1097.71,430.31,101.39,211.45,-1,-1,-1,-1
169,1,1106.84,429.86,96.00,212.35,-1,-1,-1,-1
170,1,1106.71,430.75,98.84,210.19,-1,-1,-1,-1
171,1,1115.06,429.80,96.47,212.93,-1,-1,-1,-1
172,1,1113.93,429.44,102.09,213.35,-1,-1,-1,-1
173,1,1123.22,429.37,96.38,213.12,-1,-1,-1,-1
174,1,1124.54,429.74,96.15,212.24,-1,-1,-1,-1
175,1,1131.67,428.40,95.53,215.07,-1,-1,-1,-1
176,1,1138.56,426.94,97.73,216.93,-1,-1,-1,-1
177,1,1140.13,429.94,95.76,211.44,-1,-1,-1,-1
178,1,1147.94,429.02,94.21,213.91,-1,-1,-1,-1
179,1,1149.05,430.43,94.09,211.20,-1,-1,-1,-1
180,1,1151.69,431.29,89.64,209.70,-1,-1,-1,-1
181,1,1153.37,433.28,86.74,207.57,-1,-1,-1,-1
182,1,1162.37,433.88,81.46,206.58,-1,-1,-1,-1
192,1,1172.35,432.14,79.05,210.78,-1,-1,-1,-1
193,1,1232.88,431.19,71.62,211.04,-1,-1,-1,-1
194,1,1226.04,429.92,86.64,212.47,-1,-1,-1,-1
195,1,1233.20,431.05,82.42,211.86,-1,-1,-1,-1
196,1,1228.17,429.42,95.20,214.44,-1,-1,-1,-1
197,1,1228.82,429.05,94.88,215.43,-1,-1,-1,-1
198,1,1235.11,429.09,96.59,214.05,-1,-1,-1,-1
199,1,1238.43,431.93,91.55,208.78,-1,-1,-1,-1
200,1,1244.13,430.91,95.82,211.20,-1,-1,-1,-1
201,1,1245.95,429.39,94.06,213.18,-1,-1,-1,-1
202,1,1252.46,431.33,94.68,208.72,-1,-1,-1,-1
203,1,1252.77,431.55,96.82,208.72,-1,-1,-1,-1
204,1,1261.87,430.24,92.42,211.62,-1,-1,-1,-1
205,1,1268.16,430.54,93.62,210.82,-1,-1,-1,-1
206,1,1268.61,431.92,94.28,207.23,-1,-1,-1,-1
207,1,1275.33,430.76,95.60,210.41,-1,-1,-1,-1
208,1,1274.73,430.90,100.20,209.42,-1,-1,-1,-1
209,1,1283.57,430.17,95.52,210.69,-1,-1,-1,-1
210,1,1283.39,430.90,97.89,208.33,-1,-1,-1,-1
211,1,1291.32,430.11,95.78,210.90,-1,-1,-1,-1
212,1,1297.00,429.22,98.78,212.94,-1,-1,-1,-1
213,1,1298.05,429.33,98.18,212.67,-1,-1,-1,-1
214,1,1305.39,430.09,98.67,210.98,-1,-1,-1,-1
215,1,1308.00,430.47,96.33,212.23,-1,-1,-1,-1
216,1,1315.46,429.49,95.22,213.30,-1,-1,-1,-1
217,1,1314.82,430.43,97.39,210.37,-1,-1,-1,-1
218,1,1321.68,430.44,98.83,212.22,-1,-1,-1,-1
219,1,1322.91,429.90,99.00,212.65,-1,-1,-1,-1
220,1,1330.32,430.40,98.31,211.40,-1,-1,-1,-1
221,1,1330.05,430.15,101.33,211.11,-1,-1,-1,-1
222,1,1338.80,429.97,97.53,212.84,-1,-1,-1,-1
223,1,1338.68,429.26,100.60,213.42,-1,-1,-1,-1
224,1,1347.70,431.10,96.08,209.50,-1,-1,-1,-1
225,1,1347.57,431.23,98.99,209.53,-1,-1,-1,-1
226,1,1355.80,429.79,96.03,213.23,-1,-1,-1,-1
227,1,1362.71,429.94,96.65,212.16,-1,-1,-1,-1
228,1,1362.47,430.91,97.98,209.65,-1,-1,-1,-1
229,1,1370.49,430.94,98.64,211.23,-1,-1,-1,-1
230,1,1371.94,429.86,97.01,212.36,-1,-1,-1,-1
231,1,1378.81,430.28,96.40,211.79,-1,-1,-1,-1
232,1,1378.39,430.81,100.69,210.03,-1,-1,-1,-1
233,1,1386.27,430.36,99.41,212.59,-1,-1,-1,-1
234,1,1393.45,430.06,98.54,212.03,-1,-1,-1,-1
235,1,1394.11,429.63,97.89,212.36,-1,-1,-1,-1
236,1,1403.59,430.83,94.71,210.21,-1,-1,-1,-1
237,1,1403.51,430.63,97.67,211.45,-1,-1,-1,-1
238,1,1409.72,430.30,99.16,211.28,-1,-1,-1,-1
239,1,1411.14,430.78,98.48,209.30,-1,-1,-1,-1
240,1,1419.97,430.56,94.78,211.05,-1,-1,-1,-1
241,1,1426.47,429.74,96.32,212.53,-1,-1,-1,-1
242,1,1426.60,431.17,98.66,209.57,-1,-1,-1,-1
243,1,1428.66,430.13,95.79,211.23,-1,-1,-1,-1
244,1,1436.17,430.54,95.70,211.40,-1,-1,-1,-1
245,1,1442.51,430.61,97.06,210.73,-1,-1,-1,-1
246,1,1443.87,431.54,95.48,208.17,-1,-1,-1,-1
247,1,1451.25,430.73,96.32,210.94,-1,-1,-1,-1
248,1,1451.23,430.64,98.29,211.21,-1,-1,-1,-1
249,1,1459.33,431.69,97.15,208.55,-1,-1,-1,-1
250,1,1460.26,431.87,96.77,207.94,-1,-1,-1,-1
36,2,1858.29,437.49,63.03,212.62,-1,-1,-1,-1
37,2,1854.01,431.24,67.43,213.86,-1,-1,-1,-1
38,2,1853.95,438.01,66.12,210.26,-1,-1,-1,-1
39,2,1842.12,430.94,73.81,213.58,-1,-1,-1,-1
40,2,1839.80,431.71,77.78,212.30,-1,-1,-1,-1
41,2,1836.93,431.43,81.55,212.05,-1,-1,-1,-1
42,2,1834.86,431.26,84.84,212.39,-1,-1,-1,-1
43,2,1829.13,431.61,81.05,212.60,-1,-1,-1,-1
44,2,1821.89,432.39,78.23,210.47,-1,-1,-1,-1
45,2,1819.13,431.88,81.66,210.38,-1,-1,-1,-1
46,2,1812.31,439.07,80.10,205.13,-1,-1,-1,-1
47,2,1812.48,438.56,77.49,206.72,-1,-1,-1,-1
48,2,1804.27,432.78,79.50,209.01,-1,-1,-1,-1
49,2,1801.59,432.97,82.68,208.43,-1,-1,-1,-1
50,2,1797.03,439.76,78.49,204.06,-1,-1,-1,-1
51,2,1797.52,432.73,75.27,209.79,-1,-1,-1,-1
52,2,1787.64,432.97,79.98,207.88,-1,-1,-1,-1
53,2,1779.10,433.23,83.01,208.41,-1,-1,-1,-1
54,2,1780.61,439.90,78.03,204.32,-1,-1,-1,-1
55,2,1772.25,440.30,80.03,202.91,-1,-1,-1,-1
56,2,1770.10,433.62,82.66,207.58,-1,-1,-1,-1
57,2,1764.59,439.96,79.92,203.28,-1,-1,-1,-1
58,2,1764.82,439.32,77.28,205.01,-1,-1,-1,-1
59,2,1754.47,433.57,82.52,206.72,-1,-1,-1,-1
60,2,1747.54,432.80,82.75,208.53,-1,-1,-1,-1
61,2,1746.29,432.61,84.19,209.79,-1,-1,-1,-1
62,2,1744.42,439.60,72.90,204.37,-1,-1,-1,-1
63,2,1739.32,433.55,80.68,207.16,-1,-1,-1,-1
64,2,1730.87,440.05,83.31,203.51,-1,-1,-1,-1
65,2,1730.69,439.22,81.90,205.30,-1,-1,-1,-1
66,2,1724.59,432.47,79.92,209.73,-1,-1,-1,-1
67,2,1723.16,432.80,80.07,208.52,-1,-1,-1,-1
68,2,1714.94,432.08,83.11,210.99,-1,-1,-1,-1
69,2,1716.44,438.60,77.21,206.78,-1,-1,-1,-1
70,2,1707.15,432.47,81.70,209.42,-1,-1,-1,-1
71,2,1705.87,433.23,82.53,208.56,-1,-1,-1,-1
72,2,1698.31,438.99,83.61,205.81,-1,-1,-1,-1
73,2,1694.07,439.37,77.13,205.14,-1,-1,-1,-1
74,2,1689.85,432.64,83.29,209.32,-1,-1,-1,-1
75,2,1683.91,439.71,80.99,204.44,-1,-1,-1,-1
76,2,1683.83,439.22,79.64,205.66,-1,-1,-1,-1
77,2,1675.58,432.30,81.15,210.29,-1,-1,-1,-1
78,2,1673.98,432.92,82.64,208.96,-1,-1,-1,-1
79,2,1669.14,439.59,78.02,204.96,-1,-1,-1,-1
80,2,1668.48,438.53,77.16,207.10,-1,-1,-1,-1
81,2,1659.48,432.98,80.86,208.57,-1,-1,-1,-1
82,2,1652.91,432.28,80.17,210.21,-1,-1,-1,-1
83,2,1652.59,439.60,78.74,204.96,-1,-1,-1,-1
84,2,1645.21,439.40,78.28,205.06,-1,-1,-1,-1
85,2,1643.65,433.02,79.69,208.26,-1,-1,-1,-1
86,2,1635.09,440.01,82.58,203.80,-1,-1,-1,-1
87,2,1632.55,432.25,85.35,211.00,-1,-1,-1,-1
88,2,1629.05,432.98,77.98,209.04,-1,-1,-1,-1
89,2,1618.69,431.91,84.28,210.90,-1,-1,-1,-1
90,2,1617.72,439.45,84.99,204.78,-1,-1,-1,-1
91,2,1617.22,438.15,83.29,207.27,-1,-1,-1,-1
92,2,1611.61,432.70,79.97,209.20,-1,-1,-1,-1
93,2,1601.45,432.75,86.50,209.66,-1,-1,-1,-1
94,2,1604.14,438.93,78.98,206.01,-1,-1,-1,-1
95,2,1596.32,432.00,80.70,211.10,-1,-1,-1,-1
96,2,1594.39,431.87,82.16,210.39,-1,-1,-1,-1
97,2,1588.14,439.12,80.32,205.37,-1,-1,-1,-1
98,2,1586.70,437.49,81.21,208.28,-1,-1,-1,-1
99,2,1578.13,432.03,83.39,210.27,-1,-1,-1,-1
100,2,1576.02,432.26,85.71,210.57,-1,-1,-1,-1
101,2,1572.05,438.96,80.13,206.11,-1,-1,-1,-1
102,2,1567.82,438.77,74.14,206.33,-1,-1,-1,-1
103,2,1563.87,432.65,79.72,209.48,-1,-1,-1,-1
104,2,1555.42,432.05,82.40,211.15,-1,-1,-1,-1
105,2,1554.88,438.37,81.41,206.85,-1,-1,-1,-1
106,2,1548.50,431.82,80.37,211.03,-1,-1,-1,-1
107,2,1547.36,432.08,79.94,210.32,-1,-1,-1,-1
108,2,1539.25,438.97,82.26,205.47,-1,-1,-1,-1
109,2,1537.34,432.05,83.52,210.83,-1,-1,-1,-1
110,2,1531.25,432.08,81.35,209.76,-1,-1,-1,-1
111,2,1524.69,431.99,80.81,210.81,-1,-1,-1,-1
112,2,1521.85,438.32,84.18,207.07,-1,-1,-1,-1
113,2,1514.48,431.69,84.88,211.38,-1,-1,-1,-1
114,2,1513.67,431.97,83.76,210.50,-1,-1,-1,-1
115,2,1507.31,432.60,82.85,210.09,-1,-1,-1,-1
116,2,1506.09,432.04,83.78,211.53,-1,-1,-1,-1
117,2,1500.98,432.54,78.43,209.52,-1,-1,-1,-1
118,2,1498.11,432.37,82.17,209.50,-1,-1,-1,-1
119,2,1489.25,431.72,86.03,211.69,-1,-1,-1,-1
120,2,1489.02,431.85,83.91,211.32,-1,-1,-1,-1
121,2,1483.02,432.02,81.79,210.11,-1,-1,-1,-1
122,2,1473.45,432.55,86.41,209.99,-1,-1,-1,-1
123,2,1473.62,438.45,84.48,206.71,-1,-1,-1,-1
124,2,1466.21,432.04,84.90,210.77,-1,-1,-1,-1
125,2,1465.04,431.78,84.75,210.76,-1,-1,-1,-1
126,2,1458.70,432.14,83.74,211.14,-1,-1,-1,-1
127,2,1459.58,438.30,78.86,207.13,-1,-1,-1,-1
128,2,1449.20,432.37,85.72,209.76,-1,-1,-1,-1
129,2,1441.82,431.66,86.21,211.84,-1,-1,-1,-1
130,2,1442.21,431.73,84.07,212.17,-1,-1,-1,-1
131,2,1444.17,438.45,77.46,206.99,-1,-1,-1,-1
132,2,1432.70,432.06,85.27,210.17,-1,-1,-1,-1
133,2,1428.08,431.97,81.34,211.08,-1,-1,-1,-1
134,2,1424.89,438.93,85.04,206.15,-1,-1,-1,-1
135,2,1420.20,432.56,80.22,209.91,-1,-1,-1,-1
136,2,1417.88,432.01,83.02,210.31,-1,-1,-1,-1
137,2,1409.46,432.37,85.51,210.74,-1,-1,-1,-1
138,2,1411.98,438.23,78.07,207.64,-1,-1,-1,-1
139,2,1403.47,432.73,80.50,209.47,-1,-1,-1,-1
140,2,1395.81,431.86,81.85,210.82,-1,-1,-1,-1
141,2,1391.92,431.44,88.03,212.43,-1,-1,-1,-1
142,2,1386.96,431.83,83.68,211.75,-1,-1,-1,-1
143,2,1385.99,432.33,82.96,209.71,-1,-1,-1,-1
144,2,1378.03,432.79,84.55,209.83,-1,-1,-1,-1
145,2,1377.12,439.18,84.52,205.39,-1,-1,-1,-1
146,2,1373.69,433.02,77.34,209.20,-1,-1,-1,-1
147,2,1369.87,432.41,82.12,209.33,-1,-1,-1,-1
148,2,1362.85,432.08,82.65,211.13,-1,-1,-1,-1
149,2,1358.87,438.43,75.84,207.16,-1,-1,-1,-1
150,2,1354.09,432.31,83.22,209.80,-1,-1,-1,-1
151,2,1345.93,432.14,85.53,210.58,-1,-1,-1,-1
152,2,1346.15,438.57,82.83,206.71,-1,-1,-1,-1
153,2,1340.62,432.64,80.18,210.11,-1,-1,-1,-1
154,2,1337.67,431.88,83.07,210.22,-1,-1,-1,-1
155,2,1330.63,432.23,83.54,210.87,-1,-1,-1,-1
156,2,1330.23,431.17,82.15,213.60,-1,-1,-1,-1
157,2,1322.16,432.33,83.87,209.98,-1,-1,-1,-1
158,2,1321.74,432.66,82.64,209.29,-1,-1,-1,-1
159,2,1313.04,432.34,86.23,210.69,-1,-1,-1,-1
160,2,1312.54,432.57,84.59,210.06,-1,-1,-1,-1
161,2,1307.20,433.22,80.68,208.02,-1,-1,-1,-1
162,2,1299.39,432.65,82.07,209.36,-1,-1,-1,-1
163,2,1299.41,432.43,80.73,210.96,-1,-1,-1,-1
164,2,1290.84,432.58,82.94,209.58,-1,-1,-1,-1
165,2,1290.73,432.88,81.11,208.26,-1,-1,-1,-1
166,2,1283.94,433.35,81.43,208.56,-1,-1,-1,-1
167,2,1282.92,432.77,80.55,210.04,-1,-1,-1,-1
168,2,1274.75,433.18,81.91,207.94,-1,-1,-1,-1
169,2,1266.79,432.47,83.79,209.23,-1,-1,-1,-1
170,2,1265.72,432.76,84.67,209.75,-1,-1,-1,-1
171,2,1266.84,432.50,79.86,210.35,-1,-1,-1,-1
172,2,1257.90,432.74,82.83,208.34,-1,-1,-1,-1
173,2,1253.59,432.67,78.39,209.78,-1,-1,-1,-1
174,2,1250.42,431.36,81.64,212.05,-1,-1,-1,-1
175,2,1243.24,431.57,81.70,211.02,-1,-1,-1,-1
176,2,1235.73,430.96,82.52,211.17,-1,-1,-1,-1
177,2,1233.92,432.06,84.02,210.56,-1,-1,-1,-1
178,2,1234.36,430.82,81.13,212.43,-1,-1,-1,-1
179,2,1227.53,431.73,79.94,210.50,-1,-1,-1,-1
180,2,1227.38,432.96,78.79,207.96,-1,-1,-1,-1
181,2,1220.39,432.97,79.39,208.92,-1,-1,-1,-1
182,2,1212.74,431.99,80.48,210.36,-1,-1,-1,-1
183,2,1209.94,432.41,82.79,209.65,-1,-1,-1,-1
184,2,1200.66,432.68,86.04,210.01,-1,-1,-1,-1
185,2,1202.30,439.07,82.01,205.30,-1,-1,-1,-1
186,2,1191.91,433.06,88.05,209.24,-1,-1,-1,-1
187,2,1186.11,433.71,85.64,207.71,-1,-1,-1,-1
188,2,1187.64,440.21,80.58,202.88,-1,-1,-1,-1
190,2,1181.24,433.95,76.85,206.55,-1,-1,-1,-1
191,2,1171.20,431.88,83.38,210.88,-1,-1,-1,-1
192,2,1238.19,430.92,62.11,211.47,-1,-1,-1,-1
193,2,1165.60,432.06,78.41,210.72,-1,-1,-1,-1
194,2,1163.30,432.35,79.94,208.85,-1,-1,-1,-1
195,2,1154.93,432.43,83.26,210.13,-1,-1,-1,-1
196,2,1153.47,431.60,83.49,211.75,-1,-1,-1,-1
197,2,1145.81,432.30,84.23,209.67,-1,-1,-1,-1
198,2,1145.63,432.35,82.68,209.07,-1,-1,-1,-1
199,2,1138.95,432.97,81.92,210.01,-1,-1,-1,-1
200,2,1139.42,432.52,79.11,211.06,-1,-1,-1,-1
201,2,1130.68,432.76,82.27,209.27,-1,-1,-1,-1
202,2,1125.21,432.83,79.82,209.53,-1,-1,-1,-1
203,2,1123.37,432.82,80.65,210.39,-1,-1,-1,-1
204,2,1117.60,433.06,77.96,209.25,-1,-1,-1,-1
205,2,1114.11,433.06,81.95,208.65,-1,-1,-1,-1
206,2,1106.80,433.07,83.12,209.58,-1,-1,-1,-1
207,2,1106.56,432.40,81.38,211.17,-1,-1,-1,-1
208,2,1101.00,433.16,78.58,209.15,-1,-1,-1,-1
209,2,1090.12,432.84,85.66,209.19,-1,-1,-1,-1
210,2,1090.57,433.19,83.38,209.35,-1,-1,-1,-1
211,2,1091.15,432.79,79.81,210.34,-1,-1,-1,-1
212,2,1081.06,433.41,84.38,207.56,-1,-1,-1,-1
213,2,1075.38,433.17,82.30,209.11,-1,-1,-1,-1
214,2,1075.43,438.89,79.89,205.58,-1,-1,-1,-1
215,2,1066.71,432.88,83.78,209.59,-1,-1,-1,-1
216,2,1065.62,432.68,83.60,209.60,-1,-1,-1,-1
217,2,1057.68,433.15,85.48,209.60,-1,-1,-1,-1
218,2,1058.47,432.48,81.62,211.13,-1,-1,-1,-1
219,2,1049.91,432.86,83.97,208.62,-1,-1,-1,-1
220,2,1044.18,432.94,81.50,208.92,-1,-1,-1,-1
221,2,1042.09,432.50,84.14,210.49,-1,-1,-1,-1
222,2,1040.61,432.30,84.35,211.09,-1,-1,-1,-1
223,2,1034.84,433.06,81.67,208.57,-1,-1,-1,-1
224,2,1025.06,433.32,86.73,208.93,-1,-1,-1,-1
225,2,1026.05,438.87,82.65,205.60,-1,-1,-1,-1
226,2,1018.00,432.75,85.22,209.91,-1,-1,-1,-1
227,2,1017.86,433.17,82.18,208.45,-1,-1,-1,-1
228,2,1008.57,432.60,86.87,210.54,-1,-1,-1,-1
229,2,1007.46,432.00,86.80,211.59,-1,-1,-1,-1
230,2,1002.29,432.56,83.19,209.48,-1,-1,-1,-1
231,2,1000.94,433.60,83.78,208.06,-1,-1,-1,-1
232,2,994.98,439.42,81.53,204.71,-1,-1,-1,-1
233,2,994.84,433.02,80.07,209.80,-1,-1,-1,-1
234,2,985.90,433.34,82.57,207.56,-1,-1,-1,-1
235,2,976.79,432.93,86.76,209.76,-1,-1,-1,-1
236,2,978.39,438.82,81.81,205.75,-1,-1,-1,-1
237,2,971.72,432.98,80.66,209.53,-1,-1,-1,-1
238,2,969.60,433.16,82.99,208.81,-1,-1,-1,-1
239,2,962.11,439.94,82.99,204.12,-1,-1,-1,-1
240,2,962.98,438.80,79.65,205.64,-1,-1,-1,-1
241,2,952.95,433.48,85.20,207.61,-1,-1,-1,-1
242,2,948.49,432.78,80.63,209.88,-1,-1,-1,-1
243,2,946.83,439.18,81.47,205.21,-1,-1,-1,-1
244,2,938.01,432.62,84.74,210.39,-1,-1,-1,-1
245,2,937.62,432.85,83.58,209.22,-1,-1,-1,-1
246,2,931.00,440.95,82.30,202.08,-1,-1,-1,-1
247,2,930.81,439.08,80.50,205.45,-1,-1,-1,-1
248,2,923.92,439.99,79.42,203.50,-1,-1,-1,-1
249,2,913.05,432.54,87.10,210.26,-1,-1,-1,-1
250,2,914.73,439.44,81.99,204.95,-1,-1,-1,-1
