1,1,628,440,64,200,1,1,1.0
1,2,531,440,60,200,1,1,1.0
1,3,431,440,60,200,1,1,1.0
1,4,321,440,82,200,1,1,1.0
1,5,228,440,68,200,1,1,1.0
1,6,126,440,72,200,1,1,1.0
2,1,630,440,64,200,1,1,1.0
2,2,532,440,60,200,1,1,1.0
2,3,432,440,60,200,1,1,1.0
2,4,322,440,82,200,1,1,1.0
2,5,229,440,68,200,1,1,1.0
2,6,128,440,72,200,1,1,1.0
3,1,631,440,64,200,1,1,1.0
3,2,533,440,60,200,1,1,1.0
3,3,434,440,60,200,1,1,1.0
3,4,323,440,82,200,1,1,1.0
3,5,230,440,68,200,1,1,1.0
3,6,129,440,72,200,1,1,1.0
4,1,632,440,64,200,1,1,1.0
4,2,534,440,60,200,1,1,1.0
4,3,435,440,60,200,1,1,1.0
4,4,324,440,82,200,1,1,1.0
4,5,232,440,68,200,1,1,1.0
4,6,130,440,72,200,1,1,1.0
5,1,633,440,64,200,1,1,1.0
5,2,536,440,60,200,1,1,1.0
5,3,436,440,60,200,1,1,1.0
5,4,325,440,82,200,1,1,1.0
5,5,233,440,68,200,1,1,1.0
5,6,131,440,72,200,1,1,1.0
6,1,634,440,64,200,1,1,1.0
6,2,537,440,60,200,1,1,1.0
6,3,437,440,60,200,1,1,1.0
6,4,327,440,82,200,1,1,1.0
6,5,234,440,68,200,1,1,1.0
6,6,132,440,72,200,1,1,1.0
7,1,636,440,64,200,1,1,1.0
7,2,538,440,60,200,1,1,1.0
7,3,438,440,60,200,1,1,1.0
7,4,328,440,82,200,1,1,1.0
7,5,235,440,68,200,1,1,1.0
7,6,134,440,72,200,1,1,1.0
8,1,637,440,64,200,1,1,1.0
8,2,539,440,60,200,1,1,1.0
8,3,440,440,60,200,1,1,1.0
8,4,329,440,82,200,1,1,1.0
8,5,236,440,68,200,1,1,1.0
8,6,135,440,72,200,1,1,1.0
9,1,638,440,64,200,1,1,1.0
9,2,540,440,60,200,1,1,1.0
9,3,441,440,60,200,1,1,1.0
9,4,330,440,82,200,1,1,1.0
9,5,238,440,68,200,1,1,1.0
9,6,136,440,72,200,1,1,1.0
10,1,639,440,64,200,1,1,1.0
10,2,542,440,60,200,1,1,1.0
10,3,442,440,60,200,1,1,1.0
10,4,331,440,82,200,1,1,1.0
10,5,239,440,68,200,1,1,1.0
10,6,137,440,72,200,1,1,1.0
11,1,640,440,64,200,1,1,1.0
11,2,543,440,60,200,1,1,1.0
11,3,443,440,60,200,1,1,1.0
11,4,333,440,82,200,1,1,1.0
11,5,240,440,68,200,1,1,1.0
11,6,138,440,72,200,1,1,1.0
12,1,642,440,64,200,1,1,1.0
12,2,544,440,60,200,1,1,1.0
12,3,444,440,60,200,1,1,1.0
12,4,334,440,82,200,1,1,1.0
12,5,241,440,68,200,1,1,1.0
12,6,140,440,72,200,1,1,1.0
13,1,643,440,64,200,1,1,1.0
13,2,545,440,60,200,1,1,1.0
13,3,446,440,60,200,1,1,1.0
13,4,335,440,82,200,1,1,1.0
13,5,242,440,68,200,1,1,1.0
13,6,141,440,72,200,1,1,1.0
14,1,644,440,64,200,1,1,1.0
14,2,546,440,60,200,1,1,1.0
14,3,447,440,60,200,1,1,1.0
14,4,336,440,82,200,1,1,1.0
14,5,244,440,68,200,1,1,1.0
14,6,142,440,72,200,1,1,1.0
15,1,645,440,64,200,1,1,1.0
15,2,548,440,60,200,1,1,1.0
15,3,448,440,60,200,1,1,1.0
15,4,337,440,82,200,1,1,1.0
15,5,245,440,68,200,1,1,1.0
15,6,143,440,72,200,1,1,1.0
16,1,646,440,64,200,1,1,1.0
16,2,549,440,60,200,1,1,1.0
16,3,449,440,60,200,1,1,1.0
16,4,339,440,82,200,1,1,1.0
16,5,246,440,68,200,1,1,1.0
16,6,144,440,72,200,1,1,1.0
17,1,648,440,64,200,1,1,1.0
17,2,550,440,60,200,1,1,1.0
17,3,450,440,60,200,1,1,1.0
17,4,340,440,82,200,1,1,1.0
17,5,247,440,68,200,1,1,1.0
17,6,146,440,72,200,1,1,1.0
18,1,649,440,64,200,1,1,1.0
18,2,551,440,60,200,1,1,1.0
18,3,452,440,60,200,1,1,1.0
18,4,341,440,82,200,1,1,1.0
18,5,248,440,68,200,1,1,1.0
18,6,147,440,72,200,1,1,1.0
19,1,650,440,64,200,1,1,1.0
19,2,552,440,60,200,1,1,1.0
19,3,453,440,60,200,1,1,1.0
19,4,342,440,82,200,1,1,1.0
19,5,250,440,68,200,1,1,1.0
19,6,148,440,72,200,1,1,1.0
20,1,651,440,64,200,1,1,1.0
20,2,554,440,60,200,1,1,1.0
20,3,454,440,60,200,1,1,1.0
20,4,343,440,82,200,1,1,1.0
20,5,251,440,68,200,1,1,1.0
20,6,149,440,72,200,1,1,1.0
21,1,652,440,64,200,1,1,1.0
21,2,555,440,60,200,1,1,1.0
21,3,455,440,60,200,1,1,1.0
21,4,345,440,82,200,1,1,1.0
21,5,252,440,68,200,1,1,1.0
21,6,150,440,72,200,1,1,1.0
22,1,654,440,64,200,1,1,1.0
22,2,556,440,60,200,1,1,1.0
22,3,456,440,60,200,1,1,1.0
22,4,346,440,82,200,1,1,1.0
22,5,253,440,68,200,1,1,1.0
22,6,152,440,72,200,1,1,1.0
23,1,655,440,64,200,1,1,1.0
23,2,557,440,60,200,1,1,1.0
23,3,458,440,60,200,1,1,1.0
23,4,347,440,82,200,1,1,1.0
23,5,254,440,68,200,1,1,1.0
23,6,153,440,72,200,1,1,1.0
24,1,656,440,64,200,1,1,1.0
24,2,558,440,60,200,1,1,1.0
24,3,459,440,60,200,1,1,1.0
24,4,348,440,82,200,1,1,1.0
24,5,256,440,68,200,1,1,1.0
24,6,154,440,72,200,1,1,1.0
25,1,657,440,64,200,1,1,1.0
25,2,560,440,60,200,1,1,1.0
25,3,460,440,60,200,1,1,1.0
25,4,349,440,82,200,1,1,1.0
25,5,257,440,68,200,1,1,1.0
25,6,155,440,72,200,1,1,1.0
26,1,658,440,64,200,1,1,1.0
26,2,561,440,60,200,1,1,1.0
26,3,461,440,60,200,1,1,1.0
26,4,351,440,82,200,1,1,1.0
26,5,258,440,68,200,1,1,1.0
26,6,156,440,72,200,1,1,1.0
27,1,660,440,64,200,1,1,1.0
27,2,562,440,60,200,1,1,1.0
27,3,462,440,60,200,1,1,1.0
27,4,352,440,82,200,1,1,1.0
27,5,259,440,68,200,1,1,1.0
27,6,158,440,72,200,1,1,1.0
28,1,661,440,64,200,1,1,1.0
28,2,563,440,60,200,1,1,1.0
28,3,464,440,60,200,1,1,1.0
28,4,353,440,82,200,1,1,1.0
28,5,260,440,68,200,1,1,1.0
28,6,159,440,72,200,1,1,1.0
29,1,662,440,64,200,1,1,1.0
29,2,564,440,60,200,1,1,1.0
29,3,465,440,60,200,1,1,1.0
29,4,354,440,82,200,1,1,1.0
29,5,262,440,68,200,1,1,1.0
29,6,160,440,72,200,1,1,1.0
30,1,663,440,64,200,1,1,1.0
30,2,566,440,60,200,1,1,1.0
30,3,466,440,60,200,1,1,1.0
30,4,355,440,82,200,1,1,1.0
30,5,263,440,68,200,1,1,1.0
30,6,161,440,72,200,1,1,1.0
31,1,664,440,64,200,1,1,1.0
31,2,567,440,60,200,1,1,1.0
31,3,467,440,60,200,1,1,1.0
31,4,357,440,82,200,1,1,1.0
31,5,264,440,68,200,1,1,1.0
31,6,162,440,72,200,1,1,1.0
32,1,666,440,64,200,1,1,1.0
32,2,568,440,60,200,1,1,1.0
32,3,468,440,60,200,1,1,1.0
32,4,358,440,82,200,1,1,1.0
32,5,265,440,68,200,1,1,1.0
32,6,164,440,72,200,1,1,1.0
33,1,667,440,64,200,1,1,1.0
33,2,569,440,60,200,1,1,1.0
33,3,470,440,60,200,1,1,1.0
33,4,359,440,82,200,1,1,1.0
33,5,266,440,68,200,1,1,1.0
33,6,165,440,72,200,1,1,1.0
34,1,668,440,64,200,1,1,1.0
34,2,570,440,60,200,1,1,1.0
34,3,471,440,60,200,1,1,1.0
34,4,360,440,82,200,1,1,1.0
34,5,268,440,68,200,1,1,1.0
34,6,166,440,72,200,1,1,1.0
35,1,669,440,64,200,1,1,1.0
35,2,572,440,60,200,1,1,1.0
35,3,472,440,60,200,1,1,1.0
35,4,361,440,82,200,1,1,1.0
35,5,269,440,68,200,1,1,1.0
35,6,167,440,72,200,1,1,1.0
36,1,670,440,64,200,1,1,1.0
36,2,573,440,60,200,1,1,1.0
36,3,473,440,60,200,1,1,1.0
36,4,363,440,82,200,1,1,1.0
36,5,270,440,68,200,1,1,1.0
36,6,168,440,72,200,1,1,1.0
37,1,672,440,64,200,1,1,1.0
37,2,574,440,60,200,1,1,1.0
37,3,474,440,60,200,1,1,1.0
37,4,364,440,82,200,1,1,1.0
37,5,271,440,68,200,1,1,1.0
37,6,170,440,72,200,1,1,1.0
38,1,673,440,64,200,1,1,1.0
38,2,575,440,60,200,1,1,1.0
38,3,476,440,60,200,1,1,1.0
38,4,365,440,82,200,1,1,1.0
38,5,272,440,68,200,1,1,1.0
38,6,171,440,72,200,1,1,1.0
39,1,674,440,64,200,1,1,1.0
39,2,576,440,60,200,1,1,1.0
39,3,477,440,60,200,1,1,1.0
39,4,366,440,82,200,1,1,1.0
39,5,274,440,68,200,1,1,1.0
39,6,172,440,72,200,1,1,1.0
40,1,675,440,64,200,1,1,1.0
40,2,578,440,60,200,1,1,1.0
40,3,478,440,60,200,1,1,1.0
40,4,367,440,82,200,1,1,1.0
40,5,275,440,68,200,1,1,1.0
40,6,173,440,72,200,1,1,1.0
41,1,676,440,64,200,1,1,1.0
41,2,579,440,60,200,1,1,1.0
41,3,479,440,60,200,1,1,1.0
41,4,369,440,82,200,1,1,1.0
41,5,276,440,68,200,1,1,1.0
41,6,174,440,72,200,1,1,1.0
42,1,678,440,64,200,1,1,1.0
42,2,580,440,60,200,1,1,1.0
42,3,480,440,60,200,1,1,1.0
42,4,370,440,82,200,1,1,1.0
42,5,277,440,68,200,1,1,1.0
42,6,176,440,72,200,1,1,1.0
43,1,679,440,64,200,1,1,1.0
43,2,581,440,60,200,1,1,1.0
43,3,482,440,60,200,1,1,1.0
43,4,371,440,82,200,1,1,1.0
43,5,278,440,68,200,1,1,1.0
43,6,177,440,72,200,1,1,1.0
44,1,680,440,64,200,1,1,1.0
44,2,582,440,60,200,1,1,1.0
44,3,483,440,60,200,1,1,1.0
44,4,372,440,82,200,1,1,1.0
44,5,280,440,68,200,1,1,1.0
44,6,178,440,72,200,1,1,1.0
45,1,681,440,64,200,1,1,1.0
45,2,584,440,60,200,1,1,1.0
45,3,484,440,60,200,1,1,1.0
45,4,373,440,82,200,1,1,1.0
45,5,281,440,68,200,1,1,1.0
45,6,179,440,72,200,1,1,1.0
46,1,682,440,64,200,1,1,1.0
46,2,585,440,60,200,1,1,1.0
46,3,485,440,60,200,1,1,1.0
46,4,375,440,82,200,1,1,1.0
46,5,282,440,68,200,1,1,1.0
46,6,180,440,72,200,1,1,1.0
47,1,684,440,64,200,1,1,1.0
47,2,586,440,60,200,1,1,1.0
47,3,486,440,60,200,1,1,1.0
47,4,376,440,82,200,1,1,1.0
47,5,283,440,68,200,1,1,1.0
47,6,182,440,72,200,1,1,1.0
48,1,685,440,64,200,1,1,1.0
48,2,587,440,60,200,1,1,1.0
48,3,488,440,60,200,1,1,1.0
48,4,377,440,82,200,1,1,1.0
48,5,284,440,68,200,1,1,1.0
48,6,183,440,72,200,1,1,1.0
49,1,686,440,64,200,1,1,1.0
49,2,588,440,60,200,1,1,1.0
49,3,489,440,60,200,1,1,1.0
49,4,378,440,82,200,1,1,1.0
49,5,286,440,68,200,1,1,1.0
49,6,184,440,72,200,1,1,1.0
50,1,687,440,64,200,1,1,1.0
50,2,590,440,60,200,1,1,1.0
50,3,490,440,60,200,1,1,1.0
50,4,379,440,82,200,1,1,1.0
50,5,287,440,68,200,1,1,1.0
50,6,185,440,72,200,1,1,1.0
51,1,688,440,64,200,1,1,1.0
51,2,591,440,60,200,1,1,1.0
51,3,491,440,60,200,1,1,1.0
51,4,381,440,82,200,1,1,1.0
51,5,288,440,68,200,1,1,1.0
51,6,186,440,72,200,1,1,1.0
52,1,690,440,64,200,1,1,1.0
52,2,592,440,60,200,1,1,1.0
52,3,492,440,60,200,1,1,1.0
52,4,382,440,82,200,1,1,1.0
52,5,289,440,68,200,1,1,1.0
52,6,188,440,72,200,1,1,1.0
53,1,691,440,64,200,1,1,1.0
53,2,593,440,60,200,1,1,1.0
53,3,494,440,60,200,1,1,1.0
53,4,383,440,82,200,1,1,1.0
53,5,290,440,68,200,1,1,1.0
53,6,189,440,72,200,1,1,1.0
54,1,692,440,64,200,1,1,1.0
54,2,594,440,60,200,1,1,1.0
54,3,495,440,60,200,1,1,1.0
54,4,384,440,82,200,1,1,1.0
54,5,292,440,68,200,1,1,1.0
54,6,190,440,72,200,1,1,1.0
55,1,693,440,64,200,1,1,1.0
55,2,596,440,60,200,1,1,1.0
55,3,496,440,60,200,1,1,1.0
55,4,385,440,82,200,1,1,1.0
55,5,293,440,68,200,1,1,1.0
55,6,191,440,72,200,1,1,1.0
56,1,694,440,64,200,1,1,1.0
56,2,597,440,60,200,1,1,1.0
56,3,497,440,60,200,1,1,1.0
56,4,387,440,82,200,1,1,1.0
56,5,294,440,68,200,1,1,1.0
56,6,192,440,72,200,1,1,1.0
57,1,696,440,64,200,1,1,1.0
57,2,598,440,60,200,1,1,1.0
57,3,498,440,60,200,1,1,1.0
57,4,388,440,82,200,1,1,1.0
57,5,295,440,68,200,1,1,1.0
57,6,194,440,72,200,1,1,1.0
58,1,697,440,64,200,1,1,1.0
58,2,599,440,60,200,1,1,1.0
58,3,500,440,60,200,1,1,1.0
58,4,389,440,82,200,1,1,1.0
58,5,296,440,68,200,1,1,1.0
58,6,195,440,72,200,1,1,1.0
59,1,698,440,64,200,1,1,1.0
59,2,600,440,60,200,1,1,1.0
59,3,501,440,60,200,1,1,1.0
59,4,390,440,82,200,1,1,1.0
59,5,298,440,68,200,1,1,1.0
59,6,196,440,72,200,1,1,1.0
60,1,699,440,64,200,1,1,1.0
60,2,602,440,60,200,1,1,1.0
60,3,502,440,60,200,1,1,1.0
60,4,391,440,82,200,1,1,1.0
60,5,299,440,68,200,1,1,1.0
60,6,197,440,72,200,1,1,1.0
61,1,700,440,64,200,1,1,1.0
61,2,603,440,60,200,1,1,1.0
61,3,503,440,60,200,1,1,1.0
61,4,393,440,82,200,1,1,1.0
61,5,300,440,68,200,1,1,1.0
61,6,198,440,72,200,1,1,1.0
62,1,702,440,64,200,1,1,1.0
62,2,604,440,60,200,1,1,1.0
62,3,504,440,60,200,1,1,1.0
62,4,394,440,82,200,1,1,1.0
62,5,301,440,68,200,1,1,1.0
62,6,200,440,72,200,1,1,1.0
63,1,703,440,64,200,1,1,1.0
63,2,605,440,60,200,1,1,1.0
63,3,506,440,60,200,1,1,1.0
63,4,395,440,82,200,1,1,1.0
63,5,302,440,68,200,1,1,1.0
63,6,201,440,72,200,1,1,1.0
64,1,704,440,64,200,1,1,1.0
64,2,606,440,60,200,1,1,1.0
64,3,507,440,60,200,1,1,1.0
64,4,396,440,82,200,1,1,1.0
64,5,304,440,68,200,1,1,1.0
64,6,202,440,72,200,1,1,1.0
65,1,705,440,64,200,1,1,1.0
65,2,608,440,60,200,1,1,1.0
65,3,508,440,60,200,1,1,1.0
65,4,397,440,82,200,1,1,1.0
65,5,305,440,68,200,1,1,1.0
65,6,203,440,72,200,1,1,1.0
66,1,706,440,64,200,1,1,1.0
66,2,609,440,60,200,1,1,1.0
66,3,509,440,60,200,1,1,1.0
66,4,399,440,82,200,1,1,1.0
66,5,306,440,68,200,1,1,1.0
66,6,204,440,72,200,1,1,1.0
67,1,708,440,64,200,1,1,1.0
67,2,610,440,60,200,1,1,1.0
67,3,510,440,60,200,1,1,1.0
67,4,400,440,82,200,1,1,1.0
67,5,307,440,68,200,1,1,1.0
67,6,206,440,72,200,1,1,1.0
68,1,709,440,64,200,1,1,1.0
68,2,611,440,60,200,1,1,1.0
68,3,512,440,60,200,1,1,1.0
68,4,401,440,82,200,1,1,1.0
68,5,308,440,68,200,1,1,1.0
68,6,207,440,72,200,1,1,1.0
69,1,710,440,64,200,1,1,1.0
69,2,612,440,60,200,1,1,1.0
69,3,513,440,60,200,1,1,1.0
69,4,402,440,82,200,1,1,1.0
69,5,310,440,68,200,1,1,1.0
69,6,208,440,72,200,1,1,1.0
70,1,711,440,64,200,1,1,1.0
70,2,614,440,60,200,1,1,1.0
70,3,514,440,60,200,1,1,1.0
70,4,403,440,82,200,1,1,1.0
70,5,311,440,68,200,1,1,1.0
70,6,209,440,72,200,1,1,1.0
71,1,712,440,64,200,1,1,1.0
71,2,615,440,60,200,1,1,1.0
71,3,515,440,60,200,1,1,1.0
71,4,405,440,82,200,1,1,1.0
71,5,312,440,68,200,1,1,1.0
71,6,210,440,72,200,1,1,1.0
72,1,714,440,64,200,1,1,1.0
72,2,616,440,60,200,1,1,1.0
72,3,516,440,60,200,1,1,1.0
72,4,406,440,82,200,1,1,1.0
72,5,313,440,68,200,1,1,1.0
72,6,212,440,72,200,1,1,1.0
73,1,715,440,64,200,1,1,1.0
73,2,617,440,60,200,1,1,1.0
73,3,518,440,60,200,1,1,1.0
73,4,407,440,82,200,1,1,1.0
73,5,314,440,68,200,1,1,1.0
73,6,213,440,72,200,1,1,1.0
74,1,716,440,64,200,1,1,1.0
74,2,618,440,60,200,1,1,1.0
74,3,519,440,60,200,1,1,1.0
74,4,408,440,82,200,1,1,1.0
74,5,316,440,68,200,1,1,1.0
74,6,214,440,72,200,1,1,1.0
75,1,717,440,64,200,1,1,1.0
75,2,620,440,60,200,1,1,1.0
75,3,520,440,60,200,1,1,1.0
75,4,409,440,82,200,1,1,1.0
75,5,317,440,68,200,1,1,1.0
75,6,215,440,72,200,1,1,1.0
76,1,718,440,64,200,1,1,1.0
76,2,621,440,60,200,1,1,1.0
76,3,521,440,60,200,1,1,1.0
76,4,411,440,82,200,1,1,1.0
76,5,318,440,68,200,1,1,1.0
76,6,216,440,72,200,1,1,1.0
77,1,720,440,64,200,1,1,1.0
77,2,622,440,60,200,1,1,1.0
77,3,522,440,60,200,1,1,1.0
77,4,412,440,82,200,1,1,1.0
77,5,319,440,68,200,1,1,1.0
77,6,218,440,72,200,1,1,1.0
78,1,721,440,64,200,1,1,1.0
78,2,623,440,60,200,1,1,1.0
78,3,524,440,60,200,1,1,1.0
78,4,413,440,82,200,1,1,1.0
78,5,320,440,68,200,1,1,1.0
78,6,219,440,72,200,1,1,1.0
79,1,722,440,64,200,1,1,1.0
79,2,624,440,60,200,1,1,1.0
79,3,525,440,60,200,1,1,1.0
79,4,414,440,82,200,1,1,1.0
79,5,322,440,68,200,1,1,1.0
79,6,220,440,72,200,1,1,1.0
80,1,723,440,64,200,1,1,1.0
80,2,626,440,60,200,1,1,1.0
80,3,526,440,60,200,1,1,1.0
80,4,415,440,82,200,1,1,1.0
80,5,323,440,68,200,1,1,1.0
80,6,221,440,72,200,1,1,1.0
81,1,724,440,64,200,1,1,1.0
81,2,627,440,60,200,1,1,1.0
81,3,527,440,60,200,1,1,1.0
81,4,417,440,82,200,1,1,1.0
81,5,324,440,68,200,1,1,1.0
81,6,222,440,72,200,1,1,1.0
82,1,726,440,64,200,1,1,1.0
82,2,628,440,60,200,1,1,1.0
82,3,528,440,60,200,1,1,1.0
82,4,418,440,82,200,1,1,1.0
82,5,325,440,68,200,1,1,1.0
82,6,224,440,72,200,1,1,1.0
83,1,727,440,64,200,1,1,1.0
83,2,629,440,60,200,1,1,1.0
83,3,530,440,60,200,1,1,1.0
83,4,419,440,82,200,1,1,1.0
83,5,326,440,68,200,1,1,1.0
83,6,225,440,72,200,1,1,1.0
84,1,728,440,64,200,1,1,1.0
84,2,630,440,60,200,1,1,1.0
84,3,531,440,60,200,1,1,1.0
84,4,420,440,82,200,1,1,1.0
84,5,328,440,68,200,1,1,1.0
84,6,226,440,72,200,1,1,1.0
85,1,729,440,64,200,1,1,1.0
85,2,632,440,60,200,1,1,1.0
85,3,532,440,60,200,1,1,1.0
85,4,421,440,82,200,1,1,1.0
85,5,329,440,68,200,1,1,1.0
85,6,227,440,72,200,1,1,1.0
86,1,730,440,64,200,1,1,1.0
86,2,633,440,60,200,1,1,1.0
86,3,533,440,60,200,1,1,1.0
86,4,423,440,82,200,1,1,1.0
86,5,330,440,68,200,1,1,1.0
86,6,228,440,72,200,1,1,1.0
87,1,732,440,64,200,1,1,1.0
87,2,634,440,60,200,1,1,1.0
87,3,534,440,60,200,1,1,1.0
87,4,424,440,82,200,1,1,1.0
87,5,331,440,68,200,1,1,1.0
87,6,230,440,72,200,1,1,1.0
88,1,733,440,64,200,1,1,1.0
88,2,635,440,60,200,1,1,1.0
88,3,536,440,60,200,1,1,1.0
88,4,425,440,82,200,1,1,1.0
88,5,332,440,68,200,1,1,1.0
88,6,231,440,72,200,1,1,1.0
89,1,734,440,64,200,1,1,1.0
89,2,636,440,60,200,1,1,1.0
89,3,537,440,60,200,1,1,1.0
89,4,426,440,82,200,1,1,1.0
89,5,334,440,68,200,1,1,1.0
89,6,232,440,72,200,1,1,1.0
90,1,735,440,64,200,1,1,1.0
90,2,638,440,60,200,1,1,1.0
90,3,538,440,60,200,1,1,1.0
90,4,427,440,82,200,1,1,1.0
90,5,335,440,68,200,1,1,1.0
90,6,233,440,72,200,1,1,1.0
91,1,736,440,64,200,1,1,1.0
91,2,639,440,60,200,1,1,1.0
91,3,539,440,60,200,1,1,1.0
91,4,429,440,82,200,1,1,1.0
91,5,336,440,68,200,1,1,1.0
91,6,234,440,72,200,1,1,1.0
92,1,738,440,64,200,1,1,1.0
92,2,640,440,60,200,1,1,1.0
92,3,540,440,60,200,1,1,1.0
92,4,430,440,82,200,1,1,1.0
92,5,337,440,68,200,1,1,1.0
92,6,236,440,72,200,1,1,1.0
93,1,739,440,64,200,1,1,1.0
93,2,641,440,60,200,1,1,1.0
93,3,542,440,60,200,1,1,1.0
93,4,431,440,82,200,1,1,1.0
93,5,338,440,68,200,1,1,1.0
93,6,237,440,72,200,1,1,1.0
94,1,740,440,64,200,1,1,1.0
94,2,642,440,60,200,1,1,1.0
94,3,543,440,60,200,1,1,1.0
94,4,432,440,82,200,1,1,1.0
94,5,340,440,68,200,1,1,1.0
94,6,238,440,72,200,1,1,1.0
95,1,741,440,64,200,1,1,1.0
95,2,644,440,60,200,1,1,1.0
95,3,544,440,60,200,1,1,1.0
95,4,433,440,82,200,1,1,1.0
95,5,341,440,68,200,1,1,1.0
95,6,239,440,72,200,1,1,1.0
96,1,742,440,64,200,1,1,1.0
96,2,645,440,60,200,1,1,1.0
96,3,545,440,60,200,1,1,1.0
96,4,435,440,82,200,1,1,1.0
96,5,342,440,68,200,1,1,1.0
96,6,240,440,72,200,1,1,1.0
97,1,744,440,64,200,1,1,1.0
97,2,646,440,60,200,1,1,1.0
97,3,546,440,60,200,1,1,1.0
97,4,436,440,82,200,1,1,1.0
97,5,343,440,68,200,1,1,1.0
97,6,242,440,72,200,1,1,1.0
98,1,745,440,64,200,1,1,1.0
98,2,647,440,60,200,1,1,1.0
98,3,548,440,60,200,1,1,1.0
98,4,437,440,82,200,1,1,1.0
98,5,344,440,68,200,1,1,1.0
98,6,243,440,72,200,1,1,1.0
99,1,746,440,64,200,1,1,1.0
99,2,648,440,60,200,1,1,1.0
99,3,549,440,60,200,1,1,1.0
99,4,438,440,82,200,1,1,1.0
99,5,346,440,68,200,1,1,1.0
99,6,244,440,72,200,1,1,1.0
100,1,747,440,64,200,1,1,1.0
100,2,650,440,60,200,1,1,1.0
100,3,550,440,60,200,1,1,1.0
100,4,439,440,82,200,1,1,1.0
100,5,347,440,68,200,1,1,1.0
100,6,245,440,72,200,1,1,1.0
101,1,748,440,64,200,1,1,1.0
101,2,651,440,60,200,1,1,1.0
101,3,551,440,60,200,1,1,1.0
101,4,441,440,82,200,1,1,1.0
101,5,348,440,68,200,1,1,1.0
101,6,246,440,72,200,1,1,1.0
102,1,750,440,64,200,1,1,1.0
102,2,652,440,60,200,1,1,1.0
102,3,552,440,60,200,1,1,1.0
102,4,442,440,82,200,1,1,1.0
102,5,349,440,68,200,1,1,1.0
102,6,248,440,72,200,1,1,1.0
103,1,751,440,64,200,1,1,1.0
103,2,653,440,60,200,1,1,1.0
103,3,554,440,60,200,1,1,1.0
103,4,443,440,82,200,1,1,1.0
103,5,350,440,68,200,1,1,1.0
103,6,249,440,72,200,1,1,1.0
104,1,752,440,64,200,1,1,1.0
104,2,654,440,60,200,1,1,1.0
104,3,555,440,60,200,1,1,1.0
104,4,444,440,82,200,1,1,1.0
104,5,352,440,68,200,1,1,1.0
104,6,250,440,72,200,1,1,1.0
105,1,753,440,64,200,1,1,1.0
105,2,656,440,60,200,1,1,1.0
105,3,556,440,60,200,1,1,1.0
105,4,445,440,82,200,1,1,1.0
105,5,353,440,68,200,1,1,1.0
105,6,251,440,72,200,1,1,1.0
106,1,754,440,64,200,1,1,1.0
106,2,657,440,60,200,1,1,1.0
106,3,557,440,60,200,1,1,1.0
106,4,447,440,82,200,1,1,1.0
106,5,354,440,68,200,1,1,1.0
106,6,252,440,72,200,1,1,1.0
107,1,756,440,64,200,1,1,1.0
107,2,658,440,60,200,1,1,1.0
107,3,558,440,60,200,1,1,1.0
107,4,448,440,82,200,1,1,1.0
107,5,355,440,68,200,1,1,1.0
107,6,254,440,72,200,1,1,1.0
108,1,757,440,64,200,1,1,1.0
108,2,659,440,60,200,1,1,1.0
108,3,560,440,60,200,1,1,1.0
108,4,449,440,82,200,1,1,1.0
108,5,356,440,68,200,1,1,1.0
108,6,255,440,72,200,1,1,1.0
109,1,758,440,64,200,1,1,1.0
109,2,660,440,60,200,1,1,1.0
109,3,561,440,60,200,1,1,1.0
109,4,450,440,82,200,1,1,1.0
109,5,358,440,68,200,1,1,1.0
109,6,256,440,72,200,1,1,1.0
110,1,759,440,64,200,1,1,1.0
110,2,662,440,60,200,1,1,1.0
110,3,562,440,60,200,1,1,1.0
110,4,451,440,82,200,1,1,1.0
110,5,359,440,68,200,1,1,1.0
110,6,257,440,72,200,1,1,1.0
111,1,760,440,64,200,1,1,1.0
111,2,663,440,60,200,1,1,1.0
111,3,563,440,60,200,1,1,1.0
111,4,453,440,82,200,1,1,1.0
111,5,360,440,68,200,1,1,1.0
111,6,258,440,72,200,1,1,1.0
112,1,762,440,64,200,1,1,1.0
112,2,664,440,60,200,1,1,1.0
112,3,564,440,60,200,1,1,1.0
112,4,454,440,82,200,1,1,1.0
112,5,361,440,68,200,1,1,1.0
112,6,260,440,72,200,1,1,1.0
113,1,763,440,64,200,1,1,1.0
113,2,665,440,60,200,1,1,1.0
113,3,566,440,60,200,1,1,1.0
113,4,455,440,82,200,1,1,1.0
113,5,362,440,68,200,1,1,1.0
113,6,261,440,72,200,1,1,1.0
114,1,764,440,64,200,1,1,1.0
114,2,666,440,60,200,1,1,1.0
114,3,567,440,60,200,1,1,1.0
114,4,456,440,82,200,1,1,1.0
114,5,364,440,68,200,1,1,1.0
114,6,262,440,72,200,1,1,1.0
115,1,765,440,64,200,1,1,1.0
115,2,668,440,60,200,1,1,1.0
115,3,568,440,60,200,1,1,1.0
115,4,457,440,82,200,1,1,1.0
115,5,365,440,68,200,1,1,1.0
115,6,263,440,72,200,1,1,1.0
116,1,766,440,64,200,1,1,1.0
116,2,669,440,60,200,1,1,1.0
116,3,569,440,60,200,1,1,1.0
116,4,459,440,82,200,1,1,1.0
116,5,366,440,68,200,1,1,1.0
116,6,264,440,72,200,1,1,1.0
117,1,768,440,64,200,1,1,1.0
117,2,670,440,60,200,1,1,1.0
117,3,570,440,60,200,1,1,1.0
117,4,460,440,82,200,1,1,1.0
117,5,367,440,68,200,1,1,1.0
117,6,266,440,72,200,1,1,1.0
118,1,769,440,64,200,1,1,1.0
118,2,671,440,60,200,1,1,1.0
118,3,572,440,60,200,1,1,1.0
118,4,461,440,82,200,1,1,1.0
118,5,368,440,68,200,1,1,1.0
118,6,267,440,72,200,1,1,1.0
119,1,770,440,64,200,1,1,1.0
119,2,672,440,60,200,1,1,1.0
119,3,573,440,60,200,1,1,1.0
119,4,462,440,82,200,1,1,1.0
119,5,370,440,68,200,1,1,1.0
119,6,268,440,72,200,1,1,1.0
120,1,771,440,64,200,1,1,1.0
120,2,674,440,60,200,1,1,1.0
120,3,574,440,60,200,1,1,1.0
120,4,463,440,82,200,1,1,1.0
120,5,371,440,68,200,1,1,1.0
120,6,269,440,72,200,1,1,1.0
121,1,772,440,64,200,1,1,1.0
121,2,675,440,60,200,1,1,1.0
121,3,575,440,60,200,1,1,1.0
121,4,465,440,82,200,1,1,1.0
121,5,372,440,68,200,1,1,1.0
121,6,270,440,72,200,1,1,1.0
122,1,774,440,64,200,1,1,1.0
122,2,676,440,60,200,1,1,1.0
122,3,576,440,60,200,1,1,1.0
122,4,466,440,82,200,1,1,1.0
122,5,373,440,68,200,1,1,1.0
122,6,272,440,72,200,1,1,1.0
123,1,775,440,64,200,1,1,1.0
123,2,677,440,60,200,1,1,1.0
123,3,578,440,60,200,1,1,1.0
123,4,467,440,82,200,1,1,1.0
123,5,374,440,68,200,1,1,1.0
123,6,273,440,72,200,1,1,1.0
124,1,776,440,64,200,1,1,1.0
124,2,678,440,60,200,1,1,1.0
124,3,579,440,60,200,1,1,1.0
124,4,468,440,82,200,1,1,1.0
124,5,376,440,68,200,1,1,1.0
124,6,274,440,72,200,1,1,1.0
125,1,777,440,64,200,1,1,1.0
125,2,680,440,60,200,1,1,1.0
125,3,580,440,60,200,1,1,1.0
125,4,469,440,82,200,1,1,1.0
125,5,377,440,68,200,1,1,1.0
125,6,275,440,72,200,1,1,1.0
126,1,778,440,64,200,1,1,1.0
126,2,681,440,60,200,1,1,1.0
126,3,581,440,60,200,1,1,1.0
126,4,471,440,82,200,1,1,1.0
126,5,378,440,68,200,1,1,1.0
126,6,276,440,72,200,1,1,1.0
127,1,780,440,64,200,1,1,1.0
127,2,682,440,60,200,1,1,1.0
127,3,582,440,60,200,1,1,1.0
127,4,472,440,82,200,1,1,1.0
127,5,379,440,68,200,1,1,1.0
127,6,278,440,72,200,1,1,1.0
128,1,781,440,64,200,1,1,1.0
128,2,683,440,60,200,1,1,1.0
128,3,584,440,60,200,1,1,1.0
128,4,473,440,82,200,1,1,1.0
128,5,380,440,68,200,1,1,1.0
128,6,279,440,72,200,1,1,1.0
129,1,782,440,64,200,1,1,1.0
129,2,684,440,60,200,1,1,1.0
129,3,585,440,60,200,1,1,1.0
129,4,474,440,82,200,1,1,1.0
129,5,382,440,68,200,1,1,1.0
129,6,280,440,72,200,1,1,1.0
130,1,783,440,64,200,1,1,1.0
130,2,686,440,60,200,1,1,1.0
130,3,586,440,60,200,1,1,1.0
130,4,475,440,82,200,1,1,1.0
130,5,383,440,68,200,1,1,1.0
130,6,281,440,72,200,1,1,1.0
131,1,784,440,64,200,1,1,1.0
131,2,687,440,60,200,1,1,1.0
131,3,587,440,60,200,1,1,1.0
131,4,477,440,82,200,1,1,1.0
131,5,384,440,68,200,1,1,1.0
131,6,282,440,72,200,1,1,1.0
132,1,786,440,64,200,1,1,1.0
132,2,688,440,60,200,1,1,1.0
132,3,588,440,60,200,1,1,1.0
132,4,478,440,82,200,1,1,1.0
132,5,385,440,68,200,1,1,1.0
132,6,284,440,72,200,1,1,1.0
133,1,787,440,64,200,1,1,1.0
133,2,689,440,60,200,1,1,1.0
133,3,590,440,60,200,1,1,1.0
133,4,479,440,82,200,1,1,1.0
133,5,386,440,68,200,1,1,1.0
133,6,285,440,72,200,1,1,1.0
134,1,788,440,64,200,1,1,1.0
134,2,690,440,60,200,1,1,1.0
134,3,591,440,60,200,1,1,1.0
134,4,480,440,82,200,1,1,1.0
134,5,388,440,68,200,1,1,1.0
134,6,286,440,72,200,1,1,1.0
135,1,789,440,64,200,1,1,1.0
135,2,692,440,60,200,1,1,1.0
135,3,592,440,60,200,1,1,1.0
135,4,481,440,82,200,1,1,1.0
135,5,389,440,68,200,1,1,1.0
135,6,287,440,72,200,1,1,1.0
136,1,790,440,64,200,1,1,1.0
136,2,693,440,60,200,1,1,1.0
136,3,593,440,60,200,1,1,1.0
136,4,483,440,82,200,1,1,1.0
136,5,390,440,68,200,1,1,1.0
136,6,288,440,72,200,1,1,1.0
137,1,792,440,64,200,1,1,1.0
137,2,694,440,60,200,1,1,1.0
137,3,594,440,60,200,1,1,1.0
137,4,484,440,82,200,1,1,1.0
137,5,391,440,68,200,1,1,1.0
137,6,290,440,72,200,1,1,1.0
138,1,793,440,64,200,1,1,1.0
138,2,695,440,60,200,1,1,1.0
138,3,596,440,60,200,1,1,1.0
138,4,485,440,82,200,1,1,1.0
138,5,392,440,68,200,1,1,1.0
138,6,291,440,72,200,1,1,1.0
139,1,794,440,64,200,1,1,1.0
139,2,696,440,60,200,1,1,1.0
139,3,597,440,60,200,1,1,1.0
139,4,486,440,82,200,1,1,1.0
139,5,394,440,68,200,1,1,1.0
139,6,292,440,72,200,1,1,1.0
140,1,795,440,64,200,1,1,1.0
140,2,698,440,60,200,1,1,1.0
140,3,598,440,60,200,1,1,1.0
140,4,487,440,82,200,1,1,1.0
140,5,395,440,68,200,1,1,1.0
140,6,293,440,72,200,1,1,1.0
141,1,797,440,64,200,1,1,1.0
141,2,699,440,60,200,1,1,1.0
141,3,599,440,60,200,1,1,1.0
141,4,489,440,82,200,1,1,1.0
141,5,396,440,68,200,1,1,1.0
141,6,294,440,72,200,1,1,1.0
142,1,798,440,64,200,1,1,1.0
142,2,700,440,60,200,1,1,1.0
142,3,600,440,60,200,1,1,1.0
142,4,490,440,82,200,1,1,1.0
142,5,397,440,68,200,1,1,1.0
142,6,296,440,72,200,1,1,1.0
143,1,799,440,64,200,1,1,1.0
143,2,701,440,60,200,1,1,1.0
143,3,602,440,60,200,1,1,1.0
143,4,491,440,82,200,1,1,1.0
143,5,398,440,68,200,1,1,1.0
143,6,297,440,72,200,1,1,1.0
144,1,800,440,64,200,1,1,1.0
144,2,702,440,60,200,1,1,1.0
144,3,603,440,60,200,1,1,1.0
144,4,492,440,82,200,1,1,1.0
144,5,400,440,68,200,1,1,1.0
144,6,298,440,72,200,1,1,1.0
145,1,801,440,64,200,1,1,1.0
145,2,704,440,60,200,1,1,1.0
145,3,604,440,60,200,1,1,1.0
145,4,493,440,82,200,1,1,1.0
145,5,401,440,68,200,1,1,1.0
145,6,299,440,72,200,1,1,1.0
146,1,802,440,64,200,1,1,1.0
146,2,705,440,60,200,1,1,1.0
146,3,605,440,60,200,1,1,1.0
146,4,495,440,82,200,1,1,1.0
146,5,402,440,68,200,1,1,1.0
146,6,300,440,72,200,1,1,1.0
147,1,804,440,64,200,1,1,1.0
147,2,706,440,60,200,1,1,1.0
147,3,606,440,60,200,1,1,1.0
147,4,496,440,82,200,1,1,1.0
147,5,403,440,68,200,1,1,1.0
147,6,302,440,72,200,1,1,1.0
148,1,805,440,64,200,1,1,1.0
148,2,707,440,60,200,1,1,1.0
148,3,608,440,60,200,1,1,1.0
148,4,497,440,82,200,1,1,1.0
148,5,404,440,68,200,1,1,1.0
148,6,303,440,72,200,1,1,1.0
149,1,806,440,64,200,1,1,1.0
149,2,708,440,60,200,1,1,1.0
149,3,609,440,60,200,1,1,1.0
149,4,498,440,82,200,1,1,1.0
149,5,406,440,68,200,1,1,1.0
149,6,304,440,72,200,1,1,1.0
150,1,807,440,64,200,1,1,1.0
150,2,710,440,60,200,1,1,1.0
150,3,610,440,60,200,1,1,1.0
150,4,499,440,82,200,1,1,1.0
150,5,407,440,68,200,1,1,1.0
150,6,305,440,72,200,1,1,1.0
151,1,808,440,64,200,1,1,1.0
151,2,711,440,60,200,1,1,1.0
151,3,611,440,60,200,1,1,1.0
151,4,501,440,82,200,1,1,1.0
151,5,408,440,68,200,1,1,1.0
151,6,306,440,72,200,1,1,1.0
152,1,810,440,64,200,1,1,1.0
152,2,712,440,60,200,1,1,1.0
152,3,612,440,60,200,1,1,1.0
152,4,502,440,82,200,1,1,1.0
152,5,409,440,68,200,1,1,1.0
152,6,308,440,72,200,1,1,1.0
153,1,811,440,64,200,1,1,1.0
153,2,713,440,60,200,1,1,1.0
153,3,614,440,60,200,1,1,1.0
153,4,503,440,82,200,1,1,1.0
153,5,410,440,68,200,1,1,1.0
153,6,309,440,72,200,1,1,1.0
154,1,812,440,64,200,1,1,1.0
154,2,714,440,60,200,1,1,1.0
154,3,615,440,60,200,1,1,1.0
154,4,504,440,82,200,1,1,1.0
154,5,412,440,68,200,1,1,1.0
154,6,310,440,72,200,1,1,1.0
155,1,813,440,64,200,1,1,1.0
155,2,716,440,60,200,1,1,1.0
155,3,616,440,60,200,1,1,1.0
155,4,505,440,82,200,1,1,1.0
155,5,413,440,68,200,1,1,1.0
155,6,311,440,72,200,1,1,1.0
156,1,814,440,64,200,1,1,1.0
156,2,717,440,60,200,1,1,1.0
156,3,617,440,60,200,1,1,1.0
156,4,507,440,82,200,1,1,1.0
156,5,414,440,68,200,1,1,1.0
156,6,312,440,72,200,1,1,1.0
157,1,816,440,64,200,1,1,1.0
157,2,718,440,60,200,1,1,1.0
157,3,618,440,60,200,1,1,1.0
157,4,508,440,82,200,1,1,1.0
157,5,415,440,68,200,1,1,1.0
157,6,314,440,72,200,1,1,1.0
158,1,817,440,64,200,1,1,1.0
158,2,719,440,60,200,1,1,1.0
158,3,620,440,60,200,1,1,1.0
158,4,509,440,82,200,1,1,1.0
158,5,416,440,68,200,1,1,1.0
158,6,315,440,72,200,1,1,1.0
159,1,818,440,64,200,1,1,1.0
159,2,720,440,60,200,1,1,1.0
159,3,621,440,60,200,1,1,1.0
159,4,510,440,82,200,1,1,1.0
159,5,418,440,68,200,1,1,1.0
159,6,316,440,72,200,1,1,1.0
160,1,819,440,64,200,1,1,1.0
160,2,722,440,60,200,1,1,1.0
160,3,622,440,60,200,1,1,1.0
160,4,511,440,82,200,1,1,1.0
160,5,419,440,68,200,1,1,1.0
160,6,317,440,72,200,1,1,1.0
161,1,820,440,64,200,1,1,1.0
161,2,723,440,60,200,1,1,1.0
161,3,623,440,60,200,1,1,1.0
161,4,513,440,82,200,1,1,1.0
161,5,420,440,68,200,1,1,1.0
161,6,318,440,72,200,1,1,1.0
162,1,822,440,64,200,1,1,1.0
162,2,724,440,60,200,1,1,1.0
162,3,624,440,60,200,1,1,1.0
162,4,514,440,82,200,1,1,1.0
162,5,421,440,68,200,1,1,1.0
162,6,320,440,72,200,1,1,1.0
163,1,823,440,64,200,1,1,1.0
163,2,725,440,60,200,1,1,1.0
163,3,626,440,60,200,1,1,1.0
163,4,515,440,82,200,1,1,1.0
163,5,422,440,68,200,1,1,1.0
163,6,321,440,72,200,1,1,1.0
164,1,824,440,64,200,1,1,1.0
164,2,726,440,60,200,1,1,1.0
164,3,627,440,60,200,1,1,1.0
164,4,516,440,82,200,1,1,1.0
164,5,424,440,68,200,1,1,1.0
164,6,322,440,72,200,1,1,1.0
165,1,825,440,64,200,1,1,1.0
165,2,728,440,60,200,1,1,1.0
165,3,628,440,60,200,1,1,1.0
165,4,517,440,82,200,1,1,1.0
165,5,425,440,68,200,1,1,1.0
165,6,323,440,72,200,1,1,1.0
166,1,826,440,64,200,1,1,1.0
166,2,729,440,60,200,1,1,1.0
166,3,629,440,60,200,1,1,1.0
166,4,519,440,82,200,1,1,1.0
166,5,426,440,68,200,1,1,1.0
166,6,324,440,72,200,1,1,1.0
167,1,828,440,64,200,1,1,1.0
167,2,730,440,60,200,1,1,1.0
167,3,630,440,60,200,1,1,1.0
167,4,520,440,82,200,1,1,1.0
167,5,427,440,68,200,1,1,1.0
167,6,326,440,72,200,1,1,1.0
168,1,829,440,64,200,1,1,1.0
168,2,731,440,60,200,1,1,1.0
168,3,632,440,60,200,1,1,1.0
168,4,521,440,82,200,1,1,1.0
168,5,428,440,68,200,1,1,1.0
168,6,327,440,72,200,1,1,1.0
169,1,830,440,64,200,1,1,1.0
169,2,732,440,60,200,1,1,1.0
169,3,633,440,60,200,1,1,1.0
169,4,522,440,82,200,1,1,1.0
169,5,430,440,68,200,1,1,1.0
169,6,328,440,72,200,1,1,1.0
170,1,831,440,64,200,1,1,1.0
170,2,734,440,60,200,1,1,1.0
170,3,634,440,60,200,1,1,1.0
170,4,523,440,82,200,1,1,1.0
170,5,431,440,68,200,1,1,1.0
170,6,329,440,72,200,1,1,1.0
171,1,833,440,64,200,1,1,1.0
171,2,735,440,60,200,1,1,1.0
171,3,635,440,60,200,1,1,1.0
171,4,525,440,82,200,1,1,1.0
171,5,432,440,68,200,1,1,1.0
171,6,330,440,72,200,1,1,1.0
172,1,834,440,64,200,1,1,1.0
172,2,736,440,60,200,1,1,1.0
172,3,636,440,60,200,1,1,1.0
172,4,526,440,82,200,1,1,1.0
172,5,433,440,68,200,1,1,1.0
172,6,332,440,72,200,1,1,1.0
173,1,835,440,64,200,1,1,1.0
173,2,737,440,60,200,1,1,1.0
173,3,638,440,60,200,1,1,1.0
173,4,527,440,82,200,1,1,1.0
173,5,434,440,68,200,1,1,1.0
173,6,333,440,72,200,1,1,1.0
174,1,836,440,64,200,1,1,1.0
174,2,738,440,60,200,1,1,1.0
174,3,639,440,60,200,1,1,1.0
174,4,528,440,82,200,1,1,1.0
174,5,436,440,68,200,1,1,1.0
174,6,334,440,72,200,1,1,1.0
175,1,837,440,64,200,1,1,1.0
175,2,740,440,60,200,1,1,1.0
175,3,640,440,60,200,1,1,1.0
175,4,529,440,82,200,1,1,1.0
175,5,437,440,68,200,1,1,1.0
175,6,335,440,72,200,1,1,1.0
176,1,838,440,64,200,1,1,1.0
176,2,741,440,60,200,1,1,1.0
176,3,641,440,60,200,1,1,1.0
176,4,531,440,82,200,1,1,1.0
176,5,438,440,68,200,1,1,1.0
176,6,336,440,72,200,1,1,1.0
177,1,840,440,64,200,1,1,1.0
177,2,742,440,60,200,1,1,1.0
177,3,642,440,60,200,1,1,1.0
177,4,532,440,82,200,1,1,1.0
177,5,439,440,68,200,1,1,1.0
177,6,338,440,72,200,1,1,1.0
178,1,841,440,64,200,1,1,1.0
178,2,743,440,60,200,1,1,1.0
178,3,644,440,60,200,1,1,1.0
178,4,533,440,82,200,1,1,1.0
178,5,440,440,68,200,1,1,1.0
178,6,339,440,72,200,1,1,1.0
179,1,842,440,64,200,1,1,1.0
179,2,744,440,60,200,1,1,1.0
179,3,645,440,60,200,1,1,1.0
179,4,534,440,82,200,1,1,1.0
179,5,442,440,68,200,1,1,1.0
179,6,340,440,72,200,1,1,1.0
180,1,843,440,64,200,1,1,1.0
180,2,746,440,60,200,1,1,1.0
180,3,646,440,60,200,1,1,1.0
180,4,535,440,82,200,1,1,1.0
180,5,443,440,68,200,1,1,1.0
180,6,341,440,72,200,1,1,1.0
181,1,844,440,64,200,1,1,1.0
181,2,747,440,60,200,1,1,1.0
181,3,647,440,60,200,1,1,1.0
181,4,537,440,82,200,1,1,1.0
181,5,444,440,68,200,1,1,1.0
181,6,342,440,72,200,1,1,1.0
182,1,846,440,64,200,1,1,1.0
182,2,748,440,60,200,1,1,1.0
182,3,648,440,60,200,1,1,1.0
182,4,538,440,82,200,1,1,1.0
182,5,445,440,68,200,1,1,1.0
182,6,344,440,72,200,1,1,1.0
183,1,847,440,64,200,1,1,1.0
183,2,749,440,60,200,1,1,1.0
183,3,650,440,60,200,1,1,1.0
183,4,539,440,82,200,1,1,1.0
183,5,446,440,68,200,1,1,1.0
183,6,345,440,72,200,1,1,1.0
184,1,848,440,64,200,1,1,1.0
184,2,750,440,60,200,1,1,1.0
184,3,651,440,60,200,1,1,1.0
184,4,540,440,82,200,1,1,1.0
184,5,448,440,68,200,1,1,1.0
184,6,346,440,72,200,1,1,1.0
185,1,849,440,64,200,1,1,1.0
185,2,752,440,60,200,1,1,1.0
185,3,652,440,60,200,1,1,1.0
185,4,541,440,82,200,1,1,1.0
185,5,449,440,68,200,1,1,1.0
185,6,347,440,72,200,1,1,1.0
186,1,850,440,64,200,1,1,1.0
186,2,753,440,60,200,1,1,1.0
186,3,653,440,60,200,1,1,1.0
186,4,543,440,82,200,1,1,1.0
186,5,450,440,68,200,1,1,1.0
186,6,348,440,72,200,1,1,1.0
187,1,852,440,64,200,1,1,1.0
187,2,754,440,60,200,1,1,1.0
187,3,654,440,60,200,1,1,1.0
187,4,544,440,82,200,1,1,1.0
187,5,451,440,68,200,1,1,1.0
187,6,350,440,72,200,1,1,1.0
188,1,853,440,64,200,1,1,1.0
188,2,755,440,60,200,1,1,1.0
188,3,656,440,60,200,1,1,1.0
188,4,545,440,82,200,1,1,1.0
188,5,452,440,68,200,1,1,1.0
188,6,351,440,72,200,1,1,1.0
189,1,854,440,64,200,1,1,1.0
189,2,756,440,60,200,1,1,1.0
189,3,657,440,60,200,1,1,1.0
189,4,546,440,82,200,1,1,1.0
189,5,454,440,68,200,1,1,1.0
189,6,352,440,72,200,1,1,1.0
190,1,855,440,64,200,1,1,1.0
190,2,758,440,60,200,1,1,1.0
190,3,658,440,60,200,1,1,1.0
190,4,547,440,82,200,1,1,1.0
190,5,455,440,68,200,1,1,1.0
190,6,353,440,72,200,1,1,1.0
191,1,856,440,64,200,1,1,1.0
191,2,759,440,60,200,1,1,1.0
191,3,659,440,60,200,1,1,1.0
191,4,549,440,82,200,1,1,1.0
191,5,456,440,68,200,1,1,1.0
191,6,354,440,72,200,1,1,1.0
192,1,858,440,64,200,1,1,1.0
192,2,760,440,60,200,1,1,1.0
192,3,660,440,60,200,1,1,1.0
192,4,550,440,82,200,1,1,1.0
192,5,457,440,68,200,1,1,1.0
192,6,356,440,72,200,1,1,1.0
193,1,859,440,64,200,1,1,1.0
193,2,761,440,60,200,1,1,1.0
193,3,662,440,60,200,1,1,1.0
193,4,551,440,82,200,1,1,1.0
193,5,458,440,68,200,1,1,1.0
193,6,357,440,72,200,1,1,1.0
194,1,860,440,64,200,1,1,1.0
194,2,762,440,60,200,1,1,1.0
194,3,663,440,60,200,1,1,1.0
194,4,552,440,82,200,1,1,1.0
194,5,460,440,68,200,1,1,1.0
194,6,358,440,72,200,1,1,1.0
195,1,861,440,64,200,1,1,1.0
195,2,764,440,60,200,1,1,1.0
195,3,664,440,60,200,1,1,1.0
195,4,553,440,82,200,1,1,1.0
195,5,461,440,68,200,1,1,1.0
195,6,359,440,72,200,1,1,1.0
196,1,862,440,64,200,1,1,1.0
196,2,765,440,60,200,1,1,1.0
196,3,665,440,60,200,1,1,1.0
196,4,555,440,82,200,1,1,1.0
196,5,462,440,68,200,1,1,1.0
196,6,360,440,72,200,1,1,1.0
197,1,864,440,64,200,1,1,1.0
197,2,766,440,60,200,1,1,1.0
197,3,666,440,60,200,1,1,1.0
197,4,556,440,82,200,1,1,1.0
197,5,463,440,68,200,1,1,1.0
197,6,362,440,72,200,1,1,1.0
198,1,865,440,64,200,1,1,1.0
198,2,767,440,60,200,1,1,1.0
198,3,668,440,60,200,1,1,1.0
198,4,557,440,82,200,1,1,1.0
198,5,464,440,68,200,1,1,1.0
198,6,363,440,72,200,1,1,1.0
199,1,866,440,64,200,1,1,1.0
199,2,768,440,60,200,1,1,1.0
199,3,669,440,60,200,1,1,1.0
199,4,558,440,82,200,1,1,1.0
199,5,466,440,68,200,1,1,1.0
199,6,364,440,72,200,1,1,1.0
200,1,867,440,64,200,1,1,1.0
200,2,770,440,60,200,1,1,1.0
200,3,670,440,60,200,1,1,1.0
200,4,559,440,82,200,1,1,1.0
200,5,467,440,68,200,1,1,1.0
200,6,365,440,72,200,1,1,1.0
201,1,868,440,64,200,1,1,1.0
201,2,771,440,60,200,1,1,1.0
201,3,671,440,60,200,1,1,1.0
201,4,561,440,82,200,1,1,1.0
201,5,468,440,68,200,1,1,1.0
201,6,366,440,72,200,1,1,1.0
202,1,870,440,64,200,1,1,1.0
202,2,772,440,60,200,1,1,1.0
202,3,672,440,60,200,1,1,1.0
202,4,562,440,82,200,1,1,1.0
202,5,469,440,68,200,1,1,1.0
202,6,368,440,72,200,1,1,1.0
203,1,871,440,64,200,1,1,1.0
203,2,773,440,60,200,1,1,1.0
203,3,674,440,60,200,1,1,1.0
203,4,563,440,82,200,1,1,1.0
203,5,470,440,68,200,1,1,1.0
203,6,369,440,72,200,1,1,1.0
204,1,872,440,64,200,1,1,1.0
204,2,774,440,60,200,1,1,1.0
204,3,675,440,60,200,1,1,1.0
204,4,564,440,82,200,1,1,1.0
204,5,472,440,68,200,1,1,1.0
204,6,370,440,72,200,1,1,1.0
205,1,873,440,64,200,1,1,1.0
205,2,776,440,60,200,1,1,1.0
205,3,676,440,60,200,1,1,1.0
205,4,565,440,82,200,1,1,1.0
205,5,473,440,68,200,1,1,1.0
205,6,371,440,72,200,1,1,1.0
206,1,874,440,64,200,1,1,1.0
206,2,777,440,60,200,1,1,1.0
206,3,677,440,60,200,1,1,1.0
206,4,567,440,82,200,1,1,1.0
206,5,474,440,68,200,1,1,1.0
206,6,372,440,72,200,1,1,1.0
207,1,876,440,64,200,1,1,1.0
207,2,778,440,60,200,1,1,1.0
207,3,678,440,60,200,1,1,1.0
207,4,568,440,82,200,1,1,1.0
207,5,475,440,68,200,1,1,1.0
207,6,374,440,72,200,1,1,1.0
208,1,877,440,64,200,1,1,1.0
208,2,779,440,60,200,1,1,1.0
208,3,680,440,60,200,1,1,1.0
208,4,569,440,82,200,1,1,1.0
208,5,476,440,68,200,1,1,1.0
208,6,375,440,72,200,1,1,1.0
209,1,878,440,64,200,1,1,1.0
209,2,780,440,60,200,1,1,1.0
209,3,681,440,60,200,1,1,1.0
209,4,570,440,82,200,1,1,1.0
209,5,478,440,68,200,1,1,1.0
209,6,376,440,72,200,1,1,1.0
210,1,879,440,64,200,1,1,1.0
210,2,782,440,60,200,1,1,1.0
210,3,682,440,60,200,1,1,1.0
210,4,571,440,82,200,1,1,1.0
210,5,479,440,68,200,1,1,1.0
210,6,377,440,72,200,1,1,1.0
211,1,880,440,64,200,1,1,1.0
211,2,783,440,60,200,1,1,1.0
211,3,683,440,60,200,1,1,1.0
211,4,573,440,82,200,1,1,1.0
211,5,480,440,68,200,1,1,1.0
211,6,378,440,72,200,1,1,1.0
212,1,882,440,64,200,1,1,1.0
212,2,784,440,60,200,1,1,1.0
212,3,684,440,60,200,1,1,1.0
212,4,574,440,82,200,1,1,1.0
212,5,481,440,68,200,1,1,1.0
212,6,380,440,72,200,1,1,1.0
213,1,883,440,64,200,1,1,1.0
213,2,785,440,60,200,1,1,1.0
213,3,686,440,60,200,1,1,1.0
213,4,575,440,82,200,1,1,1.0
213,5,482,440,68,200,1,1,1.0
213,6,381,440,72,200,1,1,1.0
214,1,884,440,64,200,1,1,1.0
214,2,786,440,60,200,1,1,1.0
214,3,687,440,60,200,1,1,1.0
214,4,576,440,82,200,1,1,1.0
214,5,484,440,68,200,1,1,1.0
214,6,382,440,72,200,1,1,1.0
215,1,885,440,64,200,1,1,1.0
215,2,788,440,60,200,1,1,1.0
215,3,688,440,60,200,1,1,1.0
215,4,577,440,82,200,1,1,1.0
215,5,485,440,68,200,1,1,1.0
215,6,383,440,72,200,1,1,1.0
216,1,886,440,64,200,1,1,1.0
216,2,789,440,60,200,1,1,1.0
216,3,689,440,60,200,1,1,1.0
216,4,579,440,82,200,1,1,1.0
216,5,486,440,68,200,1,1,1.0
216,6,384,440,72,200,1,1,1.0
217,1,888,440,64,200,1,1,1.0
217,2,790,440,60,200,1,1,1.0
217,3,690,440,60,200,1,1,1.0
217,4,580,440,82,200,1,1,1.0
217,5,487,440,68,200,1,1,1.0
217,6,386,440,72,200,1,1,1.0
218,1,889,440,64,200,1,1,1.0
218,2,791,440,60,200,1,1,1.0
218,3,692,440,60,200,1,1,1.0
218,4,581,440,82,200,1,1,1.0
218,5,488,440,68,200,1,1,1.0
218,6,387,440,72,200,1,1,1.0
219,1,890,440,64,200,1,1,1.0
219,2,792,440,60,200,1,1,1.0
219,3,693,440,60,200,1,1,1.0
219,4,582,440,82,200,1,1,1.0
219,5,490,440,68,200,1,1,1.0
219,6,388,440,72,200,1,1,1.0
220,1,891,440,64,200,1,1,1.0
220,2,794,440,60,200,1,1,1.0
220,3,694,440,60,200,1,1,1.0
220,4,583,440,82,200,1,1,1.0
220,5,491,440,68,200,1,1,1.0
220,6,389,440,72,200,1,1,1.0
221,1,892,440,64,200,1,1,1.0
221,2,795,440,60,200,1,1,1.0
221,3,695,440,60,200,1,1,1.0
221,4,585,440,82,200,1,1,1.0
221,5,492,440,68,200,1,1,1.0
221,6,390,440,72,200,1,1,1.0
222,1,894,440,64,200,1,1,1.0
222,2,796,440,60,200,1,1,1.0
222,3,696,440,60,200,1,1,1.0
222,4,586,440,82,200,1,1,1.0
222,5,493,440,68,200,1,1,1.0
222,6,392,440,72,200,1,1,1.0
223,1,895,440,64,200,1,1,1.0
223,2,797,440,60,200,1,1,1.0
223,3,698,440,60,200,1,1,1.0
223,4,587,440,82,200,1,1,1.0
223,5,494,440,68,200,1,1,1.0
223,6,393,440,72,200,1,1,1.0
224,1,896,440,64,200,1,1,1.0
224,2,799,440,60,200,1,1,1.0
224,3,699,440,60,200,1,1,1.0
224,4,588,440,82,200,1,1,1.0
224,5,496,440,68,200,1,1,1.0
224,6,394,440,72,200,1,1,1.0
225,1,897,440,64,200,1,1,1.0
225,2,800,440,60,200,1,1,1.0
225,3,700,440,60,200,1,1,1.0
225,4,589,440,82,200,1,1,1.0
225,5,497,440,68,200,1,1,1.0
225,6,395,440,72,200,1,1,1.0
226,1,898,440,64,200,1,1,1.0
226,2,801,440,60,200,1,1,1.0
226,3,701,440,60,200,1,1,1.0
226,4,591,440,82,200,1,1,1.0
226,5,498,440,68,200,1,1,1.0
226,6,396,440,72,200,1,1,1.0
227,1,900,440,64,200,1,1,1.0
227,2,802,440,60,200,1,1,1.0
227,3,702,440,60,200,1,1,1.0
227,4,592,440,82,200,1,1,1.0
227,5,499,440,68,200,1,1,1.0
227,6,398,440,72,200,1,1,1.0
228,1,901,440,64,200,1,1,1.0
228,2,803,440,60,200,1,1,1.0
228,3,704,440,60,200,1,1,1.0
228,4,593,440,82,200,1,1,1.0
228,5,500,440,68,200,1,1,1.0
228,6,399,440,72,200,1,1,1.0
229,1,902,440,64,200,1,1,1.0
229,2,804,440,60,200,1,1,1.0
229,3,705,440,60,200,1,1,1.0
229,4,594,440,82,200,1,1,1.0
229,5,502,440,68,200,1,1,1.0
229,6,400,440,72,200,1,1,1.0
230,1,903,440,64,200,1,1,1.0
230,2,806,440,60,200,1,1,1.0
230,3,706,440,60,200,1,1,1.0
230,4,595,440,82,200,1,1,1.0
230,5,503,440,68,200,1,1,1.0
230,6,401,440,72,200,1,1,1.0
231,1,904,440,64,200,1,1,1.0
231,2,807,440,60,200,1,1,1.0
231,3,707,440,60,200,1,1,1.0
231,4,597,440,82,200,1,1,1.0
231,5,504,440,68,200,1,1,1.0
231,6,402,440,72,200,1,1,1.0
232,1,906,440,64,200,1,1,1.0
232,2,808,440,60,200,1,1,1.0
232,3,708,440,60,200,1,1,1.0
232,4,598,440,82,200,1,1,1.0
232,5,505,440,68,200,1,1,1.0
232,6,404,440,72,200,1,1,1.0
233,1,907,440,64,200,1,1,1.0
233,2,809,440,60,200,1,1,1.0
233,3,710,440,60,200,1,1,1.0
233,4,599,440,82,200,1,1,1.0
233,5,506,440,68,200,1,1,1.0
233,6,405,440,72,200,1,1,1.0
234,1,908,440,64,200,1,1,1.0
234,2,810,440,60,200,1,1,1.0
234,3,711,440,60,200,1,1,1.0
234,4,600,440,82,200,1,1,1.0
234,5,508,440,68,200,1,1,1.0
234,6,406,440,72,200,1,1,1.0
235,1,909,440,64,200,1,1,1.0
235,2,812,440,60,200,1,1,1.0
235,3,712,440,60,200,1,1,1.0
235,4,601,440,82,200,1,1,1.0
235,5,509,440,68,200,1,1,1.0
235,6,407,440,72,200,1,1,1.0
236,1,910,440,64,200,1,1,1.0
236,2,813,440,60,200,1,1,1.0
236,3,713,440,60,200,1,1,1.0
236,4,603,440,82,200,1,1,1.0
236,5,510,440,68,200,1,1,1.0
236,6,408,440,72,200,1,1,1.0
237,1,912,440,64,200,1,1,1.0
237,2,814,440,60,200,1,1,1.0
237,3,714,440,60,200,1,1,1.0
237,4,604,440,82,200,1,1,1.0
237,5,511,440,68,200,1,1,1.0
237,6,410,440,72,200,1,1,1.0
238,1,913,440,64,200,1,1,1.0
238,2,815,440,60,200,1,1,1.0
238,3,716,440,60,200,1,1,1.0
238,4,605,440,82,200,1,1,1.0
238,5,512,440,68,200,1,1,1.0
238,6,411,440,72,200,1,1,1.0
239,1,914,440,64,200,1,1,1.0
239,2,816,440,60,200,1,1,1.0
239,3,717,440,60,200,1,1,1.0
239,4,606,440,82,200,1,1,1.0
239,5,514,440,68,200,1,1,1.0
239,6,412,440,72,200,1,1,1.0
240,1,915,440,64,200,1,1,1.0
240,2,818,440,60,200,1,1,1.0
240,3,718,440,60,200,1,1,1.0
240,4,607,440,82,200,1,1,1.0
240,5,515,440,68,200,1,1,1.0
240,6,413,440,72,200,1,1,1.0
241,1,916,440,64,200,1,1,1.0
241,2,819,440,60,200,1,1,1.0
241,3,719,440,60,200,1,1,1.0
241,4,609,440,82,200,1,1,1.0
241,5,516,440,68,200,1,1,1.0
241,6,414,440,72,200,1,1,1.0
242,1,918,440,64,200,1,1,1.0
242,2,820,440,60,200,1,1,1.0
242,3,720,440,60,200,1,1,1.0
242,4,610,440,82,200,1,1,1.0
242,5,517,440,68,200,1,1,1.0
242,6,416,440,72,200,1,1,1.0
243,1,919,440,64,200,1,1,1.0
243,2,821,440,60,200,1,1,1.0
243,3,722,440,60,200,1,1,1.0
243,4,611,440,82,200,1,1,1.0
243,5,518,440,68,200,1,1,1.0
243,6,417,440,72,200,1,1,1.0
244,1,920,440,64,200,1,1,1.0
244,2,822,440,60,200,1,1,1.0
244,3,723,440,60,200,1,1,1.0
244,4,612,440,82,200,1,1,1.0
244,5,520,440,68,200,1,1,1.0
244,6,418,440,72,200,1,1,1.0
245,1,921,440,64,200,1,1,1.0
245,2,824,440,60,200,1,1,1.0
245,3,724,440,60,200,1,1,1.0
245,4,613,440,82,200,1,1,1.0
245,5,521,440,68,200,1,1,1.0
245,6,419,440,72,200,1,1,1.0
246,1,922,440,64,200,1,1,1.0
246,2,825,440,60,200,1,1,1.0
246,3,725,440,60,200,1,1,1.0
246,4,615,440,82,200,1,1,1.0
246,5,522,440,68,200,1,1,1.0
246,6,420,440,72,200,1,1,1.0
247,1,924,440,64,200,1,1,1.0
247,2,826,440,60,200,1,1,1.0
247,3,726,440,60,200,1,1,1.0
247,4,616,440,82,200,1,1,1.0
247,5,523,440,68,200,1,1,1.0
247,6,422,440,72,200,1,1,1.0
248,1,925,440,64,200,1,1,1.0
248,2,827,440,60,200,1,1,1.0
248,3,728,440,60,200,1,1,1.0
248,4,617,440,82,200,1,1,1.0
248,5,524,440,68,200,1,1,1.0
248,6,423,440,72,200,1,1,1.0
249,1,926,440,64,200,1,1,1.0
249,2,828,440,60,200,1,1,1.0
249,3,729,440,60,200,1,1,1.0
249,4,618,440,82,200,1,1,1.0
249,5,526,440,68,200,1,1,1.0
249,6,424,440,72,200,1,1,1.0
250,1,927,440,64,200,1,1,1.0
250,2,830,440,60,200,1,1,1.0
250,3,730,440,60,200,1,1,1.0
250,4,619,440,82,200,1,1,1.0
250,5,527,440,68,200,1,1,1.0
250,6,425,440,72,200,1,1,1.0
251,1,928,440,64,200,1,1,1.0
251,2,831,440,60,200,1,1,1.0
251,3,731,440,60,200,1,1,1.0
251,4,621,440,82,200,1,1,1.0
251,5,528,440,68,200,1,1,1.0
251,6,426,440,72,200,1,1,1.0
252,1,929,440,64,200,1,1,1.0
252,2,832,440,60,200,1,1,1.0
252,3,732,440,60,200,1,1,1.0
252,4,622,440,82,200,1,1,1.0
252,5,529,440,68,200,1,1,1.0
252,6,428,440,72,200,1,1,1.0
253,1,930,440,64,200,1,1,1.0
253,2,833,440,60,200,1,1,1.0
253,3,734,440,60,200,1,1,1.0
253,4,623,440,82,200,1,1,1.0
253,5,530,440,68,200,1,1,1.0
253,6,429,440,72,200,1,1,1.0
254,1,931,440,64,200,1,1,1.0
254,2,835,440,60,200,1,1,1.0
254,3,735,440,60,200,1,1,1.0
254,4,624,440,82,200,1,1,1.0
254,5,532,440,68,200,1,1,1.0
254,6,430,440,72,200,1,1,1.0
255,1,932,440,64,200,1,1,1.0
255,2,836,440,60,200,1,1,1.0
255,3,736,440,60,200,1,1,1.0
255,4,625,440,82,200,1,1,1.0
255,5,533,440,68,200,1,1,1.0
255,6,431,440,72,200,1,1,1.0
256,1,934,440,64,200,1,1,1.0
256,2,837,440,60,200,1,1,1.0
256,3,737,440,60,200,1,1,1.0
256,4,627,440,82,200,1,1,1.0
256,5,534,440,68,200,1,1,1.0
256,6,432,440,72,200,1,1,1.0
257,1,935,440,64,200,1,1,1.0
257,2,838,440,60,200,1,1,1.0
257,3,738,440,60,200,1,1,1.0
257,4,628,440,82,200,1,1,1.0
257,5,535,440,68,200,1,1,1.0
257,6,434,440,72,200,1,1,1.0
258,1,936,440,64,200,1,1,1.0
258,2,839,440,60,200,1,1,1.0
258,3,740,440,60,200,1,1,1.0
258,4,629,440,82,200,1,1,1.0
258,5,536,440,68,200,1,1,1.0
258,6,435,440,72,200,1,1,1.0
259,1,937,440,64,200,1,1,1.0
259,2,840,440,60,200,1,1,1.0
259,3,741,440,60,200,1,1,1.0
259,4,630,440,82,200,1,1,1.0
259,5,538,440,68,200,1,1,1.0
259,6,436,440,72,200,1,1,1.0
260,1,938,440,64,200,1,1,1.0
260,2,842,440,60,200,1,1,1.0
260,3,742,440,60,200,1,1,1.0
260,4,631,440,82,200,1,1,1.0
260,5,539,440,68,200,1,1,1.0
260,6,437,440,72,200,1,1,1.0
261,1,940,440,64,200,1,1,1.0
261,2,843,440,60,200,1,1,1.0
261,3,743,440,60,200,1,1,1.0
261,4,633,440,82,200,1,1,1.0
261,5,540,440,68,200,1,1,1.0
261,6,438,440,72,200,1,1,1.0
262,1,941,440,64,200,1,1,1.0
262,2,844,440,60,200,1,1,1.0
262,3,744,440,60,200,1,1,1.0
262,4,634,440,82,200,1,1,1.0
262,5,541,440,68,200,1,1,1.0
262,6,440,440,72,200,1,1,1.0
263,1,942,440,64,200,1,1,1.0
263,2,845,440,60,200,1,1,1.0
263,3,746,440,60,200,1,1,1.0
263,4,635,440,82,200,1,1,1.0
263,5,542,440,68,200,1,1,1.0
263,6,441,440,72,200,1,1,1.0
264,1,943,440,64,200,1,1,1.0
264,2,846,440,60,200,1,1,1.0
264,3,747,440,60,200,1,1,1.0
264,4,636,440,82,200,1,1,1.0
264,5,544,440,68,200,1,1,1.0
264,6,442,440,72,200,1,1,1.0
265,1,944,440,64,200,1,1,1.0
265,2,848,440,60,200,1,1,1.0
265,3,748,440,60,200,1,1,1.0
265,4,637,440,82,200,1,1,1.0
265,5,545,440,68,200,1,1,1.0
265,6,443,440,72,200,1,1,1.0
266,1,946,440,64,200,1,1,1.0
266,2,849,440,60,200,1,1,1.0
266,3,749,440,60,200,1,1,1.0
266,4,639,440,82,200,1,1,1.0
266,5,546,440,68,200,1,1,1.0
266,6,444,440,72,200,1,1,1.0
267,1,947,440,64,200,1,1,1.0
267,2,850,440,60,200,1,1,1.0
267,3,750,440,60,200,1,1,1.0
267,4,640,440,82,200,1,1,1.0
267,5,547,440,68,200,1,1,1.0
267,6,446,440,72,200,1,1,1.0
268,1,948,440,64,200,1,1,1.0
268,2,851,440,60,200,1,1,1.0
268,3,752,440,60,200,1,1,1.0
268,4,641,440,82,200,1,1,1.0
268,5,548,440,68,200,1,1,1.0
268,6,447,440,72,200,1,1,1.0
269,1,949,440,64,200,1,1,1.0
269,2,852,440,60,200,1,1,1.0
269,3,753,440,60,200,1,1,1.0
269,4,642,440,82,200,1,1,1.0
269,5,550,440,68,200,1,1,1.0
269,6,448,440,72,200,1,1,1.0
270,1,950,440,64,200,1,1,1.0
270,2,854,440,60,200,1,1,1.0
270,3,754,440,60,200,1,1,1.0
270,4,643,440,82,200,1,1,1.0
270,5,551,440,68,200,1,1,1.0
270,6,449,440,72,200,1,1,1.0
271,1,952,440,64,200,1,1,1.0
271,2,855,440,60,200,1,1,1.0
271,3,755,440,60,200,1,1,1.0
271,4,645,440,82,200,1,1,1.0
271,5,552,440,68,200,1,1,1.0
271,6,450,440,72,200,1,1,1.0
272,1,953,440,64,200,1,1,1.0
272,2,856,440,60,200,1,1,1.0
272,3,756,440,60,200,1,1,1.0
272,4,646,440,82,200,1,1,1.0
272,5,553,440,68,200,1,1,1.0
272,6,452,440,72,200,1,1,1.0
273,1,954,440,64,200,1,1,1.0
273,2,857,440,60,200,1,1,1.0
273,3,758,440,60,200,1,1,1.0
273,4,647,440,82,200,1,1,1.0
273,5,554,440,68,200,1,1,1.0
273,6,453,440,72,200,1,1,1.0
274,1,955,440,64,200,1,1,1.0
274,2,858,440,60,200,1,1,1.0
274,3,759,440,60,200,1,1,1.0
274,4,648,440,82,200,1,1,1.0
274,5,556,440,68,200,1,1,1.0
274,6,454,440,72,200,1,1,1.0
275,1,956,440,64,200,1,1,1.0
275,2,860,440,60,200,1,1,1.0
275,3,760,440,60,200,1,1,1.0
275,4,649,440,82,200,1,1,1.0
275,5,557,440,68,200,1,1,1.0
275,6,455,440,72,200,1,1,1.0
276,1,958,440,64,200,1,1,1.0
276,2,861,440,60,200,1,1,1.0
276,3,761,440,60,200,1,1,1.0
276,4,651,440,82,200,1,1,1.0
276,5,558,440,68,200,1,1,1.0
276,6,456,440,72,200,1,1,1.0
277,1,959,440,64,200,1,1,1.0
277,2,862,440,60,200,1,1,1.0
277,3,762,440,60,200,1,1,1.0
277,4,652,440,82,200,1,1,1.0
277,5,559,440,68,200,1,1,1.0
277,6,458,440,72,200,1,1,1.0
278,1,960,440,64,200,1,1,1.0
278,2,863,440,60,200,1,1,1.0
278,3,764,440,60,200,1,1,1.0
278,4,653,440,82,200,1,1,1.0
278,5,560,440,68,200,1,1,1.0
278,6,459,440,72,200,1,1,1.0
279,1,961,440,64,200,1,1,1.0
279,2,864,440,60,200,1,1,1.0
279,3,765,440,60,200,1,1,1.0
279,4,654,440,82,200,1,1,1.0
279,5,562,440,68,200,1,1,1.0
279,6,460,440,72,200,1,1,1.0
280,1,962,440,64,200,1,1,1.0
280,2,866,440,60,200,1,1,1.0
280,3,766,440,60,200,1,1,1.0
280,4,655,440,82,200,1,1,1.0
280,5,563,440,68,200,1,1,1.0
280,6,461,440,72,200,1,1,1.0
281,1,964,440,64,200,1,1,1.0
281,2,867,440,60,200,1,1,1.0
281,3,767,440,60,200,1,1,1.0
281,4,657,440,82,200,1,1,1.0
281,5,564,440,68,200,1,1,1.0
281,6,462,440,72,200,1,1,1.0
282,1,965,440,64,200,1,1,1.0
282,2,868,440,60,200,1,1,1.0
282,3,768,440,60,200,1,1,1.0
282,4,658,440,82,200,1,1,1.0
282,5,565,440,68,200,1,1,1.0
282,6,464,440,72,200,1,1,1.0
283,1,966,440,64,200,1,1,1.0
283,2,869,440,60,200,1,1,1.0
283,3,770,440,60,200,1,1,1.0
283,4,659,440,82,200,1,1,1.0
283,5,566,440,68,200,1,1,1.0
283,6,465,440,72,200,1,1,1.0
284,1,967,440,64,200,1,1,1.0
284,2,870,440,60,200,1,1,1.0
284,3,771,440,60,200,1,1,1.0
284,4,660,440,82,200,1,1,1.0
284,5,568,440,68,200,1,1,1.0
284,6,466,440,72,200,1,1,1.0
285,1,968,440,64,200,1,1,1.0
285,2,872,440,60,200,1,1,1.0
285,3,772,440,60,200,1,1,1.0
285,4,661,440,82,200,1,1,1.0
285,5,569,440,68,200,1,1,1.0
285,6,467,440,72,200,1,1,1.0
286,1,969,440,64,200,1,1,1.0
286,2,873,440,60,200,1,1,1.0
286,3,773,440,60,200,1,1,1.0
286,4,663,440,82,200,1,1,1.0
286,5,570,440,68,200,1,1,1.0
286,6,468,440,72,200,1,1,1.0
287,1,971,440,64,200,1,1,1.0
287,2,874,440,60,200,1,1,1.0
287,3,774,440,60,200,1,1,1.0
287,4,664,440,82,200,1,1,1.0
287,5,571,440,68,200,1,1,1.0
287,6,470,440,72,200,1,1,1.0
288,1,972,440,64,200,1,1,1.0
288,2,875,440,60,200,1,1,1.0
288,3,776,440,60,200,1,1,1.0
288,4,665,440,82,200,1,1,1.0
288,5,572,440,68,200,1,1,1.0
288,6,471,440,72,200,1,1,1.0
289,1,973,440,64,200,1,1,1.0
289,2,876,440,60,200,1,1,1.0
289,3,777,440,60,200,1,1,1.0
289,4,666,440,82,200,1,1,1.0
289,5,574,440,68,200,1,1,1.0
289,6,472,440,72,200,1,1,1.0
290,1,974,440,64,200,1,1,1.0
290,2,878,440,60,200,1,1,1.0
290,3,778,440,60,200,1,1,1.0
290,4,667,440,82,200,1,1,1.0
290,5,575,440,68,200,1,1,1.0
290,6,473,440,72,200,1,1,1.0
291,1,976,440,64,200,1,1,1.0
291,2,879,440,60,200,1,1,1.0
291,3,779,440,60,200,1,1,1.0
291,4,669,440,82,200,1,1,1.0
291,5,576,440,68,200,1,1,1.0
291,6,474,440,72,200,1,1,1.0
292,1,977,440,64,200,1,1,1.0
292,2,880,440,60,200,1,1,1.0
292,3,780,440,60,200,1,1,1.0
292,4,670,440,82,200,1,1,1.0
292,5,577,440,68,200,1,1,1.0
292,6,476,440,72,200,1,1,1.0
293,1,978,440,64,200,1,1,1.0
293,2,881,440,60,200,1,1,1.0
293,3,782,440,60,200,1,1,1.0
293,4,671,440,82,200,1,1,1.0
293,5,578,440,68,200,1,1,1.0
293,6,477,440,72,200,1,1,1.0
294,1,979,440,64,200,1,1,1.0
294,2,882,440,60,200,1,1,1.0
294,3,783,440,60,200,1,1,1.0
294,4,672,440,82,200,1,1,1.0
294,5,580,440,68,200,1,1,1.0
294,6,478,440,72,200,1,1,1.0
295,1,980,440,64,200,1,1,1.0
295,2,884,440,60,200,1,1,1.0
295,3,784,440,60,200,1,1,1.0
295,4,673,440,82,200,1,1,1.0
295,5,581,440,68,200,1,1,1.0
295,6,479,440,72,200,1,1,1.0
296,1,982,440,64,200,1,1,1.0
296,2,885,440,60,200,1,1,1.0
296,3,785,440,60,200,1,1,1.0
296,4,675,440,82,200,1,1,1.0
296,5,582,440,68,200,1,1,1.0
296,6,480,440,72,200,1,1,1.0
297,1,983,440,64,200,1,1,1.0
297,2,886,440,60,200,1,1,1.0
297,3,786,440,60,200,1,1,1.0
297,4,676,440,82,200,1,1,1.0
297,5,583,440,68,200,1,1,1.0
297,6,482,440,72,200,1,1,1.0
298,1,984,440,64,200,1,1,1.0
298,2,887,440,60,200,1,1,1.0
298,3,788,440,60,200,1,1,1.0
298,4,677,440,82,200,1,1,1.0
298,5,584,440,68,200,1,1,1.0
298,6,483,440,72,200,1,1,1.0
299,1,985,440,64,200,1,1,1.0
299,2,888,440,60,200,1,1,1.0
299,3,789,440,60,200,1,1,1.0
299,4,678,440,82,200,1,1,1.0
299,5,586,440,68,200,1,1,1.0
299,6,484,440,72,200,1,1,1.0
300,1,986,440,64,200,1,1,1.0
300,2,890,440,60,200,1,1,1.0
300,3,790,440,60,200,1,1,1.0
300,4,679,440,82,200,1,1,1.0
300,5,587,440,68,200,1,1,1.0
300,6,485,440,72,200,1,1,1.0
301,1,988,440,64,200,1,1,1.0
301,2,891,440,60,200,1,1,1.0
301,3,791,440,60,200,1,1,1.0
301,4,681,440,82,200,1,1,1.0
301,5,588,440,68,200,1,1,1.0
301,6,486,440,72,200,1,1,1.0
302,1,989,440,64,200,1,1,1.0
302,2,892,440,60,200,1,1,1.0
302,3,792,440,60,200,1,1,1.0
302,4,682,440,82,200,1,1,1.0
302,5,589,440,68,200,1,1,1.0
302,6,488,440,72,200,1,1,1.0
303,1,990,440,64,200,1,1,1.0
303,2,893,440,60,200,1,1,1.0
303,3,794,440,60,200,1,1,1.0
303,4,683,440,82,200,1,1,1.0
303,5,590,440,68,200,1,1,1.0
303,6,489,440,72,200,1,1,1.0
304,1,991,440,64,200,1,1,1.0
304,2,894,440,60,200,1,1,1.0
304,3,795,440,60,200,1,1,1.0
304,4,684,440,82,200,1,1,1.0
304,5,592,440,68,200,1,1,1.0
304,6,490,440,72,200,1,1,1.0
305,1,992,440,64,200,1,1,1.0
305,2,896,440,60,200,1,1,1.0
305,3,796,440,60,200,1,1,1.0
305,4,685,440,82,200,1,1,1.0
305,5,593,440,68,200,1,1,1.0
305,6,491,440,72,200,1,1,1.0
306,1,994,440,64,200,1,1,1.0
306,2,897,440,60,200,1,1,1.0
306,3,797,440,60,200,1,1,1.0
306,4,687,440,82,200,1,1,1.0
306,5,594,440,68,200,1,1,1.0
306,6,492,440,72,200,1,1,1.0
307,1,995,440,64,200,1,1,1.0
307,2,898,440,60,200,1,1,1.0
307,3,799,440,60,200,1,1,1.0
307,4,688,440,82,200,1,1,1.0
307,5,595,440,68,200,1,1,1.0
307,6,494,440,72,200,1,1,1.0
308,1,996,440,64,200,1,1,1.0
308,2,899,440,60,200,1,1,1.0
308,3,800,440,60,200,1,1,1.0
308,4,689,440,82,200,1,1,1.0
308,5,596,440,68,200,1,1,1.0
308,6,495,440,72,200,1,1,1.0
309,1,997,440,64,200,1,1,1.0
309,2,900,440,60,200,1,1,1.0
309,3,801,440,60,200,1,1,1.0
309,4,690,440,82,200,1,1,1.0
309,5,598,440,68,200,1,1,1.0
309,6,496,440,72,200,1,1,1.0
310,1,998,440,64,200,1,1,1.0
310,2,902,440,60,200,1,1,1.0
310,3,802,440,60,200,1,1,1.0
310,4,691,440,82,200,1,1,1.0
310,5,599,440,68,200,1,1,1.0
310,6,497,440,72,200,1,1,1.0
311,1,1000,440,64,200,1,1,1.0
311,2,903,440,60,200,1,1,1.0
311,3,803,440,60,200,1,1,1.0
311,4,693,440,82,200,1,1,1.0
311,5,600,440,68,200,1,1,1.0
311,6,498,440,72,200,1,1,1.0
312,1,1001,440,64,200,1,1,1.0
312,2,904,440,60,200,1,1,1.0
312,3,804,440,60,200,1,1,1.0
312,4,694,440,82,200,1,1,1.0
312,5,601,440,68,200,1,1,1.0
312,6,500,440,72,200,1,1,1.0
313,1,1002,440,64,200,1,1,1.0
313,2,905,440,60,200,1,1,1.0
313,3,806,440,60,200,1,1,1.0
313,4,695,440,82,200,1,1,1.0
313,5,602,440,68,200,1,1,1.0
313,6,501,440,72,200,1,1,1.0
314,1,1003,440,64,200,1,1,1.0
314,2,906,440,60,200,1,1,1.0
314,3,807,440,60,200,1,1,1.0
314,4,696,440,82,200,1,1,1.0
314,5,604,440,68,200,1,1,1.0
314,6,502,440,72,200,1,1,1.0
315,1,1004,440,64,200,1,1,1.0
315,2,908,440,60,200,1,1,1.0
315,3,808,440,60,200,1,1,1.0
315,4,697,440,82,200,1,1,1.0
315,5,605,440,68,200,1,1,1.0
315,6,503,440,72,200,1,1,1.0
316,1,1006,440,64,200,1,1,1.0
316,2,909,440,60,200,1,1,1.0
316,3,809,440,60,200,1,1,1.0
316,4,699,440,82,200,1,1,1.0
316,5,606,440,68,200,1,1,1.0
316,6,504,440,72,200,1,1,1.0
317,1,1007,440,64,200,1,1,1.0
317,2,910,440,60,200,1,1,1.0
317,3,810,440,60,200,1,1,1.0
317,4,700,440,82,200,1,1,1.0
317,5,607,440,68,200,1,1,1.0
317,6,506,440,72,200,1,1,1.0
318,1,1008,440,64,200,1,1,1.0
318,2,911,440,60,200,1,1,1.0
318,3,812,440,60,200,1,1,1.0
318,4,701,440,82,200,1,1,1.0
318,5,608,440,68,200,1,1,1.0
318,6,507,440,72,200,1,1,1.0
319,1,1009,440,64,200,1,1,1.0
319,2,912,440,60,200,1,1,1.0
319,3,813,440,60,200,1,1,1.0
319,4,702,440,82,200,1,1,1.0
319,5,610,440,68,200,1,1,1.0
319,6,508,440,72,200,1,1,1.0
320,1,1010,440,64,200,1,1,1.0
320,2,914,440,60,200,1,1,1.0
320,3,814,440,60,200,1,1,1.0
320,4,703,440,82,200,1,1,1.0
320,5,611,440,68,200,1,1,1.0
320,6,509,440,72,200,1,1,1.0
321,1,1012,440,64,200,1,1,1.0
321,2,915,440,60,200,1,1,1.0
321,3,815,440,60,200,1,1,1.0
321,4,705,440,82,200,1,1,1.0
321,5,612,440,68,200,1,1,1.0
321,6,510,440,72,200,1,1,1.0
322,1,1013,440,64,200,1,1,1.0
322,2,916,440,60,200,1,1,1.0
322,3,816,440,60,200,1,1,1.0
322,4,706,440,82,200,1,1,1.0
322,5,613,440,68,200,1,1,1.0
322,6,512,440,72,200,1,1,1.0
323,1,1014,440,64,200,1,1,1.0
323,2,917,440,60,200,1,1,1.0
323,3,818,440,60,200,1,1,1.0
323,4,707,440,82,200,1,1,1.0
323,5,614,440,68,200,1,1,1.0
323,6,513,440,72,200,1,1,1.0
324,1,1015,440,64,200,1,1,1.0
324,2,918,440,60,200,1,1,1.0
324,3,819,440,60,200,1,1,1.0
324,4,708,440,82,200,1,1,1.0
324,5,616,440,68,200,1,1,1.0
324,6,514,440,72,200,1,1,1.0
325,1,1016,440,64,200,1,1,1.0
325,2,920,440,60,200,1,1,1.0
325,3,820,440,60,200,1,1,1.0
325,4,709,440,82,200,1,1,1.0
325,5,617,440,68,200,1,1,1.0
325,6,515,440,72,200,1,1,1.0
326,1,1018,440,64,200,1,1,1.0
326,2,921,440,60,200,1,1,1.0
326,3,821,440,60,200,1,1,1.0
326,4,711,440,82,200,1,1,1.0
326,5,618,440,68,200,1,1,1.0
326,6,516,440,72,200,1,1,1.0
327,1,1019,440,64,200,1,1,1.0
327,2,922,440,60,200,1,1,1.0
327,3,822,440,60,200,1,1,1.0
327,4,712,440,82,200,1,1,1.0
327,5,619,440,68,200,1,1,1.0
327,6,518,440,72,200,1,1,1.0
328,1,1020,440,64,200,1,1,1.0
328,2,923,440,60,200,1,1,1.0
328,3,824,440,60,200,1,1,1.0
328,4,713,440,82,200,1,1,1.0
328,5,620,440,68,200,1,1,1.0
328,6,519,440,72,200,1,1,1.0
329,1,1021,440,64,200,1,1,1.0
329,2,924,440,60,200,1,1,1.0
329,3,825,440,60,200,1,1,1.0
329,4,714,440,82,200,1,1,1.0
329,5,622,440,68,200,1,1,1.0
329,6,520,440,72,200,1,1,1.0
330,1,1022,440,64,200,1,1,1.0
330,2,926,440,60,200,1,1,1.0
330,3,826,440,60,200,1,1,1.0
330,4,715,440,82,200,1,1,1.0
330,5,623,440,68,200,1,1,1.0
330,6,521,440,72,200,1,1,1.0
331,1,1024,440,64,200,1,1,1.0
331,2,927,440,60,200,1,1,1.0
331,3,827,440,60,200,1,1,1.0
331,4,717,440,82,200,1,1,1.0
331,5,624,440,68,200,1,1,1.0
331,6,522,440,72,200,1,1,1.0
332,1,1025,440,64,200,1,1,1.0
332,2,928,440,60,200,1,1,1.0
332,3,828,440,60,200,1,1,1.0
332,4,718,440,82,200,1,1,1.0
332,5,625,440,68,200,1,1,1.0
332,6,524,440,72,200,1,1,1.0
333,1,1026,440,64,200,1,1,1.0
333,2,929,440,60,200,1,1,1.0
333,3,830,440,60,200,1,1,1.0
333,4,719,440,82,200,1,1,1.0
333,5,626,440,68,200,1,1,1.0
333,6,525,440,72,200,1,1,1.0
334,1,1027,440,64,200,1,1,1.0
334,2,930,440,60,200,1,1,1.0
334,3,831,440,60,200,1,1,1.0
334,4,720,440,82,200,1,1,1.0
334,5,628,440,68,200,1,1,1.0
334,6,526,440,72,200,1,1,1.0
335,1,1028,440,64,200,1,1,1.0
335,2,931,440,60,200,1,1,1.0
335,3,832,440,60,200,1,1,1.0
335,4,721,440,82,200,1,1,1.0
335,5,629,440,68,200,1,1,1.0
335,6,527,440,72,200,1,1,1.0
336,1,1030,440,64,200,1,1,1.0
336,2,932,440,60,200,1,1,1.0
336,3,833,440,60,200,1,1,1.0
336,4,723,440,82,200,1,1,1.0
336,5,630,440,68,200,1,1,1.0
336,6,528,440,72,200,1,1,1.0
337,1,1031,440,64,200,1,1,1.0
337,2,933,440,60,200,1,1,1.0
337,3,835,440,60,200,1,1,1.0
337,4,724,440,82,200,1,1,1.0
337,5,631,440,68,200,1,1,1.0
337,6,530,440,72,200,1,1,1.0
338,1,1032,440,64,200,1,1,1.0
338,2,934,440,60,200,1,1,1.0
338,3,836,440,60,200,1,1,1.0
338,4,725,440,82,200,1,1,1.0
338,5,632,440,68,200,1,1,1.0
338,6,531,440,72,200,1,1,1.0
339,1,1033,440,64,200,1,1,1.0
339,2,936,440,60,200,1,1,1.0
339,3,837,440,60,200,1,1,1.0
339,4,726,440,82,200,1,1,1.0
339,5,634,440,68,200,1,1,1.0
339,6,532,440,72,200,1,1,1.0
340,1,1034,440,64,200,1,1,1.0
340,2,937,440,60,200,1,1,1.0
340,3,838,440,60,200,1,1,1.0
340,4,727,440,82,200,1,1,1.0
340,5,635,440,68,200,1,1,1.0
340,6,533,440,72,200,1,1,1.0
341,1,1036,440,64,200,1,1,1.0
341,2,938,440,60,200,1,1,1.0
341,3,839,440,60,200,1,1,1.0
341,4,729,440,82,200,1,1,1.0
341,5,636,440,68,200,1,1,1.0
341,6,534,440,72,200,1,1,1.0
342,1,1037,440,64,200,1,1,1.0
342,2,939,440,60,200,1,1,1.0
342,3,840,440,60,200,1,1,1.0
342,4,730,440,82,200,1,1,1.0
342,5,637,440,68,200,1,1,1.0
342,6,536,440,72,200,1,1,1.0
343,1,1038,440,64,200,1,1,1.0
343,2,940,440,60,200,1,1,1.0
343,3,842,440,60,200,1,1,1.0
343,4,731,440,82,200,1,1,1.0
343,5,638,440,68,200,1,1,1.0
343,6,537,440,72,200,1,1,1.0
344,1,1039,440,64,200,1,1,1.0
344,2,942,440,60,200,1,1,1.0
344,3,843,440,60,200,1,1,1.0
344,4,732,440,82,200,1,1,1.0
344,5,640,440,68,200,1,1,1.0
344,6,538,440,72,200,1,1,1.0
345,1,1040,440,64,200,1,1,1.0
345,2,943,440,60,200,1,1,1.0
345,3,844,440,60,200,1,1,1.0
345,4,733,440,82,200,1,1,1.0
345,5,641,440,68,200,1,1,1.0
345,6,539,440,72,200,1,1,1.0
346,1,1041,440,64,200,1,1,1.0
346,2,944,440,60,200,1,1,1.0
346,3,845,440,60,200,1,1,1.0
346,4,735,440,82,200,1,1,1.0
346,5,642,440,68,200,1,1,1.0
346,6,540,440,72,200,1,1,1.0
347,1,1043,440,64,200,1,1,1.0
347,2,945,440,60,200,1,1,1.0
347,3,846,440,60,200,1,1,1.0
347,4,736,440,82,200,1,1,1.0
347,5,643,440,68,200,1,1,1.0
347,6,542,440,72,200,1,1,1.0
348,1,1044,440,64,200,1,1,1.0
348,2,946,440,60,200,1,1,1.0
348,3,848,440,60,200,1,1,1.0
348,4,737,440,82,200,1,1,1.0
348,5,644,440,68,200,1,1,1.0
348,6,543,440,72,200,1,1,1.0
349,1,1045,440,64,200,1,1,1.0
349,2,948,440,60,200,1,1,1.0
349,3,849,440,60,200,1,1,1.0
349,4,738,440,82,200,1,1,1.0
349,5,646,440,68,200,1,1,1.0
349,6,544,440,72,200,1,1,1.0
350,1,1046,440,64,200,1,1,1.0
350,2,949,440,60,200,1,1,1.0
350,3,850,440,60,200,1,1,1.0
350,4,739,440,82,200,1,1,1.0
350,5,647,440,68,200,1,1,1.0
350,6,545,440,72,200,1,1,1.0
351,1,1048,440,64,200,1,1,1.0
351,2,950,440,60,200,1,1,1.0
351,3,851,440,60,200,1,1,1.0
351,4,741,440,82,200,1,1,1.0
351,5,648,440,68,200,1,1,1.0
351,6,546,440,72,200,1,1,1.0
352,1,1049,440,64,200,1,1,1.0
352,2,951,440,60,200,1,1,1.0
352,3,852,440,60,200,1,1,1.0
352,4,742,440,82,200,1,1,1.0
352,5,649,440,68,200,1,1,1.0
352,6,548,440,72,200,1,1,1.0
353,1,1050,440,64,200,1,1,1.0
353,2,952,440,60,200,1,1,1.0
353,3,854,440,60,200,1,1,1.0
353,4,743,440,82,200,1,1,1.0
353,5,650,440,68,200,1,1,1.0
353,6,549,440,72,200,1,1,1.0
354,1,1051,440,64,200,1,1,1.0
354,2,954,440,60,200,1,1,1.0
354,3,855,440,60,200,1,1,1.0
354,4,744,440,82,200,1,1,1.0
354,5,652,440,68,200,1,1,1.0
354,6,550,440,72,200,1,1,1.0
355,1,1052,440,64,200,1,1,1.0
355,2,955,440,60,200,1,1,1.0
355,3,856,440,60,200,1,1,1.0
355,4,745,440,82,200,1,1,1.0
355,5,653,440,68,200,1,1,1.0
355,6,551,440,72,200,1,1,1.0
356,1,1054,440,64,200,1,1,1.0
356,2,956,440,60,200,1,1,1.0
356,3,857,440,60,200,1,1,1.0
356,4,747,440,82,200,1,1,1.0
356,5,654,440,68,200,1,1,1.0
356,6,552,440,72,200,1,1,1.0
357,1,1055,440,64,200,1,1,1.0
357,2,957,440,60,200,1,1,1.0
357,3,858,440,60,200,1,1,1.0
357,4,748,440,82,200,1,1,1.0
357,5,655,440,68,200,1,1,1.0
357,6,554,440,72,200,1,1,1.0
358,1,1056,440,64,200,1,1,1.0
358,2,958,440,60,200,1,1,1.0
358,3,860,440,60,200,1,1,1.0
358,4,749,440,82,200,1,1,1.0
358,5,656,440,68,200,1,1,1.0
358,6,555,440,72,200,1,1,1.0
359,1,1057,440,64,200,1,1,1.0
359,2,960,440,60,200,1,1,1.0
359,3,861,440,60,200,1,1,1.0
359,4,750,440,82,200,1,1,1.0
359,5,658,440,68,200,1,1,1.0
359,6,556,440,72,200,1,1,1.0
360,1,1058,440,64,200,1,1,1.0
360,2,961,440,60,200,1,1,1.0
360,3,862,440,60,200,1,1,1.0
360,4,751,440,82,200,1,1,1.0
360,5,659,440,68,200,1,1,1.0
360,6,557,440,72,200,1,1,1.0
361,1,1060,440,64,200,1,1,1.0
361,2,962,440,60,200,1,1,1.0
361,3,863,440,60,200,1,1,1.0
361,4,753,440,82,200,1,1,1.0
361,5,660,440,68,200,1,1,1.0
361,6,558,440,72,200,1,1,1.0
362,1,1061,440,64,200,1,1,1.0
362,2,963,440,60,200,1,1,1.0
362,3,864,440,60,200,1,1,1.0
362,4,754,440,82,200,1,1,1.0
362,5,661,440,68,200,1,1,1.0
362,6,560,440,72,200,1,1,1.0
363,1,1062,440,64,200,1,1,1.0
363,2,964,440,60,200,1,1,1.0
363,3,866,440,60,200,1,1,1.0
363,4,755,440,82,200,1,1,1.0
363,5,662,440,68,200,1,1,1.0
363,6,561,440,72,200,1,1,1.0
364,1,1063,440,64,200,1,1,1.0
364,2,966,440,60,200,1,1,1.0
364,3,867,440,60,200,1,1,1.0
364,4,756,440,82,200,1,1,1.0
364,5,664,440,68,200,1,1,1.0
364,6,562,440,72,200,1,1,1.0
365,1,1064,440,64,200,1,1,1.0
365,2,967,440,60,200,1,1,1.0
365,3,868,440,60,200,1,1,1.0
365,4,757,440,82,200,1,1,1.0
365,5,665,440,68,200,1,1,1.0
365,6,563,440,72,200,1,1,1.0
366,1,1066,440,64,200,1,1,1.0
366,2,968,440,60,200,1,1,1.0
366,3,869,440,60,200,1,1,1.0
366,4,759,440,82,200,1,1,1.0
366,5,666,440,68,200,1,1,1.0
366,6,564,440,72,200,1,1,1.0
367,1,1067,440,64,200,1,1,1.0
367,2,969,440,60,200,1,1,1.0
367,3,870,440,60,200,1,1,1.0
367,4,760,440,82,200,1,1,1.0
367,5,667,440,68,200,1,1,1.0
367,6,566,440,72,200,1,1,1.0
368,1,1068,440,64,200,1,1,1.0
368,2,970,440,60,200,1,1,1.0
368,3,872,440,60,200,1,1,1.0
368,4,761,440,82,200,1,1,1.0
368,5,668,440,68,200,1,1,1.0
368,6,567,440,72,200,1,1,1.0
369,1,1069,440,64,200,1,1,1.0
369,2,971,440,60,200,1,1,1.0
369,3,873,440,60,200,1,1,1.0
369,4,762,440,82,200,1,1,1.0
369,5,670,440,68,200,1,1,1.0
369,6,568,440,72,200,1,1,1.0
370,1,1070,440,64,200,1,1,1.0
370,2,973,440,60,200,1,1,1.0
370,3,874,440,60,200,1,1,1.0
370,4,763,440,82,200,1,1,1.0
370,5,671,440,68,200,1,1,1.0
370,6,569,440,72,200,1,1,1.0
371,1,1072,440,64,200,1,1,1.0
371,2,974,440,60,200,1,1,1.0
371,3,875,440,60,200,1,1,1.0
371,4,765,440,82,200,1,1,1.0
371,5,672,440,68,200,1,1,1.0
371,6,570,440,72,200,1,1,1.0
372,1,1073,440,64,200,1,1,1.0
372,2,975,440,60,200,1,1,1.0
372,3,876,440,60,200,1,1,1.0
372,4,766,440,82,200,1,1,1.0
372,5,673,440,68,200,1,1,1.0
372,6,572,440,72,200,1,1,1.0
373,1,1074,440,64,200,1,1,1.0
373,2,976,440,60,200,1,1,1.0
373,3,878,440,60,200,1,1,1.0
373,4,767,440,82,200,1,1,1.0
373,5,674,440,68,200,1,1,1.0
373,6,573,440,72,200,1,1,1.0
374,1,1075,440,64,200,1,1,1.0
374,2,978,440,60,200,1,1,1.0
374,3,879,440,60,200,1,1,1.0
374,4,768,440,82,200,1,1,1.0
374,5,676,440,68,200,1,1,1.0
374,6,574,440,72,200,1,1,1.0
375,1,1076,440,64,200,1,1,1.0
375,2,979,440,60,200,1,1,1.0
375,3,880,440,60,200,1,1,1.0
375,4,769,440,82,200,1,1,1.0
375,5,677,440,68,200,1,1,1.0
375,6,575,440,72,200,1,1,1.0
376,1,1078,440,64,200,1,1,1.0
376,2,980,440,60,200,1,1,1.0
376,3,881,440,60,200,1,1,1.0
376,4,771,440,82,200,1,1,1.0
376,5,678,440,68,200,1,1,1.0
376,6,576,440,72,200,1,1,1.0
377,1,1079,440,64,200,1,1,1.0
377,2,981,440,60,200,1,1,1.0
377,3,882,440,60,200,1,1,1.0
377,4,772,440,82,200,1,1,1.0
377,5,679,440,68,200,1,1,1.0
377,6,578,440,72,200,1,1,1.0
378,1,1080,440,64,200,1,1,1.0
378,2,982,440,60,200,1,1,1.0
378,3,884,440,60,200,1,1,1.0
378,4,773,440,82,200,1,1,1.0
378,5,680,440,68,200,1,1,1.0
378,6,579,440,72,200,1,1,1.0
379,1,1081,440,64,200,1,1,1.0
379,2,984,440,60,200,1,1,1.0
379,3,885,440,60,200,1,1,1.0
379,4,774,440,82,200,1,1,1.0
379,5,682,440,68,200,1,1,1.0
379,6,580,440,72,200,1,1,1.0
380,1,1082,440,64,200,1,1,1.0
380,2,985,440,60,200,1,1,1.0
380,3,886,440,60,200,1,1,1.0
380,4,775,440,82,200,1,1,1.0
380,5,683,440,68,200,1,1,1.0
380,6,581,440,72,200,1,1,1.0
381,1,1084,440,64,200,1,1,1.0
381,2,986,440,60,200,1,1,1.0
381,3,887,440,60,200,1,1,1.0
381,4,777,440,82,200,1,1,1.0
381,5,684,440,68,200,1,1,1.0
381,6,582,440,72,200,1,1,1.0
382,1,1085,440,64,200,1,1,1.0
382,2,987,440,60,200,1,1,1.0
382,3,888,440,60,200,1,1,1.0
382,4,778,440,82,200,1,1,1.0
382,5,685,440,68,200,1,1,1.0
382,6,584,440,72,200,1,1,1.0
383,1,1086,440,64,200,1,1,1.0
383,2,988,440,60,200,1,1,1.0
383,3,890,440,60,200,1,1,1.0
383,4,779,440,82,200,1,1,1.0
383,5,686,440,68,200,1,1,1.0
383,6,585,440,72,200,1,1,1.0
384,1,1087,440,64,200,1,1,1.0
384,2,990,440,60,200,1,1,1.0
384,3,891,440,60,200,1,1,1.0
384,4,780,440,82,200,1,1,1.0
384,5,688,440,68,200,1,1,1.0
384,6,586,440,72,200,1,1,1.0
385,1,1088,440,64,200,1,1,1.0
385,2,991,440,60,200,1,1,1.0
385,3,892,440,60,200,1,1,1.0
385,4,781,440,82,200,1,1,1.0
385,5,689,440,68,200,1,1,1.0
385,6,587,440,72,200,1,1,1.0
386,1,1090,440,64,200,1,1,1.0
386,2,992,440,60,200,1,1,1.0
386,3,893,440,60,200,1,1,1.0
386,4,783,440,82,200,1,1,1.0
386,5,690,440,68,200,1,1,1.0
386,6,588,440,72,200,1,1,1.0
387,1,1091,440,64,200,1,1,1.0
387,2,993,440,60,200,1,1,1.0
387,3,894,440,60,200,1,1,1.0
387,4,784,440,82,200,1,1,1.0
387,5,691,440,68,200,1,1,1.0
387,6,590,440,72,200,1,1,1.0
388,1,1092,440,64,200,1,1,1.0
388,2,994,440,60,200,1,1,1.0
388,3,896,440,60,200,1,1,1.0
388,4,785,440,82,200,1,1,1.0
388,5,692,440,68,200,1,1,1.0
388,6,591,440,72,200,1,1,1.0
389,1,1093,440,64,200,1,1,1.0
389,2,996,440,60,200,1,1,1.0
389,3,897,440,60,200,1,1,1.0
389,4,786,440,82,200,1,1,1.0
389,5,694,440,68,200,1,1,1.0
389,6,592,440,72,200,1,1,1.0
390,1,1094,440,64,200,1,1,1.0
390,2,997,440,60,200,1,1,1.0
390,3,898,440,60,200,1,1,1.0
390,4,788,440,82,200,1,1,1.0
390,5,695,440,68,200,1,1,1.0
390,6,593,440,72,200,1,1,1.0
391,1,1096,440,64,200,1,1,1.0
391,2,998,440,60,200,1,1,1.0
391,3,899,440,60,200,1,1,1.0
391,4,789,440,82,200,1,1,1.0
391,5,696,440,68,200,1,1,1.0
391,6,594,440,72,200,1,1,1.0
392,1,1097,440,64,200,1,1,1.0
392,2,999,440,60,200,1,1,1.0
392,3,900,440,60,200,1,1,1.0
392,4,790,440,82,200,1,1,1.0
392,5,697,440,68,200,1,1,1.0
392,6,596,440,72,200,1,1,1.0
393,1,1098,440,64,200,1,1,1.0
393,2,1000,440,60,200,1,1,1.0
393,3,902,440,60,200,1,1,1.0
393,4,791,440,82,200,1,1,1.0
393,5,698,440,68,200,1,1,1.0
393,6,597,440,72,200,1,1,1.0
394,1,1099,440,64,200,1,1,1.0
394,2,1002,440,60,200,1,1,1.0
394,3,903,440,60,200,1,1,1.0
394,4,792,440,82,200,1,1,1.0
394,5,700,440,68,200,1,1,1.0
394,6,598,440,72,200,1,1,1.0
395,1,1100,440,64,200,1,1,1.0
395,2,1003,440,60,200,1,1,1.0
395,3,904,440,60,200,1,1,1.0
395,4,793,440,82,200,1,1,1.0
395,5,701,440,68,200,1,1,1.0
395,6,599,440,72,200,1,1,1.0
396,1,1102,440,64,200,1,1,1.0
396,2,1004,440,60,200,1,1,1.0
396,3,905,440,60,200,1,1,1.0
396,4,795,440,82,200,1,1,1.0
396,5,702,440,68,200,1,1,1.0
396,6,600,440,72,200,1,1,1.0
397,1,1103,440,64,200,1,1,1.0
397,2,1005,440,60,200,1,1,1.0
397,3,906,440,60,200,1,1,1.0
397,4,796,440,82,200,1,1,1.0
397,5,703,440,68,200,1,1,1.0
397,6,602,440,72,200,1,1,1.0
398,1,1104,440,64,200,1,1,1.0
398,2,1006,440,60,200,1,1,1.0
398,3,908,440,60,200,1,1,1.0
398,4,797,440,82,200,1,1,1.0
398,5,704,440,68,200,1,1,1.0
398,6,603,440,72,200,1,1,1.0
399,1,1105,440,64,200,1,1,1.0
399,2,1008,440,60,200,1,1,1.0
399,3,909,440,60,200,1,1,1.0
399,4,798,440,82,200,1,1,1.0
399,5,706,440,68,200,1,1,1.0
399,6,604,440,72,200,1,1,1.0
400,1,1106,440,64,200,1,1,1.0
400,2,1009,440,60,200,1,1,1.0
400,3,910,440,60,200,1,1,1.0
400,4,799,440,82,200,1,1,1.0
400,5,707,440,68,200,1,1,1.0
400,6,605,440,72,200,1,1,1.0
401,1,1108,440,64,200,1,1,1.0
401,2,1010,440,60,200,1,1,1.0
401,3,911,440,60,200,1,1,1.0
401,4,801,440,82,200,1,1,1.0
401,5,708,440,68,200,1,1,1.0
401,6,606,440,72,200,1,1,1.0
402,1,1109,440,64,200,1,1,1.0
402,2,1011,440,60,200,1,1,1.0
402,3,912,440,60,200,1,1,1.0
402,4,802,440,82,200,1,1,1.0
402,5,709,440,68,200,1,1,1.0
402,6,608,440,72,200,1,1,1.0
403,1,1110,440,64,200,1,1,1.0
403,2,1012,440,60,200,1,1,1.0
403,3,914,440,60,200,1,1,1.0
403,4,803,440,82,200,1,1,1.0
403,5,710,440,68,200,1,1,1.0
403,6,609,440,72,200,1,1,1.0
404,1,1111,440,64,200,1,1,1.0
404,2,1014,440,60,200,1,1,1.0
404,3,915,440,60,200,1,1,1.0
404,4,804,440,82,200,1,1,1.0
404,5,712,440,68,200,1,1,1.0
404,6,610,440,72,200,1,1,1.0
405,1,1112,440,64,200,1,1,1.0
405,2,1015,440,60,200,1,1,1.0
405,3,916,440,60,200,1,1,1.0
405,4,805,440,82,200,1,1,1.0
405,5,713,440,68,200,1,1,1.0
405,6,611,440,72,200,1,1,1.0
406,1,1114,440,64,200,1,1,1.0
406,2,1016,440,60,200,1,1,1.0
406,3,917,440,60,200,1,1,1.0
406,4,807,440,82,200,1,1,1.0
406,5,714,440,68,200,1,1,1.0
406,6,612,440,72,200,1,1,1.0
407,1,1115,440,64,200,1,1,1.0
407,2,1017,440,60,200,1,1,1.0
407,3,918,440,60,200,1,1,1.0
407,4,808,440,82,200,1,1,1.0
407,5,715,440,68,200,1,1,1.0
407,6,614,440,72,200,1,1,1.0
408,1,1116,440,64,200,1,1,1.0
408,2,1018,440,60,200,1,1,1.0
408,3,920,440,60,200,1,1,1.0
408,4,809,440,82,200,1,1,1.0
408,5,716,440,68,200,1,1,1.0
408,6,615,440,72,200,1,1,1.0
409,1,1117,440,64,200,1,1,1.0
409,2,1020,440,60,200,1,1,1.0
409,3,921,440,60,200,1,1,1.0
409,4,810,440,82,200,1,1,1.0
409,5,718,440,68,200,1,1,1.0
409,6,616,440,72,200,1,1,1.0
410,1,1118,440,64,200,1,1,1.0
410,2,1021,440,60,200,1,1,1.0
410,3,922,440,60,200,1,1,1.0
410,4,811,440,82,200,1,1,1.0
410,5,719,440,68,200,1,1,1.0
410,6,617,440,72,200,1,1,1.0
411,1,1119,440,64,200,1,1,1.0
411,2,1022,440,60,200,1,1,1.0
411,3,923,440,60,200,1,1,1.0
411,4,813,440,82,200,1,1,1.0
411,5,720,440,68,200,1,1,1.0
411,6,618,440,72,200,1,1,1.0
412,1,1121,440,64,200,1,1,1.0
412,2,1023,440,60,200,1,1,1.0
412,3,924,440,60,200,1,1,1.0
412,4,814,440,82,200,1,1,1.0
412,5,721,440,68,200,1,1,1.0
412,6,620,440,72,200,1,1,1.0
413,1,1122,440,64,200,1,1,1.0
413,2,1024,440,60,200,1,1,1.0
413,3,926,440,60,200,1,1,1.0
413,4,815,440,82,200,1,1,1.0
413,5,722,440,68,200,1,1,1.0
413,6,621,440,72,200,1,1,1.0
414,1,1123,440,64,200,1,1,1.0
414,2,1026,440,60,200,1,1,1.0
414,3,927,440,60,200,1,1,1.0
414,4,816,440,82,200,1,1,1.0
414,5,724,440,68,200,1,1,1.0
414,6,622,440,72,200,1,1,1.0
415,1,1124,440,64,200,1,1,1.0
415,2,1027,440,60,200,1,1,1.0
415,3,928,440,60,200,1,1,1.0
415,4,817,440,82,200,1,1,1.0
415,5,725,440,68,200,1,1,1.0
415,6,623,440,72,200,1,1,1.0
416,1,1126,440,64,200,1,1,1.0
416,2,1028,440,60,200,1,1,1.0
416,3,929,440,60,200,1,1,1.0
416,4,819,440,82,200,1,1,1.0
416,5,726,440,68,200,1,1,1.0
416,6,624,440,72,200,1,1,1.0
417,1,1127,440,64,200,1,1,1.0
417,2,1029,440,60,200,1,1,1.0
417,3,930,440,60,200,1,1,1.0
417,4,820,440,82,200,1,1,1.0
417,5,727,440,68,200,1,1,1.0
417,6,626,440,72,200,1,1,1.0
418,1,1128,440,64,200,1,1,1.0
418,2,1030,440,60,200,1,1,1.0
418,3,931,440,60,200,1,1,1.0
418,4,821,440,82,200,1,1,1.0
418,5,728,440,68,200,1,1,1.0
418,6,627,440,72,200,1,1,1.0
419,1,1129,440,64,200,1,1,1.0
419,2,1032,440,60,200,1,1,1.0
419,3,932,440,60,200,1,1,1.0
419,4,822,440,82,200,1,1,1.0
419,5,730,440,68,200,1,1,1.0
419,6,628,440,72,200,1,1,1.0
420,1,1130,440,64,200,1,1,1.0
420,2,1033,440,60,200,1,1,1.0
420,3,933,440,60,200,1,1,1.0
420,4,824,440,82,200,1,1,1.0
420,5,731,440,68,200,1,1,1.0
420,6,629,440,72,200,1,1,1.0
421,1,1132,440,64,200,1,1,1.0
421,2,1034,440,60,200,1,1,1.0
421,3,934,440,60,200,1,1,1.0
421,4,825,440,82,200,1,1,1.0
421,5,732,440,68,200,1,1,1.0
421,6,630,440,72,200,1,1,1.0
422,1,1133,440,64,200,1,1,1.0
422,2,1035,440,60,200,1,1,1.0
422,3,936,440,60,200,1,1,1.0
422,4,826,440,82,200,1,1,1.0
422,5,733,440,68,200,1,1,1.0
422,6,632,440,72,200,1,1,1.0
423,1,1134,440,64,200,1,1,1.0
423,2,1036,440,60,200,1,1,1.0
423,3,937,440,60,200,1,1,1.0
423,4,827,440,82,200,1,1,1.0
423,5,734,440,68,200,1,1,1.0
423,6,633,440,72,200,1,1,1.0
424,1,1135,440,64,200,1,1,1.0
424,2,1038,440,60,200,1,1,1.0
424,3,938,440,60,200,1,1,1.0
424,4,828,440,82,200,1,1,1.0
424,5,736,440,68,200,1,1,1.0
424,6,634,440,72,200,1,1,1.0
425,1,1136,440,64,200,1,1,1.0
425,2,1039,440,60,200,1,1,1.0
425,3,939,440,60,200,1,1,1.0
425,4,829,440,82,200,1,1,1.0
425,5,737,440,68,200,1,1,1.0
425,6,635,440,72,200,1,1,1.0
426,1,1138,440,64,200,1,1,1.0
426,2,1040,440,60,200,1,1,1.0
426,3,940,440,60,200,1,1,1.0
426,4,831,440,82,200,1,1,1.0
426,5,738,440,68,200,1,1,1.0
426,6,636,440,72,200,1,1,1.0
427,1,1139,440,64,200,1,1,1.0
427,2,1041,440,60,200,1,1,1.0
427,3,942,440,60,200,1,1,1.0
427,4,832,440,82,200,1,1,1.0
427,5,739,440,68,200,1,1,1.0
427,6,638,440,72,200,1,1,1.0
428,1,1140,440,64,200,1,1,1.0
428,2,1042,440,60,200,1,1,1.0
428,3,943,440,60,200,1,1,1.0
428,4,833,440,82,200,1,1,1.0
428,5,740,440,68,200,1,1,1.0
428,6,639,440,72,200,1,1,1.0
429,1,1141,440,64,200,1,1,1.0
429,2,1043,440,60,200,1,1,1.0
429,3,944,440,60,200,1,1,1.0
429,4,834,440,82,200,1,1,1.0
429,5,742,440,68,200,1,1,1.0
429,6,640,440,72,200,1,1,1.0
430,1,1142,440,64,200,1,1,1.0
430,2,1045,440,60,200,1,1,1.0
430,3,945,440,60,200,1,1,1.0
430,4,835,440,82,200,1,1,1.0
430,5,743,440,68,200,1,1,1.0
430,6,641,440,72,200,1,1,1.0
431,1,1144,440,64,200,1,1,1.0
431,2,1046,440,60,200,1,1,1.0
431,3,946,440,60,200,1,1,1.0
431,4,837,440,82,200,1,1,1.0
431,5,744,440,68,200,1,1,1.0
431,6,642,440,72,200,1,1,1.0
432,1,1145,440,64,200,1,1,1.0
432,2,1047,440,60,200,1,1,1.0
432,3,948,440,60,200,1,1,1.0
432,4,838,440,82,200,1,1,1.0
432,5,745,440,68,200,1,1,1.0
432,6,644,440,72,200,1,1,1.0
433,1,1146,440,64,200,1,1,1.0
433,2,1048,440,60,200,1,1,1.0
433,3,949,440,60,200,1,1,1.0
433,4,839,440,82,200,1,1,1.0
433,5,746,440,68,200,1,1,1.0
433,6,645,440,72,200,1,1,1.0
434,1,1147,440,64,200,1,1,1.0
434,2,1050,440,60,200,1,1,1.0
434,3,950,440,60,200,1,1,1.0
434,4,840,440,82,200,1,1,1.0
434,5,748,440,68,200,1,1,1.0
434,6,646,440,72,200,1,1,1.0
435,1,1148,440,64,200,1,1,1.0
435,2,1051,440,60,200,1,1,1.0
435,3,951,440,60,200,1,1,1.0
435,4,841,440,82,200,1,1,1.0
435,5,749,440,68,200,1,1,1.0
435,6,647,440,72,200,1,1,1.0
436,1,1150,440,64,200,1,1,1.0
436,2,1052,440,60,200,1,1,1.0
436,3,952,440,60,200,1,1,1.0
436,4,843,440,82,200,1,1,1.0
436,5,750,440,68,200,1,1,1.0
436,6,648,440,72,200,1,1,1.0
437,1,1151,440,64,200,1,1,1.0
437,2,1053,440,60,200,1,1,1.0
437,3,954,440,60,200,1,1,1.0
437,4,844,440,82,200,1,1,1.0
437,5,751,440,68,200,1,1,1.0
437,6,650,440,72,200,1,1,1.0
438,1,1152,440,64,200,1,1,1.0
438,2,1054,440,60,200,1,1,1.0
438,3,955,440,60,200,1,1,1.0
438,4,845,440,82,200,1,1,1.0
438,5,752,440,68,200,1,1,1.0
438,6,651,440,72,200,1,1,1.0
439,1,1153,440,64,200,1,1,1.0
439,2,1056,440,60,200,1,1,1.0
439,3,956,440,60,200,1,1,1.0
439,4,846,440,82,200,1,1,1.0
439,5,754,440,68,200,1,1,1.0
439,6,652,440,72,200,1,1,1.0
440,1,1154,440,64,200,1,1,1.0
440,2,1057,440,60,200,1,1,1.0
440,3,957,440,60,200,1,1,1.0
440,4,847,440,82,200,1,1,1.0
440,5,755,440,68,200,1,1,1.0
440,6,653,440,72,200,1,1,1.0
441,1,1156,440,64,200,1,1,1.0
441,2,1058,440,60,200,1,1,1.0
441,3,958,440,60,200,1,1,1.0
441,4,849,440,82,200,1,1,1.0
441,5,756,440,68,200,1,1,1.0
441,6,654,440,72,200,1,1,1.0
442,1,1157,440,64,200,1,1,1.0
442,2,1059,440,60,200,1,1,1.0
442,3,960,440,60,200,1,1,1.0
442,4,850,440,82,200,1,1,1.0
442,5,757,440,68,200,1,1,1.0
442,6,656,440,72,200,1,1,1.0
443,1,1158,440,64,200,1,1,1.0
443,2,1060,440,60,200,1,1,1.0
443,3,961,440,60,200,1,1,1.0
443,4,851,440,82,200,1,1,1.0
443,5,758,440,68,200,1,1,1.0
443,6,657,440,72,200,1,1,1.0
444,1,1159,440,64,200,1,1,1.0
444,2,1062,440,60,200,1,1,1.0
444,3,962,440,60,200,1,1,1.0
444,4,852,440,82,200,1,1,1.0
444,5,760,440,68,200,1,1,1.0
444,6,658,440,72,200,1,1,1.0
445,1,1160,440,64,200,1,1,1.0
445,2,1063,440,60,200,1,1,1.0
445,3,963,440,60,200,1,1,1.0
445,4,853,440,82,200,1,1,1.0
445,5,761,440,68,200,1,1,1.0
445,6,659,440,72,200,1,1,1.0
446,1,1162,440,64,200,1,1,1.0
446,2,1064,440,60,200,1,1,1.0
446,3,964,440,60,200,1,1,1.0
446,4,855,440,82,200,1,1,1.0
446,5,762,440,68,200,1,1,1.0
446,6,660,440,72,200,1,1,1.0
447,1,1163,440,64,200,1,1,1.0
447,2,1065,440,60,200,1,1,1.0
447,3,966,440,60,200,1,1,1.0
447,4,856,440,82,200,1,1,1.0
447,5,763,440,68,200,1,1,1.0
447,6,662,440,72,200,1,1,1.0
448,1,1164,440,64,200,1,1,1.0
448,2,1066,440,60,200,1,1,1.0
448,3,967,440,60,200,1,1,1.0
448,4,857,440,82,200,1,1,1.0
448,5,764,440,68,200,1,1,1.0
448,6,663,440,72,200,1,1,1.0
449,1,1165,440,64,200,1,1,1.0
449,2,1068,440,60,200,1,1,1.0
449,3,968,440,60,200,1,1,1.0
449,4,858,440,82,200,1,1,1.0
449,5,766,440,68,200,1,1,1.0
449,6,664,440,72,200,1,1,1.0
450,1,1166,440,64,200,1,1,1.0
450,2,1069,440,60,200,1,1,1.0
450,3,969,440,60,200,1,1,1.0
450,4,859,440,82,200,1,1,1.0
450,5,767,440,68,200,1,1,1.0
450,6,665,440,72,200,1,1,1.0
451,1,1168,440,64,200,1,1,1.0
451,2,1070,440,60,200,1,1,1.0
451,3,970,440,60,200,1,1,1.0
451,4,861,440,82,200,1,1,1.0
451,5,768,440,68,200,1,1,1.0
451,6,666,440,72,200,1,1,1.0
452,1,1169,440,64,200,1,1,1.0
452,2,1071,440,60,200,1,1,1.0
452,3,971,440,60,200,1,1,1.0
452,4,862,440,82,200,1,1,1.0
452,5,769,440,68,200,1,1,1.0
452,6,668,440,72,200,1,1,1.0
453,1,1170,440,64,200,1,1,1.0
453,2,1072,440,60,200,1,1,1.0
453,3,973,440,60,200,1,1,1.0
453,4,863,440,82,200,1,1,1.0
453,5,770,440,68,200,1,1,1.0
453,6,669,440,72,200,1,1,1.0
454,1,1171,440,64,200,1,1,1.0
454,2,1074,440,60,200,1,1,1.0
454,3,974,440,60,200,1,1,1.0
454,4,864,440,82,200,1,1,1.0
454,5,772,440,68,200,1,1,1.0
454,6,670,440,72,200,1,1,1.0
455,1,1172,440,64,200,1,1,1.0
455,2,1075,440,60,200,1,1,1.0
455,3,975,440,60,200,1,1,1.0
455,4,865,440,82,200,1,1,1.0
455,5,773,440,68,200,1,1,1.0
455,6,671,440,72,200,1,1,1.0
456,1,1174,440,64,200,1,1,1.0
456,2,1076,440,60,200,1,1,1.0
456,3,976,440,60,200,1,1,1.0
456,4,867,440,82,200,1,1,1.0
456,5,774,440,68,200,1,1,1.0
456,6,672,440,72,200,1,1,1.0
457,1,1175,440,64,200,1,1,1.0
457,2,1077,440,60,200,1,1,1.0
457,3,978,440,60,200,1,1,1.0
457,4,868,440,82,200,1,1,1.0
457,5,775,440,68,200,1,1,1.0
457,6,674,440,72,200,1,1,1.0
458,1,1176,440,64,200,1,1,1.0
458,2,1078,440,60,200,1,1,1.0
458,3,979,440,60,200,1,1,1.0
458,4,869,440,82,200,1,1,1.0
458,5,776,440,68,200,1,1,1.0
458,6,675,440,72,200,1,1,1.0
459,1,1177,440,64,200,1,1,1.0
459,2,1080,440,60,200,1,1,1.0
459,3,980,440,60,200,1,1,1.0
459,4,870,440,82,200,1,1,1.0
459,5,778,440,68,200,1,1,1.0
459,6,676,440,72,200,1,1,1.0
460,1,1178,440,64,200,1,1,1.0
460,2,1081,440,60,200,1,1,1.0
460,3,981,440,60,200,1,1,1.0
460,4,871,440,82,200,1,1,1.0
460,5,779,440,68,200,1,1,1.0
460,6,677,440,72,200,1,1,1.0
461,1,1180,440,64,200,1,1,1.0
461,2,1082,440,60,200,1,1,1.0
461,3,982,440,60,200,1,1,1.0
461,4,873,440,82,200,1,1,1.0
461,5,780,440,68,200,1,1,1.0
461,6,678,440,72,200,1,1,1.0
462,1,1181,440,64,200,1,1,1.0
462,2,1083,440,60,200,1,1,1.0
462,3,984,440,60,200,1,1,1.0
462,4,874,440,82,200,1,1,1.0
462,5,781,440,68,200,1,1,1.0
462,6,680,440,72,200,1,1,1.0
463,1,1182,440,64,200,1,1,1.0
463,2,1084,440,60,200,1,1,1.0
463,3,985,440,60,200,1,1,1.0
463,4,875,440,82,200,1,1,1.0
463,5,782,440,68,200,1,1,1.0
463,6,681,440,72,200,1,1,1.0
464,1,1183,440,64,200,1,1,1.0
464,2,1086,440,60,200,1,1,1.0
464,3,986,440,60,200,1,1,1.0
464,4,876,440,82,200,1,1,1.0
464,5,784,440,68,200,1,1,1.0
464,6,682,440,72,200,1,1,1.0
465,1,1184,440,64,200,1,1,1.0
465,2,1087,440,60,200,1,1,1.0
465,3,987,440,60,200,1,1,1.0
465,4,877,440,82,200,1,1,1.0
465,5,785,440,68,200,1,1,1.0
465,6,683,440,72,200,1,1,1.0
466,1,1186,440,64,200,1,1,1.0
466,2,1088,440,60,200,1,1,1.0
466,3,988,440,60,200,1,1,1.0
466,4,879,440,82,200,1,1,1.0
466,5,786,440,68,200,1,1,1.0
466,6,684,440,72,200,1,1,1.0
467,1,1187,440,64,200,1,1,1.0
467,2,1089,440,60,200,1,1,1.0
467,3,990,440,60,200,1,1,1.0
467,4,880,440,82,200,1,1,1.0
467,5,787,440,68,200,1,1,1.0
467,6,686,440,72,200,1,1,1.0
468,1,1188,440,64,200,1,1,1.0
468,2,1090,440,60,200,1,1,1.0
468,3,991,440,60,200,1,1,1.0
468,4,881,440,82,200,1,1,1.0
468,5,788,440,68,200,1,1,1.0
468,6,687,440,72,200,1,1,1.0
469,1,1189,440,64,200,1,1,1.0
469,2,1092,440,60,200,1,1,1.0
469,3,992,440,60,200,1,1,1.0
469,4,882,440,82,200,1,1,1.0
469,5,790,440,68,200,1,1,1.0
469,6,688,440,72,200,1,1,1.0
470,1,1190,440,64,200,1,1,1.0
470,2,1093,440,60,200,1,1,1.0
470,3,993,440,60,200,1,1,1.0
470,4,883,440,82,200,1,1,1.0
470,5,791,440,68,200,1,1,1.0
470,6,689,440,72,200,1,1,1.0
471,1,1192,440,64,200,1,1,1.0
471,2,1094,440,60,200,1,1,1.0
471,3,994,440,60,200,1,1,1.0
471,4,885,440,82,200,1,1,1.0
471,5,792,440,68,200,1,1,1.0
471,6,690,440,72,200,1,1,1.0
472,1,1193,440,64,200,1,1,1.0
472,2,1095,440,60,200,1,1,1.0
472,3,996,440,60,200,1,1,1.0
472,4,886,440,82,200,1,1,1.0
472,5,793,440,68,200,1,1,1.0
472,6,692,440,72,200,1,1,1.0
473,1,1194,440,64,200,1,1,1.0
473,2,1096,440,60,200,1,1,1.0
473,3,997,440,60,200,1,1,1.0
473,4,887,440,82,200,1,1,1.0
473,5,795,440,68,200,1,1,1.0
473,6,693,440,72,200,1,1,1.0
474,1,1195,440,64,200,1,1,1.0
474,2,1098,440,60,200,1,1,1.0
474,3,998,440,60,200,1,1,1.0
474,4,888,440,82,200,1,1,1.0
474,5,796,440,68,200,1,1,1.0
474,6,694,440,72,200,1,1,1.0
475,1,1196,440,64,200,1,1,1.0
475,2,1099,440,60,200,1,1,1.0
475,3,999,440,60,200,1,1,1.0
475,4,889,440,82,200,1,1,1.0
475,5,797,440,68,200,1,1,1.0
475,6,695,440,72,200,1,1,1.0
476,1,1198,440,64,200,1,1,1.0
476,2,1100,440,60,200,1,1,1.0
476,3,1000,440,60,200,1,1,1.0
476,4,891,440,82,200,1,1,1.0
476,5,798,440,68,200,1,1,1.0
476,6,696,440,72,200,1,1,1.0
477,1,1199,440,64,200,1,1,1.0
477,2,1101,440,60,200,1,1,1.0
477,3,1002,440,60,200,1,1,1.0
477,4,892,440,82,200,1,1,1.0
477,5,799,440,68,200,1,1,1.0
477,6,698,440,72,200,1,1,1.0
478,1,1200,440,64,200,1,1,1.0
478,2,1102,440,60,200,1,1,1.0
478,3,1003,440,60,200,1,1,1.0
478,4,893,440,82,200,1,1,1.0
478,5,800,440,68,200,1,1,1.0
478,6,699,440,72,200,1,1,1.0
479,1,1201,440,64,200,1,1,1.0
479,2,1104,440,60,200,1,1,1.0
479,3,1004,440,60,200,1,1,1.0
479,4,894,440,82,200,1,1,1.0
479,5,802,440,68,200,1,1,1.0
479,6,700,440,72,200,1,1,1.0
480,1,1202,440,64,200,1,1,1.0
480,2,1105,440,60,200,1,1,1.0
480,3,1005,440,60,200,1,1,1.0
480,4,895,440,82,200,1,1,1.0
480,5,803,440,68,200,1,1,1.0
480,6,701,440,72,200,1,1,1.0
481,1,1204,440,64,200,1,1,1.0
481,2,1106,440,60,200,1,1,1.0
481,3,1006,440,60,200,1,1,1.0
481,4,897,440,82,200,1,1,1.0
481,5,804,440,68,200,1,1,1.0
481,6,702,440,72,200,1,1,1.0
482,1,1205,440,64,200,1,1,1.0
482,2,1107,440,60,200,1,1,1.0
482,3,1008,440,60,200,1,1,1.0
482,4,898,440,82,200,1,1,1.0
482,5,805,440,68,200,1,1,1.0
482,6,704,440,72,200,1,1,1.0
483,1,1206,440,64,200,1,1,1.0
483,2,1108,440,60,200,1,1,1.0
483,3,1009,440,60,200,1,1,1.0
483,4,899,440,82,200,1,1,1.0
483,5,806,440,68,200,1,1,1.0
483,6,705,440,72,200,1,1,1.0
484,1,1207,440,64,200,1,1,1.0
484,2,1110,440,60,200,1,1,1.0
484,3,1010,440,60,200,1,1,1.0
484,4,900,440,82,200,1,1,1.0
484,5,808,440,68,200,1,1,1.0
484,6,706,440,72,200,1,1,1.0
485,1,1208,440,64,200,1,1,1.0
485,2,1111,440,60,200,1,1,1.0
485,3,1011,440,60,200,1,1,1.0
485,4,901,440,82,200,1,1,1.0
485,5,809,440,68,200,1,1,1.0
485,6,707,440,72,200,1,1,1.0
486,1,1210,440,64,200,1,1,1.0
486,2,1112,440,60,200,1,1,1.0
486,3,1012,440,60,200,1,1,1.0
486,4,903,440,82,200,1,1,1.0
486,5,810,440,68,200,1,1,1.0
486,6,708,440,72,200,1,1,1.0
487,1,1211,440,64,200,1,1,1.0
487,2,1113,440,60,200,1,1,1.0
487,3,1014,440,60,200,1,1,1.0
487,4,904,440,82,200,1,1,1.0
487,5,811,440,68,200,1,1,1.0
487,6,710,440,72,200,1,1,1.0
488,1,1212,440,64,200,1,1,1.0
488,2,1114,440,60,200,1,1,1.0
488,3,1015,440,60,200,1,1,1.0
488,4,905,440,82,200,1,1,1.0
488,5,812,440,68,200,1,1,1.0
488,6,711,440,72,200,1,1,1.0
489,1,1213,440,64,200,1,1,1.0
489,2,1116,440,60,200,1,1,1.0
489,3,1016,440,60,200,1,1,1.0
489,4,906,440,82,200,1,1,1.0
489,5,814,440,68,200,1,1,1.0
489,6,712,440,72,200,1,1,1.0
490,1,1214,440,64,200,1,1,1.0
490,2,1117,440,60,200,1,1,1.0
490,3,1017,440,60,200,1,1,1.0
490,4,907,440,82,200,1,1,1.0
490,5,815,440,68,200,1,1,1.0
490,6,713,440,72,200,1,1,1.0
491,1,1216,440,64,200,1,1,1.0
491,2,1118,440,60,200,1,1,1.0
491,3,1018,440,60,200,1,1,1.0
491,4,909,440,82,200,1,1,1.0
491,5,816,440,68,200,1,1,1.0
491,6,714,440,72,200,1,1,1.0
492,1,1217,440,64,200,1,1,1.0
492,2,1119,440,60,200,1,1,1.0
492,3,1020,440,60,200,1,1,1.0
492,4,910,440,82,200,1,1,1.0
492,5,817,440,68,200,1,1,1.0
492,6,716,440,72,200,1,1,1.0
493,1,1218,440,64,200,1,1,1.0
493,2,1120,440,60,200,1,1,1.0
493,3,1021,440,60,200,1,1,1.0
493,4,911,440,82,200,1,1,1.0
493,5,818,440,68,200,1,1,1.0
493,6,717,440,72,200,1,1,1.0
494,1,1219,440,64,200,1,1,1.0
494,2,1121,440,60,200,1,1,1.0
494,3,1022,440,60,200,1,1,1.0
494,4,912,440,82,200,1,1,1.0
494,5,820,440,68,200,1,1,1.0
494,6,718,440,72,200,1,1,1.0
495,1,1220,440,64,200,1,1,1.0
495,2,1123,440,60,200,1,1,1.0
495,3,1023,440,60,200,1,1,1.0
495,4,913,440,82,200,1,1,1.0
495,5,821,440,68,200,1,1,1.0
495,6,719,440,72,200,1,1,1.0
496,1,1222,440,64,200,1,1,1.0
496,2,1124,440,60,200,1,1,1.0
496,3,1024,440,60,200,1,1,1.0
496,4,915,440,82,200,1,1,1.0
496,5,822,440,68,200,1,1,1.0
496,6,720,440,72,200,1,1,1.0
497,1,1223,440,64,200,1,1,1.0
497,2,1125,440,60,200,1,1,1.0
497,3,1026,440,60,200,1,1,1.0
497,4,916,440,82,200,1,1,1.0
497,5,823,440,68,200,1,1,1.0
497,6,722,440,72,200,1,1,1.0
498,1,1224,440,64,200,1,1,1.0
498,2,1126,440,60,200,1,1,1.0
498,3,1027,440,60,200,1,1,1.0
498,4,917,440,82,200,1,1,1.0
498,5,824,440,68,200,1,1,1.0
498,6,723,440,72,200,1,1,1.0
499,1,1225,440,64,200,1,1,1.0
499,2,1128,440,60,200,1,1,1.0
499,3,1028,440,60,200,1,1,1.0
499,4,918,440,82,200,1,1,1.0
499,5,826,440,68,200,1,1,1.0
499,6,724,440,72,200,1,1,1.0
500,1,1226,440,64,200,1,1,1.0
500,2,1129,440,60,200,1,1,1.0
500,3,1029,440,60,200,1,1,1.0
500,4,919,440,82,200,1,1,1.0
500,5,827,440,68,200,1,1,1.0
500,6,725,440,72,200,1,1,1.0
