1,171,467.15,441.51,78.67,204.34,1,-1,-1,-1
1,172,619.08,430.65,82.24,198.32,1,-1,-1,-1
1,173,172.52,438.45,77.05,197.99,1,-1,-1,-1
1,174,326.90,435.02,75.50,201.98,1,-1,-1,-1
2,171,468.62,436.96,77.89,202.24,1,-1,-1,-1
2,172,620.16,429.73,82.34,198.59,1,-1,-1,-1
2,173,173.69,439.46,76.36,196.22,1,-1,-1,-1
2,174,332.17,435.32,75.81,202.82,1,-1,-1,-1
3,171,469.06,440.90,78.37,203.50,1,-1,-1,-1
3,172,623.63,429.74,83.00,200.10,1,-1,-1,-1
3,173,174.50,439.43,76.29,196.08,1,-1,-1,-1
3,174,332.52,432.73,76.64,205.03,1,-1,-1,-1
4,171,469.75,440.45,78.74,204.31,1,-1,-1,-1
4,172,624.62,431.87,84.29,203.35,1,-1,-1,-1
4,173,175.45,439.89,75.80,194.88,1,-1,-1,-1
4,174,332.97,432.90,76.47,204.54,1,-1,-1,-1
5,171,470.12,439.92,79.18,205.11,1,-1,-1,-1
5,172,625.66,429.05,83.65,202.10,1,-1,-1,-1
5,173,176.21,440.09,75.12,193.12,1,-1,-1,-1
5,174,333.30,433.78,76.75,205.18,1,-1,-1,-1
6,171,473.45,440.44,79.63,206.03,1,-1,-1,-1
6,172,626.40,429.36,82.56,199.89,1,-1,-1,-1
6,173,180.01,439.96,75.07,193.26,1,-1,-1,-1
6,174,333.74,434.14,76.09,203.45,1,-1,-1,-1
7,171,475.38,440.90,79.77,206.39,1,-1,-1,-1
7,172,627.35,429.87,82.23,199.30,1,-1,-1,-1
7,173,182.25,444.99,74.47,191.96,1,-1,-1,-1
7,174,334.74,435.36,75.18,201.24,1,-1,-1,-1
8,171,476.47,441.06,79.91,206.48,1,-1,-1,-1
8,172,627.80,428.46,82.64,200.49,1,-1,-1,-1
8,173,182.90,442.00,75.21,194.17,1,-1,-1,-1
8,174,335.26,435.24,75.83,203.26,1,-1,-1,-1
9,171,477.37,439.63,80.01,206.57,1,-1,-1,-1
9,172,628.42,428.74,82.48,200.14,1,-1,-1,-1
9,173,183.82,441.23,74.91,193.60,1,-1,-1,-1
9,174,339.48,436.46,74.78,200.68,1,-1,-1,-1
10,171,477.96,439.31,80.05,206.41,1,-1,-1,-1
10,172,631.72,428.78,83.15,201.57,1,-1,-1,-1
10,173,184.33,440.34,75.01,193.91,1,-1,-1,-1
10,174,341.06,435.42,75.35,202.47,1,-1,-1,-1
11,171,480.78,438.76,80.77,207.69,1,-1,-1,-1
11,172,632.91,430.65,84.45,204.66,1,-1,-1,-1
11,173,187.42,440.24,74.98,194.45,1,-1,-1,-1
11,174,341.89,436.07,75.07,201.92,1,-1,-1,-1
12,171,482.09,439.47,80.84,207.45,1,-1,-1,-1
12,172,634.11,431.67,84.52,204.96,1,-1,-1,-1
12,173,189.10,444.34,74.63,193.60,1,-1,-1,-1
12,174,342.75,436.79,74.54,200.69,1,-1,-1,-1
13,171,482.61,440.40,80.80,207.05,1,-1,-1,-1
13,172,634.87,431.90,84.64,205.23,1,-1,-1,-1
13,173,189.99,445.45,74.74,193.73,1,-1,-1,-1
13,174,343.16,435.67,75.07,201.98,1,-1,-1,-1
14,171,482.98,439.59,81.02,207.31,1,-1,-1,-1
14,172,635.72,430.75,83.02,201.21,1,-1,-1,-1
14,173,190.14,440.72,75.46,195.37,1,-1,-1,-1
14,174,343.61,436.22,74.46,200.46,1,-1,-1,-1
15,171,483.49,439.27,81.03,207.06,1,-1,-1,-1
15,172,636.28,429.49,82.87,200.54,1,-1,-1,-1
15,173,190.27,439.80,75.77,196.06,1,-1,-1,-1
15,174,343.47,434.24,75.32,202.67,1,-1,-1,-1
16,171,484.27,437.58,79.95,204.11,1,-1,-1,-1
16,172,636.75,428.55,82.75,200.07,1,-1,-1,-1
16,173,190.59,443.37,75.73,195.03,1,-1,-1,-1
16,174,343.78,434.10,75.33,202.65,1,-1,-1,-1
17,171,485.63,436.70,79.15,201.99,1,-1,-1,-1
17,172,639.68,428.59,83.18,201.03,1,-1,-1,-1
17,173,191.75,440.94,75.66,194.17,1,-1,-1,-1
17,174,347.17,433.48,75.40,203.01,1,-1,-1,-1
18,171,486.34,436.84,78.92,201.18,1,-1,-1,-1
18,172,641.16,427.28,83.56,201.99,1,-1,-1,-1
18,173,195.07,439.21,76.19,195.70,1,-1,-1,-1
18,174,348.57,433.63,75.75,203.94,1,-1,-1,-1
19,171,488.81,439.10,80.31,204.29,1,-1,-1,-1
19,172,642.30,427.20,83.02,200.99,1,-1,-1,-1
19,173,196.64,438.92,76.39,196.40,1,-1,-1,-1
19,174,349.29,433.35,75.65,203.99,1,-1,-1,-1
20,171,490.23,437.24,80.00,203.34,1,-1,-1,-1
20,172,642.51,427.81,83.42,201.62,1,-1,-1,-1
20,173,197.49,438.03,76.65,196.90,1,-1,-1,-1
20,174,349.82,433.20,76.06,205.18,1,-1,-1,-1
21,171,491.49,436.52,79.68,202.44,1,-1,-1,-1
21,172,643.01,427.75,83.58,201.81,1,-1,-1,-1
21,173,197.95,437.70,76.95,197.57,1,-1,-1,-1
21,174,350.59,434.60,75.55,204.16,1,-1,-1,-1
22,171,492.52,436.59,79.62,202.34,1,-1,-1,-1
22,172,643.73,428.65,83.73,201.59,1,-1,-1,-1
22,173,198.59,438.44,76.93,197.32,1,-1,-1,-1
22,174,351.32,433.38,75.85,205.11,1,-1,-1,-1
23,171,493.50,435.93,79.67,202.58,1,-1,-1,-1
23,172,646.64,429.82,85.63,205.80,1,-1,-1,-1
23,173,199.62,443.62,75.84,193.60,1,-1,-1,-1
23,174,355.02,433.72,75.83,205.29,1,-1,-1,-1
24,171,494.04,439.42,79.93,203.39,1,-1,-1,-1
24,172,648.23,427.33,85.37,204.87,1,-1,-1,-1
24,173,199.70,440.68,76.42,194.67,1,-1,-1,-1
24,174,356.86,433.51,75.42,204.40,1,-1,-1,-1
25,171,494.57,437.57,79.78,202.85,1,-1,-1,-1
25,172,649.30,427.19,85.12,203.87,1,-1,-1,-1
25,173,202.79,439.89,76.64,195.51,1,-1,-1,-1
25,174,357.72,433.94,75.48,204.60,1,-1,-1,-1
26,171,496.77,438.29,80.93,205.89,1,-1,-1,-1
26,172,650.07,428.30,84.60,202.63,1,-1,-1,-1
26,173,204.27,438.97,76.78,195.97,1,-1,-1,-1
26,174,358.59,435.27,74.58,202.14,1,-1,-1,-1
27,171,498.52,440.33,80.52,205.47,1,-1,-1,-1
27,172,651.11,428.67,84.29,202.08,1,-1,-1,-1
27,173,205.38,438.53,77.01,196.33,1,-1,-1,-1
27,174,359.31,436.15,74.23,200.92,1,-1,-1,-1
28,171,499.94,437.62,79.78,203.87,1,-1,-1,-1
28,172,651.43,427.25,84.94,203.60,1,-1,-1,-1
28,173,206.10,439.03,76.76,195.31,1,-1,-1,-1
28,174,359.89,436.49,74.62,201.55,1,-1,-1,-1
29,171,501.12,437.34,78.91,201.95,1,-1,-1,-1
29,172,654.73,427.36,84.75,203.27,1,-1,-1,-1
29,173,206.43,439.59,76.80,195.21,1,-1,-1,-1
29,174,360.37,436.68,74.85,201.73,1,-1,-1,-1
30,171,501.31,438.64,79.88,204.47,1,-1,-1,-1
30,172,655.88,427.84,84.75,203.41,1,-1,-1,-1
30,173,207.04,444.63,76.40,193.34,1,-1,-1,-1
30,174,363.59,436.12,75.18,202.46,1,-1,-1,-1
31,171,502.41,437.51,79.18,202.75,1,-1,-1,-1
31,172,656.68,428.01,84.62,203.54,1,-1,-1,-1
31,173,207.67,441.98,76.44,193.07,1,-1,-1,-1
31,174,365.16,436.70,74.40,200.18,1,-1,-1,-1
32,171,505.59,438.67,80.41,205.62,1,-1,-1,-1
32,172,657.57,427.56,84.44,203.67,1,-1,-1,-1
32,173,211.41,440.84,76.46,193.16,1,-1,-1,-1
32,174,366.16,437.38,73.94,198.94,1,-1,-1,-1
33,171,506.91,439.89,81.07,206.96,1,-1,-1,-1
33,172,657.77,425.93,85.03,205.53,1,-1,-1,-1
33,173,213.01,440.20,77.17,194.77,1,-1,-1,-1
33,174,366.57,435.06,74.72,201.16,1,-1,-1,-1
34,171,507.90,440.49,81.03,207.09,1,-1,-1,-1
34,172,658.56,429.12,85.34,206.41,1,-1,-1,-1
34,173,213.96,440.27,77.23,194.95,1,-1,-1,-1
34,174,367.49,441.38,73.27,197.42,1,-1,-1,-1
35,171,508.49,440.41,81.27,207.47,1,-1,-1,-1
35,172,658.62,426.24,85.75,207.55,1,-1,-1,-1
35,173,214.69,444.08,76.75,192.86,1,-1,-1,-1
35,174,367.78,438.57,73.81,199.07,1,-1,-1,-1
36,171,509.50,437.42,80.33,205.09,1,-1,-1,-1
36,172,662.21,429.22,85.54,207.32,1,-1,-1,-1
36,173,215.33,446.34,76.21,190.81,1,-1,-1,-1
36,174,368.52,437.34,73.63,198.67,1,-1,-1,-1
37,171,512.79,436.24,80.44,205.03,1,-1,-1,-1
37,172,663.95,429.69,85.89,208.44,1,-1,-1,-1
37,173,218.56,442.04,76.84,192.71,1,-1,-1,-1
37,174,372.23,436.77,73.51,198.62,1,-1,-1,-1
38,171,513.84,437.70,81.62,207.48,1,-1,-1,-1
38,172,665.11,427.93,85.25,206.68,1,-1,-1,-1
38,173,220.03,440.79,77.19,194.15,1,-1,-1,-1
38,174,373.72,440.06,73.97,200.22,1,-1,-1,-1
39,171,514.21,437.47,82.34,208.81,1,-1,-1,-1
39,172,665.99,429.13,85.74,208.11,1,-1,-1,-1
39,173,220.96,439.72,77.14,194.34,1,-1,-1,-1
39,174,374.50,442.45,73.29,198.62,1,-1,-1,-1
40,171,514.59,437.49,82.71,209.32,1,-1,-1,-1
40,172,666.40,429.86,86.13,209.06,1,-1,-1,-1
40,173,221.79,444.53,76.57,192.75,1,-1,-1,-1
40,174,375.11,439.36,73.50,198.86,1,-1,-1,-1
41,171,515.10,438.86,82.32,208.53,1,-1,-1,-1
41,172,666.94,430.59,85.76,208.45,1,-1,-1,-1
41,173,221.92,441.25,77.19,194.50,1,-1,-1,-1
41,174,375.44,438.77,73.09,197.65,1,-1,-1,-1
42,171,516.05,440.29,81.77,207.35,1,-1,-1,-1
42,172,670.90,429.03,84.28,205.08,1,-1,-1,-1
42,173,222.72,439.85,77.11,194.24,1,-1,-1,-1
42,174,376.16,441.78,73.40,198.15,1,-1,-1,-1
43,171,516.81,439.98,81.84,207.12,1,-1,-1,-1
43,172,672.52,427.60,83.93,204.19,1,-1,-1,-1
43,173,223.33,439.72,76.84,193.34,1,-1,-1,-1
43,174,376.14,438.74,74.42,200.39,1,-1,-1,-1
44,171,520.41,437.72,81.04,204.81,1,-1,-1,-1
44,172,673.11,427.41,84.20,204.82,1,-1,-1,-1
44,173,223.67,439.57,76.99,193.59,1,-1,-1,-1
44,174,376.33,437.76,74.15,199.35,1,-1,-1,-1
45,171,521.63,438.06,82.18,207.32,1,-1,-1,-1
45,172,673.47,427.34,84.37,205.16,1,-1,-1,-1
45,173,226.99,444.14,76.91,192.95,1,-1,-1,-1
45,174,376.52,436.94,74.51,200.00,1,-1,-1,-1
46,171,522.38,438.90,82.22,207.18,1,-1,-1,-1
46,172,674.28,426.91,83.67,203.73,1,-1,-1,-1
46,173,228.49,441.54,77.01,193.37,1,-1,-1,-1
46,174,377.94,444.95,72.16,193.38,1,-1,-1,-1
47,171,523.42,439.25,81.96,206.78,1,-1,-1,-1
47,172,674.83,425.75,83.82,204.40,1,-1,-1,-1
47,173,229.67,440.10,77.47,194.46,1,-1,-1,-1
47,174,381.68,446.90,71.80,192.81,1,-1,-1,-1
48,171,524.20,436.81,81.22,205.15,1,-1,-1,-1
48,172,675.16,426.13,84.20,204.89,1,-1,-1,-1
48,173,230.19,443.89,77.22,193.00,1,-1,-1,-1
48,174,383.16,441.82,72.49,194.90,1,-1,-1,-1
49,171,524.72,438.68,81.23,205.35,1,-1,-1,-1
49,172,675.48,425.34,84.29,204.98,1,-1,-1,-1
49,173,230.73,445.95,77.00,191.94,1,-1,-1,-1
49,174,384.35,444.92,71.83,193.28,1,-1,-1,-1
50,171,525.16,439.73,80.96,204.86,1,-1,-1,-1
50,172,678.99,426.68,84.36,204.69,1,-1,-1,-1
50,173,231.32,442.41,77.10,192.08,1,-1,-1,-1
50,174,384.85,445.98,71.75,192.93,1,-1,-1,-1
51,171,525.61,441.04,80.95,205.05,1,-1,-1,-1
51,172,680.72,427.00,84.15,204.08,1,-1,-1,-1
51,173,231.55,440.68,77.46,192.71,1,-1,-1,-1
51,174,385.38,441.81,72.31,194.30,1,-1,-1,-1
52,171,528.51,439.99,81.32,206.26,1,-1,-1,-1
52,172,682.13,427.83,83.89,203.40,1,-1,-1,-1
52,173,234.72,439.69,77.79,193.87,1,-1,-1,-1
52,174,388.81,439.53,72.57,195.25,1,-1,-1,-1
53,171,529.81,439.39,81.76,207.43,1,-1,-1,-1
53,172,682.77,427.55,83.96,203.50,1,-1,-1,-1
53,173,236.26,439.19,77.93,194.33,1,-1,-1,-1
53,174,390.31,443.67,72.53,194.76,1,-1,-1,-1
54,171,530.84,440.03,81.24,206.54,1,-1,-1,-1
54,172,683.43,427.58,83.91,203.45,1,-1,-1,-1
54,173,236.97,438.86,78.03,194.56,1,-1,-1,-1
54,174,391.35,445.98,72.23,193.70,1,-1,-1,-1
55,171,531.67,440.52,80.84,205.72,1,-1,-1,-1
55,172,683.82,427.79,84.01,203.39,1,-1,-1,-1
55,173,237.57,444.23,77.66,193.05,1,-1,-1,-1
55,174,391.80,445.91,72.82,194.82,1,-1,-1,-1
56,171,532.32,439.78,80.68,205.41,1,-1,-1,-1
56,172,687.47,428.94,83.24,201.61,1,-1,-1,-1
56,173,238.09,441.36,77.33,192.54,1,-1,-1,-1
56,174,392.65,447.31,71.83,191.75,1,-1,-1,-1
57,171,533.24,439.75,81.06,205.90,1,-1,-1,-1
57,172,689.24,427.86,83.42,202.37,1,-1,-1,-1
57,173,238.83,440.30,77.74,194.29,1,-1,-1,-1
57,174,393.38,447.84,71.67,190.93,1,-1,-1,-1
58,171,536.42,436.18,81.35,206.46,1,-1,-1,-1
58,172,689.92,426.67,83.87,203.70,1,-1,-1,-1
58,173,242.76,444.34,76.92,192.38,1,-1,-1,-1
58,174,396.30,440.32,73.47,196.02,1,-1,-1,-1
59,171,538.20,437.69,81.93,207.49,1,-1,-1,-1
59,172,690.61,427.39,83.63,203.41,1,-1,-1,-1
59,173,244.40,445.68,76.91,192.53,1,-1,-1,-1
59,174,398.35,445.43,72.01,192.37,1,-1,-1,-1
60,171,538.85,439.00,82.29,208.16,1,-1,-1,-1
60,172,691.15,427.78,83.30,202.86,1,-1,-1,-1
60,173,245.37,446.40,77.07,192.90,1,-1,-1,-1
60,174,398.70,441.10,73.03,195.33,1,-1,-1,-1
61,171,539.92,436.93,81.38,205.72,1,-1,-1,-1
61,172,691.53,427.82,83.25,202.94,1,-1,-1,-1
61,173,245.85,442.33,77.50,194.44,1,-1,-1,-1
61,174,400.24,447.95,70.39,188.47,1,-1,-1,-1
62,171,540.95,436.03,81.25,205.24,1,-1,-1,-1
62,172,692.00,427.04,83.36,203.12,1,-1,-1,-1
62,173,246.73,440.49,77.29,193.94,1,-1,-1,-1
62,174,400.82,447.31,71.40,191.33,1,-1,-1,-1
63,171,541.52,435.22,81.29,205.45,1,-1,-1,-1
63,172,695.69,427.78,83.34,202.82,1,-1,-1,-1
63,173,247.41,444.27,76.82,192.26,1,-1,-1,-1
63,174,401.38,447.44,71.44,191.42,1,-1,-1,-1
64,171,544.06,437.32,82.27,207.35,1,-1,-1,-1
64,172,697.35,427.17,83.33,202.84,1,-1,-1,-1
64,173,250.33,441.63,77.25,194.07,1,-1,-1,-1
64,174,401.89,447.06,71.43,191.57,1,-1,-1,-1
65,171,545.01,437.07,83.15,209.12,1,-1,-1,-1
65,172,698.07,426.68,83.56,203.20,1,-1,-1,-1
65,173,252.00,444.90,76.87,193.23,1,-1,-1,-1
65,174,404.34,438.89,73.58,198.08,1,-1,-1,-1
66,171,545.94,435.58,82.59,207.59,1,-1,-1,-1
66,172,698.48,427.48,83.54,203.14,1,-1,-1,-1
66,173,252.88,441.28,76.80,193.61,1,-1,-1,-1
66,174,406.13,442.97,72.68,195.88,1,-1,-1,-1
67,171,546.75,437.15,82.69,207.78,1,-1,-1,-1
67,172,699.47,427.16,83.51,203.27,1,-1,-1,-1
67,173,253.92,445.15,76.34,192.36,1,-1,-1,-1
67,174,407.23,439.64,72.89,196.67,1,-1,-1,-1
68,171,547.48,438.38,82.66,207.54,1,-1,-1,-1
68,172,699.84,426.58,83.80,203.77,1,-1,-1,-1
68,173,254.33,441.93,76.98,194.22,1,-1,-1,-1
68,174,407.64,440.66,74.12,200.12,1,-1,-1,-1
69,171,548.12,436.63,81.74,205.24,1,-1,-1,-1
69,172,703.25,427.54,83.53,203.01,1,-1,-1,-1
69,173,254.89,440.96,76.78,194.13,1,-1,-1,-1
69,174,408.19,438.57,74.04,199.97,1,-1,-1,-1
70,171,548.80,436.54,81.26,203.86,1,-1,-1,-1
70,172,704.65,427.80,83.58,202.75,1,-1,-1,-1
70,173,255.70,445.02,76.04,191.91,1,-1,-1,-1
70,174,408.24,435.59,74.56,201.46,1,-1,-1,-1
71,171,549.01,439.21,82.12,205.76,1,-1,-1,-1
71,172,705.42,427.06,83.71,203.17,1,-1,-1,-1
71,173,255.95,442.06,76.43,193.52,1,-1,-1,-1
71,174,409.29,441.72,73.07,197.27,1,-1,-1,-1
72,171,552.43,437.43,81.51,204.41,1,-1,-1,-1
72,172,706.15,426.37,83.69,203.42,1,-1,-1,-1
72,173,259.50,440.94,76.40,194.10,1,-1,-1,-1
72,174,409.98,444.46,72.08,194.64,1,-1,-1,-1
73,171,553.89,438.18,82.20,206.28,1,-1,-1,-1
73,172,706.50,427.74,83.73,203.09,1,-1,-1,-1
73,173,261.46,444.53,75.80,192.30,1,-1,-1,-1
73,174,412.58,439.27,73.87,199.68,1,-1,-1,-1
74,171,554.93,439.47,82.23,206.89,1,-1,-1,-1
74,172,706.87,427.26,83.97,203.84,1,-1,-1,-1
74,173,262.15,441.24,76.30,193.56,1,-1,-1,-1
74,174,414.79,443.24,72.40,196.12,1,-1,-1,-1
75,171,555.79,439.20,82.05,206.99,1,-1,-1,-1
75,172,707.08,426.04,84.21,204.34,1,-1,-1,-1
75,173,262.57,444.76,76.38,193.08,1,-1,-1,-1
75,174,415.58,438.53,72.91,198.04,1,-1,-1,-1
76,171,556.89,437.71,80.69,204.11,1,-1,-1,-1
76,172,707.64,427.25,84.11,203.63,1,-1,-1,-1
76,173,263.32,446.52,76.07,191.95,1,-1,-1,-1
76,174,416.70,438.87,72.00,196.00,1,-1,-1,-1
77,171,557.66,439.41,80.86,204.88,1,-1,-1,-1
77,172,711.37,425.78,84.48,204.50,1,-1,-1,-1
77,173,263.53,442.10,76.79,193.86,1,-1,-1,-1
77,174,417.76,443.10,71.71,195.06,1,-1,-1,-1
78,171,560.25,440.39,81.74,207.57,1,-1,-1,-1
78,172,713.07,425.82,84.67,204.66,1,-1,-1,-1
78,173,266.84,440.22,76.68,194.15,1,-1,-1,-1
78,174,421.04,443.62,72.33,196.89,1,-1,-1,-1
79,171,561.53,439.89,81.51,207.26,1,-1,-1,-1
79,172,714.19,426.93,84.30,203.72,1,-1,-1,-1
79,173,268.47,444.36,76.16,192.98,1,-1,-1,-1
79,174,422.65,439.82,72.50,197.55,1,-1,-1,-1
80,171,562.21,439.08,81.79,207.93,1,-1,-1,-1
80,172,715.01,426.47,84.05,203.23,1,-1,-1,-1
80,173,269.07,441.57,76.59,194.40,1,-1,-1,-1
80,174,423.07,437.49,73.44,200.05,1,-1,-1,-1
81,171,563.07,436.87,80.86,205.76,1,-1,-1,-1
81,172,715.57,426.32,83.97,203.25,1,-1,-1,-1
81,173,269.69,444.66,76.25,193.11,1,-1,-1,-1
81,174,423.70,437.42,73.21,199.32,1,-1,-1,-1
82,171,563.96,437.99,81.07,206.28,1,-1,-1,-1
82,172,716.30,426.71,83.67,202.44,1,-1,-1,-1
82,173,270.21,441.72,76.74,194.38,1,-1,-1,-1
82,174,424.42,436.00,73.63,200.27,1,-1,-1,-1
83,171,564.79,436.20,80.61,205.17,1,-1,-1,-1
83,172,719.85,427.87,83.39,201.63,1,-1,-1,-1
83,173,271.17,440.47,76.16,192.89,1,-1,-1,-1
83,174,424.44,435.55,74.40,201.59,1,-1,-1,-1
84,171,565.08,437.25,81.43,207.02,1,-1,-1,-1
84,172,721.35,428.61,83.40,201.70,1,-1,-1,-1
84,173,271.57,440.34,76.30,193.32,1,-1,-1,-1
84,174,424.73,435.07,74.60,201.69,1,-1,-1,-1
85,171,565.61,435.58,81.04,206.08,1,-1,-1,-1
85,172,722.21,428.63,83.22,201.41,1,-1,-1,-1
85,173,275.32,444.65,75.74,192.09,1,-1,-1,-1
85,174,427.99,435.10,75.04,202.75,1,-1,-1,-1
86,171,568.42,436.53,82.26,208.47,1,-1,-1,-1
86,172,722.91,428.68,83.06,201.49,1,-1,-1,-1
86,173,276.63,441.85,76.16,193.60,1,-1,-1,-1
86,174,429.49,435.31,75.18,203.20,1,-1,-1,-1
87,171,570.60,438.10,82.36,208.12,1,-1,-1,-1
87,172,723.64,427.38,83.28,202.60,1,-1,-1,-1
87,173,278.23,444.93,75.75,192.25,1,-1,-1,-1
87,174,430.72,435.91,74.73,202.41,1,-1,-1,-1
88,171,571.45,437.48,82.90,209.15,1,-1,-1,-1
88,172,724.06,427.98,83.58,203.28,1,-1,-1,-1
88,173,278.56,441.69,76.74,194.76,1,-1,-1,-1
88,174,431.49,439.71,74.37,201.60,1,-1,-1,-1
89,171,572.53,438.80,82.59,207.90,1,-1,-1,-1
89,172,727.47,427.80,83.39,203.15,1,-1,-1,-1
89,173,278.83,440.39,77.26,195.91,1,-1,-1,-1
89,174,432.62,438.66,73.31,198.99,1,-1,-1,-1
90,171,573.08,436.59,82.15,206.54,1,-1,-1,-1
90,172,729.16,428.10,83.22,202.81,1,-1,-1,-1
90,173,280.08,445.00,75.99,192.49,1,-1,-1,-1
90,174,433.02,437.10,73.11,198.72,1,-1,-1,-1
91,171,573.24,437.35,82.71,207.65,1,-1,-1,-1
91,172,729.89,428.01,83.42,203.28,1,-1,-1,-1
91,173,283.50,446.05,75.73,191.78,1,-1,-1,-1
91,174,436.73,437.28,73.01,198.75,1,-1,-1,-1
92,171,575.98,437.48,83.67,209.56,1,-1,-1,-1
92,172,730.77,427.87,83.45,203.31,1,-1,-1,-1
92,173,285.02,445.99,76.15,192.60,1,-1,-1,-1
92,174,438.68,437.06,72.53,197.99,1,-1,-1,-1
93,171,576.96,438.13,84.46,211.53,1,-1,-1,-1
93,172,731.54,428.35,83.38,203.01,1,-1,-1,-1
93,173,285.56,441.36,77.03,194.92,1,-1,-1,-1
93,174,439.10,435.56,73.59,200.89,1,-1,-1,-1
94,171,578.01,437.78,84.05,210.36,1,-1,-1,-1
94,172,731.95,428.34,83.28,202.61,1,-1,-1,-1
94,173,286.07,444.25,76.65,193.40,1,-1,-1,-1
94,174,440.32,437.60,72.15,196.99,1,-1,-1,-1
95,171,578.85,438.21,83.87,209.83,1,-1,-1,-1
95,172,732.34,428.70,83.24,202.23,1,-1,-1,-1
95,173,286.05,441.39,77.31,194.86,1,-1,-1,-1
95,174,440.84,437.31,72.47,197.84,1,-1,-1,-1
96,171,579.66,439.08,83.30,208.45,1,-1,-1,-1
96,172,735.42,431.33,83.86,203.55,1,-1,-1,-1
96,173,286.50,440.60,77.35,194.95,1,-1,-1,-1
96,174,441.39,438.07,71.95,196.46,1,-1,-1,-1
97,171,580.62,439.21,83.28,208.29,1,-1,-1,-1
97,172,737.13,429.06,83.93,203.90,1,-1,-1,-1
97,173,287.44,440.62,77.01,194.25,1,-1,-1,-1
97,174,441.21,436.93,73.04,199.18,1,-1,-1,-1
98,171,580.75,438.02,83.65,209.21,1,-1,-1,-1
98,172,737.92,428.50,83.87,203.55,1,-1,-1,-1
98,173,290.94,440.29,76.97,194.47,1,-1,-1,-1
98,174,444.38,435.72,73.81,201.22,1,-1,-1,-1
99,171,583.68,435.20,83.28,208.67,1,-1,-1,-1
99,172,738.72,427.95,83.49,202.91,1,-1,-1,-1
99,173,292.81,440.27,76.74,193.69,1,-1,-1,-1
99,174,445.58,434.39,74.23,202.53,1,-1,-1,-1
100,171,585.08,436.27,83.64,209.87,1,-1,-1,-1
100,172,739.13,430.45,84.40,204.86,1,-1,-1,-1
100,173,293.62,440.16,77.02,194.49,1,-1,-1,-1
100,174,446.29,433.95,74.26,202.74,1,-1,-1,-1
101,171,586.39,434.82,82.85,208.37,1,-1,-1,-1
101,172,739.58,428.46,84.28,204.63,1,-1,-1,-1
101,173,294.12,439.68,77.16,194.71,1,-1,-1,-1
101,174,446.91,434.34,74.11,202.39,1,-1,-1,-1
102,171,588.10,434.82,81.99,206.89,1,-1,-1,-1
102,172,742.81,427.19,84.61,205.40,1,-1,-1,-1
102,173,294.91,443.70,76.81,193.27,1,-1,-1,-1
102,174,447.88,433.67,74.24,202.97,1,-1,-1,-1
103,171,588.74,437.20,82.34,207.81,1,-1,-1,-1
103,172,744.11,425.85,84.93,205.74,1,-1,-1,-1
103,173,295.76,446.01,76.32,192.00,1,-1,-1,-1
103,174,448.28,433.08,74.58,203.65,1,-1,-1,-1
104,171,589.69,435.85,81.56,206.48,1,-1,-1,-1
104,172,745.05,426.34,85.31,206.34,1,-1,-1,-1
104,173,298.64,442.39,76.77,193.44,1,-1,-1,-1
104,174,452.23,434.01,74.13,202.53,1,-1,-1,-1
105,171,592.06,436.56,82.57,209.12,1,-1,-1,-1
105,172,745.58,426.40,85.64,206.74,1,-1,-1,-1
105,173,300.24,440.74,76.75,193.51,1,-1,-1,-1
105,174,453.72,433.77,74.68,203.61,1,-1,-1,-1
106,171,593.19,437.42,82.82,209.99,1,-1,-1,-1
106,172,746.29,426.52,85.49,206.44,1,-1,-1,-1
106,173,300.65,440.18,77.04,194.37,1,-1,-1,-1
106,174,454.48,433.66,74.68,203.38,1,-1,-1,-1
107,171,594.34,437.13,82.97,210.55,1,-1,-1,-1
107,172,747.08,429.74,85.72,207.02,1,-1,-1,-1
107,173,301.44,439.81,77.23,194.70,1,-1,-1,-1
107,174,455.38,435.06,74.36,202.54,1,-1,-1,-1
108,171,594.90,436.79,83.13,211.01,1,-1,-1,-1
108,172,747.58,428.50,85.09,205.34,1,-1,-1,-1
108,173,301.81,439.85,77.46,195.20,1,-1,-1,-1
108,174,455.52,433.37,74.96,203.87,1,-1,-1,-1
109,171,596.01,438.53,82.44,209.67,1,-1,-1,-1
109,172,751.05,428.25,84.54,204.30,1,-1,-1,-1
109,173,302.56,444.37,76.47,192.47,1,-1,-1,-1
109,174,456.53,435.34,74.42,202.35,1,-1,-1,-1
110,171,596.76,435.74,81.77,207.95,1,-1,-1,-1
110,172,752.25,430.26,85.46,206.09,1,-1,-1,-1
110,173,303.09,441.72,76.71,193.25,1,-1,-1,-1
110,174,460.06,435.48,74.92,203.27,1,-1,-1,-1
111,171,596.79,436.20,82.58,210.05,1,-1,-1,-1
111,172,753.05,427.89,85.08,205.40,1,-1,-1,-1
111,173,303.39,440.56,77.07,194.66,1,-1,-1,-1
111,174,461.51,434.99,74.44,201.80,1,-1,-1,-1
112,171,600.24,434.29,82.44,209.65,1,-1,-1,-1
112,172,754.37,428.24,84.25,203.98,1,-1,-1,-1
112,173,307.15,439.99,77.02,195.14,1,-1,-1,-1
112,174,462.30,434.23,74.90,202.70,1,-1,-1,-1
113,171,601.36,435.30,83.27,211.55,1,-1,-1,-1
113,172,754.87,430.17,85.03,206.05,1,-1,-1,-1
113,173,309.36,439.81,76.68,194.49,1,-1,-1,-1
113,174,462.81,434.05,75.30,203.28,1,-1,-1,-1
114,171,602.57,436.77,83.14,210.83,1,-1,-1,-1
114,172,755.61,428.97,84.12,204.28,1,-1,-1,-1
114,173,310.46,439.40,76.22,193.30,1,-1,-1,-1
114,174,463.84,436.36,74.00,199.79,1,-1,-1,-1
115,171,603.54,437.83,82.82,209.78,1,-1,-1,-1
115,172,758.64,430.00,85.40,207.27,1,-1,-1,-1
115,173,311.19,443.81,75.89,192.23,1,-1,-1,-1
115,174,464.38,436.36,74.05,199.86,1,-1,-1,-1
116,171,604.30,438.00,82.88,209.48,1,-1,-1,-1
116,172,757.06,427.56,84.79,205.87,1,-1,-1,-1
116,173,311.53,440.95,76.07,192.34,1,-1,-1,-1
116,174,464.92,436.63,74.01,199.91,1,-1,-1,-1
117,171,607.40,438.28,83.12,209.53,1,-1,-1,-1
117,172,760.10,426.86,85.06,206.67,1,-1,-1,-1
117,173,314.93,440.22,76.57,193.88,1,-1,-1,-1
117,174,468.78,437.11,73.67,199.26,1,-1,-1,-1
118,171,608.66,435.20,83.04,209.21,1,-1,-1,-1
118,172,760.97,427.80,86.67,210.46,1,-1,-1,-1
118,173,316.50,439.67,76.84,195.00,1,-1,-1,-1
118,174,470.29,436.39,74.06,200.39,1,-1,-1,-1
119,171,608.87,435.62,84.01,211.42,1,-1,-1,-1
119,172,762.03,428.75,86.78,211.03,1,-1,-1,-1
119,173,316.95,439.04,77.40,196.91,1,-1,-1,-1
119,174,471.32,436.80,73.27,198.52,1,-1,-1,-1
120,171,609.57,434.23,83.56,210.18,1,-1,-1,-1
120,172,763.06,427.29,85.55,208.31,1,-1,-1,-1
120,173,318.19,443.94,76.21,193.74,1,-1,-1,-1
120,174,471.63,436.30,73.51,198.93,1,-1,-1,-1
121,171,610.30,437.12,83.22,209.40,1,-1,-1,-1
121,172,763.50,429.17,85.46,208.51,1,-1,-1,-1
121,173,318.77,446.11,75.66,192.18,1,-1,-1,-1
121,174,473.06,439.81,71.30,192.91,1,-1,-1,-1
122,171,611.85,439.62,82.56,208.06,1,-1,-1,-1
122,172,767.02,430.04,85.16,208.28,1,-1,-1,-1
122,173,318.94,441.99,76.56,194.54,1,-1,-1,-1
122,174,473.80,439.88,71.37,193.17,1,-1,-1,-1
123,171,612.42,438.88,82.76,208.50,1,-1,-1,-1
123,172,768.84,427.94,84.39,206.31,1,-1,-1,-1
123,173,319.65,440.15,76.14,193.38,1,-1,-1,-1
123,174,473.61,438.07,72.13,194.99,1,-1,-1,-1
124,171,613.55,436.90,81.62,205.95,1,-1,-1,-1
124,172,769.70,430.52,84.78,207.39,1,-1,-1,-1
124,173,322.96,439.58,76.32,193.97,1,-1,-1,-1
124,174,474.12,439.65,71.36,192.51,1,-1,-1,-1
125,171,616.09,437.65,82.50,208.17,1,-1,-1,-1
125,172,770.43,428.49,83.97,205.42,1,-1,-1,-1
125,173,324.33,439.28,76.78,195.53,1,-1,-1,-1
125,174,477.61,439.93,71.62,192.90,1,-1,-1,-1
126,171,617.31,437.81,82.83,209.21,1,-1,-1,-1
126,172,771.21,428.15,83.57,204.83,1,-1,-1,-1
126,173,325.38,438.90,76.60,195.25,1,-1,-1,-1
126,174,479.23,440.60,70.98,191.25,1,-1,-1,-1
127,171,619.09,439.97,82.07,208.10,1,-1,-1,-1
127,172,771.26,428.82,85.35,209.20,1,-1,-1,-1
127,173,326.55,443.51,76.07,193.77,1,-1,-1,-1
127,174,480.60,442.74,69.87,188.12,1,-1,-1,-1
128,171,620.18,438.71,81.91,208.35,1,-1,-1,-1
128,172,774.76,426.74,85.10,208.57,1,-1,-1,-1
128,173,327.29,445.44,75.72,192.66,1,-1,-1,-1
128,174,481.50,442.32,70.50,189.82,1,-1,-1,-1
129,171,620.98,439.01,81.50,207.80,1,-1,-1,-1
129,172,776.04,428.31,85.82,210.54,1,-1,-1,-1
129,173,327.47,441.33,76.28,193.91,1,-1,-1,-1
129,174,481.89,441.35,71.10,191.61,1,-1,-1,-1
130,171,621.63,439.32,81.30,207.50,1,-1,-1,-1
130,172,777.24,427.27,84.90,208.20,1,-1,-1,-1
130,173,327.50,439.65,76.85,195.24,1,-1,-1,-1
130,174,482.06,439.21,71.60,192.96,1,-1,-1,-1
131,171,624.39,439.13,81.60,208.28,1,-1,-1,-1
131,172,777.94,426.26,84.41,207.06,1,-1,-1,-1
131,173,330.57,439.31,77.14,196.36,1,-1,-1,-1
131,174,482.40,440.21,71.08,191.31,1,-1,-1,-1
132,171,625.85,439.44,82.11,210.16,1,-1,-1,-1
132,172,778.72,428.49,85.35,209.45,1,-1,-1,-1
132,173,332.67,443.87,76.19,193.69,1,-1,-1,-1
132,174,486.56,447.09,69.47,186.93,1,-1,-1,-1
133,171,626.68,437.86,82.48,211.04,1,-1,-1,-1
133,172,779.50,426.76,84.78,208.27,1,-1,-1,-1
133,173,333.38,440.76,76.98,195.80,1,-1,-1,-1
133,174,487.73,442.24,71.40,191.78,1,-1,-1,-1
134,171,627.62,438.76,81.89,209.79,1,-1,-1,-1
134,172,779.94,426.26,84.29,207.52,1,-1,-1,-1
134,173,334.05,444.10,76.48,194.00,1,-1,-1,-1
134,174,489.04,447.54,69.71,187.11,1,-1,-1,-1
135,171,628.41,438.77,81.65,209.61,1,-1,-1,-1
135,172,780.10,426.27,84.12,207.15,1,-1,-1,-1
135,173,334.44,445.65,76.21,192.79,1,-1,-1,-1
135,174,489.49,447.20,70.81,189.92,1,-1,-1,-1
136,171,629.13,438.44,81.20,208.72,1,-1,-1,-1
136,172,783.03,428.25,84.53,208.76,1,-1,-1,-1
136,173,334.37,441.11,77.41,195.65,1,-1,-1,-1
136,174,489.73,442.48,71.55,191.94,1,-1,-1,-1
137,171,632.33,437.30,81.96,210.56,1,-1,-1,-1
137,172,785.26,427.86,83.29,206.11,1,-1,-1,-1
137,173,338.26,439.62,77.21,195.28,1,-1,-1,-1
137,174,490.64,443.10,70.85,189.44,1,-1,-1,-1
138,171,633.90,436.98,82.56,211.95,1,-1,-1,-1
138,172,785.77,429.29,84.08,208.10,1,-1,-1,-1
138,173,339.93,439.17,77.40,196.06,1,-1,-1,-1
138,174,494.05,442.27,71.28,190.32,1,-1,-1,-1
139,171,634.69,437.11,82.68,212.37,1,-1,-1,-1
139,172,786.52,430.76,83.86,207.87,1,-1,-1,-1
139,173,341.02,439.18,76.96,194.97,1,-1,-1,-1
139,174,495.73,443.70,70.23,187.47,1,-1,-1,-1
140,171,635.23,434.18,81.99,210.80,1,-1,-1,-1
140,172,787.05,430.93,84.07,208.65,1,-1,-1,-1
140,173,342.15,443.67,76.38,193.36,1,-1,-1,-1
140,174,496.28,442.58,71.09,189.44,1,-1,-1,-1
141,171,636.12,433.98,81.25,209.19,1,-1,-1,-1
141,172,787.29,430.15,84.84,210.44,1,-1,-1,-1
141,173,342.86,445.91,75.94,192.50,1,-1,-1,-1
141,174,497.49,448.97,69.01,184.38,1,-1,-1,-1
142,171,637.33,436.06,81.27,209.40,1,-1,-1,-1
142,172,790.88,430.72,84.39,209.55,1,-1,-1,-1
142,173,342.84,441.30,77.27,196.08,1,-1,-1,-1
142,174,498.18,448.86,69.73,186.72,1,-1,-1,-1
143,171,637.81,436.96,81.43,209.52,1,-1,-1,-1
143,172,792.06,429.24,84.95,210.97,1,-1,-1,-1
143,173,344.08,445.30,75.83,192.51,1,-1,-1,-1
143,174,498.57,444.67,70.07,187.49,1,-1,-1,-1
144,171,640.48,434.67,81.42,209.38,1,-1,-1,-1
144,172,793.39,427.15,84.07,208.86,1,-1,-1,-1
144,173,347.23,441.78,76.27,194.17,1,-1,-1,-1
144,174,498.92,447.52,70.21,187.84,1,-1,-1,-1
145,171,641.55,436.39,82.32,211.21,1,-1,-1,-1
145,172,793.91,425.98,83.73,207.85,1,-1,-1,-1
145,173,349.18,445.25,75.50,192.40,1,-1,-1,-1
145,174,502.43,448.85,69.97,187.17,1,-1,-1,-1
146,171,642.25,436.65,82.48,211.19,1,-1,-1,-1
146,172,794.29,427.75,84.41,209.67,1,-1,-1,-1
146,173,349.52,441.16,75.97,193.86,1,-1,-1,-1
146,174,504.37,450.94,68.62,183.66,1,-1,-1,-1
147,171,643.26,438.79,82.53,211.39,1,-1,-1,-1
147,172,794.97,428.73,84.42,209.95,1,-1,-1,-1
147,173,349.99,439.44,76.66,195.68,1,-1,-1,-1
147,174,505.63,452.30,67.94,181.93,1,-1,-1,-1
148,171,643.96,437.75,82.46,210.85,1,-1,-1,-1
148,172,795.36,427.14,83.83,208.53,1,-1,-1,-1
148,173,350.72,443.76,76.04,193.56,1,-1,-1,-1
148,174,506.09,446.71,68.98,184.33,1,-1,-1,-1
149,171,644.98,435.73,81.52,208.43,1,-1,-1,-1
149,172,795.83,428.94,83.95,208.83,1,-1,-1,-1
149,173,351.02,440.47,76.41,194.20,1,-1,-1,-1
149,174,506.66,449.76,68.59,183.01,1,-1,-1,-1
150,171,645.22,437.18,82.16,209.67,1,-1,-1,-1
150,172,796.35,427.40,83.45,207.31,1,-1,-1,-1
150,173,351.07,439.13,77.22,196.27,1,-1,-1,-1
150,174,506.35,448.36,70.55,187.70,1,-1,-1,-1
151,171,648.34,434.90,81.83,208.80,1,-1,-1,-1
151,172,799.55,429.06,83.63,207.76,1,-1,-1,-1
151,173,354.49,439.18,77.17,196.42,1,-1,-1,-1
151,174,507.35,451.19,68.99,183.13,1,-1,-1,-1
152,171,650.08,437.58,82.34,210.17,1,-1,-1,-1
152,172,801.37,430.52,83.56,207.57,1,-1,-1,-1
152,173,356.47,439.29,77.09,196.37,1,-1,-1,-1
152,174,510.89,448.33,68.51,181.74,1,-1,-1,-1
153,171,650.86,438.09,82.83,211.37,1,-1,-1,-1
153,172,802.47,428.40,82.85,206.14,1,-1,-1,-1
153,173,357.44,438.98,77.27,196.78,1,-1,-1,-1
153,174,511.82,445.16,70.17,185.62,1,-1,-1,-1
154,171,651.60,438.84,82.61,211.17,1,-1,-1,-1
154,172,802.90,429.79,83.12,206.77,1,-1,-1,-1
154,173,358.01,438.48,77.29,196.76,1,-1,-1,-1
154,174,513.03,446.19,69.05,182.54,1,-1,-1,-1
155,171,652.34,439.51,82.30,210.65,1,-1,-1,-1
155,172,803.34,430.23,83.67,207.77,1,-1,-1,-1
155,173,358.51,438.71,77.53,197.22,1,-1,-1,-1
155,174,512.93,443.97,70.78,186.84,1,-1,-1,-1
156,171,653.20,438.92,81.72,209.43,1,-1,-1,-1
156,172,803.85,427.89,83.11,206.54,1,-1,-1,-1
156,173,359.21,443.78,76.68,194.52,1,-1,-1,-1
156,174,513.28,441.80,71.21,188.01,1,-1,-1,-1
157,171,656.45,438.24,81.72,209.47,1,-1,-1,-1
157,172,807.66,426.60,82.70,205.47,1,-1,-1,-1
157,173,362.47,441.27,76.93,195.30,1,-1,-1,-1
157,174,514.19,447.24,70.76,186.43,1,-1,-1,-1
158,171,657.63,437.30,82.19,210.63,1,-1,-1,-1
158,172,809.58,427.31,82.39,204.49,1,-1,-1,-1
158,173,364.03,440.62,76.73,195.05,1,-1,-1,-1
158,174,517.29,442.53,72.30,190.24,1,-1,-1,-1
159,171,658.43,437.12,82.28,210.79,1,-1,-1,-1
159,172,810.58,426.75,82.12,204.16,1,-1,-1,-1
159,173,364.72,440.38,76.68,194.93,1,-1,-1,-1
159,174,519.39,448.25,70.54,185.51,1,-1,-1,-1
160,171,659.00,437.21,82.36,210.86,1,-1,-1,-1
160,172,811.05,426.83,82.31,204.75,1,-1,-1,-1
160,173,365.65,444.27,76.25,193.53,1,-1,-1,-1
160,174,519.56,443.66,72.23,189.56,1,-1,-1,-1
161,171,659.69,438.40,81.89,209.88,1,-1,-1,-1
161,172,811.72,427.93,81.63,203.45,1,-1,-1,-1
161,173,365.92,445.44,76.29,193.10,1,-1,-1,-1
161,174,521.02,449.46,70.22,184.11,1,-1,-1,-1
162,171,660.68,439.83,81.68,210.07,1,-1,-1,-1
162,172,812.49,427.97,81.70,203.90,1,-1,-1,-1
162,173,366.64,446.24,76.10,192.03,1,-1,-1,-1
162,174,522.03,450.64,70.40,184.27,1,-1,-1,-1
163,171,661.47,440.19,81.60,210.41,1,-1,-1,-1
163,172,812.80,427.59,82.04,204.32,1,-1,-1,-1
163,173,367.23,446.66,76.11,191.70,1,-1,-1,-1
163,174,521.55,448.46,72.42,189.06,1,-1,-1,-1
164,171,664.83,440.89,81.18,209.85,1,-1,-1,-1
164,172,816.26,427.54,81.96,204.56,1,-1,-1,-1
164,173,370.74,443.31,76.04,192.39,1,-1,-1,-1
164,174,522.65,450.98,70.68,184.23,1,-1,-1,-1
165,171,666.15,439.41,81.45,210.38,1,-1,-1,-1
165,172,817.94,427.68,81.45,203.34,1,-1,-1,-1
165,173,372.62,441.89,75.49,191.66,1,-1,-1,-1
165,174,525.46,448.28,72.61,189.32,1,-1,-1,-1
166,171,666.94,436.00,80.82,209.00,1,-1,-1,-1
166,172,818.75,430.12,81.96,204.61,1,-1,-1,-1
166,173,373.64,441.50,75.58,192.42,1,-1,-1,-1
166,174,527.39,445.28,71.37,186.34,1,-1,-1,-1
167,171,667.93,434.44,80.65,208.96,1,-1,-1,-1
167,172,819.78,429.33,81.16,202.79,1,-1,-1,-1
167,173,374.77,441.41,75.49,192.72,1,-1,-1,-1
167,174,529.17,451.20,69.17,180.55,1,-1,-1,-1
168,171,668.76,437.84,80.67,209.31,1,-1,-1,-1
168,172,820.44,428.86,81.28,202.80,1,-1,-1,-1
168,173,375.71,445.77,74.93,191.12,1,-1,-1,-1
168,174,529.42,446.16,70.27,183.62,1,-1,-1,-1
169,171,669.48,437.60,80.50,209.12,1,-1,-1,-1
169,172,820.70,428.45,81.52,203.06,1,-1,-1,-1
169,173,376.24,446.68,74.91,190.57,1,-1,-1,-1
169,174,529.76,444.67,70.79,184.98,1,-1,-1,-1
170,171,670.32,435.38,79.97,208.14,1,-1,-1,-1
170,172,820.90,428.12,81.66,202.64,1,-1,-1,-1
170,173,376.36,443.46,75.31,191.87,1,-1,-1,-1
170,174,530.42,449.52,70.21,182.95,1,-1,-1,-1
171,171,672.94,437.43,80.44,209.08,1,-1,-1,-1
171,172,824.13,429.83,83.16,206.01,1,-1,-1,-1
171,173,379.46,442.25,75.23,192.19,1,-1,-1,-1
171,174,530.14,445.64,71.28,185.43,1,-1,-1,-1
172,171,674.41,438.38,81.10,211.04,1,-1,-1,-1
172,172,825.92,428.04,82.51,204.32,1,-1,-1,-1
172,173,381.56,445.61,74.81,191.01,1,-1,-1,-1
172,174,534.69,451.47,69.23,180.21,1,-1,-1,-1
173,171,675.07,437.41,81.37,211.45,1,-1,-1,-1
173,172,826.98,428.14,81.91,202.50,1,-1,-1,-1
173,173,382.64,447.35,74.83,190.91,1,-1,-1,-1
173,174,536.09,451.40,69.99,182.21,1,-1,-1,-1
174,171,675.81,437.94,81.15,211.14,1,-1,-1,-1
174,172,827.50,426.97,81.95,202.73,1,-1,-1,-1
174,173,382.74,443.01,75.59,193.02,1,-1,-1,-1
174,174,537.10,447.61,69.83,181.92,1,-1,-1,-1
175,171,676.30,437.67,81.30,211.59,1,-1,-1,-1
175,172,828.07,428.22,81.79,201.98,1,-1,-1,-1
175,173,382.98,441.08,75.98,194.05,1,-1,-1,-1
175,174,538.00,450.84,69.67,181.14,1,-1,-1,-1
176,171,677.34,435.66,80.10,208.77,1,-1,-1,-1
176,172,828.70,429.17,81.68,201.25,1,-1,-1,-1
176,173,383.68,444.81,75.43,192.00,1,-1,-1,-1
176,174,538.65,452.48,69.32,180.03,1,-1,-1,-1
177,171,681.04,434.32,79.71,208.06,1,-1,-1,-1
177,172,831.48,430.61,83.17,204.71,1,-1,-1,-1
177,173,387.64,446.47,75.02,190.87,1,-1,-1,-1
177,174,541.47,449.73,71.79,186.22,1,-1,-1,-1
178,171,682.05,435.75,80.80,210.80,1,-1,-1,-1
178,172,833.42,428.31,82.51,202.79,1,-1,-1,-1
178,173,389.36,446.77,75.16,190.99,1,-1,-1,-1
178,174,542.85,445.67,72.14,186.89,1,-1,-1,-1
179,171,682.92,436.62,80.92,211.62,1,-1,-1,-1
179,172,834.32,427.71,82.29,202.34,1,-1,-1,-1
179,173,389.96,443.00,75.70,192.22,1,-1,-1,-1
179,174,543.13,443.94,72.43,187.62,1,-1,-1,-1
180,171,683.59,437.80,80.82,211.55,1,-1,-1,-1
180,172,834.91,428.80,82.01,201.21,1,-1,-1,-1
180,173,390.32,444.66,76.06,192.59,1,-1,-1,-1
180,174,543.68,443.69,72.17,186.57,1,-1,-1,-1
181,171,684.28,437.45,80.53,211.09,1,-1,-1,-1
181,172,835.44,427.38,82.18,201.77,1,-1,-1,-1
181,173,390.71,442.06,76.32,193.32,1,-1,-1,-1
181,174,544.34,444.38,71.08,183.74,1,-1,-1,-1
182,171,685.96,436.01,79.02,207.43,1,-1,-1,-1
182,172,836.09,426.47,82.50,202.41,1,-1,-1,-1
182,173,391.16,440.96,76.89,194.61,1,-1,-1,-1
182,174,544.83,443.54,71.73,185.54,1,-1,-1,-1
183,171,686.61,437.75,79.06,207.82,1,-1,-1,-1
183,172,836.27,426.36,82.83,202.54,1,-1,-1,-1
183,173,391.75,440.38,76.81,194.30,1,-1,-1,-1
183,174,544.81,441.52,72.99,188.49,1,-1,-1,-1
184,171,689.55,438.52,79.12,208.06,1,-1,-1,-1
184,172,839.81,426.10,83.04,202.63,1,-1,-1,-1
184,173,395.71,445.22,75.60,191.39,1,-1,-1,-1
184,174,545.82,447.78,71.69,185.06,1,-1,-1,-1
185,171,690.63,437.42,79.95,210.22,1,-1,-1,-1
185,172,841.09,425.16,83.56,203.82,1,-1,-1,-1
185,173,397.32,446.75,75.29,190.61,1,-1,-1,-1
185,174,549.17,448.54,72.44,187.11,1,-1,-1,-1
186,171,691.27,436.76,80.24,211.06,1,-1,-1,-1
186,172,842.12,426.03,83.12,202.75,1,-1,-1,-1
186,173,398.18,448.61,74.71,189.18,1,-1,-1,-1
186,174,550.34,444.36,73.01,188.79,1,-1,-1,-1
187,171,692.54,439.17,79.41,209.34,1,-1,-1,-1
187,172,843.02,427.75,82.26,200.59,1,-1,-1,-1
187,173,398.67,448.39,75.00,189.66,1,-1,-1,-1
187,174,552.39,449.71,71.09,183.65,1,-1,-1,-1
188,171,693.13,438.58,79.44,209.59,1,-1,-1,-1
188,172,843.71,429.14,82.04,199.66,1,-1,-1,-1
188,173,398.59,443.31,76.01,192.40,1,-1,-1,-1
188,174,552.77,444.89,72.40,186.90,1,-1,-1,-1
189,171,693.95,438.10,79.21,208.98,1,-1,-1,-1
189,172,843.98,428.10,82.41,200.59,1,-1,-1,-1
189,173,399.25,447.23,75.35,190.41,1,-1,-1,-1
189,174,553.54,448.61,71.90,185.46,1,-1,-1,-1
190,171,694.61,438.54,78.99,208.31,1,-1,-1,-1
190,172,844.30,427.52,82.60,200.52,1,-1,-1,-1
190,173,399.64,442.68,76.00,192.31,1,-1,-1,-1
190,174,552.61,442.18,73.98,190.61,1,-1,-1,-1
191,171,697.55,438.76,79.11,208.42,1,-1,-1,-1
191,172,847.63,428.24,82.71,200.91,1,-1,-1,-1
191,173,403.01,441.84,75.72,192.46,1,-1,-1,-1
191,174,553.49,443.13,72.70,187.26,1,-1,-1,-1
192,171,699.35,435.87,78.54,207.02,1,-1,-1,-1
192,172,849.42,426.85,82.70,201.78,1,-1,-1,-1
192,173,405.39,441.37,75.49,192.36,1,-1,-1,-1
192,174,557.40,443.64,71.86,185.44,1,-1,-1,-1
193,171,700.29,437.71,79.08,208.76,1,-1,-1,-1
193,172,850.57,427.87,82.32,201.13,1,-1,-1,-1
193,173,406.99,445.01,74.88,190.73,1,-1,-1,-1
193,174,558.87,443.04,72.49,186.96,1,-1,-1,-1
194,171,701.18,438.31,78.89,208.65,1,-1,-1,-1
194,172,851.07,428.14,82.31,201.28,1,-1,-1,-1
194,173,407.89,447.04,74.54,190.05,1,-1,-1,-1
194,174,560.13,443.88,71.55,184.88,1,-1,-1,-1
195,171,702.39,436.85,77.71,205.74,1,-1,-1,-1
195,172,851.08,426.24,82.75,203.02,1,-1,-1,-1
195,173,407.98,442.42,75.26,192.56,1,-1,-1,-1
195,174,560.63,443.66,71.97,185.97,1,-1,-1,-1
196,171,703.20,438.39,77.70,206.02,1,-1,-1,-1
196,172,851.40,425.40,83.02,203.88,1,-1,-1,-1
196,173,409.06,446.70,74.04,189.58,1,-1,-1,-1
196,174,561.24,443.76,72.07,186.43,1,-1,-1,-1
197,171,706.13,439.86,78.25,207.80,1,-1,-1,-1
197,172,851.76,425.04,83.29,204.34,1,-1,-1,-1
197,173,412.19,443.18,74.49,191.54,1,-1,-1,-1
197,174,565.26,443.40,71.75,185.90,1,-1,-1,-1
198,171,707.60,440.27,78.44,208.28,1,-1,-1,-1
198,172,855.72,426.61,82.73,202.91,1,-1,-1,-1
198,173,413.50,441.22,75.00,193.64,1,-1,-1,-1
198,174,566.59,441.32,72.82,188.88,1,-1,-1,-1
199,171,708.17,438.18,78.88,209.30,1,-1,-1,-1
199,172,857.53,427.86,82.65,202.84,1,-1,-1,-1
199,173,414.90,445.83,73.74,190.53,1,-1,-1,-1
199,174,567.91,448.09,70.98,184.45,1,-1,-1,-1
200,171,708.54,438.03,79.05,209.77,1,-1,-1,-1
200,172,858.72,427.29,82.07,201.67,1,-1,-1,-1
200,173,415.04,442.63,74.36,192.89,1,-1,-1,-1
200,174,568.08,444.96,71.84,186.51,1,-1,-1,-1
201,171,709.23,437.65,78.86,209.18,1,-1,-1,-1
201,172,859.41,428.65,81.76,201.09,1,-1,-1,-1
201,173,415.73,445.78,73.66,191.03,1,-1,-1,-1
201,174,568.74,444.78,71.45,185.72,1,-1,-1,-1
202,171,710.76,439.03,77.94,206.93,1,-1,-1,-1
202,172,860.32,428.23,81.69,200.89,1,-1,-1,-1
202,173,416.16,442.00,74.20,192.84,1,-1,-1,-1
202,174,569.81,444.57,71.53,186.12,1,-1,-1,-1
203,171,711.51,439.26,77.87,206.74,1,-1,-1,-1
203,172,860.81,429.04,81.95,200.81,1,-1,-1,-1
203,173,417.07,445.18,73.67,191.35,1,-1,-1,-1
203,174,572.95,442.85,72.91,189.73,1,-1,-1,-1
204,171,714.55,437.09,77.09,204.47,1,-1,-1,-1
204,172,864.03,428.88,82.06,201.07,1,-1,-1,-1
204,173,420.02,442.39,73.99,192.95,1,-1,-1,-1
204,174,571.43,443.37,71.67,186.55,1,-1,-1,-1
205,171,715.50,438.06,77.95,206.53,1,-1,-1,-1
205,172,865.59,428.13,81.85,200.39,1,-1,-1,-1
205,173,422.22,445.72,73.42,191.47,1,-1,-1,-1
205,174,573.97,441.57,71.98,187.66,1,-1,-1,-1
206,171,716.38,436.65,77.54,205.41,1,-1,-1,-1
206,172,866.54,427.87,81.70,200.19,1,-1,-1,-1
206,173,423.16,447.21,73.25,191.06,1,-1,-1,-1
206,174,574.84,441.61,72.64,189.60,1,-1,-1,-1
207,171,717.54,438.19,77.84,206.62,1,-1,-1,-1
207,172,867.11,428.95,81.83,200.29,1,-1,-1,-1
207,173,424.09,447.34,73.31,191.20,1,-1,-1,-1
207,174,576.09,442.02,71.49,187.03,1,-1,-1,-1
208,171,718.85,437.21,76.75,203.91,1,-1,-1,-1
208,172,867.30,428.45,82.24,201.27,1,-1,-1,-1
208,173,424.32,442.06,74.23,193.76,1,-1,-1,-1
208,174,576.68,441.11,71.89,188.31,1,-1,-1,-1
209,171,719.66,436.52,76.49,203.58,1,-1,-1,-1
209,172,867.69,428.61,82.81,202.29,1,-1,-1,-1
209,173,424.51,440.56,74.73,195.34,1,-1,-1,-1
209,174,577.42,442.15,71.64,187.84,1,-1,-1,-1
210,171,722.67,436.65,76.30,202.94,1,-1,-1,-1
210,172,868.03,428.36,82.77,201.44,1,-1,-1,-1
210,173,427.76,440.11,74.33,194.70,1,-1,-1,-1
210,174,581.11,441.87,71.94,188.81,1,-1,-1,-1
211,171,723.52,438.62,77.28,205.73,1,-1,-1,-1
211,172,870.95,429.83,84.58,205.79,1,-1,-1,-1
211,173,430.12,445.89,72.78,190.66,1,-1,-1,-1
211,174,582.98,443.00,71.03,186.71,1,-1,-1,-1
212,171,724.42,438.09,78.06,207.67,1,-1,-1,-1
212,172,873.31,428.76,83.30,202.80,1,-1,-1,-1
212,173,431.10,446.80,72.88,190.65,1,-1,-1,-1
212,174,584.15,443.77,70.54,185.52,1,-1,-1,-1
213,171,725.08,439.44,78.06,207.89,1,-1,-1,-1
213,172,874.29,429.08,82.81,201.53,1,-1,-1,-1
213,173,431.18,442.46,74.06,193.74,1,-1,-1,-1
213,174,584.24,440.76,71.92,189.22,1,-1,-1,-1
214,171,725.85,437.15,77.46,206.13,1,-1,-1,-1
214,172,875.11,429.80,82.19,200.30,1,-1,-1,-1
214,173,431.41,440.46,74.49,194.66,1,-1,-1,-1
214,174,584.89,442.67,71.31,187.43,1,-1,-1,-1
215,171,726.15,438.02,77.96,207.37,1,-1,-1,-1
215,172,875.34,431.82,83.01,202.30,1,-1,-1,-1
215,173,431.85,440.04,74.44,194.31,1,-1,-1,-1
215,174,585.71,443.24,71.12,186.90,1,-1,-1,-1
216,171,727.16,439.97,77.43,206.26,1,-1,-1,-1
216,172,876.09,430.35,82.06,200.18,1,-1,-1,-1
216,173,432.74,445.08,73.28,190.68,1,-1,-1,-1
216,174,585.93,442.34,71.23,187.39,1,-1,-1,-1
217,171,730.07,438.88,78.14,207.97,1,-1,-1,-1
217,172,879.66,432.08,82.91,202.45,1,-1,-1,-1
217,173,436.14,442.49,73.74,192.35,1,-1,-1,-1
217,174,587.31,445.53,69.25,182.06,1,-1,-1,-1
218,171,732.05,437.10,77.25,205.08,1,-1,-1,-1
218,172,881.54,430.58,81.99,200.36,1,-1,-1,-1
218,173,438.31,441.47,73.20,191.08,1,-1,-1,-1
218,174,590.60,444.11,70.14,184.50,1,-1,-1,-1
219,171,732.88,438.74,77.86,206.70,1,-1,-1,-1
219,172,882.56,429.69,81.47,199.65,1,-1,-1,-1
219,173,439.49,445.92,72.75,189.79,1,-1,-1,-1
219,174,592.01,443.98,69.66,183.63,1,-1,-1,-1
220,171,733.14,438.23,78.47,208.01,1,-1,-1,-1
220,172,883.00,429.23,81.42,199.98,1,-1,-1,-1
220,173,440.26,447.18,72.73,189.33,1,-1,-1,-1
220,174,592.48,443.34,70.73,186.46,1,-1,-1,-1
221,171,733.84,438.49,78.44,207.92,1,-1,-1,-1
221,172,883.43,429.23,81.35,200.24,1,-1,-1,-1
221,173,440.60,442.94,73.39,190.86,1,-1,-1,-1
221,174,593.39,444.09,69.29,182.88,1,-1,-1,-1
222,171,735.39,440.46,77.74,206.22,1,-1,-1,-1
222,172,884.21,428.87,81.69,201.23,1,-1,-1,-1
222,173,444.56,446.51,72.74,189.45,1,-1,-1,-1
222,174,594.68,445.44,68.99,182.47,1,-1,-1,-1
223,171,737.93,440.24,78.49,207.79,1,-1,-1,-1
223,172,884.35,428.42,82.36,202.46,1,-1,-1,-1
223,173,446.40,448.23,72.07,187.92,1,-1,-1,-1
223,174,595.32,445.70,69.12,182.65,1,-1,-1,-1
224,171,739.62,437.15,78.17,206.78,1,-1,-1,-1
224,172,887.71,427.65,82.75,203.43,1,-1,-1,-1
224,173,446.76,443.30,73.18,190.98,1,-1,-1,-1
224,174,598.63,445.33,69.41,183.55,1,-1,-1,-1
225,171,740.26,436.98,79.19,208.75,1,-1,-1,-1
225,172,888.88,429.58,83.77,205.85,1,-1,-1,-1
225,173,447.13,440.73,73.63,192.23,1,-1,-1,-1
225,174,599.86,444.36,70.27,185.94,1,-1,-1,-1
226,171,740.68,438.58,79.61,209.96,1,-1,-1,-1
226,172,890.04,431.20,83.79,206.00,1,-1,-1,-1
226,173,447.47,440.29,73.61,192.26,1,-1,-1,-1
226,174,600.87,445.90,69.20,183.32,1,-1,-1,-1
227,171,741.70,437.80,79.49,209.20,1,-1,-1,-1
227,172,891.13,429.64,82.62,203.44,1,-1,-1,-1
227,173,447.79,440.02,73.87,192.73,1,-1,-1,-1
227,174,601.68,445.58,69.49,184.09,1,-1,-1,-1
228,171,742.27,437.35,79.73,209.23,1,-1,-1,-1
228,172,891.77,428.95,82.27,202.62,1,-1,-1,-1
228,173,448.37,445.36,73.28,190.40,1,-1,-1,-1
228,174,601.91,443.07,70.92,187.94,1,-1,-1,-1
229,171,743.00,438.62,79.25,207.73,1,-1,-1,-1
229,172,892.64,431.84,82.52,202.89,1,-1,-1,-1
229,173,449.00,447.36,73.19,189.62,1,-1,-1,-1
229,174,602.66,444.43,70.17,185.99,1,-1,-1,-1
230,171,745.29,439.29,80.05,209.95,1,-1,-1,-1
230,172,895.97,429.63,82.23,201.86,1,-1,-1,-1
230,173,451.66,442.63,74.44,193.30,1,-1,-1,-1
230,174,605.56,445.65,71.80,190.44,1,-1,-1,-1
231,171,747.35,436.32,79.26,207.96,1,-1,-1,-1
231,172,897.38,429.23,82.30,202.04,1,-1,-1,-1
231,173,453.54,441.18,74.11,192.50,1,-1,-1,-1
231,174,606.81,443.71,71.90,190.71,1,-1,-1,-1
232,171,748.41,437.88,79.75,209.06,1,-1,-1,-1
232,172,898.31,431.17,83.04,203.82,1,-1,-1,-1
232,173,455.36,446.03,72.97,189.65,1,-1,-1,-1
232,174,608.35,445.53,69.54,184.81,1,-1,-1,-1
233,171,749.26,439.63,79.75,209.06,1,-1,-1,-1
233,172,899.09,429.70,82.29,202.12,1,-1,-1,-1
233,173,455.43,442.16,74.29,193.20,1,-1,-1,-1
233,174,608.82,444.28,69.92,185.94,1,-1,-1,-1
234,171,749.79,439.24,79.52,208.25,1,-1,-1,-1
234,172,899.72,428.15,82.17,201.87,1,-1,-1,-1
234,173,456.54,446.20,73.17,190.25,1,-1,-1,-1
234,174,609.87,446.36,68.23,181.51,1,-1,-1,-1
235,171,750.72,441.09,78.86,206.56,1,-1,-1,-1
235,172,900.23,428.01,82.45,202.22,1,-1,-1,-1
235,173,456.94,442.61,73.38,190.44,1,-1,-1,-1
235,174,610.39,444.25,68.59,182.82,1,-1,-1,-1
236,171,751.52,442.28,78.46,205.99,1,-1,-1,-1
236,172,900.47,428.45,82.75,202.76,1,-1,-1,-1
236,173,457.55,446.55,72.83,188.65,1,-1,-1,-1
236,174,611.09,445.09,68.15,182.09,1,-1,-1,-1
237,171,754.58,441.29,78.98,207.30,1,-1,-1,-1
237,172,903.51,430.78,83.94,205.37,1,-1,-1,-1
237,173,460.68,443.31,73.41,190.63,1,-1,-1,-1
237,174,612.05,445.70,67.15,179.69,1,-1,-1,-1
238,171,755.56,439.04,79.82,208.77,1,-1,-1,-1
238,172,904.98,431.58,84.20,205.41,1,-1,-1,-1
238,173,462.08,441.92,73.67,191.44,1,-1,-1,-1
238,174,615.39,444.33,68.12,182.36,1,-1,-1,-1
239,171,756.57,440.24,79.89,209.42,1,-1,-1,-1
239,172,905.83,432.16,84.07,204.92,1,-1,-1,-1
239,173,463.36,446.59,72.78,188.83,1,-1,-1,-1
239,174,616.92,444.55,67.95,182.13,1,-1,-1,-1
240,171,756.90,438.61,80.11,209.07,1,-1,-1,-1
240,172,906.94,430.35,82.76,202.00,1,-1,-1,-1
240,173,463.62,443.23,73.46,190.40,1,-1,-1,-1
240,174,617.19,444.72,68.96,184.57,1,-1,-1,-1
241,171,757.42,440.02,80.03,209.17,1,-1,-1,-1
241,172,907.87,429.94,82.03,200.60,1,-1,-1,-1
241,173,463.81,441.95,73.85,191.03,1,-1,-1,-1
241,174,617.88,448.17,68.95,184.69,1,-1,-1,-1
242,171,759.08,437.99,78.53,205.15,1,-1,-1,-1
242,172,908.74,429.43,82.05,200.58,1,-1,-1,-1
242,173,464.33,442.10,73.93,190.95,1,-1,-1,-1
242,174,618.70,445.68,68.88,184.84,1,-1,-1,-1
243,171,761.81,437.92,79.57,207.27,1,-1,-1,-1
243,172,911.70,432.12,83.06,202.63,1,-1,-1,-1
243,173,465.24,447.05,73.11,188.10,1,-1,-1,-1
243,174,618.69,443.05,70.07,188.26,1,-1,-1,-1
244,171,763.39,438.33,79.61,207.18,1,-1,-1,-1
244,172,913.21,429.57,82.79,201.99,1,-1,-1,-1
244,173,469.28,449.25,72.21,185.93,1,-1,-1,-1
244,174,622.62,447.74,69.27,186.41,1,-1,-1,-1
245,171,764.28,439.95,79.86,208.05,1,-1,-1,-1
245,172,914.03,431.57,83.18,202.67,1,-1,-1,-1
245,173,470.47,444.66,73.27,188.81,1,-1,-1,-1
245,174,624.03,445.01,69.07,186.29,1,-1,-1,-1
246,171,764.73,436.63,79.41,207.13,1,-1,-1,-1
246,172,914.68,430.29,82.74,201.94,1,-1,-1,-1
246,173,471.39,443.22,73.39,189.21,1,-1,-1,-1
246,174,625.35,450.20,67.47,182.31,1,-1,-1,-1
247,171,765.52,438.54,79.55,207.34,1,-1,-1,-1
247,172,915.40,431.80,83.55,203.89,1,-1,-1,-1
247,173,472.07,442.53,73.78,190.55,1,-1,-1,-1
247,174,626.20,448.17,66.86,181.02,1,-1,-1,-1
248,171,766.12,441.02,79.21,206.77,1,-1,-1,-1
248,172,915.94,429.29,82.93,202.45,1,-1,-1,-1
248,173,472.66,442.41,73.64,190.19,1,-1,-1,-1
248,174,627.17,451.72,66.40,179.61,1,-1,-1,-1
249,171,766.85,441.00,79.32,207.11,1,-1,-1,-1
249,172,916.41,429.05,82.92,202.40,1,-1,-1,-1
249,173,473.08,442.59,73.73,190.14,1,-1,-1,-1
249,174,627.51,447.50,66.89,181.34,1,-1,-1,-1
250,171,769.48,441.39,79.83,208.40,1,-1,-1,-1
250,172,919.47,431.05,83.80,204.22,1,-1,-1,-1
250,173,473.62,442.41,73.26,188.23,1,-1,-1,-1
250,174,628.56,451.55,66.29,179.78,1,-1,-1,-1
251,171,771.09,441.42,80.14,209.52,1,-1,-1,-1
251,172,920.75,428.86,83.83,204.34,1,-1,-1,-1
251,173,476.62,442.17,73.65,189.18,1,-1,-1,-1
251,174,632.08,453.50,65.84,178.81,1,-1,-1,-1
252,171,772.17,439.18,80.53,209.95,1,-1,-1,-1
252,172,921.48,428.54,83.65,203.83,1,-1,-1,-1
252,173,478.32,441.98,73.66,189.30,1,-1,-1,-1
252,174,633.48,449.43,66.28,180.02,1,-1,-1,-1
253,171,772.72,438.98,80.59,209.46,1,-1,-1,-1
253,172,921.83,430.30,84.23,205.12,1,-1,-1,-1
253,173,479.24,442.47,73.61,189.57,1,-1,-1,-1
253,174,633.88,445.65,67.85,184.23,1,-1,-1,-1
254,171,773.20,440.20,80.71,209.96,1,-1,-1,-1
254,172,922.42,428.44,83.57,203.93,1,-1,-1,-1
254,173,480.09,447.55,72.82,187.18,1,-1,-1,-1
254,174,634.37,448.18,68.70,186.66,1,-1,-1,-1
255,171,773.82,441.06,80.26,208.62,1,-1,-1,-1
255,172,922.98,428.29,83.26,203.59,1,-1,-1,-1
255,173,480.52,449.46,72.74,186.43,1,-1,-1,-1
255,174,634.96,448.48,69.00,187.72,1,-1,-1,-1
256,171,774.57,440.53,79.78,206.88,1,-1,-1,-1
256,172,924.35,428.72,82.44,201.68,1,-1,-1,-1
256,173,480.95,445.23,73.02,187.22,1,-1,-1,-1
256,174,638.75,449.87,68.28,186.07,1,-1,-1,-1
257,171,777.38,440.48,80.74,209.88,1,-1,-1,-1
257,172,924.93,428.54,82.23,201.09,1,-1,-1,-1
257,173,484.72,447.73,72.84,186.51,1,-1,-1,-1
257,174,639.96,448.24,69.61,189.85,1,-1,-1,-1
258,171,778.75,440.24,80.86,210.40,1,-1,-1,-1
258,172,927.73,431.24,83.43,203.81,1,-1,-1,-1
258,173,486.59,449.44,72.71,186.15,1,-1,-1,-1
258,174,640.43,443.79,69.87,190.62,1,-1,-1,-1
259,171,779.66,439.37,80.42,209.11,1,-1,-1,-1
259,172,929.13,432.24,83.81,204.61,1,-1,-1,-1
259,173,486.91,444.86,73.73,189.07,1,-1,-1,-1
259,174,641.04,442.51,69.05,188.70,1,-1,-1,-1
260,171,779.99,440.08,80.53,209.69,1,-1,-1,-1
260,172,929.78,429.94,83.52,204.08,1,-1,-1,-1
260,173,487.74,447.49,73.37,188.25,1,-1,-1,-1
260,174,641.25,445.16,69.89,190.92,1,-1,-1,-1
261,171,780.88,439.82,79.58,207.16,1,-1,-1,-1
261,172,931.14,428.85,82.85,202.79,1,-1,-1,-1
261,173,487.79,443.80,74.28,190.87,1,-1,-1,-1
261,174,642.76,450.22,67.32,183.46,1,-1,-1,-1
262,171,782.31,437.29,78.93,205.55,1,-1,-1,-1
262,172,931.45,430.99,83.86,205.01,1,-1,-1,-1
262,173,488.81,446.75,73.77,189.06,1,-1,-1,-1
262,174,643.72,451.23,67.21,182.60,1,-1,-1,-1
263,171,785.27,436.27,78.84,205.22,1,-1,-1,-1
263,172,931.81,428.91,83.73,204.37,1,-1,-1,-1
263,173,489.45,448.74,73.25,187.18,1,-1,-1,-1
263,174,644.06,447.63,67.46,182.70,1,-1,-1,-1
264,171,785.92,439.12,80.04,209.05,1,-1,-1,-1
264,172,932.05,428.56,83.76,204.07,1,-1,-1,-1
264,173,492.01,443.80,74.74,190.70,1,-1,-1,-1
264,174,646.90,443.28,69.13,187.27,1,-1,-1,-1
265,171,786.70,436.19,79.72,208.15,1,-1,-1,-1
265,172,934.97,430.69,84.70,206.20,1,-1,-1,-1
265,173,493.24,442.29,75.03,191.52,1,-1,-1,-1
265,174,648.16,442.81,69.48,187.74,1,-1,-1,-1
266,171,787.41,437.84,79.98,208.71,1,-1,-1,-1
266,172,936.95,429.40,84.00,204.48,1,-1,-1,-1
266,173,494.46,446.29,74.50,189.66,1,-1,-1,-1
266,174,648.66,445.70,70.21,189.62,1,-1,-1,-1
267,171,788.05,439.38,80.33,210.34,1,-1,-1,-1
267,172,937.98,428.00,83.84,204.20,1,-1,-1,-1
267,173,495.25,448.60,74.16,188.22,1,-1,-1,-1
267,174,649.16,442.71,70.48,190.06,1,-1,-1,-1
268,171,788.91,440.09,80.04,209.94,1,-1,-1,-1
268,172,938.54,430.37,84.16,204.95,1,-1,-1,-1
268,173,495.27,444.36,75.19,190.51,1,-1,-1,-1
268,174,649.76,445.15,71.05,191.40,1,-1,-1,-1
269,171,789.40,439.40,80.13,210.34,1,-1,-1,-1
269,172,939.01,429.35,83.66,203.57,1,-1,-1,-1
269,173,495.86,447.25,74.68,188.76,1,-1,-1,-1
269,174,650.71,447.50,70.20,189.08,1,-1,-1,-1
270,171,790.40,439.44,79.66,209.08,1,-1,-1,-1
270,172,939.33,430.97,83.89,203.99,1,-1,-1,-1
270,173,496.46,448.15,74.35,187.69,1,-1,-1,-1
270,174,651.08,444.35,70.08,188.43,1,-1,-1,-1
271,171,793.18,435.62,79.63,208.97,1,-1,-1,-1
271,172,942.91,431.97,84.25,204.88,1,-1,-1,-1
271,173,500.05,444.33,74.31,187.74,1,-1,-1,-1
271,174,653.68,442.07,70.75,190.62,1,-1,-1,-1
272,171,794.74,434.51,79.54,208.74,1,-1,-1,-1
272,172,944.61,429.23,83.68,203.31,1,-1,-1,-1
272,173,501.88,443.26,74.63,189.10,1,-1,-1,-1
272,174,655.57,442.83,69.76,188.25,1,-1,-1,-1
273,171,795.63,436.90,79.69,208.98,1,-1,-1,-1
273,172,945.11,430.57,84.17,204.72,1,-1,-1,-1
273,173,502.76,442.37,75.08,190.37,1,-1,-1,-1
273,174,655.85,439.77,71.85,194.34,1,-1,-1,-1
274,171,796.15,437.96,80.05,210.08,1,-1,-1,-1
274,172,945.67,431.25,84.10,204.81,1,-1,-1,-1
274,173,503.78,446.73,74.38,188.50,1,-1,-1,-1
274,174,656.87,440.27,70.72,191.72,1,-1,-1,-1
275,171,796.98,439.12,80.10,210.43,1,-1,-1,-1
275,172,946.09,429.12,83.81,204.32,1,-1,-1,-1
275,173,503.82,443.71,75.04,190.36,1,-1,-1,-1
275,174,657.74,440.84,70.51,191.25,1,-1,-1,-1
276,171,797.49,439.73,80.18,210.83,1,-1,-1,-1
276,172,946.83,428.03,84.01,204.66,1,-1,-1,-1
276,173,504.23,442.07,75.11,190.18,1,-1,-1,-1
276,174,658.89,442.11,69.49,188.84,1,-1,-1,-1
277,171,800.43,438.97,80.76,211.92,1,-1,-1,-1
277,172,946.95,426.72,84.53,205.36,1,-1,-1,-1
277,173,507.58,441.28,75.64,191.70,1,-1,-1,-1
277,174,662.16,441.08,70.13,191.22,1,-1,-1,-1
278,171,801.55,436.85,81.24,212.54,1,-1,-1,-1
278,172,950.35,429.38,85.56,207.51,1,-1,-1,-1
278,173,509.37,441.37,75.22,190.74,1,-1,-1,-1
278,174,663.69,439.38,70.79,193.17,1,-1,-1,-1
279,171,802.31,437.73,81.15,212.23,1,-1,-1,-1
279,172,951.97,427.58,85.41,206.91,1,-1,-1,-1
279,173,510.21,441.60,74.93,190.20,1,-1,-1,-1
279,174,664.89,440.86,69.98,191.39,1,-1,-1,-1
280,171,802.81,437.20,81.11,211.52,1,-1,-1,-1
280,172,952.65,426.98,85.35,206.65,1,-1,-1,-1
280,173,510.50,441.63,75.28,191.58,1,-1,-1,-1
280,174,664.85,438.47,71.65,195.99,1,-1,-1,-1
281,171,803.50,438.07,80.70,210.27,1,-1,-1,-1
281,172,953.47,427.48,84.87,205.65,1,-1,-1,-1
281,173,511.07,442.27,74.75,190.52,1,-1,-1,-1
281,174,665.87,440.33,70.24,192.13,1,-1,-1,-1
282,171,804.71,435.52,80.17,209.00,1,-1,-1,-1
282,172,954.22,429.82,85.24,206.29,1,-1,-1,-1
282,173,511.90,446.12,74.23,188.79,1,-1,-1,-1
282,174,669.21,438.75,71.56,196.10,1,-1,-1,-1
283,171,805.55,437.85,80.16,208.49,1,-1,-1,-1
283,172,954.69,430.80,85.45,206.35,1,-1,-1,-1
283,173,512.65,447.71,74.13,188.53,1,-1,-1,-1
283,174,670.54,437.49,72.67,199.28,1,-1,-1,-1
284,171,806.20,437.87,80.14,208.20,1,-1,-1,-1
284,172,958.27,430.97,85.66,206.77,1,-1,-1,-1
284,173,515.69,444.05,74.60,190.52,1,-1,-1,-1
284,174,671.21,436.73,72.35,198.81,1,-1,-1,-1
285,171,808.61,437.06,81.06,210.23,1,-1,-1,-1
285,172,959.84,430.70,85.74,207.08,1,-1,-1,-1
285,173,517.78,442.84,73.77,188.36,1,-1,-1,-1
285,174,671.71,435.66,72.87,200.13,1,-1,-1,-1
286,171,810.13,438.93,81.14,210.62,1,-1,-1,-1
286,172,961.01,428.66,84.96,205.36,1,-1,-1,-1
286,173,518.74,442.50,73.61,187.78,1,-1,-1,-1
286,174,672.38,436.53,71.94,197.62,1,-1,-1,-1
287,171,811.29,435.86,80.49,209.19,1,-1,-1,-1
287,172,962.00,427.89,84.53,204.53,1,-1,-1,-1
287,173,519.14,445.26,74.43,189.72,1,-1,-1,-1
287,174,672.78,436.80,72.09,197.87,1,-1,-1,-1
288,171,812.30,437.90,80.65,209.71,1,-1,-1,-1
288,172,962.66,427.38,84.50,204.71,1,-1,-1,-1
288,173,519.41,442.48,75.01,191.22,1,-1,-1,-1
288,174,673.13,435.78,72.74,199.71,1,-1,-1,-1
289,171,813.07,438.97,80.43,209.23,1,-1,-1,-1
289,172,963.01,426.74,84.63,205.08,1,-1,-1,-1
289,173,519.85,441.58,75.12,190.91,1,-1,-1,-1
289,174,673.35,435.21,72.76,200.02,1,-1,-1,-1
290,171,814.03,439.57,79.89,207.66,1,-1,-1,-1
290,172,963.43,427.27,84.57,204.96,1,-1,-1,-1
290,173,520.07,441.20,75.27,190.89,1,-1,-1,-1
290,174,676.93,434.44,73.28,201.64,1,-1,-1,-1
291,171,814.58,440.87,79.98,208.30,1,-1,-1,-1
291,172,967.16,427.10,84.90,205.83,1,-1,-1,-1
291,173,523.68,441.15,75.15,190.69,1,-1,-1,-1
291,174,678.68,436.31,72.58,199.92,1,-1,-1,-1
292,171,817.48,436.61,80.03,208.45,1,-1,-1,-1
292,172,968.77,427.16,85.02,205.91,1,-1,-1,-1
292,173,525.37,441.46,75.39,191.45,1,-1,-1,-1
292,174,679.93,437.58,71.72,197.21,1,-1,-1,-1
293,171,818.84,438.01,80.17,208.53,1,-1,-1,-1
293,172,969.53,429.51,85.64,207.51,1,-1,-1,-1
293,173,526.21,441.63,75.47,191.75,1,-1,-1,-1
293,174,679.79,436.14,73.18,201.20,1,-1,-1,-1
294,171,819.53,437.37,80.62,209.48,1,-1,-1,-1
294,172,970.35,430.71,85.57,207.34,1,-1,-1,-1
294,173,526.82,445.49,75.09,190.14,1,-1,-1,-1
294,174,679.79,435.02,73.61,202.24,1,-1,-1,-1
295,171,820.25,437.31,80.69,209.47,1,-1,-1,-1
295,172,971.45,428.96,84.30,204.58,1,-1,-1,-1
295,173,527.13,447.06,75.02,189.42,1,-1,-1,-1
295,174,680.54,435.52,73.21,200.91,1,-1,-1,-1
296,171,821.90,439.48,80.43,209.00,1,-1,-1,-1
296,172,971.93,428.68,84.10,203.75,1,-1,-1,-1
296,173,527.83,443.91,74.66,188.25,1,-1,-1,-1
296,174,680.71,434.84,73.45,201.59,1,-1,-1,-1
297,171,824.76,439.97,80.89,210.28,1,-1,-1,-1
297,172,975.14,428.31,84.31,204.02,1,-1,-1,-1
297,173,528.64,447.16,74.44,187.30,1,-1,-1,-1
297,174,684.59,434.70,73.95,203.29,1,-1,-1,-1
298,171,826.10,436.44,80.48,208.73,1,-1,-1,-1
298,172,976.71,428.26,84.18,203.86,1,-1,-1,-1
298,173,532.08,444.12,75.00,189.47,1,-1,-1,-1
298,174,686.33,433.50,73.85,203.47,1,-1,-1,-1
299,171,826.78,437.66,80.81,209.22,1,-1,-1,-1
299,172,977.48,428.36,84.03,203.50,1,-1,-1,-1
299,173,533.87,443.24,74.89,189.56,1,-1,-1,-1
299,174,687.11,433.65,73.58,203.18,1,-1,-1,-1
300,171,827.45,437.74,80.85,208.78,1,-1,-1,-1
300,172,978.07,428.55,83.69,202.90,1,-1,-1,-1
300,173,535.05,446.77,74.48,188.87,1,-1,-1,-1
300,174,687.43,433.43,73.96,204.44,1,-1,-1,-1
301,171,828.06,438.50,80.78,208.30,1,-1,-1,-1
301,172,978.87,430.98,84.00,203.67,1,-1,-1,-1
301,173,535.50,443.92,74.66,190.08,1,-1,-1,-1
301,174,688.06,434.83,73.43,203.12,1,-1,-1,-1
302,171,829.18,438.37,80.64,207.73,1,-1,-1,-1
302,172,979.29,428.33,83.85,203.43,1,-1,-1,-1
302,173,536.36,443.17,74.55,190.13,1,-1,-1,-1
302,174,692.53,434.46,73.20,203.27,1,-1,-1,-1
303,171,830.34,439.17,80.15,206.30,1,-1,-1,-1
303,172,979.56,430.74,84.32,204.35,1,-1,-1,-1
303,173,539.94,442.02,74.05,189.42,1,-1,-1,-1
303,174,694.61,434.76,72.94,203.05,1,-1,-1,-1
304,171,833.26,437.08,79.74,205.08,1,-1,-1,-1
304,172,982.85,431.42,84.66,205.18,1,-1,-1,-1
304,173,541.95,442.17,73.50,188.61,1,-1,-1,-1
304,174,695.88,431.81,71.60,199.80,1,-1,-1,-1
305,171,834.56,436.67,79.40,203.95,1,-1,-1,-1
305,172,984.15,428.89,84.63,205.30,1,-1,-1,-1
305,173,543.00,442.14,73.06,188.37,1,-1,-1,-1
305,174,696.45,435.21,71.64,200.00,1,-1,-1,-1
306,171,834.84,438.19,80.12,205.54,1,-1,-1,-1
306,172,985.02,430.69,85.02,206.43,1,-1,-1,-1
306,173,543.66,447.06,72.46,187.13,1,-1,-1,-1
306,174,696.83,435.45,71.54,199.89,1,-1,-1,-1
307,171,836.19,436.66,79.62,204.28,1,-1,-1,-1
307,172,985.91,429.01,84.26,205.04,1,-1,-1,-1
307,173,543.80,444.33,72.91,188.95,1,-1,-1,-1
307,174,697.32,435.04,71.62,200.17,1,-1,-1,-1
308,171,836.77,438.24,80.03,205.44,1,-1,-1,-1
308,172,987.13,431.18,83.95,204.52,1,-1,-1,-1
308,173,544.17,447.33,72.73,188.45,1,-1,-1,-1
308,174,701.53,435.60,71.89,201.21,1,-1,-1,-1
309,171,837.31,438.77,80.11,205.88,1,-1,-1,-1
309,172,987.70,429.54,83.34,203.23,1,-1,-1,-1
309,173,544.65,444.51,72.89,189.33,1,-1,-1,-1
309,174,703.19,436.27,71.71,200.84,1,-1,-1,-1
310,171,838.50,439.72,79.60,204.77,1,-1,-1,-1
310,172,988.35,431.54,83.30,203.20,1,-1,-1,-1
310,173,545.38,442.55,72.40,188.09,1,-1,-1,-1
310,174,703.92,435.36,71.82,201.46,1,-1,-1,-1
311,171,840.98,439.60,79.88,205.62,1,-1,-1,-1
311,172,991.90,430.40,82.64,202.00,1,-1,-1,-1
311,173,545.66,443.13,72.41,188.43,1,-1,-1,-1
311,174,704.70,437.44,70.62,198.31,1,-1,-1,-1
312,171,842.91,438.29,78.74,202.99,1,-1,-1,-1
312,172,993.35,432.03,83.00,202.81,1,-1,-1,-1
312,173,549.16,442.36,72.75,189.80,1,-1,-1,-1
312,174,705.32,437.75,70.51,198.45,1,-1,-1,-1
313,171,843.84,440.56,78.97,204.08,1,-1,-1,-1
313,172,993.91,432.02,83.44,203.99,1,-1,-1,-1
313,173,550.99,445.88,72.54,189.68,1,-1,-1,-1
313,174,705.40,434.87,71.25,200.85,1,-1,-1,-1
314,171,844.89,438.45,78.34,202.62,1,-1,-1,-1
314,172,994.70,429.74,82.93,203.00,1,-1,-1,-1
314,173,551.44,443.10,73.16,191.96,1,-1,-1,-1
314,174,706.16,436.18,70.29,198.40,1,-1,-1,-1
315,171,845.85,436.86,78.11,202.20,1,-1,-1,-1
315,172,995.47,429.07,82.69,202.68,1,-1,-1,-1
315,173,551.84,441.81,73.38,192.97,1,-1,-1,-1
315,174,709.80,435.36,70.72,200.18,1,-1,-1,-1
316,171,846.65,437.29,77.71,201.27,1,-1,-1,-1
316,172,996.33,428.99,82.53,202.27,1,-1,-1,-1
316,173,552.63,441.15,73.43,193.24,1,-1,-1,-1
316,174,711.23,435.49,70.80,200.96,1,-1,-1,-1
317,171,849.54,440.41,78.38,203.50,1,-1,-1,-1
317,172,999.61,428.67,82.80,202.92,1,-1,-1,-1
317,173,556.60,440.98,73.16,193.08,1,-1,-1,-1
317,174,712.63,436.74,69.83,198.65,1,-1,-1,-1
318,171,851.00,442.11,78.43,203.97,1,-1,-1,-1
318,172,1001.10,427.41,83.27,204.12,1,-1,-1,-1
318,173,558.63,441.88,72.30,191.36,1,-1,-1,-1
318,174,713.16,436.42,69.94,199.26,1,-1,-1,-1
319,171,851.56,440.51,78.80,205.14,1,-1,-1,-1
319,172,1001.86,427.93,83.26,203.92,1,-1,-1,-1
319,173,559.62,445.63,72.11,190.50,1,-1,-1,-1
319,174,713.52,436.46,69.54,198.26,1,-1,-1,-1
320,171,852.41,441.70,78.74,205.53,1,-1,-1,-1
320,172,1002.30,427.45,83.22,203.88,1,-1,-1,-1
320,173,560.05,443.08,72.35,191.45,1,-1,-1,-1
320,174,713.61,440.29,70.03,199.47,1,-1,-1,-1
321,171,853.37,438.58,78.03,204.03,1,-1,-1,-1
321,172,1003.40,430.17,83.47,204.70,1,-1,-1,-1
321,173,560.51,446.77,71.87,189.80,1,-1,-1,-1
321,174,713.83,441.91,70.18,199.79,1,-1,-1,-1
322,171,854.44,436.69,77.80,203.55,1,-1,-1,-1
322,172,1003.87,429.08,82.83,203.34,1,-1,-1,-1
322,173,561.01,447.88,72.06,189.48,1,-1,-1,-1
322,174,714.32,437.63,70.33,199.75,1,-1,-1,-1
323,171,855.58,440.41,77.59,203.35,1,-1,-1,-1
323,172,1004.64,428.62,82.39,202.21,1,-1,-1,-1
323,173,561.42,443.91,72.36,190.35,1,-1,-1,-1
323,174,718.45,438.20,69.91,198.38,1,-1,-1,-1
324,171,858.21,437.58,77.81,203.89,1,-1,-1,-1
324,172,1007.85,431.16,82.89,203.43,1,-1,-1,-1
324,173,565.40,446.97,71.68,188.65,1,-1,-1,-1
324,174,719.45,436.37,69.99,198.61,1,-1,-1,-1
325,171,859.50,440.06,77.95,204.52,1,-1,-1,-1
325,172,1009.36,428.77,82.51,202.78,1,-1,-1,-1
325,173,566.68,444.00,72.05,190.02,1,-1,-1,-1
325,174,720.29,440.05,70.47,199.85,1,-1,-1,-1
326,171,860.20,440.99,77.66,204.10,1,-1,-1,-1
326,172,1010.75,429.32,81.80,201.35,1,-1,-1,-1
326,173,567.76,442.44,71.69,189.18,1,-1,-1,-1
326,174,721.34,439.83,68.85,195.59,1,-1,-1,-1
327,171,861.27,437.23,77.36,203.24,1,-1,-1,-1
327,172,1011.24,431.58,82.35,202.86,1,-1,-1,-1
327,173,568.34,441.98,72.05,190.53,1,-1,-1,-1
327,174,721.98,439.12,68.47,194.61,1,-1,-1,-1
328,171,862.79,437.75,76.39,200.55,1,-1,-1,-1
328,172,1011.71,432.36,82.64,203.62,1,-1,-1,-1
328,173,568.83,441.94,72.05,190.81,1,-1,-1,-1
328,174,722.40,441.55,69.74,197.84,1,-1,-1,-1
329,171,863.35,436.98,76.35,200.39,1,-1,-1,-1
329,172,1012.05,429.50,82.44,203.17,1,-1,-1,-1
329,173,570.00,445.97,71.41,189.21,1,-1,-1,-1
329,174,722.95,438.97,69.42,197.00,1,-1,-1,-1
330,171,864.20,441.57,76.44,200.95,1,-1,-1,-1
330,172,1012.46,428.45,82.33,202.86,1,-1,-1,-1
330,173,570.12,443.67,71.51,189.65,1,-1,-1,-1
330,174,726.67,436.82,69.62,197.80,1,-1,-1,-1
331,171,866.57,437.41,76.96,202.02,1,-1,-1,-1
331,172,1015.93,426.71,82.72,204.20,1,-1,-1,-1
331,173,573.86,443.34,70.91,188.65,1,-1,-1,-1
331,174,728.28,437.03,69.12,196.59,1,-1,-1,-1
332,171,867.74,436.81,77.18,202.32,1,-1,-1,-1
332,172,1017.48,426.08,82.79,204.53,1,-1,-1,-1
332,173,575.83,442.86,70.62,187.95,1,-1,-1,-1
332,174,729.63,439.62,67.94,193.25,1,-1,-1,-1
333,171,868.48,436.22,77.16,202.16,1,-1,-1,-1
333,172,1018.41,427.21,82.70,204.25,1,-1,-1,-1
333,173,576.53,442.96,70.78,188.58,1,-1,-1,-1
333,174,730.03,439.35,68.48,194.46,1,-1,-1,-1
334,171,869.12,436.31,77.03,201.79,1,-1,-1,-1
334,172,1019.15,427.83,82.31,203.44,1,-1,-1,-1
334,173,576.84,442.45,70.98,189.18,1,-1,-1,-1
334,174,730.70,439.98,67.86,192.59,1,-1,-1,-1
335,171,869.86,436.13,76.93,201.53,1,-1,-1,-1
335,172,1020.10,427.82,81.82,202.44,1,-1,-1,-1
335,173,576.95,442.71,71.12,189.26,1,-1,-1,-1
335,174,730.59,437.49,69.19,195.91,1,-1,-1,-1
336,171,870.39,440.16,77.45,203.02,1,-1,-1,-1
336,172,1020.96,428.76,81.37,201.21,1,-1,-1,-1
336,173,577.60,442.17,71.06,188.90,1,-1,-1,-1
336,174,731.25,442.71,68.88,194.53,1,-1,-1,-1
337,171,873.53,441.26,78.07,204.48,1,-1,-1,-1
337,172,1024.38,428.53,81.42,201.08,1,-1,-1,-1
337,173,581.64,445.93,70.88,188.49,1,-1,-1,-1
337,174,735.03,440.84,68.71,193.60,1,-1,-1,-1
338,171,875.35,438.32,77.05,201.55,1,-1,-1,-1
338,172,1026.13,428.33,81.30,200.95,1,-1,-1,-1
338,173,583.14,443.36,70.79,188.26,1,-1,-1,-1
338,174,736.79,440.75,68.56,192.85,1,-1,-1,-1
339,171,875.95,437.01,76.82,200.95,1,-1,-1,-1
339,172,1026.90,427.82,81.24,200.93,1,-1,-1,-1
339,173,583.91,441.42,71.05,188.97,1,-1,-1,-1
339,174,737.94,446.86,67.09,188.43,1,-1,-1,-1
340,171,876.08,435.84,77.16,201.61,1,-1,-1,-1
340,172,1027.41,428.84,81.39,201.05,1,-1,-1,-1
340,173,584.13,441.52,71.52,190.40,1,-1,-1,-1
340,174,737.92,441.96,68.44,192.05,1,-1,-1,-1
341,171,876.81,436.53,77.11,201.42,1,-1,-1,-1
341,172,1028.08,427.68,81.66,201.90,1,-1,-1,-1
341,173,584.37,441.39,71.98,191.91,1,-1,-1,-1
341,174,738.14,444.81,68.72,192.64,1,-1,-1,-1
342,171,878.21,437.00,77.16,201.63,1,-1,-1,-1
342,172,1028.32,430.58,82.65,203.78,1,-1,-1,-1
342,173,584.89,440.71,72.59,193.41,1,-1,-1,-1
342,174,739.24,446.33,68.39,191.45,1,-1,-1,-1
343,171,878.88,439.90,77.89,203.70,1,-1,-1,-1
343,172,1031.58,431.37,83.20,205.06,1,-1,-1,-1
343,173,585.49,441.33,72.18,192.15,1,-1,-1,-1
343,174,742.77,440.64,69.34,193.84,1,-1,-1,-1
344,171,879.54,440.32,77.91,203.81,1,-1,-1,-1
344,172,1029.84,428.48,83.00,204.03,1,-1,-1,-1
344,173,588.97,439.92,72.42,192.70,1,-1,-1,-1
344,174,744.37,439.28,69.13,192.97,1,-1,-1,-1
345,171,881.66,439.15,79.02,206.70,1,-1,-1,-1
345,172,1032.69,428.58,82.87,203.32,1,-1,-1,-1
345,173,590.37,440.72,72.40,192.84,1,-1,-1,-1
345,174,745.11,440.91,69.05,191.92,1,-1,-1,-1
346,171,883.18,436.63,78.36,205.08,1,-1,-1,-1
346,172,1033.74,428.00,83.06,203.45,1,-1,-1,-1
346,173,591.37,444.78,72.04,191.51,1,-1,-1,-1
346,174,745.40,439.43,69.51,192.90,1,-1,-1,-1
347,171,884.56,436.05,77.95,204.17,1,-1,-1,-1
347,172,1034.67,427.97,82.79,202.81,1,-1,-1,-1
347,173,591.57,442.15,72.85,193.59,1,-1,-1,-1
347,174,746.06,444.76,69.08,191.10,1,-1,-1,-1
348,171,885.15,437.60,78.63,206.17,1,-1,-1,-1
348,172,1035.41,428.82,82.30,201.77,1,-1,-1,-1
348,173,591.95,441.51,72.92,193.30,1,-1,-1,-1
348,174,746.29,441.28,70.35,193.67,1,-1,-1,-1
349,171,886.00,439.22,78.52,205.84,1,-1,-1,-1
349,172,1035.90,429.50,82.07,201.02,1,-1,-1,-1
349,173,592.58,444.72,72.76,192.23,1,-1,-1,-1
349,174,749.94,443.81,71.10,194.77,1,-1,-1,-1
350,171,886.96,437.28,77.76,203.77,1,-1,-1,-1
350,172,1036.61,429.94,81.75,199.98,1,-1,-1,-1
350,173,593.17,446.04,72.77,191.68,1,-1,-1,-1
350,174,751.30,440.92,72.03,196.28,1,-1,-1,-1
351,171,889.87,436.37,77.96,204.09,1,-1,-1,-1
351,172,1040.32,429.51,81.79,200.32,1,-1,-1,-1
351,173,593.43,442.19,73.07,191.98,1,-1,-1,-1
351,174,751.80,439.38,71.57,194.52,1,-1,-1,-1
352,171,891.41,438.89,78.26,204.88,1,-1,-1,-1
352,172,1041.87,430.03,81.65,199.95,1,-1,-1,-1
352,173,597.36,441.83,72.61,191.04,1,-1,-1,-1
352,174,752.58,444.64,70.74,192.14,1,-1,-1,-1
353,171,892.15,439.10,78.69,205.87,1,-1,-1,-1
353,172,1042.65,432.30,82.30,201.59,1,-1,-1,-1
353,173,599.07,441.40,72.70,191.37,1,-1,-1,-1
353,174,753.06,445.66,71.11,193.07,1,-1,-1,-1
354,171,892.87,439.77,78.76,206.13,1,-1,-1,-1
354,172,1043.35,430.94,81.85,200.60,1,-1,-1,-1
354,173,600.04,440.50,72.63,191.30,1,-1,-1,-1
354,174,753.46,441.50,71.45,194.40,1,-1,-1,-1
355,171,894.10,437.82,77.74,203.60,1,-1,-1,-1
355,172,1043.78,432.51,82.35,201.84,1,-1,-1,-1
355,173,600.54,440.97,72.94,192.60,1,-1,-1,-1
355,174,757.17,439.42,72.43,197.28,1,-1,-1,-1
356,171,894.68,440.67,77.93,204.38,1,-1,-1,-1
356,172,1044.28,429.52,82.50,201.94,1,-1,-1,-1
356,173,601.14,441.41,72.78,192.37,1,-1,-1,-1
356,174,758.86,438.63,72.28,197.25,1,-1,-1,-1
357,171,897.61,441.31,78.51,205.61,1,-1,-1,-1
357,172,1047.46,431.13,83.33,203.83,1,-1,-1,-1
357,173,604.85,441.78,72.32,191.66,1,-1,-1,-1
357,174,760.10,438.95,71.79,196.35,1,-1,-1,-1
358,171,899.00,437.85,78.42,204.95,1,-1,-1,-1
358,172,1048.83,431.97,83.99,205.27,1,-1,-1,-1
358,173,606.42,441.25,72.34,191.69,1,-1,-1,-1
358,174,760.78,442.77,71.74,196.10,1,-1,-1,-1
359,171,899.15,439.30,79.15,206.42,1,-1,-1,-1
359,172,1049.68,432.50,84.06,205.17,1,-1,-1,-1
359,173,607.08,441.63,72.22,191.59,1,-1,-1,-1
359,174,761.07,440.43,71.72,196.45,1,-1,-1,-1
360,171,899.82,437.16,78.91,205.54,1,-1,-1,-1
360,172,1050.18,430.20,83.46,203.48,1,-1,-1,-1
360,173,607.84,445.64,71.84,190.24,1,-1,-1,-1
360,174,761.38,444.65,71.40,195.03,1,-1,-1,-1
361,171,900.22,438.77,79.08,205.58,1,-1,-1,-1
361,172,1050.88,432.46,83.45,203.40,1,-1,-1,-1
361,173,608.14,447.26,71.92,189.86,1,-1,-1,-1
361,174,761.87,447.43,70.85,193.40,1,-1,-1,-1
362,171,901.27,439.92,79.45,205.86,1,-1,-1,-1
362,172,1051.41,430.57,82.99,201.88,1,-1,-1,-1
362,173,608.62,447.53,72.28,190.13,1,-1,-1,-1
362,174,765.65,446.96,71.46,195.14,1,-1,-1,-1
363,171,902.24,437.85,79.00,204.19,1,-1,-1,-1
363,172,1051.84,429.88,82.90,201.39,1,-1,-1,-1
363,173,608.97,443.92,72.57,190.83,1,-1,-1,-1
363,174,766.69,444.85,72.92,199.09,1,-1,-1,-1
364,171,902.83,439.98,79.18,203.95,1,-1,-1,-1
364,172,1052.09,432.12,83.28,201.69,1,-1,-1,-1
364,173,609.54,446.21,72.51,189.92,1,-1,-1,-1
364,174,767.42,441.07,72.38,197.73,1,-1,-1,-1
365,171,905.88,437.78,78.65,202.43,1,-1,-1,-1
365,172,1055.55,430.78,82.89,200.87,1,-1,-1,-1
365,173,612.55,443.08,73.18,191.91,1,-1,-1,-1
365,174,767.68,442.98,72.80,199.19,1,-1,-1,-1
366,171,907.00,440.02,79.06,203.26,1,-1,-1,-1
366,172,1057.49,429.79,82.62,200.45,1,-1,-1,-1
366,173,614.44,445.81,72.88,191.08,1,-1,-1,-1
366,174,768.20,444.52,71.75,197.20,1,-1,-1,-1
367,171,908.39,438.55,78.51,201.63,1,-1,-1,-1
367,172,1058.38,429.24,82.69,200.60,1,-1,-1,-1
367,173,615.32,441.90,73.30,192.01,1,-1,-1,-1
367,174,768.67,445.17,72.14,198.79,1,-1,-1,-1
368,171,909.15,440.49,79.33,203.86,1,-1,-1,-1
368,172,1058.91,429.25,82.58,200.43,1,-1,-1,-1
368,173,616.17,444.88,73.24,191.58,1,-1,-1,-1
368,174,769.52,445.77,71.79,198.19,1,-1,-1,-1
369,171,909.48,440.06,79.80,205.07,1,-1,-1,-1
369,172,1059.10,428.20,83.12,201.55,1,-1,-1,-1
369,173,616.28,441.54,74.02,193.08,1,-1,-1,-1
369,174,772.97,439.36,72.40,200.43,1,-1,-1,-1
370,171,910.66,438.44,78.78,202.53,1,-1,-1,-1
370,172,1059.78,428.95,83.00,200.98,1,-1,-1,-1
370,173,616.59,441.29,74.09,193.06,1,-1,-1,-1
370,174,774.45,441.83,72.47,200.85,1,-1,-1,-1
371,171,913.59,437.66,78.61,202.21,1,-1,-1,-1
371,172,1063.24,428.49,83.62,202.33,1,-1,-1,-1
371,173,616.80,439.71,74.45,193.12,1,-1,-1,-1
371,174,775.78,444.10,71.12,197.54,1,-1,-1,-1
372,171,914.47,439.34,79.69,204.94,1,-1,-1,-1
372,172,1064.95,428.27,83.80,202.33,1,-1,-1,-1
372,173,620.43,439.39,74.43,193.05,1,-1,-1,-1
372,174,776.72,445.85,70.11,195.13,1,-1,-1,-1
373,171,915.37,437.15,79.57,204.45,1,-1,-1,-1
373,172,1065.53,427.61,84.13,202.98,1,-1,-1,-1
373,173,621.96,439.51,74.74,194.01,1,-1,-1,-1
373,174,776.30,444.11,71.89,199.96,1,-1,-1,-1
374,171,916.07,436.54,79.40,203.86,1,-1,-1,-1
374,172,1066.18,428.26,83.95,202.38,1,-1,-1,-1
374,173,622.55,438.97,75.04,194.79,1,-1,-1,-1
374,174,776.65,444.22,72.16,200.80,1,-1,-1,-1
375,171,916.40,438.64,80.13,205.70,1,-1,-1,-1
375,172,1066.60,429.15,83.46,201.52,1,-1,-1,-1
375,173,623.10,440.06,74.92,194.47,1,-1,-1,-1
375,174,776.34,441.78,74.04,205.99,1,-1,-1,-1
376,171,917.16,440.88,79.94,205.49,1,-1,-1,-1
376,172,1067.79,432.64,83.25,200.90,1,-1,-1,-1
376,173,623.58,439.68,74.71,193.64,1,-1,-1,-1
376,174,777.22,443.43,72.93,202.78,1,-1,-1,-1
377,171,917.93,440.90,79.87,205.02,1,-1,-1,-1
377,172,1068.04,430.74,82.95,200.12,1,-1,-1,-1
377,173,627.34,439.90,74.93,194.75,1,-1,-1,-1
377,174,781.09,438.91,72.56,201.94,1,-1,-1,-1
378,171,921.21,437.45,79.41,204.04,1,-1,-1,-1
378,172,1068.54,430.19,82.75,199.65,1,-1,-1,-1
378,173,629.28,440.13,74.76,194.88,1,-1,-1,-1
378,174,782.50,435.53,73.00,203.64,1,-1,-1,-1
379,171,922.85,436.84,79.05,203.08,1,-1,-1,-1
379,172,1072.12,430.25,82.49,199.37,1,-1,-1,-1
379,173,630.65,444.35,74.11,193.42,1,-1,-1,-1
379,174,783.66,442.10,71.34,199.59,1,-1,-1,-1
380,171,923.94,440.91,78.92,202.81,1,-1,-1,-1
380,172,1073.91,430.23,82.24,199.34,1,-1,-1,-1
380,173,631.29,441.85,74.21,194.33,1,-1,-1,-1
380,174,783.49,441.45,73.06,204.64,1,-1,-1,-1
381,171,924.59,441.07,79.14,203.47,1,-1,-1,-1
381,172,1075.26,430.77,81.77,198.40,1,-1,-1,-1
381,173,631.74,440.47,74.35,195.24,1,-1,-1,-1
381,174,784.05,442.88,72.18,202.60,1,-1,-1,-1
382,171,925.04,440.79,79.60,204.61,1,-1,-1,-1
382,172,1075.58,430.28,82.11,199.11,1,-1,-1,-1
382,173,632.14,439.42,74.82,196.44,1,-1,-1,-1
382,174,784.99,441.81,72.40,203.51,1,-1,-1,-1
383,171,925.48,440.60,79.55,204.43,1,-1,-1,-1
383,172,1075.95,429.81,82.37,199.79,1,-1,-1,-1
383,173,635.80,439.62,74.35,195.58,1,-1,-1,-1
383,174,785.58,442.02,72.13,203.04,1,-1,-1,-1
384,171,926.27,442.26,79.20,203.64,1,-1,-1,-1
384,172,1076.03,429.31,82.86,200.60,1,-1,-1,-1
384,173,637.44,439.86,74.12,195.40,1,-1,-1,-1
384,174,789.96,439.40,71.00,200.02,1,-1,-1,-1
385,171,927.07,443.37,78.81,202.77,1,-1,-1,-1
385,172,1079.32,427.38,83.73,202.76,1,-1,-1,-1
385,173,638.39,439.70,73.89,195.29,1,-1,-1,-1
385,174,791.61,438.22,70.61,199.22,1,-1,-1,-1
386,171,929.52,441.91,79.57,204.35,1,-1,-1,-1
386,172,1081.37,428.39,83.47,202.07,1,-1,-1,-1
386,173,638.68,439.49,74.00,195.96,1,-1,-1,-1
386,174,792.65,443.53,68.96,194.96,1,-1,-1,-1
387,171,930.59,440.16,80.10,205.46,1,-1,-1,-1
387,172,1082.16,427.74,83.66,202.56,1,-1,-1,-1
387,173,639.55,440.12,73.53,195.14,1,-1,-1,-1
387,174,793.53,440.58,69.07,195.47,1,-1,-1,-1
388,171,931.67,437.97,79.58,204.17,1,-1,-1,-1
388,172,1082.67,431.19,83.99,203.33,1,-1,-1,-1
388,173,640.18,444.29,73.23,193.84,1,-1,-1,-1
388,174,792.94,440.39,72.00,204.02,1,-1,-1,-1
389,171,932.36,436.77,79.65,204.29,1,-1,-1,-1
389,172,1082.86,432.42,84.39,204.14,1,-1,-1,-1
389,173,640.56,441.92,73.34,194.37,1,-1,-1,-1
389,174,793.20,440.51,72.27,204.98,1,-1,-1,-1
390,171,933.05,439.01,79.56,203.87,1,-1,-1,-1
390,172,1083.45,430.58,83.64,202.28,1,-1,-1,-1
390,173,641.15,444.67,72.97,193.05,1,-1,-1,-1
390,174,796.69,440.14,73.25,207.90,1,-1,-1,-1
391,171,934.50,437.99,78.82,202.09,1,-1,-1,-1
391,172,1087.53,429.98,83.21,201.41,1,-1,-1,-1
391,173,641.55,441.42,73.02,193.01,1,-1,-1,-1
391,174,798.39,440.73,72.83,206.89,1,-1,-1,-1
392,171,936.99,438.93,79.79,204.25,1,-1,-1,-1
392,172,1089.40,429.96,82.85,200.38,1,-1,-1,-1
392,173,644.90,440.17,73.61,194.97,1,-1,-1,-1
392,174,799.42,441.57,71.60,203.87,1,-1,-1,-1
393,171,938.42,440.61,79.50,203.31,1,-1,-1,-1
393,172,1090.24,431.92,83.63,202.38,1,-1,-1,-1
393,173,647.24,444.17,72.72,192.94,1,-1,-1,-1
393,174,800.18,443.06,71.06,202.72,1,-1,-1,-1
394,171,938.92,440.25,79.77,204.05,1,-1,-1,-1
394,172,1090.92,429.69,83.31,201.74,1,-1,-1,-1
394,173,647.77,440.26,73.19,194.31,1,-1,-1,-1
394,174,801.62,441.43,68.68,196.40,1,-1,-1,-1
395,171,940.32,442.86,78.92,202.01,1,-1,-1,-1
395,172,1091.11,427.99,83.56,202.50,1,-1,-1,-1
395,173,648.32,440.09,73.33,194.94,1,-1,-1,-1
395,174,802.21,444.15,68.37,195.63,1,-1,-1,-1
396,171,941.47,439.52,78.58,201.34,1,-1,-1,-1
396,172,1091.70,428.04,83.72,202.56,1,-1,-1,-1
396,173,648.55,439.36,73.83,196.02,1,-1,-1,-1
396,174,802.81,440.49,68.86,197.15,1,-1,-1,-1
397,171,942.53,438.41,78.27,200.49,1,-1,-1,-1
397,172,1095.25,427.50,84.25,203.52,1,-1,-1,-1
397,173,652.03,439.31,73.93,196.52,1,-1,-1,-1
397,174,802.99,438.23,69.32,198.33,1,-1,-1,-1
398,171,943.07,439.85,78.68,201.72,1,-1,-1,-1
398,172,1097.14,427.26,84.43,203.63,1,-1,-1,-1
398,173,654.12,443.81,72.98,193.86,1,-1,-1,-1
398,174,805.90,439.37,70.92,203.10,1,-1,-1,-1
399,171,945.56,441.89,79.31,203.48,1,-1,-1,-1
399,172,1098.05,427.74,84.39,203.31,1,-1,-1,-1
399,173,654.87,441.05,73.22,194.40,1,-1,-1,-1
399,174,807.69,442.47,70.00,200.59,1,-1,-1,-1
400,171,946.81,439.39,78.54,201.53,1,-1,-1,-1
400,172,1098.53,426.72,84.58,203.96,1,-1,-1,-1
400,173,655.02,439.61,74.06,196.93,1,-1,-1,-1
400,174,807.75,436.66,71.67,205.22,1,-1,-1,-1
401,171,947.32,440.21,79.00,202.92,1,-1,-1,-1
401,172,1099.00,427.93,84.14,203.11,1,-1,-1,-1
401,173,655.28,439.43,74.02,196.77,1,-1,-1,-1
401,174,807.86,439.01,71.72,205.26,1,-1,-1,-1
402,171,947.75,440.02,79.80,204.98,1,-1,-1,-1
402,172,1099.40,431.01,84.48,204.19,1,-1,-1,-1
402,173,656.22,439.32,73.64,195.32,1,-1,-1,-1
402,174,808.76,439.91,72.19,205.80,1,-1,-1,-1
403,171,948.60,440.99,79.53,204.46,1,-1,-1,-1
403,172,1099.97,429.99,83.68,202.21,1,-1,-1,-1
403,173,656.92,443.63,73.21,193.49,1,-1,-1,-1
403,174,809.11,441.77,71.67,203.48,1,-1,-1,-1
404,171,949.60,441.71,79.63,204.72,1,-1,-1,-1
404,172,1100.08,428.96,83.75,201.83,1,-1,-1,-1
404,173,657.20,445.27,73.45,193.47,1,-1,-1,-1
404,174,812.69,440.19,72.84,206.31,1,-1,-1,-1
405,171,950.92,443.55,78.61,202.23,1,-1,-1,-1
405,172,1103.71,428.13,83.67,201.99,1,-1,-1,-1
405,173,660.80,445.47,73.36,193.46,1,-1,-1,-1
405,174,814.06,439.50,73.55,208.07,1,-1,-1,-1
406,171,953.87,439.57,78.48,201.92,1,-1,-1,-1
406,172,1105.46,430.92,84.24,204.01,1,-1,-1,-1
406,173,661.85,441.31,74.07,195.63,1,-1,-1,-1
406,174,815.71,443.48,70.82,200.16,1,-1,-1,-1
407,171,955.41,442.01,78.81,202.91,1,-1,-1,-1
407,172,1106.48,428.68,83.59,202.95,1,-1,-1,-1
407,173,663.73,444.68,73.05,193.22,1,-1,-1,-1
407,174,816.84,445.52,69.23,195.56,1,-1,-1,-1
408,171,956.28,441.43,78.88,203.08,1,-1,-1,-1
408,172,1106.98,428.20,83.55,203.11,1,-1,-1,-1
408,173,664.50,441.12,73.06,192.96,1,-1,-1,-1
408,174,817.78,441.99,69.11,194.77,1,-1,-1,-1
409,171,957.15,438.77,78.51,201.93,1,-1,-1,-1
409,172,1107.27,427.92,83.55,203.07,1,-1,-1,-1
409,173,665.15,444.69,72.89,192.28,1,-1,-1,-1
409,174,817.91,438.48,69.97,197.02,1,-1,-1,-1
410,171,957.39,441.19,79.24,203.93,1,-1,-1,-1
410,172,1107.90,428.54,83.34,202.43,1,-1,-1,-1
410,173,665.08,441.87,73.47,193.99,1,-1,-1,-1
410,174,818.53,438.33,69.89,196.68,1,-1,-1,-1
411,171,957.97,440.34,79.31,204.09,1,-1,-1,-1
411,172,1111.56,428.52,83.48,202.60,1,-1,-1,-1
411,173,668.88,445.15,72.85,192.34,1,-1,-1,-1
411,174,818.62,438.42,69.87,196.57,1,-1,-1,-1
412,171,958.71,441.33,79.35,204.17,1,-1,-1,-1
412,172,1113.39,427.89,83.70,202.97,1,-1,-1,-1
412,173,670.28,441.63,73.36,193.77,1,-1,-1,-1
412,174,822.97,444.67,68.36,192.09,1,-1,-1,-1
413,171,961.55,438.68,78.86,202.68,1,-1,-1,-1
413,172,1114.01,427.84,83.84,203.44,1,-1,-1,-1
413,173,671.32,440.70,73.24,193.65,1,-1,-1,-1
413,174,824.44,446.38,68.52,191.91,1,-1,-1,-1
414,171,962.37,436.64,79.54,204.43,1,-1,-1,-1
414,172,1114.55,427.30,83.81,203.46,1,-1,-1,-1
414,173,671.86,440.36,72.98,193.01,1,-1,-1,-1
414,174,824.75,445.39,70.01,195.89,1,-1,-1,-1
415,171,963.10,436.25,79.50,204.47,1,-1,-1,-1
415,172,1115.27,428.34,83.31,202.21,1,-1,-1,-1
415,173,672.25,440.79,72.77,192.64,1,-1,-1,-1
415,174,825.28,444.99,70.55,196.99,1,-1,-1,-1
416,171,964.03,440.25,79.75,205.26,1,-1,-1,-1
416,172,1116.05,428.53,83.11,201.44,1,-1,-1,-1
416,173,673.02,445.27,72.09,190.42,1,-1,-1,-1
416,174,826.28,446.83,69.49,193.71,1,-1,-1,-1
417,171,965.04,437.79,79.35,204.20,1,-1,-1,-1
417,172,1119.31,431.64,83.93,203.22,1,-1,-1,-1
417,173,676.32,441.71,73.20,193.62,1,-1,-1,-1
417,174,826.58,441.91,69.47,193.57,1,-1,-1,-1
418,171,966.11,439.94,79.23,203.78,1,-1,-1,-1
418,172,1120.82,429.85,83.65,202.64,1,-1,-1,-1
418,173,678.74,445.93,71.97,190.24,1,-1,-1,-1
418,174,830.72,444.61,69.70,194.04,1,-1,-1,-1
419,171,969.15,441.73,79.32,203.98,1,-1,-1,-1
419,172,1121.65,429.36,83.26,201.66,1,-1,-1,-1
419,173,679.57,442.73,72.07,190.51,1,-1,-1,-1
419,174,832.60,442.31,69.01,192.34,1,-1,-1,-1
420,171,970.23,441.14,79.36,204.27,1,-1,-1,-1
420,172,1122.14,431.73,83.68,202.78,1,-1,-1,-1
420,173,680.12,441.76,72.26,191.18,1,-1,-1,-1
420,174,833.38,441.05,68.86,191.98,1,-1,-1,-1
421,171,971.66,440.89,78.96,203.64,1,-1,-1,-1
421,172,1122.97,432.79,83.67,203.00,1,-1,-1,-1
421,173,680.57,440.74,72.18,190.84,1,-1,-1,-1
421,174,834.39,444.84,68.85,191.84,1,-1,-1,-1
422,171,973.09,438.55,78.11,201.49,1,-1,-1,-1
422,172,1123.42,430.52,83.29,201.91,1,-1,-1,-1
422,173,680.81,439.95,73.08,192.73,1,-1,-1,-1
422,174,835.66,444.21,67.78,188.53,1,-1,-1,-1
423,171,973.33,440.30,79.02,204.23,1,-1,-1,-1
423,172,1123.82,429.36,83.34,201.82,1,-1,-1,-1
423,173,684.33,439.47,73.29,193.29,1,-1,-1,-1
423,174,838.56,440.53,69.68,193.80,1,-1,-1,-1
424,171,973.99,442.06,79.05,204.60,1,-1,-1,-1
424,172,1127.41,428.93,83.68,202.31,1,-1,-1,-1
424,173,686.23,444.55,72.72,191.50,1,-1,-1,-1
424,174,840.20,438.66,69.63,193.84,1,-1,-1,-1
425,171,974.77,441.90,78.75,204.11,1,-1,-1,-1
425,172,1128.40,430.01,85.17,205.95,1,-1,-1,-1
425,173,686.65,441.37,73.55,193.62,1,-1,-1,-1
425,174,841.42,440.76,68.53,190.53,1,-1,-1,-1
426,171,977.27,440.06,79.57,206.20,1,-1,-1,-1
426,172,1129.46,427.50,85.09,205.85,1,-1,-1,-1
426,173,687.09,444.66,73.54,193.00,1,-1,-1,-1
426,174,841.76,440.79,68.67,190.63,1,-1,-1,-1
427,171,978.44,439.55,79.96,207.01,1,-1,-1,-1
427,172,1130.37,427.43,84.57,204.52,1,-1,-1,-1
427,173,687.39,441.23,74.46,194.94,1,-1,-1,-1
427,174,842.61,446.71,67.84,187.73,1,-1,-1,-1
428,171,979.46,441.31,79.63,206.40,1,-1,-1,-1
428,172,1131.03,427.90,83.99,203.29,1,-1,-1,-1
428,173,687.89,444.88,73.94,192.74,1,-1,-1,-1
428,174,843.06,443.06,68.65,189.84,1,-1,-1,-1
429,171,980.40,438.35,78.76,204.02,1,-1,-1,-1
429,172,1131.46,427.96,83.90,203.04,1,-1,-1,-1
429,173,688.06,441.19,74.79,194.57,1,-1,-1,-1
429,174,846.67,446.72,68.47,189.36,1,-1,-1,-1
430,171,980.56,439.53,79.35,205.80,1,-1,-1,-1
430,172,1131.87,428.01,83.71,202.55,1,-1,-1,-1
430,173,691.24,438.76,75.50,196.99,1,-1,-1,-1
430,174,847.45,441.15,69.72,192.96,1,-1,-1,-1
431,171,982.15,442.16,78.59,204.02,1,-1,-1,-1
431,172,1135.66,431.20,83.83,203.23,1,-1,-1,-1
431,173,692.55,438.10,76.05,198.72,1,-1,-1,-1
431,174,847.96,439.70,69.83,193.64,1,-1,-1,-1
432,171,983.31,439.27,77.44,200.82,1,-1,-1,-1
432,172,1137.26,429.40,83.32,202.33,1,-1,-1,-1
432,173,694.45,443.21,74.58,195.04,1,-1,-1,-1
432,174,849.21,445.79,68.33,189.77,1,-1,-1,-1
433,171,985.64,439.49,78.76,204.00,1,-1,-1,-1
433,172,1138.16,431.91,83.42,203.27,1,-1,-1,-1
433,173,695.53,441.24,73.91,193.61,1,-1,-1,-1
433,174,849.26,441.46,69.81,194.16,1,-1,-1,-1
434,171,986.76,440.13,79.25,205.09,1,-1,-1,-1
434,172,1138.63,430.14,82.71,202.08,1,-1,-1,-1
434,173,696.35,444.58,73.51,192.45,1,-1,-1,-1
434,174,849.82,440.64,69.37,193.26,1,-1,-1,-1
435,171,987.68,437.93,78.32,202.58,1,-1,-1,-1
435,172,1139.57,432.26,82.61,202.26,1,-1,-1,-1
435,173,696.18,440.71,74.65,195.76,1,-1,-1,-1
435,174,850.34,438.71,69.54,194.16,1,-1,-1,-1
436,171,988.81,440.01,78.80,204.03,1,-1,-1,-1
436,172,1140.00,432.60,82.82,203.06,1,-1,-1,-1
436,173,696.20,438.92,75.15,196.71,1,-1,-1,-1
436,174,851.37,444.59,68.71,191.92,1,-1,-1,-1
437,171,989.86,441.07,78.97,204.49,1,-1,-1,-1
437,172,1140.14,432.56,83.14,203.78,1,-1,-1,-1
437,173,700.14,438.83,74.89,195.88,1,-1,-1,-1
437,174,854.55,441.70,69.26,193.54,1,-1,-1,-1
438,171,990.83,438.69,78.42,202.99,1,-1,-1,-1
438,172,1143.43,431.96,84.28,206.58,1,-1,-1,-1
438,173,702.32,444.22,73.73,192.70,1,-1,-1,-1
438,174,855.44,437.94,70.92,198.53,1,-1,-1,-1
439,171,991.20,440.00,78.71,203.45,1,-1,-1,-1
439,172,1145.05,428.05,83.97,205.92,1,-1,-1,-1
439,173,702.75,445.68,73.97,192.82,1,-1,-1,-1
439,174,856.45,437.75,70.28,196.97,1,-1,-1,-1
440,171,993.77,438.15,78.42,202.57,1,-1,-1,-1
440,172,1146.07,428.17,83.27,204.40,1,-1,-1,-1
440,173,703.51,442.97,73.65,192.34,1,-1,-1,-1
440,174,857.04,438.04,70.07,196.49,1,-1,-1,-1
441,171,995.27,441.32,78.53,203.09,1,-1,-1,-1
441,172,1147.05,427.55,82.86,203.66,1,-1,-1,-1
441,173,703.86,441.44,73.72,192.27,1,-1,-1,-1
441,174,858.28,445.01,68.27,191.40,1,-1,-1,-1
442,171,995.82,440.65,79.16,204.69,1,-1,-1,-1
442,172,1147.81,428.07,82.44,202.51,1,-1,-1,-1
442,173,703.89,439.86,74.36,192.66,1,-1,-1,-1
442,174,859.02,441.46,68.86,193.01,1,-1,-1,-1
443,171,996.48,438.25,78.61,203.65,1,-1,-1,-1
443,172,1148.26,431.05,82.63,203.13,1,-1,-1,-1
443,173,703.89,439.36,75.40,194.74,1,-1,-1,-1
443,174,861.82,438.06,69.92,196.27,1,-1,-1,-1
444,171,997.40,437.25,78.33,202.99,1,-1,-1,-1
444,172,1151.67,431.86,83.14,204.38,1,-1,-1,-1
444,173,708.06,444.31,74.67,192.45,1,-1,-1,-1
444,174,863.44,438.68,69.60,195.59,1,-1,-1,-1
445,171,998.27,437.27,78.09,202.56,1,-1,-1,-1
445,172,1153.04,429.57,82.83,204.00,1,-1,-1,-1
445,173,709.58,441.33,74.58,192.05,1,-1,-1,-1
445,174,864.27,437.78,70.11,197.27,1,-1,-1,-1
446,171,999.60,437.37,77.35,200.95,1,-1,-1,-1
446,172,1154.05,430.90,83.02,205.02,1,-1,-1,-1
446,173,710.32,440.58,74.99,193.12,1,-1,-1,-1
446,174,865.19,440.04,68.74,193.60,1,-1,-1,-1
447,171,1002.06,438.72,78.62,204.14,1,-1,-1,-1
447,172,1155.20,429.98,81.85,202.24,1,-1,-1,-1
447,173,710.99,440.14,75.43,193.95,1,-1,-1,-1
447,174,865.72,438.85,69.44,195.60,1,-1,-1,-1
448,171,1003.58,439.54,78.76,204.51,1,-1,-1,-1
448,172,1155.72,429.15,81.73,202.24,1,-1,-1,-1
448,173,711.29,444.07,75.36,193.08,1,-1,-1,-1
448,174,866.46,438.15,69.94,196.88,1,-1,-1,-1
449,171,1004.62,441.46,78.73,204.50,1,-1,-1,-1
449,172,1156.25,430.98,82.55,204.23,1,-1,-1,-1
449,173,711.49,445.76,75.69,193.09,1,-1,-1,-1
449,174,869.70,436.21,70.51,198.77,1,-1,-1,-1
450,171,1005.71,438.66,78.05,203.08,1,-1,-1,-1
450,172,1156.73,428.90,82.29,203.63,1,-1,-1,-1
450,173,711.60,446.12,75.87,192.97,1,-1,-1,-1
450,174,871.62,437.04,70.08,197.75,1,-1,-1,-1
451,171,1006.93,440.77,77.95,202.94,1,-1,-1,-1
451,172,1160.34,430.43,83.39,206.09,1,-1,-1,-1
451,173,715.23,446.71,75.80,192.65,1,-1,-1,-1
451,174,872.58,437.22,69.75,197.10,1,-1,-1,-1
452,171,1007.46,441.16,78.26,203.74,1,-1,-1,-1
452,172,1161.99,427.95,83.33,205.60,1,-1,-1,-1
452,173,716.76,442.37,76.33,194.65,1,-1,-1,-1
452,174,873.13,436.43,70.08,198.22,1,-1,-1,-1
453,171,1010.05,437.49,78.35,203.86,1,-1,-1,-1
453,172,1162.39,429.21,84.08,207.69,1,-1,-1,-1
453,173,718.08,441.34,75.76,193.81,1,-1,-1,-1
453,174,873.80,437.81,69.57,196.47,1,-1,-1,-1
454,171,1010.73,438.24,79.49,206.58,1,-1,-1,-1
454,172,1162.84,428.05,83.42,206.04,1,-1,-1,-1
454,173,718.52,440.60,75.89,194.12,1,-1,-1,-1
454,174,873.81,436.60,70.23,198.44,1,-1,-1,-1
455,171,1011.72,436.85,78.63,204.49,1,-1,-1,-1
455,172,1163.74,430.69,82.98,205.26,1,-1,-1,-1
455,173,718.88,440.35,75.71,193.43,1,-1,-1,-1
455,174,874.77,437.60,69.71,196.83,1,-1,-1,-1
456,171,1012.96,436.16,78.36,204.19,1,-1,-1,-1
456,172,1164.71,430.01,81.88,202.61,1,-1,-1,-1
456,173,718.80,440.08,76.31,194.66,1,-1,-1,-1
456,174,878.06,436.94,70.63,199.15,1,-1,-1,-1
457,171,1013.78,439.70,78.90,205.78,1,-1,-1,-1
457,172,1167.87,431.43,82.59,204.23,1,-1,-1,-1
457,173,719.17,439.73,76.73,195.39,1,-1,-1,-1
457,174,879.10,434.30,71.58,202.25,1,-1,-1,-1
458,171,1014.81,437.64,78.31,204.24,1,-1,-1,-1
458,172,1169.15,431.28,82.95,205.30,1,-1,-1,-1
458,173,723.43,444.11,76.09,193.74,1,-1,-1,-1
458,174,879.47,433.29,72.64,205.53,1,-1,-1,-1
459,171,1017.74,440.25,78.73,205.07,1,-1,-1,-1
459,172,1170.22,432.21,82.65,204.42,1,-1,-1,-1
459,173,725.09,445.08,76.44,194.33,1,-1,-1,-1
459,174,880.21,430.04,71.88,203.74,1,-1,-1,-1
460,171,1019.10,441.19,78.89,205.35,1,-1,-1,-1
460,172,1170.75,432.87,82.53,204.46,1,-1,-1,-1
460,173,726.25,442.19,76.17,193.96,1,-1,-1,-1
460,174,880.60,433.10,71.91,203.98,1,-1,-1,-1
461,171,1020.55,438.38,78.17,203.44,1,-1,-1,-1
461,172,1171.44,429.59,82.09,203.73,1,-1,-1,-1
461,173,726.67,440.42,76.42,194.32,1,-1,-1,-1
461,174,881.30,435.46,70.66,200.75,1,-1,-1,-1
462,171,1021.04,439.42,78.92,205.13,1,-1,-1,-1
462,172,1172.06,431.52,82.44,204.61,1,-1,-1,-1
462,173,726.64,443.20,77.23,195.36,1,-1,-1,-1
462,174,885.06,434.17,71.12,202.59,1,-1,-1,-1
463,171,1021.56,439.59,79.26,205.61,1,-1,-1,-1
463,172,1172.45,429.40,82.26,204.09,1,-1,-1,-1
463,173,730.58,440.78,77.27,195.66,1,-1,-1,-1
463,174,886.73,433.75,71.62,204.50,1,-1,-1,-1
464,171,1022.30,441.82,79.12,205.06,1,-1,-1,-1
464,172,1175.65,429.94,83.31,206.37,1,-1,-1,-1
464,173,732.01,439.42,77.83,197.15,1,-1,-1,-1
464,174,888.27,435.92,70.31,201.07,1,-1,-1,-1
465,171,1022.81,440.92,79.33,204.94,1,-1,-1,-1
465,172,1177.26,428.33,83.08,205.78,1,-1,-1,-1
465,173,733.04,439.46,77.58,196.69,1,-1,-1,-1
465,174,888.52,434.22,71.01,203.56,1,-1,-1,-1
466,171,1025.43,441.68,79.82,205.49,1,-1,-1,-1
466,172,1178.35,428.24,82.65,204.63,1,-1,-1,-1
466,173,733.52,439.44,77.53,196.62,1,-1,-1,-1
466,174,889.37,436.62,69.49,199.35,1,-1,-1,-1
467,171,1026.45,441.06,80.50,206.41,1,-1,-1,-1
467,172,1179.30,430.78,82.98,204.94,1,-1,-1,-1
467,173,733.86,442.86,77.74,195.62,1,-1,-1,-1
467,174,889.77,436.31,69.58,199.51,1,-1,-1,-1
468,171,1027.41,438.39,79.78,204.34,1,-1,-1,-1
468,172,1179.70,431.62,83.11,205.42,1,-1,-1,-1
468,173,733.76,440.55,78.20,196.40,1,-1,-1,-1
468,174,890.48,435.91,70.17,200.71,1,-1,-1,-1
469,171,1027.81,439.79,80.69,206.20,1,-1,-1,-1
469,172,1180.23,429.46,82.61,203.83,1,-1,-1,-1
469,173,734.02,443.94,78.15,195.05,1,-1,-1,-1
469,174,894.14,436.07,70.49,201.14,1,-1,-1,-1
470,171,1028.07,439.49,81.13,206.81,1,-1,-1,-1
470,172,1180.74,428.75,82.46,203.10,1,-1,-1,-1
470,173,734.01,445.47,78.82,195.63,1,-1,-1,-1
470,174,895.10,434.27,71.43,203.74,1,-1,-1,-1
471,171,1028.72,438.99,81.41,206.86,1,-1,-1,-1
471,172,1184.30,428.20,82.53,203.26,1,-1,-1,-1
471,173,737.87,444.78,79.25,195.98,1,-1,-1,-1
471,174,895.84,434.25,71.25,203.31,1,-1,-1,-1
472,171,1032.05,438.93,81.70,207.08,1,-1,-1,-1
472,172,1185.80,427.94,82.47,203.06,1,-1,-1,-1
472,173,740.03,444.83,79.18,195.40,1,-1,-1,-1
472,174,896.82,439.42,71.10,202.92,1,-1,-1,-1
473,171,1033.86,440.60,81.30,205.69,1,-1,-1,-1
473,172,1186.53,431.53,82.88,203.93,1,-1,-1,-1
473,173,741.27,445.85,78.51,193.61,1,-1,-1,-1
473,174,897.20,436.97,71.04,202.62,1,-1,-1,-1
474,171,1034.31,439.90,81.60,206.15,1,-1,-1,-1
474,172,1187.23,432.69,82.93,203.71,1,-1,-1,-1
474,173,741.22,445.02,79.65,195.94,1,-1,-1,-1
474,174,897.40,435.48,70.84,202.29,1,-1,-1,-1
475,171,1035.48,438.26,80.39,203.16,1,-1,-1,-1
475,172,1187.70,430.27,82.48,202.68,1,-1,-1,-1
475,173,741.26,444.32,80.27,196.85,1,-1,-1,-1
475,174,898.51,436.43,70.24,200.49,1,-1,-1,-1
476,171,1036.75,437.54,79.98,202.34,1,-1,-1,-1
476,172,1191.23,431.91,83.56,205.10,1,-1,-1,-1
476,173,745.16,444.11,80.62,197.20,1,-1,-1,-1
476,174,901.81,435.39,70.61,201.93,1,-1,-1,-1
477,171,1037.48,440.14,80.48,203.57,1,-1,-1,-1
477,172,1192.48,431.46,84.51,207.13,1,-1,-1,-1
477,173,746.87,443.89,80.78,197.48,1,-1,-1,-1
477,174,903.93,436.18,70.34,201.43,1,-1,-1,-1
478,171,1038.09,439.99,80.62,203.85,1,-1,-1,-1
478,172,1193.15,431.22,84.79,207.46,1,-1,-1,-1
478,173,747.56,444.21,80.77,197.69,1,-1,-1,-1
478,174,904.63,438.86,71.26,204.42,1,-1,-1,-1
479,171,1041.07,437.97,80.42,202.91,1,-1,-1,-1
479,172,1193.77,432.21,85.01,207.61,1,-1,-1,-1
479,173,747.60,444.00,81.60,199.16,1,-1,-1,-1
479,174,904.95,434.59,71.57,205.73,1,-1,-1,-1
480,171,1041.69,439.30,81.30,205.00,1,-1,-1,-1
480,172,1194.18,428.98,84.33,205.96,1,-1,-1,-1
480,173,748.27,444.88,80.81,197.03,1,-1,-1,-1
480,174,905.81,436.00,70.61,202.74,1,-1,-1,-1
481,171,1042.52,439.37,81.46,205.50,1,-1,-1,-1
481,172,1194.80,431.09,83.75,204.80,1,-1,-1,-1
481,173,748.31,444.68,81.34,197.63,1,-1,-1,-1
481,174,906.26,436.09,69.84,200.53,1,-1,-1,-1
482,171,1043.61,437.57,80.87,204.22,1,-1,-1,-1
482,172,1195.52,429.25,83.37,203.95,1,-1,-1,-1
482,173,748.53,444.05,81.66,197.79,1,-1,-1,-1
482,174,910.04,436.32,69.92,200.49,1,-1,-1,-1
483,171,1044.02,438.37,81.45,205.86,1,-1,-1,-1
483,172,1196.35,429.23,82.70,202.37,1,-1,-1,-1
483,173,752.98,444.89,81.18,197.04,1,-1,-1,-1
483,174,911.23,439.29,70.92,203.31,1,-1,-1,-1
484,171,1044.78,439.43,81.75,206.67,1,-1,-1,-1
484,172,1199.25,431.83,83.82,205.01,1,-1,-1,-1
484,173,755.14,445.72,80.51,195.99,1,-1,-1,-1
484,174,911.79,437.09,70.78,202.81,1,-1,-1,-1
485,171,1048.18,440.62,81.46,206.08,1,-1,-1,-1
485,172,1200.83,432.11,83.62,204.81,1,-1,-1,-1
485,173,756.30,445.72,79.70,194.45,1,-1,-1,-1
485,174,912.42,440.11,70.59,202.44,1,-1,-1,-1
486,171,1049.96,440.23,81.34,205.74,1,-1,-1,-1
486,172,1202.20,430.21,82.56,202.77,1,-1,-1,-1
486,173,756.66,444.94,80.07,195.61,1,-1,-1,-1
486,174,912.69,435.17,70.96,204.24,1,-1,-1,-1
487,171,1051.07,437.99,80.74,204.12,1,-1,-1,-1
487,172,1202.96,432.22,82.54,202.99,1,-1,-1,-1
487,173,757.27,444.91,80.17,196.34,1,-1,-1,-1
487,174,913.29,435.61,70.55,203.26,1,-1,-1,-1
488,171,1051.96,439.94,80.52,203.73,1,-1,-1,-1
488,172,1203.61,433.08,82.42,202.92,1,-1,-1,-1
488,173,757.47,444.12,80.34,197.17,1,-1,-1,-1
488,174,914.50,435.80,69.58,200.35,1,-1,-1,-1
489,171,1052.54,440.32,80.91,204.65,1,-1,-1,-1
489,172,1203.48,429.52,82.55,203.48,1,-1,-1,-1
489,173,761.18,443.73,80.78,198.56,1,-1,-1,-1
489,174,915.19,435.77,69.37,199.47,1,-1,-1,-1
490,171,1053.24,438.18,80.39,203.41,1,-1,-1,-1
490,172,1204.08,428.88,82.44,203.13,1,-1,-1,-1
490,173,763.06,444.58,80.24,197.92,1,-1,-1,-1
490,174,918.08,431.00,69.85,201.13,1,-1,-1,-1
491,171,1054.21,440.58,80.25,203.03,1,-1,-1,-1
491,172,1207.85,427.95,82.97,204.22,1,-1,-1,-1
491,173,763.61,443.38,80.51,199.17,1,-1,-1,-1
491,174,919.96,435.39,68.85,198.42,1,-1,-1,-1
492,171,1056.94,441.29,80.99,204.55,1,-1,-1,-1
492,172,1209.27,426.67,83.66,205.69,1,-1,-1,-1
492,173,764.08,443.01,80.78,200.54,1,-1,-1,-1
492,174,920.66,434.75,69.49,200.51,1,-1,-1,-1
493,171,1057.67,439.90,81.66,205.77,1,-1,-1,-1
493,172,1210.16,430.35,83.93,206.31,1,-1,-1,-1
493,173,764.99,444.32,79.82,198.72,1,-1,-1,-1
493,174,920.91,430.34,69.98,202.02,1,-1,-1,-1
494,171,1058.23,440.38,81.68,205.75,1,-1,-1,-1
494,172,1210.64,428.84,83.31,204.91,1,-1,-1,-1
494,173,765.23,444.90,79.86,199.43,1,-1,-1,-1
494,174,921.59,434.09,69.16,199.57,1,-1,-1,-1
495,171,1059.11,438.17,80.79,203.78,1,-1,-1,-1
495,172,1211.22,430.97,83.08,204.52,1,-1,-1,-1
495,173,765.33,444.72,79.79,199.76,1,-1,-1,-1
495,174,922.86,436.82,68.61,197.79,1,-1,-1,-1
496,171,1060.20,437.05,80.67,203.53,1,-1,-1,-1
496,172,1212.23,431.96,82.78,203.85,1,-1,-1,-1
496,173,765.16,443.76,80.35,201.72,1,-1,-1,-1
496,174,922.99,436.14,69.29,199.55,1,-1,-1,-1
497,171,1061.08,436.66,80.61,203.28,1,-1,-1,-1
497,172,1215.37,432.73,83.39,205.15,1,-1,-1,-1
497,173,768.89,441.63,80.94,204.47,1,-1,-1,-1
497,174,926.65,437.23,68.83,198.49,1,-1,-1,-1
498,171,1061.75,436.78,80.53,202.91,1,-1,-1,-1
498,172,1216.81,432.06,83.66,205.89,1,-1,-1,-1
498,173,771.48,443.28,79.42,201.80,1,-1,-1,-1
498,174,927.94,435.68,69.47,200.72,1,-1,-1,-1
499,171,1064.84,436.73,80.38,202.46,1,-1,-1,-1
499,172,1217.70,429.14,82.95,204.33,1,-1,-1,-1
499,173,772.69,443.97,78.90,201.51,1,-1,-1,-1
499,174,928.37,435.11,70.29,203.61,1,-1,-1,-1
500,171,1066.30,440.05,80.43,202.70,1,-1,-1,-1
500,172,1218.32,427.98,82.44,203.63,1,-1,-1,-1
500,173,773.01,442.79,78.87,202.12,1,-1,-1,-1
500,174,929.15,435.52,69.92,202.79,1,-1,-1,-1
