1,57,666.08,438.34,83.11,212.45,1,-1,-1,-1
1,58,915.04,429.12,83.94,201.21,1,-1,-1,-1
2,57,666.32,436.01,83.23,212.72,1,-1,-1,-1
2,58,919.46,434.41,84.96,203.72,1,-1,-1,-1
3,57,667.98,432.76,82.07,209.95,1,-1,-1,-1
3,58,921.39,437.00,84.02,201.57,1,-1,-1,-1
4,57,669.11,426.05,81.53,208.83,1,-1,-1,-1
4,58,922.20,437.80,83.70,201.03,1,-1,-1,-1
5,57,669.60,424.54,81.57,209.17,1,-1,-1,-1
5,58,922.61,441.62,83.74,201.56,1,-1,-1,-1
6,57,672.63,419.65,80.60,206.96,1,-1,-1,-1
6,58,923.13,445.39,83.25,200.53,1,-1,-1,-1
7,57,673.73,417.98,80.31,206.53,1,-1,-1,-1
7,58,923.27,448.78,83.96,202.47,1,-1,-1,-1
8,57,674.13,411.45,80.84,208.06,1,-1,-1,-1
8,58,923.76,456.65,83.84,202.21,1,-1,-1,-1
9,57,674.80,407.85,80.38,207.26,1,-1,-1,-1
9,58,927.60,459.87,83.66,202.26,1,-1,-1,-1
10,57,675.10,406.05,80.63,207.84,1,-1,-1,-1
10,58,929.16,461.49,83.61,202.47,1,-1,-1,-1
11,57,675.78,400.11,80.52,207.96,1,-1,-1,-1
11,58,929.98,461.83,83.51,202.62,1,-1,-1,-1
12,57,676.85,395.22,80.02,207.04,1,-1,-1,-1
12,58,930.81,468.34,82.48,200.47,1,-1,-1,-1
13,57,677.61,391.89,79.72,206.35,1,-1,-1,-1
13,58,931.01,473.89,83.03,201.53,1,-1,-1,-1
14,57,678.43,387.35,79.08,204.97,1,-1,-1,-1
14,58,931.35,476.59,82.88,201.06,1,-1,-1,-1
15,57,681.44,385.26,78.96,204.96,1,-1,-1,-1
15,58,931.62,477.04,83.33,201.72,1,-1,-1,-1
16,57,682.80,383.83,78.99,205.34,1,-1,-1,-1
16,58,931.66,483.34,83.28,201.20,1,-1,-1,-1
17,57,684.23,380.38,78.21,203.77,1,-1,-1,-1
17,58,935.06,487.95,84.44,203.97,1,-1,-1,-1
18,57,685.25,374.90,77.29,201.69,1,-1,-1,-1
18,58,936.75,491.23,84.22,203.64,1,-1,-1,-1
19,57,685.59,372.78,76.97,200.83,1,-1,-1,-1
19,58,937.48,497.37,84.03,203.73,1,-1,-1,-1
20,57,686.09,369.70,77.32,201.96,1,-1,-1,-1
20,58,937.78,497.46,84.62,205.48,1,-1,-1,-1
21,57,687.31,365.41,76.96,201.84,1,-1,-1,-1
21,58,938.23,503.24,84.18,204.69,1,-1,-1,-1
22,57,688.05,363.27,76.32,201.12,1,-1,-1,-1
22,58,938.57,505.59,83.85,203.85,1,-1,-1,-1
23,57,690.94,357.34,76.28,201.28,1,-1,-1,-1
23,58,938.75,509.01,83.58,202.30,1,-1,-1,-1
24,57,692.02,353.38,76.45,202.13,1,-1,-1,-1
24,58,939.47,510.42,83.19,201.18,1,-1,-1,-1
25,57,692.73,352.25,76.48,202.12,1,-1,-1,-1
25,58,939.44,513.69,84.19,203.29,1,-1,-1,-1
26,57,693.24,349.06,76.61,202.29,1,-1,-1,-1
26,58,943.19,521.04,83.94,202.92,1,-1,-1,-1
27,57,693.91,346.42,77.20,203.59,1,-1,-1,-1
27,58,945.02,528.32,83.68,202.52,1,-1,-1,-1
28,57,695.42,342.07,76.33,201.63,1,-1,-1,-1
28,58,945.88,531.05,83.59,202.95,1,-1,-1,-1
29,57,698.30,337.94,76.79,203.42,1,-1,-1,-1
29,58,945.87,535.57,84.37,204.69,1,-1,-1,-1
30,57,699.48,332.83,76.85,203.37,1,-1,-1,-1
30,58,946.18,537.35,84.52,205.22,1,-1,-1,-1
31,57,700.39,330.07,77.02,203.77,1,-1,-1,-1
31,58,946.67,539.24,83.96,204.07,1,-1,-1,-1
32,57,701.01,327.86,77.12,203.86,1,-1,-1,-1
32,58,946.73,540.19,84.11,204.45,1,-1,-1,-1
33,57,701.87,322.39,77.42,204.76,1,-1,-1,-1
33,58,946.96,545.26,83.86,204.64,1,-1,-1,-1
34,57,702.18,320.43,77.48,204.53,1,-1,-1,-1
34,58,947.03,546.67,84.36,205.73,1,-1,-1,-1
35,57,702.92,318.92,77.30,204.69,1,-1,-1,-1
35,58,947.75,552.98,83.11,203.22,1,-1,-1,-1
36,57,706.63,311.01,76.72,203.53,1,-1,-1,-1
36,58,951.42,558.53,83.80,205.73,1,-1,-1,-1
37,57,707.88,306.31,77.18,204.54,1,-1,-1,-1
37,58,953.87,563.12,82.38,203.03,1,-1,-1,-1
38,57,708.54,305.03,77.49,204.83,1,-1,-1,-1
38,58,954.17,567.87,82.89,204.68,1,-1,-1,-1
39,57,708.94,303.61,77.72,205.15,1,-1,-1,-1
39,58,955.14,570.33,82.08,203.51,1,-1,-1,-1
40,57,709.30,297.52,77.84,205.31,1,-1,-1,-1
40,58,955.67,573.10,81.42,202.35,1,-1,-1,-1
41,57,709.47,294.60,78.06,205.83,1,-1,-1,-1
41,58,955.92,573.26,81.21,202.61,1,-1,-1,-1
42,57,710.20,289.61,77.67,205.34,1,-1,-1,-1
42,58,956.38,578.56,81.15,202.61,1,-1,-1,-1
43,57,711.17,287.67,77.03,204.58,1,-1,-1,-1
43,58,956.88,581.01,80.82,201.65,1,-1,-1,-1
44,57,711.71,284.79,76.41,202.80,1,-1,-1,-1
44,58,956.96,581.54,81.12,201.89,1,-1,-1,-1
45,57,715.25,283.89,75.73,200.88,1,-1,-1,-1
45,58,960.98,585.98,80.56,201.58,1,-1,-1,-1
46,57,716.73,282.05,75.63,201.05,1,-1,-1,-1
46,58,962.32,591.08,81.54,204.05,1,-1,-1,-1
47,57,717.45,276.90,75.52,200.77,1,-1,-1,-1
47,58,963.56,590.35,80.76,202.15,1,-1,-1,-1
48,57,718.06,273.58,75.69,201.65,1,-1,-1,-1
48,58,963.45,594.66,81.44,203.68,1,-1,-1,-1
49,57,718.87,269.82,75.62,201.38,1,-1,-1,-1
49,58,963.65,595.66,81.51,204.40,1,-1,-1,-1
50,57,720.33,266.34,74.77,200.64,1,-1,-1,-1
50,58,964.45,600.11,81.49,203.98,1,-1,-1,-1
51,57,720.86,266.01,74.64,200.56,1,-1,-1,-1
51,58,963.96,605.80,82.60,205.93,1,-1,-1,-1
52,57,723.89,260.63,74.29,200.15,1,-1,-1,-1
52,58,963.79,605.27,82.58,205.18,1,-1,-1,-1
53,57,725.41,255.69,73.79,199.43,1,-1,-1,-1
53,58,967.64,609.58,82.92,205.43,1,-1,-1,-1
54,57,726.15,253.26,73.92,199.95,1,-1,-1,-1
54,58,969.31,611.77,83.06,205.10,1,-1,-1,-1
55,57,726.76,252.61,74.07,200.44,1,-1,-1,-1
55,58,970.40,616.55,82.57,204.02,1,-1,-1,-1
56,57,727.07,247.69,73.92,199.81,1,-1,-1,-1
56,58,970.99,622.81,83.06,204.49,1,-1,-1,-1
57,57,727.98,245.31,73.62,199.42,1,-1,-1,-1
57,58,971.34,626.05,83.27,204.51,1,-1,-1,-1
58,57,728.72,244.37,73.27,199.05,1,-1,-1,-1
58,58,971.62,623.16,83.52,204.10,1,-1,-1,-1
59,57,728.86,240.74,73.98,201.41,1,-1,-1,-1
59,58,971.49,625.77,84.29,205.25,1,-1,-1,-1
60,57,731.78,237.79,73.50,200.61,1,-1,-1,-1
60,58,974.97,630.70,84.42,205.86,1,-1,-1,-1
61,57,733.39,235.22,73.83,201.36,1,-1,-1,-1
61,58,975.83,628.38,85.50,207.55,1,-1,-1,-1
62,57,734.23,230.56,73.75,200.55,1,-1,-1,-1
62,58,976.50,632.23,85.21,207.11,1,-1,-1,-1
63,57,734.73,228.72,74.07,200.51,1,-1,-1,-1
63,58,977.01,634.64,84.84,207.02,1,-1,-1,-1
64,57,734.62,222.36,74.89,202.58,1,-1,-1,-1
64,58,977.04,637.47,85.91,209.27,1,-1,-1,-1
65,57,734.99,224.17,75.42,203.22,1,-1,-1,-1
65,58,977.69,639.90,85.92,209.22,1,-1,-1,-1
66,57,736.07,223.38,75.16,203.28,1,-1,-1,-1
66,58,977.52,646.27,86.38,209.25,1,-1,-1,-1
67,57,736.36,220.76,75.31,203.67,1,-1,-1,-1
67,58,977.66,648.88,86.90,209.24,1,-1,-1,-1
68,57,739.00,214.60,75.45,203.46,1,-1,-1,-1
68,58,981.51,650.27,86.90,208.83,1,-1,-1,-1
69,57,739.90,216.11,75.73,203.66,1,-1,-1,-1
69,58,982.81,653.44,87.78,210.14,1,-1,-1,-1
70,57,740.43,212.68,76.13,204.26,1,-1,-1,-1
70,58,984.31,655.68,86.88,208.70,1,-1,-1,-1
71,57,740.63,209.99,76.90,205.49,1,-1,-1,-1
71,58,984.71,656.45,87.11,209.16,1,-1,-1,-1
72,57,740.80,206.33,78.18,208.88,1,-1,-1,-1
72,58,985.05,662.76,87.13,209.42,1,-1,-1,-1
73,57,740.32,204.24,79.02,210.26,1,-1,-1,-1
73,58,985.79,665.33,86.71,209.15,1,-1,-1,-1
74,57,740.78,200.08,78.48,208.85,1,-1,-1,-1
74,58,986.22,666.34,86.38,208.13,1,-1,-1,-1
75,57,741.02,197.35,78.87,209.22,1,-1,-1,-1
75,58,986.49,667.05,86.20,207.85,1,-1,-1,-1
76,57,741.63,197.67,78.68,208.01,1,-1,-1,-1
76,58,986.75,670.41,86.22,208.18,1,-1,-1,-1
77,57,743.20,193.40,77.46,205.42,1,-1,-1,-1
77,58,990.14,673.79,85.72,207.67,1,-1,-1,-1
78,57,744.17,192.55,76.68,203.58,1,-1,-1,-1
78,58,991.56,674.43,85.94,208.66,1,-1,-1,-1
79,57,746.77,191.20,76.83,204.30,1,-1,-1,-1
79,58,992.20,677.60,86.49,209.84,1,-1,-1,-1
80,57,748.56,188.42,76.00,202.61,1,-1,-1,-1
80,58,992.66,680.19,86.28,209.04,1,-1,-1,-1
81,57,748.66,187.57,76.19,202.46,1,-1,-1,-1
81,58,992.93,680.22,86.59,209.68,1,-1,-1,-1
82,57,749.43,184.82,76.71,204.41,1,-1,-1,-1
82,58,993.23,685.33,86.75,210.07,1,-1,-1,-1
83,57,750.65,180.85,76.26,203.94,1,-1,-1,-1
83,58,993.30,682.79,87.40,210.40,1,-1,-1,-1
84,57,751.50,182.00,76.18,204.17,1,-1,-1,-1
84,58,997.63,685.86,86.65,209.25,1,-1,-1,-1
85,57,751.56,176.32,76.84,206.05,1,-1,-1,-1
85,58,999.28,687.60,86.91,209.70,1,-1,-1,-1
86,57,752.55,178.34,75.74,203.33,1,-1,-1,-1
86,58,1000.31,689.22,86.86,209.08,1,-1,-1,-1
87,57,754.88,178.33,75.75,203.41,1,-1,-1,-1
87,58,1001.07,690.31,86.19,208.23,1,-1,-1,-1
88,57,756.41,173.14,75.54,203.30,1,-1,-1,-1
88,58,1001.31,693.92,86.40,208.52,1,-1,-1,-1
89,57,756.45,169.29,76.10,204.57,1,-1,-1,-1
89,58,1001.90,695.61,86.12,208.02,1,-1,-1,-1
90,57,757.17,168.28,76.50,205.80,1,-1,-1,-1
90,58,1002.13,697.30,85.96,207.81,1,-1,-1,-1
91,57,758.19,170.00,75.98,204.04,1,-1,-1,-1
91,58,1002.56,697.83,85.75,207.73,1,-1,-1,-1
92,57,759.90,165.82,74.81,201.87,1,-1,-1,-1
92,58,1006.04,701.25,86.01,208.56,1,-1,-1,-1
93,57,761.12,164.02,74.27,200.82,1,-1,-1,-1
93,58,1007.47,702.74,86.88,209.86,1,-1,-1,-1
94,57,763.27,163.15,74.45,201.25,1,-1,-1,-1
94,58,1008.31,705.07,86.78,209.89,1,-1,-1,-1
95,57,763.84,160.03,75.69,204.75,1,-1,-1,-1
95,58,1008.62,703.66,87.64,211.16,1,-1,-1,-1
96,57,764.83,158.66,75.95,206.02,1,-1,-1,-1
96,58,1009.09,708.26,87.59,211.12,1,-1,-1,-1
97,57,765.55,158.54,76.17,207.10,1,-1,-1,-1
97,58,1009.25,710.99,87.50,210.85,1,-1,-1,-1
98,57,766.06,157.93,76.35,207.74,1,-1,-1,-1
98,58,1009.23,711.98,88.38,211.84,1,-1,-1,-1
99,57,766.76,153.72,76.46,207.65,1,-1,-1,-1
99,58,1013.56,711.14,87.46,210.71,1,-1,-1,-1
100,57,767.47,151.40,76.54,208.00,1,-1,-1,-1
100,58,1015.47,710.93,87.27,210.20,1,-1,-1,-1
101,57,768.17,151.53,76.30,207.42,1,-1,-1,-1
101,58,1016.35,716.40,87.19,209.25,1,-1,-1,-1
102,57,770.86,152.87,75.69,205.75,1,-1,-1,-1
102,58,1016.94,715.44,86.89,208.37,1,-1,-1,-1
103,57,772.11,155.02,74.87,203.29,1,-1,-1,-1
103,58,1017.84,715.04,86.05,206.89,1,-1,-1,-1
104,57,772.47,153.88,75.31,204.17,1,-1,-1,-1
104,58,1018.31,718.13,86.21,207.47,1,-1,-1,-1
105,57,773.11,147.18,76.05,206.63,1,-1,-1,-1
105,58,1018.40,720.00,86.63,207.61,1,-1,-1,-1
106,57,773.56,144.64,76.07,207.15,1,-1,-1,-1
106,58,1021.71,719.68,86.76,208.16,1,-1,-1,-1
107,57,774.76,147.96,75.98,207.58,1,-1,-1,-1
107,58,1023.38,721.07,86.80,208.45,1,-1,-1,-1
108,57,775.44,148.39,75.12,204.47,1,-1,-1,-1
108,58,1024.07,720.02,86.56,208.56,1,-1,-1,-1
109,57,776.90,147.68,74.27,202.47,1,-1,-1,-1
109,58,1024.97,720.13,85.87,207.78,1,-1,-1,-1
110,57,776.96,144.01,75.15,204.92,1,-1,-1,-1
110,58,1025.40,719.80,85.88,208.36,1,-1,-1,-1
111,57,779.44,145.38,74.42,202.98,1,-1,-1,-1
111,58,1025.13,720.37,86.95,210.02,1,-1,-1,-1
112,57,780.49,145.89,74.50,203.45,1,-1,-1,-1
112,58,1025.21,720.48,87.20,210.20,1,-1,-1,-1
113,57,782.07,142.56,73.98,202.28,1,-1,-1,-1
113,58,1025.51,723.87,87.60,210.88,1,-1,-1,-1
114,57,783.21,141.09,73.49,201.60,1,-1,-1,-1
114,58,1026.05,721.86,87.24,209.42,1,-1,-1,-1
115,57,784.31,140.94,73.42,201.70,1,-1,-1,-1
115,58,1029.56,723.92,87.86,211.10,1,-1,-1,-1
116,57,784.32,140.93,74.85,206.42,1,-1,-1,-1
116,58,1031.07,727.40,87.73,210.42,1,-1,-1,-1
117,57,784.67,142.86,75.39,207.46,1,-1,-1,-1
117,58,1032.13,727.35,87.42,209.67,1,-1,-1,-1
118,57,787.55,141.92,74.17,203.42,1,-1,-1,-1
118,58,1032.90,724.13,86.90,208.51,1,-1,-1,-1
119,57,788.59,140.67,74.26,202.81,1,-1,-1,-1
119,58,1033.62,726.56,86.38,207.75,1,-1,-1,-1
120,57,788.19,139.81,76.84,209.51,1,-1,-1,-1
120,58,1034.11,726.78,86.40,207.96,1,-1,-1,-1
121,57,789.01,140.40,77.21,210.99,1,-1,-1,-1
121,58,1034.34,727.15,86.72,208.49,1,-1,-1,-1
122,57,791.05,140.54,75.16,205.78,1,-1,-1,-1
122,58,1037.65,726.70,86.77,208.75,1,-1,-1,-1
123,57,791.31,138.75,75.26,205.60,1,-1,-1,-1
123,58,1035.82,728.25,86.50,208.44,1,-1,-1,-1
124,57,791.73,141.47,75.53,206.36,1,-1,-1,-1
124,58,1038.59,729.30,86.54,208.42,1,-1,-1,-1
125,57,792.89,141.71,74.56,202.89,1,-1,-1,-1
125,58,1039.96,730.32,85.94,207.60,1,-1,-1,-1
126,57,795.24,140.79,74.75,203.22,1,-1,-1,-1
126,58,1040.66,727.73,86.64,209.61,1,-1,-1,-1
127,57,796.35,139.72,75.22,204.58,1,-1,-1,-1
127,58,1041.41,727.85,86.20,208.28,1,-1,-1,-1
128,57,796.44,140.13,76.87,208.47,1,-1,-1,-1
128,58,1041.68,727.67,86.83,209.92,1,-1,-1,-1
129,57,797.39,137.54,77.09,208.03,1,-1,-1,-1
129,58,1041.61,726.28,87.79,211.10,1,-1,-1,-1
130,57,798.49,135.76,77.13,208.58,1,-1,-1,-1
130,58,1045.30,726.53,88.13,211.39,1,-1,-1,-1
131,57,798.63,138.24,77.91,211.04,1,-1,-1,-1
131,58,1047.45,728.71,86.62,208.90,1,-1,-1,-1
132,57,799.51,139.29,77.08,207.30,1,-1,-1,-1
132,58,1048.24,726.47,87.19,209.97,1,-1,-1,-1
133,57,801.97,137.60,77.31,207.79,1,-1,-1,-1
133,58,1048.96,726.68,86.79,209.19,1,-1,-1,-1
134,57,803.23,137.03,77.56,208.20,1,-1,-1,-1
134,58,1049.19,727.79,87.27,209.81,1,-1,-1,-1
135,57,803.83,137.08,77.32,207.28,1,-1,-1,-1
135,58,1049.32,727.39,87.89,210.84,1,-1,-1,-1
136,57,803.87,137.32,77.77,208.07,1,-1,-1,-1
136,58,1049.58,723.17,87.76,210.27,1,-1,-1,-1
137,57,804.14,137.96,77.52,207.03,1,-1,-1,-1
137,58,1049.94,726.67,87.48,208.92,1,-1,-1,-1
138,57,805.71,139.00,76.92,205.90,1,-1,-1,-1
138,58,1053.27,722.55,87.83,209.45,1,-1,-1,-1
139,57,806.43,142.42,77.02,206.94,1,-1,-1,-1
139,58,1054.63,725.57,88.12,209.66,1,-1,-1,-1
140,57,806.70,141.21,76.74,205.36,1,-1,-1,-1
140,58,1055.27,721.60,88.30,209.78,1,-1,-1,-1
141,57,807.75,141.20,76.22,203.56,1,-1,-1,-1
141,58,1055.79,720.61,88.22,209.74,1,-1,-1,-1
142,57,808.40,146.39,76.00,202.40,1,-1,-1,-1
142,58,1055.83,720.42,88.46,210.15,1,-1,-1,-1
143,57,810.12,143.83,77.51,206.60,1,-1,-1,-1
143,58,1055.58,719.40,89.59,211.95,1,-1,-1,-1
144,57,811.07,143.08,77.95,207.70,1,-1,-1,-1
144,58,1055.95,717.92,89.89,212.19,1,-1,-1,-1
145,57,811.96,145.60,77.35,205.84,1,-1,-1,-1
145,58,1056.44,717.37,89.16,210.97,1,-1,-1,-1
146,57,813.34,146.45,76.94,205.58,1,-1,-1,-1
146,58,1056.75,717.04,89.22,211.02,1,-1,-1,-1
147,57,813.83,151.03,77.43,206.23,1,-1,-1,-1
147,58,1057.28,717.40,88.48,209.79,1,-1,-1,-1
148,57,814.62,151.78,77.43,206.75,1,-1,-1,-1
148,58,1060.61,717.03,89.46,211.60,1,-1,-1,-1
149,57,815.05,150.30,78.36,208.99,1,-1,-1,-1
149,58,1062.32,714.26,88.97,210.33,1,-1,-1,-1
150,57,815.99,153.75,76.94,205.31,1,-1,-1,-1
150,58,1063.04,712.07,89.13,210.71,1,-1,-1,-1
151,57,818.50,155.83,76.47,203.66,1,-1,-1,-1
151,58,1064.11,711.16,88.43,209.61,1,-1,-1,-1
152,57,819.53,155.92,76.69,204.15,1,-1,-1,-1
152,58,1064.44,712.01,88.55,209.59,1,-1,-1,-1
153,57,820.17,155.41,76.79,204.76,1,-1,-1,-1
153,58,1064.99,710.62,88.59,209.43,1,-1,-1,-1
154,57,821.27,156.03,76.63,204.65,1,-1,-1,-1
154,58,1065.17,706.73,89.02,209.83,1,-1,-1,-1
155,57,821.47,158.32,77.48,206.69,1,-1,-1,-1
155,58,1068.53,705.65,88.74,209.18,1,-1,-1,-1
156,57,822.71,159.47,76.72,205.82,1,-1,-1,-1
156,58,1070.08,707.57,89.16,209.86,1,-1,-1,-1
157,57,824.30,158.82,75.55,202.54,1,-1,-1,-1
157,58,1070.60,704.97,89.63,211.08,1,-1,-1,-1
158,57,826.74,161.76,75.81,203.16,1,-1,-1,-1
158,58,1070.98,703.96,89.94,211.89,1,-1,-1,-1
159,57,827.83,162.56,76.01,204.11,1,-1,-1,-1
159,58,1071.09,698.07,90.17,212.84,1,-1,-1,-1
160,57,828.08,165.81,77.32,207.15,1,-1,-1,-1
160,58,1071.64,695.86,89.85,212.67,1,-1,-1,-1
161,57,828.26,164.85,77.43,205.85,1,-1,-1,-1
161,58,1072.60,699.01,89.71,212.56,1,-1,-1,-1
162,57,828.62,166.96,78.36,208.09,1,-1,-1,-1
162,58,1073.20,697.08,88.78,210.86,1,-1,-1,-1
163,57,829.27,168.64,78.80,208.78,1,-1,-1,-1
163,58,1077.16,696.47,88.36,210.20,1,-1,-1,-1
164,57,830.07,170.88,78.16,207.41,1,-1,-1,-1
164,58,1078.93,694.71,88.18,210.27,1,-1,-1,-1
165,57,830.18,172.19,79.57,210.92,1,-1,-1,-1
165,58,1080.34,694.69,87.27,208.89,1,-1,-1,-1
166,57,832.69,173.51,79.86,211.69,1,-1,-1,-1
166,58,1080.47,694.14,88.04,210.40,1,-1,-1,-1
167,57,834.22,176.51,78.95,209.00,1,-1,-1,-1
167,58,1081.55,689.65,87.12,208.56,1,-1,-1,-1
168,57,835.23,179.69,77.95,205.87,1,-1,-1,-1
168,58,1081.27,687.95,88.17,210.69,1,-1,-1,-1
169,57,835.13,181.37,79.03,208.77,1,-1,-1,-1
169,58,1081.50,683.03,87.76,210.18,1,-1,-1,-1
170,57,835.60,184.25,79.05,208.71,1,-1,-1,-1
170,58,1081.79,680.05,87.58,210.18,1,-1,-1,-1
171,57,835.89,182.40,79.71,209.84,1,-1,-1,-1
171,58,1085.00,678.65,88.03,210.85,1,-1,-1,-1
172,57,836.91,183.50,79.58,209.92,1,-1,-1,-1
172,58,1086.63,677.66,87.77,210.31,1,-1,-1,-1
173,57,838.36,187.12,78.26,206.53,1,-1,-1,-1
173,58,1087.72,676.82,87.20,210.09,1,-1,-1,-1
174,57,839.43,188.77,77.70,204.58,1,-1,-1,-1
174,58,1087.46,672.26,88.50,212.93,1,-1,-1,-1
175,57,841.83,194.78,77.48,203.74,1,-1,-1,-1
175,58,1088.65,674.60,87.47,211.66,1,-1,-1,-1
176,57,842.65,197.07,78.83,207.34,1,-1,-1,-1
176,58,1088.34,671.28,88.35,213.92,1,-1,-1,-1
177,57,843.05,198.07,79.34,207.87,1,-1,-1,-1
177,58,1088.94,669.08,88.01,213.21,1,-1,-1,-1
178,57,843.41,198.81,79.60,208.24,1,-1,-1,-1
178,58,1089.71,668.94,87.04,211.05,1,-1,-1,-1
179,57,844.34,199.24,79.75,208.07,1,-1,-1,-1
179,58,1090.26,664.03,86.89,210.24,1,-1,-1,-1
180,57,846.03,203.43,78.64,205.50,1,-1,-1,-1
180,58,1094.00,661.81,86.67,209.90,1,-1,-1,-1
181,57,846.33,206.74,79.22,207.58,1,-1,-1,-1
181,58,1095.53,657.68,87.10,209.98,1,-1,-1,-1
182,57,849.07,207.80,79.39,208.27,1,-1,-1,-1
182,58,1096.61,655.34,86.74,208.57,1,-1,-1,-1
183,57,850.38,212.40,79.42,208.28,1,-1,-1,-1
183,58,1097.24,654.68,86.81,208.01,1,-1,-1,-1
184,57,851.22,217.43,78.66,206.31,1,-1,-1,-1
184,58,1097.75,649.67,86.87,208.13,1,-1,-1,-1
185,57,851.78,220.34,78.26,205.01,1,-1,-1,-1
185,58,1098.34,649.36,86.41,207.10,1,-1,-1,-1
186,57,852.44,219.44,78.55,205.96,1,-1,-1,-1
186,58,1098.93,647.46,85.94,206.18,1,-1,-1,-1
187,57,852.91,221.83,79.35,207.98,1,-1,-1,-1
187,58,1101.92,643.11,86.31,207.02,1,-1,-1,-1
188,57,855.10,227.24,77.42,203.78,1,-1,-1,-1
188,58,1103.52,640.47,86.54,207.92,1,-1,-1,-1
189,57,855.84,226.63,77.06,203.76,1,-1,-1,-1
189,58,1104.55,639.33,86.19,207.88,1,-1,-1,-1
190,57,858.56,229.90,77.52,205.47,1,-1,-1,-1
190,58,1104.81,637.45,86.85,209.32,1,-1,-1,-1
191,57,859.92,235.30,76.64,203.59,1,-1,-1,-1
191,58,1105.08,632.01,87.09,209.75,1,-1,-1,-1
192,57,860.24,234.06,77.35,205.85,1,-1,-1,-1
192,58,1105.25,629.98,87.43,210.72,1,-1,-1,-1
193,57,860.54,238.44,77.75,206.33,1,-1,-1,-1
193,58,1105.52,628.25,87.98,211.15,1,-1,-1,-1
194,57,861.86,240.14,77.51,206.58,1,-1,-1,-1
194,58,1109.29,624.74,87.40,210.27,1,-1,-1,-1
195,57,863.36,246.01,76.68,205.46,1,-1,-1,-1
195,58,1111.07,623.46,87.35,210.12,1,-1,-1,-1
196,57,864.28,248.86,76.26,204.48,1,-1,-1,-1
196,58,1111.90,622.27,87.24,209.49,1,-1,-1,-1
197,57,866.86,252.13,75.78,203.07,1,-1,-1,-1
197,58,1112.20,621.16,87.39,209.29,1,-1,-1,-1
198,57,867.63,255.67,76.07,204.01,1,-1,-1,-1
198,58,1113.07,615.92,87.10,208.84,1,-1,-1,-1
199,57,868.14,260.04,75.83,203.27,1,-1,-1,-1
199,58,1113.76,610.03,87.13,209.11,1,-1,-1,-1
200,57,868.33,260.50,75.76,203.08,1,-1,-1,-1
200,58,1114.90,607.80,85.92,206.52,1,-1,-1,-1
201,57,868.67,261.38,75.89,203.55,1,-1,-1,-1
201,58,1114.60,602.60,86.48,207.42,1,-1,-1,-1
202,57,868.89,267.76,76.91,206.20,1,-1,-1,-1
202,58,1118.21,604.64,86.12,206.92,1,-1,-1,-1
203,57,869.98,272.96,76.34,204.86,1,-1,-1,-1
203,58,1119.92,601.58,85.33,205.48,1,-1,-1,-1
204,57,870.53,272.80,76.77,205.59,1,-1,-1,-1
204,58,1120.68,599.12,85.09,205.84,1,-1,-1,-1
205,57,871.25,278.47,76.53,204.21,1,-1,-1,-1
205,58,1121.06,594.14,85.29,206.58,1,-1,-1,-1
206,57,872.31,283.11,76.01,202.79,1,-1,-1,-1
206,58,1121.54,591.50,84.95,206.40,1,-1,-1,-1
207,57,874.89,284.66,75.68,201.93,1,-1,-1,-1
207,58,1121.98,590.30,84.59,206.50,1,-1,-1,-1
208,57,875.86,285.06,75.64,201.61,1,-1,-1,-1
208,58,1122.18,584.44,84.94,207.56,1,-1,-1,-1
209,57,877.09,287.99,75.84,202.44,1,-1,-1,-1
209,58,1122.53,582.81,85.20,207.37,1,-1,-1,-1
210,57,878.43,291.37,75.16,201.19,1,-1,-1,-1
210,58,1122.72,576.98,85.59,207.45,1,-1,-1,-1
211,57,879.73,293.67,74.38,199.60,1,-1,-1,-1
211,58,1122.70,570.90,85.82,207.20,1,-1,-1,-1
212,57,880.21,300.23,74.51,199.81,1,-1,-1,-1
212,58,1127.08,568.64,85.11,205.12,1,-1,-1,-1
213,57,881.32,306.59,74.03,198.93,1,-1,-1,-1
213,58,1128.35,569.23,84.89,204.45,1,-1,-1,-1
214,57,881.93,307.98,73.88,198.44,1,-1,-1,-1
214,58,1129.96,564.69,84.28,203.16,1,-1,-1,-1
215,57,883.96,308.83,74.23,199.13,1,-1,-1,-1
215,58,1131.18,558.50,83.50,201.78,1,-1,-1,-1
216,57,884.85,313.84,74.28,198.89,1,-1,-1,-1
216,58,1131.08,553.98,84.42,203.80,1,-1,-1,-1
217,57,885.70,316.72,74.63,199.60,1,-1,-1,-1
217,58,1131.59,553.35,84.19,203.04,1,-1,-1,-1
218,57,886.13,321.68,74.79,199.58,1,-1,-1,-1
218,58,1134.62,547.15,84.89,204.74,1,-1,-1,-1
219,57,886.93,323.54,74.84,199.77,1,-1,-1,-1
219,58,1136.10,547.02,83.96,203.08,1,-1,-1,-1
220,57,888.05,328.90,74.55,199.16,1,-1,-1,-1
220,58,1136.96,544.66,83.93,203.48,1,-1,-1,-1
221,57,888.43,330.84,74.81,199.17,1,-1,-1,-1
221,58,1137.29,538.85,84.68,205.01,1,-1,-1,-1
222,57,889.01,337.10,74.70,199.00,1,-1,-1,-1
222,58,1137.66,535.67,84.70,205.71,1,-1,-1,-1
223,57,891.20,338.57,75.13,200.34,1,-1,-1,-1
223,58,1138.63,530.79,84.78,206.09,1,-1,-1,-1
224,57,892.10,342.25,75.08,200.38,1,-1,-1,-1
224,58,1138.67,527.15,84.90,206.94,1,-1,-1,-1
225,57,893.00,346.68,74.99,199.66,1,-1,-1,-1
225,58,1138.96,526.08,85.11,207.08,1,-1,-1,-1
226,57,893.11,348.73,75.52,200.80,1,-1,-1,-1
226,58,1142.72,520.79,84.90,206.53,1,-1,-1,-1
227,57,893.88,352.94,75.93,201.72,1,-1,-1,-1
227,58,1144.49,514.30,85.20,207.16,1,-1,-1,-1
228,57,895.25,354.51,75.76,201.84,1,-1,-1,-1
228,58,1145.47,511.16,85.21,207.59,1,-1,-1,-1
229,57,896.09,356.59,75.71,201.78,1,-1,-1,-1
229,58,1146.38,510.10,84.75,207.15,1,-1,-1,-1
230,57,898.77,359.97,76.08,202.72,1,-1,-1,-1
230,58,1147.28,505.78,83.86,204.91,1,-1,-1,-1
231,57,899.38,366.81,76.80,204.91,1,-1,-1,-1
231,58,1147.93,504.85,83.46,204.02,1,-1,-1,-1
232,57,900.20,369.81,76.79,205.48,1,-1,-1,-1
232,58,1148.16,500.94,83.26,202.69,1,-1,-1,-1
233,57,900.99,372.33,76.28,204.66,1,-1,-1,-1
233,58,1148.37,494.25,83.18,201.47,1,-1,-1,-1
234,57,901.83,376.24,76.15,204.70,1,-1,-1,-1
234,58,1151.49,489.85,83.67,203.12,1,-1,-1,-1
235,57,902.86,380.30,75.73,203.87,1,-1,-1,-1
235,58,1153.21,485.81,83.11,201.60,1,-1,-1,-1
236,57,903.87,387.30,75.09,201.92,1,-1,-1,-1
236,58,1153.81,486.24,83.52,203.09,1,-1,-1,-1
237,57,904.32,389.26,75.07,201.04,1,-1,-1,-1
237,58,1154.38,480.96,83.99,205.10,1,-1,-1,-1
238,57,904.63,394.81,75.44,201.16,1,-1,-1,-1
238,58,1154.73,478.71,84.54,206.81,1,-1,-1,-1
239,57,906.92,398.25,75.52,200.60,1,-1,-1,-1
239,58,1155.19,474.26,83.92,205.58,1,-1,-1,-1
240,57,907.43,401.42,76.35,201.97,1,-1,-1,-1
240,58,1155.93,469.96,83.03,202.53,1,-1,-1,-1
241,57,908.01,404.35,76.37,201.68,1,-1,-1,-1
241,58,1159.12,464.17,84.41,206.20,1,-1,-1,-1
242,57,909.02,404.45,76.57,201.74,1,-1,-1,-1
242,58,1160.64,458.97,84.31,206.34,1,-1,-1,-1
243,57,909.78,407.79,77.09,202.83,1,-1,-1,-1
243,58,1161.88,458.14,83.79,204.84,1,-1,-1,-1
244,57,910.74,411.27,77.07,202.16,1,-1,-1,-1
244,58,1161.66,451.99,84.31,205.83,1,-1,-1,-1
245,57,911.84,418.90,76.66,200.56,1,-1,-1,-1
245,58,1162.25,451.25,83.29,203.61,1,-1,-1,-1
246,57,912.42,421.48,76.62,199.77,1,-1,-1,-1
246,58,1162.56,449.04,83.30,203.81,1,-1,-1,-1
247,57,914.67,423.04,77.02,200.68,1,-1,-1,-1
247,58,1162.39,446.83,83.86,205.06,1,-1,-1,-1
248,57,915.34,427.28,77.62,201.88,1,-1,-1,-1
248,58,1163.21,444.80,82.64,201.85,1,-1,-1,-1
249,57,916.19,434.04,77.74,201.63,1,-1,-1,-1
249,58,1164.24,439.49,82.21,200.03,1,-1,-1,-1
250,57,916.54,434.51,78.79,202.83,1,-1,-1,-1
250,58,1167.42,433.68,83.50,204.20,1,-1,-1,-1
251,57,917.21,437.45,78.73,201.82,1,-1,-1,-1
251,58,1168.76,430.86,83.70,205.65,1,-1,-1,-1
252,57,918.24,442.11,79.19,202.90,1,-1,-1,-1
252,58,1170.20,428.16,82.22,202.67,1,-1,-1,-1
253,57,918.40,447.30,79.69,203.40,1,-1,-1,-1
253,58,1170.82,426.32,81.53,201.59,1,-1,-1,-1
254,57,921.03,449.21,80.16,203.77,1,-1,-1,-1
254,58,1170.92,418.92,82.37,203.78,1,-1,-1,-1
255,57,922.47,450.25,80.56,203.99,1,-1,-1,-1
255,58,1171.45,413.27,81.73,202.49,1,-1,-1,-1
256,57,923.51,458.02,80.18,202.65,1,-1,-1,-1
256,58,1172.05,412.33,81.08,201.12,1,-1,-1,-1
257,57,924.20,460.78,80.26,202.67,1,-1,-1,-1
257,58,1172.44,410.01,81.64,202.27,1,-1,-1,-1
258,57,924.26,465.06,81.06,203.84,1,-1,-1,-1
258,58,1175.74,402.21,82.72,205.52,1,-1,-1,-1
259,57,925.00,468.76,80.97,202.93,1,-1,-1,-1
259,58,1177.38,399.77,82.81,206.06,1,-1,-1,-1
260,57,925.22,472.98,81.47,204.31,1,-1,-1,-1
260,58,1178.29,393.79,82.10,205.54,1,-1,-1,-1
261,57,928.13,474.48,81.36,204.56,1,-1,-1,-1
261,58,1179.36,394.18,80.83,203.02,1,-1,-1,-1
262,57,929.70,477.29,80.75,202.89,1,-1,-1,-1
262,58,1179.52,387.87,81.13,204.55,1,-1,-1,-1
263,57,930.15,480.40,81.33,204.75,1,-1,-1,-1
263,58,1179.90,385.45,81.11,204.61,1,-1,-1,-1
264,57,930.52,488.06,81.11,205.03,1,-1,-1,-1
264,58,1180.60,379.97,80.45,202.82,1,-1,-1,-1
265,57,931.04,491.72,80.53,203.75,1,-1,-1,-1
265,58,1181.41,377.09,79.99,202.47,1,-1,-1,-1
266,57,931.17,495.56,81.33,206.17,1,-1,-1,-1
266,58,1181.58,373.36,79.40,200.69,1,-1,-1,-1
267,57,931.72,498.98,81.01,204.99,1,-1,-1,-1
267,58,1185.28,368.63,79.85,202.98,1,-1,-1,-1
268,57,932.97,501.87,79.93,202.44,1,-1,-1,-1
268,58,1187.31,365.63,78.66,200.89,1,-1,-1,-1
269,57,933.54,506.14,79.96,203.05,1,-1,-1,-1
269,58,1187.82,364.19,78.44,200.59,1,-1,-1,-1
270,57,934.68,510.87,78.24,199.23,1,-1,-1,-1
270,58,1188.74,359.53,77.37,198.91,1,-1,-1,-1
271,57,937.43,515.65,78.82,200.86,1,-1,-1,-1
271,58,1189.20,358.10,76.89,198.13,1,-1,-1,-1
272,57,939.48,513.52,78.51,199.25,1,-1,-1,-1
272,58,1189.33,354.07,78.29,201.84,1,-1,-1,-1
273,57,939.52,519.60,79.58,203.41,1,-1,-1,-1
273,58,1189.12,347.97,78.64,202.64,1,-1,-1,-1
274,57,939.58,520.98,80.47,206.19,1,-1,-1,-1
274,58,1189.81,341.99,78.23,202.00,1,-1,-1,-1
275,57,940.47,523.08,80.17,206.03,1,-1,-1,-1
275,58,1190.46,339.43,77.97,201.52,1,-1,-1,-1
276,57,940.94,524.60,79.90,205.05,1,-1,-1,-1
276,58,1194.00,336.73,78.28,203.45,1,-1,-1,-1
277,57,940.52,532.53,81.19,207.78,1,-1,-1,-1
277,58,1195.44,332.00,78.28,204.08,1,-1,-1,-1
278,57,940.83,536.09,81.17,208.14,1,-1,-1,-1
278,58,1196.45,328.93,77.79,204.14,1,-1,-1,-1
279,57,941.14,539.28,81.03,206.62,1,-1,-1,-1
279,58,1197.38,329.20,77.02,203.33,1,-1,-1,-1
280,57,944.36,544.45,81.35,207.57,1,-1,-1,-1
280,58,1198.22,324.00,76.97,203.89,1,-1,-1,-1
281,57,945.30,549.57,82.28,210.41,1,-1,-1,-1
281,58,1198.93,317.93,76.37,202.92,1,-1,-1,-1
282,57,946.14,548.13,81.98,209.28,1,-1,-1,-1
282,58,1202.69,314.99,75.53,202.15,1,-1,-1,-1
283,57,946.35,554.86,82.58,211.06,1,-1,-1,-1
283,58,1204.34,314.79,75.16,202.13,1,-1,-1,-1
284,57,946.75,554.81,82.36,210.64,1,-1,-1,-1
284,58,1205.11,312.34,75.18,202.78,1,-1,-1,-1
285,57,947.91,562.62,82.01,210.68,1,-1,-1,-1
285,58,1206.33,304.30,74.56,201.78,1,-1,-1,-1
286,57,948.50,567.77,81.83,210.66,1,-1,-1,-1
286,58,1206.71,302.16,75.55,204.44,1,-1,-1,-1
287,57,949.47,568.57,81.09,209.52,1,-1,-1,-1
287,58,1207.42,298.59,75.08,203.88,1,-1,-1,-1
288,57,952.30,569.84,81.23,210.46,1,-1,-1,-1
288,58,1207.76,293.50,75.03,203.68,1,-1,-1,-1
289,57,953.73,574.71,81.38,210.83,1,-1,-1,-1
289,58,1208.36,291.04,74.91,203.41,1,-1,-1,-1
290,57,954.66,577.28,81.49,210.10,1,-1,-1,-1
290,58,1211.06,287.28,75.75,206.00,1,-1,-1,-1
291,57,955.11,582.53,81.77,211.23,1,-1,-1,-1
291,58,1213.04,282.59,75.20,205.54,1,-1,-1,-1
292,57,956.10,588.83,81.41,210.59,1,-1,-1,-1
292,58,1213.46,280.02,75.55,206.61,1,-1,-1,-1
293,57,956.55,590.85,81.52,210.90,1,-1,-1,-1
293,58,1214.47,275.39,74.89,205.09,1,-1,-1,-1
294,57,957.36,592.07,80.87,209.60,1,-1,-1,-1
294,58,1215.22,272.88,74.83,204.83,1,-1,-1,-1
295,57,960.77,597.87,80.46,209.02,1,-1,-1,-1
295,58,1215.77,270.35,75.26,205.46,1,-1,-1,-1
296,57,962.30,604.24,80.07,209.30,1,-1,-1,-1
296,58,1216.31,265.91,75.37,204.83,1,-1,-1,-1
297,57,962.48,605.71,80.91,211.50,1,-1,-1,-1
297,58,1218.91,264.66,75.90,205.99,1,-1,-1,-1
298,57,963.18,608.17,80.71,211.55,1,-1,-1,-1
298,58,1220.13,258.67,76.48,207.03,1,-1,-1,-1
299,57,963.85,608.15,80.29,210.86,1,-1,-1,-1
299,58,1221.18,260.05,76.26,206.48,1,-1,-1,-1
300,57,964.58,609.49,79.82,210.24,1,-1,-1,-1
300,58,1221.83,256.21,76.44,206.73,1,-1,-1,-1
301,57,965.03,614.96,79.78,209.95,1,-1,-1,-1
301,58,1222.07,250.05,76.32,206.45,1,-1,-1,-1
302,57,965.48,620.62,79.80,209.49,1,-1,-1,-1
302,58,1222.02,249.38,76.60,207.14,1,-1,-1,-1
303,57,965.92,619.64,79.67,208.87,1,-1,-1,-1
303,58,1222.86,247.42,76.13,206.31,1,-1,-1,-1
304,57,969.20,623.36,79.61,208.39,1,-1,-1,-1
304,58,1223.38,241.25,76.69,207.70,1,-1,-1,-1
305,57,970.22,624.91,79.98,208.98,1,-1,-1,-1
305,58,1223.80,241.35,76.59,206.86,1,-1,-1,-1
306,57,970.89,630.91,80.32,210.13,1,-1,-1,-1
306,58,1226.20,235.62,77.24,207.99,1,-1,-1,-1
307,57,971.25,635.59,81.06,212.09,1,-1,-1,-1
307,58,1227.45,231.45,77.38,208.42,1,-1,-1,-1
308,57,971.73,633.56,81.35,212.35,1,-1,-1,-1
308,58,1228.26,230.54,77.39,208.35,1,-1,-1,-1
309,57,972.26,636.58,81.41,212.14,1,-1,-1,-1
309,58,1229.22,231.05,76.71,207.15,1,-1,-1,-1
310,57,972.87,638.32,81.19,211.23,1,-1,-1,-1
310,58,1230.02,230.07,77.00,207.87,1,-1,-1,-1
311,57,976.01,644.21,81.44,211.54,1,-1,-1,-1
311,58,1230.47,225.52,77.51,208.75,1,-1,-1,-1
312,57,977.52,647.26,81.08,211.04,1,-1,-1,-1
312,58,1231.25,222.62,77.64,208.67,1,-1,-1,-1
313,57,978.60,648.98,81.27,211.10,1,-1,-1,-1
313,58,1234.05,217.97,77.59,208.57,1,-1,-1,-1
314,57,978.78,652.69,82.06,212.80,1,-1,-1,-1
314,58,1235.68,216.57,77.14,208.12,1,-1,-1,-1
315,57,979.48,655.46,81.66,211.97,1,-1,-1,-1
315,58,1237.36,215.66,76.31,207.04,1,-1,-1,-1
316,57,980.00,659.93,81.63,211.96,1,-1,-1,-1
316,58,1237.61,213.60,76.39,207.56,1,-1,-1,-1
317,57,980.99,662.80,80.91,210.22,1,-1,-1,-1
317,58,1238.24,208.18,76.77,208.23,1,-1,-1,-1
318,57,981.62,663.89,80.55,209.14,1,-1,-1,-1
318,58,1238.57,205.12,77.16,209.01,1,-1,-1,-1
319,57,984.16,663.18,81.64,211.04,1,-1,-1,-1
319,58,1239.06,202.20,76.75,208.35,1,-1,-1,-1
320,57,985.48,668.32,82.02,211.58,1,-1,-1,-1
320,58,1239.32,200.19,76.60,208.05,1,-1,-1,-1
321,57,986.40,670.39,82.40,211.76,1,-1,-1,-1
321,58,1239.86,198.70,76.58,208.04,1,-1,-1,-1
322,57,986.80,670.29,82.90,212.67,1,-1,-1,-1
322,58,1243.19,197.37,76.65,208.49,1,-1,-1,-1
323,57,987.03,671.32,83.21,213.44,1,-1,-1,-1
323,58,1244.56,191.62,77.65,210.46,1,-1,-1,-1
324,57,987.60,672.80,83.06,211.83,1,-1,-1,-1
324,58,1245.53,191.79,77.49,210.07,1,-1,-1,-1
325,57,987.99,677.52,83.26,211.68,1,-1,-1,-1
325,58,1246.99,190.87,76.67,208.64,1,-1,-1,-1
326,57,991.19,678.50,83.18,211.56,1,-1,-1,-1
326,58,1247.72,190.75,76.32,208.17,1,-1,-1,-1
327,57,992.17,679.30,83.67,212.48,1,-1,-1,-1
327,58,1248.30,189.24,76.08,208.11,1,-1,-1,-1
328,57,993.26,684.12,83.24,211.85,1,-1,-1,-1
328,58,1251.06,184.42,76.09,207.76,1,-1,-1,-1
329,57,993.54,685.41,83.54,213.11,1,-1,-1,-1
329,58,1252.13,182.99,76.37,208.42,1,-1,-1,-1
330,57,993.61,685.87,84.14,214.22,1,-1,-1,-1
330,58,1252.58,180.50,76.90,209.53,1,-1,-1,-1
331,57,994.05,690.87,84.01,214.06,1,-1,-1,-1
331,58,1253.36,179.70,76.91,209.85,1,-1,-1,-1
332,57,994.66,693.22,83.65,212.98,1,-1,-1,-1
332,58,1253.95,172.83,76.43,208.75,1,-1,-1,-1
333,57,995.49,694.74,83.05,211.42,1,-1,-1,-1
333,58,1254.57,169.58,75.71,207.06,1,-1,-1,-1
334,57,995.55,695.28,83.76,212.53,1,-1,-1,-1
334,58,1255.07,168.79,75.60,207.18,1,-1,-1,-1
335,57,998.74,699.30,84.18,213.08,1,-1,-1,-1
335,58,1255.47,166.70,75.52,207.16,1,-1,-1,-1
336,57,1000.10,701.62,84.38,213.33,1,-1,-1,-1
336,58,1255.75,162.47,75.97,207.85,1,-1,-1,-1
337,57,1000.88,702.73,84.66,213.37,1,-1,-1,-1
337,58,1256.32,161.60,75.64,207.25,1,-1,-1,-1
338,57,1001.45,703.48,84.23,212.84,1,-1,-1,-1
338,58,1258.73,159.20,76.27,208.73,1,-1,-1,-1
339,57,1002.00,702.55,84.50,213.69,1,-1,-1,-1
339,58,1260.24,157.96,76.17,208.84,1,-1,-1,-1
340,57,1002.55,703.48,84.37,212.99,1,-1,-1,-1
340,58,1261.08,157.87,75.93,208.24,1,-1,-1,-1
341,57,1003.74,705.40,83.30,210.12,1,-1,-1,-1
341,58,1261.46,159.25,76.22,208.69,1,-1,-1,-1
342,57,1006.97,710.45,83.52,210.70,1,-1,-1,-1
342,58,1262.51,159.58,75.50,207.11,1,-1,-1,-1
343,57,1008.40,712.03,83.65,211.26,1,-1,-1,-1
343,58,1263.45,154.62,75.20,205.89,1,-1,-1,-1
344,57,1009.17,715.74,84.33,212.55,1,-1,-1,-1
344,58,1264.10,154.33,74.99,205.59,1,-1,-1,-1
345,57,1009.57,717.67,84.68,213.23,1,-1,-1,-1
345,58,1264.55,152.50,75.13,205.49,1,-1,-1,-1
346,57,1010.16,718.11,84.56,212.96,1,-1,-1,-1
346,58,1267.29,152.28,75.22,205.57,1,-1,-1,-1
347,57,1011.04,718.41,83.94,212.10,1,-1,-1,-1
347,58,1269.13,146.84,75.28,206.20,1,-1,-1,-1
348,57,1012.00,720.74,83.09,210.53,1,-1,-1,-1
348,58,1269.89,144.50,75.58,207.06,1,-1,-1,-1
349,57,1012.57,722.01,82.56,209.16,1,-1,-1,-1
349,58,1270.44,143.75,75.28,206.34,1,-1,-1,-1
350,57,1015.75,721.85,82.55,209.13,1,-1,-1,-1
350,58,1270.93,143.86,75.30,206.31,1,-1,-1,-1
351,57,1017.14,722.08,82.40,208.82,1,-1,-1,-1
351,58,1271.35,140.76,75.39,205.15,1,-1,-1,-1
352,57,1017.98,722.20,82.25,208.84,1,-1,-1,-1
352,58,1271.42,143.25,76.10,206.99,1,-1,-1,-1
353,57,1018.21,725.72,83.28,211.00,1,-1,-1,-1
353,58,1271.84,140.26,76.14,206.36,1,-1,-1,-1
354,57,1018.61,722.95,83.49,210.69,1,-1,-1,-1
354,58,1274.86,140.36,76.77,208.35,1,-1,-1,-1
355,57,1019.06,724.26,84.05,212.32,1,-1,-1,-1
355,58,1276.16,138.82,77.01,207.88,1,-1,-1,-1
356,57,1020.04,728.18,83.06,210.33,1,-1,-1,-1
356,58,1277.48,137.40,76.66,207.15,1,-1,-1,-1
357,57,1023.46,732.61,82.86,210.25,1,-1,-1,-1
357,58,1278.39,136.50,76.16,205.70,1,-1,-1,-1
358,57,1025.09,734.25,82.56,210.04,1,-1,-1,-1
358,58,1278.82,137.90,76.05,205.31,1,-1,-1,-1
359,57,1025.84,731.68,82.35,209.43,1,-1,-1,-1
359,58,1279.48,138.40,76.30,204.89,1,-1,-1,-1
360,57,1025.80,729.42,83.40,211.50,1,-1,-1,-1
360,58,1279.82,137.19,76.55,204.65,1,-1,-1,-1
361,57,1025.84,731.30,84.51,213.99,1,-1,-1,-1
361,58,1282.42,135.21,77.72,207.12,1,-1,-1,-1
362,57,1026.35,732.56,84.50,213.94,1,-1,-1,-1
362,58,1283.70,133.37,78.26,208.64,1,-1,-1,-1
363,57,1027.00,733.25,84.09,213.52,1,-1,-1,-1
363,58,1284.60,131.08,78.12,208.01,1,-1,-1,-1
364,57,1027.02,732.62,84.49,214.27,1,-1,-1,-1
364,58,1284.89,133.47,77.83,206.97,1,-1,-1,-1
365,57,1030.75,733.95,84.15,213.26,1,-1,-1,-1
365,58,1285.47,131.76,77.63,205.99,1,-1,-1,-1
366,57,1032.49,736.31,83.49,210.95,1,-1,-1,-1
366,58,1285.92,134.75,77.49,205.35,1,-1,-1,-1
367,57,1033.51,737.52,82.60,209.16,1,-1,-1,-1
367,58,1286.25,135.33,77.63,205.31,1,-1,-1,-1
368,57,1033.72,735.91,83.19,210.74,1,-1,-1,-1
368,58,1286.73,131.79,77.77,205.76,1,-1,-1,-1
369,57,1034.23,736.55,83.20,210.45,1,-1,-1,-1
369,58,1286.85,133.08,78.21,206.47,1,-1,-1,-1
370,57,1034.72,735.05,83.70,211.96,1,-1,-1,-1
370,58,1289.89,130.28,78.38,207.24,1,-1,-1,-1
371,57,1035.29,735.44,83.76,211.25,1,-1,-1,-1
371,58,1291.50,127.93,78.32,207.29,1,-1,-1,-1
372,57,1035.87,737.10,83.53,209.16,1,-1,-1,-1
372,58,1292.81,128.29,77.95,206.79,1,-1,-1,-1
373,57,1038.76,739.60,84.44,212.13,1,-1,-1,-1
373,58,1293.45,127.09,77.58,206.53,1,-1,-1,-1
374,57,1040.50,738.78,83.57,209.60,1,-1,-1,-1
374,58,1294.42,127.93,76.97,205.19,1,-1,-1,-1
375,57,1041.33,740.69,83.68,210.46,1,-1,-1,-1
375,58,1295.00,130.59,76.76,204.13,1,-1,-1,-1
376,57,1041.53,735.93,84.79,212.53,1,-1,-1,-1
376,58,1295.26,129.19,77.31,205.40,1,-1,-1,-1
377,57,1042.15,739.49,84.38,211.86,1,-1,-1,-1
377,58,1298.06,127.58,77.85,206.71,1,-1,-1,-1
378,57,1042.54,738.18,84.17,210.54,1,-1,-1,-1
378,58,1299.72,127.26,77.69,206.94,1,-1,-1,-1
379,57,1043.47,741.02,83.75,210.37,1,-1,-1,-1
379,58,1300.75,128.22,77.43,206.45,1,-1,-1,-1
380,57,1043.80,737.35,83.79,210.88,1,-1,-1,-1
380,58,1301.20,130.86,76.77,204.71,1,-1,-1,-1
381,57,1047.20,737.27,83.44,210.09,1,-1,-1,-1
381,58,1301.98,131.72,76.39,204.31,1,-1,-1,-1
382,57,1048.25,739.28,84.40,212.16,1,-1,-1,-1
382,58,1302.48,131.50,76.79,205.20,1,-1,-1,-1
383,57,1049.07,737.93,83.76,210.71,1,-1,-1,-1
383,58,1302.89,134.98,76.42,204.74,1,-1,-1,-1
384,57,1049.64,736.07,84.01,211.09,1,-1,-1,-1
384,58,1303.39,132.27,76.76,205.73,1,-1,-1,-1
385,57,1050.12,734.29,84.29,212.01,1,-1,-1,-1
385,58,1303.89,135.48,76.67,205.66,1,-1,-1,-1
386,57,1050.51,735.37,84.23,212.02,1,-1,-1,-1
386,58,1306.58,136.44,77.29,206.64,1,-1,-1,-1
387,57,1050.92,733.58,84.38,212.52,1,-1,-1,-1
387,58,1308.07,135.51,77.29,206.79,1,-1,-1,-1
388,57,1051.38,733.41,84.20,212.38,1,-1,-1,-1
388,58,1309.25,132.00,77.29,207.43,1,-1,-1,-1
389,57,1055.10,734.15,83.38,211.06,1,-1,-1,-1
389,58,1310.14,134.80,76.73,206.23,1,-1,-1,-1
390,57,1056.36,733.25,83.67,212.12,1,-1,-1,-1
390,58,1311.00,135.66,76.67,206.16,1,-1,-1,-1
391,57,1056.97,729.64,83.74,212.13,1,-1,-1,-1
391,58,1311.40,134.55,76.77,207.09,1,-1,-1,-1
392,57,1057.39,731.04,84.15,213.07,1,-1,-1,-1
392,58,1311.93,135.63,76.66,206.77,1,-1,-1,-1
393,57,1057.78,732.29,84.29,213.46,1,-1,-1,-1
393,58,1314.90,136.07,76.43,206.91,1,-1,-1,-1
394,57,1058.14,732.37,84.42,213.65,1,-1,-1,-1
394,58,1316.14,139.92,76.98,208.04,1,-1,-1,-1
395,57,1058.16,728.72,84.76,213.82,1,-1,-1,-1
395,58,1317.13,141.79,76.79,207.81,1,-1,-1,-1
396,57,1058.81,727.81,84.44,212.92,1,-1,-1,-1
396,58,1318.00,143.04,76.60,207.88,1,-1,-1,-1
397,57,1058.90,727.66,84.55,212.32,1,-1,-1,-1
397,58,1318.52,140.15,75.91,206.40,1,-1,-1,-1
398,57,1059.83,726.86,83.77,210.56,1,-1,-1,-1
398,58,1318.72,141.17,76.70,208.47,1,-1,-1,-1
399,57,1063.23,726.48,83.30,209.80,1,-1,-1,-1
399,58,1319.17,141.54,77.28,209.49,1,-1,-1,-1
400,57,1064.69,721.99,83.32,210.42,1,-1,-1,-1
400,58,1319.59,143.40,77.26,209.04,1,-1,-1,-1
401,57,1064.90,718.42,85.04,213.71,1,-1,-1,-1
401,58,1320.11,144.60,76.74,208.21,1,-1,-1,-1
402,57,1065.48,718.37,84.86,213.67,1,-1,-1,-1
402,58,1322.70,143.62,77.33,209.44,1,-1,-1,-1
403,57,1066.37,718.41,84.82,213.07,1,-1,-1,-1
403,58,1324.01,145.64,76.77,208.12,1,-1,-1,-1
404,57,1066.89,716.83,84.63,212.73,1,-1,-1,-1
404,58,1324.79,145.96,76.65,207.80,1,-1,-1,-1
405,57,1067.82,718.93,83.96,211.17,1,-1,-1,-1
405,58,1325.42,148.98,76.70,207.79,1,-1,-1,-1
406,57,1071.30,717.98,83.56,211.10,1,-1,-1,-1
406,58,1326.41,149.66,76.64,207.94,1,-1,-1,-1
407,57,1072.82,717.73,83.29,211.47,1,-1,-1,-1
407,58,1327.39,150.23,76.09,207.32,1,-1,-1,-1
408,57,1073.64,717.33,83.27,211.92,1,-1,-1,-1
408,58,1327.60,153.92,76.23,206.68,1,-1,-1,-1
409,57,1074.03,713.11,83.75,212.97,1,-1,-1,-1
409,58,1330.44,154.65,76.27,206.95,1,-1,-1,-1
410,57,1074.49,709.68,83.72,213.01,1,-1,-1,-1
410,58,1331.65,154.48,76.38,207.31,1,-1,-1,-1
411,57,1075.09,710.27,83.80,212.99,1,-1,-1,-1
411,58,1332.92,158.04,76.31,207.65,1,-1,-1,-1
412,57,1075.18,708.58,84.21,213.88,1,-1,-1,-1
412,58,1333.61,158.19,76.27,208.37,1,-1,-1,-1
413,57,1078.89,703.99,83.87,213.15,1,-1,-1,-1
413,58,1334.22,162.11,75.63,206.99,1,-1,-1,-1
414,57,1080.13,705.77,84.08,214.04,1,-1,-1,-1
414,58,1334.63,166.43,75.35,206.62,1,-1,-1,-1
415,57,1081.05,702.33,83.88,213.52,1,-1,-1,-1
415,58,1335.52,165.07,75.25,206.44,1,-1,-1,-1
416,57,1081.58,701.94,83.83,213.86,1,-1,-1,-1
416,58,1335.74,167.68,75.67,207.34,1,-1,-1,-1
417,57,1081.68,700.12,84.80,215.05,1,-1,-1,-1
417,58,1338.49,168.68,76.38,208.57,1,-1,-1,-1
418,57,1082.19,699.65,84.56,214.17,1,-1,-1,-1
418,58,1339.83,168.66,76.93,209.17,1,-1,-1,-1
419,57,1082.22,695.56,85.02,214.40,1,-1,-1,-1
419,58,1340.99,170.13,76.49,208.40,1,-1,-1,-1
420,57,1083.61,694.28,83.73,211.66,1,-1,-1,-1
420,58,1342.16,174.71,76.32,208.16,1,-1,-1,-1
421,57,1083.50,694.20,84.11,211.88,1,-1,-1,-1
421,58,1342.68,174.79,75.92,207.64,1,-1,-1,-1
422,57,1086.81,692.45,84.13,212.43,1,-1,-1,-1
422,58,1343.51,178.63,75.35,206.10,1,-1,-1,-1
423,57,1088.30,688.87,83.90,212.13,1,-1,-1,-1
423,58,1344.44,182.27,75.32,205.80,1,-1,-1,-1
424,57,1089.22,686.57,83.86,212.84,1,-1,-1,-1
424,58,1347.16,183.74,75.77,206.59,1,-1,-1,-1
425,57,1089.86,685.68,83.85,213.38,1,-1,-1,-1
425,58,1348.38,186.13,75.71,206.70,1,-1,-1,-1
426,57,1091.00,685.64,82.81,211.71,1,-1,-1,-1
426,58,1349.66,186.08,75.63,206.44,1,-1,-1,-1
427,57,1091.04,681.28,83.22,211.82,1,-1,-1,-1
427,58,1350.25,186.36,75.84,206.56,1,-1,-1,-1
428,57,1092.20,679.61,82.22,210.01,1,-1,-1,-1
428,58,1350.13,189.55,76.32,207.50,1,-1,-1,-1
429,57,1092.77,674.75,81.71,209.37,1,-1,-1,-1
429,58,1350.50,190.43,76.74,208.14,1,-1,-1,-1
430,57,1096.35,676.85,80.90,208.46,1,-1,-1,-1
430,58,1351.15,192.12,76.79,207.77,1,-1,-1,-1
431,57,1097.84,674.11,80.50,207.83,1,-1,-1,-1
431,58,1351.42,197.67,76.83,206.89,1,-1,-1,-1
432,57,1098.23,670.71,81.56,210.11,1,-1,-1,-1
432,58,1351.38,198.62,77.23,207.13,1,-1,-1,-1
433,57,1098.69,666.16,81.97,210.02,1,-1,-1,-1
433,58,1353.96,201.21,78.24,208.40,1,-1,-1,-1
434,57,1099.02,663.80,82.03,210.79,1,-1,-1,-1
434,58,1355.32,204.36,78.86,210.30,1,-1,-1,-1
435,57,1100.70,659.06,80.55,208.29,1,-1,-1,-1
435,58,1356.33,206.76,78.86,210.20,1,-1,-1,-1
436,57,1101.10,657.27,80.53,208.06,1,-1,-1,-1
436,58,1356.74,206.70,78.90,209.96,1,-1,-1,-1
437,57,1101.56,655.64,80.60,208.08,1,-1,-1,-1
437,58,1357.16,212.64,78.67,209.61,1,-1,-1,-1
438,57,1104.78,654.95,80.32,207.73,1,-1,-1,-1
438,58,1358.04,213.68,78.56,209.45,1,-1,-1,-1
439,57,1105.96,653.98,80.90,209.16,1,-1,-1,-1
439,58,1358.43,216.67,78.72,209.17,1,-1,-1,-1
440,57,1106.84,648.17,81.01,209.85,1,-1,-1,-1
440,58,1358.77,220.02,79.01,209.55,1,-1,-1,-1
441,57,1107.60,645.77,80.91,209.96,1,-1,-1,-1
441,58,1361.51,222.12,79.25,210.01,1,-1,-1,-1
442,57,1108.23,645.62,80.59,209.53,1,-1,-1,-1
442,58,1362.98,228.77,78.59,207.94,1,-1,-1,-1
443,57,1108.51,640.12,81.07,210.35,1,-1,-1,-1
443,58,1364.11,232.05,77.91,206.18,1,-1,-1,-1
444,57,1109.23,638.39,80.71,209.70,1,-1,-1,-1
444,58,1364.64,233.87,77.81,205.89,1,-1,-1,-1
445,57,1109.27,633.77,80.99,209.73,1,-1,-1,-1
445,58,1365.00,236.06,77.67,205.69,1,-1,-1,-1
446,57,1112.77,632.34,80.38,208.70,1,-1,-1,-1
446,58,1365.59,236.28,77.79,205.98,1,-1,-1,-1
447,57,1114.11,627.40,79.91,207.32,1,-1,-1,-1
447,58,1366.19,238.25,77.68,206.44,1,-1,-1,-1
448,57,1115.31,628.89,79.86,207.41,1,-1,-1,-1
448,58,1366.58,245.60,77.56,206.17,1,-1,-1,-1
449,57,1115.51,623.01,80.65,209.84,1,-1,-1,-1
449,58,1369.58,249.08,78.36,207.19,1,-1,-1,-1
450,57,1115.56,616.27,81.03,211.33,1,-1,-1,-1
450,58,1370.60,252.33,79.12,208.74,1,-1,-1,-1
451,57,1116.19,614.67,81.10,211.41,1,-1,-1,-1
451,58,1371.41,253.58,79.44,209.12,1,-1,-1,-1
452,57,1118.09,614.61,79.52,207.94,1,-1,-1,-1
452,58,1371.89,254.31,79.62,209.41,1,-1,-1,-1
453,57,1120.69,612.98,80.27,209.96,1,-1,-1,-1
453,58,1372.70,258.04,78.94,208.00,1,-1,-1,-1
454,57,1122.30,609.24,79.77,209.11,1,-1,-1,-1
454,58,1373.92,259.19,78.40,206.92,1,-1,-1,-1
455,57,1123.10,608.05,79.66,208.73,1,-1,-1,-1
455,58,1374.52,264.90,78.43,207.00,1,-1,-1,-1
456,57,1123.36,601.29,80.28,209.72,1,-1,-1,-1
456,58,1377.51,269.15,78.64,208.09,1,-1,-1,-1
457,57,1123.82,594.88,80.58,209.74,1,-1,-1,-1
457,58,1379.08,270.55,78.79,208.40,1,-1,-1,-1
458,57,1123.80,591.54,81.39,211.05,1,-1,-1,-1
458,58,1380.50,277.52,78.00,207.22,1,-1,-1,-1
459,57,1124.13,589.86,81.34,210.93,1,-1,-1,-1
459,58,1381.63,280.38,77.49,206.73,1,-1,-1,-1
460,57,1124.56,586.05,81.09,209.74,1,-1,-1,-1
460,58,1382.02,281.18,77.01,205.76,1,-1,-1,-1
461,57,1125.10,582.85,81.06,208.97,1,-1,-1,-1
461,58,1381.72,282.58,77.58,207.24,1,-1,-1,-1
462,57,1125.57,578.15,80.87,208.21,1,-1,-1,-1
462,58,1382.22,285.37,77.87,208.32,1,-1,-1,-1
463,57,1128.64,576.16,80.49,207.71,1,-1,-1,-1
463,58,1382.71,292.20,77.83,207.72,1,-1,-1,-1
464,57,1130.76,574.64,80.04,206.37,1,-1,-1,-1
464,58,1383.05,296.13,78.27,208.59,1,-1,-1,-1
465,57,1130.93,573.78,81.05,207.98,1,-1,-1,-1
465,58,1385.88,296.89,78.44,209.68,1,-1,-1,-1
466,57,1131.09,564.24,81.43,208.97,1,-1,-1,-1
466,58,1387.53,301.33,78.60,210.41,1,-1,-1,-1
467,57,1131.85,564.95,81.40,208.71,1,-1,-1,-1
467,58,1389.39,304.27,78.15,209.91,1,-1,-1,-1
468,57,1133.01,561.19,80.78,207.67,1,-1,-1,-1
468,58,1390.71,309.92,77.22,208.00,1,-1,-1,-1
469,57,1133.14,558.69,81.14,208.18,1,-1,-1,-1
469,58,1391.12,313.36,76.89,207.38,1,-1,-1,-1
470,57,1136.09,556.90,81.30,209.28,1,-1,-1,-1
470,58,1391.72,314.27,76.55,206.83,1,-1,-1,-1
471,57,1138.09,552.47,80.39,207.92,1,-1,-1,-1
471,58,1392.24,319.51,76.37,206.88,1,-1,-1,-1
472,57,1138.87,545.33,80.61,208.43,1,-1,-1,-1
472,58,1394.48,322.18,76.86,207.82,1,-1,-1,-1
473,57,1139.79,543.63,80.36,208.29,1,-1,-1,-1
473,58,1395.88,327.69,76.33,207.00,1,-1,-1,-1
474,57,1140.50,542.30,79.97,207.64,1,-1,-1,-1
474,58,1397.00,334.00,76.33,206.71,1,-1,-1,-1
475,57,1141.58,539.11,79.33,206.32,1,-1,-1,-1
475,58,1397.39,336.16,76.65,207.34,1,-1,-1,-1
476,57,1141.92,536.79,79.36,206.03,1,-1,-1,-1
476,58,1398.30,336.63,76.36,206.92,1,-1,-1,-1
477,57,1143.06,531.37,78.30,204.25,1,-1,-1,-1
477,58,1398.89,339.54,76.00,205.43,1,-1,-1,-1
478,57,1145.19,526.77,79.63,207.25,1,-1,-1,-1
478,58,1399.68,343.67,75.58,204.04,1,-1,-1,-1
479,57,1146.11,520.68,79.92,208.33,1,-1,-1,-1
479,58,1400.13,348.21,75.19,202.93,1,-1,-1,-1
480,57,1147.43,513.47,79.90,207.98,1,-1,-1,-1
480,58,1402.89,354.20,75.52,203.93,1,-1,-1,-1
481,57,1147.72,511.75,79.66,207.56,1,-1,-1,-1
481,58,1404.32,356.29,75.49,204.35,1,-1,-1,-1
482,57,1149.04,508.52,78.40,203.94,1,-1,-1,-1
482,58,1405.79,360.47,75.21,203.83,1,-1,-1,-1
483,57,1149.94,506.65,78.15,203.80,1,-1,-1,-1
483,58,1406.14,363.21,75.73,204.43,1,-1,-1,-1
484,57,1150.37,504.29,78.48,204.94,1,-1,-1,-1
484,58,1406.72,364.50,75.85,204.20,1,-1,-1,-1
485,57,1150.55,498.58,78.70,204.65,1,-1,-1,-1
485,58,1407.00,370.50,76.06,203.80,1,-1,-1,-1
486,57,1153.18,491.79,79.08,205.65,1,-1,-1,-1
486,58,1407.57,373.22,75.91,202.76,1,-1,-1,-1
487,57,1154.90,490.92,78.42,204.10,1,-1,-1,-1
487,58,1408.19,380.22,75.48,201.51,1,-1,-1,-1
488,57,1155.33,488.30,79.23,206.72,1,-1,-1,-1
488,58,1410.77,381.56,76.01,203.04,1,-1,-1,-1
489,57,1155.45,485.47,80.13,209.23,1,-1,-1,-1
489,58,1411.94,385.30,76.81,205.02,1,-1,-1,-1
490,57,1155.99,479.90,80.29,209.31,1,-1,-1,-1
490,58,1413.09,392.27,76.62,204.80,1,-1,-1,-1
491,57,1156.81,478.65,79.79,208.02,1,-1,-1,-1
491,58,1413.45,396.52,76.13,203.37,1,-1,-1,-1
492,57,1157.87,473.82,79.17,206.69,1,-1,-1,-1
492,58,1413.92,398.05,75.95,202.78,1,-1,-1,-1
493,57,1158.66,471.55,78.88,205.59,1,-1,-1,-1
493,58,1414.16,401.33,76.45,204.07,1,-1,-1,-1
494,57,1162.07,464.28,77.39,201.68,1,-1,-1,-1
494,58,1414.46,403.63,76.60,204.02,1,-1,-1,-1
495,57,1162.94,458.92,77.56,202.98,1,-1,-1,-1
495,58,1415.28,408.75,76.26,202.91,1,-1,-1,-1
496,57,1163.30,456.67,78.09,204.49,1,-1,-1,-1
496,58,1415.54,412.34,76.28,202.80,1,-1,-1,-1
497,57,1163.83,450.87,77.78,204.32,1,-1,-1,-1
497,58,1415.38,413.34,77.00,203.21,1,-1,-1,-1
498,57,1164.21,447.35,78.44,205.95,1,-1,-1,-1
498,58,1418.38,421.84,77.79,204.41,1,-1,-1,-1
499,57,1165.59,447.40,77.97,205.44,1,-1,-1,-1
499,58,1419.94,421.42,77.93,205.10,1,-1,-1,-1
500,57,1166.50,441.93,77.75,205.62,1,-1,-1,-1
500,58,1421.01,425.03,77.60,204.47,1,-1,-1,-1
