2,1,913.96,439.54,101.38,207.82,-1,-1,-1,-1
3,1,921.10,445.57,99.72,213.14,-1,-1,-1,-1
4,1,921.75,452.28,99.16,214.55,-1,-1,-1,-1
5,1,924.76,463.09,96.21,211.73,-1,-1,-1,-1
6,1,922.15,470.12,101.01,212.81,-1,-1,-1,-1
7,1,929.34,477.37,99.09,213.91,-1,-1,-1,-1
8,1,929.24,484.08,99.84,216.07,-1,-1,-1,-1
9,1,931.55,494.36,96.97,212.30,-1,-1,-1,-1
10,1,930.81,501.10,99.18,215.49,-1,-1,-1,-1
11,1,940.83,515.61,92.78,214.25,-1,-1,-1,-1
12,1,938.75,524.34,99.24,214.14,-1,-1,-1,-1
13,1,941.26,532.86,95.52,213.63,-1,-1,-1,-1
14,1,938.98,538.63,100.45,216.52,-1,-1,-1,-1
15,1,946.72,547.12,97.11,215.65,-1,-1,-1,-1
16,1,946.85,555.14,96.98,215.72,-1,-1,-1,-1
17,1,946.65,564.31,98.98,213.20,-1,-1,-1,-1
18,1,948.81,574.28,96.06,210.15,-1,-1,-1,-1
19,1,958.26,580.59,89.74,212.54,-1,-1,-1,-1
20,1,958.11,587.36,90.81,215.33,-1,-1,-1,-1
21,1,957.46,597.64,94.91,212.36,-1,-1,-1,-1
22,1,964.66,604.43,91.61,213.60,-1,-1,-1,-1
23,1,965.13,613.42,92.16,211.35,-1,-1,-1,-1
24,1,967.02,621.74,89.44,210.21,-1,-1,-1,-1
25,1,968.00,631.31,88.50,207.13,-1,-1,-1,-1
26,1,969.29,633.16,87.55,207.96,-1,-1,-1,-1
27,1,978.04,640.28,81.92,208.59,-1,-1,-1,-1
28,1,975.71,647.65,88.47,209.84,-1,-1,-1,-1
29,1,974.66,656.10,92.33,209.31,-1,-1,-1,-1
30,1,982.97,663.74,87.48,208.99,-1,-1,-1,-1
31,1,983.32,674.32,87.65,202.60,-1,-1,-1,-1
32,1,985.84,681.27,83.88,203.40,-1,-1,-1,-1
33,1,983.82,681.50,88.09,204.66,-1,-1,-1,-1
34,1,986.81,690.55,84.31,203.15,-1,-1,-1,-1
35,1,995.73,699.23,80.03,200.53,-1,-1,-1,-1
36,1,993.23,707.75,85.94,198.70,-1,-1,-1,-1
37,1,993.26,706.92,87.76,204.18,-1,-1,-1,-1
38,1,1001.95,712.37,81.32,206.22,-1,-1,-1,-1
39,1,1000.44,712.71,84.89,208.06,-1,-1,-1,-1
40,1,1001.83,721.52,84.11,205.34,-1,-1,-1,-1
41,1,1003.64,731.41,81.57,200.09,-1,-1,-1,-1
42,1,1001.89,731.90,85.07,201.57,-1,-1,-1,-1
43,1,1008.38,738.60,85.74,202.24,-1,-1,-1,-1
44,1,1008.02,746.47,88.15,200.24,-1,-1,-1,-1
45,1,1007.76,745.19,89.62,204.91,-1,-1,-1,-1
46,1,1007.49,746.75,90.81,204.09,-1,-1,-1,-1
47,1,1016.64,755.37,85.39,200.65,-1,-1,-1,-1
48,1,1018.03,754.37,83.52,204.67,-1,-1,-1,-1
49,1,1017.49,763.06,85.29,200.95,-1,-1,-1,-1
50,1,1016.19,763.77,88.49,202.00,-1,-1,-1,-1
51,1,1022.92,771.56,88.03,198.24,-1,-1,-1,-1
52,1,1024.56,772.17,87.35,199.65,-1,-1,-1,-1
53,1,1022.26,771.66,93.49,202.67,-1,-1,-1,-1
55,1,1032.27,777.79,86.32,203.18,-1,-1,-1,-1
56,1,1030.54,777.06,91.13,205.01,-1,-1,-1,-1
57,1,1029.29,777.41,93.36,204.56,-1,-1,-1,-1
58,1,1031.53,778.65,90.60,203.25,-1,-1,-1,-1
59,1,1040.26,780.24,85.89,201.56,-1,-1,-1,-1
60,1,1039.93,778.90,88.06,204.35,-1,-1,-1,-1
61,1,1038.44,786.42,92.32,200.59,-1,-1,-1,-1
62,1,1046.12,787.01,89.01,200.27,-1,-1,-1,-1
63,1,1045.99,785.91,90.38,202.26,-1,-1,-1,-1
64,1,1047.56,785.97,88.35,201.64,-1,-1,-1,-1
65,1,1047.01,778.59,90.27,204.30,-1,-1,-1,-1
66,1,1047.38,779.17,91.43,203.95,-1,-1,-1,-1
67,1,1055.21,778.15,88.28,205.61,-1,-1,-1,-1
68,1,1056.08,779.23,88.49,204.00,-1,-1,-1,-1
69,1,1056.24,777.60,88.74,205.84,-1,-1,-1,-1
70,1,1055.03,777.58,92.81,205.84,-1,-1,-1,-1
71,1,1064.67,777.63,85.83,203.89,-1,-1,-1,-1
72,1,1065.06,777.73,85.57,202.75,-1,-1,-1,-1
73,1,1065.36,771.31,86.53,202.81,-1,-1,-1,-1
74,1,1069.21,771.16,91.39,202.16,-1,-1,-1,-1
75,1,1070.02,771.87,91.11,199.34,-1,-1,-1,-1
76,1,1069.92,769.88,92.94,201.79,-1,-1,-1,-1
77,1,1070.74,769.58,91.70,201.76,-1,-1,-1,-1
78,1,1078.20,762.19,89.94,204.74,-1,-1,-1,-1
79,1,1080.71,760.69,84.91,204.25,-1,-1,-1,-1
80,1,1080.47,754.58,87.27,203.08,-1,-1,-1,-1
81,1,1081.51,746.26,85.22,204.51,-1,-1,-1,-1
82,1,1082.31,745.98,85.70,203.78,-1,-1,-1,-1
83,1,1087.56,745.44,88.40,202.80,-1,-1,-1,-1
84,1,1088.84,738.99,87.17,203.08,-1,-1,-1,-1
85,1,1087.99,740.40,89.08,197.34,-1,-1,-1,-1
86,1,1098.64,732.21,80.44,201.13,-1,-1,-1,-1
87,1,1095.84,722.73,88.47,204.94,-1,-1,-1,-1
88,1,1096.51,723.57,86.82,198.06,-1,-1,-1,-1
89,1,1096.20,715.09,88.34,200.91,-1,-1,-1,-1
90,1,1103.07,707.22,88.38,203.37,-1,-1,-1,-1
91,1,1103.26,707.46,88.57,199.52,-1,-1,-1,-1
92,1,1102.99,698.99,91.67,203.01,-1,-1,-1,-1
93,1,1102.07,697.14,93.73,203.40,-1,-1,-1,-1
94,1,1110.78,682.25,87.69,205.67,-1,-1,-1,-1
95,1,1111.81,681.72,87.63,203.42,-1,-1,-1,-1
96,1,1112.74,675.25,86.77,201.70,-1,-1,-1,-1
97,1,1112.57,665.82,87.52,205.06,-1,-1,-1,-1
98,1,1112.53,656.42,88.96,208.67,-1,-1,-1,-1
99,1,1117.54,649.23,92.04,208.11,-1,-1,-1,-1
100,1,1119.77,647.86,88.55,206.47,-1,-1,-1,-1
101,1,1119.55,641.52,90.04,203.74,-1,-1,-1,-1
102,1,1127.57,631.38,86.97,208.44,-1,-1,-1,-1
103,1,1125.64,623.49,91.55,208.84,-1,-1,-1,-1
104,1,1127.68,614.98,88.55,209.38,-1,-1,-1,-1
105,1,1125.69,607.49,92.91,209.06,-1,-1,-1,-1
106,1,1135.79,598.80,86.44,210.60,-1,-1,-1,-1
107,1,1134.77,589.96,88.63,211.72,-1,-1,-1,-1
108,1,1135.00,582.91,90.01,210.91,-1,-1,-1,-1
109,1,1133.71,573.78,94.12,214.28,-1,-1,-1,-1
110,1,1141.19,564.11,91.31,216.63,-1,-1,-1,-1
111,1,1138.45,555.99,97.99,216.19,-1,-1,-1,-1
112,1,1140.79,548.78,93.65,214.13,-1,-1,-1,-1
113,1,1139.72,542.19,95.85,212.12,-1,-1,-1,-1
114,1,1149.05,535.35,91.08,210.38,-1,-1,-1,-1
115,1,1146.69,526.39,96.65,211.14,-1,-1,-1,-1
116,1,1149.36,518.25,93.92,212.37,-1,-1,-1,-1
117,1,1147.02,510.26,99.55,211.21,-1,-1,-1,-1
118,1,1155.50,501.32,94.48,212.75,-1,-1,-1,-1
119,1,1146.84,492.96,99.97,211.78,-1,-1,-1,-1
120,1,1156.40,476.52,94.56,217.20,-1,-1,-1,-1
121,1,1154.38,477.71,98.87,209.58,-1,-1,-1,-1
122,1,1157.26,470.25,95.60,208.79,-1,-1,-1,-1
123,1,1164.17,454.94,92.55,213.14,-1,-1,-1,-1
124,1,1165.46,453.25,91.65,210.97,-1,-1,-1,-1
125,1,1164.23,438.26,96.47,214.03,-1,-1,-1,-1
126,1,1162.90,429.03,100.41,215.12,-1,-1,-1,-1
127,1,1169.94,421.73,97.64,214.03,-1,-1,-1,-1
128,1,1170.80,413.80,97.24,213.65,-1,-1,-1,-1
129,1,1168.48,405.55,103.47,212.65,-1,-1,-1,-1
130,1,1168.82,390.24,102.71,213.18,-1,-1,-1,-1
131,1,1177.56,389.85,99.71,210.30,-1,-1,-1,-1
132,1,1173.65,382.08,108.99,210.49,-1,-1,-1,-1
133,1,1181.90,374.73,105.34,208.79,-1,-1,-1,-1
134,1,1180.64,359.85,108.37,210.97,-1,-1,-1,-1
135,1,1182.59,356.07,105.67,213.64,-1,-1,-1,-1
136,1,1185.12,348.82,101.52,211.96,-1,-1,-1,-1
137,1,1180.84,333.84,110.80,214.04,-1,-1,-1,-1
138,1,1177.42,324.01,118.41,216.45,-1,-1,-1,-1
139,1,1186.03,314.59,114.46,218.77,-1,-1,-1,-1
140,1,1191.43,310.58,104.95,211.65,-1,-1,-1,-1
141,1,1186.79,299.36,114.98,217.48,-1,-1,-1,-1
142,1,1190.40,293.12,108.56,215.46,-1,-1,-1,-1
143,1,1189.41,284.67,110.45,215.98,-1,-1,-1,-1
144,1,1199.74,277.42,103.13,215.96,-1,-1,-1,-1
145,1,1189.64,263.34,124.27,224.90,-1,-1,-1,-1
146,1,1196.31,259.15,111.43,217.91,-1,-1,-1,-1
147,1,1192.60,248.94,120.12,222.44,-1,-1,-1,-1
148,1,1207.21,245.57,105.07,215.18,-1,-1,-1,-1
149,1,1203.36,236.28,112.01,216.76,-1,-1,-1,-1
150,1,1207.33,230.59,105.81,212.75,-1,-1,-1,-1
151,1,1211.68,221.76,110.92,214.56,-1,-1,-1,-1
152,1,1212.23,217.74,110.09,218.01,-1,-1,-1,-1
153,1,1213.83,209.23,108.62,219.34,-1,-1,-1,-1
154,1,1211.14,196.52,114.25,217.36,-1,-1,-1,-1
155,1,1218.92,195.00,112.52,217.60,-1,-1,-1,-1
156,1,1220.88,188.36,108.80,217.94,-1,-1,-1,-1
157,1,1224.15,188.30,104.12,213.42,-1,-1,-1,-1
158,1,1220.46,178.16,112.43,217.79,-1,-1,-1,-1
159,1,1229.31,171.23,106.96,216.69,-1,-1,-1,-1
160,1,1230.85,165.51,104.78,215.79,-1,-1,-1,-1
161,1,1227.05,157.42,113.31,215.73,-1,-1,-1,-1
162,1,1231.70,156.64,105.16,212.06,-1,-1,-1,-1
163,1,1230.23,149.40,108.70,213.84,-1,-1,-1,-1
164,1,1239.55,141.53,104.23,214.91,-1,-1,-1,-1
165,1,1242.76,140.74,98.47,212.83,-1,-1,-1,-1
166,1,1241.39,135.07,102.53,212.38,-1,-1,-1,-1
167,1,1244.90,129.95,108.95,218.87,-1,-1,-1,-1
168,1,1246.11,124.81,106.51,215.99,-1,-1,-1,-1
169,1,1247.72,119.75,104.18,211.42,-1,-1,-1,-1
170,1,1250.73,119.49,97.97,209.68,-1,-1,-1,-1
171,1,1250.54,111.48,100.74,211.25,-1,-1,-1,-1
172,1,1254.40,107.17,106.63,216.60,-1,-1,-1,-1
173,1,1258.43,109.53,99.24,211.26,-1,-1,-1,-1
174,1,1258.02,109.78,100.38,209.69,-1,-1,-1,-1
175,1,1261.81,101.53,106.35,213.38,-1,-1,-1,-1
176,1,1262.19,100.11,105.86,214.19,-1,-1,-1,-1
177,1,1259.94,93.60,110.63,212.82,-1,-1,-1,-1
178,1,1263.48,93.44,105.58,210.96,-1,-1,-1,-1
179,1,1266.76,89.84,100.63,206.28,-1,-1,-1,-1
180,1,1275.02,88.54,96.76,208.61,-1,-1,-1,-1
181,1,1276.41,88.50,94.54,209.02,-1,-1,-1,-1
182,1,1276.18,88.73,97.51,206.80,-1,-1,-1,-1
183,1,1280.60,86.84,101.58,210.20,-1,-1,-1,-1
184,1,1281.05,86.09,101.18,210.06,-1,-1,-1,-1
185,1,1281.29,81.04,101.88,207.32,-1,-1,-1,-1
186,1,1281.70,82.03,101.56,205.95,-1,-1,-1,-1
187,1,1289.96,80.55,97.38,209.35,-1,-1,-1,-1
188,1,1290.60,80.08,97.90,210.17,-1,-1,-1,-1
189,1,1291.16,86.78,97.71,207.42,-1,-1,-1,-1
190,1,1289.78,87.36,102.07,206.05,-1,-1,-1,-1
191,1,1295.78,86.35,102.64,208.15,-1,-1,-1,-1
192,1,1288.62,79.88,104.04,210.39,-1,-1,-1,-1
193,1,1296.81,79.98,102.73,209.28,-1,-1,-1,-1
194,1,1295.59,78.03,105.83,213.09,-1,-1,-1,-1
195,1,1304.66,85.68,100.72,210.66,-1,-1,-1,-1
196,1,1307.03,86.72,97.72,211.40,-1,-1,-1,-1
197,1,1309.28,88.64,93.44,208.54,-1,-1,-1,-1
198,1,1307.91,88.81,96.94,208.66,-1,-1,-1,-1
199,1,1313.01,93.88,99.91,210.62,-1,-1,-1,-1
200,1,1312.50,95.10,101.40,210.23,-1,-1,-1,-1
201,1,1313.36,101.42,100.12,210.52,-1,-1,-1,-1
202,1,1313.74,94.49,101.41,212.95,-1,-1,-1,-1
203,1,1314.47,104.16,100.14,207.98,-1,-1,-1,-1
204,1,1321.65,102.27,99.86,213.67,-1,-1,-1,-1
205,1,1320.94,109.42,101.90,212.09,-1,-1,-1,-1
206,1,1321.50,111.18,101.47,212.26,-1,-1,-1,-1
207,1,1325.56,118.27,106.56,213.40,-1,-1,-1,-1
208,1,1326.00,117.13,105.91,215.96,-1,-1,-1,-1
209,1,1326.95,124.45,104.44,214.78,-1,-1,-1,-1
210,1,1325.61,125.37,109.70,213.53,-1,-1,-1,-1
211,1,1331.32,131.12,111.23,216.18,-1,-1,-1,-1
212,1,1336.26,134.04,102.70,213.42,-1,-1,-1,-1
213,1,1337.81,143.03,99.73,211.80,-1,-1,-1,-1
214,1,1338.85,150.18,99.08,211.76,-1,-1,-1,-1
215,1,1342.20,147.56,106.19,218.77,-1,-1,-1,-1
216,1,1333.61,156.58,110.19,215.71,-1,-1,-1,-1
217,1,1345.23,165.24,100.82,213.76,-1,-1,-1,-1
218,1,1342.90,164.97,107.12,215.76,-1,-1,-1,-1
219,1,1350.94,172.02,104.54,218.08,-1,-1,-1,-1
220,1,1353.49,180.47,99.63,216.84,-1,-1,-1,-1
221,1,1352.34,188.70,102.00,214.82,-1,-1,-1,-1
222,1,1352.98,196.65,102.90,214.37,-1,-1,-1,-1
223,1,1351.09,201.53,107.46,217.65,-1,-1,-1,-1
224,1,1360.21,211.49,102.95,214.52,-1,-1,-1,-1
225,1,1346.95,212.50,115.17,216.69,-1,-1,-1,-1
226,1,1358.89,221.37,107.34,214.71,-1,-1,-1,-1
227,1,1356.77,228.34,111.99,215.32,-1,-1,-1,-1
228,1,1365.30,234.91,108.83,218.75,-1,-1,-1,-1
229,1,1368.76,246.03,102.23,212.98,-1,-1,-1,-1
230,1,1363.52,248.21,114.00,222.09,-1,-1,-1,-1
231,1,1375.03,260.14,104.02,214.73,-1,-1,-1,-1
232,1,1371.40,264.23,111.37,222.17,-1,-1,-1,-1
233,1,1373.63,276.16,108.88,214.66,-1,-1,-1,-1
234,1,1371.46,281.11,114.12,219.97,-1,-1,-1,-1
235,1,1380.89,291.29,109.25,215.76,-1,-1,-1,-1
236,1,1383.79,299.77,104.61,215.42,-1,-1,-1,-1
237,1,1382.67,309.40,106.99,212.73,-1,-1,-1,-1
238,1,1379.96,316.85,113.27,214.14,-1,-1,-1,-1
239,1,1389.45,327.13,106.65,211.77,-1,-1,-1,-1
240,1,1388.00,332.55,110.41,216.29,-1,-1,-1,-1
241,1,1388.10,340.39,110.42,215.76,-1,-1,-1,-1
242,1,1388.43,347.62,112.66,216.45,-1,-1,-1,-1
243,1,1396.36,356.68,109.34,214.65,-1,-1,-1,-1
244,1,1399.50,366.94,104.79,212.57,-1,-1,-1,-1
245,1,1400.41,376.08,103.74,209.41,-1,-1,-1,-1
246,1,1400.64,382.22,104.18,212.45,-1,-1,-1,-1
247,1,1404.68,386.37,108.55,218.85,-1,-1,-1,-1
248,1,1409.48,404.83,100.15,211.59,-1,-1,-1,-1
249,1,1410.54,414.38,97.97,208.87,-1,-1,-1,-1
250,1,1409.66,421.25,101.82,211.35,-1,-1,-1,-1
2,2,661.43,431.82,78.93,203.63,-1,-1,-1,-1
3,2,665.07,417.64,84.20,208.63,-1,-1,-1,-1
4,2,664.41,409.73,85.98,206.29,-1,-1,-1,-1
5,2,669.80,401.48,76.78,205.25,-1,-1,-1,-1
6,2,668.84,394.12,79.89,204.34,-1,-1,-1,-1
7,2,673.36,385.96,84.10,203.51,-1,-1,-1,-1
8,2,672.81,376.90,85.53,204.70,-1,-1,-1,-1
9,2,672.18,367.85,87.83,206.19,-1,-1,-1,-1
10,2,674.63,360.08,83.87,205.11,-1,-1,-1,-1
11,2,683.82,351.33,78.56,205.59,-1,-1,-1,-1
12,2,683.80,344.94,79.21,203.28,-1,-1,-1,-1
13,2,682.17,329.82,84.15,207.97,-1,-1,-1,-1
14,2,689.71,322.53,82.80,205.68,-1,-1,-1,-1
15,2,687.36,312.37,87.28,209.14,-1,-1,-1,-1
16,2,686.20,305.52,90.99,207.78,-1,-1,-1,-1
17,2,683.99,296.84,95.77,209.08,-1,-1,-1,-1
18,2,687.06,289.43,90.34,208.18,-1,-1,-1,-1
19,2,687.86,281.24,89.58,208.84,-1,-1,-1,-1
20,2,693.82,273.79,91.07,208.04,-1,-1,-1,-1
21,2,693.96,265.31,92.09,208.47,-1,-1,-1,-1
22,2,696.51,257.56,88.14,208.31,-1,-1,-1,-1
23,2,695.06,247.94,90.79,211.21,-1,-1,-1,-1
24,2,699.08,247.03,96.13,206.88,-1,-1,-1,-1
25,2,700.07,239.12,95.03,206.56,-1,-1,-1,-1
26,2,701.55,231.61,93.02,206.66,-1,-1,-1,-1
27,2,703.43,223.39,90.49,207.57,-1,-1,-1,-1
28,2,710.76,216.12,89.48,209.12,-1,-1,-1,-1
29,2,712.04,209.06,88.78,207.75,-1,-1,-1,-1
30,2,710.71,205.15,91.60,209.90,-1,-1,-1,-1
31,2,716.25,199.35,94.17,207.88,-1,-1,-1,-1
32,2,716.85,189.61,92.68,211.03,-1,-1,-1,-1
33,2,720.66,182.99,86.19,211.76,-1,-1,-1,-1
34,2,720.77,176.57,87.21,209.29,-1,-1,-1,-1
35,2,727.30,174.26,87.25,209.02,-1,-1,-1,-1
36,2,728.49,168.15,85.97,208.15,-1,-1,-1,-1
37,2,729.53,160.67,85.28,208.55,-1,-1,-1,-1
38,2,729.38,158.34,86.38,209.09,-1,-1,-1,-1
39,2,734.04,152.91,90.21,206.99,-1,-1,-1,-1
40,2,733.21,145.03,92.39,207.99,-1,-1,-1,-1
41,2,733.44,143.54,92.83,206.49,-1,-1,-1,-1
42,2,734.06,137.18,92.49,205.44,-1,-1,-1,-1
43,2,741.54,129.61,91.37,208.11,-1,-1,-1,-1
44,2,744.24,129.59,87.06,204.03,-1,-1,-1,-1
45,2,745.48,127.70,85.19,205.19,-1,-1,-1,-1
46,2,745.27,122.03,86.56,205.11,-1,-1,-1,-1
47,2,750.48,114.20,89.88,207.16,-1,-1,-1,-1
48,2,750.71,112.65,89.30,206.85,-1,-1,-1,-1
49,2,752.69,112.09,86.37,206.07,-1,-1,-1,-1
50,2,753.75,105.22,85.28,206.93,-1,-1,-1,-1
51,2,754.39,105.14,84.73,205.26,-1,-1,-1,-1
52,2,760.43,104.26,85.37,204.38,-1,-1,-1,-1
53,2,760.90,99.72,86.65,204.19,-1,-1,-1,-1
54,2,762.02,97.00,85.09,204.84,-1,-1,-1,-1
55,2,760.32,95.71,88.43,205.41,-1,-1,-1,-1
56,2,765.63,95.13,90.59,206.06,-1,-1,-1,-1
57,2,767.22,89.85,88.40,207.20,-1,-1,-1,-1
58,2,770.70,90.01,82.57,205.33,-1,-1,-1,-1
59,2,770.63,89.55,84.34,204.67,-1,-1,-1,-1
60,2,777.01,89.79,84.72,203.88,-1,-1,-1,-1
61,2,778.63,90.38,82.38,203.13,-1,-1,-1,-1
62,2,777.57,89.85,85.96,203.36,-1,-1,-1,-1
63,2,777.25,89.29,87.06,204.17,-1,-1,-1,-1
64,2,783.20,89.23,87.64,203.83,-1,-1,-1,-1
65,2,783.13,88.97,88.58,204.86,-1,-1,-1,-1
66,2,786.32,89.38,83.68,203.35,-1,-1,-1,-1
67,2,786.81,89.47,83.53,203.15,-1,-1,-1,-1
68,2,792.52,90.17,85.59,203.45,-1,-1,-1,-1
69,2,793.58,90.49,83.99,204.40,-1,-1,-1,-1
70,2,794.27,90.43,83.89,205.88,-1,-1,-1,-1
71,2,793.93,94.58,85.29,206.79,-1,-1,-1,-1
72,2,800.81,95.27,84.41,206.27,-1,-1,-1,-1
73,2,804.01,96.81,79.18,205.58,-1,-1,-1,-1
74,2,801.97,97.93,85.55,206.96,-1,-1,-1,-1
75,2,807.61,103.63,86.59,205.23,-1,-1,-1,-1
76,2,806.43,104.98,89.79,204.66,-1,-1,-1,-1
77,2,808.35,105.69,87.33,206.09,-1,-1,-1,-1
78,2,808.82,110.45,87.52,207.47,-1,-1,-1,-1
79,2,815.18,112.24,87.46,206.65,-1,-1,-1,-1
80,2,813.24,113.34,92.28,208.16,-1,-1,-1,-1
81,2,815.62,120.71,87.53,205.24,-1,-1,-1,-1
82,2,818.74,122.76,82.66,205.50,-1,-1,-1,-1
83,2,818.76,129.40,84.15,202.93,-1,-1,-1,-1
84,2,822.96,130.82,88.28,205.26,-1,-1,-1,-1
85,2,825.53,137.77,84.30,205.05,-1,-1,-1,-1
86,2,824.87,142.35,87.20,207.43,-1,-1,-1,-1
87,2,830.34,143.81,89.23,209.11,-1,-1,-1,-1
88,2,829.90,151.05,90.76,209.23,-1,-1,-1,-1
89,2,832.51,158.12,86.37,208.65,-1,-1,-1,-1
90,2,830.82,159.63,90.39,209.36,-1,-1,-1,-1
91,2,838.71,165.95,88.64,211.85,-1,-1,-1,-1
92,2,840.10,172.65,86.95,211.07,-1,-1,-1,-1
93,2,842.39,175.77,83.22,209.35,-1,-1,-1,-1
94,2,840.35,182.96,88.26,210.63,-1,-1,-1,-1
95,2,839.31,189.23,90.82,210.38,-1,-1,-1,-1
96,2,844.14,197.01,94.58,209.99,-1,-1,-1,-1
97,2,846.66,198.73,89.31,212.74,-1,-1,-1,-1
98,2,848.18,208.29,87.56,207.55,-1,-1,-1,-1
99,2,848.67,215.66,87.44,206.85,-1,-1,-1,-1
100,2,853.77,223.12,90.68,207.09,-1,-1,-1,-1
101,2,855.39,231.95,88.57,205.65,-1,-1,-1,-1
102,2,855.79,232.31,88.82,210.25,-1,-1,-1,-1
103,2,860.84,240.05,92.45,210.87,-1,-1,-1,-1
104,2,859.52,247.23,95.42,211.68,-1,-1,-1,-1
105,2,861.71,256.96,91.81,208.75,-1,-1,-1,-1
106,2,862.06,264.89,92.08,207.29,-1,-1,-1,-1
107,2,864.11,273.04,89.06,207.80,-1,-1,-1,-1
108,2,870.81,280.64,89.52,207.40,-1,-1,-1,-1
109,2,873.04,289.38,86.39,205.72,-1,-1,-1,-1
110,2,874.98,297.07,83.69,206.65,-1,-1,-1,-1
111,2,879.54,304.95,87.56,207.74,-1,-1,-1,-1
112,2,879.74,312.03,87.36,208.28,-1,-1,-1,-1
113,2,883.82,320.91,80.82,207.65,-1,-1,-1,-1
114,2,884.71,329.32,79.76,207.78,-1,-1,-1,-1
115,2,891.73,338.27,79.07,206.04,-1,-1,-1,-1
116,2,891.83,345.38,79.78,207.37,-1,-1,-1,-1
117,2,892.86,359.58,78.44,205.55,-1,-1,-1,-1
118,2,893.47,360.88,79.10,209.10,-1,-1,-1,-1
119,2,898.59,375.60,80.70,205.78,-1,-1,-1,-1
120,2,896.51,383.56,86.19,204.72,-1,-1,-1,-1
121,2,896.83,392.07,86.30,206.43,-1,-1,-1,-1
122,2,899.28,401.39,82.76,204.21,-1,-1,-1,-1
123,2,904.89,408.84,84.00,205.99,-1,-1,-1,-1
124,2,905.90,418.45,83.51,205.52,-1,-1,-1,-1
125,2,904.73,425.65,87.21,207.16,-1,-1,-1,-1
126,2,913.54,432.51,82.42,210.50,-1,-1,-1,-1
127,2,912.00,440.93,86.62,208.55,-1,-1,-1,-1
128,2,914.52,455.06,82.19,206.10,-1,-1,-1,-1
129,2,913.65,464.25,85.13,202.79,-1,-1,-1,-1
130,2,915.72,472.18,81.91,204.09,-1,-1,-1,-1
131,2,919.65,479.33,86.20,205.61,-1,-1,-1,-1
132,2,920.02,487.77,86.94,204.81,-1,-1,-1,-1
133,2,921.29,495.44,85.62,205.47,-1,-1,-1,-1
134,2,924.20,504.56,81.06,205.82,-1,-1,-1,-1
135,2,930.10,512.19,82.56,207.20,-1,-1,-1,-1
136,2,928.60,520.33,86.15,208.64,-1,-1,-1,-1
137,2,929.81,529.00,84.84,207.87,-1,-1,-1,-1
138,2,929.52,537.23,86.51,207.43,-1,-1,-1,-1
139,2,938.53,546.84,81.48,204.46,-1,-1,-1,-1
140,2,937.34,554.44,84.29,204.80,-1,-1,-1,-1
141,2,941.33,563.02,78.18,204.09,-1,-1,-1,-1
142,2,947.61,570.28,78.48,205.39,-1,-1,-1,-1
143,2,946.71,578.63,81.78,206.51,-1,-1,-1,-1
144,2,947.19,585.49,81.21,206.03,-1,-1,-1,-1
145,2,948.01,594.30,80.75,204.66,-1,-1,-1,-1
146,2,950.18,602.49,77.54,203.96,-1,-1,-1,-1
147,2,956.55,609.94,77.23,204.86,-1,-1,-1,-1
148,2,956.61,617.30,77.38,204.17,-1,-1,-1,-1
149,2,958.30,625.62,75.83,203.89,-1,-1,-1,-1
150,2,958.96,634.00,75.94,202.20,-1,-1,-1,-1
151,2,966.57,641.09,73.98,203.40,-1,-1,-1,-1
152,2,964.31,648.20,79.57,203.42,-1,-1,-1,-1
153,2,967.54,657.49,73.92,200.62,-1,-1,-1,-1
154,2,973.91,665.13,73.55,201.06,-1,-1,-1,-1
155,2,974.82,666.69,72.82,205.57,-1,-1,-1,-1
156,2,976.39,673.92,71.33,205.18,-1,-1,-1,-1
157,2,975.56,681.31,73.63,203.43,-1,-1,-1,-1
158,2,985.07,690.39,67.20,200.82,-1,-1,-1,-1
159,2,982.65,698.01,73.74,201.36,-1,-1,-1,-1
160,2,983.71,698.25,73.26,204.40,-1,-1,-1,-1
161,2,985.03,705.96,71.31,204.34,-1,-1,-1,-1
162,2,986.36,714.14,69.29,202.19,-1,-1,-1,-1
163,2,990.34,715.23,73.52,202.96,-1,-1,-1,-1
164,2,993.67,722.59,67.72,201.99,-1,-1,-1,-1
165,2,993.57,731.10,69.72,199.13,-1,-1,-1,-1
166,2,994.96,730.67,68.18,204.49,-1,-1,-1,-1
167,2,1000.43,738.66,70.07,202.03,-1,-1,-1,-1
168,2,997.83,746.80,77.01,198.94,-1,-1,-1,-1
169,2,999.68,746.95,73.92,202.23,-1,-1,-1,-1
170,2,1001.06,747.19,72.22,203.78,-1,-1,-1,-1
171,2,1007.29,755.18,72.04,199.39,-1,-1,-1,-1
173,2,1007.94,763.56,72.50,199.24,-1,-1,-1,-1
176,2,1014.40,771.58,75.77,200.29,-1,-1,-1,-1
177,2,1014.97,777.42,74.67,201.27,-1,-1,-1,-1
178,2,1016.76,778.05,72.48,200.94,-1,-1,-1,-1
179,2,1021.37,779.06,75.09,200.99,-1,-1,-1,-1
180,2,1020.91,779.41,77.07,201.34,-1,-1,-1,-1
181,2,1023.35,779.19,73.39,202.98,-1,-1,-1,-1
182,2,1023.47,778.88,75.48,204.81,-1,-1,-1,-1
183,2,1026.93,785.90,81.55,200.75,-1,-1,-1,-1
184,2,1026.49,786.84,83.00,199.60,-1,-1,-1,-1
185,2,1030.14,787.85,76.94,199.22,-1,-1,-1,-1
186,2,1036.62,787.31,76.35,200.88,-1,-1,-1,-1
187,2,1038.35,787.56,73.85,200.22,-1,-1,-1,-1
188,2,1039.30,786.78,73.26,201.54,-1,-1,-1,-1
189,2,1040.51,787.16,72.30,201.85,-1,-1,-1,-1
190,2,1046.59,786.61,73.10,203.34,-1,-1,-1,-1
191,2,1045.67,786.74,75.96,203.21,-1,-1,-1,-1
192,2,1046.40,787.03,75.44,201.50,-1,-1,-1,-1
193,2,1045.60,786.23,77.50,201.91,-1,-1,-1,-1
194,2,1046.53,786.37,77.04,199.77,-1,-1,-1,-1
195,2,1052.69,786.34,76.44,199.71,-1,-1,-1,-1
196,2,1053.64,779.74,75.62,202.26,-1,-1,-1,-1
198,2,1055.27,779.66,74.85,200.18,-1,-1,-1,-1
199,2,1063.28,779.65,72.03,199.11,-1,-1,-1,-1
200,2,1061.61,771.41,77.15,204.22,-1,-1,-1,-1
201,2,1062.89,771.65,75.13,200.67,-1,-1,-1,-1
202,2,1068.94,771.03,75.51,199.28,-1,-1,-1,-1
203,2,1068.63,763.24,77.02,204.24,-1,-1,-1,-1
204,2,1071.99,763.44,71.22,199.88,-1,-1,-1,-1
205,2,1074.59,764.03,67.84,197.14,-1,-1,-1,-1
206,2,1078.02,755.03,74.33,200.58,-1,-1,-1,-1
207,2,1079.29,754.49,72.81,199.79,-1,-1,-1,-1
208,2,1079.92,746.96,72.53,202.20,-1,-1,-1,-1
209,2,1078.18,746.69,77.54,199.78,-1,-1,-1,-1
210,2,1086.19,739.36,73.39,200.44,-1,-1,-1,-1
211,2,1087.35,731.84,72.01,202.56,-1,-1,-1,-1
212,2,1088.54,732.55,70.53,196.71,-1,-1,-1,-1
213,2,1087.86,723.48,74.00,199.75,-1,-1,-1,-1
214,2,1093.06,715.23,75.96,203.34,-1,-1,-1,-1
215,2,1095.07,714.88,72.70,200.97,-1,-1,-1,-1
216,2,1093.83,705.89,77.50,204.02,-1,-1,-1,-1
217,2,1093.68,698.95,78.49,203.94,-1,-1,-1,-1
218,2,1102.37,698.56,73.03,199.73,-1,-1,-1,-1
219,2,1102.61,690.19,73.93,201.26,-1,-1,-1,-1
220,2,1104.04,682.12,71.83,202.96,-1,-1,-1,-1
221,2,1104.08,674.86,73.61,204.06,-1,-1,-1,-1
222,2,1111.92,673.74,69.68,201.35,-1,-1,-1,-1
223,2,1111.47,665.43,72.02,203.22,-1,-1,-1,-1
224,2,1108.91,656.81,78.34,202.75,-1,-1,-1,-1
225,2,1109.42,648.69,78.78,204.61,-1,-1,-1,-1
226,2,1117.08,642.03,74.77,203.63,-1,-1,-1,-1
227,2,1116.01,633.54,77.90,204.77,-1,-1,-1,-1
228,2,1118.45,626.75,74.29,203.97,-1,-1,-1,-1
229,2,1116.01,618.01,80.31,205.66,-1,-1,-1,-1
230,2,1124.28,611.56,77.23,204.07,-1,-1,-1,-1
231,2,1124.50,603.05,78.01,205.28,-1,-1,-1,-1
232,2,1123.64,594.73,81.66,206.33,-1,-1,-1,-1
233,2,1125.17,587.32,79.16,204.77,-1,-1,-1,-1
234,2,1131.16,584.71,78.89,202.85,-1,-1,-1,-1
235,2,1130.26,571.19,81.69,205.10,-1,-1,-1,-1
236,2,1132.81,563.59,77.99,204.46,-1,-1,-1,-1
237,2,1129.46,555.06,85.73,205.87,-1,-1,-1,-1
238,2,1137.57,551.33,82.72,204.75,-1,-1,-1,-1
239,2,1137.82,538.23,83.22,207.25,-1,-1,-1,-1
240,2,1136.55,529.12,86.92,209.46,-1,-1,-1,-1
241,2,1137.78,521.05,85.12,209.26,-1,-1,-1,-1
242,2,1146.15,513.95,81.11,207.20,-1,-1,-1,-1
243,2,1144.77,504.71,84.01,206.91,-1,-1,-1,-1
244,2,1146.68,496.59,81.65,206.19,-1,-1,-1,-1
245,2,1144.79,489.27,86.76,204.86,-1,-1,-1,-1
246,2,1147.24,480.09,83.62,205.22,-1,-1,-1,-1
247,2,1153.63,472.22,82.90,206.73,-1,-1,-1,-1
248,2,1153.99,463.11,83.88,207.17,-1,-1,-1,-1
249,2,1153.43,456.02,85.82,205.42,-1,-1,-1,-1
250,2,1155.40,447.79,82.85,204.16,-1,-1,-1,-1
