2,1,718.42,82.77,88.89,205.92,-1,-1,-1,-1
3,1,728.87,82.63,84.62,202.98,-1,-1,-1,-1
4,1,735.02,75.30,88.11,204.90,-1,-1,-1,-1
5,1,746.22,73.15,83.93,202.41,-1,-1,-1,-1
6,1,754.76,66.32,82.64,206.28,-1,-1,-1,-1
7,1,763.48,63.83,82.59,204.88,-1,-1,-1,-1
8,1,777.90,63.54,81.82,205.27,-1,-1,-1,-1
9,1,779.22,57.47,83.13,207.44,-1,-1,-1,-1
10,1,796.53,57.16,78.06,202.52,-1,-1,-1,-1
11,1,800.72,50.08,86.55,206.44,-1,-1,-1,-1
12,1,811.39,46.83,82.45,207.13,-1,-1,-1,-1
13,1,827.74,41.44,78.03,207.84,-1,-1,-1,-1
14,1,831.88,41.79,86.92,207.18,-1,-1,-1,-1
15,1,841.26,40.86,85.28,207.69,-1,-1,-1,-1
16,1,851.18,39.52,82.29,205.25,-1,-1,-1,-1
17,1,860.55,40.57,80.58,205.52,-1,-1,-1,-1
18,1,873.21,39.97,84.43,204.90,-1,-1,-1,-1
19,1,883.29,39.98,80.62,207.27,-1,-1,-1,-1
20,1,892.79,40.47,79.76,204.03,-1,-1,-1,-1
21,1,904.80,40.51,84.07,204.66,-1,-1,-1,-1
22,1,914.15,33.88,81.60,207.41,-1,-1,-1,-1
23,1,922.88,40.58,82.17,205.67,-1,-1,-1,-1
24,1,931.01,40.48,82.49,204.97,-1,-1,-1,-1
25,1,943.83,39.95,85.79,205.06,-1,-1,-1,-1
26,1,954.10,40.81,82.40,206.23,-1,-1,-1,-1
27,1,960.55,40.05,86.87,204.52,-1,-1,-1,-1
28,1,971.62,40.68,81.33,207.44,-1,-1,-1,-1
29,1,982.74,47.44,76.03,205.05,-1,-1,-1,-1
30,1,993.82,41.62,81.99,206.97,-1,-1,-1,-1
31,1,1003.11,49.65,80.60,207.27,-1,-1,-1,-1
32,1,1011.65,49.67,80.85,208.20,-1,-1,-1,-1
33,1,1018.78,57.22,82.77,205.00,-1,-1,-1,-1
34,1,1028.09,56.52,81.09,206.37,-1,-1,-1,-1
35,1,1040.12,56.97,85.32,207.21,-1,-1,-1,-1
36,1,1051.32,64.76,80.57,206.05,-1,-1,-1,-1
37,1,1059.85,64.72,79.42,204.59,-1,-1,-1,-1
38,1,1066.98,72.67,83.49,204.56,-1,-1,-1,-1
39,1,1076.25,72.92,79.55,207.46,-1,-1,-1,-1
40,1,1083.87,80.35,81.92,206.42,-1,-1,-1,-1
41,1,1096.53,87.40,84.87,205.43,-1,-1,-1,-1
42,1,1106.16,89.33,81.38,205.93,-1,-1,-1,-1
43,1,1114.22,96.05,82.18,205.04,-1,-1,-1,-1
44,1,1120.22,104.75,86.01,203.89,-1,-1,-1,-1
45,1,1129.29,105.48,84.00,207.27,-1,-1,-1,-1
46,1,1136.45,106.01,85.49,205.68,-1,-1,-1,-1
47,1,1147.10,113.15,80.94,205.49,-1,-1,-1,-1
48,1,1151.87,120.60,87.26,205.58,-1,-1,-1,-1
49,1,1161.71,127.09,83.52,207.11,-1,-1,-1,-1
50,1,1169.88,130.32,82.74,206.31,-1,-1,-1,-1
51,1,1178.31,143.77,82.78,206.72,-1,-1,-1,-1
52,1,1184.54,145.99,85.47,207.13,-1,-1,-1,-1
53,1,1191.27,152.32,87.42,208.48,-1,-1,-1,-1
54,1,1199.51,158.70,86.56,207.79,-1,-1,-1,-1
55,1,1202.19,166.88,84.71,208.06,-1,-1,-1,-1
56,1,1210.78,173.57,82.93,208.95,-1,-1,-1,-1
57,1,1217.07,182.87,85.16,209.67,-1,-1,-1,-1
58,1,1224.36,189.87,86.40,209.58,-1,-1,-1,-1
59,1,1231.21,198.09,87.38,210.10,-1,-1,-1,-1
60,1,1234.65,208.08,83.39,208.29,-1,-1,-1,-1
61,1,1242.17,215.85,83.69,211.23,-1,-1,-1,-1
62,1,1246.18,222.97,89.69,207.55,-1,-1,-1,-1
63,1,1248.63,230.96,87.63,209.49,-1,-1,-1,-1
64,1,1256.73,240.63,86.26,209.23,-1,-1,-1,-1
65,1,1255.61,247.42,89.94,208.10,-1,-1,-1,-1
66,1,1263.06,255.35,88.93,208.37,-1,-1,-1,-1
67,1,1271.57,271.39,87.13,206.52,-1,-1,-1,-1
68,1,1273.97,279.95,84.58,206.23,-1,-1,-1,-1
69,1,1279.24,287.65,88.38,211.66,-1,-1,-1,-1
70,1,1280.89,295.78,86.53,211.39,-1,-1,-1,-1
71,1,1288.18,311.34,86.15,206.15,-1,-1,-1,-1
72,1,1289.47,313.37,84.57,206.21,-1,-1,-1,-1
73,1,1293.48,327.95,78.40,204.65,-1,-1,-1,-1
74,1,1297.04,336.77,84.89,207.82,-1,-1,-1,-1
75,1,1297.96,343.88,83.79,205.54,-1,-1,-1,-1
76,1,1300.11,352.54,80.49,208.23,-1,-1,-1,-1
77,1,1299.22,360.64,82.69,206.54,-1,-1,-1,-1
78,1,1304.74,375.29,84.60,205.44,-1,-1,-1,-1
79,1,1307.19,383.55,80.18,205.52,-1,-1,-1,-1
80,1,1306.42,393.18,82.10,207.85,-1,-1,-1,-1
81,1,1306.54,401.18,82.90,206.78,-1,-1,-1,-1
82,1,1310.05,417.95,76.64,204.61,-1,-1,-1,-1
83,1,1308.88,425.29,78.61,206.33,-1,-1,-1,-1
85,1,1309.62,448.40,78.12,204.37,-1,-1,-1,-1
86,1,1308.67,458.48,78.59,201.49,-1,-1,-1,-1
87,1,1312.63,465.72,70.96,203.25,-1,-1,-1,-1
88,1,1308.42,473.83,77.97,205.46,-1,-1,-1,-1
89,1,1309.31,487.99,75.81,203.56,-1,-1,-1,-1
90,1,1306.33,496.32,81.64,206.57,-1,-1,-1,-1
91,1,1299.97,505.38,82.10,202.42,-1,-1,-1,-1
92,1,1299.19,513.40,82.76,207.03,-1,-1,-1,-1
93,1,1299.79,527.66,80.49,203.84,-1,-1,-1,-1
94,1,1298.66,535.52,81.81,205.20,-1,-1,-1,-1
95,1,1301.03,545.10,75.72,207.79,-1,-1,-1,-1
96,1,1293.75,553.45,76.74,202.45,-1,-1,-1,-1
97,1,1293.47,560.69,75.59,205.77,-1,-1,-1,-1
98,1,1285.42,570.35,79.00,204.95,-1,-1,-1,-1
99,1,1285.68,577.94,76.94,206.89,-1,-1,-1,-1
100,1,1283.74,585.14,78.10,208.97,-1,-1,-1,-1
101,1,1277.02,600.80,76.92,203.30,-1,-1,-1,-1
102,1,1269.91,608.71,77.69,204.86,-1,-1,-1,-1
103,1,1271.10,616.63,73.65,208.38,-1,-1,-1,-1
104,1,1261.03,624.79,79.22,209.73,-1,-1,-1,-1
105,1,1260.39,633.52,76.90,207.36,-1,-1,-1,-1
106,1,1252.56,646.59,79.54,205.75,-1,-1,-1,-1
107,1,1254.98,655.61,71.37,203.95,-1,-1,-1,-1
108,1,1245.83,657.49,74.31,204.67,-1,-1,-1,-1
109,1,1237.22,671.81,78.14,207.13,-1,-1,-1,-1
110,1,1230.87,680.25,74.58,204.54,-1,-1,-1,-1
111,1,1223.12,688.40,75.35,202.93,-1,-1,-1,-1
112,1,1222.83,696.13,72.23,206.76,-1,-1,-1,-1
113,1,1213.08,704.33,76.30,203.26,-1,-1,-1,-1
114,1,1209.47,705.13,69.80,206.82,-1,-1,-1,-1
115,1,1200.83,720.60,70.32,203.09,-1,-1,-1,-1
116,1,1190.71,722.10,75.91,203.10,-1,-1,-1,-1
117,1,1183.56,729.65,73.56,202.72,-1,-1,-1,-1
118,1,1174.63,737.84,76.33,204.91,-1,-1,-1,-1
119,1,1167.18,745.94,74.93,202.51,-1,-1,-1,-1
120,1,1159.82,753.84,73.89,201.22,-1,-1,-1,-1
121,1,1152.64,755.23,72.97,204.02,-1,-1,-1,-1
122,1,1142.19,762.13,76.77,201.94,-1,-1,-1,-1
123,1,1136.08,771.10,73.12,199.83,-1,-1,-1,-1
124,1,1123.73,777.32,81.44,202.68,-1,-1,-1,-1
125,1,1118.22,785.44,76.10,200.70,-1,-1,-1,-1
126,1,1109.54,786.72,78.09,202.38,-1,-1,-1,-1
127,1,1101.40,794.25,76.76,199.91,-1,-1,-1,-1
128,1,1093.32,794.18,77.86,200.85,-1,-1,-1,-1
129,1,1087.21,796.02,71.71,202.63,-1,-1,-1,-1
130,1,1079.11,803.02,72.07,204.39,-1,-1,-1,-1
131,1,1060.73,802.75,79.69,203.40,-1,-1,-1,-1
132,1,1058.30,810.58,68.91,201.59,-1,-1,-1,-1
133,1,1045.10,810.62,78.53,203.47,-1,-1,-1,-1
134,1,1038.89,812.24,73.24,202.06,-1,-1,-1,-1
135,1,1030.28,819.17,74.77,204.09,-1,-1,-1,-1
136,1,1015.48,826.00,75.15,200.16,-1,-1,-1,-1
137,1,1007.70,826.34,73.86,202.94,-1,-1,-1,-1
138,1,998.83,833.01,74.47,202.40,-1,-1,-1,-1
139,1,988.43,826.26,76.81,203.44,-1,-1,-1,-1
140,1,981.78,832.17,75.19,204.71,-1,-1,-1,-1
141,1,966.46,833.27,76.38,201.29,-1,-1,-1,-1
142,1,959.73,833.66,73.10,203.52,-1,-1,-1,-1
143,1,950.18,833.95,75.68,206.55,-1,-1,-1,-1
144,1,941.75,834.15,74.95,201.87,-1,-1,-1,-1
145,1,929.95,834.94,70.65,202.78,-1,-1,-1,-1
146,1,918.12,833.97,76.67,206.00,-1,-1,-1,-1
147,1,910.54,835.39,74.45,202.90,-1,-1,-1,-1
148,1,901.56,834.11,75.67,204.25,-1,-1,-1,-1
149,1,888.20,841.35,73.40,201.47,-1,-1,-1,-1
150,1,878.62,834.82,75.63,202.92,-1,-1,-1,-1
151,1,869.35,834.48,77.11,203.79,-1,-1,-1,-1
152,1,854.63,833.30,76.94,202.72,-1,-1,-1,-1
153,1,853.22,834.00,75.11,200.97,-1,-1,-1,-1
154,1,840.10,827.92,73.42,200.87,-1,-1,-1,-1
155,1,830.77,826.67,73.34,201.63,-1,-1,-1,-1
156,1,821.47,826.46,75.95,204.55,-1,-1,-1,-1
157,1,814.74,828.11,72.11,197.84,-1,-1,-1,-1
158,1,797.66,818.81,78.45,202.58,-1,-1,-1,-1
159,1,790.96,818.77,74.89,199.85,-1,-1,-1,-1
160,1,782.51,812.43,74.50,202.22,-1,-1,-1,-1
161,1,773.07,811.44,77.18,201.80,-1,-1,-1,-1
162,1,763.99,802.47,77.68,204.06,-1,-1,-1,-1
163,1,752.09,802.41,73.93,201.35,-1,-1,-1,-1
164,1,742.20,795.22,76.74,202.43,-1,-1,-1,-1
165,1,733.54,794.52,76.23,200.98,-1,-1,-1,-1
166,1,725.05,786.95,78.66,203.82,-1,-1,-1,-1
167,1,717.65,780.71,75.85,200.50,-1,-1,-1,-1
168,1,708.81,779.21,77.90,201.39,-1,-1,-1,-1
169,1,701.87,778.05,74.93,199.96,-1,-1,-1,-1
170,1,695.94,769.79,72.05,205.97,-1,-1,-1,-1
171,1,687.37,763.54,71.13,199.48,-1,-1,-1,-1
172,1,678.99,753.95,72.96,204.66,-1,-1,-1,-1
173,1,669.26,747.39,75.71,202.72,-1,-1,-1,-1
174,1,662.98,745.31,73.75,206.28,-1,-1,-1,-1
175,1,654.60,738.79,73.91,205.28,-1,-1,-1,-1
176,1,646.59,730.61,74.51,205.61,-1,-1,-1,-1
177,1,639.65,722.78,71.83,200.98,-1,-1,-1,-1
178,1,630.46,722.35,75.74,199.82,-1,-1,-1,-1
179,1,625.03,714.21,70.41,202.64,-1,-1,-1,-1
180,1,613.69,698.56,78.22,205.85,-1,-1,-1,-1
181,1,614.88,697.85,72.26,204.92,-1,-1,-1,-1
182,1,606.50,688.87,72.95,203.02,-1,-1,-1,-1
183,1,596.21,680.74,79.08,204.70,-1,-1,-1,-1
184,1,591.83,673.13,72.66,201.86,-1,-1,-1,-1
185,1,582.83,664.98,76.18,203.27,-1,-1,-1,-1
186,1,581.41,656.26,75.70,203.09,-1,-1,-1,-1
187,1,575.19,642.33,73.42,206.18,-1,-1,-1,-1
188,1,567.57,640.06,74.56,203.95,-1,-1,-1,-1
189,1,564.54,631.49,78.94,205.03,-1,-1,-1,-1
190,1,560.55,618.42,71.69,206.51,-1,-1,-1,-1
191,1,555.87,610.27,77.91,205.41,-1,-1,-1,-1
192,1,548.12,600.88,80.15,203.66,-1,-1,-1,-1
193,1,546.49,586.10,80.55,208.14,-1,-1,-1,-1
194,1,539.05,584.80,81.60,207.38,-1,-1,-1,-1
195,1,532.00,576.87,82.12,205.05,-1,-1,-1,-1
196,1,531.17,568.69,82.37,205.86,-1,-1,-1,-1
197,1,530.23,553.07,83.01,207.57,-1,-1,-1,-1
198,1,533.07,551.33,75.40,205.94,-1,-1,-1,-1
199,1,526.27,538.88,75.39,203.57,-1,-1,-1,-1
200,1,524.02,528.94,78.65,204.30,-1,-1,-1,-1
201,1,523.18,519.96,79.59,203.39,-1,-1,-1,-1
202,1,518.13,506.98,77.39,202.13,-1,-1,-1,-1
203,1,516.03,496.78,80.51,203.21,-1,-1,-1,-1
204,1,513.61,489.33,84.61,204.29,-1,-1,-1,-1
205,1,514.43,473.84,81.93,206.80,-1,-1,-1,-1
206,1,515.21,463.59,80.45,209.26,-1,-1,-1,-1
207,1,515.82,456.69,78.56,208.60,-1,-1,-1,-1
208,1,515.86,448.21,78.64,205.96,-1,-1,-1,-1
209,1,516.28,440.92,77.21,205.22,-1,-1,-1,-1
210,1,513.78,424.95,82.55,209.85,-1,-1,-1,-1
211,1,508.30,416.99,81.46,205.19,-1,-1,-1,-1
212,1,514.54,408.26,81.40,204.23,-1,-1,-1,-1
213,1,512.86,400.25,85.15,204.50,-1,-1,-1,-1
214,1,514.46,391.44,82.23,205.95,-1,-1,-1,-1
215,1,512.04,378.55,87.80,205.06,-1,-1,-1,-1
216,1,515.29,368.09,82.43,204.84,-1,-1,-1,-1
217,1,515.27,353.57,83.21,207.90,-1,-1,-1,-1
218,1,521.60,346.18,82.85,204.13,-1,-1,-1,-1
219,1,523.82,337.56,79.58,204.78,-1,-1,-1,-1
220,1,525.16,330.27,79.05,204.56,-1,-1,-1,-1
221,1,528.51,313.25,85.44,206.44,-1,-1,-1,-1
222,1,530.39,312.71,83.05,203.91,-1,-1,-1,-1
223,1,531.22,304.59,82.90,203.48,-1,-1,-1,-1
224,1,537.52,297.28,83.80,203.32,-1,-1,-1,-1
225,1,534.30,280.65,91.25,207.90,-1,-1,-1,-1
226,1,538.39,270.31,97.42,212.43,-1,-1,-1,-1
227,1,541.47,262.98,93.23,206.68,-1,-1,-1,-1
228,1,549.66,254.57,91.41,209.21,-1,-1,-1,-1
229,1,547.51,237.90,97.63,212.51,-1,-1,-1,-1
230,1,554.51,230.96,97.75,209.83,-1,-1,-1,-1
231,1,557.04,231.10,94.88,205.88,-1,-1,-1,-1
232,1,566.17,222.38,92.02,208.45,-1,-1,-1,-1
233,1,568.54,208.33,102.00,210.00,-1,-1,-1,-1
234,1,577.78,198.54,99.56,209.86,-1,-1,-1,-1
235,1,587.54,189.03,95.26,212.34,-1,-1,-1,-1
236,1,590.61,182.57,91.09,211.75,-1,-1,-1,-1
237,1,598.47,183.93,91.91,206.56,-1,-1,-1,-1
238,1,601.96,167.53,98.83,209.20,-1,-1,-1,-1
239,1,612.46,167.92,94.40,205.95,-1,-1,-1,-1
240,1,619.42,151.37,94.97,210.19,-1,-1,-1,-1
241,1,623.66,153.24,89.90,205.36,-1,-1,-1,-1
242,1,637.45,136.35,91.00,210.03,-1,-1,-1,-1
243,1,639.37,136.97,90.17,206.63,-1,-1,-1,-1
244,1,654.86,127.07,88.25,207.75,-1,-1,-1,-1
245,1,658.86,122.68,83.01,203.09,-1,-1,-1,-1
246,1,669.26,121.30,91.52,203.34,-1,-1,-1,-1
247,1,670.35,114.59,91.45,203.89,-1,-1,-1,-1
248,1,679.66,104.73,89.62,209.94,-1,-1,-1,-1
249,1,688.28,105.16,88.42,204.36,-1,-1,-1,-1
250,1,696.50,95.46,87.82,206.12,-1,-1,-1,-1
2,2,1314.19,439.84,97.84,210.16,-1,-1,-1,-1
3,2,1314.30,446.86,98.68,211.18,-1,-1,-1,-1
4,2,1314.48,454.60,97.39,211.53,-1,-1,-1,-1
5,2,1316.89,469.83,92.48,212.61,-1,-1,-1,-1
6,2,1315.79,478.85,94.33,211.06,-1,-1,-1,-1
7,2,1305.93,486.28,101.80,211.54,-1,-1,-1,-1
8,2,1308.00,501.66,98.68,211.41,-1,-1,-1,-1
9,2,1307.67,508.49,97.61,215.64,-1,-1,-1,-1
10,2,1308.87,516.84,92.23,213.94,-1,-1,-1,-1
11,2,1300.24,526.32,97.79,209.81,-1,-1,-1,-1
12,2,1299.56,533.57,96.83,213.85,-1,-1,-1,-1
13,2,1300.08,547.85,94.49,214.44,-1,-1,-1,-1
14,2,1300.37,549.50,92.18,215.23,-1,-1,-1,-1
15,2,1293.65,565.21,94.54,212.08,-1,-1,-1,-1
16,2,1294.80,572.47,88.33,212.69,-1,-1,-1,-1
17,2,1286.24,572.75,92.63,217.01,-1,-1,-1,-1
18,2,1287.62,588.12,88.32,216.82,-1,-1,-1,-1
19,2,1278.78,604.02,91.56,215.07,-1,-1,-1,-1
20,2,1280.03,605.71,86.96,213.60,-1,-1,-1,-1
21,2,1272.20,612.67,87.80,214.63,-1,-1,-1,-1
22,2,1264.12,630.07,90.02,212.41,-1,-1,-1,-1
23,2,1264.53,639.13,86.46,209.82,-1,-1,-1,-1
24,2,1255.63,646.45,89.71,209.78,-1,-1,-1,-1
25,2,1247.49,655.36,91.60,209.05,-1,-1,-1,-1
26,2,1247.47,661.55,87.57,213.24,-1,-1,-1,-1
27,2,1238.67,669.40,90.83,213.66,-1,-1,-1,-1
28,2,1232.43,679.39,88.58,209.02,-1,-1,-1,-1
29,2,1223.33,687.27,90.52,210.39,-1,-1,-1,-1
30,2,1224.32,696.30,85.03,209.06,-1,-1,-1,-1
31,2,1216.19,703.57,87.31,209.92,-1,-1,-1,-1
32,2,1206.10,711.41,91.34,209.50,-1,-1,-1,-1
33,2,1198.50,720.71,90.69,204.46,-1,-1,-1,-1
34,2,1193.29,728.64,86.27,204.93,-1,-1,-1,-1
35,2,1184.74,737.59,86.73,201.88,-1,-1,-1,-1
36,2,1175.75,744.23,88.47,205.19,-1,-1,-1,-1
37,2,1167.82,744.20,88.96,209.00,-1,-1,-1,-1
38,2,1159.70,753.67,89.34,203.82,-1,-1,-1,-1
39,2,1152.23,762.36,89.68,201.21,-1,-1,-1,-1
40,2,1142.83,770.18,90.69,200.80,-1,-1,-1,-1
41,2,1134.37,770.16,92.41,202.63,-1,-1,-1,-1
42,2,1129.06,768.48,86.81,209.03,-1,-1,-1,-1
43,2,1118.25,786.02,91.46,202.38,-1,-1,-1,-1
44,2,1111.84,792.62,87.64,204.01,-1,-1,-1,-1
45,2,1101.95,785.15,91.12,207.55,-1,-1,-1,-1
46,2,1095.03,794.28,87.26,205.56,-1,-1,-1,-1
47,2,1079.32,794.27,90.67,205.36,-1,-1,-1,-1
48,2,1070.77,800.85,92.29,208.20,-1,-1,-1,-1
49,2,1066.21,803.01,84.35,203.45,-1,-1,-1,-1
50,2,1055.72,809.01,88.56,205.59,-1,-1,-1,-1
51,2,1046.50,818.71,89.55,201.54,-1,-1,-1,-1
52,2,1029.25,818.62,95.36,199.75,-1,-1,-1,-1
53,2,1023.67,818.10,90.33,204.47,-1,-1,-1,-1
54,2,1016.80,818.52,86.45,204.56,-1,-1,-1,-1
55,2,1009.33,824.72,83.75,206.66,-1,-1,-1,-1
56,2,1000.32,826.19,85.16,202.19,-1,-1,-1,-1
57,2,985.54,826.46,85.44,203.55,-1,-1,-1,-1
58,2,976.90,833.19,87.82,205.33,-1,-1,-1,-1
59,2,968.76,835.15,86.56,199.02,-1,-1,-1,-1
60,2,960.35,834.86,85.41,199.41,-1,-1,-1,-1
61,2,946.09,835.18,86.31,199.93,-1,-1,-1,-1
62,2,937.33,835.26,86.75,198.12,-1,-1,-1,-1
63,2,927.10,833.85,90.03,201.16,-1,-1,-1,-1
64,2,918.85,832.73,88.55,203.30,-1,-1,-1,-1
65,2,904.36,833.81,88.81,205.33,-1,-1,-1,-1
66,2,897.12,840.83,87.66,203.19,-1,-1,-1,-1
67,2,887.58,834.01,89.13,203.43,-1,-1,-1,-1
68,2,876.92,834.36,92.93,202.37,-1,-1,-1,-1
69,2,874.00,836.14,81.01,198.22,-1,-1,-1,-1
70,2,857.69,828.77,84.94,200.70,-1,-1,-1,-1
71,2,846.63,825.91,92.53,203.72,-1,-1,-1,-1
72,2,839.84,825.16,88.59,203.03,-1,-1,-1,-1
73,2,832.44,826.08,85.35,202.18,-1,-1,-1,-1
74,2,815.02,819.14,92.34,202.71,-1,-1,-1,-1
75,2,810.55,819.23,83.76,202.15,-1,-1,-1,-1
76,2,798.39,810.72,91.33,204.13,-1,-1,-1,-1
77,2,792.96,811.22,84.05,203.09,-1,-1,-1,-1
78,2,780.87,809.25,92.19,205.42,-1,-1,-1,-1
79,2,774.50,809.26,88.76,202.87,-1,-1,-1,-1
80,2,759.85,801.80,88.92,203.02,-1,-1,-1,-1
81,2,750.11,802.64,93.12,200.72,-1,-1,-1,-1
82,2,743.86,794.65,89.34,204.68,-1,-1,-1,-1
83,2,735.33,786.25,88.55,205.96,-1,-1,-1,-1
84,2,725.60,786.35,91.39,200.56,-1,-1,-1,-1
85,2,721.06,771.47,83.61,203.83,-1,-1,-1,-1
86,2,710.81,777.34,88.69,203.02,-1,-1,-1,-1
87,2,703.12,771.05,87.40,200.47,-1,-1,-1,-1
88,2,695.04,754.01,86.65,206.43,-1,-1,-1,-1
89,2,682.16,756.01,85.70,200.44,-1,-1,-1,-1
90,2,679.38,745.29,86.66,206.73,-1,-1,-1,-1
91,2,671.77,739.47,86.17,202.60,-1,-1,-1,-1
92,2,662.19,737.71,89.56,202.73,-1,-1,-1,-1
93,2,656.23,729.63,86.16,204.15,-1,-1,-1,-1
94,2,649.47,729.84,84.23,202.27,-1,-1,-1,-1
95,2,640.39,714.36,88.01,201.97,-1,-1,-1,-1
96,2,630.89,706.51,90.51,203.42,-1,-1,-1,-1
97,2,623.89,704.65,88.96,204.56,-1,-1,-1,-1
98,2,616.13,688.73,89.54,207.80,-1,-1,-1,-1
99,2,614.22,679.27,89.31,211.53,-1,-1,-1,-1
100,2,609.20,679.95,84.78,206.06,-1,-1,-1,-1
101,2,598.83,664.17,90.65,210.19,-1,-1,-1,-1
102,2,590.15,665.00,93.48,206.33,-1,-1,-1,-1
103,2,590.89,656.25,88.27,204.89,-1,-1,-1,-1
104,2,582.39,646.34,90.98,209.24,-1,-1,-1,-1
105,2,575.45,632.27,91.21,209.96,-1,-1,-1,-1
106,2,573.69,623.30,89.99,208.89,-1,-1,-1,-1
107,2,566.05,613.63,91.80,210.63,-1,-1,-1,-1
108,2,565.16,606.02,90.66,212.61,-1,-1,-1,-1
109,2,558.43,597.92,91.11,210.40,-1,-1,-1,-1
110,2,549.22,583.46,93.46,211.31,-1,-1,-1,-1
111,2,548.90,581.34,93.48,211.92,-1,-1,-1,-1
112,2,542.23,575.24,93.58,208.58,-1,-1,-1,-1
113,2,540.63,564.64,95.97,213.96,-1,-1,-1,-1
114,2,538.24,550.32,97.58,212.65,-1,-1,-1,-1
115,2,531.82,542.94,97.24,209.96,-1,-1,-1,-1
116,2,531.52,526.64,97.39,212.89,-1,-1,-1,-1
117,2,530.65,526.11,96.49,209.27,-1,-1,-1,-1
118,2,525.43,509.96,95.14,213.42,-1,-1,-1,-1
119,2,524.49,503.37,96.75,210.29,-1,-1,-1,-1
120,2,520.84,493.92,101.93,209.94,-1,-1,-1,-1
121,2,525.30,479.85,91.85,210.58,-1,-1,-1,-1
122,2,525.68,471.87,89.83,210.45,-1,-1,-1,-1
123,2,517.00,465.02,96.14,205.97,-1,-1,-1,-1
124,2,515.65,456.19,99.10,206.97,-1,-1,-1,-1
125,2,517.41,449.45,94.74,202.27,-1,-1,-1,-1
126,2,515.36,432.51,98.20,208.54,-1,-1,-1,-1
127,2,517.98,425.77,94.29,204.83,-1,-1,-1,-1
128,2,515.04,416.82,99.46,204.33,-1,-1,-1,-1
129,2,521.30,407.38,99.18,206.79,-1,-1,-1,-1
130,2,522.91,391.60,96.59,209.94,-1,-1,-1,-1
131,2,521.88,384.83,99.20,206.89,-1,-1,-1,-1
132,2,521.78,377.42,101.20,203.38,-1,-1,-1,-1
133,2,520.46,360.47,104.19,207.02,-1,-1,-1,-1
134,2,528.55,359.95,100.34,205.86,-1,-1,-1,-1
135,2,529.07,343.71,100.21,209.55,-1,-1,-1,-1
136,2,525.54,333.19,107.32,214.21,-1,-1,-1,-1
137,2,525.60,325.55,109.85,212.70,-1,-1,-1,-1
138,2,533.85,311.02,106.65,212.22,-1,-1,-1,-1
139,2,535.44,301.94,105.23,213.20,-1,-1,-1,-1
140,2,535.49,293.46,105.33,213.39,-1,-1,-1,-1
141,2,543.10,284.30,104.75,215.77,-1,-1,-1,-1
142,2,539.47,267.55,112.04,218.02,-1,-1,-1,-1
143,2,546.76,259.05,112.89,219.99,-1,-1,-1,-1
144,2,551.73,261.55,104.67,210.68,-1,-1,-1,-1
145,2,559.61,245.83,102.82,213.33,-1,-1,-1,-1
146,2,551.25,233.06,122.11,222.76,-1,-1,-1,-1
147,2,562.88,228.76,114.10,213.59,-1,-1,-1,-1
148,2,573.43,221.02,107.28,212.17,-1,-1,-1,-1
149,2,572.73,213.32,109.71,214.30,-1,-1,-1,-1
150,2,581.48,205.79,108.63,211.03,-1,-1,-1,-1
151,2,589.08,195.32,107.71,214.93,-1,-1,-1,-1
152,2,587.57,182.75,112.92,213.31,-1,-1,-1,-1
153,2,597.07,183.21,110.83,210.81,-1,-1,-1,-1
154,2,602.26,171.23,115.34,216.07,-1,-1,-1,-1
155,2,612.27,163.71,110.81,214.69,-1,-1,-1,-1
156,2,620.03,154.88,110.17,215.96,-1,-1,-1,-1
157,2,618.31,148.28,116.87,214.93,-1,-1,-1,-1
158,2,633.78,141.38,114.06,215.08,-1,-1,-1,-1
159,2,632.10,134.86,119.69,211.00,-1,-1,-1,-1
160,2,642.54,131.99,115.73,214.24,-1,-1,-1,-1
161,2,649.27,118.80,116.21,212.99,-1,-1,-1,-1
162,2,661.52,112.70,108.30,208.35,-1,-1,-1,-1
163,2,671.73,111.81,103.14,209.59,-1,-1,-1,-1
164,2,679.11,104.68,105.13,208.67,-1,-1,-1,-1
165,2,686.73,96.20,104.74,210.00,-1,-1,-1,-1
166,2,695.04,94.94,106.64,207.63,-1,-1,-1,-1
167,2,703.31,89.74,105.70,207.18,-1,-1,-1,-1
168,2,710.01,87.43,108.52,207.70,-1,-1,-1,-1
169,2,717.05,73.60,109.49,206.62,-1,-1,-1,-1
170,2,734.61,72.18,104.38,207.80,-1,-1,-1,-1
171,2,744.51,71.75,100.77,207.78,-1,-1,-1,-1
172,2,751.60,70.77,102.69,207.90,-1,-1,-1,-1
173,2,763.13,64.36,98.17,207.77,-1,-1,-1,-1
174,2,770.75,59.26,98.91,203.16,-1,-1,-1,-1
175,2,780.46,58.37,95.85,204.75,-1,-1,-1,-1
176,2,785.71,48.79,102.03,206.42,-1,-1,-1,-1
177,2,804.04,48.44,95.02,206.07,-1,-1,-1,-1
178,2,811.48,49.64,96.45,203.83,-1,-1,-1,-1
179,2,818.58,43.34,98.66,202.71,-1,-1,-1,-1
180,2,829.68,43.46,94.40,203.06,-1,-1,-1,-1
181,2,843.40,40.44,95.52,204.99,-1,-1,-1,-1
182,2,852.54,41.80,94.21,204.32,-1,-1,-1,-1
183,2,863.36,41.94,90.22,202.01,-1,-1,-1,-1
184,2,871.18,34.23,90.14,202.75,-1,-1,-1,-1
185,2,883.66,40.81,95.34,203.95,-1,-1,-1,-1
186,2,891.82,35.63,96.38,200.17,-1,-1,-1,-1
187,2,905.59,37.13,85.17,200.21,-1,-1,-1,-1
188,2,911.87,34.48,89.97,203.43,-1,-1,-1,-1
189,2,918.57,36.11,92.07,201.61,-1,-1,-1,-1
190,2,933.91,41.17,91.41,202.86,-1,-1,-1,-1
191,2,940.57,42.13,95.15,200.62,-1,-1,-1,-1
192,2,949.03,32.94,94.04,205.21,-1,-1,-1,-1
193,2,964.72,40.76,93.64,203.24,-1,-1,-1,-1
194,2,972.62,41.81,94.92,205.12,-1,-1,-1,-1
195,2,979.13,42.59,97.48,203.70,-1,-1,-1,-1
196,2,990.69,42.01,92.32,202.17,-1,-1,-1,-1
197,2,998.37,42.29,92.98,203.31,-1,-1,-1,-1
198,2,1010.82,43.02,96.54,204.56,-1,-1,-1,-1
199,2,1017.75,48.58,100.15,205.32,-1,-1,-1,-1
200,2,1030.19,48.99,91.56,206.06,-1,-1,-1,-1
201,2,1042.63,48.25,96.15,209.71,-1,-1,-1,-1
202,2,1043.43,55.42,97.76,207.25,-1,-1,-1,-1
203,2,1058.82,56.33,97.93,206.63,-1,-1,-1,-1
204,2,1069.29,56.58,93.23,208.44,-1,-1,-1,-1
205,2,1071.61,62.57,103.22,209.49,-1,-1,-1,-1
206,2,1081.09,71.81,102.71,207.81,-1,-1,-1,-1
207,2,1086.71,72.21,106.48,209.19,-1,-1,-1,-1
208,2,1097.50,79.46,102.12,206.69,-1,-1,-1,-1
209,2,1105.30,80.01,101.96,209.60,-1,-1,-1,-1
210,2,1120.62,88.32,101.22,207.86,-1,-1,-1,-1
211,2,1128.03,94.45,102.33,210.46,-1,-1,-1,-1
212,2,1136.17,101.63,102.23,211.80,-1,-1,-1,-1
213,2,1144.23,101.88,103.02,211.27,-1,-1,-1,-1
214,2,1150.25,102.82,105.53,211.75,-1,-1,-1,-1
215,2,1158.51,109.59,105.92,213.22,-1,-1,-1,-1
216,2,1155.21,117.53,114.48,214.26,-1,-1,-1,-1
217,2,1174.09,123.50,106.35,215.58,-1,-1,-1,-1
218,2,1175.36,132.24,106.21,215.84,-1,-1,-1,-1
219,2,1189.10,140.53,107.68,214.24,-1,-1,-1,-1
220,2,1193.54,149.50,101.75,211.08,-1,-1,-1,-1
221,2,1198.38,149.75,107.23,213.19,-1,-1,-1,-1
222,2,1207.59,162.62,105.76,216.82,-1,-1,-1,-1
223,2,1214.73,165.07,105.31,214.73,-1,-1,-1,-1
224,2,1223.85,178.68,103.92,215.66,-1,-1,-1,-1
225,2,1230.68,186.25,105.54,218.26,-1,-1,-1,-1
226,2,1226.23,193.63,116.04,219.09,-1,-1,-1,-1
227,2,1237.10,195.32,109.92,219.14,-1,-1,-1,-1
228,2,1244.23,203.96,111.51,217.56,-1,-1,-1,-1
229,2,1252.52,217.67,109.68,221.01,-1,-1,-1,-1
230,2,1258.61,230.34,98.56,212.27,-1,-1,-1,-1
231,2,1262.88,235.21,105.32,217.47,-1,-1,-1,-1
232,2,1267.72,240.07,110.62,221.08,-1,-1,-1,-1
233,2,1269.69,252.41,109.04,216.08,-1,-1,-1,-1
234,2,1279.12,260.68,103.97,215.47,-1,-1,-1,-1
235,2,1276.54,269.76,111.29,213.39,-1,-1,-1,-1
236,2,1286.34,277.53,105.17,213.65,-1,-1,-1,-1
237,2,1287.09,292.71,106.48,213.79,-1,-1,-1,-1
238,2,1286.75,300.26,107.56,212.79,-1,-1,-1,-1
239,2,1292.61,309.64,109.16,214.38,-1,-1,-1,-1
240,2,1295.46,325.71,104.76,211.40,-1,-1,-1,-1
241,2,1293.73,331.34,109.44,215.77,-1,-1,-1,-1
242,2,1302.82,342.01,106.24,211.82,-1,-1,-1,-1
243,2,1305.68,350.58,101.91,211.45,-1,-1,-1,-1
244,2,1305.58,358.48,102.48,209.44,-1,-1,-1,-1
245,2,1312.87,374.17,99.80,209.55,-1,-1,-1,-1
246,2,1308.87,381.28,108.26,212.55,-1,-1,-1,-1
247,2,1312.16,387.82,101.94,215.98,-1,-1,-1,-1
248,2,1314.79,397.78,97.74,213.80,-1,-1,-1,-1
249,2,1314.00,415.01,98.66,208.59,-1,-1,-1,-1
250,2,1316.36,422.80,94.62,209.97,-1,-1,-1,-1
2,3,698.09,780.58,82.76,197.79,-1,-1,-1,-1
4,3,683.36,766.09,80.61,196.86,-1,-1,-1,-1
5,3,675.12,763.92,79.79,199.24,-1,-1,-1,-1
6,3,668.87,759.08,76.33,195.76,-1,-1,-1,-1
9,3,643.36,732.83,81.91,200.31,-1,-1,-1,-1
10,3,636.82,731.23,78.60,200.10,-1,-1,-1,-1
12,3,621.66,716.29,79.74,198.70,-1,-1,-1,-1
14,3,609.12,700.35,83.53,201.92,-1,-1,-1,-1
15,3,603.02,699.55,78.93,198.37,-1,-1,-1,-1
16,3,595.85,683.04,82.65,202.97,-1,-1,-1,-1
17,3,588.09,674.45,84.41,203.09,-1,-1,-1,-1
18,3,585.31,666.08,80.79,203.64,-1,-1,-1,-1
19,3,578.73,659.50,82.22,202.99,-1,-1,-1,-1
20,3,573.95,648.39,78.49,206.23,-1,-1,-1,-1
21,3,564.33,641.91,84.56,202.15,-1,-1,-1,-1
22,3,560.63,633.86,86.87,203.85,-1,-1,-1,-1
23,3,558.98,626.39,76.74,201.71,-1,-1,-1,-1
24,3,552.76,610.52,83.50,205.51,-1,-1,-1,-1
25,3,547.91,601.78,83.78,203.91,-1,-1,-1,-1
26,3,543.55,595.62,85.68,204.49,-1,-1,-1,-1
27,3,539.49,585.92,85.49,205.70,-1,-1,-1,-1
28,3,535.71,577.97,85.30,206.70,-1,-1,-1,-1
29,3,532.73,567.87,84.16,206.90,-1,-1,-1,-1
30,3,528.63,555.69,87.68,202.71,-1,-1,-1,-1
31,3,527.06,546.67,87.33,204.39,-1,-1,-1,-1
32,3,522.15,539.73,88.02,203.55,-1,-1,-1,-1
33,3,522.31,534.69,83.83,207.21,-1,-1,-1,-1
34,3,522.88,521.77,81.76,205.33,-1,-1,-1,-1
35,3,520.67,507.32,83.00,203.67,-1,-1,-1,-1
36,3,515.09,498.10,86.39,202.67,-1,-1,-1,-1
37,3,515.55,488.34,84.55,206.05,-1,-1,-1,-1
38,3,515.04,482.50,85.04,203.95,-1,-1,-1,-1
39,3,511.78,470.80,87.69,207.54,-1,-1,-1,-1
40,3,509.12,461.66,90.22,200.29,-1,-1,-1,-1
41,3,509.79,447.01,89.59,208.45,-1,-1,-1,-1
42,3,510.57,443.71,88.73,201.30,-1,-1,-1,-1
43,3,510.75,435.27,88.32,201.71,-1,-1,-1,-1
44,3,510.88,418.25,88.98,205.81,-1,-1,-1,-1
45,3,509.89,410.80,91.00,202.58,-1,-1,-1,-1
47,3,514.55,395.51,84.49,199.84,-1,-1,-1,-1
48,3,512.60,381.57,88.46,197.81,-1,-1,-1,-1
49,3,518.14,373.13,87.20,199.48,-1,-1,-1,-1
50,3,519.97,364.63,85.70,197.81,-1,-1,-1,-1
51,3,520.34,354.40,87.88,201.40,-1,-1,-1,-1
52,3,519.74,346.36,91.06,200.42,-1,-1,-1,-1
54,3,529.28,323.45,86.16,201.11,-1,-1,-1,-1
55,3,530.16,307.57,86.49,200.75,-1,-1,-1,-1
56,3,533.97,299.64,89.92,200.97,-1,-1,-1,-1
57,3,534.24,288.71,93.28,208.31,-1,-1,-1,-1
58,3,538.63,281.43,96.38,203.42,-1,-1,-1,-1
59,3,541.86,268.95,92.38,201.93,-1,-1,-1,-1
60,3,547.18,264.90,94.70,203.20,-1,-1,-1,-1
61,3,549.37,255.51,94.43,207.05,-1,-1,-1,-1
62,3,556.53,241.05,93.40,204.92,-1,-1,-1,-1
63,3,558.07,236.97,94.47,201.68,-1,-1,-1,-1
64,3,563.66,224.32,96.29,208.52,-1,-1,-1,-1
65,3,570.56,217.58,95.68,206.95,-1,-1,-1,-1
66,3,572.98,209.45,96.25,206.41,-1,-1,-1,-1
67,3,582.21,201.56,93.66,204.94,-1,-1,-1,-1
68,3,587.48,198.41,96.01,209.14,-1,-1,-1,-1
69,3,586.27,183.84,102.34,222.74,-1,-1,-1,-1
70,3,594.06,183.18,102.23,211.12,-1,-1,-1,-1
71,3,602.02,170.13,100.29,219.57,-1,-1,-1,-1
72,3,610.71,167.01,99.17,210.32,-1,-1,-1,-1
73,3,619.20,159.22,97.01,208.91,-1,-1,-1,-1
74,3,627.20,151.39,95.88,209.95,-1,-1,-1,-1
75,3,636.17,147.14,93.52,204.83,-1,-1,-1,-1
76,3,642.45,142.34,95.90,209.99,-1,-1,-1,-1
77,3,651.91,130.01,93.35,205.09,-1,-1,-1,-1
78,3,660.22,128.44,91.80,205.48,-1,-1,-1,-1
79,3,667.08,116.16,94.86,202.22,-1,-1,-1,-1
80,3,669.84,113.57,95.32,204.31,-1,-1,-1,-1
81,3,683.78,112.48,93.38,204.74,-1,-1,-1,-1
82,3,690.42,100.74,95.58,212.98,-1,-1,-1,-1
83,3,697.75,100.30,98.03,213.65,-1,-1,-1,-1
84,3,706.90,96.00,95.84,206.18,-1,-1,-1,-1
85,3,719.34,85.42,89.09,199.33,-1,-1,-1,-1
86,3,726.10,84.25,92.24,201.20,-1,-1,-1,-1
87,3,733.88,82.90,93.35,200.09,-1,-1,-1,-1
88,3,742.15,73.52,94.33,204.24,-1,-1,-1,-1
89,3,749.36,72.39,96.13,205.78,-1,-1,-1,-1
90,3,764.55,70.33,92.35,208.88,-1,-1,-1,-1
91,3,774.44,62.89,90.01,207.00,-1,-1,-1,-1
92,3,782.25,57.90,91.67,202.97,-1,-1,-1,-1
93,3,790.35,57.63,93.24,203.38,-1,-1,-1,-1
94,3,799.90,59.18,91.43,199.82,-1,-1,-1,-1
95,3,814.91,58.22,88.59,200.66,-1,-1,-1,-1
96,3,825.25,51.43,85.33,200.95,-1,-1,-1,-1
97,3,830.84,50.75,91.82,203.65,-1,-1,-1,-1
98,3,838.69,44.26,93.71,202.05,-1,-1,-1,-1
99,3,848.27,43.07,90.91,202.22,-1,-1,-1,-1
101,3,868.70,40.96,95.53,204.13,-1,-1,-1,-1
102,3,879.62,41.52,90.64,202.68,-1,-1,-1,-1
104,3,902.44,41.88,89.58,203.66,-1,-1,-1,-1
105,3,910.82,41.51,90.97,202.49,-1,-1,-1,-1
106,3,918.10,42.64,94.55,203.41,-1,-1,-1,-1
107,3,932.93,42.04,90.08,201.86,-1,-1,-1,-1
108,3,942.86,43.78,87.83,199.99,-1,-1,-1,-1
109,3,952.62,42.40,87.37,201.53,-1,-1,-1,-1
110,3,959.50,48.58,91.90,203.37,-1,-1,-1,-1
111,3,974.36,46.20,87.46,198.02,-1,-1,-1,-1
112,3,983.04,50.97,86.81,200.78,-1,-1,-1,-1
113,3,989.68,52.45,92.12,201.11,-1,-1,-1,-1
114,3,998.69,50.59,92.67,202.79,-1,-1,-1,-1
115,3,1006.49,55.29,93.55,206.31,-1,-1,-1,-1
116,3,1022.66,59.69,87.34,201.67,-1,-1,-1,-1
117,3,1031.59,59.66,87.37,201.63,-1,-1,-1,-1
118,3,1038.82,64.40,90.35,205.22,-1,-1,-1,-1
119,3,1048.76,67.47,87.38,202.81,-1,-1,-1,-1
120,3,1052.79,71.46,95.26,209.19,-1,-1,-1,-1
121,3,1068.97,75.09,89.86,201.76,-1,-1,-1,-1
122,3,1077.73,79.28,89.44,206.43,-1,-1,-1,-1
123,3,1084.26,86.45,93.08,208.99,-1,-1,-1,-1
124,3,1092.96,90.56,93.08,204.04,-1,-1,-1,-1
125,3,1099.98,92.16,94.39,212.91,-1,-1,-1,-1
126,3,1110.91,94.71,90.08,210.37,-1,-1,-1,-1
127,3,1116.45,103.65,95.10,208.54,-1,-1,-1,-1
128,3,1124.05,109.07,95.82,213.26,-1,-1,-1,-1
129,3,1130.40,114.60,99.17,216.89,-1,-1,-1,-1
130,3,1140.78,116.56,96.40,212.48,-1,-1,-1,-1
131,3,1148.42,122.05,96.49,217.80,-1,-1,-1,-1
132,3,1156.46,134.37,96.12,210.77,-1,-1,-1,-1
133,3,1165.84,135.99,92.92,208.62,-1,-1,-1,-1
134,3,1172.48,143.68,96.28,209.42,-1,-1,-1,-1
135,3,1178.43,150.64,98.57,211.70,-1,-1,-1,-1
136,3,1188.97,152.66,92.69,208.48,-1,-1,-1,-1
137,3,1195.68,164.64,94.15,216.01,-1,-1,-1,-1
138,3,1203.24,169.67,93.74,218.25,-1,-1,-1,-1
139,3,1205.42,179.11,96.18,215.60,-1,-1,-1,-1
140,3,1212.44,188.55,97.70,213.36,-1,-1,-1,-1
141,3,1218.82,194.65,98.92,216.72,-1,-1,-1,-1
142,3,1227.32,205.06,95.48,210.69,-1,-1,-1,-1
143,3,1233.88,212.70,96.70,210.99,-1,-1,-1,-1
144,3,1236.96,215.47,97.12,207.54,-1,-1,-1,-1
145,3,1243.48,224.68,97.20,208.64,-1,-1,-1,-1
146,3,1250.75,233.63,95.21,204.75,-1,-1,-1,-1
147,3,1253.22,240.75,96.08,207.75,-1,-1,-1,-1
148,3,1260.64,251.08,93.82,203.59,-1,-1,-1,-1
149,3,1261.24,262.17,95.78,207.56,-1,-1,-1,-1
150,3,1270.28,264.68,91.52,206.53,-1,-1,-1,-1
151,3,1273.11,277.92,98.61,208.57,-1,-1,-1,-1
152,3,1276.24,286.10,94.49,209.82,-1,-1,-1,-1
153,3,1275.93,296.11,98.92,206.36,-1,-1,-1,-1
154,3,1284.61,309.91,94.76,208.94,-1,-1,-1,-1
155,3,1288.61,319.29,89.46,206.95,-1,-1,-1,-1
156,3,1292.39,329.62,92.33,203.94,-1,-1,-1,-1
157,3,1294.28,337.39,90.87,204.54,-1,-1,-1,-1
158,3,1294.67,346.25,92.24,203.65,-1,-1,-1,-1
159,3,1301.53,360.86,89.25,204.04,-1,-1,-1,-1
160,3,1300.51,369.61,91.52,203.50,-1,-1,-1,-1
161,3,1301.23,377.27,93.06,202.94,-1,-1,-1,-1
162,3,1303.08,386.29,90.51,203.51,-1,-1,-1,-1
163,3,1303.50,393.83,90.91,204.06,-1,-1,-1,-1
164,3,1303.30,410.11,92.14,203.26,-1,-1,-1,-1
165,3,1310.67,420.07,86.87,201.35,-1,-1,-1,-1
166,3,1308.97,428.24,89.33,201.33,-1,-1,-1,-1
171,3,1304.07,479.72,89.91,208.86,-1,-1,-1,-1
172,3,1304.83,483.12,87.63,204.66,-1,-1,-1,-1
173,3,1304.68,497.28,86.34,207.44,-1,-1,-1,-1
174,3,1300.87,505.08,89.43,205.77,-1,-1,-1,-1
175,3,1296.90,520.64,90.19,206.10,-1,-1,-1,-1
176,3,1298.19,525.26,87.76,200.60,-1,-1,-1,-1
177,3,1292.78,535.89,94.29,206.67,-1,-1,-1,-1
178,3,1293.77,546.94,88.33,204.40,-1,-1,-1,-1
179,3,1289.88,555.25,87.24,204.36,-1,-1,-1,-1
180,3,1288.46,562.77,85.71,204.87,-1,-1,-1,-1
181,3,1287.89,571.39,82.66,202.50,-1,-1,-1,-1
182,3,1281.93,583.75,86.42,205.74,-1,-1,-1,-1
183,3,1277.76,598.14,87.52,208.43,-1,-1,-1,-1
184,3,1276.24,601.86,83.64,204.23,-1,-1,-1,-1
185,3,1266.78,614.05,87.10,209.25,-1,-1,-1,-1
186,3,1267.26,618.23,83.63,202.77,-1,-1,-1,-1
187,3,1260.44,632.70,83.67,204.87,-1,-1,-1,-1
188,3,1258.10,641.63,81.21,204.82,-1,-1,-1,-1
189,3,1252.92,648.15,81.52,204.64,-1,-1,-1,-1
190,3,1250.85,658.98,79.89,200.79,-1,-1,-1,-1
191,3,1242.97,660.38,79.97,201.71,-1,-1,-1,-1
192,3,1234.39,674.22,84.41,204.34,-1,-1,-1,-1
193,3,1228.75,682.23,82.25,201.81,-1,-1,-1,-1
195,3,1217.54,698.80,82.18,200.76,-1,-1,-1,-1
196,3,1212.81,707.08,77.90,201.74,-1,-1,-1,-1
198,3,1199.03,723.40,75.77,201.30,-1,-1,-1,-1
200,3,1179.84,731.38,85.08,203.11,-1,-1,-1,-1
202,3,1163.60,747.36,85.61,202.44,-1,-1,-1,-1
204,3,1153.13,762.80,81.60,201.81,-1,-1,-1,-1
208,3,1120.13,788.85,73.41,195.19,-1,-1,-1,-1
209,3,1109.85,789.01,78.49,198.73,-1,-1,-1,-1
210,3,1102.80,788.81,75.93,200.55,-1,-1,-1,-1
211,3,1094.05,803.53,76.56,197.64,-1,-1,-1,-1
212,3,1086.54,805.63,74.55,198.83,-1,-1,-1,-1
213,3,1074.76,812.55,80.76,196.68,-1,-1,-1,-1
215,3,1056.07,812.46,83.91,199.92,-1,-1,-1,-1
216,3,1044.56,822.60,80.98,191.55,-1,-1,-1,-1
217,3,1035.69,826.70,81.20,199.78,-1,-1,-1,-1
218,3,1029.35,828.73,77.29,196.85,-1,-1,-1,-1
219,3,1017.56,828.52,82.65,197.33,-1,-1,-1,-1
220,3,1003.76,836.04,83.18,196.39,-1,-1,-1,-1
221,3,995.46,835.77,83.26,198.97,-1,-1,-1,-1
222,3,989.16,830.50,77.54,196.06,-1,-1,-1,-1
223,3,976.26,829.55,85.60,198.76,-1,-1,-1,-1
224,3,968.79,836.74,82.94,198.78,-1,-1,-1,-1
225,3,957.39,835.86,80.04,200.87,-1,-1,-1,-1
226,3,947.80,844.27,81.66,197.02,-1,-1,-1,-1
227,3,940.30,837.40,78.55,198.60,-1,-1,-1,-1
228,3,930.13,843.05,81.21,198.23,-1,-1,-1,-1
229,3,915.94,844.72,82.57,197.13,-1,-1,-1,-1
230,3,907.91,843.69,80.83,197.39,-1,-1,-1,-1
231,3,897.81,843.61,82.97,198.80,-1,-1,-1,-1
232,3,889.21,837.69,81.41,197.53,-1,-1,-1,-1
233,3,877.50,844.13,80.56,199.32,-1,-1,-1,-1
234,3,869.69,835.93,78.15,199.18,-1,-1,-1,-1
235,3,859.92,836.26,78.64,199.72,-1,-1,-1,-1
236,3,851.93,838.36,78.58,196.01,-1,-1,-1,-1
237,3,841.12,837.59,81.44,196.91,-1,-1,-1,-1
238,3,828.24,834.87,82.00,201.54,-1,-1,-1,-1
239,3,818.47,831.10,82.58,196.72,-1,-1,-1,-1
240,3,812.83,830.59,76.57,195.21,-1,-1,-1,-1
241,3,804.01,822.71,78.14,195.37,-1,-1,-1,-1
242,3,792.43,830.58,73.27,192.50,-1,-1,-1,-1
243,3,781.58,821.22,77.10,197.74,-1,-1,-1,-1
245,3,762.08,814.59,82.44,194.41,-1,-1,-1,-1
246,3,754.70,805.96,80.39,198.35,-1,-1,-1,-1
248,3,735.18,796.75,85.72,199.58,-1,-1,-1,-1
250,3,715.05,788.66,82.29,201.94,-1,-1,-1,-1
