2,1,372.50,432.47,94.02,207.14,-1,-1,-1,-1
3,1,373.35,433.15,95.11,206.08,-1,-1,-1,-1
4,1,381.04,432.79,94.15,206.45,-1,-1,-1,-1
5,1,388.34,431.83,93.88,208.01,-1,-1,-1,-1
6,1,388.05,432.68,95.94,205.68,-1,-1,-1,-1
7,1,397.67,432.30,90.74,207.40,-1,-1,-1,-1
8,1,395.74,431.90,97.67,207.95,-1,-1,-1,-1
9,1,404.49,432.06,93.53,207.79,-1,-1,-1,-1
10,1,405.30,432.24,94.73,206.55,-1,-1,-1,-1
11,1,413.79,432.30,91.25,207.66,-1,-1,-1,-1
12,1,421.94,431.94,89.36,208.03,-1,-1,-1,-1
13,1,421.70,432.64,91.11,206.26,-1,-1,-1,-1
14,1,430.24,433.61,89.00,204.89,-1,-1,-1,-1
15,1,430.66,432.35,90.59,207.46,-1,-1,-1,-1
16,1,436.15,432.31,94.19,207.25,-1,-1,-1,-1
17,1,436.75,433.10,94.81,205.20,-1,-1,-1,-1
18,1,446.23,433.15,90.17,206.12,-1,-1,-1,-1
19,1,445.48,431.56,95.29,208.10,-1,-1,-1,-1
20,1,452.97,431.85,93.19,207.99,-1,-1,-1,-1
21,1,452.50,432.15,96.53,207.22,-1,-1,-1,-1
22,1,461.06,431.75,92.96,208.68,-1,-1,-1,-1
23,1,467.25,431.81,95.05,207.94,-1,-1,-1,-1
24,1,469.13,432.23,92.12,207.25,-1,-1,-1,-1
25,1,475.76,432.22,94.66,207.72,-1,-1,-1,-1
26,1,476.92,432.17,94.50,207.91,-1,-1,-1,-1
27,1,485.80,431.71,90.56,208.38,-1,-1,-1,-1
28,1,483.11,432.23,98.65,206.58,-1,-1,-1,-1
29,1,492.97,432.08,92.98,207.91,-1,-1,-1,-1
30,1,492.91,431.17,96.06,208.88,-1,-1,-1,-1
31,1,500.29,431.85,93.76,208.22,-1,-1,-1,-1
32,1,501.62,433.24,94.76,205.69,-1,-1,-1,-1
33,1,508.56,432.74,96.31,207.12,-1,-1,-1,-1
34,1,516.86,431.19,92.45,209.29,-1,-1,-1,-1
35,1,516.91,432.54,93.53,206.21,-1,-1,-1,-1
36,1,523.70,432.13,94.67,208.04,-1,-1,-1,-1
37,1,522.83,431.73,99.00,207.82,-1,-1,-1,-1
38,1,531.86,431.79,94.86,207.99,-1,-1,-1,-1
39,1,531.33,431.63,98.56,207.71,-1,-1,-1,-1
40,1,539.86,432.45,95.98,207.64,-1,-1,-1,-1
41,1,539.06,431.51,99.94,208.27,-1,-1,-1,-1
42,1,548.60,432.59,93.55,206.57,-1,-1,-1,-1
43,1,549.20,433.25,95.85,205.68,-1,-1,-1,-1
44,1,555.28,432.75,97.96,206.75,-1,-1,-1,-1
45,1,562.21,432.18,97.53,206.78,-1,-1,-1,-1
46,1,563.43,432.93,96.78,205.25,-1,-1,-1,-1
47,1,573.53,432.94,91.29,205.77,-1,-1,-1,-1
48,1,571.08,432.53,99.72,207.00,-1,-1,-1,-1
49,1,580.27,431.31,94.33,208.92,-1,-1,-1,-1
50,1,581.81,432.25,94.12,206.28,-1,-1,-1,-1
51,1,588.82,431.76,93.64,208.42,-1,-1,-1,-1
52,1,594.42,431.46,96.52,208.27,-1,-1,-1,-1
53,1,595.05,432.93,98.10,205.70,-1,-1,-1,-1
54,1,604.32,432.14,92.59,207.71,-1,-1,-1,-1
55,1,604.21,432.14,95.90,207.89,-1,-1,-1,-1
56,1,612.42,431.15,93.42,209.34,-1,-1,-1,-1
57,1,611.24,432.44,97.98,205.72,-1,-1,-1,-1
58,1,621.64,432.33,91.37,207.16,-1,-1,-1,-1
59,1,618.41,432.29,101.24,207.12,-1,-1,-1,-1
60,1,626.67,432.23,97.94,207.18,-1,-1,-1,-1
61,1,628.20,432.20,96.98,206.24,-1,-1,-1,-1
62,1,635.41,432.45,98.79,207.77,-1,-1,-1,-1
63,1,644.18,429.58,93.25,212.15,-1,-1,-1,-1
64,1,643.81,432.72,95.99,205.92,-1,-1,-1,-1
65,1,653.00,431.80,91.81,208.39,-1,-1,-1,-1
66,1,653.24,431.34,94.43,209.82,-1,-1,-1,-1
67,1,660.38,431.17,93.40,209.74,-1,-1,-1,-1
68,1,659.56,432.32,97.52,206.14,-1,-1,-1,-1
69,1,668.68,431.36,93.44,209.11,-1,-1,-1,-1
70,1,668.53,431.19,97.01,209.64,-1,-1,-1,-1
71,1,676.22,432.76,94.63,206.61,-1,-1,-1,-1
72,1,684.86,432.65,91.02,207.31,-1,-1,-1,-1
73,1,685.69,431.61,92.44,209.78,-1,-1,-1,-1
74,1,691.10,431.93,96.34,208.06,-1,-1,-1,-1
75,1,692.77,432.57,93.72,206.72,-1,-1,-1,-1
76,1,701.91,431.86,89.40,208.54,-1,-1,-1,-1
77,1,701.57,431.41,94.34,209.78,-1,-1,-1,-1
78,1,708.84,431.03,92.65,210.38,-1,-1,-1,-1
79,1,709.90,432.03,93.85,207.60,-1,-1,-1,-1
80,1,717.01,430.52,93.85,211.60,-1,-1,-1,-1
81,1,717.15,430.46,96.04,210.46,-1,-1,-1,-1
82,1,724.42,432.28,94.11,207.62,-1,-1,-1,-1
83,1,725.47,432.35,95.31,207.71,-1,-1,-1,-1
84,1,733.61,431.75,93.73,209.31,-1,-1,-1,-1
85,1,738.69,430.93,97.17,209.61,-1,-1,-1,-1
86,1,741.52,431.44,91.70,208.84,-1,-1,-1,-1
87,1,750.47,431.70,90.61,209.16,-1,-1,-1,-1
88,1,750.40,431.03,92.24,210.32,-1,-1,-1,-1
89,1,756.58,431.11,93.83,209.97,-1,-1,-1,-1
90,1,755.69,431.64,98.31,208.55,-1,-1,-1,-1
91,1,765.08,430.60,92.53,210.86,-1,-1,-1,-1
92,1,771.08,430.77,95.43,210.22,-1,-1,-1,-1
93,1,772.72,431.84,94.06,208.02,-1,-1,-1,-1
94,1,782.04,431.18,88.97,209.46,-1,-1,-1,-1
95,1,780.50,431.10,95.49,210.47,-1,-1,-1,-1
96,1,786.03,430.97,98.45,209.65,-1,-1,-1,-1
97,1,789.26,432.35,93.18,206.93,-1,-1,-1,-1
98,1,797.35,431.59,92.88,209.37,-1,-1,-1,-1
99,1,796.28,430.89,97.45,209.96,-1,-1,-1,-1
100,1,804.07,430.81,94.89,210.64,-1,-1,-1,-1
101,1,803.80,432.18,98.01,208.28,-1,-1,-1,-1
102,1,812.88,431.64,94.99,210.04,-1,-1,-1,-1
103,1,813.03,430.86,96.15,210.11,-1,-1,-1,-1
104,1,819.73,431.69,95.39,208.54,-1,-1,-1,-1
105,1,829.26,431.39,90.66,209.34,-1,-1,-1,-1
106,1,827.03,431.63,99.12,209.31,-1,-1,-1,-1
107,1,835.54,431.21,95.93,209.25,-1,-1,-1,-1
108,1,838.17,432.68,91.77,206.62,-1,-1,-1,-1
109,1,845.39,431.19,92.99,210.47,-1,-1,-1,-1
110,1,843.18,431.27,99.90,209.63,-1,-1,-1,-1
111,1,851.50,430.81,95.61,210.54,-1,-1,-1,-1
112,1,858.25,431.20,96.88,209.60,-1,-1,-1,-1
113,1,861.31,430.83,93.28,211.37,-1,-1,-1,-1
114,1,867.99,430.74,94.22,210.60,-1,-1,-1,-1
115,1,868.61,431.32,93.44,209.48,-1,-1,-1,-1
116,1,875.78,431.33,94.85,210.36,-1,-1,-1,-1
117,1,877.12,430.99,95.02,210.61,-1,-1,-1,-1
118,1,882.32,431.35,98.87,209.02,-1,-1,-1,-1
119,1,884.41,431.00,96.52,209.20,-1,-1,-1,-1
120,1,892.79,430.64,93.99,211.00,-1,-1,-1,-1
121,1,899.43,430.04,93.87,212.06,-1,-1,-1,-1
122,1,899.59,431.92,97.73,208.24,-1,-1,-1,-1
123,1,901.77,431.87,94.90,208.53,-1,-1,-1,-1
124,1,907.14,431.60,98.99,210.01,-1,-1,-1,-1
125,1,913.52,431.49,99.27,208.70,-1,-1,-1,-1
126,1,915.05,431.98,98.14,207.35,-1,-1,-1,-1
127,1,924.22,431.43,93.31,209.58,-1,-1,-1,-1
128,1,924.90,431.38,95.33,209.81,-1,-1,-1,-1
129,1,931.05,430.77,96.90,210.00,-1,-1,-1,-1
130,1,933.00,432.35,94.89,207.46,-1,-1,-1,-1
131,1,941.50,431.32,93.08,210.30,-1,-1,-1,-1
132,1,939.11,431.57,100.11,209.31,-1,-1,-1,-1
133,1,947.30,430.64,96.15,210.96,-1,-1,-1,-1
134,1,955.81,431.34,93.32,209.43,-1,-1,-1,-1
135,1,956.87,430.94,95.12,211.10,-1,-1,-1,-1
136,1,963.53,430.81,95.07,210.22,-1,-1,-1,-1
137,1,964.13,431.95,95.18,207.62,-1,-1,-1,-1
138,1,971.58,431.22,95.07,210.35,-1,-1,-1,-1
139,1,973.31,431.00,94.20,210.50,-1,-1,-1,-1
140,1,980.13,431.26,93.72,210.04,-1,-1,-1,-1
141,1,978.80,430.98,100.00,209.85,-1,-1,-1,-1
142,1,987.44,432.08,97.66,209.04,-1,-1,-1,-1
143,1,992.43,429.76,99.94,212.33,-1,-1,-1,-1
144,1,995.78,431.84,95.81,208.32,-1,-1,-1,-1
145,1,1003.11,431.43,94.45,209.85,-1,-1,-1,-1
146,1,1002.67,431.42,99.62,210.31,-1,-1,-1,-1
147,1,1009.64,431.12,98.98,209.65,-1,-1,-1,-1
148,1,1010.26,431.29,99.33,208.81,-1,-1,-1,-1
149,1,1019.13,431.23,96.43,209.85,-1,-1,-1,-1
150,1,1019.32,430.78,99.04,210.13,-1,-1,-1,-1
151,1,1027.44,430.33,96.15,210.63,-1,-1,-1,-1
152,1,1028.24,431.89,97.51,208.24,-1,-1,-1,-1
153,1,1036.23,431.41,96.11,210.53,-1,-1,-1,-1
154,1,1043.69,429.48,93.95,212.49,-1,-1,-1,-1
155,1,1043.18,430.79,96.24,209.95,-1,-1,-1,-1
156,1,1051.20,430.68,95.89,210.86,-1,-1,-1,-1
157,1,1051.16,431.10,99.03,210.26,-1,-1,-1,-1
158,1,1060.43,429.74,92.85,212.34,-1,-1,-1,-1
159,1,1061.17,432.33,94.65,207.04,-1,-1,-1,-1
160,1,1069.69,431.99,91.97,208.68,-1,-1,-1,-1
161,1,1068.52,430.42,97.29,210.35,-1,-1,-1,-1
162,1,1075.34,431.65,96.69,208.35,-1,-1,-1,-1
163,1,1078.03,431.20,92.79,208.78,-1,-1,-1,-1
164,1,1085.82,431.18,92.63,210.39,-1,-1,-1,-1
165,1,1091.99,429.57,93.24,212.46,-1,-1,-1,-1
166,1,1092.88,431.32,93.00,208.77,-1,-1,-1,-1
167,1,1100.30,431.06,93.81,210.59,-1,-1,-1,-1
168,1,1100.90,430.48,94.82,211.89,-1,-1,-1,-1
169,1,1108.21,430.54,93.50,210.96,-1,-1,-1,-1
170,1,1105.77,430.66,101.31,209.83,-1,-1,-1,-1
171,1,1115.55,431.41,96.92,210.24,-1,-1,-1,-1
172,1,1115.49,429.52,99.46,212.15,-1,-1,-1,-1
173,1,1123.45,429.52,94.90,213.22,-1,-1,-1,-1
174,1,1125.92,431.12,94.37,209.76,-1,-1,-1,-1
175,1,1132.89,430.86,95.31,211.76,-1,-1,-1,-1
176,1,1138.76,429.67,96.37,212.14,-1,-1,-1,-1
177,1,1140.02,431.35,95.21,208.87,-1,-1,-1,-1
178,1,1149.21,430.65,91.12,210.74,-1,-1,-1,-1
179,1,1148.22,430.53,97.71,211.54,-1,-1,-1,-1
180,1,1154.68,429.64,97.26,211.89,-1,-1,-1,-1
181,1,1155.78,430.79,98.11,210.35,-1,-1,-1,-1
182,1,1164.44,430.45,94.51,211.89,-1,-1,-1,-1
183,1,1163.69,429.56,98.95,212.19,-1,-1,-1,-1
184,1,1170.86,430.13,96.66,211.06,-1,-1,-1,-1
185,1,1173.33,431.14,95.53,208.92,-1,-1,-1,-1
186,1,1179.11,430.99,99.25,210.26,-1,-1,-1,-1
187,1,1186.07,429.92,98.17,211.45,-1,-1,-1,-1
188,1,1187.96,431.16,95.55,208.69,-1,-1,-1,-1
189,1,1197.60,430.99,92.50,210.58,-1,-1,-1,-1
190,1,1195.92,430.17,97.94,212.02,-1,-1,-1,-1
191,1,1203.59,431.55,96.44,208.66,-1,-1,-1,-1
192,1,1203.09,430.10,99.30,211.14,-1,-1,-1,-1
193,1,1212.27,429.75,94.30,212.42,-1,-1,-1,-1
194,1,1218.33,429.86,96.97,211.84,-1,-1,-1,-1
195,1,1219.42,430.01,95.52,211.10,-1,-1,-1,-1
196,1,1227.36,430.85,95.74,210.70,-1,-1,-1,-1
197,1,1227.45,430.08,97.41,211.83,-1,-1,-1,-1
198,1,1235.48,429.26,95.34,212.93,-1,-1,-1,-1
199,1,1234.88,430.46,98.96,209.77,-1,-1,-1,-1
200,1,1244.22,430.80,94.94,211.52,-1,-1,-1,-1
201,1,1245.84,429.72,94.54,212.71,-1,-1,-1,-1
202,1,1251.59,430.32,96.03,211.20,-1,-1,-1,-1
203,1,1253.29,430.93,95.31,209.00,-1,-1,-1,-1
204,1,1260.94,430.30,93.97,212.26,-1,-1,-1,-1
205,1,1268.05,429.76,93.34,212.17,-1,-1,-1,-1
206,1,1267.20,431.01,96.91,209.03,-1,-1,-1,-1
207,1,1276.85,430.47,91.64,210.76,-1,-1,-1,-1
208,1,1277.39,430.23,94.43,212.58,-1,-1,-1,-1
209,1,1284.33,429.96,94.12,211.79,-1,-1,-1,-1
210,1,1284.99,431.33,95.02,208.90,-1,-1,-1,-1
211,1,1292.33,430.40,94.92,212.15,-1,-1,-1,-1
212,1,1297.21,429.16,98.54,213.58,-1,-1,-1,-1
213,1,1298.95,429.53,97.36,212.92,-1,-1,-1,-1
214,1,1306.45,430.39,96.46,211.23,-1,-1,-1,-1
215,1,1307.40,431.02,99.12,211.19,-1,-1,-1,-1
216,1,1313.36,429.82,99.60,211.61,-1,-1,-1,-1
217,1,1315.35,430.76,98.00,209.58,-1,-1,-1,-1
218,1,1323.03,430.83,96.42,211.41,-1,-1,-1,-1
219,1,1324.51,430.09,96.37,212.26,-1,-1,-1,-1
220,1,1330.66,429.94,97.86,212.17,-1,-1,-1,-1
221,1,1333.52,430.67,93.91,210.04,-1,-1,-1,-1
222,1,1341.02,430.66,94.22,211.78,-1,-1,-1,-1
223,1,1345.66,429.49,98.08,213.24,-1,-1,-1,-1
224,1,1347.88,430.27,94.94,211.00,-1,-1,-1,-1
225,1,1356.26,431.35,92.47,209.82,-1,-1,-1,-1
226,1,1355.91,430.43,96.87,212.16,-1,-1,-1,-1
227,1,1361.37,430.37,99.68,210.93,-1,-1,-1,-1
228,1,1363.55,431.10,96.24,209.33,-1,-1,-1,-1
229,1,1373.27,431.38,92.77,209.65,-1,-1,-1,-1
230,1,1372.55,430.36,97.15,212.01,-1,-1,-1,-1
231,1,1379.01,430.26,97.37,211.17,-1,-1,-1,-1
232,1,1381.40,430.93,94.86,209.86,-1,-1,-1,-1
233,1,1388.75,430.07,93.60,212.54,-1,-1,-1,-1
234,1,1392.91,430.03,100.45,212.12,-1,-1,-1,-1
235,1,1395.81,431.06,96.07,209.98,-1,-1,-1,-1
236,1,1403.77,430.74,94.24,210.69,-1,-1,-1,-1
237,1,1402.95,430.37,99.72,212.05,-1,-1,-1,-1
238,1,1411.83,428.47,94.52,214.96,-1,-1,-1,-1
239,1,1412.47,431.00,95.93,209.34,-1,-1,-1,-1
240,1,1419.85,430.73,96.67,211.94,-1,-1,-1,-1
241,1,1421.31,429.75,95.76,212.41,-1,-1,-1,-1
242,1,1426.79,429.88,98.08,212.21,-1,-1,-1,-1
243,1,1428.31,430.22,97.16,210.76,-1,-1,-1,-1
244,1,1436.86,430.79,95.13,211.51,-1,-1,-1,-1
245,1,1442.36,429.86,97.25,211.82,-1,-1,-1,-1
246,1,1444.51,430.94,94.36,209.43,-1,-1,-1,-1
247,1,1451.37,430.64,95.94,211.43,-1,-1,-1,-1
248,1,1450.58,430.15,100.02,212.11,-1,-1,-1,-1
249,1,1459.43,430.02,96.24,211.41,-1,-1,-1,-1
250,1,1460.87,430.89,94.41,209.06,-1,-1,-1,-1
2,2,5.42,433.23,75.89,208.04,-1,-1,-1,-1
3,2,4.06,433.18,79.98,208.41,-1,-1,-1,-1
4,2,11.92,433.55,78.42,207.14,-1,-1,-1,-1
5,2,13.81,433.17,77.82,207.75,-1,-1,-1,-1
6,2,21.16,433.84,77.48,206.80,-1,-1,-1,-1
7,2,27.80,434.11,77.36,206.23,-1,-1,-1,-1
8,2,29.09,433.96,76.80,206.65,-1,-1,-1,-1
9,2,35.81,433.76,77.70,207.40,-1,-1,-1,-1
10,2,35.45,433.90,81.74,207.52,-1,-1,-1,-1
11,2,44.16,434.45,77.13,205.71,-1,-1,-1,-1
12,2,46.65,434.97,75.64,204.61,-1,-1,-1,-1
13,2,52.25,433.89,78.46,206.85,-1,-1,-1,-1
14,2,53.45,434.56,78.15,205.83,-1,-1,-1,-1
15,2,59.27,434.01,79.92,205.70,-1,-1,-1,-1
16,2,61.99,433.72,77.67,206.90,-1,-1,-1,-1
17,2,66.57,433.55,83.02,207.07,-1,-1,-1,-1
18,2,68.00,433.39,82.00,207.19,-1,-1,-1,-1
19,2,75.41,433.26,79.99,207.49,-1,-1,-1,-1
20,2,80.80,433.27,84.18,207.09,-1,-1,-1,-1
21,2,82.88,433.08,82.70,208.43,-1,-1,-1,-1
22,2,90.32,433.91,81.40,206.39,-1,-1,-1,-1
23,2,92.87,433.93,79.16,206.26,-1,-1,-1,-1
24,2,99.76,433.71,79.53,207.56,-1,-1,-1,-1
25,2,101.42,433.58,78.89,207.05,-1,-1,-1,-1
26,2,106.90,433.23,81.20,207.46,-1,-1,-1,-1
27,2,112.36,433.34,84.43,207.26,-1,-1,-1,-1
28,2,113.81,432.87,84.36,208.56,-1,-1,-1,-1
29,2,116.07,433.60,81.48,207.13,-1,-1,-1,-1
30,2,125.48,433.12,76.64,208.30,-1,-1,-1,-1
31,2,132.16,433.26,78.01,208.41,-1,-1,-1,-1
32,2,131.43,432.89,82.05,209.30,-1,-1,-1,-1
33,2,138.04,433.05,82.14,208.37,-1,-1,-1,-1
34,2,140.51,432.70,79.65,209.11,-1,-1,-1,-1
35,2,146.46,432.58,82.18,209.49,-1,-1,-1,-1
36,2,149.68,432.96,78.17,208.52,-1,-1,-1,-1
37,2,155.60,433.05,79.84,208.28,-1,-1,-1,-1
38,2,161.38,433.39,82.64,207.37,-1,-1,-1,-1
39,2,161.65,432.74,84.78,208.67,-1,-1,-1,-1
40,2,166.95,432.84,87.16,208.34,-1,-1,-1,-1
41,2,171.06,432.36,81.32,209.62,-1,-1,-1,-1
42,2,178.33,432.51,81.82,209.73,-1,-1,-1,-1
43,2,179.30,433.14,81.89,208.67,-1,-1,-1,-1
44,2,186.58,432.60,81.01,208.74,-1,-1,-1,-1
45,2,188.68,432.32,79.67,209.45,-1,-1,-1,-1
46,2,194.48,432.08,82.49,210.72,-1,-1,-1,-1
47,2,197.67,431.98,78.64,209.79,-1,-1,-1,-1
48,2,202.38,431.99,82.46,210.07,-1,-1,-1,-1
49,2,209.60,431.94,82.26,210.40,-1,-1,-1,-1
50,2,208.62,432.03,86.45,210.31,-1,-1,-1,-1
51,2,210.42,432.09,84.90,209.51,-1,-1,-1,-1
52,2,219.07,432.13,82.19,209.69,-1,-1,-1,-1
53,2,226.05,432.06,82.85,209.90,-1,-1,-1,-1
54,2,226.76,432.38,83.21,209.54,-1,-1,-1,-1
55,2,234.18,432.31,82.25,208.96,-1,-1,-1,-1
56,2,235.34,432.09,82.68,209.54,-1,-1,-1,-1
57,2,241.03,431.94,85.71,210.40,-1,-1,-1,-1
58,2,244.79,432.34,80.07,209.02,-1,-1,-1,-1
59,2,250.09,432.22,82.71,208.92,-1,-1,-1,-1
60,2,258.05,432.02,81.83,209.82,-1,-1,-1,-1
61,2,259.45,432.48,81.60,209.52,-1,-1,-1,-1
62,2,267.33,432.55,79.40,208.57,-1,-1,-1,-1
63,2,266.30,432.25,83.86,209.48,-1,-1,-1,-1
64,2,275.09,432.48,80.33,209.81,-1,-1,-1,-1
65,2,275.01,433.32,82.83,207.65,-1,-1,-1,-1
66,2,282.91,433.04,80.87,207.70,-1,-1,-1,-1
67,2,290.73,432.92,80.01,209.05,-1,-1,-1,-1
68,2,290.12,432.89,83.94,208.16,-1,-1,-1,-1
69,2,293.23,433.15,79.71,207.29,-1,-1,-1,-1
70,2,300.62,432.76,78.49,208.73,-1,-1,-1,-1
71,2,306.94,433.17,80.43,208.72,-1,-1,-1,-1
72,2,306.17,433.49,83.65,207.95,-1,-1,-1,-1
73,2,315.37,433.70,79.16,206.68,-1,-1,-1,-1
74,2,315.65,433.24,81.59,207.29,-1,-1,-1,-1
75,2,322.61,432.99,81.97,208.47,-1,-1,-1,-1
76,2,323.78,433.38,81.74,207.36,-1,-1,-1,-1
77,2,330.40,432.41,83.02,208.77,-1,-1,-1,-1
78,2,336.16,433.01,84.83,208.17,-1,-1,-1,-1
79,2,337.47,432.84,84.80,208.98,-1,-1,-1,-1
80,2,345.42,433.44,82.63,207.29,-1,-1,-1,-1
81,2,347.28,433.24,81.38,207.65,-1,-1,-1,-1
82,2,354.13,432.94,82.41,208.46,-1,-1,-1,-1
83,2,353.44,433.46,85.64,207.44,-1,-1,-1,-1
84,2,363.01,433.18,80.45,207.47,-1,-1,-1,-1
85,2,365.53,432.39,78.56,209.83,-1,-1,-1,-1
86,2,371.35,433.16,80.49,208.80,-1,-1,-1,-1
87,2,375.18,433.82,75.80,206.58,-1,-1,-1,-1
88,2,379.72,433.34,79.77,207.39,-1,-1,-1,-1
89,2,385.36,433.39,82.65,207.32,-1,-1,-1,-1
90,2,386.05,433.29,84.04,207.95,-1,-1,-1,-1
91,2,394.59,433.22,80.47,207.53,-1,-1,-1,-1
92,2,395.65,433.01,81.55,208.18,-1,-1,-1,-1
93,2,402.59,433.22,81.55,208.36,-1,-1,-1,-1
94,2,403.90,434.29,80.74,206.58,-1,-1,-1,-1
95,2,411.30,433.79,80.03,206.45,-1,-1,-1,-1
96,2,413.22,433.65,79.15,206.99,-1,-1,-1,-1
97,2,417.85,433.88,84.00,206.60,-1,-1,-1,-1
98,2,426.43,433.85,80.25,206.83,-1,-1,-1,-1
99,2,427.50,433.38,80.13,207.79,-1,-1,-1,-1
100,2,434.50,432.93,80.81,208.87,-1,-1,-1,-1
101,2,434.87,433.92,82.10,207.59,-1,-1,-1,-1
102,2,443.61,434.17,78.58,206.45,-1,-1,-1,-1
103,2,445.66,434.10,77.32,206.56,-1,-1,-1,-1
104,2,450.30,433.59,82.05,207.66,-1,-1,-1,-1
105,2,452.54,433.27,80.39,207.83,-1,-1,-1,-1
106,2,458.62,433.17,81.65,207.61,-1,-1,-1,-1
107,2,466.13,432.85,81.04,209.59,-1,-1,-1,-1
108,2,465.83,433.37,83.78,208.55,-1,-1,-1,-1
109,2,469.32,433.53,79.16,207.55,-1,-1,-1,-1
110,2,476.87,433.46,77.65,207.85,-1,-1,-1,-1
111,2,483.14,433.74,79.79,207.69,-1,-1,-1,-1
112,2,481.24,433.78,85.57,207.20,-1,-1,-1,-1
113,2,490.97,433.09,80.38,208.02,-1,-1,-1,-1
114,2,490.91,432.69,82.75,209.02,-1,-1,-1,-1
115,2,498.02,433.20,82.96,208.83,-1,-1,-1,-1
116,2,499.78,433.69,81.15,207.88,-1,-1,-1,-1
117,2,507.77,433.19,79.13,208.32,-1,-1,-1,-1
118,2,513.49,433.15,82.29,207.99,-1,-1,-1,-1
119,2,514.40,433.02,82.92,208.59,-1,-1,-1,-1
120,2,522.87,433.32,79.68,207.51,-1,-1,-1,-1
121,2,524.26,433.34,79.20,207.90,-1,-1,-1,-1
122,2,529.51,433.43,83.32,208.07,-1,-1,-1,-1
123,2,531.85,433.99,80.76,207.25,-1,-1,-1,-1
124,2,539.41,433.60,79.11,207.25,-1,-1,-1,-1
125,2,541.08,433.32,79.01,207.73,-1,-1,-1,-1
126,2,546.74,433.08,81.75,208.82,-1,-1,-1,-1
127,2,549.01,432.84,79.94,208.29,-1,-1,-1,-1
128,2,555.42,433.18,80.06,208.04,-1,-1,-1,-1
129,2,560.79,432.87,83.82,208.62,-1,-1,-1,-1
130,2,561.82,433.19,83.99,208.65,-1,-1,-1,-1
131,2,570.96,433.35,79.35,207.95,-1,-1,-1,-1
132,2,571.88,432.87,80.92,208.79,-1,-1,-1,-1
133,2,578.02,433.55,82.73,207.97,-1,-1,-1,-1
134,2,578.79,433.97,82.76,207.25,-1,-1,-1,-1
135,2,586.50,432.50,81.72,209.06,-1,-1,-1,-1
136,2,587.73,432.70,81.72,209.21,-1,-1,-1,-1
137,2,594.85,432.90,81.46,209.69,-1,-1,-1,-1
138,2,595.86,432.97,81.69,209.07,-1,-1,-1,-1
139,2,603.69,433.13,79.42,208.69,-1,-1,-1,-1
140,2,610.72,432.98,80.41,208.49,-1,-1,-1,-1
141,2,611.06,433.34,82.02,208.62,-1,-1,-1,-1
142,2,619.26,432.91,79.67,208.50,-1,-1,-1,-1
143,2,619.63,432.92,81.59,209.19,-1,-1,-1,-1
144,2,625.40,433.29,83.77,208.78,-1,-1,-1,-1
145,2,626.72,433.39,83.27,208.53,-1,-1,-1,-1
146,2,634.59,433.12,81.31,208.22,-1,-1,-1,-1
147,2,642.19,433.13,81.03,208.48,-1,-1,-1,-1
148,2,642.48,433.16,82.60,209.05,-1,-1,-1,-1
149,2,644.47,433.28,80.82,207.80,-1,-1,-1,-1
150,2,652.09,433.16,79.59,208.34,-1,-1,-1,-1
151,2,658.30,433.01,81.63,209.44,-1,-1,-1,-1
152,2,657.71,433.36,84.61,208.63,-1,-1,-1,-1
153,2,665.56,433.34,82.68,207.94,-1,-1,-1,-1
154,2,667.07,433.86,82.72,206.94,-1,-1,-1,-1
155,2,674.68,433.53,81.56,208.22,-1,-1,-1,-1
156,2,675.32,433.88,82.46,207.10,-1,-1,-1,-1
157,2,682.99,433.32,81.07,207.88,-1,-1,-1,-1
158,2,690.25,433.25,81.04,208.65,-1,-1,-1,-1
159,2,690.66,433.29,82.01,208.91,-1,-1,-1,-1
160,2,698.18,434.04,80.84,206.63,-1,-1,-1,-1
161,2,699.27,433.58,80.62,207.50,-1,-1,-1,-1
162,2,705.74,433.74,82.96,207.64,-1,-1,-1,-1
163,2,706.35,433.60,83.70,207.95,-1,-1,-1,-1
164,2,714.33,433.05,81.44,208.10,-1,-1,-1,-1
165,2,715.64,433.07,81.75,208.62,-1,-1,-1,-1
166,2,722.07,433.04,82.64,209.52,-1,-1,-1,-1
167,2,725.30,433.71,78.93,207.49,-1,-1,-1,-1
168,2,731.22,433.40,80.73,207.59,-1,-1,-1,-1
169,2,738.91,433.09,79.74,209.08,-1,-1,-1,-1
170,2,739.04,433.44,81.96,208.38,-1,-1,-1,-1
171,2,745.38,433.19,83.19,207.89,-1,-1,-1,-1
172,2,747.25,433.26,81.95,208.66,-1,-1,-1,-1
173,2,753.49,433.00,83.49,209.40,-1,-1,-1,-1
174,2,752.87,433.21,85.87,209.06,-1,-1,-1,-1
175,2,763.05,433.20,80.22,208.31,-1,-1,-1,-1
176,2,764.13,432.87,80.95,209.01,-1,-1,-1,-1
177,2,768.91,433.06,85.41,208.99,-1,-1,-1,-1
178,2,771.91,432.93,81.84,208.77,-1,-1,-1,-1
179,2,778.62,432.77,81.93,209.28,-1,-1,-1,-1
180,2,785.80,432.82,82.41,209.74,-1,-1,-1,-1
181,2,787.02,432.91,81.77,209.70,-1,-1,-1,-1
182,2,793.40,432.96,83.10,208.83,-1,-1,-1,-1
183,2,794.03,432.73,84.34,209.34,-1,-1,-1,-1
184,2,801.32,432.65,83.69,210.21,-1,-1,-1,-1
185,2,804.31,432.78,80.91,208.82,-1,-1,-1,-1
186,2,809.57,432.91,83.70,208.16,-1,-1,-1,-1
187,2,810.08,432.51,85.65,209.39,-1,-1,-1,-1
188,2,816.49,432.76,86.44,209.77,-1,-1,-1,-1
189,2,817.61,432.85,85.81,209.34,-1,-1,-1,-1
190,2,826.02,433.21,82.94,208.23,-1,-1,-1,-1
191,2,833.21,432.73,83.64,209.57,-1,-1,-1,-1
192,2,835.65,432.93,81.44,209.08,-1,-1,-1,-1
193,2,841.67,432.40,83.16,209.43,-1,-1,-1,-1
194,2,841.57,432.72,85.51,209.20,-1,-1,-1,-1
195,2,848.96,433.12,85.11,208.80,-1,-1,-1,-1
196,2,850.24,433.34,84.10,208.59,-1,-1,-1,-1
197,2,858.30,433.42,82.37,207.54,-1,-1,-1,-1
198,2,859.26,433.04,83.17,208.32,-1,-1,-1,-1
199,2,864.77,433.12,85.83,208.98,-1,-1,-1,-1
200,2,873.90,432.68,81.84,209.10,-1,-1,-1,-1
201,2,874.18,432.85,83.26,209.10,-1,-1,-1,-1
202,2,880.70,432.75,84.99,210.03,-1,-1,-1,-1
203,2,880.63,432.68,86.60,210.01,-1,-1,-1,-1
204,2,888.44,432.84,85.02,209.06,-1,-1,-1,-1
205,2,890.64,432.82,83.51,209.26,-1,-1,-1,-1
206,2,896.12,433.29,86.88,208.77,-1,-1,-1,-1
207,2,899.57,432.29,82.46,209.95,-1,-1,-1,-1
208,2,905.51,432.55,84.52,209.22,-1,-1,-1,-1
209,2,913.04,432.48,83.60,210.46,-1,-1,-1,-1
210,2,913.49,432.73,84.28,210.57,-1,-1,-1,-1
211,2,914.08,432.77,85.28,209.68,-1,-1,-1,-1
212,2,921.29,432.99,84.95,208.93,-1,-1,-1,-1
213,2,929.59,432.64,82.67,209.94,-1,-1,-1,-1
214,2,928.41,433.23,87.36,208.88,-1,-1,-1,-1
215,2,937.82,432.73,82.74,209.01,-1,-1,-1,-1
216,2,938.20,433.14,84.02,208.98,-1,-1,-1,-1
217,2,945.37,432.74,84.02,210.12,-1,-1,-1,-1
218,2,945.61,432.98,85.37,209.36,-1,-1,-1,-1
219,2,953.30,432.71,84.24,208.93,-1,-1,-1,-1
220,2,956.42,431.94,80.73,210.99,-1,-1,-1,-1
221,2,960.10,432.83,87.16,209.71,-1,-1,-1,-1
222,2,968.04,432.79,85.33,208.82,-1,-1,-1,-1
223,2,970.26,432.87,83.06,209.23,-1,-1,-1,-1
224,2,977.41,432.53,83.48,210.78,-1,-1,-1,-1
225,2,978.68,433.36,82.98,208.90,-1,-1,-1,-1
226,2,985.41,433.12,82.96,208.13,-1,-1,-1,-1
227,2,988.40,432.22,79.97,210.61,-1,-1,-1,-1
228,2,992.90,432.60,84.97,210.35,-1,-1,-1,-1
229,2,994.62,432.81,84.10,208.94,-1,-1,-1,-1
230,2,1000.56,432.54,86.31,208.92,-1,-1,-1,-1
231,2,1001.67,432.44,86.20,209.53,-1,-1,-1,-1
232,2,1008.65,432.73,86.22,210.00,-1,-1,-1,-1
233,2,1016.73,432.86,83.71,208.90,-1,-1,-1,-1
234,2,1017.79,433.03,84.06,208.98,-1,-1,-1,-1
235,2,1025.09,432.27,84.33,210.63,-1,-1,-1,-1
236,2,1026.91,432.44,82.84,210.16,-1,-1,-1,-1
237,2,1033.70,432.54,83.35,209.31,-1,-1,-1,-1
238,2,1033.71,432.43,85.90,209.75,-1,-1,-1,-1
239,2,1040.68,432.69,85.61,210.12,-1,-1,-1,-1
240,2,1041.83,432.58,85.84,209.70,-1,-1,-1,-1
241,2,1049.80,432.58,83.38,209.37,-1,-1,-1,-1
242,2,1057.65,432.21,82.59,210.36,-1,-1,-1,-1
243,2,1058.05,432.65,83.94,209.81,-1,-1,-1,-1
244,2,1066.12,432.25,81.91,209.31,-1,-1,-1,-1
245,2,1066.49,432.48,83.33,209.82,-1,-1,-1,-1
246,2,1072.04,432.31,86.35,210.57,-1,-1,-1,-1
247,2,1073.15,432.40,86.07,210.22,-1,-1,-1,-1
248,2,1079.83,432.22,86.46,209.52,-1,-1,-1,-1
249,2,1081.78,432.06,86.10,209.98,-1,-1,-1,-1
250,2,1088.79,432.56,85.63,209.94,-1,-1,-1,-1
76,3,-5.26,445.46,57.30,196.63,-1,-1,-1,-1
77,3,-4.97,444.64,58.03,197.94,-1,-1,-1,-1
78,3,-5.29,443.43,62.36,198.92,-1,-1,-1,-1
79,3,-5.70,442.57,63.40,200.24,-1,-1,-1,-1
80,3,-0.27,443.84,68.09,198.72,-1,-1,-1,-1
81,3,-1.90,443.60,70.23,198.60,-1,-1,-1,-1
82,3,-4.69,441.67,77.31,200.66,-1,-1,-1,-1
83,3,-1.34,441.87,84.14,201.23,-1,-1,-1,-1
84,3,-1.11,441.97,84.68,201.36,-1,-1,-1,-1
85,3,-3.65,440.85,90.77,203.37,-1,-1,-1,-1
86,3,7.69,442.68,82.97,201.25,-1,-1,-1,-1
87,3,7.72,441.17,85.96,203.55,-1,-1,-1,-1
88,3,14.15,442.77,87.14,200.48,-1,-1,-1,-1
89,3,16.56,441.83,86.67,201.10,-1,-1,-1,-1
90,3,24.31,441.70,84.63,201.74,-1,-1,-1,-1
91,3,26.07,442.29,86.05,200.18,-1,-1,-1,-1
92,3,31.65,442.44,86.37,200.61,-1,-1,-1,-1
93,3,34.74,443.24,84.64,199.46,-1,-1,-1,-1
94,3,41.33,442.60,84.08,199.53,-1,-1,-1,-1
95,3,42.27,443.37,86.75,198.18,-1,-1,-1,-1
96,3,48.53,443.20,86.26,198.17,-1,-1,-1,-1
97,3,51.20,443.63,84.58,197.95,-1,-1,-1,-1
98,3,59.68,442.91,81.75,198.49,-1,-1,-1,-1
99,3,63.39,443.40,85.88,198.09,-1,-1,-1,-1
100,3,67.41,443.95,82.80,196.99,-1,-1,-1,-1
101,3,72.94,442.90,83.85,199.27,-1,-1,-1,-1
102,3,76.14,443.45,81.56,197.95,-1,-1,-1,-1
103,3,79.74,442.59,86.86,199.94,-1,-1,-1,-1
104,3,82.83,443.36,84.32,198.23,-1,-1,-1,-1
105,3,87.04,440.84,89.41,202.84,-1,-1,-1,-1
106,3,92.57,442.45,90.80,200.58,-1,-1,-1,-1
107,3,97.94,442.52,84.32,200.08,-1,-1,-1,-1
108,3,103.53,443.11,84.63,199.18,-1,-1,-1,-1
109,3,104.25,441.75,87.41,201.31,-1,-1,-1,-1
110,3,110.82,442.51,87.89,200.29,-1,-1,-1,-1
111,3,114.20,443.16,85.06,198.40,-1,-1,-1,-1
112,3,119.80,441.81,85.83,200.66,-1,-1,-1,-1
113,3,122.56,442.66,86.08,200.27,-1,-1,-1,-1
114,3,127.66,441.67,87.63,202.22,-1,-1,-1,-1
115,3,129.37,442.90,88.06,200.22,-1,-1,-1,-1
116,3,137.31,441.81,84.80,201.39,-1,-1,-1,-1
117,3,140.53,442.62,90.39,200.43,-1,-1,-1,-1
118,3,144.18,442.14,87.27,200.81,-1,-1,-1,-1
119,3,144.92,442.01,89.32,200.93,-1,-1,-1,-1
120,3,154.61,442.66,84.40,200.15,-1,-1,-1,-1
121,3,159.20,442.12,87.70,201.25,-1,-1,-1,-1
122,3,159.71,442.57,89.68,200.11,-1,-1,-1,-1
123,3,165.40,441.68,90.16,202.13,-1,-1,-1,-1
124,3,168.26,442.09,90.30,200.84,-1,-1,-1,-1
125,3,174.47,442.24,90.35,200.33,-1,-1,-1,-1
126,3,177.04,442.33,88.67,199.90,-1,-1,-1,-1
127,3,182.02,435.40,91.09,205.11,-1,-1,-1,-1
128,3,188.57,442.04,91.23,201.17,-1,-1,-1,-1
129,3,192.42,442.24,87.80,200.54,-1,-1,-1,-1
130,3,199.07,441.87,87.10,201.11,-1,-1,-1,-1
131,3,199.69,442.12,90.24,200.63,-1,-1,-1,-1
132,3,204.87,441.85,91.18,201.36,-1,-1,-1,-1
133,3,207.73,441.67,90.18,200.79,-1,-1,-1,-1
134,3,216.02,435.71,86.81,203.86,-1,-1,-1,-1
135,3,216.28,441.75,90.62,201.56,-1,-1,-1,-1
136,3,224.30,441.68,87.12,201.15,-1,-1,-1,-1
137,3,225.11,442.25,88.57,200.64,-1,-1,-1,-1
138,3,233.01,441.56,86.46,201.98,-1,-1,-1,-1
139,3,237.32,442.84,89.72,199.85,-1,-1,-1,-1
140,3,239.24,442.06,90.48,200.11,-1,-1,-1,-1
141,3,244.07,440.96,92.36,202.70,-1,-1,-1,-1
142,3,250.28,442.17,85.24,200.75,-1,-1,-1,-1
143,3,252.60,440.98,92.75,203.43,-1,-1,-1,-1
144,3,256.54,442.01,89.12,201.38,-1,-1,-1,-1
145,3,263.37,441.01,88.52,202.71,-1,-1,-1,-1
146,3,265.57,442.15,88.25,201.08,-1,-1,-1,-1
147,3,270.96,442.39,89.34,200.13,-1,-1,-1,-1
148,3,278.78,441.50,86.77,201.68,-1,-1,-1,-1
149,3,279.84,440.47,88.84,203.41,-1,-1,-1,-1
150,3,285.93,441.63,89.81,202.08,-1,-1,-1,-1
151,3,287.58,442.10,90.27,200.95,-1,-1,-1,-1
152,3,295.21,441.89,86.87,201.48,-1,-1,-1,-1
153,3,296.89,441.91,89.22,201.32,-1,-1,-1,-1
154,3,303.51,442.37,87.92,200.26,-1,-1,-1,-1
155,3,304.91,442.53,88.65,199.60,-1,-1,-1,-1
156,3,310.49,440.82,90.01,202.50,-1,-1,-1,-1
157,3,316.72,442.19,90.73,201.14,-1,-1,-1,-1
158,3,318.70,441.44,90.95,201.79,-1,-1,-1,-1
159,3,321.77,441.90,87.72,201.58,-1,-1,-1,-1
160,3,329.45,442.82,87.02,199.27,-1,-1,-1,-1
161,3,332.49,442.21,92.67,200.78,-1,-1,-1,-1
162,3,337.97,442.49,85.51,200.01,-1,-1,-1,-1
163,3,342.93,440.34,88.41,203.41,-1,-1,-1,-1
164,3,343.95,441.12,91.25,202.46,-1,-1,-1,-1
165,3,351.46,441.92,88.56,201.15,-1,-1,-1,-1
166,3,352.99,442.50,89.10,200.16,-1,-1,-1,-1
167,3,360.77,442.32,86.72,199.48,-1,-1,-1,-1
168,3,364.28,442.34,92.03,200.40,-1,-1,-1,-1
169,3,367.75,441.70,88.07,201.18,-1,-1,-1,-1
170,3,375.41,436.19,86.71,203.13,-1,-1,-1,-1
171,3,375.39,440.74,91.61,202.66,-1,-1,-1,-1
172,3,382.15,441.48,89.83,201.70,-1,-1,-1,-1
173,3,385.16,442.25,88.11,200.68,-1,-1,-1,-1
174,3,390.97,441.18,88.84,202.16,-1,-1,-1,-1
175,3,393.62,442.39,88.08,200.42,-1,-1,-1,-1
176,3,400.08,442.20,87.57,200.34,-1,-1,-1,-1
177,3,400.10,441.13,90.84,201.34,-1,-1,-1,-1
178,3,407.61,440.48,89.22,202.76,-1,-1,-1,-1
179,3,413.71,441.83,89.77,200.93,-1,-1,-1,-1
180,3,415.66,442.09,90.37,200.28,-1,-1,-1,-1
181,3,421.14,441.85,90.37,201.62,-1,-1,-1,-1
182,3,426.19,442.98,85.55,199.09,-1,-1,-1,-1
183,3,430.49,441.87,89.15,201.34,-1,-1,-1,-1
184,3,432.61,441.79,88.85,200.58,-1,-1,-1,-1
185,3,438.12,440.55,90.89,202.76,-1,-1,-1,-1
186,3,444.44,441.57,91.24,202.06,-1,-1,-1,-1
187,3,448.25,441.36,87.61,201.61,-1,-1,-1,-1
188,3,453.28,441.97,89.11,201.36,-1,-1,-1,-1
189,3,455.83,441.25,89.05,201.92,-1,-1,-1,-1
190,3,461.70,441.50,90.22,202.09,-1,-1,-1,-1
191,3,465.47,441.70,86.55,200.80,-1,-1,-1,-1
192,3,468.40,440.81,91.96,202.72,-1,-1,-1,-1
193,3,469.81,440.81,95.08,202.80,-1,-1,-1,-1
194,3,477.75,441.06,90.48,202.44,-1,-1,-1,-1
195,3,481.74,442.17,87.56,200.78,-1,-1,-1,-1
196,3,487.93,441.36,87.48,201.69,-1,-1,-1,-1
197,3,489.54,441.84,88.38,201.17,-1,-1,-1,-1
198,3,494.75,440.85,90.62,202.63,-1,-1,-1,-1
199,3,495.66,440.43,91.94,203.67,-1,-1,-1,-1
200,3,505.19,440.97,87.71,202.74,-1,-1,-1,-1
201,3,509.97,441.37,90.09,202.30,-1,-1,-1,-1
202,3,513.44,442.30,87.08,200.47,-1,-1,-1,-1
203,3,519.75,441.06,87.47,202.65,-1,-1,-1,-1
204,3,520.84,441.60,89.46,201.86,-1,-1,-1,-1
205,3,527.80,441.36,88.23,201.46,-1,-1,-1,-1
206,3,527.86,440.49,91.14,203.33,-1,-1,-1,-1
207,3,535.33,440.42,89.46,202.97,-1,-1,-1,-1
208,3,539.72,441.46,93.08,202.58,-1,-1,-1,-1
209,3,543.06,440.72,89.71,203.40,-1,-1,-1,-1
210,3,551.11,441.15,87.26,202.52,-1,-1,-1,-1
211,3,552.88,441.30,88.67,202.11,-1,-1,-1,-1
212,3,557.74,440.97,90.21,203.02,-1,-1,-1,-1
213,3,559.64,440.94,90.69,202.05,-1,-1,-1,-1
214,3,565.69,439.72,90.19,204.73,-1,-1,-1,-1
215,3,571.71,441.67,92.33,202.19,-1,-1,-1,-1
216,3,575.56,440.90,88.70,202.37,-1,-1,-1,-1
217,3,580.06,441.99,90.71,201.65,-1,-1,-1,-1
218,3,582.79,440.38,91.02,204.04,-1,-1,-1,-1
219,3,589.29,440.88,90.27,203.40,-1,-1,-1,-1
220,3,590.69,441.35,91.79,201.55,-1,-1,-1,-1
221,3,594.70,440.68,94.55,204.60,-1,-1,-1,-1
222,3,601.20,441.47,87.67,202.80,-1,-1,-1,-1
223,3,603.71,440.72,94.20,204.76,-1,-1,-1,-1
224,3,607.01,441.13,92.12,203.56,-1,-1,-1,-1
225,3,614.00,440.82,91.16,203.62,-1,-1,-1,-1
226,3,619.47,441.75,92.44,202.20,-1,-1,-1,-1
227,3,622.93,441.00,90.11,202.21,-1,-1,-1,-1
228,3,623.27,440.12,92.45,205.37,-1,-1,-1,-1
229,3,631.62,439.92,89.84,205.96,-1,-1,-1,-1
230,3,636.98,441.10,91.69,203.15,-1,-1,-1,-1
231,3,640.69,441.39,88.22,202.48,-1,-1,-1,-1
232,3,646.04,441.12,89.09,203.12,-1,-1,-1,-1
233,3,647.93,441.10,91.02,202.93,-1,-1,-1,-1
234,3,654.16,440.74,90.32,203.07,-1,-1,-1,-1
235,3,654.51,440.49,93.19,204.31,-1,-1,-1,-1
236,3,662.96,440.15,90.04,203.86,-1,-1,-1,-1
237,3,667.77,441.51,92.65,202.97,-1,-1,-1,-1
238,3,671.46,440.78,89.65,203.69,-1,-1,-1,-1
239,3,676.34,442.08,90.32,202.56,-1,-1,-1,-1
240,3,680.99,441.32,88.05,202.71,-1,-1,-1,-1
241,3,685.29,441.33,90.60,202.70,-1,-1,-1,-1
242,3,685.94,441.03,92.54,203.30,-1,-1,-1,-1
243,3,694.04,440.19,90.17,204.57,-1,-1,-1,-1
244,3,695.39,440.47,92.13,206.24,-1,-1,-1,-1
245,3,702.17,441.13,91.54,202.66,-1,-1,-1,-1
246,3,703.02,441.46,92.67,203.80,-1,-1,-1,-1
247,3,710.81,440.64,89.29,203.70,-1,-1,-1,-1
248,3,715.78,441.83,92.28,202.03,-1,-1,-1,-1
249,3,719.59,440.14,89.06,204.40,-1,-1,-1,-1
250,3,723.36,440.57,92.89,204.91,-1,-1,-1,-1
