2,1,921.26,439.32,103.24,208.94,-1,-1,-1,-1
3,1,931.50,448.83,98.98,207.42,-1,-1,-1,-1
4,1,947.21,455.17,96.41,209.45,-1,-1,-1,-1
5,1,954.69,477.32,98.30,211.84,-1,-1,-1,-1
6,1,964.33,480.37,96.33,208.23,-1,-1,-1,-1
7,1,968.64,485.30,104.71,213.67,-1,-1,-1,-1
8,1,987.40,502.52,95.55,209.08,-1,-1,-1,-1
9,1,995.31,509.07,95.87,212.49,-1,-1,-1,-1
10,1,1002.19,517.71,99.51,212.25,-1,-1,-1,-1
11,1,1010.12,520.39,98.56,209.49,-1,-1,-1,-1
12,1,1019.45,541.84,98.62,212.15,-1,-1,-1,-1
13,1,1028.60,547.82,95.14,214.00,-1,-1,-1,-1
14,1,1035.77,548.97,98.57,213.38,-1,-1,-1,-1
15,1,1044.72,566.26,95.05,212.01,-1,-1,-1,-1
16,1,1053.75,573.79,94.26,213.97,-1,-1,-1,-1
17,1,1063.50,575.17,89.09,211.44,-1,-1,-1,-1
18,1,1069.82,596.00,92.09,214.28,-1,-1,-1,-1
19,1,1079.59,599.31,88.51,210.10,-1,-1,-1,-1
20,1,1078.47,613.12,93.15,211.54,-1,-1,-1,-1
21,1,1086.62,623.59,91.90,206.86,-1,-1,-1,-1
22,1,1094.77,636.63,90.44,213.03,-1,-1,-1,-1
23,1,1102.87,639.35,88.49,209.20,-1,-1,-1,-1
24,1,1103.04,648.01,91.63,205.51,-1,-1,-1,-1
25,1,1110.83,654.05,88.21,211.16,-1,-1,-1,-1
26,1,1112.52,663.60,87.16,206.71,-1,-1,-1,-1
27,1,1111.10,673.11,90.20,204.16,-1,-1,-1,-1
28,1,1111.36,679.36,90.96,207.80,-1,-1,-1,-1
29,1,1121.07,688.74,85.85,207.33,-1,-1,-1,-1
30,1,1120.85,697.41,86.62,206.60,-1,-1,-1,-1
31,1,1120.44,706.57,87.61,200.47,-1,-1,-1,-1
32,1,1120.82,712.57,87.71,206.40,-1,-1,-1,-1
33,1,1121.60,721.89,86.45,206.24,-1,-1,-1,-1
34,1,1121.08,729.67,87.36,201.99,-1,-1,-1,-1
35,1,1121.16,738.18,86.99,205.72,-1,-1,-1,-1
36,1,1120.06,745.72,86.44,205.27,-1,-1,-1,-1
37,1,1112.10,752.93,89.66,203.80,-1,-1,-1,-1
38,1,1111.81,745.82,88.65,206.05,-1,-1,-1,-1
39,1,1111.49,752.64,87.92,208.14,-1,-1,-1,-1
40,1,1110.82,760.82,87.23,204.35,-1,-1,-1,-1
41,1,1102.95,769.16,88.98,202.80,-1,-1,-1,-1
42,1,1095.21,767.20,91.50,211.29,-1,-1,-1,-1
43,1,1094.74,784.89,89.11,203.43,-1,-1,-1,-1
44,1,1086.81,784.41,91.53,208.93,-1,-1,-1,-1
45,1,1079.13,792.39,91.02,204.85,-1,-1,-1,-1
46,1,1078.86,791.84,87.90,205.28,-1,-1,-1,-1
47,1,1072.20,800.78,85.64,207.54,-1,-1,-1,-1
48,1,1065.30,801.42,84.87,203.41,-1,-1,-1,-1
49,1,1056.26,802.00,87.87,205.68,-1,-1,-1,-1
50,1,1046.62,808.34,90.79,205.27,-1,-1,-1,-1
51,1,1037.68,807.26,92.25,209.82,-1,-1,-1,-1
52,1,1031.52,808.78,88.28,208.65,-1,-1,-1,-1
53,1,1022.89,824.42,89.79,205.20,-1,-1,-1,-1
54,1,1014.16,816.31,90.19,208.31,-1,-1,-1,-1
55,1,999.60,822.80,90.55,209.84,-1,-1,-1,-1
56,1,993.19,826.15,87.94,205.95,-1,-1,-1,-1
57,1,985.12,825.01,86.27,206.08,-1,-1,-1,-1
58,1,976.25,823.61,89.19,207.18,-1,-1,-1,-1
59,1,968.78,824.25,85.98,209.14,-1,-1,-1,-1
60,1,959.36,831.86,87.68,209.22,-1,-1,-1,-1
61,1,950.19,831.52,88.93,211.23,-1,-1,-1,-1
62,1,936.95,833.75,87.10,204.20,-1,-1,-1,-1
63,1,926.76,839.86,91.53,206.58,-1,-1,-1,-1
64,1,919.58,833.00,87.53,206.08,-1,-1,-1,-1
65,1,905.25,841.85,87.44,201.92,-1,-1,-1,-1
66,1,896.14,840.66,89.63,205.03,-1,-1,-1,-1
67,1,887.63,832.37,89.20,208.93,-1,-1,-1,-1
68,1,878.42,825.89,90.41,207.26,-1,-1,-1,-1
69,1,871.60,826.74,86.59,205.25,-1,-1,-1,-1
70,1,854.86,826.66,91.29,203.88,-1,-1,-1,-1
71,1,847.99,832.75,89.81,206.46,-1,-1,-1,-1
72,1,841.18,827.56,86.62,203.97,-1,-1,-1,-1
73,1,832.24,824.72,88.62,204.05,-1,-1,-1,-1
74,1,822.91,818.90,89.50,200.48,-1,-1,-1,-1
75,1,814.84,810.16,88.85,203.70,-1,-1,-1,-1
76,1,808.51,811.38,86.19,201.09,-1,-1,-1,-1
77,1,800.60,804.90,85.77,200.47,-1,-1,-1,-1
78,1,789.66,809.90,91.16,205.16,-1,-1,-1,-1
79,1,783.54,802.60,88.19,205.51,-1,-1,-1,-1
80,1,777.78,801.36,85.25,206.18,-1,-1,-1,-1
81,1,768.60,793.28,88.74,205.85,-1,-1,-1,-1
82,1,758.73,792.71,91.26,206.47,-1,-1,-1,-1
83,1,757.08,784.10,91.87,205.76,-1,-1,-1,-1
84,1,750.83,776.04,90.41,207.05,-1,-1,-1,-1
85,1,744.89,777.31,88.22,203.26,-1,-1,-1,-1
86,1,745.10,768.88,85.48,207.73,-1,-1,-1,-1
87,1,737.10,770.93,87.50,204.93,-1,-1,-1,-1
88,1,735.44,770.58,87.87,199.80,-1,-1,-1,-1
89,1,729.36,762.72,87.18,200.72,-1,-1,-1,-1
90,1,727.70,745.16,89.76,203.71,-1,-1,-1,-1
91,1,726.31,744.79,90.25,206.28,-1,-1,-1,-1
92,1,726.65,729.80,88.40,205.69,-1,-1,-1,-1
93,1,718.24,737.65,93.10,201.73,-1,-1,-1,-1
94,1,718.66,723.36,92.38,199.85,-1,-1,-1,-1
95,1,719.40,714.21,91.53,204.46,-1,-1,-1,-1
96,1,719.99,715.22,90.24,199.75,-1,-1,-1,-1
97,1,727.76,707.55,85.81,201.19,-1,-1,-1,-1
98,1,727.83,698.67,87.31,203.68,-1,-1,-1,-1
99,1,727.53,681.12,88.54,204.23,-1,-1,-1,-1
100,1,728.55,682.99,87.26,199.99,-1,-1,-1,-1
101,1,737.08,675.87,83.83,197.83,-1,-1,-1,-1
102,1,734.42,656.85,91.98,204.17,-1,-1,-1,-1
103,1,735.41,648.33,91.39,207.26,-1,-1,-1,-1
104,1,744.52,647.68,87.23,207.06,-1,-1,-1,-1
105,1,752.65,641.68,84.28,202.42,-1,-1,-1,-1
106,1,749.87,624.59,93.92,208.01,-1,-1,-1,-1
107,1,757.63,607.42,92.61,210.13,-1,-1,-1,-1
108,1,768.13,599.00,86.32,210.37,-1,-1,-1,-1
109,1,774.28,597.81,88.36,212.94,-1,-1,-1,-1
110,1,774.62,590.41,91.32,212.66,-1,-1,-1,-1
111,1,779.40,574.04,98.33,212.13,-1,-1,-1,-1
112,1,788.70,566.36,94.81,211.29,-1,-1,-1,-1
113,1,796.55,566.67,95.47,210.51,-1,-1,-1,-1
114,1,802.52,542.71,97.80,210.12,-1,-1,-1,-1
115,1,811.58,534.90,98.21,211.58,-1,-1,-1,-1
116,1,818.01,533.65,99.22,212.37,-1,-1,-1,-1
117,1,834.43,517.13,96.04,212.37,-1,-1,-1,-1
118,1,835.82,512.48,98.18,207.67,-1,-1,-1,-1
119,1,851.16,502.75,96.58,211.94,-1,-1,-1,-1
120,1,859.26,496.93,96.99,208.62,-1,-1,-1,-1
121,1,866.44,487.22,98.52,211.01,-1,-1,-1,-1
122,1,874.00,469.88,101.55,210.77,-1,-1,-1,-1
123,1,882.83,455.66,100.09,207.45,-1,-1,-1,-1
124,1,896.95,447.56,100.12,211.33,-1,-1,-1,-1
125,1,906.69,448.45,98.36,207.80,-1,-1,-1,-1
126,1,913.07,441.33,101.87,206.21,-1,-1,-1,-1
127,1,928.91,424.30,99.42,208.85,-1,-1,-1,-1
128,1,936.84,408.14,101.33,209.64,-1,-1,-1,-1
129,1,946.91,408.81,97.63,206.88,-1,-1,-1,-1
130,1,952.13,392.42,104.17,206.12,-1,-1,-1,-1
131,1,962.10,392.61,101.14,204.55,-1,-1,-1,-1
132,1,973.54,370.64,106.01,205.71,-1,-1,-1,-1
133,1,981.77,357.93,107.10,209.80,-1,-1,-1,-1
134,1,992.64,360.03,102.37,205.22,-1,-1,-1,-1
135,1,1000.45,344.39,103.05,206.56,-1,-1,-1,-1
136,1,1003.96,328.64,111.95,209.10,-1,-1,-1,-1
137,1,1013.49,330.58,108.68,205.34,-1,-1,-1,-1
138,1,1024.18,311.74,105.16,209.65,-1,-1,-1,-1
139,1,1030.93,301.99,106.38,210.11,-1,-1,-1,-1
140,1,1036.97,291.28,110.00,215.65,-1,-1,-1,-1
141,1,1047.09,287.22,105.86,210.61,-1,-1,-1,-1
142,1,1053.76,284.45,106.88,213.10,-1,-1,-1,-1
143,1,1063.56,276.58,104.27,212.99,-1,-1,-1,-1
144,1,1070.71,262.81,105.04,213.26,-1,-1,-1,-1
145,1,1064.47,252.16,119.14,214.83,-1,-1,-1,-1
146,1,1076.83,243.95,110.29,214.48,-1,-1,-1,-1
147,1,1085.33,222.36,108.40,214.49,-1,-1,-1,-1
148,1,1084.63,214.18,111.85,212.57,-1,-1,-1,-1
149,1,1093.26,206.20,108.53,214.36,-1,-1,-1,-1
150,1,1094.84,197.88,107.61,213.71,-1,-1,-1,-1
151,1,1101.95,196.46,106.40,215.21,-1,-1,-1,-1
152,1,1101.18,181.53,110.20,214.63,-1,-1,-1,-1
153,1,1102.15,182.54,108.85,213.31,-1,-1,-1,-1
154,1,1110.83,172.07,104.91,214.93,-1,-1,-1,-1
155,1,1114.49,158.43,98.75,212.59,-1,-1,-1,-1
156,1,1115.30,157.16,97.49,211.90,-1,-1,-1,-1
157,1,1115.61,155.62,96.51,214.19,-1,-1,-1,-1
158,1,1112.93,141.98,101.56,213.46,-1,-1,-1,-1
159,1,1113.28,140.84,101.24,212.58,-1,-1,-1,-1
160,1,1111.69,126.40,103.84,211.83,-1,-1,-1,-1
161,1,1112.50,124.00,100.89,213.69,-1,-1,-1,-1
162,1,1101.58,118.18,108.85,212.68,-1,-1,-1,-1
163,1,1100.85,109.26,108.08,215.38,-1,-1,-1,-1
164,1,1101.76,102.73,106.56,212.40,-1,-1,-1,-1
165,1,1095.94,95.81,104.73,210.09,-1,-1,-1,-1
166,1,1089.20,96.13,103.14,209.89,-1,-1,-1,-1
167,1,1090.59,93.71,98.28,209.51,-1,-1,-1,-1
168,1,1089.05,79.88,99.60,207.33,-1,-1,-1,-1
169,1,1080.38,71.27,102.57,210.38,-1,-1,-1,-1
170,1,1073.17,78.06,101.03,210.13,-1,-1,-1,-1
171,1,1065.40,70.77,103.14,207.67,-1,-1,-1,-1
172,1,1058.39,64.02,100.81,207.08,-1,-1,-1,-1
173,1,1058.42,56.19,98.35,208.93,-1,-1,-1,-1
174,1,1049.54,54.73,100.22,212.10,-1,-1,-1,-1
175,1,1040.91,56.25,101.29,210.37,-1,-1,-1,-1
176,1,1032.51,47.38,102.75,207.37,-1,-1,-1,-1
177,1,1026.10,47.60,99.77,205.30,-1,-1,-1,-1
178,1,1017.28,53.35,99.97,209.87,-1,-1,-1,-1
179,1,1008.88,40.81,100.51,206.66,-1,-1,-1,-1
180,1,995.22,41.94,98.84,206.45,-1,-1,-1,-1
181,1,987.20,33.18,99.57,207.46,-1,-1,-1,-1
182,1,979.64,41.42,96.15,207.36,-1,-1,-1,-1
183,1,971.42,32.64,97.81,206.93,-1,-1,-1,-1
184,1,965.30,32.06,92.41,205.86,-1,-1,-1,-1
185,1,955.33,34.33,94.68,205.61,-1,-1,-1,-1
186,1,939.88,42.51,98.06,201.45,-1,-1,-1,-1
187,1,933.34,31.93,92.98,206.08,-1,-1,-1,-1
188,1,924.24,33.77,95.35,204.97,-1,-1,-1,-1
189,1,916.76,33.85,92.69,207.12,-1,-1,-1,-1
190,1,900.87,32.18,94.96,204.42,-1,-1,-1,-1
191,1,894.74,32.91,91.67,203.43,-1,-1,-1,-1
192,1,885.05,32.77,93.45,204.15,-1,-1,-1,-1
193,1,876.96,32.31,92.45,205.77,-1,-1,-1,-1
194,1,869.31,34.14,91.67,202.29,-1,-1,-1,-1
195,1,853.93,41.01,92.89,204.98,-1,-1,-1,-1
196,1,843.16,47.89,98.48,205.93,-1,-1,-1,-1
197,1,834.45,46.41,98.67,208.18,-1,-1,-1,-1
198,1,827.22,40.67,97.54,205.67,-1,-1,-1,-1
199,1,819.38,40.75,96.02,206.79,-1,-1,-1,-1
200,1,801.94,49.97,101.79,205.72,-1,-1,-1,-1
201,1,802.61,49.31,97.26,203.98,-1,-1,-1,-1
202,1,786.13,58.75,101.22,204.62,-1,-1,-1,-1
203,1,785.45,63.67,99.00,206.69,-1,-1,-1,-1
204,1,768.38,64.32,104.69,205.75,-1,-1,-1,-1
205,1,767.99,65.04,103.09,208.31,-1,-1,-1,-1
206,1,760.12,71.04,103.53,212.37,-1,-1,-1,-1
207,1,752.16,78.34,102.55,208.18,-1,-1,-1,-1
208,1,742.99,85.39,107.08,211.26,-1,-1,-1,-1
209,1,743.57,85.24,103.20,210.89,-1,-1,-1,-1
210,1,737.58,86.51,101.17,208.18,-1,-1,-1,-1
211,1,736.04,101.69,102.82,212.25,-1,-1,-1,-1
212,1,727.34,102.72,104.92,212.35,-1,-1,-1,-1
213,1,718.00,101.18,109.50,212.65,-1,-1,-1,-1
214,1,719.19,117.36,106.03,211.53,-1,-1,-1,-1
215,1,716.93,116.23,108.33,217.95,-1,-1,-1,-1
216,1,717.29,115.78,107.54,217.02,-1,-1,-1,-1
217,1,711.00,130.98,106.91,216.00,-1,-1,-1,-1
218,1,710.89,138.04,105.98,217.40,-1,-1,-1,-1
219,1,710.62,148.41,107.36,215.58,-1,-1,-1,-1
220,1,710.98,153.30,106.08,218.69,-1,-1,-1,-1
221,1,710.48,161.78,107.65,217.71,-1,-1,-1,-1
222,1,709.88,161.87,109.00,218.56,-1,-1,-1,-1
223,1,717.17,177.61,107.48,218.09,-1,-1,-1,-1
224,1,714.53,171.13,113.02,220.29,-1,-1,-1,-1
225,1,716.31,194.12,110.48,217.53,-1,-1,-1,-1
226,1,709.53,195.06,124.89,217.19,-1,-1,-1,-1
227,1,719.54,204.55,120.89,216.07,-1,-1,-1,-1
228,1,724.36,215.12,111.71,212.56,-1,-1,-1,-1
229,1,730.63,214.25,113.87,214.79,-1,-1,-1,-1
230,1,730.21,221.63,116.32,212.53,-1,-1,-1,-1
231,1,739.93,227.92,112.03,214.00,-1,-1,-1,-1
232,1,744.79,249.75,117.21,218.88,-1,-1,-1,-1
233,1,737.17,242.23,134.07,221.43,-1,-1,-1,-1
234,1,753.90,259.00,117.15,215.85,-1,-1,-1,-1
235,1,759.34,263.75,119.74,223.61,-1,-1,-1,-1
236,1,775.10,284.52,105.85,215.75,-1,-1,-1,-1
237,1,782.58,292.76,106.02,213.31,-1,-1,-1,-1
238,1,789.00,297.95,110.48,218.95,-1,-1,-1,-1
239,1,796.96,308.81,109.08,215.64,-1,-1,-1,-1
240,1,806.51,326.17,106.74,210.14,-1,-1,-1,-1
241,1,816.21,341.81,103.99,209.63,-1,-1,-1,-1
242,1,824.09,341.61,117.80,215.02,-1,-1,-1,-1
243,1,838.13,356.91,106.13,212.49,-1,-1,-1,-1
244,1,846.01,366.58,105.56,208.80,-1,-1,-1,-1
245,1,851.86,357.54,110.97,215.09,-1,-1,-1,-1
246,1,863.73,375.78,103.90,207.91,-1,-1,-1,-1
247,1,872.29,385.66,104.71,206.32,-1,-1,-1,-1
248,1,881.70,399.26,102.00,209.78,-1,-1,-1,-1
249,1,899.63,407.67,95.37,207.28,-1,-1,-1,-1
250,1,905.09,423.02,101.29,210.75,-1,-1,-1,-1
2,2,1094.38,778.69,73.96,205.22,-1,-1,-1,-1
3,2,1087.93,779.26,72.07,204.46,-1,-1,-1,-1
4,2,1079.33,794.41,74.79,201.40,-1,-1,-1,-1
5,2,1079.33,793.29,72.10,202.07,-1,-1,-1,-1
6,2,1070.79,801.18,73.10,201.29,-1,-1,-1,-1
7,2,1062.15,802.15,76.29,203.77,-1,-1,-1,-1
8,2,1056.86,801.85,71.72,201.93,-1,-1,-1,-1
9,2,1047.01,803.16,75.61,204.64,-1,-1,-1,-1
10,2,1041.07,818.50,72.08,199.76,-1,-1,-1,-1
11,2,1031.08,825.94,75.36,200.64,-1,-1,-1,-1
12,2,1024.37,818.36,73.31,200.96,-1,-1,-1,-1
13,2,1013.94,825.26,77.63,201.99,-1,-1,-1,-1
14,2,1006.34,825.80,76.08,201.59,-1,-1,-1,-1
15,2,997.29,826.39,77.70,204.45,-1,-1,-1,-1
16,2,989.77,826.23,75.14,202.75,-1,-1,-1,-1
17,2,981.36,840.20,76.84,203.25,-1,-1,-1,-1
18,2,972.82,826.66,75.88,202.32,-1,-1,-1,-1
19,2,957.64,839.58,77.82,204.40,-1,-1,-1,-1
20,2,951.09,833.38,75.08,204.97,-1,-1,-1,-1
21,2,943.02,834.58,73.73,203.90,-1,-1,-1,-1
22,2,932.53,840.98,77.73,204.17,-1,-1,-1,-1
23,2,918.70,841.16,76.45,202.63,-1,-1,-1,-1
24,2,910.42,841.03,76.32,204.64,-1,-1,-1,-1
25,2,901.55,834.61,77.89,202.47,-1,-1,-1,-1
26,2,892.47,827.62,77.60,202.65,-1,-1,-1,-1
27,2,883.91,841.27,78.29,204.32,-1,-1,-1,-1
28,2,869.42,841.98,78.39,201.58,-1,-1,-1,-1
29,2,862.44,841.15,74.75,202.08,-1,-1,-1,-1
30,2,853.51,841.08,76.81,202.47,-1,-1,-1,-1
31,2,844.46,827.43,77.36,200.24,-1,-1,-1,-1
32,2,836.16,825.96,78.03,205.36,-1,-1,-1,-1
33,2,821.71,818.80,77.99,202.19,-1,-1,-1,-1
34,2,815.59,832.47,74.80,202.80,-1,-1,-1,-1
35,2,804.80,825.54,79.57,201.22,-1,-1,-1,-1
36,2,798.41,818.19,75.76,200.63,-1,-1,-1,-1
37,2,789.23,818.37,78.28,204.33,-1,-1,-1,-1
38,2,781.37,810.29,77.65,200.63,-1,-1,-1,-1
39,2,772.40,811.04,80.27,205.14,-1,-1,-1,-1
40,2,766.29,809.00,76.90,203.04,-1,-1,-1,-1
41,2,757.80,800.85,78.55,203.38,-1,-1,-1,-1
42,2,755.72,793.96,79.32,205.20,-1,-1,-1,-1
43,2,749.22,785.67,77.37,200.59,-1,-1,-1,-1
44,2,740.64,793.28,79.96,202.94,-1,-1,-1,-1
45,2,739.80,778.20,78.90,202.90,-1,-1,-1,-1
46,2,732.97,778.50,77.12,201.78,-1,-1,-1,-1
47,2,732.45,777.90,76.55,200.77,-1,-1,-1,-1
48,2,725.13,763.24,79.06,198.56,-1,-1,-1,-1
49,2,726.16,754.62,74.56,202.05,-1,-1,-1,-1
50,2,725.50,754.44,74.46,200.37,-1,-1,-1,-1
51,2,717.62,747.69,76.74,198.20,-1,-1,-1,-1
52,2,717.08,746.87,76.94,199.57,-1,-1,-1,-1
53,2,717.27,739.53,75.68,202.46,-1,-1,-1,-1
54,2,716.88,732.16,76.28,202.18,-1,-1,-1,-1
55,2,717.61,730.98,74.74,198.86,-1,-1,-1,-1
56,2,717.80,714.52,74.37,199.90,-1,-1,-1,-1
57,2,719.45,699.18,71.85,202.27,-1,-1,-1,-1
58,2,720.41,690.61,70.49,202.50,-1,-1,-1,-1
59,2,720.02,697.63,71.74,201.34,-1,-1,-1,-1
60,2,721.57,690.06,70.80,201.72,-1,-1,-1,-1
61,2,726.03,673.86,75.32,204.43,-1,-1,-1,-1
62,2,726.10,666.55,76.54,205.20,-1,-1,-1,-1
63,2,732.95,658.02,75.80,201.75,-1,-1,-1,-1
64,2,734.66,642.43,75.03,204.74,-1,-1,-1,-1
65,2,741.63,642.19,75.16,206.59,-1,-1,-1,-1
66,2,741.46,626.02,78.69,203.65,-1,-1,-1,-1
67,2,749.59,625.56,76.49,204.08,-1,-1,-1,-1
68,2,755.80,616.90,79.18,207.06,-1,-1,-1,-1
69,2,756.72,601.20,80.31,203.78,-1,-1,-1,-1
70,2,763.83,586.05,80.60,206.81,-1,-1,-1,-1
71,2,770.47,584.01,83.02,206.75,-1,-1,-1,-1
72,2,778.57,570.73,81.74,202.06,-1,-1,-1,-1
73,2,786.70,561.39,81.96,204.80,-1,-1,-1,-1
74,2,794.40,554.63,82.19,203.75,-1,-1,-1,-1
75,2,801.39,545.05,84.63,202.49,-1,-1,-1,-1
76,2,811.33,544.78,81.49,202.09,-1,-1,-1,-1
77,2,818.53,537.61,82.79,201.88,-1,-1,-1,-1
78,2,829.36,520.09,78.78,203.82,-1,-1,-1,-1
79,2,840.81,505.37,83.89,209.41,-1,-1,-1,-1
80,2,849.75,502.83,82.68,205.83,-1,-1,-1,-1
81,2,858.33,495.07,81.33,205.39,-1,-1,-1,-1
82,2,865.55,480.59,84.73,205.61,-1,-1,-1,-1
83,2,875.62,463.28,82.15,206.94,-1,-1,-1,-1
84,2,883.85,457.54,81.69,204.36,-1,-1,-1,-1
85,2,897.38,457.90,83.71,203.90,-1,-1,-1,-1
86,2,907.33,447.88,80.56,205.18,-1,-1,-1,-1
87,2,914.32,432.81,83.43,204.58,-1,-1,-1,-1
88,2,924.58,415.72,79.98,206.34,-1,-1,-1,-1
89,2,937.99,417.34,81.80,203.45,-1,-1,-1,-1
90,2,943.43,399.18,87.83,206.78,-1,-1,-1,-1
91,2,956.26,384.44,79.36,205.33,-1,-1,-1,-1
92,2,962.43,378.65,84.09,205.08,-1,-1,-1,-1
93,2,972.20,368.66,81.73,207.75,-1,-1,-1,-1
94,2,988.63,351.80,77.79,207.47,-1,-1,-1,-1
95,2,994.96,345.96,80.97,202.98,-1,-1,-1,-1
96,2,1005.54,338.01,77.77,205.70,-1,-1,-1,-1
97,2,1009.26,327.95,85.32,206.28,-1,-1,-1,-1
98,2,1020.85,327.69,78.75,205.16,-1,-1,-1,-1
99,2,1024.90,304.89,85.99,206.78,-1,-1,-1,-1
100,2,1035.46,307.32,81.94,204.36,-1,-1,-1,-1
101,2,1040.10,296.43,87.12,206.12,-1,-1,-1,-1
102,2,1050.26,286.89,83.55,207.51,-1,-1,-1,-1
103,2,1052.08,271.63,94.47,210.43,-1,-1,-1,-1
104,2,1056.90,256.12,87.98,207.49,-1,-1,-1,-1
105,2,1064.43,255.75,88.27,209.05,-1,-1,-1,-1
106,2,1069.91,240.99,91.09,207.90,-1,-1,-1,-1
107,2,1072.70,233.28,88.08,204.85,-1,-1,-1,-1
108,2,1080.03,216.52,88.81,209.93,-1,-1,-1,-1
109,2,1086.08,222.08,90.83,208.51,-1,-1,-1,-1
110,2,1088.22,200.11,88.54,211.38,-1,-1,-1,-1
111,2,1095.54,198.82,88.35,206.12,-1,-1,-1,-1
112,2,1096.78,190.90,87.89,206.94,-1,-1,-1,-1
113,2,1102.01,182.97,90.13,208.67,-1,-1,-1,-1
114,2,1101.85,176.09,90.80,210.65,-1,-1,-1,-1
115,2,1102.60,167.68,90.10,206.78,-1,-1,-1,-1
116,2,1103.28,167.36,88.63,206.68,-1,-1,-1,-1
117,2,1104.26,153.87,86.86,205.82,-1,-1,-1,-1
118,2,1103.77,152.35,88.09,204.70,-1,-1,-1,-1
119,2,1103.25,138.02,88.93,204.94,-1,-1,-1,-1
120,2,1104.27,130.21,86.91,205.63,-1,-1,-1,-1
121,2,1104.60,128.45,85.55,204.06,-1,-1,-1,-1
122,2,1104.49,121.50,85.05,207.26,-1,-1,-1,-1
123,2,1100.28,111.66,81.29,207.30,-1,-1,-1,-1
124,2,1098.76,112.39,81.75,204.71,-1,-1,-1,-1
125,2,1091.60,99.73,82.68,203.69,-1,-1,-1,-1
126,2,1090.19,97.21,82.48,204.03,-1,-1,-1,-1
127,2,1084.87,96.29,80.09,205.20,-1,-1,-1,-1
128,2,1083.30,90.79,79.93,202.92,-1,-1,-1,-1
129,2,1074.67,82.93,82.31,203.99,-1,-1,-1,-1
130,2,1073.54,74.05,82.98,207.72,-1,-1,-1,-1
131,2,1066.44,78.98,81.66,206.86,-1,-1,-1,-1
132,2,1059.01,65.81,80.73,205.83,-1,-1,-1,-1
133,2,1050.66,72.35,83.25,205.07,-1,-1,-1,-1
134,2,1041.29,66.44,85.51,206.97,-1,-1,-1,-1
135,2,1035.96,58.80,81.54,206.45,-1,-1,-1,-1
136,2,1027.03,62.69,82.32,206.25,-1,-1,-1,-1
137,2,1025.48,51.21,82.58,205.83,-1,-1,-1,-1
138,2,1010.06,54.54,84.10,206.67,-1,-1,-1,-1
139,2,1002.97,50.26,81.88,206.32,-1,-1,-1,-1
140,2,994.81,41.89,81.29,206.39,-1,-1,-1,-1
141,2,986.77,39.55,81.16,205.63,-1,-1,-1,-1
142,2,979.13,32.83,80.29,207.12,-1,-1,-1,-1
143,2,964.85,38.91,80.30,206.61,-1,-1,-1,-1
144,2,956.63,41.17,79.23,208.56,-1,-1,-1,-1
145,2,946.29,41.42,81.94,208.09,-1,-1,-1,-1
146,2,940.55,31.50,77.64,207.81,-1,-1,-1,-1
147,2,932.26,31.09,77.64,208.10,-1,-1,-1,-1
148,2,916.05,32.90,80.58,206.78,-1,-1,-1,-1
149,2,910.10,33.14,77.22,206.53,-1,-1,-1,-1
150,2,900.00,33.32,79.30,206.47,-1,-1,-1,-1
151,2,892.98,33.27,76.08,206.18,-1,-1,-1,-1
152,2,876.67,39.30,80.49,210.26,-1,-1,-1,-1
153,2,868.17,33.37,79.86,207.74,-1,-1,-1,-1
154,2,859.97,39.13,79.01,205.34,-1,-1,-1,-1
155,2,850.11,39.75,82.14,205.52,-1,-1,-1,-1
156,2,836.70,40.02,80.67,205.46,-1,-1,-1,-1
157,2,829.17,47.35,79.63,208.19,-1,-1,-1,-1
158,2,818.21,48.70,83.22,206.61,-1,-1,-1,-1
159,2,811.24,49.85,82.76,207.48,-1,-1,-1,-1
160,2,801.06,56.83,84.58,205.47,-1,-1,-1,-1
161,2,792.59,57.41,85.94,206.17,-1,-1,-1,-1
162,2,784.24,57.16,86.31,203.97,-1,-1,-1,-1
163,2,776.95,56.77,85.50,205.01,-1,-1,-1,-1
164,2,768.99,65.37,85.15,207.19,-1,-1,-1,-1
165,2,762.11,73.35,84.16,207.33,-1,-1,-1,-1
166,2,755.95,73.51,81.48,206.52,-1,-1,-1,-1
167,2,752.23,73.62,85.70,207.08,-1,-1,-1,-1
168,2,744.06,82.10,86.83,206.87,-1,-1,-1,-1
169,2,738.05,95.26,84.32,205.46,-1,-1,-1,-1
170,2,736.54,94.98,84.95,206.57,-1,-1,-1,-1
171,2,731.06,97.80,81.14,203.21,-1,-1,-1,-1
172,2,722.57,103.22,84.31,204.99,-1,-1,-1,-1
173,2,720.98,110.88,84.97,207.12,-1,-1,-1,-1
174,2,718.94,111.47,88.35,207.20,-1,-1,-1,-1
175,2,713.62,121.36,85.38,204.03,-1,-1,-1,-1
176,2,713.75,127.80,83.48,205.07,-1,-1,-1,-1
177,2,710.56,135.22,89.39,213.03,-1,-1,-1,-1
178,2,704.55,137.02,88.47,205.27,-1,-1,-1,-1
179,2,704.56,144.68,88.38,207.19,-1,-1,-1,-1
180,2,709.22,150.36,91.60,207.88,-1,-1,-1,-1
181,2,704.43,159.80,88.35,209.28,-1,-1,-1,-1
182,2,704.68,167.00,88.05,210.42,-1,-1,-1,-1
183,2,710.25,176.59,90.13,209.79,-1,-1,-1,-1
184,2,711.09,182.78,89.23,206.53,-1,-1,-1,-1
185,2,712.02,189.86,87.87,209.05,-1,-1,-1,-1
186,2,708.79,199.01,95.30,209.55,-1,-1,-1,-1
187,2,715.12,209.18,96.24,208.14,-1,-1,-1,-1
188,2,716.81,216.50,94.07,205.62,-1,-1,-1,-1
189,2,724.67,225.53,93.50,207.00,-1,-1,-1,-1
190,2,726.51,232.58,91.20,207.08,-1,-1,-1,-1
191,2,732.65,233.52,93.79,206.81,-1,-1,-1,-1
192,2,732.08,247.19,96.39,206.15,-1,-1,-1,-1
193,2,743.66,254.88,89.38,207.51,-1,-1,-1,-1
194,2,750.47,263.45,90.19,207.78,-1,-1,-1,-1
195,2,759.55,273.24,88.20,206.12,-1,-1,-1,-1
196,2,756.81,279.38,95.21,209.03,-1,-1,-1,-1
197,2,774.77,295.72,89.20,206.48,-1,-1,-1,-1
198,2,782.92,302.79,88.52,206.76,-1,-1,-1,-1
199,2,793.90,319.99,83.19,205.07,-1,-1,-1,-1
200,2,800.59,328.91,85.91,204.90,-1,-1,-1,-1
201,2,810.62,330.31,82.00,205.66,-1,-1,-1,-1
202,2,818.30,345.11,83.19,208.69,-1,-1,-1,-1
203,2,827.75,362.73,81.39,202.68,-1,-1,-1,-1
204,2,841.36,360.07,83.46,205.43,-1,-1,-1,-1
205,2,848.22,375.60,85.41,207.87,-1,-1,-1,-1
206,2,857.86,377.93,82.31,206.01,-1,-1,-1,-1
207,2,865.31,393.18,85.13,207.49,-1,-1,-1,-1
208,2,876.28,400.65,80.96,208.28,-1,-1,-1,-1
209,2,890.64,416.41,80.19,203.07,-1,-1,-1,-1
210,2,897.27,425.02,84.36,203.87,-1,-1,-1,-1
211,2,906.30,441.14,82.63,203.18,-1,-1,-1,-1
212,2,914.88,442.48,81.93,203.79,-1,-1,-1,-1
213,2,924.30,457.15,80.66,203.47,-1,-1,-1,-1
214,2,936.16,464.72,84.79,209.66,-1,-1,-1,-1
215,2,945.40,473.38,84.09,202.08,-1,-1,-1,-1
216,2,956.07,479.99,79.84,203.86,-1,-1,-1,-1
217,2,963.60,495.87,82.12,208.56,-1,-1,-1,-1
218,2,976.21,504.11,85.29,209.95,-1,-1,-1,-1
219,2,986.46,511.38,81.53,205.49,-1,-1,-1,-1
220,2,993.37,528.31,84.94,206.88,-1,-1,-1,-1
221,2,1003.74,528.44,81.17,205.41,-1,-1,-1,-1
222,2,1010.44,537.93,82.90,207.27,-1,-1,-1,-1
223,2,1021.26,546.85,78.23,204.53,-1,-1,-1,-1
224,2,1027.37,560.94,81.43,205.42,-1,-1,-1,-1
225,2,1036.96,569.58,78.58,202.77,-1,-1,-1,-1
226,2,1044.30,576.52,79.34,203.71,-1,-1,-1,-1
227,2,1051.80,585.25,79.83,205.14,-1,-1,-1,-1
228,2,1059.35,600.18,80.93,203.04,-1,-1,-1,-1
229,2,1068.99,610.19,76.47,201.39,-1,-1,-1,-1
230,2,1076.85,609.85,76.61,204.20,-1,-1,-1,-1
231,2,1077.88,631.54,77.61,203.81,-1,-1,-1,-1
232,2,1086.66,633.93,73.86,200.82,-1,-1,-1,-1
233,2,1092.50,648.66,76.65,206.50,-1,-1,-1,-1
234,2,1094.83,657.98,75.54,204.52,-1,-1,-1,-1
235,2,1101.84,657.94,74.67,200.51,-1,-1,-1,-1
236,2,1104.29,672.53,71.81,204.84,-1,-1,-1,-1
237,2,1110.67,681.28,72.09,202.83,-1,-1,-1,-1
238,2,1111.82,682.50,72.10,203.87,-1,-1,-1,-1
239,2,1111.63,689.88,73.48,200.73,-1,-1,-1,-1
240,2,1113.06,705.21,71.76,206.58,-1,-1,-1,-1
241,2,1113.64,706.76,70.94,201.53,-1,-1,-1,-1
242,2,1113.40,713.65,71.47,203.01,-1,-1,-1,-1
243,2,1113.06,729.60,72.09,203.59,-1,-1,-1,-1
244,2,1111.83,738.27,74.24,200.13,-1,-1,-1,-1
245,2,1112.04,738.53,73.57,200.14,-1,-1,-1,-1
246,2,1111.45,737.92,74.62,202.96,-1,-1,-1,-1
247,2,1111.25,745.08,73.35,204.24,-1,-1,-1,-1
248,2,1112.95,754.59,68.51,204.50,-1,-1,-1,-1
249,2,1105.45,763.05,69.43,201.32,-1,-1,-1,-1
250,2,1102.21,769.55,73.63,200.51,-1,-1,-1,-1
