2,1,716.16,89.15,93.34,205.76,-1,-1,-1,-1
3,1,730.50,81.66,81.14,202.07,-1,-1,-1,-1
4,1,737.25,73.37,84.02,205.76,-1,-1,-1,-1
5,1,746.22,73.22,83.69,202.72,-1,-1,-1,-1
6,1,757.18,65.05,78.43,202.29,-1,-1,-1,-1
7,1,770.04,64.88,81.68,208.08,-1,-1,-1,-1
8,1,775.41,65.51,87.37,204.92,-1,-1,-1,-1
9,1,782.25,56.53,89.49,204.28,-1,-1,-1,-1
10,1,796.34,48.79,78.84,204.95,-1,-1,-1,-1
11,1,803.89,56.10,79.06,207.18,-1,-1,-1,-1
12,1,817.01,49.61,83.82,208.22,-1,-1,-1,-1
13,1,826.13,50.12,81.68,207.25,-1,-1,-1,-1
14,1,829.72,40.78,91.15,204.91,-1,-1,-1,-1
15,1,841.85,46.22,84.46,207.72,-1,-1,-1,-1
16,1,847.31,33.98,89.65,206.59,-1,-1,-1,-1
17,1,864.92,33.35,84.09,206.22,-1,-1,-1,-1
18,1,869.40,39.42,78.88,210.81,-1,-1,-1,-1
19,1,880.05,40.59,87.33,205.93,-1,-1,-1,-1
20,1,892.81,33.52,79.79,208.40,-1,-1,-1,-1
21,1,902.89,32.02,87.56,205.89,-1,-1,-1,-1
22,1,914.78,32.70,80.36,206.44,-1,-1,-1,-1
23,1,924.58,40.27,78.36,210.67,-1,-1,-1,-1
24,1,931.21,40.30,82.62,205.42,-1,-1,-1,-1
25,1,945.50,40.35,82.67,206.36,-1,-1,-1,-1
26,1,954.89,41.73,80.78,206.47,-1,-1,-1,-1
27,1,962.51,39.30,82.73,205.87,-1,-1,-1,-1
28,1,971.14,40.49,82.77,208.37,-1,-1,-1,-1
29,1,980.51,41.36,80.12,208.48,-1,-1,-1,-1
30,1,992.75,49.40,83.82,208.28,-1,-1,-1,-1
31,1,1004.31,47.98,78.18,206.52,-1,-1,-1,-1
32,1,1011.10,48.52,81.94,203.51,-1,-1,-1,-1
33,1,1019.27,47.59,82.73,205.10,-1,-1,-1,-1
34,1,1027.73,55.40,81.84,206.72,-1,-1,-1,-1
35,1,1042.44,58.40,80.66,206.31,-1,-1,-1,-1
36,1,1051.97,57.26,78.17,206.22,-1,-1,-1,-1
37,1,1060.32,62.93,78.50,205.48,-1,-1,-1,-1
38,1,1066.03,72.22,84.60,206.50,-1,-1,-1,-1
39,1,1073.98,72.51,84.38,205.09,-1,-1,-1,-1
40,1,1083.34,80.15,82.21,206.55,-1,-1,-1,-1
41,1,1091.42,88.32,82.41,209.08,-1,-1,-1,-1
42,1,1108.47,95.66,77.46,205.75,-1,-1,-1,-1
43,1,1117.18,96.92,75.96,204.32,-1,-1,-1,-1
44,1,1118.83,97.41,89.45,205.12,-1,-1,-1,-1
45,1,1130.21,98.27,82.97,204.51,-1,-1,-1,-1
46,1,1136.27,105.04,86.05,208.02,-1,-1,-1,-1
47,1,1146.67,120.18,81.36,208.14,-1,-1,-1,-1
48,1,1150.43,128.20,90.17,205.88,-1,-1,-1,-1
49,1,1159.94,129.87,87.92,205.30,-1,-1,-1,-1
50,1,1170.08,142.20,82.26,208.33,-1,-1,-1,-1
51,1,1178.83,144.68,81.40,205.81,-1,-1,-1,-1
52,1,1185.94,151.98,82.85,205.17,-1,-1,-1,-1
53,1,1195.16,160.21,79.74,206.62,-1,-1,-1,-1
54,1,1194.35,152.91,84.90,209.14,-1,-1,-1,-1
55,1,1202.18,173.22,84.36,208.76,-1,-1,-1,-1
56,1,1210.90,175.43,82.19,207.93,-1,-1,-1,-1
57,1,1216.25,189.26,87.37,208.97,-1,-1,-1,-1
58,1,1225.94,197.79,83.27,209.02,-1,-1,-1,-1
59,1,1231.42,197.86,87.60,208.60,-1,-1,-1,-1
60,1,1234.48,208.18,82.76,208.87,-1,-1,-1,-1
61,1,1241.06,222.53,86.22,206.72,-1,-1,-1,-1
62,1,1247.28,223.78,88.14,208.88,-1,-1,-1,-1
63,1,1246.91,231.72,90.73,210.08,-1,-1,-1,-1
64,1,1255.35,238.83,88.67,207.04,-1,-1,-1,-1
65,1,1256.20,246.79,88.92,209.65,-1,-1,-1,-1
66,1,1262.94,255.35,89.40,208.27,-1,-1,-1,-1
67,1,1271.25,262.49,87.47,207.51,-1,-1,-1,-1
68,1,1274.46,285.54,84.47,208.92,-1,-1,-1,-1
69,1,1278.32,294.73,89.32,207.37,-1,-1,-1,-1
70,1,1282.11,302.47,84.21,207.37,-1,-1,-1,-1
71,1,1285.53,310.93,91.26,207.89,-1,-1,-1,-1
72,1,1288.60,312.99,86.58,204.14,-1,-1,-1,-1
73,1,1295.94,318.40,86.14,207.62,-1,-1,-1,-1
74,1,1294.52,334.72,89.82,207.71,-1,-1,-1,-1
75,1,1295.14,350.55,89.33,207.39,-1,-1,-1,-1
76,1,1299.73,359.01,81.03,207.41,-1,-1,-1,-1
77,1,1296.60,361.54,88.17,205.83,-1,-1,-1,-1
78,1,1306.89,382.41,80.63,207.67,-1,-1,-1,-1
79,1,1307.75,386.13,79.27,204.86,-1,-1,-1,-1
80,1,1306.51,393.61,82.49,202.05,-1,-1,-1,-1
81,1,1306.07,401.43,84.30,206.62,-1,-1,-1,-1
82,1,1306.05,416.69,83.92,203.18,-1,-1,-1,-1
83,1,1303.60,424.38,89.49,210.57,-1,-1,-1,-1
84,1,1310.25,431.62,76.62,206.15,-1,-1,-1,-1
85,1,1312.24,440.55,72.18,208.18,-1,-1,-1,-1
86,1,1305.96,457.83,83.91,203.41,-1,-1,-1,-1
87,1,1311.53,472.29,72.82,207.19,-1,-1,-1,-1
88,1,1304.81,473.89,85.89,205.12,-1,-1,-1,-1
89,1,1304.93,481.10,85.44,204.06,-1,-1,-1,-1
90,1,1306.67,497.52,80.81,208.34,-1,-1,-1,-1
91,1,1303.35,513.00,75.14,202.70,-1,-1,-1,-1
92,1,1296.14,519.57,87.91,206.39,-1,-1,-1,-1
93,1,1297.22,521.42,85.98,208.76,-1,-1,-1,-1
94,1,1298.87,529.00,81.50,205.04,-1,-1,-1,-1
95,1,1299.98,537.67,77.95,207.00,-1,-1,-1,-1
96,1,1289.45,552.45,85.23,209.29,-1,-1,-1,-1
97,1,1291.48,567.39,78.97,206.06,-1,-1,-1,-1
98,1,1284.12,568.55,81.04,203.74,-1,-1,-1,-1
99,1,1286.86,576.64,74.69,207.98,-1,-1,-1,-1
100,1,1285.93,592.17,73.85,208.73,-1,-1,-1,-1
101,1,1276.37,600.35,78.88,207.03,-1,-1,-1,-1
102,1,1269.62,608.25,78.66,210.40,-1,-1,-1,-1
103,1,1271.48,615.46,72.78,205.19,-1,-1,-1,-1
104,1,1265.98,631.89,69.67,208.61,-1,-1,-1,-1
105,1,1261.58,641.08,74.98,206.14,-1,-1,-1,-1
106,1,1250.26,639.85,83.59,204.79,-1,-1,-1,-1
107,1,1245.33,649.16,79.58,208.76,-1,-1,-1,-1
108,1,1244.19,650.83,77.46,206.36,-1,-1,-1,-1
109,1,1233.45,664.26,84.49,209.92,-1,-1,-1,-1
110,1,1230.45,687.62,76.30,204.02,-1,-1,-1,-1
111,1,1225.81,688.89,70.69,206.99,-1,-1,-1,-1
112,1,1224.20,690.03,69.93,203.69,-1,-1,-1,-1
113,1,1218.14,704.78,66.20,202.05,-1,-1,-1,-1
114,1,1205.44,704.85,77.54,208.83,-1,-1,-1,-1
115,1,1200.81,713.20,70.05,204.11,-1,-1,-1,-1
116,1,1193.06,729.40,71.11,204.75,-1,-1,-1,-1
117,1,1184.08,731.38,73.23,203.94,-1,-1,-1,-1
118,1,1178.44,745.07,69.06,202.97,-1,-1,-1,-1
119,1,1168.01,745.76,73.55,203.50,-1,-1,-1,-1
120,1,1156.96,754.14,79.35,200.72,-1,-1,-1,-1
121,1,1149.85,762.77,78.16,203.60,-1,-1,-1,-1
122,1,1144.96,764.22,72.02,200.65,-1,-1,-1,-1
123,1,1139.02,777.41,67.27,201.62,-1,-1,-1,-1
124,1,1124.51,785.63,79.94,200.38,-1,-1,-1,-1
125,1,1119.92,779.30,72.28,201.40,-1,-1,-1,-1
126,1,1107.99,785.92,81.05,202.84,-1,-1,-1,-1
127,1,1101.84,793.43,76.45,203.39,-1,-1,-1,-1
128,1,1097.33,795.22,68.94,203.16,-1,-1,-1,-1
129,1,1086.95,795.12,72.02,203.05,-1,-1,-1,-1
130,1,1076.27,809.41,77.76,202.97,-1,-1,-1,-1
131,1,1060.45,802.39,80.27,203.79,-1,-1,-1,-1
132,1,1057.20,817.34,71.14,201.13,-1,-1,-1,-1
133,1,1045.55,810.41,77.58,201.35,-1,-1,-1,-1
134,1,1035.11,817.97,81.02,204.38,-1,-1,-1,-1
135,1,1029.76,818.15,75.92,204.11,-1,-1,-1,-1
136,1,1016.36,818.41,73.40,199.80,-1,-1,-1,-1
137,1,1005.58,825.91,77.97,201.73,-1,-1,-1,-1
138,1,997.54,818.81,77.81,205.34,-1,-1,-1,-1
139,1,988.98,826.35,76.23,203.68,-1,-1,-1,-1
140,1,980.48,826.05,77.55,203.81,-1,-1,-1,-1
141,1,967.19,833.97,74.88,202.31,-1,-1,-1,-1
142,1,959.37,833.83,73.93,203.52,-1,-1,-1,-1
143,1,951.38,832.92,73.10,203.44,-1,-1,-1,-1
144,1,944.38,835.68,69.76,202.13,-1,-1,-1,-1
145,1,929.22,842.83,71.64,202.57,-1,-1,-1,-1
146,1,916.52,841.80,79.90,200.41,-1,-1,-1,-1
147,1,906.89,833.71,81.34,203.24,-1,-1,-1,-1
148,1,899.92,842.37,78.60,202.22,-1,-1,-1,-1
149,1,885.58,833.65,78.65,203.33,-1,-1,-1,-1
150,1,878.06,841.62,75.89,202.69,-1,-1,-1,-1
151,1,867.32,843.02,80.57,201.04,-1,-1,-1,-1
152,1,861.61,828.46,74.61,201.88,-1,-1,-1,-1
153,1,848.00,834.93,73.80,203.66,-1,-1,-1,-1
154,1,838.53,834.32,76.02,200.48,-1,-1,-1,-1
155,1,828.62,826.24,78.90,202.29,-1,-1,-1,-1
156,1,823.20,818.87,73.03,204.86,-1,-1,-1,-1
157,1,814.94,826.77,71.61,198.90,-1,-1,-1,-1
158,1,796.16,818.24,81.32,202.72,-1,-1,-1,-1
159,1,787.42,818.47,82.20,200.31,-1,-1,-1,-1
160,1,785.19,826.25,68.85,200.19,-1,-1,-1,-1
161,1,769.24,812.26,83.77,202.00,-1,-1,-1,-1
162,1,763.06,801.37,79.97,202.53,-1,-1,-1,-1
163,1,756.31,802.60,66.04,202.83,-1,-1,-1,-1
164,1,746.00,802.80,70.12,204.44,-1,-1,-1,-1
165,1,735.13,795.22,73.02,200.03,-1,-1,-1,-1
166,1,722.90,786.31,82.61,201.77,-1,-1,-1,-1
167,1,718.33,793.80,73.95,201.00,-1,-1,-1,-1
168,1,710.93,786.51,73.78,201.32,-1,-1,-1,-1
169,1,698.48,770.65,81.53,205.53,-1,-1,-1,-1
170,1,693.07,777.75,77.92,200.85,-1,-1,-1,-1
171,1,679.14,770.79,76.07,202.91,-1,-1,-1,-1
172,1,680.59,762.81,69.62,203.17,-1,-1,-1,-1
173,1,670.49,754.75,73.21,200.57,-1,-1,-1,-1
174,1,662.52,746.08,74.13,203.91,-1,-1,-1,-1
175,1,654.54,737.67,73.15,201.34,-1,-1,-1,-1
176,1,643.41,729.48,80.96,201.41,-1,-1,-1,-1
177,1,641.70,722.77,67.76,203.03,-1,-1,-1,-1
178,1,628.99,713.55,78.45,204.94,-1,-1,-1,-1
179,1,626.08,705.63,68.92,202.83,-1,-1,-1,-1
180,1,616.02,698.31,73.72,205.72,-1,-1,-1,-1
181,1,610.24,689.58,81.92,205.02,-1,-1,-1,-1
182,1,607.38,688.78,71.08,202.35,-1,-1,-1,-1
183,1,598.57,680.54,74.67,206.38,-1,-1,-1,-1
184,1,591.51,673.75,74.44,205.37,-1,-1,-1,-1
185,1,581.88,672.73,77.77,203.36,-1,-1,-1,-1
186,1,583.53,657.45,71.58,205.18,-1,-1,-1,-1
187,1,572.51,648.35,79.31,204.97,-1,-1,-1,-1
188,1,567.12,633.90,75.89,204.70,-1,-1,-1,-1
189,1,567.67,625.79,72.15,207.63,-1,-1,-1,-1
190,1,558.10,618.02,76.16,207.54,-1,-1,-1,-1
191,1,557.76,610.30,74.62,202.50,-1,-1,-1,-1
192,1,549.58,608.46,76.73,205.67,-1,-1,-1,-1
193,1,545.82,593.06,82.13,207.20,-1,-1,-1,-1
194,1,542.85,578.46,74.38,204.61,-1,-1,-1,-1
195,1,539.45,570.55,78.67,203.45,-1,-1,-1,-1
196,1,530.40,560.17,83.77,208.61,-1,-1,-1,-1
197,1,529.25,558.93,84.69,207.06,-1,-1,-1,-1
198,1,529.33,543.74,83.03,206.74,-1,-1,-1,-1
199,1,524.09,538.79,79.16,202.30,-1,-1,-1,-1
200,1,525.86,523.49,75.33,204.11,-1,-1,-1,-1
201,1,514.30,512.85,85.51,204.11,-1,-1,-1,-1
202,1,519.39,505.36,75.15,202.13,-1,-1,-1,-1
203,1,511.41,496.54,89.77,204.12,-1,-1,-1,-1
204,1,516.01,495.83,79.55,203.79,-1,-1,-1,-1
205,1,513.90,473.70,83.42,209.15,-1,-1,-1,-1
206,1,516.56,472.81,77.25,206.42,-1,-1,-1,-1
207,1,515.79,456.02,79.12,205.29,-1,-1,-1,-1
208,1,518.78,448.37,72.40,207.22,-1,-1,-1,-1
209,1,508.73,431.94,80.59,207.61,-1,-1,-1,-1
210,1,512.96,424.46,84.02,204.21,-1,-1,-1,-1
211,1,515.75,417.26,78.81,209.00,-1,-1,-1,-1
212,1,513.02,409.95,83.99,205.22,-1,-1,-1,-1
213,1,513.31,393.02,83.95,206.35,-1,-1,-1,-1
214,1,512.82,393.48,85.82,204.58,-1,-1,-1,-1
215,1,514.48,384.94,82.89,203.04,-1,-1,-1,-1
216,1,515.03,368.28,82.92,208.94,-1,-1,-1,-1
217,1,521.91,354.05,82.17,203.97,-1,-1,-1,-1
218,1,520.17,352.01,86.00,204.88,-1,-1,-1,-1
219,1,522.75,345.86,81.86,202.16,-1,-1,-1,-1
220,1,528.62,322.47,85.02,206.50,-1,-1,-1,-1
221,1,524.92,312.57,92.71,209.77,-1,-1,-1,-1
222,1,526.40,305.17,90.78,206.09,-1,-1,-1,-1
223,1,525.48,295.94,93.13,206.23,-1,-1,-1,-1
224,1,535.47,280.26,88.30,210.72,-1,-1,-1,-1
225,1,534.09,271.18,92.09,208.31,-1,-1,-1,-1
226,1,531.49,263.91,97.37,208.33,-1,-1,-1,-1
227,1,542.35,263.49,91.25,206.63,-1,-1,-1,-1
228,1,547.02,247.46,96.06,208.16,-1,-1,-1,-1
229,1,549.36,238.23,93.90,213.25,-1,-1,-1,-1
230,1,556.11,231.49,95.09,212.23,-1,-1,-1,-1
231,1,565.10,225.21,91.99,209.02,-1,-1,-1,-1
232,1,565.73,215.71,92.68,206.39,-1,-1,-1,-1
233,1,573.43,207.29,92.37,210.34,-1,-1,-1,-1
234,1,578.44,198.53,98.55,213.22,-1,-1,-1,-1
235,1,586.31,189.18,97.91,215.26,-1,-1,-1,-1
236,1,590.17,183.10,92.27,208.63,-1,-1,-1,-1
237,1,599.67,177.00,89.61,209.48,-1,-1,-1,-1
238,1,608.05,175.70,86.79,210.24,-1,-1,-1,-1
239,1,612.66,160.55,94.04,209.06,-1,-1,-1,-1
240,1,614.28,151.87,92.48,209.00,-1,-1,-1,-1
241,1,629.67,142.68,90.76,207.63,-1,-1,-1,-1
242,1,630.27,137.42,92.09,208.07,-1,-1,-1,-1
243,1,639.69,129.96,89.71,205.42,-1,-1,-1,-1
244,1,652.68,135.78,92.24,205.39,-1,-1,-1,-1
245,1,660.12,129.78,81.01,201.66,-1,-1,-1,-1
246,1,666.16,112.35,84.07,205.96,-1,-1,-1,-1
247,1,673.32,119.71,86.11,204.23,-1,-1,-1,-1
248,1,684.85,104.91,92.07,205.46,-1,-1,-1,-1
249,1,690.93,90.57,82.78,206.22,-1,-1,-1,-1
250,1,701.73,96.32,90.53,206.78,-1,-1,-1,-1
2,2,1318.75,439.26,90.36,207.38,-1,-1,-1,-1
3,2,1314.32,440.89,98.13,208.52,-1,-1,-1,-1
4,2,1313.16,445.77,100.21,214.21,-1,-1,-1,-1
5,2,1316.19,462.23,94.49,213.26,-1,-1,-1,-1
6,2,1316.24,471.18,92.97,211.72,-1,-1,-1,-1
7,2,1304.24,484.89,105.25,214.86,-1,-1,-1,-1
8,2,1307.53,501.40,99.37,211.43,-1,-1,-1,-1
9,2,1309.92,507.94,91.10,214.78,-1,-1,-1,-1
10,2,1307.92,517.09,94.53,212.65,-1,-1,-1,-1
11,2,1298.84,533.27,100.23,211.58,-1,-1,-1,-1
12,2,1301.42,541.47,94.03,212.39,-1,-1,-1,-1
13,2,1302.77,541.50,90.04,214.93,-1,-1,-1,-1
14,2,1299.49,547.81,94.10,214.81,-1,-1,-1,-1
15,2,1293.72,560.94,93.22,221.42,-1,-1,-1,-1
16,2,1295.48,575.64,87.08,206.29,-1,-1,-1,-1
17,2,1284.57,579.01,94.57,217.10,-1,-1,-1,-1
18,2,1286.94,588.52,89.73,216.78,-1,-1,-1,-1
19,2,1278.53,597.33,92.22,215.22,-1,-1,-1,-1
20,2,1278.11,604.94,91.08,215.16,-1,-1,-1,-1
21,2,1269.40,613.76,94.00,213.46,-1,-1,-1,-1
22,2,1260.16,636.22,97.70,213.60,-1,-1,-1,-1
23,2,1263.99,640.26,87.39,206.34,-1,-1,-1,-1
24,2,1258.66,646.97,83.87,208.16,-1,-1,-1,-1
25,2,1247.67,661.36,90.70,213.51,-1,-1,-1,-1
26,2,1249.81,671.30,82.54,209.19,-1,-1,-1,-1
27,2,1239.93,669.64,87.96,213.56,-1,-1,-1,-1
28,2,1233.75,679.43,85.51,206.80,-1,-1,-1,-1
29,2,1220.99,692.67,95.13,213.36,-1,-1,-1,-1
30,2,1225.69,703.16,82.41,209.35,-1,-1,-1,-1
31,2,1214.86,705.47,89.79,203.24,-1,-1,-1,-1
32,2,1207.16,709.37,88.96,212.85,-1,-1,-1,-1
33,2,1200.81,719.61,86.15,209.53,-1,-1,-1,-1
34,2,1191.91,729.02,88.65,204.04,-1,-1,-1,-1
35,2,1184.55,737.31,88.16,206.22,-1,-1,-1,-1
36,2,1176.28,738.77,86.79,200.10,-1,-1,-1,-1
37,2,1169.45,751.03,85.53,208.22,-1,-1,-1,-1
38,2,1158.16,754.50,92.12,200.38,-1,-1,-1,-1
39,2,1154.42,753.34,84.94,207.28,-1,-1,-1,-1
40,2,1144.02,761.18,89.00,204.29,-1,-1,-1,-1
41,2,1137.49,775.91,85.43,205.29,-1,-1,-1,-1
42,2,1129.05,776.97,86.01,203.35,-1,-1,-1,-1
43,2,1121.32,775.93,84.96,206.78,-1,-1,-1,-1
44,2,1113.21,778.59,84.20,204.62,-1,-1,-1,-1
45,2,1105.66,785.56,82.72,205.72,-1,-1,-1,-1
46,2,1093.24,794.18,90.98,205.28,-1,-1,-1,-1
47,2,1079.73,802.64,89.48,200.12,-1,-1,-1,-1
48,2,1070.51,800.27,92.14,204.47,-1,-1,-1,-1
49,2,1064.98,808.42,85.95,207.26,-1,-1,-1,-1
50,2,1054.86,810.42,90.86,203.21,-1,-1,-1,-1
51,2,1049.20,817.66,83.64,205.69,-1,-1,-1,-1
52,2,1027.45,810.87,98.69,205.20,-1,-1,-1,-1
53,2,1022.10,817.31,93.47,205.48,-1,-1,-1,-1
54,2,1015.63,824.20,88.97,205.14,-1,-1,-1,-1
55,2,1008.43,817.38,85.66,205.58,-1,-1,-1,-1
56,2,999.94,818.40,85.40,204.89,-1,-1,-1,-1
57,2,985.56,824.75,86.15,205.64,-1,-1,-1,-1
58,2,976.24,833.74,89.29,202.50,-1,-1,-1,-1
59,2,971.18,825.96,81.80,205.00,-1,-1,-1,-1
60,2,957.25,825.08,92.30,207.12,-1,-1,-1,-1
61,2,948.14,832.62,93.17,209.11,-1,-1,-1,-1
62,2,934.26,833.57,93.21,207.01,-1,-1,-1,-1
63,2,928.94,826.02,86.10,206.70,-1,-1,-1,-1
64,2,919.58,840.12,87.09,204.66,-1,-1,-1,-1
65,2,902.91,833.03,92.51,207.73,-1,-1,-1,-1
66,2,898.32,834.75,85.21,200.07,-1,-1,-1,-1
67,2,887.61,833.96,88.69,202.37,-1,-1,-1,-1
68,2,876.33,825.70,94.92,206.03,-1,-1,-1,-1
69,2,868.36,836.74,81.82,197.95,-1,-1,-1,-1
70,2,857.66,835.99,84.92,197.21,-1,-1,-1,-1
71,2,846.10,826.85,93.29,204.38,-1,-1,-1,-1
72,2,838.91,826.24,90.34,203.50,-1,-1,-1,-1
73,2,826.67,829.01,84.49,198.98,-1,-1,-1,-1
74,2,816.64,826.05,88.17,204.94,-1,-1,-1,-1
75,2,805.84,810.10,91.93,205.69,-1,-1,-1,-1
76,2,803.31,812.13,80.85,201.35,-1,-1,-1,-1
77,2,790.61,810.62,88.70,204.40,-1,-1,-1,-1
78,2,776.71,803.95,88.58,197.86,-1,-1,-1,-1
79,2,777.67,803.16,82.42,203.89,-1,-1,-1,-1
80,2,760.10,793.17,89.18,206.29,-1,-1,-1,-1
81,2,750.22,793.49,92.50,206.63,-1,-1,-1,-1
82,2,743.90,794.73,88.52,204.50,-1,-1,-1,-1
83,2,735.03,785.77,88.88,205.45,-1,-1,-1,-1
84,2,722.57,779.34,85.75,203.47,-1,-1,-1,-1
85,2,717.14,778.41,92.77,201.75,-1,-1,-1,-1
86,2,713.77,771.68,81.98,200.20,-1,-1,-1,-1
87,2,697.75,772.64,86.65,197.05,-1,-1,-1,-1
88,2,689.40,763.42,88.17,204.12,-1,-1,-1,-1
89,2,682.48,747.97,84.98,202.31,-1,-1,-1,-1
90,2,676.44,755.40,82.30,201.49,-1,-1,-1,-1
91,2,665.62,746.95,86.52,203.24,-1,-1,-1,-1
92,2,654.46,736.73,93.51,204.73,-1,-1,-1,-1
93,2,654.62,729.03,90.11,205.16,-1,-1,-1,-1
94,2,644.17,712.85,94.56,208.57,-1,-1,-1,-1
95,2,640.34,705.57,87.01,206.58,-1,-1,-1,-1
96,2,634.77,705.16,82.32,207.31,-1,-1,-1,-1
97,2,626.20,696.36,84.41,205.94,-1,-1,-1,-1
98,2,616.88,696.84,87.59,204.79,-1,-1,-1,-1
99,2,613.04,680.27,92.10,206.44,-1,-1,-1,-1
100,2,606.79,671.67,89.86,209.34,-1,-1,-1,-1
101,2,597.79,674.22,92.54,202.21,-1,-1,-1,-1
102,2,589.71,663.69,94.29,207.28,-1,-1,-1,-1
103,2,581.68,655.57,94.67,210.21,-1,-1,-1,-1
104,2,581.42,639.42,92.34,209.34,-1,-1,-1,-1
105,2,573.58,631.66,95.01,207.54,-1,-1,-1,-1
106,2,574.52,621.63,88.87,214.37,-1,-1,-1,-1
107,2,565.56,614.78,93.57,210.94,-1,-1,-1,-1
108,2,556.37,605.90,97.42,210.79,-1,-1,-1,-1
109,2,556.10,597.40,96.14,211.10,-1,-1,-1,-1
110,2,556.03,581.87,93.17,211.73,-1,-1,-1,-1
111,2,549.71,581.26,91.88,212.23,-1,-1,-1,-1
112,2,550.04,563.89,88.75,215.41,-1,-1,-1,-1
113,2,540.64,565.08,96.05,212.31,-1,-1,-1,-1
114,2,541.19,550.36,91.60,211.33,-1,-1,-1,-1
115,2,534.04,536.91,94.11,207.28,-1,-1,-1,-1
116,2,531.06,534.03,96.31,212.72,-1,-1,-1,-1
117,2,534.06,517.89,90.05,212.65,-1,-1,-1,-1
118,2,530.13,510.75,96.64,212.34,-1,-1,-1,-1
119,2,525.03,501.06,95.03,212.21,-1,-1,-1,-1
120,2,523.00,496.00,96.60,208.41,-1,-1,-1,-1
121,2,521.37,487.35,101.80,209.77,-1,-1,-1,-1
122,2,525.84,470.82,90.40,210.35,-1,-1,-1,-1
123,2,524.93,455.54,91.05,209.77,-1,-1,-1,-1
124,2,517.66,455.95,93.34,208.90,-1,-1,-1,-1
125,2,519.35,442.69,91.79,204.91,-1,-1,-1,-1
126,2,516.55,432.08,95.41,204.87,-1,-1,-1,-1
127,2,518.73,425.44,92.84,203.23,-1,-1,-1,-1
128,2,519.17,407.43,103.95,208.11,-1,-1,-1,-1
129,2,513.09,409.06,103.03,206.90,-1,-1,-1,-1
130,2,521.73,399.14,99.61,207.33,-1,-1,-1,-1
131,2,523.53,392.84,96.53,205.03,-1,-1,-1,-1
132,2,521.43,384.14,101.12,205.88,-1,-1,-1,-1
133,2,522.28,373.99,99.91,209.77,-1,-1,-1,-1
134,2,522.91,358.52,100.06,208.89,-1,-1,-1,-1
135,2,530.07,343.96,97.89,207.61,-1,-1,-1,-1
136,2,526.99,334.57,103.95,209.49,-1,-1,-1,-1
137,2,525.49,315.72,108.72,215.11,-1,-1,-1,-1
138,2,533.21,309.01,107.88,215.23,-1,-1,-1,-1
139,2,535.53,302.09,105.28,213.59,-1,-1,-1,-1
140,2,534.23,292.30,108.55,213.85,-1,-1,-1,-1
141,2,544.65,294.12,102.66,210.33,-1,-1,-1,-1
142,2,541.77,266.01,107.38,220.61,-1,-1,-1,-1
143,2,541.38,261.99,109.68,212.70,-1,-1,-1,-1
144,2,552.19,253.99,104.18,213.37,-1,-1,-1,-1
145,2,556.40,243.58,110.51,214.88,-1,-1,-1,-1
146,2,554.62,228.95,113.85,215.63,-1,-1,-1,-1
147,2,563.23,220.85,113.75,216.07,-1,-1,-1,-1
148,2,571.59,219.92,111.22,215.38,-1,-1,-1,-1
149,2,573.87,214.35,107.75,213.88,-1,-1,-1,-1
150,2,580.60,204.14,110.67,213.91,-1,-1,-1,-1
151,2,589.03,198.36,108.45,212.88,-1,-1,-1,-1
152,2,586.46,181.27,115.59,214.80,-1,-1,-1,-1
153,2,597.73,180.60,109.70,213.20,-1,-1,-1,-1
154,2,603.67,172.91,111.12,213.38,-1,-1,-1,-1
155,2,612.69,163.78,110.13,214.38,-1,-1,-1,-1
156,2,621.05,154.06,108.49,217.84,-1,-1,-1,-1
157,2,623.50,139.52,119.13,218.75,-1,-1,-1,-1
158,2,629.79,135.10,108.73,211.61,-1,-1,-1,-1
159,2,633.31,132.54,117.54,217.12,-1,-1,-1,-1
160,2,645.72,141.22,108.40,210.82,-1,-1,-1,-1
161,2,650.54,120.23,113.71,210.63,-1,-1,-1,-1
162,2,661.23,117.47,109.75,210.82,-1,-1,-1,-1
163,2,667.36,104.76,113.32,208.59,-1,-1,-1,-1
164,2,675.50,102.98,113.03,208.80,-1,-1,-1,-1
165,2,685.87,95.38,106.23,210.95,-1,-1,-1,-1
166,2,692.24,95.84,113.03,209.15,-1,-1,-1,-1
167,2,702.53,95.31,106.52,208.18,-1,-1,-1,-1
168,2,714.57,95.33,98.73,206.95,-1,-1,-1,-1
169,2,717.09,80.11,110.92,209.88,-1,-1,-1,-1
170,2,733.18,71.77,107.96,206.79,-1,-1,-1,-1
171,2,744.02,72.04,102.83,206.00,-1,-1,-1,-1
172,2,751.64,71.86,104.01,205.41,-1,-1,-1,-1
173,2,762.96,65.82,98.30,203.49,-1,-1,-1,-1
174,2,769.79,56.28,101.23,205.23,-1,-1,-1,-1
175,2,780.38,56.27,95.69,204.44,-1,-1,-1,-1
176,2,790.25,48.80,105.68,205.80,-1,-1,-1,-1
177,2,801.94,57.46,99.68,203.20,-1,-1,-1,-1
178,2,810.93,50.98,98.35,199.75,-1,-1,-1,-1
179,2,817.47,43.01,100.62,203.20,-1,-1,-1,-1
180,2,834.99,34.93,95.43,204.88,-1,-1,-1,-1
181,2,844.17,41.91,95.05,202.20,-1,-1,-1,-1
182,2,850.86,34.49,97.41,204.65,-1,-1,-1,-1
183,2,863.41,42.82,90.08,200.10,-1,-1,-1,-1
184,2,867.22,35.92,99.19,201.19,-1,-1,-1,-1
185,2,885.23,34.11,92.02,203.30,-1,-1,-1,-1
187,2,905.06,34.23,85.67,202.47,-1,-1,-1,-1
188,2,914.36,32.24,97.15,204.03,-1,-1,-1,-1
190,2,933.43,33.15,92.52,202.51,-1,-1,-1,-1
191,2,942.48,42.20,91.78,204.42,-1,-1,-1,-1
192,2,946.29,42.50,100.11,203.72,-1,-1,-1,-1
193,2,965.14,41.04,92.05,205.69,-1,-1,-1,-1
194,2,973.51,34.98,92.32,205.07,-1,-1,-1,-1
195,2,979.74,41.99,95.32,204.96,-1,-1,-1,-1
196,2,993.01,44.18,87.80,202.23,-1,-1,-1,-1
197,2,996.92,43.13,95.79,202.37,-1,-1,-1,-1
198,2,1009.23,42.61,100.36,204.88,-1,-1,-1,-1
199,2,1023.24,44.02,90.01,201.67,-1,-1,-1,-1
200,2,1029.98,42.74,92.66,203.11,-1,-1,-1,-1
201,2,1037.09,49.13,95.36,202.54,-1,-1,-1,-1
202,2,1047.13,48.40,103.68,206.28,-1,-1,-1,-1
203,2,1057.71,53.52,99.27,213.02,-1,-1,-1,-1
204,2,1068.31,58.02,94.93,206.50,-1,-1,-1,-1
205,2,1071.76,56.80,102.65,207.17,-1,-1,-1,-1
206,2,1081.25,56.27,102.35,209.26,-1,-1,-1,-1
207,2,1090.58,72.32,99.04,206.01,-1,-1,-1,-1
208,2,1102.26,79.06,104.82,207.87,-1,-1,-1,-1
209,2,1104.68,74.18,104.25,204.38,-1,-1,-1,-1
210,2,1120.40,92.80,101.68,211.20,-1,-1,-1,-1
211,2,1127.33,95.38,103.69,210.06,-1,-1,-1,-1
212,2,1133.76,96.39,106.32,208.39,-1,-1,-1,-1
213,2,1143.73,94.89,103.30,211.85,-1,-1,-1,-1
214,2,1150.84,102.64,104.58,211.42,-1,-1,-1,-1
215,2,1160.59,117.16,102.55,212.45,-1,-1,-1,-1
216,2,1153.89,118.38,116.85,213.10,-1,-1,-1,-1
217,2,1173.09,122.76,108.23,217.85,-1,-1,-1,-1
218,2,1184.52,139.10,102.63,214.82,-1,-1,-1,-1
219,2,1190.99,141.63,104.11,213.72,-1,-1,-1,-1
220,2,1196.10,139.26,109.62,216.90,-1,-1,-1,-1
221,2,1193.77,147.24,116.71,219.13,-1,-1,-1,-1
222,2,1211.43,163.78,97.48,214.08,-1,-1,-1,-1
223,2,1213.80,163.13,108.22,217.93,-1,-1,-1,-1
224,2,1223.44,177.31,104.32,218.99,-1,-1,-1,-1
225,2,1232.46,186.26,101.08,216.38,-1,-1,-1,-1
226,2,1230.10,188.65,108.30,216.94,-1,-1,-1,-1
227,2,1240.46,194.75,103.21,217.15,-1,-1,-1,-1
228,2,1235.02,200.54,114.44,220.73,-1,-1,-1,-1
229,2,1253.25,211.62,107.27,216.59,-1,-1,-1,-1
230,2,1255.74,229.93,105.31,213.32,-1,-1,-1,-1
231,2,1253.85,236.15,109.30,213.56,-1,-1,-1,-1
232,2,1261.53,244.60,109.91,215.50,-1,-1,-1,-1
233,2,1271.37,245.99,105.27,214.98,-1,-1,-1,-1
234,2,1274.24,261.25,100.87,214.22,-1,-1,-1,-1
235,2,1282.55,269.62,97.82,214.85,-1,-1,-1,-1
236,2,1286.93,283.18,105.29,218.69,-1,-1,-1,-1
237,2,1287.93,285.01,104.77,216.37,-1,-1,-1,-1
238,2,1290.19,293.78,100.58,214.09,-1,-1,-1,-1
239,2,1295.83,309.29,103.79,211.60,-1,-1,-1,-1
240,2,1293.32,317.68,109.81,214.37,-1,-1,-1,-1
241,2,1298.41,331.13,113.55,218.27,-1,-1,-1,-1
242,2,1301.40,334.73,109.04,212.71,-1,-1,-1,-1
243,2,1303.45,350.42,106.32,212.33,-1,-1,-1,-1
244,2,1304.43,358.38,104.52,210.04,-1,-1,-1,-1
245,2,1312.22,375.67,101.13,209.82,-1,-1,-1,-1
246,2,1310.48,381.37,105.18,214.97,-1,-1,-1,-1
247,2,1316.90,390.14,93.24,210.12,-1,-1,-1,-1
248,2,1313.44,396.62,100.24,215.55,-1,-1,-1,-1
249,2,1314.29,415.22,99.00,210.96,-1,-1,-1,-1
250,2,1316.77,416.26,94.40,209.90,-1,-1,-1,-1
8,3,651.67,749.35,81.38,197.27,-1,-1,-1,-1
9,3,641.31,732.62,85.19,199.16,-1,-1,-1,-1
10,3,635.69,725.54,80.73,197.36,-1,-1,-1,-1
12,3,621.49,718.47,80.40,198.14,-1,-1,-1,-1
14,3,608.84,701.14,83.26,201.20,-1,-1,-1,-1
15,3,603.23,684.99,79.70,200.55,-1,-1,-1,-1
16,3,593.95,691.56,84.20,199.86,-1,-1,-1,-1
17,3,592.59,675.46,75.08,202.77,-1,-1,-1,-1
18,3,579.51,658.25,85.83,205.25,-1,-1,-1,-1
19,3,578.38,652.27,82.10,203.08,-1,-1,-1,-1
20,3,572.71,642.93,80.87,204.87,-1,-1,-1,-1
21,3,570.19,649.05,78.92,203.23,-1,-1,-1,-1
22,3,560.30,627.37,86.84,204.60,-1,-1,-1,-1
23,3,560.34,617.69,76.19,205.05,-1,-1,-1,-1
24,3,557.10,619.30,76.90,202.40,-1,-1,-1,-1
25,3,549.42,609.34,80.47,205.27,-1,-1,-1,-1
26,3,543.83,588.32,84.80,202.93,-1,-1,-1,-1
27,3,542.50,578.73,79.43,204.40,-1,-1,-1,-1
28,3,538.18,570.09,82.64,205.85,-1,-1,-1,-1
29,3,530.43,567.73,88.33,207.71,-1,-1,-1,-1
30,3,530.13,557.50,85.81,201.04,-1,-1,-1,-1
31,3,529.40,547.43,83.43,204.78,-1,-1,-1,-1
32,3,517.94,539.27,94.18,204.42,-1,-1,-1,-1
33,3,521.30,537.33,87.64,205.82,-1,-1,-1,-1
34,3,519.50,513.34,87.32,207.47,-1,-1,-1,-1
35,3,515.12,507.94,87.53,202.45,-1,-1,-1,-1
36,3,518.77,498.48,79.43,204.72,-1,-1,-1,-1
37,3,512.29,482.53,90.38,206.13,-1,-1,-1,-1
38,3,513.70,477.07,85.91,199.56,-1,-1,-1,-1
39,3,517.27,469.23,80.09,201.89,-1,-1,-1,-1
40,3,510.87,459.43,88.51,203.16,-1,-1,-1,-1
41,3,512.58,451.79,86.16,202.54,-1,-1,-1,-1
42,3,507.37,435.55,93.46,202.48,-1,-1,-1,-1
43,3,512.77,425.75,85.23,203.75,-1,-1,-1,-1
44,3,515.23,427.24,81.92,201.26,-1,-1,-1,-1
45,3,512.71,408.98,86.50,203.65,-1,-1,-1,-1
46,3,515.41,395.54,82.20,202.22,-1,-1,-1,-1
48,3,510.95,387.33,92.20,201.25,-1,-1,-1,-1
49,3,512.38,364.50,89.63,200.68,-1,-1,-1,-1
50,3,519.03,355.73,87.94,201.44,-1,-1,-1,-1
51,3,522.00,348.97,84.89,201.63,-1,-1,-1,-1
52,3,522.78,340.61,84.69,198.73,-1,-1,-1,-1
53,3,525.90,329.85,89.31,202.08,-1,-1,-1,-1
54,3,528.99,315.32,86.03,200.00,-1,-1,-1,-1
55,3,528.05,314.16,90.04,200.71,-1,-1,-1,-1
56,3,537.67,301.51,83.53,200.09,-1,-1,-1,-1
57,3,533.08,290.31,95.44,205.03,-1,-1,-1,-1
58,3,536.13,283.50,99.80,203.45,-1,-1,-1,-1
59,3,540.10,274.14,95.71,205.28,-1,-1,-1,-1
60,3,549.15,267.00,90.76,202.22,-1,-1,-1,-1
61,3,547.35,249.47,97.60,204.15,-1,-1,-1,-1
62,3,557.14,249.09,92.07,203.83,-1,-1,-1,-1
63,3,555.73,234.92,98.47,200.74,-1,-1,-1,-1
64,3,561.02,222.56,101.32,212.50,-1,-1,-1,-1
65,3,570.18,215.88,97.47,206.05,-1,-1,-1,-1
66,3,573.63,216.80,95.03,203.18,-1,-1,-1,-1
67,3,580.98,200.81,95.42,207.00,-1,-1,-1,-1
68,3,588.03,190.45,95.96,212.81,-1,-1,-1,-1
69,3,596.24,191.67,91.96,210.14,-1,-1,-1,-1
70,3,599.78,174.55,100.82,212.47,-1,-1,-1,-1
71,3,604.97,168.98,95.53,207.88,-1,-1,-1,-1
72,3,609.73,171.20,100.66,215.29,-1,-1,-1,-1
73,3,618.52,163.16,98.68,204.55,-1,-1,-1,-1
74,3,624.94,150.79,100.62,209.64,-1,-1,-1,-1
75,3,635.23,144.20,95.28,208.77,-1,-1,-1,-1
76,3,641.16,135.23,98.15,208.32,-1,-1,-1,-1
77,3,650.70,128.20,95.30,204.67,-1,-1,-1,-1
78,3,658.65,128.36,95.00,207.68,-1,-1,-1,-1
79,3,665.90,115.48,96.53,215.62,-1,-1,-1,-1
80,3,678.16,108.57,87.87,201.26,-1,-1,-1,-1
81,3,684.62,106.45,92.34,203.50,-1,-1,-1,-1
82,3,691.30,97.11,94.04,206.50,-1,-1,-1,-1
83,3,698.28,91.10,96.78,202.32,-1,-1,-1,-1
84,3,710.68,88.61,90.27,204.69,-1,-1,-1,-1
85,3,720.43,84.98,87.35,200.25,-1,-1,-1,-1
86,3,725.87,81.66,92.76,204.40,-1,-1,-1,-1
87,3,735.63,75.46,90.04,201.18,-1,-1,-1,-1
88,3,741.96,75.56,93.93,202.69,-1,-1,-1,-1
89,3,748.68,72.62,97.01,207.32,-1,-1,-1,-1
90,3,761.67,65.56,97.70,204.22,-1,-1,-1,-1
91,3,770.83,72.22,96.28,205.67,-1,-1,-1,-1
92,3,781.37,66.83,93.34,202.90,-1,-1,-1,-1
93,3,793.54,60.38,86.55,200.87,-1,-1,-1,-1
94,3,798.88,57.79,93.39,203.13,-1,-1,-1,-1
95,3,813.48,59.50,90.89,198.83,-1,-1,-1,-1
96,3,821.33,51.62,92.21,202.58,-1,-1,-1,-1
97,3,832.77,45.35,88.04,200.55,-1,-1,-1,-1
98,3,839.69,51.41,91.84,202.95,-1,-1,-1,-1
99,3,856.30,52.03,83.90,200.82,-1,-1,-1,-1
101,3,869.42,42.93,93.80,202.30,-1,-1,-1,-1
102,3,880.47,42.20,89.29,203.55,-1,-1,-1,-1
103,3,891.57,43.39,92.94,199.86,-1,-1,-1,-1
104,3,899.40,41.88,94.60,202.13,-1,-1,-1,-1
105,3,911.51,42.18,89.48,201.21,-1,-1,-1,-1
106,3,917.11,47.15,96.02,207.05,-1,-1,-1,-1
107,3,935.04,46.74,85.14,197.02,-1,-1,-1,-1
108,3,945.71,43.15,84.07,201.20,-1,-1,-1,-1
109,3,950.16,44.35,92.28,200.12,-1,-1,-1,-1
110,3,961.72,51.35,87.13,200.67,-1,-1,-1,-1
111,3,972.48,45.23,91.34,199.16,-1,-1,-1,-1
112,3,979.90,51.36,92.56,201.67,-1,-1,-1,-1
113,3,993.59,52.58,85.13,198.70,-1,-1,-1,-1
114,3,995.57,46.13,96.79,209.36,-1,-1,-1,-1
115,3,1005.67,49.99,94.86,203.43,-1,-1,-1,-1
116,3,1020.94,63.47,90.80,206.90,-1,-1,-1,-1
117,3,1026.94,66.23,94.69,202.76,-1,-1,-1,-1
118,3,1041.90,61.08,84.34,199.56,-1,-1,-1,-1
119,3,1048.76,59.64,87.87,202.55,-1,-1,-1,-1
120,3,1053.40,73.33,94.41,206.11,-1,-1,-1,-1
121,3,1069.95,75.52,88.23,202.58,-1,-1,-1,-1
122,3,1075.14,79.67,93.87,205.63,-1,-1,-1,-1
124,3,1090.04,91.38,97.93,214.05,-1,-1,-1,-1
125,3,1104.49,97.12,87.17,205.40,-1,-1,-1,-1
126,3,1106.50,90.29,98.47,234.70,-1,-1,-1,-1
127,3,1117.28,103.71,93.28,207.71,-1,-1,-1,-1
128,3,1126.53,109.36,91.31,210.91,-1,-1,-1,-1
129,3,1135.17,110.01,90.61,210.01,-1,-1,-1,-1
130,3,1140.13,114.19,96.88,219.39,-1,-1,-1,-1
131,3,1145.06,128.11,102.24,221.90,-1,-1,-1,-1
132,3,1155.51,136.62,97.72,207.73,-1,-1,-1,-1
133,3,1163.36,137.68,97.09,206.84,-1,-1,-1,-1
134,3,1174.04,143.01,92.62,207.94,-1,-1,-1,-1
135,3,1179.62,151.01,95.90,224.33,-1,-1,-1,-1
136,3,1190.26,152.64,90.62,209.05,-1,-1,-1,-1
137,3,1195.55,163.12,94.47,216.92,-1,-1,-1,-1
138,3,1202.84,172.67,94.67,213.03,-1,-1,-1,-1
139,3,1203.33,176.73,99.86,220.16,-1,-1,-1,-1
140,3,1210.79,188.46,100.18,213.84,-1,-1,-1,-1
141,3,1218.21,195.01,99.67,216.86,-1,-1,-1,-1
142,3,1228.74,201.03,93.08,208.35,-1,-1,-1,-1
143,3,1227.78,207.83,99.16,208.93,-1,-1,-1,-1
144,3,1236.64,215.55,97.31,211.07,-1,-1,-1,-1
145,3,1244.10,224.24,96.43,208.03,-1,-1,-1,-1
146,3,1253.60,234.21,90.91,206.01,-1,-1,-1,-1
147,3,1253.80,248.17,94.88,203.88,-1,-1,-1,-1
148,3,1261.72,251.20,92.23,204.61,-1,-1,-1,-1
149,3,1262.75,256.18,93.23,207.68,-1,-1,-1,-1
150,3,1268.95,276.93,95.21,209.78,-1,-1,-1,-1
151,3,1273.43,274.64,97.84,204.09,-1,-1,-1,-1
152,3,1275.46,285.33,97.19,209.41,-1,-1,-1,-1
153,3,1275.72,296.37,99.08,206.58,-1,-1,-1,-1
154,3,1282.43,309.78,98.04,210.14,-1,-1,-1,-1
155,3,1288.21,325.50,90.24,211.50,-1,-1,-1,-1
156,3,1292.84,324.67,92.01,200.47,-1,-1,-1,-1
157,3,1292.14,343.01,95.66,207.48,-1,-1,-1,-1
158,3,1295.11,347.63,91.42,200.05,-1,-1,-1,-1
159,3,1297.80,362.12,87.54,202.85,-1,-1,-1,-1
160,3,1304.28,369.02,85.39,203.16,-1,-1,-1,-1
161,3,1304.75,377.71,85.94,205.80,-1,-1,-1,-1
162,3,1305.60,384.51,84.70,203.92,-1,-1,-1,-1
163,3,1308.60,395.35,80.97,204.30,-1,-1,-1,-1
164,3,1305.55,408.89,87.08,203.42,-1,-1,-1,-1
165,3,1307.22,425.90,93.15,203.58,-1,-1,-1,-1
172,3,1301.77,489.47,92.69,205.53,-1,-1,-1,-1
173,3,1302.01,496.26,91.48,204.98,-1,-1,-1,-1
174,3,1300.71,504.94,90.34,206.13,-1,-1,-1,-1
175,3,1301.04,517.07,87.00,211.38,-1,-1,-1,-1
176,3,1296.06,528.84,90.24,205.88,-1,-1,-1,-1
177,3,1297.03,543.43,86.51,209.39,-1,-1,-1,-1
178,3,1294.94,540.97,86.85,201.68,-1,-1,-1,-1
179,3,1290.37,555.49,86.84,204.04,-1,-1,-1,-1
180,3,1288.98,561.23,85.34,205.16,-1,-1,-1,-1
181,3,1285.66,577.06,87.13,202.86,-1,-1,-1,-1
182,3,1282.83,584.07,84.93,205.55,-1,-1,-1,-1
183,3,1278.21,592.52,88.18,204.74,-1,-1,-1,-1
184,3,1275.26,602.12,84.33,204.40,-1,-1,-1,-1
185,3,1272.56,605.01,83.26,202.31,-1,-1,-1,-1
186,3,1266.36,625.00,83.91,206.97,-1,-1,-1,-1
187,3,1264.41,636.65,82.34,202.18,-1,-1,-1,-1
188,3,1256.14,648.34,84.04,204.51,-1,-1,-1,-1
189,3,1250.55,643.17,86.98,205.23,-1,-1,-1,-1
190,3,1247.12,657.34,85.74,201.95,-1,-1,-1,-1
191,3,1242.39,659.10,80.71,201.40,-1,-1,-1,-1
192,3,1234.56,668.88,84.31,201.01,-1,-1,-1,-1
193,3,1227.46,691.06,84.04,201.07,-1,-1,-1,-1
195,3,1222.44,691.65,74.34,202.75,-1,-1,-1,-1
196,3,1215.25,707.15,73.05,203.59,-1,-1,-1,-1
197,3,1208.02,707.86,73.98,200.89,-1,-1,-1,-1
198,3,1195.49,716.15,82.42,200.68,-1,-1,-1,-1
200,3,1182.44,732.25,80.10,201.06,-1,-1,-1,-1
202,3,1165.38,739.30,82.56,203.89,-1,-1,-1,-1
204,3,1153.26,761.16,81.78,202.69,-1,-1,-1,-1
206,3,1131.76,772.20,83.96,198.85,-1,-1,-1,-1
208,3,1114.93,778.30,85.31,202.48,-1,-1,-1,-1
209,3,1106.48,794.94,84.35,200.13,-1,-1,-1,-1
210,3,1103.09,796.03,76.29,200.71,-1,-1,-1,-1
211,3,1092.20,803.47,80.87,201.33,-1,-1,-1,-1
212,3,1081.15,803.54,84.48,200.03,-1,-1,-1,-1
213,3,1076.27,805.22,79.01,197.13,-1,-1,-1,-1
215,3,1062.58,815.65,71.90,194.92,-1,-1,-1,-1
216,3,1048.91,821.90,73.13,195.14,-1,-1,-1,-1
217,3,1039.33,821.01,74.23,198.68,-1,-1,-1,-1
219,3,1015.40,828.05,86.34,198.53,-1,-1,-1,-1
220,3,1009.75,828.82,81.10,197.31,-1,-1,-1,-1
221,3,996.08,828.54,81.80,198.80,-1,-1,-1,-1
222,3,984.49,827.89,86.15,198.96,-1,-1,-1,-1
223,3,975.57,829.41,87.09,199.20,-1,-1,-1,-1
224,3,973.37,837.50,75.28,195.86,-1,-1,-1,-1
225,3,959.01,837.12,76.79,198.86,-1,-1,-1,-1
226,3,947.42,836.87,82.65,198.71,-1,-1,-1,-1
228,3,933.13,838.58,76.44,195.89,-1,-1,-1,-1
229,3,921.90,839.30,71.25,193.21,-1,-1,-1,-1
230,3,910.73,836.61,75.39,196.29,-1,-1,-1,-1
231,3,900.99,836.75,78.46,195.72,-1,-1,-1,-1
232,3,893.50,837.92,74.89,197.71,-1,-1,-1,-1
233,3,874.32,834.94,86.36,198.76,-1,-1,-1,-1
234,3,867.40,844.41,82.30,197.66,-1,-1,-1,-1
235,3,858.38,838.47,81.11,197.62,-1,-1,-1,-1
236,3,848.58,837.11,84.05,197.57,-1,-1,-1,-1
237,3,835.03,835.90,85.50,200.00,-1,-1,-1,-1
238,3,828.06,828.33,82.54,199.56,-1,-1,-1,-1
239,3,821.98,829.45,76.15,195.43,-1,-1,-1,-1
240,3,810.77,828.55,80.43,197.71,-1,-1,-1,-1
241,3,805.98,823.49,73.83,192.09,-1,-1,-1,-1
242,3,793.18,829.93,71.89,193.62,-1,-1,-1,-1
243,3,780.39,821.45,79.97,198.84,-1,-1,-1,-1
245,3,766.52,821.54,74.79,195.01,-1,-1,-1,-1
248,3,736.74,796.52,82.21,199.85,-1,-1,-1,-1
250,3,712.79,794.97,87.09,202.09,-1,-1,-1,-1
