2,1,921.65,438.04,101.66,212.63,-1,-1,-1,-1
3,1,939.65,445.96,94.66,212.44,-1,-1,-1,-1
4,1,946.92,460.89,96.67,212.28,-1,-1,-1,-1
5,1,954.83,469.66,98.11,210.99,-1,-1,-1,-1
6,1,962.64,478.93,98.57,207.65,-1,-1,-1,-1
7,1,967.93,484.06,105.60,215.83,-1,-1,-1,-1
8,1,986.51,494.18,97.15,213.20,-1,-1,-1,-1
9,1,994.91,506.15,97.04,219.11,-1,-1,-1,-1
10,1,1001.65,514.46,100.80,218.26,-1,-1,-1,-1
11,1,1010.95,523.63,98.08,216.43,-1,-1,-1,-1
12,1,1016.68,531.23,103.15,218.94,-1,-1,-1,-1
13,1,1027.13,545.91,97.64,217.65,-1,-1,-1,-1
14,1,1034.59,548.63,100.50,216.29,-1,-1,-1,-1
15,1,1044.69,564.33,96.04,213.93,-1,-1,-1,-1
16,1,1051.49,571.00,97.34,217.37,-1,-1,-1,-1
17,1,1061.01,579.28,92.89,216.68,-1,-1,-1,-1
18,1,1070.41,588.39,91.12,216.14,-1,-1,-1,-1
19,1,1077.98,596.39,90.83,216.61,-1,-1,-1,-1
20,1,1087.48,605.45,86.95,214.44,-1,-1,-1,-1
21,1,1086.39,621.88,92.40,211.06,-1,-1,-1,-1
22,1,1096.16,629.23,87.66,212.74,-1,-1,-1,-1
23,1,1103.62,637.39,86.89,212.70,-1,-1,-1,-1
24,1,1101.37,645.88,94.34,212.47,-1,-1,-1,-1
25,1,1111.18,654.53,88.20,212.52,-1,-1,-1,-1
26,1,1110.89,662.20,90.25,211.24,-1,-1,-1,-1
27,1,1111.12,670.88,91.13,210.66,-1,-1,-1,-1
28,1,1111.57,681.39,90.82,206.46,-1,-1,-1,-1
29,1,1120.50,688.21,86.88,208.17,-1,-1,-1,-1
30,1,1119.88,697.11,89.27,205.40,-1,-1,-1,-1
31,1,1120.47,704.94,88.65,207.50,-1,-1,-1,-1
32,1,1120.15,712.85,88.65,207.12,-1,-1,-1,-1
33,1,1120.81,721.23,87.88,207.00,-1,-1,-1,-1
34,1,1121.06,730.45,87.54,201.78,-1,-1,-1,-1
35,1,1120.93,737.49,87.04,204.72,-1,-1,-1,-1
36,1,1121.00,737.82,85.47,205.75,-1,-1,-1,-1
37,1,1111.77,743.53,89.86,207.43,-1,-1,-1,-1
38,1,1111.13,753.01,89.62,204.73,-1,-1,-1,-1
39,1,1111.30,759.23,88.51,208.14,-1,-1,-1,-1
40,1,1102.91,769.69,92.32,201.99,-1,-1,-1,-1
41,1,1102.65,768.60,90.12,208.06,-1,-1,-1,-1
42,1,1093.98,775.62,92.79,208.04,-1,-1,-1,-1
43,1,1093.79,776.79,90.82,207.97,-1,-1,-1,-1
44,1,1086.69,784.28,91.88,205.08,-1,-1,-1,-1
45,1,1079.45,784.61,89.75,207.38,-1,-1,-1,-1
46,1,1071.59,792.59,91.21,208.21,-1,-1,-1,-1
47,1,1071.74,792.57,86.70,207.72,-1,-1,-1,-1
48,1,1063.53,807.14,88.49,207.07,-1,-1,-1,-1
49,1,1056.90,802.53,86.59,205.48,-1,-1,-1,-1
50,1,1046.26,808.15,91.11,207.34,-1,-1,-1,-1
51,1,1038.25,816.50,91.44,204.56,-1,-1,-1,-1
52,1,1031.39,816.89,89.72,204.63,-1,-1,-1,-1
53,1,1021.95,817.19,91.35,205.11,-1,-1,-1,-1
54,1,1015.13,824.77,88.19,203.60,-1,-1,-1,-1
55,1,999.88,823.41,90.40,209.45,-1,-1,-1,-1
56,1,992.16,833.22,89.48,202.39,-1,-1,-1,-1
57,1,984.90,826.02,86.55,205.11,-1,-1,-1,-1
58,1,975.26,832.68,90.84,205.19,-1,-1,-1,-1
59,1,968.25,833.51,87.33,202.46,-1,-1,-1,-1
60,1,959.35,835.09,87.95,199.74,-1,-1,-1,-1
61,1,949.58,833.37,90.19,205.77,-1,-1,-1,-1
62,1,936.89,834.20,87.15,200.48,-1,-1,-1,-1
63,1,927.84,834.30,88.82,202.06,-1,-1,-1,-1
64,1,919.52,833.08,87.42,204.20,-1,-1,-1,-1
65,1,904.02,833.38,89.33,205.50,-1,-1,-1,-1
66,1,896.47,833.67,89.07,203.20,-1,-1,-1,-1
67,1,888.16,833.24,87.78,202.49,-1,-1,-1,-1
68,1,879.18,833.65,89.49,203.01,-1,-1,-1,-1
69,1,872.04,834.40,86.05,200.99,-1,-1,-1,-1
70,1,855.29,826.08,90.76,204.70,-1,-1,-1,-1
71,1,846.66,824.48,92.48,205.72,-1,-1,-1,-1
72,1,839.93,816.36,89.20,209.41,-1,-1,-1,-1
73,1,831.45,824.34,89.61,204.49,-1,-1,-1,-1
74,1,823.18,815.48,89.36,211.38,-1,-1,-1,-1
75,1,814.37,810.73,89.31,205.31,-1,-1,-1,-1
76,1,807.87,808.14,86.70,208.02,-1,-1,-1,-1
77,1,799.41,809.82,87.21,204.32,-1,-1,-1,-1
78,1,790.43,807.69,90.25,206.25,-1,-1,-1,-1
79,1,782.59,800.20,89.96,208.82,-1,-1,-1,-1
80,1,776.94,792.61,86.84,209.03,-1,-1,-1,-1
81,1,766.69,790.86,92.05,209.82,-1,-1,-1,-1
82,1,758.89,783.62,91.19,209.80,-1,-1,-1,-1
83,1,757.31,784.19,91.04,204.84,-1,-1,-1,-1
84,1,750.42,775.41,91.12,208.30,-1,-1,-1,-1
85,1,743.90,776.47,88.96,205.80,-1,-1,-1,-1
86,1,744.67,768.58,85.86,208.72,-1,-1,-1,-1
87,1,735.56,769.80,89.85,202.07,-1,-1,-1,-1
88,1,734.95,761.27,89.44,203.54,-1,-1,-1,-1
89,1,725.50,754.12,93.46,202.78,-1,-1,-1,-1
90,1,727.11,744.65,90.74,205.80,-1,-1,-1,-1
91,1,727.22,743.85,88.80,205.41,-1,-1,-1,-1
92,1,718.65,737.70,93.12,204.81,-1,-1,-1,-1
93,1,726.81,729.88,87.59,205.60,-1,-1,-1,-1
94,1,718.43,723.38,93.40,199.93,-1,-1,-1,-1
95,1,718.11,714.74,93.57,204.84,-1,-1,-1,-1
96,1,727.10,714.46,87.05,200.86,-1,-1,-1,-1
97,1,726.89,697.54,88.49,205.57,-1,-1,-1,-1
98,1,727.34,697.00,87.94,203.09,-1,-1,-1,-1
99,1,727.59,681.85,88.36,205.96,-1,-1,-1,-1
100,1,728.15,673.48,88.53,206.80,-1,-1,-1,-1
101,1,736.08,673.57,85.99,202.06,-1,-1,-1,-1
102,1,736.89,665.67,87.84,203.81,-1,-1,-1,-1
103,1,743.21,648.25,87.53,206.87,-1,-1,-1,-1
104,1,744.36,646.32,87.62,209.39,-1,-1,-1,-1
105,1,751.72,631.26,86.20,210.63,-1,-1,-1,-1
106,1,749.01,623.06,95.17,208.64,-1,-1,-1,-1
107,1,757.74,612.41,91.91,213.10,-1,-1,-1,-1
108,1,766.50,606.75,88.50,208.81,-1,-1,-1,-1
109,1,773.29,596.59,91.45,214.03,-1,-1,-1,-1
110,1,771.08,588.18,97.04,213.28,-1,-1,-1,-1
111,1,778.57,572.75,99.25,215.78,-1,-1,-1,-1
112,1,786.90,564.52,97.49,214.99,-1,-1,-1,-1
113,1,795.95,564.53,96.63,212.93,-1,-1,-1,-1
114,1,803.22,546.07,96.53,218.20,-1,-1,-1,-1
115,1,810.45,541.50,98.55,211.99,-1,-1,-1,-1
116,1,818.55,532.51,98.67,214.51,-1,-1,-1,-1
117,1,826.57,516.58,100.32,215.40,-1,-1,-1,-1
118,1,834.66,510.27,99.62,211.95,-1,-1,-1,-1
119,1,851.28,501.08,95.33,214.82,-1,-1,-1,-1
120,1,858.77,493.43,96.77,211.74,-1,-1,-1,-1
121,1,867.34,483.26,95.90,215.39,-1,-1,-1,-1
122,1,875.75,470.49,98.79,211.54,-1,-1,-1,-1
123,1,881.01,455.29,102.08,211.91,-1,-1,-1,-1
124,1,897.32,451.72,99.54,215.06,-1,-1,-1,-1
125,1,907.53,446.81,96.36,209.89,-1,-1,-1,-1
126,1,913.58,431.78,99.85,207.53,-1,-1,-1,-1
127,1,930.19,422.80,97.40,209.22,-1,-1,-1,-1
128,1,940.26,415.68,93.88,209.38,-1,-1,-1,-1
129,1,947.61,407.29,96.41,210.38,-1,-1,-1,-1
130,1,951.89,398.29,104.16,208.99,-1,-1,-1,-1
131,1,962.52,385.00,99.26,204.40,-1,-1,-1,-1
132,1,969.31,379.58,103.15,201.52,-1,-1,-1,-1
133,1,979.98,359.29,109.41,212.00,-1,-1,-1,-1
134,1,991.46,351.87,104.29,208.48,-1,-1,-1,-1
135,1,1000.80,345.57,102.81,203.61,-1,-1,-1,-1
136,1,1008.52,337.57,101.98,207.99,-1,-1,-1,-1
137,1,1016.99,330.26,103.20,204.57,-1,-1,-1,-1
138,1,1022.31,318.85,107.90,209.06,-1,-1,-1,-1
139,1,1030.46,304.98,107.75,207.88,-1,-1,-1,-1
140,1,1036.37,294.85,110.99,212.08,-1,-1,-1,-1
141,1,1045.73,286.08,107.47,210.80,-1,-1,-1,-1
142,1,1054.62,276.80,106.01,213.06,-1,-1,-1,-1
143,1,1061.13,267.69,108.51,215.10,-1,-1,-1,-1
144,1,1068.98,260.46,108.58,214.34,-1,-1,-1,-1
145,1,1064.76,242.75,119.64,218.46,-1,-1,-1,-1
146,1,1077.10,237.50,109.62,215.33,-1,-1,-1,-1
147,1,1085.70,229.53,107.04,215.17,-1,-1,-1,-1
148,1,1084.46,222.22,112.57,213.45,-1,-1,-1,-1
149,1,1095.63,216.19,104.65,211.42,-1,-1,-1,-1
150,1,1090.16,203.91,116.14,216.96,-1,-1,-1,-1
151,1,1100.68,195.19,109.16,218.79,-1,-1,-1,-1
152,1,1097.42,185.95,115.87,220.22,-1,-1,-1,-1
153,1,1100.48,180.55,112.02,216.76,-1,-1,-1,-1
154,1,1108.91,164.69,108.25,217.32,-1,-1,-1,-1
155,1,1112.86,164.04,101.29,217.46,-1,-1,-1,-1
156,1,1113.93,157.29,100.08,213.45,-1,-1,-1,-1
157,1,1113.68,149.07,100.26,214.06,-1,-1,-1,-1
158,1,1112.82,141.96,101.48,214.41,-1,-1,-1,-1
159,1,1112.99,132.79,101.03,217.00,-1,-1,-1,-1
160,1,1110.19,124.53,106.55,216.96,-1,-1,-1,-1
161,1,1103.91,118.81,105.64,212.88,-1,-1,-1,-1
162,1,1102.14,117.31,107.70,213.66,-1,-1,-1,-1
163,1,1092.96,102.97,111.24,212.82,-1,-1,-1,-1
164,1,1095.70,102.55,106.38,212.64,-1,-1,-1,-1
165,1,1095.03,101.83,106.22,209.77,-1,-1,-1,-1
166,1,1096.30,86.87,101.10,212.37,-1,-1,-1,-1
167,1,1091.83,89.06,96.71,205.81,-1,-1,-1,-1
168,1,1088.79,86.61,100.89,208.37,-1,-1,-1,-1
169,1,1079.16,77.51,105.10,211.53,-1,-1,-1,-1
170,1,1073.63,73.26,100.14,207.28,-1,-1,-1,-1
171,1,1063.89,71.32,105.89,207.89,-1,-1,-1,-1
172,1,1057.21,65.17,103.09,207.52,-1,-1,-1,-1
173,1,1057.84,63.58,99.01,206.81,-1,-1,-1,-1
174,1,1048.15,62.98,102.81,208.00,-1,-1,-1,-1
175,1,1039.95,57.09,104.42,207.19,-1,-1,-1,-1
176,1,1031.45,47.21,104.65,211.47,-1,-1,-1,-1
177,1,1025.69,56.12,101.14,205.29,-1,-1,-1,-1
178,1,1016.92,47.73,100.92,206.02,-1,-1,-1,-1
179,1,1010.42,48.06,97.30,204.85,-1,-1,-1,-1
180,1,995.68,42.22,98.41,203.88,-1,-1,-1,-1
181,1,987.59,41.57,98.72,206.22,-1,-1,-1,-1
182,1,980.84,33.89,94.10,207.48,-1,-1,-1,-1
183,1,970.08,40.14,99.47,205.15,-1,-1,-1,-1
184,1,962.52,39.72,97.85,205.80,-1,-1,-1,-1
185,1,947.46,34.25,99.01,203.69,-1,-1,-1,-1
186,1,941.97,34.42,94.24,202.80,-1,-1,-1,-1
187,1,933.18,35.53,94.18,203.88,-1,-1,-1,-1
188,1,922.87,34.95,98.05,204.80,-1,-1,-1,-1
189,1,916.83,33.73,93.09,204.22,-1,-1,-1,-1
190,1,902.49,34.12,92.66,201.36,-1,-1,-1,-1
191,1,893.41,35.53,94.40,202.88,-1,-1,-1,-1
192,1,884.12,34.35,95.66,206.08,-1,-1,-1,-1
193,1,873.73,40.46,98.74,204.26,-1,-1,-1,-1
194,1,865.95,40.93,97.62,205.03,-1,-1,-1,-1
195,1,853.23,42.23,94.20,203.72,-1,-1,-1,-1
196,1,843.22,41.77,97.86,207.22,-1,-1,-1,-1
197,1,835.83,43.21,96.36,204.23,-1,-1,-1,-1
198,1,825.15,42.46,101.11,205.11,-1,-1,-1,-1
199,1,817.93,48.24,98.94,207.96,-1,-1,-1,-1
200,1,801.15,49.13,103.20,207.66,-1,-1,-1,-1
201,1,802.09,58.42,98.20,203.82,-1,-1,-1,-1
202,1,792.25,55.60,101.19,206.60,-1,-1,-1,-1
203,1,786.19,58.41,97.31,205.92,-1,-1,-1,-1
204,1,778.01,56.99,98.19,207.01,-1,-1,-1,-1
205,1,768.81,64.36,101.74,205.38,-1,-1,-1,-1
206,1,760.05,71.74,103.79,207.51,-1,-1,-1,-1
207,1,753.50,73.40,99.82,206.45,-1,-1,-1,-1
208,1,746.06,87.50,101.36,205.42,-1,-1,-1,-1
209,1,744.59,79.66,101.22,211.08,-1,-1,-1,-1
210,1,738.12,88.63,99.93,208.12,-1,-1,-1,-1
211,1,736.58,94.66,101.19,207.93,-1,-1,-1,-1
212,1,727.37,101.66,105.83,212.28,-1,-1,-1,-1
213,1,719.77,102.51,106.03,210.27,-1,-1,-1,-1
214,1,718.89,112.99,106.15,207.58,-1,-1,-1,-1
215,1,719.78,119.11,103.23,211.75,-1,-1,-1,-1
216,1,719.31,124.99,103.22,211.25,-1,-1,-1,-1
217,1,711.79,132.66,105.41,213.30,-1,-1,-1,-1
218,1,712.21,140.07,103.51,212.86,-1,-1,-1,-1
219,1,711.58,148.60,106.00,212.29,-1,-1,-1,-1
220,1,712.02,150.98,104.30,212.79,-1,-1,-1,-1
221,1,710.98,155.17,107.07,215.26,-1,-1,-1,-1
222,1,710.57,164.43,108.16,215.34,-1,-1,-1,-1
223,1,709.59,171.93,110.26,214.24,-1,-1,-1,-1
224,1,718.06,177.98,106.45,220.38,-1,-1,-1,-1
225,1,717.31,186.23,108.11,216.54,-1,-1,-1,-1
226,1,709.54,193.67,125.64,219.07,-1,-1,-1,-1
227,1,720.48,205.37,118.73,212.93,-1,-1,-1,-1
228,1,726.66,216.38,107.31,208.91,-1,-1,-1,-1
229,1,731.82,221.18,111.72,212.02,-1,-1,-1,-1
230,1,726.81,221.10,123.50,216.38,-1,-1,-1,-1
231,1,737.67,234.62,116.80,218.78,-1,-1,-1,-1
232,1,747.27,243.77,111.95,215.49,-1,-1,-1,-1
233,1,744.21,249.06,134.90,222.69,-1,-1,-1,-1
234,1,757.27,263.73,110.10,209.56,-1,-1,-1,-1
235,1,759.92,266.54,118.58,218.77,-1,-1,-1,-1
236,1,774.35,278.28,106.42,213.03,-1,-1,-1,-1
237,1,782.01,293.96,106.05,213.94,-1,-1,-1,-1
238,1,791.60,301.96,105.03,213.79,-1,-1,-1,-1
239,1,800.90,319.26,101.00,206.83,-1,-1,-1,-1
240,1,809.77,327.02,100.92,207.11,-1,-1,-1,-1
241,1,810.97,328.56,112.71,210.01,-1,-1,-1,-1
242,1,823.93,346.07,104.95,206.36,-1,-1,-1,-1
243,1,838.04,351.56,105.07,209.69,-1,-1,-1,-1
244,1,846.71,361.14,104.12,205.95,-1,-1,-1,-1
245,1,853.59,367.41,107.79,211.32,-1,-1,-1,-1
246,1,864.05,383.44,102.48,208.41,-1,-1,-1,-1
247,1,874.03,400.49,100.84,204.21,-1,-1,-1,-1
248,1,882.04,400.13,101.13,209.51,-1,-1,-1,-1
249,1,897.88,416.54,98.22,206.55,-1,-1,-1,-1
250,1,906.84,424.92,97.65,205.49,-1,-1,-1,-1
2,2,1099.54,192.39,94.52,206.96,-1,-1,-1,-1
3,2,1100.60,186.40,92.58,205.40,-1,-1,-1,-1
4,2,1102.91,179.17,90.89,204.75,-1,-1,-1,-1
5,2,1101.62,172.31,94.25,212.87,-1,-1,-1,-1
6,2,1101.40,164.32,95.05,214.90,-1,-1,-1,-1
7,2,1101.19,161.86,95.70,217.64,-1,-1,-1,-1
8,2,1102.25,145.73,93.85,206.54,-1,-1,-1,-1
9,2,1101.61,145.02,95.18,206.34,-1,-1,-1,-1
10,2,1101.96,137.87,93.91,206.41,-1,-1,-1,-1
11,2,1100.37,133.59,95.62,209.47,-1,-1,-1,-1
12,2,1099.39,122.61,93.96,205.40,-1,-1,-1,-1
13,2,1094.75,116.13,94.10,203.03,-1,-1,-1,-1
14,2,1093.60,114.32,92.71,204.75,-1,-1,-1,-1
15,2,1092.15,112.05,91.93,206.27,-1,-1,-1,-1
16,2,1086.45,102.36,91.71,209.51,-1,-1,-1,-1
17,2,1083.89,100.82,91.94,201.78,-1,-1,-1,-1
18,2,1076.82,89.47,93.12,207.83,-1,-1,-1,-1
19,2,1069.50,89.32,94.72,206.45,-1,-1,-1,-1
20,2,1068.94,84.48,90.53,201.42,-1,-1,-1,-1
21,2,1061.39,75.57,90.89,203.58,-1,-1,-1,-1
22,2,1054.13,75.25,90.35,204.04,-1,-1,-1,-1
23,2,1047.17,71.18,90.40,206.98,-1,-1,-1,-1
24,2,1040.42,67.20,88.54,203.86,-1,-1,-1,-1
25,2,1031.21,58.29,90.63,205.64,-1,-1,-1,-1
26,2,1021.63,61.07,92.62,211.80,-1,-1,-1,-1
27,2,1015.16,55.65,91.29,207.81,-1,-1,-1,-1
28,2,1009.69,51.54,85.83,203.03,-1,-1,-1,-1
29,2,998.14,54.70,91.17,208.28,-1,-1,-1,-1
30,2,991.54,49.68,87.99,205.14,-1,-1,-1,-1
31,2,984.26,48.25,85.14,204.36,-1,-1,-1,-1
32,2,976.02,45.80,84.56,200.07,-1,-1,-1,-1
33,2,960.69,45.07,88.89,211.42,-1,-1,-1,-1
34,2,952.93,42.90,87.57,203.96,-1,-1,-1,-1
35,2,943.55,46.66,87.82,207.85,-1,-1,-1,-1
36,2,935.61,42.16,86.51,204.45,-1,-1,-1,-1
37,2,926.73,42.76,86.75,204.73,-1,-1,-1,-1
38,2,912.84,41.42,87.62,206.05,-1,-1,-1,-1
39,2,903.25,38.78,88.94,208.30,-1,-1,-1,-1
40,2,895.78,40.30,85.68,206.17,-1,-1,-1,-1
41,2,881.70,40.10,88.02,208.51,-1,-1,-1,-1
42,2,872.43,41.60,89.15,206.45,-1,-1,-1,-1
44,2,857.52,44.32,83.48,201.98,-1,-1,-1,-1
45,2,847.58,49.14,86.05,204.57,-1,-1,-1,-1
46,2,839.70,49.81,84.25,202.93,-1,-1,-1,-1
47,2,825.30,47.91,88.52,207.21,-1,-1,-1,-1
48,2,818.18,50.70,85.31,204.03,-1,-1,-1,-1
49,2,806.13,55.21,92.40,207.70,-1,-1,-1,-1
50,2,797.40,59.40,91.58,203.15,-1,-1,-1,-1
51,2,789.96,61.61,90.86,209.68,-1,-1,-1,-1
52,2,781.11,61.46,92.60,209.42,-1,-1,-1,-1
53,2,774.87,66.61,89.97,203.65,-1,-1,-1,-1
54,2,766.63,73.88,91.06,202.29,-1,-1,-1,-1
55,2,759.68,74.19,91.03,202.98,-1,-1,-1,-1
56,2,750.89,81.07,93.05,202.77,-1,-1,-1,-1
57,2,747.82,81.59,93.70,202.57,-1,-1,-1,-1
58,2,740.88,89.31,93.03,203.90,-1,-1,-1,-1
59,2,733.79,90.94,94.01,203.38,-1,-1,-1,-1
60,2,731.78,95.32,93.10,208.05,-1,-1,-1,-1
61,2,726.03,99.88,92.77,202.54,-1,-1,-1,-1
62,2,717.04,104.64,96.51,208.13,-1,-1,-1,-1
63,2,717.90,112.89,92.41,205.35,-1,-1,-1,-1
64,2,716.14,114.88,92.98,203.71,-1,-1,-1,-1
65,2,710.76,123.62,93.41,203.47,-1,-1,-1,-1
66,2,708.73,133.64,95.49,208.79,-1,-1,-1,-1
67,2,707.88,135.80,95.63,207.16,-1,-1,-1,-1
68,2,707.76,143.91,93.44,208.87,-1,-1,-1,-1
69,2,707.04,149.64,94.93,209.32,-1,-1,-1,-1
70,2,707.47,158.30,93.98,210.34,-1,-1,-1,-1
71,2,706.46,166.37,96.04,212.59,-1,-1,-1,-1
72,2,707.22,172.42,95.84,211.82,-1,-1,-1,-1
73,2,707.74,175.45,94.64,210.12,-1,-1,-1,-1
74,2,708.10,184.67,96.44,219.91,-1,-1,-1,-1
75,2,708.97,195.50,97.04,214.53,-1,-1,-1,-1
76,2,715.49,199.85,95.51,207.72,-1,-1,-1,-1
77,2,715.92,213.46,98.09,209.66,-1,-1,-1,-1
78,2,723.67,219.24,93.56,203.20,-1,-1,-1,-1
79,2,723.25,225.41,99.31,206.30,-1,-1,-1,-1
80,2,730.92,233.17,96.71,203.86,-1,-1,-1,-1
81,2,732.35,243.91,97.94,201.10,-1,-1,-1,-1
82,2,740.34,249.27,95.64,203.47,-1,-1,-1,-1
83,2,746.92,263.64,97.17,205.66,-1,-1,-1,-1
84,2,755.12,271.86,95.28,205.71,-1,-1,-1,-1
85,2,762.04,283.12,97.45,200.85,-1,-1,-1,-1
86,2,770.35,289.85,95.76,202.89,-1,-1,-1,-1
87,2,774.14,300.73,94.76,200.49,-1,-1,-1,-1
88,2,783.04,307.24,92.57,202.53,-1,-1,-1,-1
89,2,794.64,317.26,95.15,200.06,-1,-1,-1,-1
90,2,799.35,332.79,92.26,199.28,-1,-1,-1,-1
91,2,813.68,336.05,89.84,194.77,-1,-1,-1,-1
92,2,821.22,352.59,91.40,203.26,-1,-1,-1,-1
93,2,829.88,363.98,91.07,198.00,-1,-1,-1,-1
94,2,839.47,371.72,89.54,200.07,-1,-1,-1,-1
95,2,846.31,377.63,92.48,200.80,-1,-1,-1,-1
96,2,854.77,388.05,93.70,202.08,-1,-1,-1,-1
97,2,870.03,400.85,89.56,203.93,-1,-1,-1,-1
98,2,877.79,409.37,91.55,202.25,-1,-1,-1,-1
99,2,886.43,422.77,92.02,208.46,-1,-1,-1,-1
101,2,907.39,442.60,93.06,202.21,-1,-1,-1,-1
102,2,916.81,448.48,92.18,205.76,-1,-1,-1,-1
106,2,956.36,490.41,91.29,203.50,-1,-1,-1,-1
107,2,965.84,495.56,89.29,207.25,-1,-1,-1,-1
108,2,973.48,509.83,92.63,210.80,-1,-1,-1,-1
111,2,1003.51,536.79,93.24,206.03,-1,-1,-1,-1
112,2,1011.13,544.59,93.96,205.98,-1,-1,-1,-1
113,2,1019.57,559.90,92.96,207.04,-1,-1,-1,-1
114,2,1027.82,567.19,91.62,207.48,-1,-1,-1,-1
115,2,1036.73,577.73,90.46,203.72,-1,-1,-1,-1
116,2,1041.59,583.72,88.20,205.96,-1,-1,-1,-1
117,2,1054.50,595.38,87.13,202.06,-1,-1,-1,-1
118,2,1057.28,602.44,88.09,201.59,-1,-1,-1,-1
119,2,1067.68,611.14,82.50,200.31,-1,-1,-1,-1
120,2,1073.02,618.42,84.84,201.81,-1,-1,-1,-1
121,2,1080.68,633.71,82.50,201.56,-1,-1,-1,-1
122,2,1083.24,635.70,85.67,203.00,-1,-1,-1,-1
123,2,1090.58,643.85,83.53,202.88,-1,-1,-1,-1
124,2,1096.73,660.24,81.89,198.30,-1,-1,-1,-1
125,2,1098.36,666.53,81.94,200.84,-1,-1,-1,-1
126,2,1100.39,675.48,82.00,198.02,-1,-1,-1,-1
127,2,1106.88,684.90,79.79,197.36,-1,-1,-1,-1
128,2,1108.78,694.10,77.55,193.14,-1,-1,-1,-1
129,2,1108.39,699.73,80.78,198.56,-1,-1,-1,-1
137,2,1108.74,757.18,78.63,198.20,-1,-1,-1,-1
138,2,1102.08,764.46,78.84,197.17,-1,-1,-1,-1
140,2,1098.81,772.88,80.22,200.44,-1,-1,-1,-1
142,2,1090.64,786.75,81.27,199.51,-1,-1,-1,-1
143,2,1085.99,789.84,76.72,197.77,-1,-1,-1,-1
144,2,1076.15,795.68,83.51,198.91,-1,-1,-1,-1
145,2,1072.66,795.52,84.23,201.01,-1,-1,-1,-1
146,2,1067.58,804.74,80.70,198.30,-1,-1,-1,-1
147,2,1061.18,804.74,79.06,201.33,-1,-1,-1,-1
148,2,1052.53,812.43,80.06,196.04,-1,-1,-1,-1
149,2,1045.76,816.12,79.36,193.91,-1,-1,-1,-1
150,2,1035.94,813.29,82.06,198.56,-1,-1,-1,-1
151,2,1029.80,821.50,79.37,193.85,-1,-1,-1,-1
152,2,1020.15,826.87,82.16,199.19,-1,-1,-1,-1
153,2,1010.93,828.00,84.06,197.61,-1,-1,-1,-1
154,2,1004.74,835.27,79.07,197.50,-1,-1,-1,-1
155,2,995.50,835.17,82.13,198.42,-1,-1,-1,-1
156,2,987.44,835.97,80.22,196.81,-1,-1,-1,-1
157,2,977.93,831.15,82.79,195.40,-1,-1,-1,-1
158,2,969.05,837.31,82.44,199.10,-1,-1,-1,-1
159,2,956.26,843.11,82.18,198.51,-1,-1,-1,-1
160,2,947.61,836.42,82.18,199.70,-1,-1,-1,-1
161,2,937.92,843.27,83.70,198.95,-1,-1,-1,-1
162,2,927.91,843.22,85.78,199.88,-1,-1,-1,-1
163,2,916.02,837.05,83.12,199.50,-1,-1,-1,-1
164,2,907.81,842.12,81.94,200.35,-1,-1,-1,-1
165,2,899.30,836.24,80.66,202.66,-1,-1,-1,-1
166,2,890.64,837.33,79.70,199.42,-1,-1,-1,-1
167,2,881.50,843.48,81.11,198.60,-1,-1,-1,-1
168,2,869.37,843.09,79.48,198.55,-1,-1,-1,-1
169,2,859.87,842.81,80.98,198.70,-1,-1,-1,-1
170,2,849.23,836.70,84.64,197.57,-1,-1,-1,-1
171,2,840.81,830.34,82.62,196.63,-1,-1,-1,-1
172,2,831.79,828.44,85.68,200.81,-1,-1,-1,-1
173,2,819.92,827.75,82.44,199.21,-1,-1,-1,-1
174,2,812.45,827.92,81.09,198.93,-1,-1,-1,-1
175,2,803.82,827.96,81.53,199.86,-1,-1,-1,-1
176,2,797.00,822.45,79.14,197.47,-1,-1,-1,-1
177,2,789.08,821.78,78.78,196.59,-1,-1,-1,-1
178,2,782.46,815.73,75.63,195.56,-1,-1,-1,-1
180,2,763.82,804.05,83.51,198.65,-1,-1,-1,-1
182,2,752.33,797.48,85.52,200.68,-1,-1,-1,-1
183,2,746.13,797.38,83.93,197.67,-1,-1,-1,-1
185,2,738.79,780.54,81.99,199.58,-1,-1,-1,-1
186,2,731.78,778.74,81.87,200.05,-1,-1,-1,-1
187,2,728.44,772.50,82.33,198.82,-1,-1,-1,-1
188,2,723.26,764.53,82.82,197.69,-1,-1,-1,-1
189,2,723.23,758.19,80.02,198.59,-1,-1,-1,-1
190,2,723.46,759.17,77.97,194.55,-1,-1,-1,-1
191,2,717.17,750.66,78.98,195.74,-1,-1,-1,-1
192,2,716.07,749.77,79.27,194.32,-1,-1,-1,-1
193,2,716.52,741.87,76.80,194.78,-1,-1,-1,-1
194,2,716.07,734.56,77.29,195.58,-1,-1,-1,-1
195,2,717.23,726.86,74.88,195.70,-1,-1,-1,-1
196,2,716.64,716.66,75.88,197.48,-1,-1,-1,-1
198,2,717.16,699.80,77.78,200.15,-1,-1,-1,-1
199,2,718.76,693.70,77.30,194.46,-1,-1,-1,-1
200,2,722.30,686.90,79.44,196.91,-1,-1,-1,-1
201,2,722.48,676.50,83.00,199.72,-1,-1,-1,-1
202,2,723.54,668.24,84.19,200.35,-1,-1,-1,-1
203,2,730.73,661.13,79.32,200.16,-1,-1,-1,-1
204,2,735.39,652.65,84.60,200.89,-1,-1,-1,-1
205,2,737.88,640.23,84.07,204.61,-1,-1,-1,-1
206,2,744.89,636.93,81.79,199.20,-1,-1,-1,-1
207,2,746.94,621.10,84.07,200.59,-1,-1,-1,-1
208,2,752.76,612.37,86.14,202.82,-1,-1,-1,-1
209,2,759.56,603.73,85.98,202.56,-1,-1,-1,-1
210,2,767.77,595.57,84.77,204.10,-1,-1,-1,-1
211,2,774.02,585.01,87.29,207.11,-1,-1,-1,-1
212,2,780.78,578.48,89.12,202.54,-1,-1,-1,-1
213,2,784.74,570.12,89.93,204.94,-1,-1,-1,-1
214,2,796.70,561.61,88.92,205.77,-1,-1,-1,-1
216,2,811.36,540.27,92.79,201.68,-1,-1,-1,-1
217,2,820.18,527.72,90.50,207.19,-1,-1,-1,-1
218,2,829.46,519.83,90.74,208.19,-1,-1,-1,-1
219,2,837.74,508.96,92.45,211.57,-1,-1,-1,-1
220,2,848.52,498.73,88.93,203.27,-1,-1,-1,-1
221,2,855.25,490.83,93.61,205.04,-1,-1,-1,-1
222,2,869.28,476.69,88.51,201.22,-1,-1,-1,-1
223,2,876.35,474.00,91.97,203.61,-1,-1,-1,-1
224,2,886.68,458.54,91.78,206.08,-1,-1,-1,-1
226,2,908.89,442.08,89.63,202.87,-1,-1,-1,-1
227,2,919.14,428.51,87.43,200.16,-1,-1,-1,-1
228,2,927.90,419.05,89.55,202.83,-1,-1,-1,-1
229,2,936.02,411.21,90.05,199.55,-1,-1,-1,-1
230,2,945.20,403.19,88.09,199.88,-1,-1,-1,-1
231,2,958.09,387.96,89.03,201.75,-1,-1,-1,-1
232,2,967.36,379.73,88.00,199.50,-1,-1,-1,-1
233,2,975.89,366.76,88.23,196.25,-1,-1,-1,-1
234,2,983.60,357.28,91.88,200.51,-1,-1,-1,-1
235,2,992.35,354.24,90.21,199.60,-1,-1,-1,-1
236,2,1004.56,342.88,91.77,197.83,-1,-1,-1,-1
237,2,1013.05,329.50,91.38,202.17,-1,-1,-1,-1
238,2,1019.65,322.57,95.03,203.50,-1,-1,-1,-1
239,2,1027.66,305.85,94.07,205.69,-1,-1,-1,-1
240,2,1036.05,299.89,93.29,201.03,-1,-1,-1,-1
241,2,1042.26,290.61,95.74,204.18,-1,-1,-1,-1
242,2,1049.68,282.64,97.32,204.11,-1,-1,-1,-1
243,2,1051.44,274.27,98.74,203.52,-1,-1,-1,-1
244,2,1058.98,264.93,98.34,205.24,-1,-1,-1,-1
245,2,1067.40,250.46,96.13,202.99,-1,-1,-1,-1
246,2,1068.82,242.68,97.15,203.14,-1,-1,-1,-1
247,2,1076.30,233.88,98.01,203.17,-1,-1,-1,-1
248,2,1082.99,230.88,96.38,207.14,-1,-1,-1,-1
249,2,1083.54,223.35,99.78,208.46,-1,-1,-1,-1
250,2,1090.41,215.59,97.94,205.85,-1,-1,-1,-1
2,3,784.59,56.99,84.82,205.93,-1,-1,-1,-1
3,3,778.24,64.70,81.93,204.18,-1,-1,-1,-1
4,3,768.14,66.04,86.70,206.74,-1,-1,-1,-1
5,3,760.89,73.52,85.24,202.93,-1,-1,-1,-1
6,3,753.66,79.56,84.44,204.08,-1,-1,-1,-1
7,3,746.49,79.40,84.79,204.49,-1,-1,-1,-1
8,3,745.38,80.62,83.20,203.39,-1,-1,-1,-1
9,3,737.13,89.26,84.52,207.58,-1,-1,-1,-1
10,3,731.37,89.37,82.86,208.62,-1,-1,-1,-1
11,3,728.57,97.69,85.70,208.29,-1,-1,-1,-1
12,3,719.90,103.66,88.46,206.83,-1,-1,-1,-1
13,3,721.17,110.52,84.40,207.17,-1,-1,-1,-1
14,3,718.98,111.75,88.09,207.01,-1,-1,-1,-1
15,3,713.86,127.05,84.43,205.16,-1,-1,-1,-1
16,3,714.04,129.10,83.23,203.55,-1,-1,-1,-1
17,3,710.49,135.25,89.36,207.71,-1,-1,-1,-1
18,3,704.70,136.36,87.74,208.15,-1,-1,-1,-1
19,3,703.95,144.26,89.25,210.92,-1,-1,-1,-1
20,3,705.14,158.45,87.20,209.52,-1,-1,-1,-1
21,3,703.52,160.29,90.09,208.76,-1,-1,-1,-1
22,3,709.84,171.68,90.63,213.05,-1,-1,-1,-1
23,3,711.44,175.41,87.45,211.29,-1,-1,-1,-1
24,3,710.05,181.69,91.28,211.52,-1,-1,-1,-1
25,3,712.90,190.17,86.63,212.46,-1,-1,-1,-1
26,3,710.62,198.22,91.61,213.39,-1,-1,-1,-1
27,3,716.10,208.42,94.83,210.17,-1,-1,-1,-1
28,3,718.71,216.42,90.34,207.31,-1,-1,-1,-1
29,3,725.62,231.53,92.15,205.42,-1,-1,-1,-1
30,3,726.20,232.83,91.90,207.16,-1,-1,-1,-1
31,3,730.48,240.17,98.40,210.56,-1,-1,-1,-1
32,3,740.39,250.26,93.65,205.10,-1,-1,-1,-1
33,3,742.70,264.22,90.89,204.19,-1,-1,-1,-1
34,3,751.25,266.04,89.38,205.24,-1,-1,-1,-1
35,3,759.09,282.21,89.37,202.12,-1,-1,-1,-1
36,3,767.22,287.75,89.70,205.02,-1,-1,-1,-1
37,3,775.34,297.97,88.58,204.73,-1,-1,-1,-1
38,3,784.16,306.76,86.94,205.07,-1,-1,-1,-1
39,3,792.76,314.25,85.89,205.28,-1,-1,-1,-1
40,3,801.65,329.23,84.74,202.90,-1,-1,-1,-1
41,3,811.92,338.94,81.22,203.66,-1,-1,-1,-1
42,3,819.84,346.74,81.47,204.34,-1,-1,-1,-1
43,3,831.77,353.05,86.55,207.81,-1,-1,-1,-1
44,3,839.14,361.98,87.72,204.35,-1,-1,-1,-1
45,3,847.82,375.55,87.16,205.62,-1,-1,-1,-1
46,3,859.26,391.88,81.49,204.21,-1,-1,-1,-1
47,3,865.97,393.10,84.97,206.07,-1,-1,-1,-1
48,3,880.22,408.38,85.30,205.45,-1,-1,-1,-1
49,3,891.79,419.11,78.95,204.01,-1,-1,-1,-1
50,3,897.31,425.57,85.48,205.53,-1,-1,-1,-1
51,3,908.80,433.32,80.14,208.27,-1,-1,-1,-1
52,3,916.19,441.50,81.37,204.62,-1,-1,-1,-1
53,3,927.77,456.62,86.72,206.69,-1,-1,-1,-1
54,3,937.59,464.51,84.13,208.04,-1,-1,-1,-1
55,3,946.47,474.39,82.53,201.60,-1,-1,-1,-1
56,3,956.72,489.45,79.88,203.45,-1,-1,-1,-1
57,3,968.53,495.15,84.01,206.13,-1,-1,-1,-1
58,3,975.47,503.08,87.21,205.51,-1,-1,-1,-1
59,3,986.73,511.79,81.56,208.34,-1,-1,-1,-1
60,3,993.42,527.76,85.29,205.87,-1,-1,-1,-1
61,3,1004.31,529.49,80.87,207.25,-1,-1,-1,-1
62,3,1011.21,543.28,82.73,205.16,-1,-1,-1,-1
63,3,1024.56,552.16,84.67,208.20,-1,-1,-1,-1
64,3,1027.32,561.05,83.15,208.71,-1,-1,-1,-1
65,3,1041.40,568.79,82.75,205.82,-1,-1,-1,-1
66,3,1044.83,583.58,79.17,205.54,-1,-1,-1,-1
67,3,1054.68,592.29,76.39,204.58,-1,-1,-1,-1
68,3,1059.07,600.02,82.47,203.44,-1,-1,-1,-1
69,3,1068.83,609.29,77.64,201.64,-1,-1,-1,-1
70,3,1075.86,616.89,79.06,203.49,-1,-1,-1,-1
71,3,1079.42,625.73,75.31,204.73,-1,-1,-1,-1
72,3,1085.32,632.62,77.39,204.08,-1,-1,-1,-1
73,3,1092.22,647.22,78.70,204.50,-1,-1,-1,-1
74,3,1093.38,657.06,78.72,201.90,-1,-1,-1,-1
75,3,1100.35,664.52,77.53,204.66,-1,-1,-1,-1
76,3,1103.48,673.07,74.44,203.38,-1,-1,-1,-1
77,3,1110.07,674.42,74.39,205.84,-1,-1,-1,-1
78,3,1111.47,689.07,72.75,203.71,-1,-1,-1,-1
79,3,1111.08,696.84,75.19,204.62,-1,-1,-1,-1
80,3,1112.17,705.82,73.21,201.51,-1,-1,-1,-1
81,3,1112.35,713.80,73.54,202.82,-1,-1,-1,-1
82,3,1111.85,714.11,74.73,203.71,-1,-1,-1,-1
83,3,1112.69,722.79,72.66,201.51,-1,-1,-1,-1
84,3,1112.21,730.04,73.96,201.71,-1,-1,-1,-1
85,3,1111.09,738.32,75.87,205.27,-1,-1,-1,-1
86,3,1110.00,745.12,77.30,203.31,-1,-1,-1,-1
87,3,1111.17,752.93,73.20,202.11,-1,-1,-1,-1
88,3,1105.57,755.40,71.39,203.00,-1,-1,-1,-1
89,3,1102.46,762.56,74.59,203.08,-1,-1,-1,-1
90,3,1100.96,763.46,76.06,204.42,-1,-1,-1,-1
91,3,1092.97,776.92,78.70,202.79,-1,-1,-1,-1
92,3,1093.40,778.54,75.58,205.78,-1,-1,-1,-1
93,3,1084.94,779.30,77.08,204.80,-1,-1,-1,-1
94,3,1078.62,785.85,75.73,202.95,-1,-1,-1,-1
95,3,1077.11,793.43,75.85,205.79,-1,-1,-1,-1
96,3,1069.90,801.77,74.36,201.38,-1,-1,-1,-1
97,3,1060.84,801.91,78.16,204.96,-1,-1,-1,-1
98,3,1053.53,809.13,76.30,201.34,-1,-1,-1,-1
99,3,1045.34,809.51,78.34,201.90,-1,-1,-1,-1
100,3,1037.54,810.45,77.25,201.59,-1,-1,-1,-1
101,3,1030.36,818.37,76.10,199.75,-1,-1,-1,-1
102,3,1022.24,825.92,75.72,200.45,-1,-1,-1,-1
103,3,1014.19,825.57,76.40,201.59,-1,-1,-1,-1
104,3,1005.98,826.46,75.19,200.93,-1,-1,-1,-1
105,3,996.94,832.72,77.38,203.00,-1,-1,-1,-1
106,3,988.71,827.49,76.36,202.95,-1,-1,-1,-1
107,3,981.49,832.43,75.38,203.71,-1,-1,-1,-1
108,3,965.73,832.99,77.71,202.73,-1,-1,-1,-1
109,3,958.19,833.26,75.54,202.22,-1,-1,-1,-1
110,3,949.08,833.16,77.77,205.19,-1,-1,-1,-1
111,3,940.50,840.96,77.43,201.53,-1,-1,-1,-1
112,3,927.71,835.00,74.66,204.41,-1,-1,-1,-1
113,3,918.16,833.12,76.66,203.71,-1,-1,-1,-1
114,3,909.25,840.45,76.72,202.71,-1,-1,-1,-1
115,3,899.83,841.29,79.24,202.64,-1,-1,-1,-1
116,3,885.79,841.08,77.99,202.32,-1,-1,-1,-1
117,3,878.07,834.46,76.13,204.80,-1,-1,-1,-1
118,3,868.76,834.19,79.19,206.55,-1,-1,-1,-1
119,3,862.21,834.15,74.32,202.88,-1,-1,-1,-1
120,3,852.40,826.97,77.71,204.95,-1,-1,-1,-1
121,3,838.13,833.53,77.07,201.79,-1,-1,-1,-1
122,3,830.53,826.80,75.97,202.21,-1,-1,-1,-1
123,3,820.70,826.26,79.46,205.21,-1,-1,-1,-1
124,3,814.68,826.83,74.41,200.37,-1,-1,-1,-1
125,3,804.52,818.08,78.95,201.74,-1,-1,-1,-1
126,3,797.49,818.12,76.26,199.30,-1,-1,-1,-1
127,3,789.82,810.56,75.92,202.57,-1,-1,-1,-1
128,3,781.49,810.66,76.51,198.86,-1,-1,-1,-1
129,3,773.04,809.54,78.67,201.13,-1,-1,-1,-1
130,3,766.04,801.76,76.61,202.20,-1,-1,-1,-1
131,3,756.40,794.91,80.55,204.97,-1,-1,-1,-1
132,3,757.55,793.91,75.58,201.57,-1,-1,-1,-1
133,3,749.44,787.61,75.80,203.73,-1,-1,-1,-1
134,3,740.16,786.95,81.02,202.27,-1,-1,-1,-1
135,3,740.77,779.39,76.73,203.04,-1,-1,-1,-1
136,3,733.74,778.63,75.27,201.17,-1,-1,-1,-1
137,3,725.78,770.81,77.89,204.71,-1,-1,-1,-1
138,3,725.77,770.74,76.93,198.94,-1,-1,-1,-1
139,3,725.91,762.54,74.71,200.09,-1,-1,-1,-1
140,3,719.30,754.54,74.80,200.27,-1,-1,-1,-1
141,3,717.62,747.49,76.70,198.48,-1,-1,-1,-1
142,3,717.57,746.63,75.81,198.84,-1,-1,-1,-1
143,3,716.43,732.11,76.98,199.37,-1,-1,-1,-1
144,3,717.21,731.03,75.55,198.59,-1,-1,-1,-1
145,3,716.65,723.02,76.75,198.62,-1,-1,-1,-1
146,3,717.98,714.89,74.24,198.51,-1,-1,-1,-1
147,3,717.43,706.45,75.90,200.27,-1,-1,-1,-1
148,3,718.81,699.24,73.53,201.03,-1,-1,-1,-1
149,3,717.17,683.37,77.91,204.02,-1,-1,-1,-1
150,3,719.57,682.59,74.87,203.31,-1,-1,-1,-1
151,3,725.94,674.70,75.64,204.43,-1,-1,-1,-1
152,3,726.79,665.95,75.93,201.17,-1,-1,-1,-1
153,3,732.26,657.71,77.25,200.81,-1,-1,-1,-1
154,3,734.96,649.17,75.02,202.65,-1,-1,-1,-1
155,3,740.24,634.50,78.40,205.90,-1,-1,-1,-1
156,3,746.29,625.23,80.77,205.69,-1,-1,-1,-1
157,3,747.17,617.43,81.74,203.07,-1,-1,-1,-1
158,3,754.60,608.78,81.96,206.52,-1,-1,-1,-1
159,3,761.69,601.25,81.93,205.41,-1,-1,-1,-1
160,3,769.68,590.87,82.42,206.62,-1,-1,-1,-1
161,3,771.29,584.09,82.59,207.85,-1,-1,-1,-1
162,3,779.46,576.43,82.01,207.64,-1,-1,-1,-1
163,3,785.94,568.82,84.36,204.19,-1,-1,-1,-1
164,3,794.35,559.31,83.86,205.25,-1,-1,-1,-1
165,3,801.66,544.52,85.17,210.32,-1,-1,-1,-1
166,3,810.54,537.84,84.33,204.49,-1,-1,-1,-1
167,3,818.20,521.34,84.60,207.07,-1,-1,-1,-1
168,3,832.37,513.14,85.01,209.07,-1,-1,-1,-1
169,3,841.44,503.61,83.83,207.10,-1,-1,-1,-1
170,3,850.66,497.82,81.52,207.42,-1,-1,-1,-1
171,3,859.25,489.60,82.07,204.99,-1,-1,-1,-1
172,3,867.85,472.37,81.63,208.21,-1,-1,-1,-1
173,3,880.22,463.16,85.66,209.09,-1,-1,-1,-1
174,3,889.62,455.75,83.24,205.60,-1,-1,-1,-1
175,3,898.16,448.15,84.21,206.79,-1,-1,-1,-1
176,3,913.00,432.75,83.56,210.41,-1,-1,-1,-1
177,3,920.78,424.97,83.71,205.52,-1,-1,-1,-1
178,3,930.10,417.41,83.48,206.20,-1,-1,-1,-1
179,3,937.94,407.92,84.25,206.19,-1,-1,-1,-1
180,3,945.67,401.50,84.77,204.19,-1,-1,-1,-1
181,3,960.66,393.29,84.51,204.07,-1,-1,-1,-1
182,3,966.64,375.74,88.32,205.69,-1,-1,-1,-1
183,3,974.28,360.83,89.11,209.80,-1,-1,-1,-1
184,3,985.81,353.79,84.50,207.79,-1,-1,-1,-1
185,3,992.78,346.86,85.82,204.79,-1,-1,-1,-1
186,3,1007.81,337.12,86.01,205.05,-1,-1,-1,-1
187,3,1010.28,330.89,84.26,203.77,-1,-1,-1,-1
188,3,1023.19,320.33,87.76,206.74,-1,-1,-1,-1
189,3,1024.79,312.62,87.60,203.96,-1,-1,-1,-1
190,3,1032.31,297.14,88.13,205.69,-1,-1,-1,-1
191,3,1040.65,287.48,87.40,206.69,-1,-1,-1,-1
192,3,1048.88,281.22,86.46,205.07,-1,-1,-1,-1
193,3,1053.08,266.33,93.10,206.89,-1,-1,-1,-1
194,3,1061.64,265.12,91.20,204.03,-1,-1,-1,-1
195,3,1062.41,255.03,92.36,206.76,-1,-1,-1,-1
196,3,1071.44,247.86,89.38,204.83,-1,-1,-1,-1
197,3,1079.90,233.02,87.56,207.76,-1,-1,-1,-1
198,3,1086.96,223.20,88.56,211.63,-1,-1,-1,-1
199,3,1087.52,216.46,88.70,209.84,-1,-1,-1,-1
200,3,1088.88,208.67,87.79,208.22,-1,-1,-1,-1
201,3,1097.13,200.37,85.63,209.76,-1,-1,-1,-1
202,3,1102.47,190.47,89.06,210.02,-1,-1,-1,-1
203,3,1102.01,183.51,89.96,209.22,-1,-1,-1,-1
204,3,1103.12,176.14,88.49,208.63,-1,-1,-1,-1
205,3,1105.44,174.30,84.63,207.64,-1,-1,-1,-1
206,3,1103.15,160.78,89.08,210.26,-1,-1,-1,-1
207,3,1105.08,159.56,85.60,206.69,-1,-1,-1,-1
208,3,1103.68,151.76,88.20,205.81,-1,-1,-1,-1
209,3,1104.49,143.26,86.94,206.01,-1,-1,-1,-1
210,3,1102.34,135.54,90.57,206.04,-1,-1,-1,-1
211,3,1102.15,128.67,90.08,209.01,-1,-1,-1,-1
212,3,1104.03,120.74,85.74,209.61,-1,-1,-1,-1
213,3,1096.17,121.42,88.09,204.89,-1,-1,-1,-1
214,3,1096.01,105.56,86.60,208.31,-1,-1,-1,-1
215,3,1090.94,104.72,83.13,207.31,-1,-1,-1,-1
216,3,1088.64,96.05,85.00,207.22,-1,-1,-1,-1
217,3,1082.22,89.06,84.82,209.68,-1,-1,-1,-1
218,3,1080.96,88.81,84.49,203.74,-1,-1,-1,-1
219,3,1071.49,88.01,88.44,206.38,-1,-1,-1,-1
220,3,1067.18,79.62,83.60,207.56,-1,-1,-1,-1
221,3,1064.61,73.25,84.98,205.97,-1,-1,-1,-1
222,3,1055.93,73.46,86.79,203.96,-1,-1,-1,-1
223,3,1049.70,66.73,83.62,205.91,-1,-1,-1,-1
224,3,1041.04,65.13,84.24,204.13,-1,-1,-1,-1
225,3,1034.43,63.90,82.83,204.76,-1,-1,-1,-1
226,3,1025.68,58.37,83.26,206.35,-1,-1,-1,-1
227,3,1017.42,57.76,84.09,203.50,-1,-1,-1,-1
228,3,1008.89,55.72,84.86,205.05,-1,-1,-1,-1
229,3,1002.48,47.06,81.65,206.35,-1,-1,-1,-1
230,3,994.19,46.90,81.75,207.22,-1,-1,-1,-1
231,3,981.30,41.23,79.32,209.07,-1,-1,-1,-1
232,3,977.79,40.49,82.44,209.11,-1,-1,-1,-1
233,3,963.52,40.94,80.97,208.80,-1,-1,-1,-1
234,3,954.95,41.02,81.10,205.11,-1,-1,-1,-1
235,3,945.31,40.67,83.62,206.16,-1,-1,-1,-1
236,3,937.96,40.63,82.02,205.33,-1,-1,-1,-1
237,3,924.31,39.65,80.90,205.44,-1,-1,-1,-1
238,3,913.43,39.39,84.35,205.62,-1,-1,-1,-1
239,3,907.56,34.15,79.67,207.10,-1,-1,-1,-1
240,3,899.57,40.47,79.17,206.03,-1,-1,-1,-1
241,3,882.26,38.95,84.07,206.36,-1,-1,-1,-1
242,3,874.42,41.04,82.63,205.60,-1,-1,-1,-1
243,3,866.81,40.46,81.44,203.74,-1,-1,-1,-1
244,3,858.68,40.11,81.01,205.73,-1,-1,-1,-1
245,3,844.54,40.41,80.71,206.06,-1,-1,-1,-1
246,3,836.50,41.09,79.55,208.82,-1,-1,-1,-1
247,3,828.83,47.64,78.90,206.23,-1,-1,-1,-1
248,3,817.12,50.52,84.44,205.79,-1,-1,-1,-1
249,3,812.19,48.50,78.76,204.57,-1,-1,-1,-1
250,3,800.38,55.00,85.65,205.90,-1,-1,-1,-1
2,4,739.23,669.53,78.89,198.64,-1,-1,-1,-1
3,4,740.37,658.04,80.35,201.76,-1,-1,-1,-1
4,4,746.87,650.99,78.72,202.90,-1,-1,-1,-1
5,4,750.26,635.11,77.92,204.18,-1,-1,-1,-1
6,4,754.49,628.26,82.48,202.85,-1,-1,-1,-1
7,4,760.50,620.35,82.78,200.92,-1,-1,-1,-1
8,4,763.14,611.86,83.98,203.04,-1,-1,-1,-1
9,4,769.82,601.17,84.89,203.70,-1,-1,-1,-1
10,4,777.88,594.88,82.88,203.74,-1,-1,-1,-1
11,4,785.97,583.82,83.61,208.70,-1,-1,-1,-1
12,4,793.10,575.75,84.03,205.62,-1,-1,-1,-1
13,4,800.06,569.26,86.66,204.27,-1,-1,-1,-1
14,4,807.73,558.02,86.73,210.13,-1,-1,-1,-1
15,4,816.19,544.07,86.05,206.13,-1,-1,-1,-1
16,4,823.38,534.72,87.70,210.74,-1,-1,-1,-1
17,4,831.07,528.72,90.00,207.82,-1,-1,-1,-1
18,4,841.13,516.71,86.22,215.09,-1,-1,-1,-1
19,4,849.20,502.96,88.25,211.84,-1,-1,-1,-1
20,4,862.44,497.88,87.69,206.20,-1,-1,-1,-1
21,4,871.10,485.64,86.80,213.47,-1,-1,-1,-1
22,4,879.54,475.27,87.76,204.57,-1,-1,-1,-1
23,4,888.96,466.69,86.49,202.61,-1,-1,-1,-1
24,4,896.04,457.92,90.35,206.14,-1,-1,-1,-1
25,4,910.44,447.98,88.99,206.72,-1,-1,-1,-1
26,4,919.78,439.43,87.32,207.38,-1,-1,-1,-1
27,4,929.23,434.13,86.77,201.20,-1,-1,-1,-1
28,4,938.27,423.80,86.11,205.32,-1,-1,-1,-1
29,4,944.63,408.82,89.35,203.52,-1,-1,-1,-1
30,4,960.16,394.97,86.02,203.78,-1,-1,-1,-1
31,4,968.83,387.92,85.59,200.11,-1,-1,-1,-1
32,4,976.50,380.27,88.60,201.04,-1,-1,-1,-1
33,4,989.11,370.69,90.76,201.05,-1,-1,-1,-1
34,4,998.35,362.78,88.11,201.21,-1,-1,-1,-1
35,4,1006.34,348.71,90.66,202.58,-1,-1,-1,-1
36,4,1013.92,339.62,90.65,202.20,-1,-1,-1,-1
37,4,1025.64,330.69,85.25,201.04,-1,-1,-1,-1
38,4,1032.77,323.37,86.82,201.36,-1,-1,-1,-1
39,4,1041.30,314.39,86.93,201.41,-1,-1,-1,-1
40,4,1046.32,296.96,92.90,207.90,-1,-1,-1,-1
41,4,1056.00,289.26,88.64,206.66,-1,-1,-1,-1
42,4,1063.88,280.88,89.10,207.49,-1,-1,-1,-1
43,4,1070.80,270.98,89.10,207.33,-1,-1,-1,-1
44,4,1076.83,257.91,91.83,206.66,-1,-1,-1,-1
45,4,1081.11,249.27,87.64,206.45,-1,-1,-1,-1
46,4,1087.82,241.79,90.19,207.85,-1,-1,-1,-1
47,4,1095.34,233.12,88.10,209.11,-1,-1,-1,-1
48,4,1097.71,222.89,86.73,211.51,-1,-1,-1,-1
49,4,1104.18,221.68,88.33,210.01,-1,-1,-1,-1
50,4,1107.28,208.54,84.30,205.11,-1,-1,-1,-1
51,4,1112.01,196.90,85.84,211.46,-1,-1,-1,-1
52,4,1112.31,190.62,87.93,212.62,-1,-1,-1,-1
53,4,1113.81,184.93,86.16,209.42,-1,-1,-1,-1
54,4,1120.56,181.97,84.97,208.42,-1,-1,-1,-1
55,4,1123.13,168.47,79.69,208.08,-1,-1,-1,-1
56,4,1123.40,160.80,81.78,208.31,-1,-1,-1,-1
57,4,1123.10,158.11,81.87,207.78,-1,-1,-1,-1
58,4,1122.01,145.86,84.30,206.16,-1,-1,-1,-1
59,4,1121.34,144.11,84.80,205.93,-1,-1,-1,-1
60,4,1121.86,134.05,82.47,208.81,-1,-1,-1,-1
61,4,1122.08,127.18,81.24,207.65,-1,-1,-1,-1
62,4,1114.97,127.13,83.22,205.43,-1,-1,-1,-1
63,4,1112.76,120.93,85.10,206.27,-1,-1,-1,-1
64,4,1111.96,103.58,85.58,211.49,-1,-1,-1,-1
65,4,1106.91,104.15,83.80,204.36,-1,-1,-1,-1
66,4,1105.99,95.76,81.65,207.16,-1,-1,-1,-1
67,4,1099.19,96.10,81.72,204.69,-1,-1,-1,-1
68,4,1097.04,93.77,83.25,208.17,-1,-1,-1,-1
69,4,1089.10,82.24,85.28,206.81,-1,-1,-1,-1
70,4,1081.66,79.86,85.61,207.56,-1,-1,-1,-1
71,4,1075.05,73.38,84.10,205.32,-1,-1,-1,-1
72,4,1073.74,70.85,81.54,206.21,-1,-1,-1,-1
73,4,1064.55,65.45,83.76,204.55,-1,-1,-1,-1
74,4,1058.47,59.18,80.88,205.49,-1,-1,-1,-1
75,4,1049.42,56.89,83.10,205.83,-1,-1,-1,-1
76,4,1042.96,50.36,80.96,206.87,-1,-1,-1,-1
77,4,1034.88,50.32,79.46,207.54,-1,-1,-1,-1
78,4,1025.88,47.37,82.00,206.98,-1,-1,-1,-1
79,4,1015.39,49.53,86.07,205.06,-1,-1,-1,-1
80,4,1005.71,47.66,79.07,204.99,-1,-1,-1,-1
81,4,996.06,48.99,82.11,202.73,-1,-1,-1,-1
82,4,988.09,47.32,80.66,205.42,-1,-1,-1,-1
83,4,980.39,42.10,78.57,205.81,-1,-1,-1,-1
84,4,970.97,41.95,79.50,205.49,-1,-1,-1,-1
85,4,956.73,41.35,81.67,206.50,-1,-1,-1,-1
86,4,947.90,41.24,82.98,203.24,-1,-1,-1,-1
87,4,940.46,41.28,79.23,206.22,-1,-1,-1,-1
88,4,931.43,39.55,80.11,206.34,-1,-1,-1,-1
89,4,921.45,42.39,82.15,204.26,-1,-1,-1,-1
90,4,909.63,38.91,78.45,205.59,-1,-1,-1,-1
91,4,900.95,40.35,78.54,205.26,-1,-1,-1,-1
92,4,891.00,40.98,80.19,205.84,-1,-1,-1,-1
93,4,883.56,41.25,78.89,205.09,-1,-1,-1,-1
94,4,869.20,42.60,80.78,204.12,-1,-1,-1,-1
95,4,860.11,42.61,80.52,206.96,-1,-1,-1,-1
96,4,850.98,47.92,81.98,204.88,-1,-1,-1,-1
97,4,844.25,46.98,77.64,206.12,-1,-1,-1,-1
98,4,835.56,48.10,78.91,206.91,-1,-1,-1,-1
99,4,824.95,49.78,83.41,204.06,-1,-1,-1,-1
100,4,816.72,55.35,83.34,204.37,-1,-1,-1,-1
101,4,808.44,58.41,83.57,207.33,-1,-1,-1,-1
102,4,801.01,62.70,82.69,206.24,-1,-1,-1,-1
103,4,791.18,65.90,86.04,205.31,-1,-1,-1,-1
104,4,784.17,70.80,85.14,205.99,-1,-1,-1,-1
105,4,775.97,73.53,85.76,205.64,-1,-1,-1,-1
106,4,767.94,73.03,86.59,208.44,-1,-1,-1,-1
107,4,760.06,79.65,87.68,206.39,-1,-1,-1,-1
108,4,752.69,87.62,87.91,203.73,-1,-1,-1,-1
109,4,753.12,87.66,84.75,204.57,-1,-1,-1,-1
110,4,745.76,96.27,85.40,207.24,-1,-1,-1,-1
111,4,743.61,97.78,86.42,203.53,-1,-1,-1,-1
112,4,736.77,104.25,86.22,208.16,-1,-1,-1,-1
113,4,735.66,102.32,86.90,210.25,-1,-1,-1,-1
114,4,728.34,111.62,88.74,207.70,-1,-1,-1,-1
115,4,727.91,119.03,86.92,207.87,-1,-1,-1,-1
116,4,726.82,128.22,87.74,207.17,-1,-1,-1,-1
117,4,721.92,135.44,86.58,205.55,-1,-1,-1,-1
118,4,720.77,143.47,88.31,206.23,-1,-1,-1,-1
119,4,720.97,145.17,88.13,206.67,-1,-1,-1,-1
120,4,721.59,151.49,87.13,210.73,-1,-1,-1,-1
121,4,721.29,165.24,87.69,210.42,-1,-1,-1,-1
122,4,726.29,165.46,88.61,214.58,-1,-1,-1,-1
123,4,726.02,174.69,89.34,209.96,-1,-1,-1,-1
124,4,725.72,182.49,91.52,213.37,-1,-1,-1,-1
125,4,726.81,189.62,90.12,212.21,-1,-1,-1,-1
126,4,726.86,195.37,91.13,213.50,-1,-1,-1,-1
127,4,735.03,205.64,89.30,211.60,-1,-1,-1,-1
128,4,734.21,216.89,92.44,208.79,-1,-1,-1,-1
129,4,743.43,224.44,88.42,207.45,-1,-1,-1,-1
130,4,741.57,227.60,94.05,215.46,-1,-1,-1,-1
131,4,751.67,239.14,89.99,209.18,-1,-1,-1,-1
132,4,756.16,247.53,94.79,209.39,-1,-1,-1,-1
133,4,764.69,262.75,93.02,208.91,-1,-1,-1,-1
134,4,765.69,266.40,94.18,206.10,-1,-1,-1,-1
135,4,774.55,279.86,92.26,208.68,-1,-1,-1,-1
136,4,782.84,288.39,91.08,208.76,-1,-1,-1,-1
137,4,790.87,295.93,90.18,206.87,-1,-1,-1,-1
138,4,800.70,313.82,86.34,201.73,-1,-1,-1,-1
139,4,807.60,314.11,88.41,203.94,-1,-1,-1,-1
140,4,815.40,321.52,88.42,206.99,-1,-1,-1,-1
141,4,822.60,339.72,90.11,201.19,-1,-1,-1,-1
142,4,832.38,347.55,87.93,202.14,-1,-1,-1,-1
143,4,840.01,354.17,88.70,204.47,-1,-1,-1,-1
144,4,848.35,364.32,89.05,203.05,-1,-1,-1,-1
145,4,862.92,378.52,87.66,202.73,-1,-1,-1,-1
146,4,869.49,386.65,90.45,204.18,-1,-1,-1,-1
147,4,879.90,400.52,88.46,203.59,-1,-1,-1,-1
148,4,889.60,411.27,86.17,200.92,-1,-1,-1,-1
149,4,898.34,420.52,85.86,196.71,-1,-1,-1,-1
150,4,911.82,431.86,86.72,204.76,-1,-1,-1,-1
151,4,919.54,435.69,88.50,202.71,-1,-1,-1,-1
152,4,928.17,449.54,88.53,201.33,-1,-1,-1,-1
153,4,943.73,455.06,84.91,206.61,-1,-1,-1,-1
154,4,950.51,466.33,88.15,201.50,-1,-1,-1,-1
155,4,959.68,481.55,87.46,202.74,-1,-1,-1,-1
156,4,969.05,482.65,85.12,205.32,-1,-1,-1,-1
157,4,976.43,498.76,88.59,203.30,-1,-1,-1,-1
158,4,992.58,507.40,83.66,201.85,-1,-1,-1,-1
159,4,992.56,514.99,89.80,201.46,-1,-1,-1,-1
160,4,1007.56,527.43,88.01,206.82,-1,-1,-1,-1
161,4,1016.34,537.03,86.36,205.40,-1,-1,-1,-1
162,4,1024.17,545.40,87.30,201.63,-1,-1,-1,-1
163,4,1034.02,553.92,84.03,205.41,-1,-1,-1,-1
164,4,1042.02,563.29,84.65,200.96,-1,-1,-1,-1
165,4,1049.69,576.55,84.30,202.97,-1,-1,-1,-1
166,4,1056.67,579.71,85.77,202.64,-1,-1,-1,-1
167,4,1065.62,594.57,82.59,203.53,-1,-1,-1,-1
168,4,1074.16,603.81,80.52,199.86,-1,-1,-1,-1
169,4,1074.27,612.59,86.88,200.78,-1,-1,-1,-1
170,4,1084.58,625.31,80.76,201.36,-1,-1,-1,-1
171,4,1091.39,629.25,80.75,198.63,-1,-1,-1,-1
172,4,1097.55,637.39,80.86,200.34,-1,-1,-1,-1
173,4,1101.37,651.10,79.06,201.00,-1,-1,-1,-1
174,4,1107.39,659.47,79.86,199.66,-1,-1,-1,-1
175,4,1107.88,666.63,81.39,198.83,-1,-1,-1,-1
176,4,1113.82,669.73,80.87,199.64,-1,-1,-1,-1
177,4,1117.19,681.65,77.58,201.23,-1,-1,-1,-1
178,4,1118.53,685.54,78.12,199.88,-1,-1,-1,-1
179,4,1125.13,700.27,74.47,197.31,-1,-1,-1,-1
180,4,1123.59,702.30,78.01,198.36,-1,-1,-1,-1
181,4,1125.55,715.26,75.47,198.86,-1,-1,-1,-1
182,4,1124.18,723.40,78.49,199.00,-1,-1,-1,-1
183,4,1125.67,731.78,75.26,197.59,-1,-1,-1,-1
184,4,1124.25,734.15,78.40,198.46,-1,-1,-1,-1
185,4,1124.42,740.60,76.37,199.05,-1,-1,-1,-1
186,4,1119.54,746.27,76.50,199.95,-1,-1,-1,-1
187,4,1120.44,749.30,72.94,197.43,-1,-1,-1,-1
188,4,1116.80,757.77,76.61,197.85,-1,-1,-1,-1
189,4,1109.65,765.04,80.05,197.95,-1,-1,-1,-1
190,4,1108.17,766.30,80.17,199.41,-1,-1,-1,-1
191,4,1102.66,779.46,77.63,199.81,-1,-1,-1,-1
192,4,1102.41,781.60,74.77,198.84,-1,-1,-1,-1
193,4,1092.92,787.59,79.73,198.27,-1,-1,-1,-1
194,4,1092.54,793.76,77.04,200.70,-1,-1,-1,-1
195,4,1084.26,793.95,78.31,200.91,-1,-1,-1,-1
196,4,1075.96,796.39,80.71,202.29,-1,-1,-1,-1
197,4,1069.67,803.49,78.76,201.72,-1,-1,-1,-1
198,4,1060.82,809.55,81.24,200.75,-1,-1,-1,-1
199,4,1061.08,810.74,75.71,200.27,-1,-1,-1,-1
200,4,1050.33,818.61,80.33,199.44,-1,-1,-1,-1
201,4,1043.16,819.02,79.24,200.73,-1,-1,-1,-1
202,4,1035.25,818.90,78.44,199.37,-1,-1,-1,-1
203,4,1027.98,825.74,76.62,202.23,-1,-1,-1,-1
204,4,1012.20,826.18,81.59,200.26,-1,-1,-1,-1
205,4,1004.67,827.77,80.28,202.97,-1,-1,-1,-1
206,4,994.70,827.50,83.49,204.24,-1,-1,-1,-1
207,4,987.27,834.32,80.88,201.89,-1,-1,-1,-1
208,4,978.97,833.20,80.26,201.98,-1,-1,-1,-1
209,4,963.92,835.75,83.42,201.77,-1,-1,-1,-1
210,4,956.75,836.09,81.56,202.72,-1,-1,-1,-1
211,4,947.27,835.34,82.51,203.61,-1,-1,-1,-1
212,4,938.60,834.01,81.54,202.55,-1,-1,-1,-1
213,4,929.60,833.42,83.44,202.32,-1,-1,-1,-1
214,4,915.21,841.06,84.30,202.35,-1,-1,-1,-1
215,4,908.16,833.28,80.11,202.87,-1,-1,-1,-1
216,4,899.87,841.28,80.36,202.19,-1,-1,-1,-1
217,4,888.72,834.47,83.80,201.95,-1,-1,-1,-1
218,4,882.72,833.47,80.39,201.86,-1,-1,-1,-1
219,4,866.21,833.67,84.81,200.67,-1,-1,-1,-1
220,4,858.97,834.02,81.17,201.37,-1,-1,-1,-1
221,4,851.39,833.64,80.53,200.66,-1,-1,-1,-1
222,4,842.80,824.43,80.28,205.47,-1,-1,-1,-1
223,4,835.18,823.49,80.20,205.34,-1,-1,-1,-1
224,4,825.91,824.85,80.66,204.30,-1,-1,-1,-1
225,4,814.60,824.00,77.83,204.33,-1,-1,-1,-1
226,4,805.17,812.68,80.24,202.03,-1,-1,-1,-1
227,4,797.38,818.01,79.57,200.73,-1,-1,-1,-1
228,4,788.35,811.68,81.87,202.35,-1,-1,-1,-1
229,4,788.76,809.07,75.28,202.15,-1,-1,-1,-1
230,4,779.46,809.19,77.83,201.76,-1,-1,-1,-1
231,4,771.21,802.29,79.92,202.26,-1,-1,-1,-1
232,4,764.08,796.68,79.93,199.85,-1,-1,-1,-1
233,4,757.06,789.40,79.46,199.26,-1,-1,-1,-1
234,4,755.81,788.86,78.33,200.25,-1,-1,-1,-1
235,4,750.51,781.83,75.40,198.11,-1,-1,-1,-1
236,4,741.27,780.74,80.80,198.24,-1,-1,-1,-1
237,4,739.19,770.40,80.98,199.87,-1,-1,-1,-1
238,4,732.07,765.93,82.84,199.57,-1,-1,-1,-1
239,4,732.89,764.77,77.89,196.62,-1,-1,-1,-1
240,4,731.68,756.89,77.97,196.25,-1,-1,-1,-1
241,4,725.24,747.63,80.70,199.02,-1,-1,-1,-1
242,4,724.84,747.78,79.41,196.82,-1,-1,-1,-1
243,4,724.52,740.75,79.68,196.32,-1,-1,-1,-1
244,4,726.28,726.72,77.02,197.24,-1,-1,-1,-1
245,4,725.71,726.28,77.30,193.06,-1,-1,-1,-1
246,4,725.48,717.99,78.13,196.45,-1,-1,-1,-1
247,4,726.29,708.28,77.57,196.79,-1,-1,-1,-1
248,4,726.21,703.12,78.93,195.58,-1,-1,-1,-1
249,4,731.55,694.29,77.37,195.72,-1,-1,-1,-1
250,4,732.57,683.97,76.02,200.08,-1,-1,-1,-1
4,5,1016.56,829.86,56.05,192.69,-1,-1,-1,-1
5,5,1007.45,828.90,57.84,200.11,-1,-1,-1,-1
6,5,994.95,829.57,65.66,197.64,-1,-1,-1,-1
7,5,990.88,829.38,56.51,197.35,-1,-1,-1,-1
8,5,976.60,829.81,57.23,198.29,-1,-1,-1,-1
9,5,965.01,835.95,63.31,197.00,-1,-1,-1,-1
10,5,958.23,836.19,60.86,196.98,-1,-1,-1,-1
11,5,950.51,837.34,57.89,196.63,-1,-1,-1,-1
12,5,941.00,836.64,59.85,197.23,-1,-1,-1,-1
13,5,926.70,836.28,60.47,198.99,-1,-1,-1,-1
14,5,920.06,837.59,56.74,197.73,-1,-1,-1,-1
15,5,910.59,836.00,58.23,198.27,-1,-1,-1,-1
16,5,900.49,836.02,61.48,200.16,-1,-1,-1,-1
17,5,887.78,837.63,57.96,194.75,-1,-1,-1,-1
18,5,879.95,836.21,57.97,198.70,-1,-1,-1,-1
19,5,869.53,836.61,61.21,197.82,-1,-1,-1,-1
20,5,861.99,835.82,59.50,197.33,-1,-1,-1,-1
24,5,824.83,820.84,56.56,197.22,-1,-1,-1,-1
30,5,773.50,803.13,62.32,200.58,-1,-1,-1,-1
32,5,765.93,787.50,59.55,201.90,-1,-1,-1,-1
33,5,758.50,788.63,59.46,196.92,-1,-1,-1,-1
36,5,742.83,772.39,60.29,199.43,-1,-1,-1,-1
38,5,736.16,763.15,57.09,198.58,-1,-1,-1,-1
39,5,735.60,757.62,55.61,194.38,-1,-1,-1,-1
40,5,735.59,758.35,54.40,193.47,-1,-1,-1,-1
42,5,726.79,740.65,59.01,196.46,-1,-1,-1,-1
53,5,742.23,659.18,58.71,198.83,-1,-1,-1,-1
55,5,753.22,636.43,55.23,200.96,-1,-1,-1,-1
56,5,757.19,626.86,60.40,201.74,-1,-1,-1,-1
57,5,758.62,618.65,60.83,200.74,-1,-1,-1,-1
58,5,765.92,610.97,61.64,200.67,-1,-1,-1,-1
59,5,772.22,603.95,64.28,198.63,-1,-1,-1,-1
60,5,780.36,593.23,62.32,203.44,-1,-1,-1,-1
61,5,787.83,577.77,63.85,204.08,-1,-1,-1,-1
62,5,795.74,571.45,63.00,201.10,-1,-1,-1,-1
63,5,804.22,564.86,62.40,200.36,-1,-1,-1,-1
64,5,811.10,553.44,64.78,203.10,-1,-1,-1,-1
65,5,819.62,547.32,63.72,200.07,-1,-1,-1,-1
66,5,827.57,536.90,64.52,202.85,-1,-1,-1,-1
67,5,834.64,525.26,67.01,200.32,-1,-1,-1,-1
68,5,846.53,517.22,60.37,199.53,-1,-1,-1,-1
69,5,852.61,507.31,64.14,198.56,-1,-1,-1,-1
70,5,861.79,497.54,62.21,201.59,-1,-1,-1,-1
71,5,875.69,483.14,63.86,202.34,-1,-1,-1,-1
72,5,882.01,475.80,67.97,201.90,-1,-1,-1,-1
73,5,892.66,467.65,63.98,202.15,-1,-1,-1,-1
74,5,900.60,457.23,64.56,202.78,-1,-1,-1,-1
76,5,922.42,441.53,65.76,201.34,-1,-1,-1,-1
77,5,931.61,434.47,65.32,199.92,-1,-1,-1,-1
78,5,941.67,419.83,62.36,200.38,-1,-1,-1,-1
79,5,948.45,411.39,64.65,200.00,-1,-1,-1,-1
80,5,956.21,395.66,65.99,201.33,-1,-1,-1,-1
81,5,969.67,389.15,67.19,196.50,-1,-1,-1,-1
82,5,977.95,383.63,68.77,190.20,-1,-1,-1,-1
83,5,985.38,377.07,70.33,188.92,-1,-1,-1,-1
84,5,1001.42,365.53,67.72,194.91,-1,-1,-1,-1
86,5,1013.78,341.56,75.00,195.78,-1,-1,-1,-1
87,5,1020.08,333.91,79.77,195.33,-1,-1,-1,-1
88,5,1029.10,323.77,77.34,198.69,-1,-1,-1,-1
89,5,1034.91,308.34,81.79,197.72,-1,-1,-1,-1
90,5,1041.52,300.70,84.21,201.39,-1,-1,-1,-1
91,5,1051.60,283.17,79.97,203.67,-1,-1,-1,-1
92,5,1058.15,274.96,82.63,203.57,-1,-1,-1,-1
93,5,1060.07,276.27,80.80,198.45,-1,-1,-1,-1
94,5,1066.29,262.09,83.30,197.48,-1,-1,-1,-1
95,5,1076.08,252.85,79.57,200.46,-1,-1,-1,-1
96,5,1082.58,244.81,81.82,200.10,-1,-1,-1,-1
97,5,1092.06,235.15,78.54,201.68,-1,-1,-1,-1
98,5,1091.57,227.55,81.44,203.35,-1,-1,-1,-1
99,5,1099.78,219.72,79.58,200.80,-1,-1,-1,-1
100,5,1100.28,212.90,78.33,199.52,-1,-1,-1,-1
101,5,1103.45,203.73,74.84,199.57,-1,-1,-1,-1
102,5,1108.32,195.12,78.82,204.48,-1,-1,-1,-1
103,5,1111.08,188.06,73.70,203.38,-1,-1,-1,-1
104,5,1110.40,179.01,75.58,200.61,-1,-1,-1,-1
105,5,1111.29,177.10,74.11,201.78,-1,-1,-1,-1
106,5,1112.58,162.40,72.16,201.09,-1,-1,-1,-1
107,5,1111.74,154.91,73.88,199.67,-1,-1,-1,-1
108,5,1112.00,147.88,73.62,202.48,-1,-1,-1,-1
109,5,1117.01,140.44,75.77,202.03,-1,-1,-1,-1
110,5,1111.90,131.34,73.48,202.15,-1,-1,-1,-1
111,5,1110.39,131.01,76.21,201.66,-1,-1,-1,-1
112,5,1109.89,121.61,76.49,202.04,-1,-1,-1,-1
113,5,1111.28,114.98,72.74,201.53,-1,-1,-1,-1
114,5,1103.24,114.58,74.67,199.74,-1,-1,-1,-1
115,5,1104.52,101.52,69.24,198.13,-1,-1,-1,-1
116,5,1097.67,99.78,70.29,199.97,-1,-1,-1,-1
117,5,1096.16,98.09,71.63,202.01,-1,-1,-1,-1
118,5,1088.54,92.37,71.67,196.37,-1,-1,-1,-1
119,5,1082.28,83.57,69.26,200.40,-1,-1,-1,-1
120,5,1079.23,81.26,73.42,202.36,-1,-1,-1,-1
121,5,1071.86,75.64,72.68,198.26,-1,-1,-1,-1
122,5,1063.21,73.77,73.94,201.93,-1,-1,-1,-1
123,5,1062.64,67.97,72.77,202.01,-1,-1,-1,-1
124,5,1047.73,65.81,73.40,201.62,-1,-1,-1,-1
125,5,1044.73,58.70,76.49,205.28,-1,-1,-1,-1
126,5,1034.80,51.66,68.50,203.98,-1,-1,-1,-1
127,5,1029.69,58.33,74.82,200.00,-1,-1,-1,-1
128,5,1016.61,50.32,71.80,202.35,-1,-1,-1,-1
129,5,1008.96,45.18,70.78,200.13,-1,-1,-1,-1
130,5,1002.11,42.63,67.46,202.54,-1,-1,-1,-1
131,5,991.49,44.38,72.71,200.85,-1,-1,-1,-1
132,5,985.15,44.00,68.92,202.45,-1,-1,-1,-1
133,5,972.00,42.93,64.96,200.75,-1,-1,-1,-1
134,5,967.57,42.33,70.65,201.24,-1,-1,-1,-1
135,5,954.83,36.35,68.27,200.78,-1,-1,-1,-1
136,5,947.17,37.91,64.75,198.84,-1,-1,-1,-1
137,5,937.71,42.89,67.44,200.29,-1,-1,-1,-1
138,5,923.38,40.62,66.78,203.38,-1,-1,-1,-1
139,5,916.11,35.35,64.38,199.84,-1,-1,-1,-1
140,5,907.23,36.08,66.25,201.91,-1,-1,-1,-1
141,5,897.68,36.86,67.08,199.32,-1,-1,-1,-1
142,5,884.66,36.21,65.29,200.99,-1,-1,-1,-1
143,5,876.69,44.00,63.60,198.82,-1,-1,-1,-1
144,5,864.09,44.39,72.52,199.73,-1,-1,-1,-1
145,5,857.30,42.37,69.33,200.49,-1,-1,-1,-1
146,5,844.44,44.13,64.75,200.88,-1,-1,-1,-1
147,5,840.16,49.42,69.52,202.83,-1,-1,-1,-1
148,5,824.25,50.91,72.41,201.06,-1,-1,-1,-1
149,5,819.08,52.64,67.82,199.87,-1,-1,-1,-1
150,5,808.86,52.65,71.50,201.02,-1,-1,-1,-1
151,5,799.36,60.63,74.10,195.40,-1,-1,-1,-1
152,5,791.19,59.56,73.70,200.55,-1,-1,-1,-1
153,5,783.92,68.51,72.28,195.11,-1,-1,-1,-1
154,5,776.94,68.94,72.48,200.32,-1,-1,-1,-1
155,5,771.47,67.65,79.37,202.53,-1,-1,-1,-1
156,5,760.36,76.92,73.20,200.86,-1,-1,-1,-1
157,5,757.55,81.51,76.45,201.00,-1,-1,-1,-1
158,5,750.18,82.81,75.61,198.75,-1,-1,-1,-1
159,5,744.94,84.87,71.88,198.78,-1,-1,-1,-1
160,5,741.84,97.61,75.91,201.06,-1,-1,-1,-1
161,5,736.21,100.27,73.27,197.85,-1,-1,-1,-1
162,5,732.31,99.46,78.46,201.40,-1,-1,-1,-1
163,5,726.97,107.53,75.94,201.26,-1,-1,-1,-1
164,5,723.80,114.24,80.67,203.96,-1,-1,-1,-1
165,5,725.97,116.45,75.19,200.95,-1,-1,-1,-1
166,5,719.60,122.97,74.41,204.57,-1,-1,-1,-1
167,5,714.85,139.46,82.61,198.69,-1,-1,-1,-1
168,5,716.32,141.72,79.06,196.57,-1,-1,-1,-1
169,5,716.57,146.27,78.08,200.71,-1,-1,-1,-1
170,5,714.03,153.94,83.47,205.80,-1,-1,-1,-1
171,5,714.81,155.47,81.93,204.19,-1,-1,-1,-1
172,5,712.83,171.08,85.25,200.50,-1,-1,-1,-1
173,5,714.93,178.73,80.87,200.03,-1,-1,-1,-1
174,5,716.47,188.25,79.63,201.35,-1,-1,-1,-1
175,5,714.58,194.26,84.14,202.73,-1,-1,-1,-1
176,5,720.86,201.05,85.70,203.43,-1,-1,-1,-1
177,5,721.23,210.35,86.42,200.26,-1,-1,-1,-1
178,5,725.11,211.77,92.89,202.86,-1,-1,-1,-1
179,5,728.98,228.26,87.00,198.75,-1,-1,-1,-1
180,5,733.90,228.22,91.99,201.70,-1,-1,-1,-1
181,5,740.84,242.17,93.60,202.92,-1,-1,-1,-1
182,5,742.11,242.88,91.84,203.61,-1,-1,-1,-1
183,5,750.85,260.42,89.74,198.11,-1,-1,-1,-1
184,5,760.09,268.48,88.06,197.24,-1,-1,-1,-1
185,5,767.27,274.09,89.26,203.55,-1,-1,-1,-1
186,5,778.18,292.03,83.41,199.37,-1,-1,-1,-1
187,5,785.09,298.63,84.64,200.92,-1,-1,-1,-1
188,5,792.50,306.76,86.65,200.22,-1,-1,-1,-1
189,5,807.02,318.52,72.83,197.09,-1,-1,-1,-1
190,5,812.94,325.52,76.75,196.36,-1,-1,-1,-1
191,5,810.78,341.23,83.57,198.09,-1,-1,-1,-1
192,5,828.37,351.96,78.88,191.84,-1,-1,-1,-1
193,5,837.75,356.94,76.20,199.99,-1,-1,-1,-1
194,5,846.72,372.10,75.28,196.71,-1,-1,-1,-1
196,5,866.07,388.47,69.97,196.93,-1,-1,-1,-1
197,5,881.17,395.89,68.54,198.87,-1,-1,-1,-1
198,5,889.44,403.93,69.67,198.90,-1,-1,-1,-1
199,5,900.63,419.60,63.53,198.45,-1,-1,-1,-1
201,5,922.44,435.61,66.13,199.25,-1,-1,-1,-1
202,5,930.30,445.36,68.12,198.94,-1,-1,-1,-1
204,5,948.65,467.43,64.74,200.46,-1,-1,-1,-1
206,5,970.96,483.39,65.59,203.27,-1,-1,-1,-1
207,5,978.70,492.83,67.68,200.75,-1,-1,-1,-1
208,5,988.28,506.81,64.62,198.57,-1,-1,-1,-1
209,5,1002.78,516.19,64.21,197.50,-1,-1,-1,-1
210,5,1009.96,523.94,66.43,197.84,-1,-1,-1,-1
211,5,1018.73,532.53,65.97,199.16,-1,-1,-1,-1
213,5,1036.19,549.68,64.23,198.78,-1,-1,-1,-1
214,5,1041.84,556.14,68.02,201.22,-1,-1,-1,-1
215,5,1051.94,564.78,65.38,200.81,-1,-1,-1,-1
216,5,1060.97,579.29,60.29,199.04,-1,-1,-1,-1
217,5,1068.42,587.79,61.86,201.87,-1,-1,-1,-1
218,5,1071.31,597.81,60.14,198.62,-1,-1,-1,-1
219,5,1076.26,606.52,65.62,197.64,-1,-1,-1,-1
220,5,1085.94,613.86,61.29,198.91,-1,-1,-1,-1
221,5,1091.39,627.82,62.82,200.93,-1,-1,-1,-1
222,5,1097.55,635.97,67.13,201.56,-1,-1,-1,-1
223,5,1102.17,642.60,60.88,204.14,-1,-1,-1,-1
224,5,1106.30,651.97,64.88,200.89,-1,-1,-1,-1
225,5,1110.41,665.90,60.16,200.06,-1,-1,-1,-1
226,5,1118.08,669.32,57.73,199.12,-1,-1,-1,-1
227,5,1120.05,675.67,55.60,199.30,-1,-1,-1,-1
228,5,1120.69,691.61,55.70,196.70,-1,-1,-1,-1
238,5,1120.77,757.99,52.89,195.92,-1,-1,-1,-1
239,5,1113.20,764.49,56.27,195.59,-1,-1,-1,-1
243,5,1095.12,789.08,58.19,195.47,-1,-1,-1,-1
245,5,1088.75,796.70,53.16,197.39,-1,-1,-1,-1
246,5,1079.94,805.18,56.28,194.22,-1,-1,-1,-1
248,5,1062.84,806.32,59.94,193.39,-1,-1,-1,-1
249,5,1055.38,805.27,59.14,197.38,-1,-1,-1,-1
250,5,1049.13,813.93,55.44,194.47,-1,-1,-1,-1
