2,1,924.31,432.04,95.54,210.68,-1,-1,-1,-1
3,1,932.79,439.65,94.30,205.38,-1,-1,-1,-1
4,1,940.83,440.87,94.54,204.73,-1,-1,-1,-1
5,1,947.66,439.04,95.69,210.02,-1,-1,-1,-1
6,1,954.92,440.76,96.03,208.88,-1,-1,-1,-1
7,1,965.02,439.89,92.44,210.61,-1,-1,-1,-1
8,1,972.62,448.02,92.19,205.81,-1,-1,-1,-1
9,1,979.11,446.91,94.96,210.04,-1,-1,-1,-1
10,1,986.33,447.30,96.25,210.71,-1,-1,-1,-1
11,1,995.88,446.75,93.54,211.80,-1,-1,-1,-1
12,1,995.73,447.73,97.74,210.82,-1,-1,-1,-1
13,1,1001.98,453.31,101.48,211.82,-1,-1,-1,-1
14,1,1009.38,453.90,99.79,211.40,-1,-1,-1,-1
15,1,1017.77,454.50,100.38,212.00,-1,-1,-1,-1
16,1,1027.73,455.29,95.02,211.68,-1,-1,-1,-1
17,1,1036.65,462.78,93.64,209.10,-1,-1,-1,-1
18,1,1044.01,462.17,94.20,212.73,-1,-1,-1,-1
19,1,1051.61,463.82,93.92,210.50,-1,-1,-1,-1
20,1,1052.03,470.94,98.65,208.96,-1,-1,-1,-1
21,1,1058.61,470.83,97.84,209.14,-1,-1,-1,-1
22,1,1065.60,471.28,99.87,211.44,-1,-1,-1,-1
23,1,1075.46,471.12,94.63,211.58,-1,-1,-1,-1
24,1,1075.92,481.14,97.59,203.70,-1,-1,-1,-1
25,1,1082.86,479.20,100.48,209.43,-1,-1,-1,-1
26,1,1091.02,479.09,97.38,210.52,-1,-1,-1,-1
27,1,1099.55,486.08,97.08,209.92,-1,-1,-1,-1
28,1,1107.44,485.39,95.54,211.55,-1,-1,-1,-1
29,1,1107.39,486.45,98.63,209.91,-1,-1,-1,-1
30,1,1114.97,486.78,97.98,212.04,-1,-1,-1,-1
31,1,1123.53,486.79,95.05,211.29,-1,-1,-1,-1
32,1,1123.02,488.89,98.58,208.28,-1,-1,-1,-1
33,1,1130.23,494.64,99.38,210.78,-1,-1,-1,-1
34,1,1139.10,494.43,96.63,212.17,-1,-1,-1,-1
35,1,1140.84,496.27,96.23,209.23,-1,-1,-1,-1
36,1,1148.96,503.12,94.94,208.97,-1,-1,-1,-1
37,1,1156.12,502.20,93.30,211.70,-1,-1,-1,-1
38,1,1155.13,503.11,96.61,210.36,-1,-1,-1,-1
39,1,1164.86,503.92,92.00,210.39,-1,-1,-1,-1
40,1,1163.07,509.90,99.38,210.56,-1,-1,-1,-1
41,1,1172.07,509.84,94.32,211.51,-1,-1,-1,-1
42,1,1171.09,510.10,97.81,212.32,-1,-1,-1,-1
43,1,1180.99,511.63,93.19,210.76,-1,-1,-1,-1
44,1,1180.74,517.35,96.07,211.38,-1,-1,-1,-1
45,1,1178.77,517.24,100.70,212.91,-1,-1,-1,-1
46,1,1187.07,518.18,95.80,211.33,-1,-1,-1,-1
47,1,1188.45,519.87,95.98,208.63,-1,-1,-1,-1
48,1,1195.93,526.37,94.36,208.53,-1,-1,-1,-1
49,1,1195.11,525.80,97.95,211.61,-1,-1,-1,-1
50,1,1204.72,525.63,91.65,213.54,-1,-1,-1,-1
51,1,1204.98,526.38,92.77,212.94,-1,-1,-1,-1
52,1,1203.84,534.62,95.66,209.25,-1,-1,-1,-1
53,1,1203.98,535.70,96.89,207.94,-1,-1,-1,-1
54,1,1203.05,536.76,99.63,207.90,-1,-1,-1,-1
55,1,1213.29,542.57,92.22,208.28,-1,-1,-1,-1
56,1,1213.62,543.31,92.96,207.75,-1,-1,-1,-1
57,1,1212.79,542.28,95.34,211.42,-1,-1,-1,-1
58,1,1212.04,541.31,98.38,214.43,-1,-1,-1,-1
59,1,1221.52,542.13,90.61,213.34,-1,-1,-1,-1
60,1,1220.81,548.00,91.90,213.94,-1,-1,-1,-1
61,1,1220.52,547.62,92.45,215.50,-1,-1,-1,-1
62,1,1220.28,548.55,92.80,215.19,-1,-1,-1,-1
63,1,1220.85,549.00,91.80,214.78,-1,-1,-1,-1
64,1,1221.88,549.38,90.12,214.79,-1,-1,-1,-1
65,1,1221.49,556.08,90.88,214.84,-1,-1,-1,-1
66,1,1221.53,556.53,91.31,215.56,-1,-1,-1,-1
67,1,1222.90,557.80,88.38,214.34,-1,-1,-1,-1
68,1,1221.79,565.44,90.21,211.41,-1,-1,-1,-1
69,1,1213.56,565.50,95.19,212.71,-1,-1,-1,-1
70,1,1213.58,566.57,94.22,212.82,-1,-1,-1,-1
71,1,1214.57,565.53,91.25,214.77,-1,-1,-1,-1
72,1,1215.05,574.89,89.53,208.33,-1,-1,-1,-1
73,1,1215.24,574.04,87.75,211.01,-1,-1,-1,-1
74,1,1206.20,574.32,93.29,211.98,-1,-1,-1,-1
75,1,1206.90,573.59,90.87,213.97,-1,-1,-1,-1
76,1,1205.95,581.87,92.02,210.35,-1,-1,-1,-1
77,1,1206.04,580.38,90.02,213.75,-1,-1,-1,-1
78,1,1197.16,582.04,94.95,213.07,-1,-1,-1,-1
79,1,1199.75,581.84,88.32,213.78,-1,-1,-1,-1
80,1,1191.40,581.99,90.88,213.74,-1,-1,-1,-1
81,1,1190.59,590.62,90.56,209.45,-1,-1,-1,-1
82,1,1191.77,589.38,88.03,213.70,-1,-1,-1,-1
83,1,1182.49,598.07,92.78,210.26,-1,-1,-1,-1
84,1,1182.98,597.91,89.90,210.64,-1,-1,-1,-1
85,1,1174.25,597.03,92.73,212.96,-1,-1,-1,-1
86,1,1174.42,597.70,90.79,213.26,-1,-1,-1,-1
87,1,1165.33,606.04,94.22,209.85,-1,-1,-1,-1
88,1,1167.41,606.62,87.45,208.96,-1,-1,-1,-1
89,1,1159.02,606.11,90.16,211.07,-1,-1,-1,-1
90,1,1159.29,605.90,88.14,213.35,-1,-1,-1,-1
91,1,1150.55,614.27,91.87,209.27,-1,-1,-1,-1
92,1,1152.11,613.93,85.63,209.67,-1,-1,-1,-1
93,1,1142.63,614.02,91.19,210.78,-1,-1,-1,-1
94,1,1133.02,614.64,95.38,212.34,-1,-1,-1,-1
95,1,1127.74,614.82,90.46,211.28,-1,-1,-1,-1
96,1,1127.54,622.40,88.83,208.90,-1,-1,-1,-1
97,1,1118.59,621.72,91.94,212.85,-1,-1,-1,-1
98,1,1110.38,621.32,93.34,213.61,-1,-1,-1,-1
99,1,1111.23,621.04,89.96,215.84,-1,-1,-1,-1
100,1,1102.83,631.86,91.66,207.40,-1,-1,-1,-1
101,1,1096.24,630.97,89.47,208.82,-1,-1,-1,-1
102,1,1095.60,630.40,86.82,212.37,-1,-1,-1,-1
103,1,1090.04,632.47,82.46,208.87,-1,-1,-1,-1
104,1,1080.87,639.87,86.07,206.64,-1,-1,-1,-1
105,1,1071.09,638.50,91.01,211.27,-1,-1,-1,-1
106,1,1064.17,639.61,88.33,209.03,-1,-1,-1,-1
107,1,1065.97,639.71,81.73,210.01,-1,-1,-1,-1
108,1,1058.16,638.88,82.74,211.78,-1,-1,-1,-1
109,1,1046.90,645.63,89.54,211.58,-1,-1,-1,-1
110,1,1039.84,646.90,87.93,210.90,-1,-1,-1,-1
111,1,1033.05,645.81,85.83,212.12,-1,-1,-1,-1
112,1,1024.24,655.34,88.86,207.25,-1,-1,-1,-1
113,1,1015.70,654.76,89.01,208.88,-1,-1,-1,-1
114,1,1016.37,654.74,84.74,211.24,-1,-1,-1,-1
115,1,1010.72,657.45,80.40,206.14,-1,-1,-1,-1
116,1,999.87,663.75,86.29,206.45,-1,-1,-1,-1
117,1,992.99,664.19,84.75,206.34,-1,-1,-1,-1
118,1,984.68,665.88,84.99,206.00,-1,-1,-1,-1
119,1,977.60,666.25,84.30,205.67,-1,-1,-1,-1
120,1,970.33,673.72,83.16,202.58,-1,-1,-1,-1
121,1,962.08,673.50,84.56,205.01,-1,-1,-1,-1
122,1,953.89,672.92,84.94,207.44,-1,-1,-1,-1
123,1,944.20,682.08,88.72,201.73,-1,-1,-1,-1
124,1,937.49,681.87,85.99,202.56,-1,-1,-1,-1
125,1,929.06,681.69,87.97,205.56,-1,-1,-1,-1
126,1,920.95,682.23,87.19,204.39,-1,-1,-1,-1
127,1,913.14,691.16,87.36,199.89,-1,-1,-1,-1
128,1,905.72,692.51,85.99,197.49,-1,-1,-1,-1
129,1,903.72,690.30,86.92,203.78,-1,-1,-1,-1
130,1,895.89,689.55,86.61,206.22,-1,-1,-1,-1
131,1,887.87,696.81,87.58,203.80,-1,-1,-1,-1
132,1,881.66,697.92,84.58,202.69,-1,-1,-1,-1
133,1,873.77,697.94,84.77,205.32,-1,-1,-1,-1
134,1,865.70,697.59,84.99,206.97,-1,-1,-1,-1
135,1,857.75,705.40,84.16,202.66,-1,-1,-1,-1
136,1,849.15,706.63,86.91,202.45,-1,-1,-1,-1
137,1,841.45,706.32,86.18,203.39,-1,-1,-1,-1
138,1,833.45,713.35,87.45,202.58,-1,-1,-1,-1
139,1,824.80,704.52,88.39,208.58,-1,-1,-1,-1
140,1,823.27,713.05,87.42,204.83,-1,-1,-1,-1
141,1,816.15,711.61,86.70,207.03,-1,-1,-1,-1
142,1,807.06,713.29,88.87,206.48,-1,-1,-1,-1
143,1,799.85,712.90,88.16,207.95,-1,-1,-1,-1
144,1,792.06,721.89,88.12,202.39,-1,-1,-1,-1
145,1,783.61,720.66,90.51,207.48,-1,-1,-1,-1
146,1,777.15,722.15,87.33,205.26,-1,-1,-1,-1
147,1,777.65,730.65,82.19,201.07,-1,-1,-1,-1
148,1,769.66,730.40,84.40,201.82,-1,-1,-1,-1
149,1,760.76,730.06,87.51,204.74,-1,-1,-1,-1
150,1,751.88,729.82,89.53,206.63,-1,-1,-1,-1
151,1,745.42,731.85,86.16,202.20,-1,-1,-1,-1
152,1,744.42,739.93,84.91,198.46,-1,-1,-1,-1
153,1,735.33,738.19,88.36,202.93,-1,-1,-1,-1
154,1,727.95,737.82,88.87,205.46,-1,-1,-1,-1
155,1,719.64,745.67,91.12,202.28,-1,-1,-1,-1
156,1,719.63,744.83,88.15,203.61,-1,-1,-1,-1
157,1,711.25,744.14,90.91,206.81,-1,-1,-1,-1
158,1,702.94,744.90,91.90,207.67,-1,-1,-1,-1
159,1,704.13,745.89,85.89,206.26,-1,-1,-1,-1
160,1,695.65,753.27,89.38,202.89,-1,-1,-1,-1
161,1,687.05,753.01,92.58,206.27,-1,-1,-1,-1
162,1,687.95,754.36,88.48,205.55,-1,-1,-1,-1
163,1,680.95,754.45,88.02,204.76,-1,-1,-1,-1
164,1,679.62,762.18,87.94,202.52,-1,-1,-1,-1
165,1,671.96,762.51,89.62,204.34,-1,-1,-1,-1
166,1,671.08,762.14,87.41,205.32,-1,-1,-1,-1
167,1,663.78,762.65,88.59,204.83,-1,-1,-1,-1
168,1,662.89,770.13,87.99,201.80,-1,-1,-1,-1
169,1,653.64,768.69,94.01,206.77,-1,-1,-1,-1
170,1,654.32,768.59,90.40,207.91,-1,-1,-1,-1
171,1,648.27,769.47,89.48,206.22,-1,-1,-1,-1
172,1,646.68,776.02,91.35,205.22,-1,-1,-1,-1
173,1,645.96,774.90,90.03,208.37,-1,-1,-1,-1
174,1,637.45,776.17,94.23,208.43,-1,-1,-1,-1
175,1,639.20,776.07,90.19,208.85,-1,-1,-1,-1
176,1,639.02,786.59,87.67,199.86,-1,-1,-1,-1
177,1,630.65,785.75,91.39,203.42,-1,-1,-1,-1
178,1,630.83,785.92,90.11,205.35,-1,-1,-1,-1
179,1,631.16,792.90,89.15,202.90,-1,-1,-1,-1
180,1,630.39,793.11,89.76,203.52,-1,-1,-1,-1
181,1,630.08,792.68,89.40,205.72,-1,-1,-1,-1
182,1,621.87,793.77,94.00,206.12,-1,-1,-1,-1
183,1,622.11,794.20,92.84,206.11,-1,-1,-1,-1
184,1,622.65,801.71,91.79,202.27,-1,-1,-1,-1
185,1,622.39,800.55,91.84,206.26,-1,-1,-1,-1
186,1,622.89,801.04,90.79,207.20,-1,-1,-1,-1
187,1,622.98,801.40,90.34,207.41,-1,-1,-1,-1
188,1,623.06,801.09,90.16,208.63,-1,-1,-1,-1
189,1,622.45,807.09,90.88,208.01,-1,-1,-1,-1
190,1,622.30,807.95,90.82,208.16,-1,-1,-1,-1
191,1,623.32,809.05,88.30,207.58,-1,-1,-1,-1
192,1,622.58,817.53,91.43,202.17,-1,-1,-1,-1
193,1,623.21,817.36,90.13,205.13,-1,-1,-1,-1
194,1,622.77,817.07,91.89,207.78,-1,-1,-1,-1
195,1,623.09,825.15,91.96,202.74,-1,-1,-1,-1
196,1,630.13,824.63,89.50,204.75,-1,-1,-1,-1
197,1,631.01,824.86,88.08,206.58,-1,-1,-1,-1
198,1,631.57,825.54,86.98,206.32,-1,-1,-1,-1
199,1,630.93,826.24,89.11,205.13,-1,-1,-1,-1
200,1,630.53,834.21,91.19,200.31,-1,-1,-1,-1
201,1,638.49,834.12,88.55,203.21,-1,-1,-1,-1
202,1,639.72,833.15,89.30,207.36,-1,-1,-1,-1
203,1,639.41,834.01,91.35,206.18,-1,-1,-1,-1
204,1,646.93,840.78,88.28,203.73,-1,-1,-1,-1
205,1,647.64,840.02,88.39,205.92,-1,-1,-1,-1
206,1,646.11,840.99,92.40,205.79,-1,-1,-1,-1
207,1,654.86,841.82,88.87,206.47,-1,-1,-1,-1
208,1,654.79,850.08,92.17,200.86,-1,-1,-1,-1
209,1,662.95,850.97,88.59,201.55,-1,-1,-1,-1
210,1,663.50,850.46,88.05,204.54,-1,-1,-1,-1
211,1,670.68,850.81,87.88,205.94,-1,-1,-1,-1
212,1,671.77,859.34,89.59,199.36,-1,-1,-1,-1
213,1,680.73,859.70,85.21,200.36,-1,-1,-1,-1
214,1,680.08,860.12,87.73,200.48,-1,-1,-1,-1
215,1,687.86,860.16,87.79,202.31,-1,-1,-1,-1
216,1,687.31,867.69,91.52,197.81,-1,-1,-1,-1
217,1,697.01,868.39,85.81,197.74,-1,-1,-1,-1
218,1,703.46,869.11,86.83,198.52,-1,-1,-1,-1
219,1,703.65,869.52,90.54,198.65,-1,-1,-1,-1
220,1,712.30,868.13,87.30,201.81,-1,-1,-1,-1
221,1,719.72,868.89,86.29,202.06,-1,-1,-1,-1
222,1,719.41,878.50,91.60,193.51,-1,-1,-1,-1
223,1,729.06,879.49,85.69,191.09,-1,-1,-1,-1
224,1,736.19,881.16,85.88,189.54,-1,-1,-1,-1
225,1,736.40,882.72,90.12,188.07,-1,-1,-1,-1
226,1,744.16,883.47,88.28,187.06,-1,-1,-1,-1
227,1,752.14,883.87,88.36,188.93,-1,-1,-1,-1
228,1,761.72,892.40,84.72,180.22,-1,-1,-1,-1
229,1,768.85,893.97,84.06,176.84,-1,-1,-1,-1
230,1,768.90,895.14,88.78,176.14,-1,-1,-1,-1
231,1,777.82,896.52,85.07,174.17,-1,-1,-1,-1
232,1,783.72,895.32,89.47,179.55,-1,-1,-1,-1
233,1,793.42,897.53,84.59,174.69,-1,-1,-1,-1
234,1,800.05,898.60,85.83,173.69,-1,-1,-1,-1
235,1,808.66,898.37,84.89,173.82,-1,-1,-1,-1
236,1,808.16,899.95,89.21,171.31,-1,-1,-1,-1
237,1,814.13,898.97,94.01,175.27,-1,-1,-1,-1
238,1,824.31,901.19,87.94,171.94,-1,-1,-1,-1
239,1,831.19,909.65,90.51,165.96,-1,-1,-1,-1
240,1,839.99,910.09,87.78,165.65,-1,-1,-1,-1
241,1,846.94,909.67,89.86,169.89,-1,-1,-1,-1
242,1,856.80,912.82,85.96,162.11,-1,-1,-1,-1
243,1,862.84,914.02,89.15,161.80,-1,-1,-1,-1
244,1,871.14,914.43,88.56,160.59,-1,-1,-1,-1
245,1,870.61,916.83,92.65,156.84,-1,-1,-1,-1
246,1,887.39,923.86,87.82,152.12,-1,-1,-1,-1
247,1,887.04,925.17,91.42,147.94,-1,-1,-1,-1
248,1,902.95,924.83,88.21,151.25,-1,-1,-1,-1
249,1,903.33,927.32,90.22,145.82,-1,-1,-1,-1
250,1,912.84,930.03,88.42,144.95,-1,-1,-1,-1
2,2,897.47,185.11,85.66,208.31,-1,-1,-1,-1
3,2,894.69,188.45,89.05,211.63,-1,-1,-1,-1
4,2,888.15,191.15,86.22,207.85,-1,-1,-1,-1
5,2,878.41,190.72,89.83,211.35,-1,-1,-1,-1
6,2,870.38,192.08,89.95,211.11,-1,-1,-1,-1
7,2,860.57,196.57,93.56,212.35,-1,-1,-1,-1
8,2,853.63,197.78,91.31,211.68,-1,-1,-1,-1
9,2,845.00,198.44,92.48,212.07,-1,-1,-1,-1
10,2,838.65,199.53,90.01,211.88,-1,-1,-1,-1
11,2,831.70,205.18,88.39,210.97,-1,-1,-1,-1
12,2,825.98,206.42,85.29,209.45,-1,-1,-1,-1
13,2,815.02,208.14,89.51,209.00,-1,-1,-1,-1
14,2,813.60,208.12,91.24,210.64,-1,-1,-1,-1
15,2,800.28,214.23,88.57,207.37,-1,-1,-1,-1
16,2,797.28,214.29,91.77,209.82,-1,-1,-1,-1
17,2,783.41,215.99,90.01,208.48,-1,-1,-1,-1
18,2,781.15,215.25,92.24,211.30,-1,-1,-1,-1
19,2,773.96,220.57,91.01,211.12,-1,-1,-1,-1
20,2,767.10,224.05,89.28,206.45,-1,-1,-1,-1
21,2,759.97,222.88,89.52,209.53,-1,-1,-1,-1
22,2,750.31,224.80,92.31,208.51,-1,-1,-1,-1
23,2,746.65,229.43,97.19,209.65,-1,-1,-1,-1
24,2,738.94,230.62,96.54,208.36,-1,-1,-1,-1
25,2,733.34,231.33,92.73,208.59,-1,-1,-1,-1
26,2,733.70,230.88,90.83,211.94,-1,-1,-1,-1
27,2,726.73,238.14,88.94,207.53,-1,-1,-1,-1
28,2,716.39,237.27,93.55,210.33,-1,-1,-1,-1
29,2,710.81,239.55,90.57,207.88,-1,-1,-1,-1
30,2,702.26,240.82,92.26,208.25,-1,-1,-1,-1
31,2,700.32,246.43,94.06,207.80,-1,-1,-1,-1
32,2,694.43,247.88,90.74,206.48,-1,-1,-1,-1
33,2,685.81,247.50,92.21,207.57,-1,-1,-1,-1
34,2,677.58,247.70,93.83,209.05,-1,-1,-1,-1
35,2,679.65,248.42,89.17,210.18,-1,-1,-1,-1
36,2,672.27,255.49,88.59,206.53,-1,-1,-1,-1
37,2,669.55,255.99,92.16,207.64,-1,-1,-1,-1
38,2,665.95,257.05,85.70,207.11,-1,-1,-1,-1
39,2,661.50,256.71,91.71,209.81,-1,-1,-1,-1
40,2,653.36,263.70,92.17,206.05,-1,-1,-1,-1
41,2,645.46,263.94,93.57,207.06,-1,-1,-1,-1
42,2,647.75,264.75,88.43,207.52,-1,-1,-1,-1
43,2,647.02,264.38,88.60,210.32,-1,-1,-1,-1
44,2,640.14,271.16,88.41,207.55,-1,-1,-1,-1
45,2,637.58,271.54,91.93,208.63,-1,-1,-1,-1
46,2,632.83,273.22,87.75,207.66,-1,-1,-1,-1
47,2,632.29,279.01,87.85,206.34,-1,-1,-1,-1
48,2,623.72,280.29,89.70,205.03,-1,-1,-1,-1
49,2,623.86,280.60,88.45,205.89,-1,-1,-1,-1
50,2,622.70,280.92,90.32,208.23,-1,-1,-1,-1
51,2,620.96,279.32,92.69,211.61,-1,-1,-1,-1
52,2,624.20,287.06,85.87,206.66,-1,-1,-1,-1
53,2,619.35,289.59,82.75,203.39,-1,-1,-1,-1
54,2,617.78,290.60,84.71,204.10,-1,-1,-1,-1
55,2,616.51,290.18,85.87,206.58,-1,-1,-1,-1
56,2,610.95,297.19,83.55,203.12,-1,-1,-1,-1
57,2,610.50,297.09,84.14,204.35,-1,-1,-1,-1
58,2,609.43,297.87,85.74,205.82,-1,-1,-1,-1
59,2,609.31,304.16,85.78,204.41,-1,-1,-1,-1
60,2,609.45,304.89,85.38,204.26,-1,-1,-1,-1
61,2,608.61,306.11,86.95,203.71,-1,-1,-1,-1
62,2,608.03,306.70,87.65,204.85,-1,-1,-1,-1
63,2,609.59,312.82,84.38,203.44,-1,-1,-1,-1
64,2,607.93,312.81,87.46,203.97,-1,-1,-1,-1
65,2,607.67,313.76,87.86,203.59,-1,-1,-1,-1
66,2,607.93,314.04,87.43,205.35,-1,-1,-1,-1
67,2,610.74,320.40,82.83,203.51,-1,-1,-1,-1
68,2,611.16,321.69,81.96,202.14,-1,-1,-1,-1
69,2,611.50,323.20,81.57,201.09,-1,-1,-1,-1
70,2,612.28,323.26,80.87,203.18,-1,-1,-1,-1
71,2,618.29,323.73,82.48,203.64,-1,-1,-1,-1
72,2,618.46,329.91,81.52,201.56,-1,-1,-1,-1
73,2,619.56,331.67,80.61,199.83,-1,-1,-1,-1
74,2,620.36,331.03,80.23,203.42,-1,-1,-1,-1
75,2,618.97,329.77,83.75,207.75,-1,-1,-1,-1
76,2,624.46,335.73,85.08,204.93,-1,-1,-1,-1
77,2,626.67,338.10,82.45,203.51,-1,-1,-1,-1
78,2,628.40,338.39,80.38,205.43,-1,-1,-1,-1
79,2,634.28,345.26,81.54,202.56,-1,-1,-1,-1
80,2,635.41,346.53,81.09,201.81,-1,-1,-1,-1
81,2,635.89,346.50,81.52,203.26,-1,-1,-1,-1
82,2,641.07,345.81,84.69,206.47,-1,-1,-1,-1
83,2,644.12,352.18,81.13,203.91,-1,-1,-1,-1
84,2,651.77,352.94,78.93,203.30,-1,-1,-1,-1
85,2,653.87,355.03,77.35,201.42,-1,-1,-1,-1
86,2,657.18,353.54,83.99,207.29,-1,-1,-1,-1
87,2,658.05,360.33,84.12,204.42,-1,-1,-1,-1
88,2,666.40,360.91,81.54,204.29,-1,-1,-1,-1
89,2,669.38,362.88,78.86,201.79,-1,-1,-1,-1
90,2,672.08,361.57,87.21,206.48,-1,-1,-1,-1
91,2,674.99,368.05,83.78,204.09,-1,-1,-1,-1
92,2,682.71,368.11,82.91,205.09,-1,-1,-1,-1
93,2,688.08,368.61,86.04,206.43,-1,-1,-1,-1
94,2,689.79,369.45,85.65,207.31,-1,-1,-1,-1
95,2,698.11,376.66,83.58,203.60,-1,-1,-1,-1
96,2,704.16,376.98,85.70,204.97,-1,-1,-1,-1
97,2,705.71,378.17,85.46,203.39,-1,-1,-1,-1
98,2,713.85,378.18,83.99,205.11,-1,-1,-1,-1
99,2,721.08,383.56,84.73,204.66,-1,-1,-1,-1
100,2,730.19,385.54,81.32,202.28,-1,-1,-1,-1
101,2,733.78,386.04,77.82,203.57,-1,-1,-1,-1
102,2,737.99,392.32,84.03,203.51,-1,-1,-1,-1
103,2,746.21,392.76,82.86,203.87,-1,-1,-1,-1
104,2,751.83,392.98,86.51,205.07,-1,-1,-1,-1
105,2,755.17,393.36,82.88,204.78,-1,-1,-1,-1
106,2,763.06,393.33,83.15,206.87,-1,-1,-1,-1
107,2,769.47,400.60,85.37,203.22,-1,-1,-1,-1
108,2,778.71,400.83,81.70,203.99,-1,-1,-1,-1
109,2,784.69,400.96,86.12,206.77,-1,-1,-1,-1
110,2,793.66,401.38,82.57,207.41,-1,-1,-1,-1
111,2,800.03,407.69,85.64,205.61,-1,-1,-1,-1
112,2,802.18,409.18,85.05,204.09,-1,-1,-1,-1
113,2,811.07,409.26,82.97,206.10,-1,-1,-1,-1
114,2,818.46,410.13,83.48,207.17,-1,-1,-1,-1
115,2,827.65,416.25,80.35,203.73,-1,-1,-1,-1
116,2,833.87,417.69,84.15,204.43,-1,-1,-1,-1
117,2,843.25,418.51,80.77,204.40,-1,-1,-1,-1
118,2,850.04,424.62,83.21,202.23,-1,-1,-1,-1
119,2,858.83,424.52,80.83,203.57,-1,-1,-1,-1
120,2,864.72,425.62,84.48,204.61,-1,-1,-1,-1
121,2,873.34,425.64,82.76,205.55,-1,-1,-1,-1
122,2,880.75,425.49,84.37,208.30,-1,-1,-1,-1
123,2,889.56,432.79,82.37,203.67,-1,-1,-1,-1
124,2,897.71,432.72,82.21,205.87,-1,-1,-1,-1
125,2,899.44,434.05,82.34,204.71,-1,-1,-1,-1
126,2,909.46,434.32,78.67,206.74,-1,-1,-1,-1
127,2,914.44,442.05,83.01,201.28,-1,-1,-1,-1
128,2,922.95,442.92,82.09,201.57,-1,-1,-1,-1
129,2,929.31,442.39,84.93,204.06,-1,-1,-1,-1
130,2,938.06,442.87,83.71,205.35,-1,-1,-1,-1
131,2,945.62,449.21,83.55,202.55,-1,-1,-1,-1
132,2,955.74,449.18,79.13,203.64,-1,-1,-1,-1
133,2,962.21,450.04,82.95,205.40,-1,-1,-1,-1
134,2,970.14,449.37,81.90,208.59,-1,-1,-1,-1
135,2,976.94,457.18,83.83,203.75,-1,-1,-1,-1
136,2,980.20,457.16,81.05,203.91,-1,-1,-1,-1
137,2,988.46,458.53,80.46,203.97,-1,-1,-1,-1
138,2,995.47,457.67,82.40,207.20,-1,-1,-1,-1
139,2,1003.82,463.67,82.16,204.15,-1,-1,-1,-1
140,2,1010.84,465.97,82.63,202.26,-1,-1,-1,-1
141,2,1019.39,465.59,81.24,204.85,-1,-1,-1,-1
142,2,1026.25,466.93,83.45,206.14,-1,-1,-1,-1
143,2,1034.14,472.20,81.85,203.69,-1,-1,-1,-1
144,2,1041.06,473.94,83.77,203.49,-1,-1,-1,-1
145,2,1044.59,474.54,79.93,202.70,-1,-1,-1,-1
146,2,1052.03,474.56,81.41,205.65,-1,-1,-1,-1
147,2,1058.22,481.06,83.49,202.20,-1,-1,-1,-1
148,2,1068.18,481.77,79.11,202.13,-1,-1,-1,-1
149,2,1074.27,482.14,81.65,204.33,-1,-1,-1,-1
150,2,1082.24,482.56,81.03,205.38,-1,-1,-1,-1
151,2,1085.16,489.59,79.54,201.64,-1,-1,-1,-1
152,2,1089.73,489.26,84.58,204.25,-1,-1,-1,-1
153,2,1097.89,489.64,82.35,204.50,-1,-1,-1,-1
154,2,1104.96,489.89,83.82,207.34,-1,-1,-1,-1
155,2,1106.52,496.71,83.28,202.36,-1,-1,-1,-1
156,2,1115.60,497.22,80.04,202.95,-1,-1,-1,-1
157,2,1122.23,496.84,81.70,206.81,-1,-1,-1,-1
158,2,1123.98,498.31,81.71,206.65,-1,-1,-1,-1
159,2,1130.19,504.32,82.82,204.10,-1,-1,-1,-1
160,2,1137.58,505.18,82.68,204.78,-1,-1,-1,-1
161,2,1138.65,506.40,82.96,203.75,-1,-1,-1,-1
162,2,1145.58,506.64,82.72,206.06,-1,-1,-1,-1
163,2,1153.79,511.41,81.60,205.06,-1,-1,-1,-1
164,2,1154.00,512.71,83.65,204.36,-1,-1,-1,-1
165,2,1155.90,513.98,82.05,204.96,-1,-1,-1,-1
166,2,1162.63,514.61,82.19,205.73,-1,-1,-1,-1
167,2,1169.10,520.29,83.54,204.60,-1,-1,-1,-1
168,2,1168.91,521.17,85.68,203.96,-1,-1,-1,-1
169,2,1172.03,521.78,81.44,203.74,-1,-1,-1,-1
170,2,1177.16,522.29,84.02,205.56,-1,-1,-1,-1
171,2,1178.69,526.90,83.42,205.01,-1,-1,-1,-1
172,2,1185.34,527.65,83.97,205.14,-1,-1,-1,-1
173,2,1184.89,529.62,86.27,204.77,-1,-1,-1,-1
174,2,1187.39,530.17,83.04,206.07,-1,-1,-1,-1
175,2,1193.26,535.82,83.65,204.16,-1,-1,-1,-1
176,2,1194.00,538.00,83.38,201.66,-1,-1,-1,-1
177,2,1194.34,539.03,84.01,202.34,-1,-1,-1,-1
178,2,1201.64,538.77,82.74,205.07,-1,-1,-1,-1
179,2,1201.66,543.47,83.23,204.43,-1,-1,-1,-1
180,2,1202.65,545.28,82.76,202.67,-1,-1,-1,-1
181,2,1203.15,546.14,82.35,204.00,-1,-1,-1,-1
182,2,1204.45,546.75,80.94,205.15,-1,-1,-1,-1
183,2,1209.12,552.21,83.25,203.74,-1,-1,-1,-1
184,2,1209.41,552.72,82.95,203.43,-1,-1,-1,-1
185,2,1209.61,552.99,82.52,204.74,-1,-1,-1,-1
186,2,1209.33,553.99,83.69,205.32,-1,-1,-1,-1
187,2,1209.71,554.29,83.23,207.24,-1,-1,-1,-1
188,2,1209.97,560.28,82.51,203.38,-1,-1,-1,-1
189,2,1211.05,561.31,80.52,203.67,-1,-1,-1,-1
190,2,1210.64,561.82,81.62,205.37,-1,-1,-1,-1
191,2,1210.31,568.11,82.10,202.89,-1,-1,-1,-1
192,2,1210.02,568.56,81.89,203.35,-1,-1,-1,-1
193,2,1210.19,568.94,81.23,204.75,-1,-1,-1,-1
194,2,1210.16,570.26,81.02,205.42,-1,-1,-1,-1
195,2,1204.07,575.73,81.54,204.07,-1,-1,-1,-1
196,2,1204.11,576.97,80.63,203.90,-1,-1,-1,-1
197,2,1203.78,577.54,81.31,205.90,-1,-1,-1,-1
198,2,1204.10,577.51,79.53,208.30,-1,-1,-1,-1
199,2,1203.42,583.37,79.22,205.37,-1,-1,-1,-1
200,2,1196.95,584.89,79.27,203.42,-1,-1,-1,-1
201,2,1196.05,585.92,79.53,203.43,-1,-1,-1,-1
202,2,1194.54,585.27,80.98,206.41,-1,-1,-1,-1
203,2,1189.51,592.44,79.11,202.08,-1,-1,-1,-1
204,2,1188.90,593.77,79.07,201.23,-1,-1,-1,-1
205,2,1189.66,593.09,75.76,204.71,-1,-1,-1,-1
206,2,1183.45,593.88,75.25,206.28,-1,-1,-1,-1
207,2,1181.31,594.64,77.22,206.60,-1,-1,-1,-1
208,2,1179.43,600.95,78.39,202.72,-1,-1,-1,-1
209,2,1171.89,601.30,80.64,205.10,-1,-1,-1,-1
210,2,1173.81,601.72,74.79,206.51,-1,-1,-1,-1
211,2,1166.30,607.99,75.41,203.35,-1,-1,-1,-1
212,2,1164.22,609.24,77.20,202.65,-1,-1,-1,-1
213,2,1157.92,609.66,76.93,204.81,-1,-1,-1,-1
214,2,1158.71,609.82,72.92,207.33,-1,-1,-1,-1
215,2,1148.53,610.35,77.59,207.00,-1,-1,-1,-1
216,2,1141.44,616.00,78.43,204.45,-1,-1,-1,-1
217,2,1141.73,616.23,75.67,206.24,-1,-1,-1,-1
218,2,1133.38,617.79,77.15,205.37,-1,-1,-1,-1
219,2,1130.73,619.28,79.53,205.33,-1,-1,-1,-1
220,2,1125.72,624.93,76.03,202.45,-1,-1,-1,-1
221,2,1118.51,625.29,75.28,203.04,-1,-1,-1,-1
222,2,1110.81,625.79,76.38,205.91,-1,-1,-1,-1
223,2,1109.53,631.79,76.20,204.24,-1,-1,-1,-1
224,2,1103.02,633.07,73.78,202.09,-1,-1,-1,-1
225,2,1093.39,633.32,78.80,204.07,-1,-1,-1,-1
226,2,1094.30,634.11,73.95,206.04,-1,-1,-1,-1
227,2,1085.56,634.75,75.27,206.28,-1,-1,-1,-1
228,2,1077.99,640.36,76.14,204.02,-1,-1,-1,-1
229,2,1071.56,640.97,73.71,204.05,-1,-1,-1,-1
230,2,1063.24,641.80,75.89,206.42,-1,-1,-1,-1
231,2,1062.10,647.94,74.16,204.39,-1,-1,-1,-1
232,2,1053.18,648.24,75.63,203.73,-1,-1,-1,-1
233,2,1046.01,647.86,76.05,207.69,-1,-1,-1,-1
234,2,1037.89,650.12,75.48,204.68,-1,-1,-1,-1
235,2,1030.36,656.58,76.32,202.70,-1,-1,-1,-1
236,2,1026.24,657.10,69.63,202.80,-1,-1,-1,-1
237,2,1016.90,658.51,71.98,202.17,-1,-1,-1,-1
238,2,1016.58,658.18,69.08,206.08,-1,-1,-1,-1
239,2,1007.41,664.86,71.25,202.23,-1,-1,-1,-1
240,2,998.89,665.36,72.85,203.37,-1,-1,-1,-1
241,2,990.78,665.76,72.82,203.49,-1,-1,-1,-1
242,2,983.76,665.76,72.95,206.03,-1,-1,-1,-1
243,2,976.23,673.07,70.69,202.32,-1,-1,-1,-1
244,2,968.10,673.94,72.83,202.59,-1,-1,-1,-1
245,2,961.36,673.95,69.86,203.51,-1,-1,-1,-1
246,2,952.68,674.21,72.47,206.30,-1,-1,-1,-1
247,2,945.51,681.54,70.52,202.73,-1,-1,-1,-1
248,2,936.74,681.54,72.43,203.57,-1,-1,-1,-1
249,2,929.05,682.07,71.84,204.19,-1,-1,-1,-1
250,2,921.34,682.97,71.80,204.38,-1,-1,-1,-1
