2,1,923.87,432.11,96.59,210.26,-1,-1,-1,-1
3,1,935.65,439.66,88.71,206.04,-1,-1,-1,-1
4,1,941.26,441.08,93.85,204.33,-1,-1,-1,-1
5,1,948.70,438.89,92.68,210.83,-1,-1,-1,-1
6,1,953.56,440.45,99.56,209.23,-1,-1,-1,-1
7,1,961.47,439.65,100.11,210.70,-1,-1,-1,-1
8,1,970.54,447.34,96.47,206.87,-1,-1,-1,-1
9,1,978.81,446.77,95.68,210.03,-1,-1,-1,-1
10,1,980.21,447.84,97.36,209.49,-1,-1,-1,-1
11,1,993.03,446.92,99.91,211.25,-1,-1,-1,-1
12,1,993.19,446.46,102.80,212.67,-1,-1,-1,-1
13,1,1001.24,452.87,102.57,212.50,-1,-1,-1,-1
14,1,1010.63,454.04,96.80,211.34,-1,-1,-1,-1
15,1,1017.38,455.13,102.54,211.05,-1,-1,-1,-1
16,1,1025.58,462.44,100.46,207.91,-1,-1,-1,-1
17,1,1034.39,462.77,98.53,209.86,-1,-1,-1,-1
18,1,1040.82,463.04,100.36,210.60,-1,-1,-1,-1
19,1,1051.48,463.66,94.20,210.77,-1,-1,-1,-1
20,1,1057.50,470.20,98.48,210.70,-1,-1,-1,-1
21,1,1059.98,471.06,94.37,209.63,-1,-1,-1,-1
22,1,1066.85,471.08,97.65,211.82,-1,-1,-1,-1
23,1,1075.75,471.17,93.86,211.37,-1,-1,-1,-1
24,1,1077.14,480.25,95.04,205.13,-1,-1,-1,-1
25,1,1082.34,479.79,101.95,208.57,-1,-1,-1,-1
26,1,1094.16,479.64,90.61,210.13,-1,-1,-1,-1
27,1,1102.80,480.09,90.39,210.01,-1,-1,-1,-1
28,1,1105.30,485.23,100.67,212.23,-1,-1,-1,-1
29,1,1107.51,485.72,97.18,211.06,-1,-1,-1,-1
30,1,1112.80,486.73,103.14,212.09,-1,-1,-1,-1
31,1,1121.78,486.04,98.75,212.10,-1,-1,-1,-1
32,1,1118.84,494.35,107.32,208.69,-1,-1,-1,-1
33,1,1128.80,494.31,102.95,211.25,-1,-1,-1,-1
34,1,1137.89,494.68,99.02,211.21,-1,-1,-1,-1
35,1,1140.57,496.00,95.78,209.66,-1,-1,-1,-1
36,1,1150.76,503.14,90.36,208.68,-1,-1,-1,-1
37,1,1158.25,502.70,88.90,210.34,-1,-1,-1,-1
38,1,1156.70,503.66,92.97,209.68,-1,-1,-1,-1
39,1,1163.67,503.89,94.93,210.52,-1,-1,-1,-1
40,1,1164.07,509.80,96.85,210.80,-1,-1,-1,-1
41,1,1171.00,509.97,97.01,211.35,-1,-1,-1,-1
42,1,1173.06,510.62,93.33,211.26,-1,-1,-1,-1
43,1,1177.68,510.90,101.54,212.24,-1,-1,-1,-1
44,1,1178.70,516.95,100.66,212.59,-1,-1,-1,-1
45,1,1179.85,516.55,98.50,213.82,-1,-1,-1,-1
46,1,1183.86,516.37,103.03,214.15,-1,-1,-1,-1
47,1,1189.86,519.98,93.25,208.46,-1,-1,-1,-1
48,1,1191.90,518.60,104.38,212.70,-1,-1,-1,-1
49,1,1193.33,525.26,102.55,212.59,-1,-1,-1,-1
50,1,1201.07,526.25,99.22,212.33,-1,-1,-1,-1
51,1,1203.96,526.00,95.14,212.83,-1,-1,-1,-1
52,1,1202.52,533.94,100.10,210.42,-1,-1,-1,-1
53,1,1204.37,535.22,95.42,208.94,-1,-1,-1,-1
54,1,1205.66,536.38,94.34,207.71,-1,-1,-1,-1
55,1,1213.52,542.67,91.82,207.94,-1,-1,-1,-1
56,1,1213.06,543.54,94.68,207.83,-1,-1,-1,-1
57,1,1215.18,542.50,90.27,211.17,-1,-1,-1,-1
58,1,1216.54,541.88,88.95,213.21,-1,-1,-1,-1
59,1,1224.24,543.21,84.67,211.81,-1,-1,-1,-1
60,1,1218.72,547.67,96.26,214.61,-1,-1,-1,-1
61,1,1213.35,548.11,95.55,214.49,-1,-1,-1,-1
62,1,1219.75,548.48,93.87,215.08,-1,-1,-1,-1
63,1,1221.73,549.23,90.12,214.42,-1,-1,-1,-1
64,1,1222.26,549.52,89.40,214.74,-1,-1,-1,-1
65,1,1224.09,556.67,85.14,213.44,-1,-1,-1,-1
66,1,1222.76,556.66,88.95,215.13,-1,-1,-1,-1
67,1,1221.40,557.71,91.32,214.41,-1,-1,-1,-1
68,1,1219.46,564.66,95.04,212.87,-1,-1,-1,-1
69,1,1211.66,565.02,98.93,213.70,-1,-1,-1,-1
70,1,1212.43,565.76,96.64,214.53,-1,-1,-1,-1
71,1,1217.66,566.57,84.61,212.89,-1,-1,-1,-1
72,1,1218.07,575.58,82.15,205.98,-1,-1,-1,-1
73,1,1215.93,574.63,86.07,209.70,-1,-1,-1,-1
74,1,1207.08,574.23,91.19,212.06,-1,-1,-1,-1
75,1,1203.41,573.12,98.80,214.75,-1,-1,-1,-1
76,1,1206.00,580.75,91.60,212.51,-1,-1,-1,-1
77,1,1200.88,581.63,88.82,211.96,-1,-1,-1,-1
78,1,1200.52,581.94,88.10,212.86,-1,-1,-1,-1
79,1,1203.43,582.83,79.77,211.56,-1,-1,-1,-1
80,1,1190.48,582.67,92.49,212.95,-1,-1,-1,-1
81,1,1189.40,589.69,93.89,210.95,-1,-1,-1,-1
82,1,1187.82,589.63,95.08,212.75,-1,-1,-1,-1
83,1,1181.07,597.73,95.79,211.12,-1,-1,-1,-1
84,1,1184.03,597.72,87.53,210.74,-1,-1,-1,-1
85,1,1174.81,597.34,91.35,212.11,-1,-1,-1,-1
86,1,1174.47,597.74,90.67,213.14,-1,-1,-1,-1
87,1,1168.73,605.96,87.92,209.91,-1,-1,-1,-1
88,1,1165.44,605.79,91.59,210.66,-1,-1,-1,-1
89,1,1158.95,606.10,90.62,211.40,-1,-1,-1,-1
90,1,1156.23,605.12,93.64,214.22,-1,-1,-1,-1
91,1,1150.42,614.09,92.20,209.78,-1,-1,-1,-1
92,1,1148.30,613.57,93.71,210.94,-1,-1,-1,-1
93,1,1143.05,614.37,90.13,210.83,-1,-1,-1,-1
94,1,1131.67,614.60,98.02,212.33,-1,-1,-1,-1
95,1,1135.99,614.45,86.37,211.96,-1,-1,-1,-1
96,1,1124.76,613.14,94.45,215.31,-1,-1,-1,-1
97,1,1116.15,621.82,97.39,212.77,-1,-1,-1,-1
98,1,1113.40,622.66,87.48,212.01,-1,-1,-1,-1
99,1,1109.78,620.49,92.00,215.87,-1,-1,-1,-1
100,1,1102.19,632.04,93.27,207.24,-1,-1,-1,-1
101,1,1097.23,631.22,87.61,209.48,-1,-1,-1,-1
102,1,1098.28,631.93,80.58,209.96,-1,-1,-1,-1
103,1,1088.78,631.62,85.35,210.59,-1,-1,-1,-1
104,1,1080.35,639.79,87.43,206.84,-1,-1,-1,-1
105,1,1072.96,638.85,87.30,210.77,-1,-1,-1,-1
106,1,1063.47,639.86,89.65,208.70,-1,-1,-1,-1
107,1,1062.10,639.11,89.72,211.25,-1,-1,-1,-1
108,1,1059.17,638.68,80.56,212.41,-1,-1,-1,-1
109,1,1047.52,645.25,88.15,212.37,-1,-1,-1,-1
110,1,1036.69,646.79,93.72,211.28,-1,-1,-1,-1
111,1,1030.89,646.49,90.40,211.37,-1,-1,-1,-1
112,1,1023.84,655.13,89.73,207.78,-1,-1,-1,-1
113,1,1015.12,654.51,90.40,209.48,-1,-1,-1,-1
114,1,1019.02,654.49,79.51,211.25,-1,-1,-1,-1
115,1,1013.38,657.36,74.87,206.19,-1,-1,-1,-1
116,1,1000.01,664.04,85.76,205.78,-1,-1,-1,-1
117,1,993.81,663.86,82.80,206.67,-1,-1,-1,-1
118,1,984.89,665.63,84.14,206.26,-1,-1,-1,-1
119,1,978.68,666.68,81.45,204.96,-1,-1,-1,-1
120,1,967.32,673.30,88.81,202.84,-1,-1,-1,-1
121,1,962.17,673.61,83.88,204.57,-1,-1,-1,-1
122,1,955.23,673.64,81.76,206.22,-1,-1,-1,-1
123,1,943.39,683.14,90.76,199.60,-1,-1,-1,-1
124,1,939.17,682.17,83.41,202.76,-1,-1,-1,-1
125,1,927.55,681.88,91.27,205.35,-1,-1,-1,-1
126,1,920.13,681.11,89.17,206.45,-1,-1,-1,-1
127,1,910.60,690.50,92.83,201.02,-1,-1,-1,-1
128,1,911.44,691.09,87.50,200.10,-1,-1,-1,-1
129,1,901.97,690.36,90.59,204.20,-1,-1,-1,-1
130,1,898.54,690.36,80.66,205.48,-1,-1,-1,-1
131,1,888.61,696.24,85.71,204.81,-1,-1,-1,-1
132,1,881.91,697.86,83.95,202.68,-1,-1,-1,-1
133,1,873.02,697.85,86.54,205.40,-1,-1,-1,-1
134,1,867.44,697.73,81.11,205.99,-1,-1,-1,-1
135,1,856.31,696.46,87.19,209.15,-1,-1,-1,-1
136,1,849.91,706.24,85.20,202.77,-1,-1,-1,-1
137,1,840.69,705.62,88.08,205.00,-1,-1,-1,-1
138,1,834.71,713.13,84.25,203.34,-1,-1,-1,-1
139,1,823.76,704.88,90.48,207.91,-1,-1,-1,-1
140,1,821.95,712.66,90.36,205.35,-1,-1,-1,-1
141,1,818.32,713.02,81.19,204.72,-1,-1,-1,-1
142,1,807.12,712.96,88.42,207.20,-1,-1,-1,-1
143,1,798.42,712.26,90.80,209.32,-1,-1,-1,-1
144,1,790.63,722.11,91.35,201.82,-1,-1,-1,-1
145,1,783.89,720.42,89.83,208.15,-1,-1,-1,-1
146,1,776.45,722.07,88.66,205.57,-1,-1,-1,-1
147,1,776.14,730.26,85.44,201.43,-1,-1,-1,-1
148,1,768.06,730.15,88.24,202.59,-1,-1,-1,-1
149,1,758.89,730.04,90.91,204.00,-1,-1,-1,-1
150,1,748.58,730.84,95.86,205.16,-1,-1,-1,-1
151,1,743.73,731.46,90.00,203.46,-1,-1,-1,-1
152,1,747.30,740.02,79.01,198.49,-1,-1,-1,-1
153,1,737.21,738.67,83.67,202.04,-1,-1,-1,-1
154,1,726.79,737.84,90.61,205.21,-1,-1,-1,-1
155,1,719.41,745.64,91.69,202.16,-1,-1,-1,-1
156,1,722.16,746.32,81.68,200.77,-1,-1,-1,-1
157,1,713.07,745.09,86.41,204.95,-1,-1,-1,-1
158,1,704.42,744.83,88.96,207.71,-1,-1,-1,-1
159,1,705.13,746.35,83.49,205.39,-1,-1,-1,-1
160,1,694.09,753.95,92.41,201.58,-1,-1,-1,-1
161,1,685.01,752.96,96.64,205.93,-1,-1,-1,-1
162,1,685.12,753.93,94.28,205.77,-1,-1,-1,-1
163,1,682.37,755.03,85.57,203.90,-1,-1,-1,-1
164,1,682.33,762.52,82.09,202.40,-1,-1,-1,-1
165,1,669.61,762.56,94.97,203.91,-1,-1,-1,-1
166,1,669.08,761.40,91.92,206.84,-1,-1,-1,-1
167,1,661.81,762.48,92.81,205.40,-1,-1,-1,-1
168,1,662.67,769.88,88.59,202.36,-1,-1,-1,-1
169,1,654.99,768.71,91.38,206.65,-1,-1,-1,-1
170,1,653.79,769.38,91.61,206.63,-1,-1,-1,-1
171,1,648.15,769.34,89.65,206.37,-1,-1,-1,-1
172,1,646.54,767.71,91.34,210.69,-1,-1,-1,-1
173,1,645.69,774.81,90.81,208.62,-1,-1,-1,-1
174,1,635.58,776.59,98.12,207.19,-1,-1,-1,-1
175,1,639.31,775.69,89.60,209.63,-1,-1,-1,-1
176,1,638.06,777.14,89.46,208.11,-1,-1,-1,-1
177,1,630.09,785.43,92.81,203.90,-1,-1,-1,-1
178,1,630.52,786.32,91.52,204.09,-1,-1,-1,-1
179,1,630.97,792.69,89.62,203.32,-1,-1,-1,-1
180,1,630.41,793.16,89.72,203.44,-1,-1,-1,-1
181,1,630.08,792.69,89.41,205.70,-1,-1,-1,-1
182,1,621.15,793.78,95.37,206.48,-1,-1,-1,-1
183,1,625.53,793.82,86.11,206.12,-1,-1,-1,-1
184,1,626.10,802.57,83.27,200.08,-1,-1,-1,-1
185,1,621.57,801.18,94.15,205.04,-1,-1,-1,-1
186,1,623.62,800.55,88.34,207.42,-1,-1,-1,-1
187,1,625.79,801.73,83.00,206.28,-1,-1,-1,-1
188,1,621.26,801.96,94.66,206.93,-1,-1,-1,-1
189,1,622.03,806.52,91.95,209.14,-1,-1,-1,-1
190,1,624.69,806.94,84.71,209.72,-1,-1,-1,-1
191,1,623.70,809.42,87.92,206.25,-1,-1,-1,-1
192,1,625.48,818.23,84.31,200.81,-1,-1,-1,-1
193,1,623.07,817.66,90.60,204.40,-1,-1,-1,-1
194,1,621.98,817.93,94.13,206.15,-1,-1,-1,-1
195,1,620.56,818.40,97.63,206.20,-1,-1,-1,-1
196,1,628.86,824.81,91.96,204.54,-1,-1,-1,-1
197,1,631.38,824.30,86.95,207.45,-1,-1,-1,-1
198,1,632.66,825.53,84.26,206.72,-1,-1,-1,-1
199,1,631.37,826.96,89.01,203.66,-1,-1,-1,-1
200,1,630.63,826.39,90.80,205.95,-1,-1,-1,-1
201,1,636.60,832.89,92.96,205.26,-1,-1,-1,-1
202,1,639.71,832.55,88.64,208.32,-1,-1,-1,-1
203,1,637.29,833.96,95.82,206.43,-1,-1,-1,-1
204,1,648.08,832.35,85.40,209.34,-1,-1,-1,-1
205,1,646.89,840.52,90.16,205.01,-1,-1,-1,-1
206,1,644.13,839.81,97.59,207.57,-1,-1,-1,-1
207,1,654.93,841.69,88.65,206.85,-1,-1,-1,-1
208,1,654.78,850.05,92.18,200.90,-1,-1,-1,-1
209,1,663.88,851.03,86.69,201.15,-1,-1,-1,-1
210,1,663.00,850.85,90.90,204.01,-1,-1,-1,-1
211,1,669.50,850.51,90.89,206.35,-1,-1,-1,-1
212,1,669.02,858.79,96.39,200.83,-1,-1,-1,-1
213,1,681.18,859.33,84.47,201.27,-1,-1,-1,-1
214,1,681.74,860.42,83.79,200.32,-1,-1,-1,-1
215,1,686.05,858.92,92.49,204.19,-1,-1,-1,-1
216,1,686.07,867.66,94.14,198.10,-1,-1,-1,-1
217,1,697.17,868.51,84.93,197.41,-1,-1,-1,-1
218,1,698.61,869.85,84.12,196.08,-1,-1,-1,-1
219,1,701.58,870.03,95.26,198.29,-1,-1,-1,-1
220,1,712.10,867.71,87.52,202.16,-1,-1,-1,-1
221,1,714.02,869.73,86.10,199.89,-1,-1,-1,-1
222,1,724.07,877.74,93.45,194.26,-1,-1,-1,-1
223,1,728.76,879.11,86.05,191.40,-1,-1,-1,-1
224,1,736.28,881.31,85.82,189.19,-1,-1,-1,-1
225,1,736.45,882.95,89.68,188.04,-1,-1,-1,-1
226,1,745.57,883.73,84.78,186.95,-1,-1,-1,-1
227,1,753.59,883.90,84.96,187.87,-1,-1,-1,-1
228,1,762.19,883.91,83.59,188.25,-1,-1,-1,-1
229,1,767.93,893.69,85.92,177.36,-1,-1,-1,-1
230,1,771.10,894.85,83.85,176.70,-1,-1,-1,-1
231,1,775.74,895.47,89.78,177.23,-1,-1,-1,-1
232,1,786.36,896.10,83.92,175.93,-1,-1,-1,-1
233,1,791.16,896.89,89.30,176.49,-1,-1,-1,-1
234,1,794.17,899.58,85.29,169.81,-1,-1,-1,-1
235,1,807.20,898.11,88.21,173.14,-1,-1,-1,-1
236,1,808.32,900.16,88.86,170.59,-1,-1,-1,-1
237,1,813.16,898.61,95.89,176.25,-1,-1,-1,-1
238,1,821.14,899.67,95.04,173.58,-1,-1,-1,-1
239,1,829.25,909.06,95.16,166.70,-1,-1,-1,-1
240,1,841.02,910.03,85.74,165.93,-1,-1,-1,-1
241,1,845.86,910.20,92.46,170.40,-1,-1,-1,-1
242,1,857.35,912.85,84.48,162.60,-1,-1,-1,-1
243,1,863.74,914.16,86.38,160.31,-1,-1,-1,-1
244,1,873.08,915.96,83.46,159.04,-1,-1,-1,-1
245,1,873.95,924.03,85.79,149.28,-1,-1,-1,-1
246,1,889.29,924.70,83.39,151.03,-1,-1,-1,-1
247,1,891.06,925.09,96.02,148.02,-1,-1,-1,-1
248,1,902.93,924.80,88.38,151.58,-1,-1,-1,-1
249,1,903.81,927.05,88.69,145.81,-1,-1,-1,-1
250,1,914.27,929.32,85.68,145.36,-1,-1,-1,-1
2,2,895.37,184.98,89.59,208.67,-1,-1,-1,-1
3,2,886.95,184.50,91.33,210.28,-1,-1,-1,-1
4,2,887.83,191.02,86.86,208.20,-1,-1,-1,-1
5,2,876.88,191.54,92.24,210.58,-1,-1,-1,-1
6,2,869.08,191.92,92.98,211.24,-1,-1,-1,-1
7,2,860.91,196.63,92.94,212.25,-1,-1,-1,-1
8,2,853.60,197.72,91.38,211.80,-1,-1,-1,-1
9,2,845.00,198.45,92.48,212.05,-1,-1,-1,-1
10,2,840.00,199.15,87.55,213.13,-1,-1,-1,-1
11,2,828.05,203.25,95.06,214.14,-1,-1,-1,-1
12,2,822.43,206.66,91.04,208.86,-1,-1,-1,-1
13,2,816.32,208.30,87.42,208.82,-1,-1,-1,-1
14,2,814.09,208.79,90.19,209.49,-1,-1,-1,-1
15,2,800.55,214.28,88.07,207.26,-1,-1,-1,-1
16,2,791.07,214.78,90.98,208.37,-1,-1,-1,-1
17,2,784.16,216.40,88.93,207.57,-1,-1,-1,-1
18,2,781.68,215.32,91.06,211.10,-1,-1,-1,-1
19,2,772.67,219.86,93.74,212.71,-1,-1,-1,-1
20,2,765.51,223.10,92.69,208.09,-1,-1,-1,-1
21,2,759.70,223.29,89.80,209.26,-1,-1,-1,-1
22,2,750.81,224.55,91.35,208.75,-1,-1,-1,-1
23,2,745.32,229.70,99.40,209.51,-1,-1,-1,-1
24,2,737.34,229.47,99.53,210.32,-1,-1,-1,-1
25,2,735.71,231.13,88.63,209.11,-1,-1,-1,-1
26,2,728.63,231.54,88.09,210.68,-1,-1,-1,-1
27,2,723.11,232.23,95.81,211.15,-1,-1,-1,-1
28,2,713.92,237.05,98.42,211.12,-1,-1,-1,-1
29,2,708.08,239.55,95.08,207.98,-1,-1,-1,-1
30,2,701.68,240.57,93.48,209.00,-1,-1,-1,-1
31,2,700.37,246.44,93.96,207.80,-1,-1,-1,-1
32,2,694.33,248.24,90.60,206.15,-1,-1,-1,-1
33,2,683.16,247.10,96.71,208.59,-1,-1,-1,-1
34,2,681.76,246.66,98.80,211.86,-1,-1,-1,-1
35,2,678.98,248.10,90.71,210.86,-1,-1,-1,-1
36,2,671.11,255.86,90.46,205.75,-1,-1,-1,-1
37,2,667.83,255.05,95.51,209.22,-1,-1,-1,-1
38,2,664.89,257.13,87.57,207.12,-1,-1,-1,-1
39,2,661.66,256.79,91.37,209.61,-1,-1,-1,-1
40,2,653.81,263.14,91.62,207.38,-1,-1,-1,-1
41,2,646.07,264.08,92.41,206.76,-1,-1,-1,-1
42,2,646.24,264.82,91.31,206.91,-1,-1,-1,-1
43,2,647.86,264.84,87.32,209.89,-1,-1,-1,-1
44,2,641.88,271.94,84.32,206.23,-1,-1,-1,-1
45,2,636.02,270.93,95.01,209.93,-1,-1,-1,-1
46,2,631.75,271.57,89.73,210.31,-1,-1,-1,-1
47,2,633.92,279.92,84.50,204.85,-1,-1,-1,-1
48,2,621.31,280.35,94.64,205.05,-1,-1,-1,-1
49,2,623.22,280.44,89.80,206.17,-1,-1,-1,-1
50,2,624.70,280.96,86.37,208.25,-1,-1,-1,-1
51,2,620.83,279.50,92.91,211.28,-1,-1,-1,-1
52,2,624.21,286.60,85.72,207.01,-1,-1,-1,-1
53,2,617.27,288.76,86.72,204.62,-1,-1,-1,-1
54,2,615.89,289.92,88.42,205.24,-1,-1,-1,-1
55,2,615.99,290.14,87.00,206.74,-1,-1,-1,-1
56,2,609.32,297.03,86.78,203.62,-1,-1,-1,-1
57,2,608.54,297.16,87.68,204.26,-1,-1,-1,-1
58,2,608.86,298.10,86.78,205.72,-1,-1,-1,-1
59,2,604.49,296.32,94.78,209.81,-1,-1,-1,-1
60,2,610.81,304.52,82.66,205.67,-1,-1,-1,-1
61,2,608.07,305.49,88.12,204.61,-1,-1,-1,-1
62,2,607.59,306.57,88.55,205.13,-1,-1,-1,-1
63,2,608.93,312.24,85.68,204.20,-1,-1,-1,-1
64,2,605.83,312.14,91.57,205.08,-1,-1,-1,-1
65,2,610.46,313.63,82.90,204.21,-1,-1,-1,-1
66,2,609.83,314.35,83.79,204.88,-1,-1,-1,-1
67,2,613.57,320.25,76.78,203.76,-1,-1,-1,-1
68,2,609.80,320.95,84.57,203.16,-1,-1,-1,-1
69,2,613.11,322.56,78.56,202.79,-1,-1,-1,-1
70,2,610.29,323.74,84.30,201.43,-1,-1,-1,-1
71,2,617.87,323.51,83.18,204.02,-1,-1,-1,-1
72,2,617.68,329.77,83.23,201.84,-1,-1,-1,-1
73,2,618.98,331.64,82.33,200.09,-1,-1,-1,-1
74,2,620.24,330.82,80.45,203.90,-1,-1,-1,-1
75,2,622.86,329.15,88.40,208.71,-1,-1,-1,-1
76,2,623.86,335.72,86.52,205.55,-1,-1,-1,-1
77,2,626.59,338.19,82.30,203.58,-1,-1,-1,-1
78,2,627.94,338.50,81.01,205.47,-1,-1,-1,-1
79,2,633.34,345.50,84.48,201.42,-1,-1,-1,-1
80,2,633.13,345.86,85.47,202.64,-1,-1,-1,-1
81,2,635.14,346.03,82.87,204.31,-1,-1,-1,-1
82,2,643.35,345.62,80.41,207.28,-1,-1,-1,-1
83,2,645.07,352.73,79.01,203.04,-1,-1,-1,-1
84,2,653.14,353.35,76.59,202.70,-1,-1,-1,-1
85,2,656.90,353.76,70.85,203.43,-1,-1,-1,-1
86,2,662.54,354.37,74.21,206.15,-1,-1,-1,-1
87,2,661.24,360.62,78.15,203.50,-1,-1,-1,-1
88,2,665.05,361.00,84.73,204.19,-1,-1,-1,-1
89,2,666.49,362.08,83.69,203.33,-1,-1,-1,-1
90,2,669.27,360.96,92.66,207.19,-1,-1,-1,-1
91,2,674.19,367.48,85.02,205.05,-1,-1,-1,-1
92,2,683.22,368.21,81.28,205.10,-1,-1,-1,-1
93,2,686.14,368.73,90.41,205.63,-1,-1,-1,-1
94,2,687.87,369.51,88.82,207.22,-1,-1,-1,-1
95,2,695.94,376.58,87.63,203.39,-1,-1,-1,-1
96,2,704.22,376.57,85.76,205.93,-1,-1,-1,-1
97,2,708.91,377.99,79.84,203.56,-1,-1,-1,-1
98,2,713.37,378.84,85.49,203.41,-1,-1,-1,-1
99,2,720.52,383.26,85.76,205.29,-1,-1,-1,-1
100,2,724.24,385.97,81.31,201.03,-1,-1,-1,-1
101,2,735.60,385.49,73.69,205.12,-1,-1,-1,-1
102,2,737.28,392.56,85.36,202.91,-1,-1,-1,-1
103,2,744.68,392.73,86.15,203.90,-1,-1,-1,-1
104,2,753.04,392.88,84.44,205.69,-1,-1,-1,-1
105,2,755.95,393.25,81.44,204.76,-1,-1,-1,-1
106,2,764.55,392.56,79.37,208.37,-1,-1,-1,-1
107,2,772.08,400.11,80.30,204.03,-1,-1,-1,-1
108,2,781.80,400.57,75.57,204.81,-1,-1,-1,-1
109,2,787.22,401.61,81.07,206.11,-1,-1,-1,-1
110,2,792.53,401.77,85.61,206.75,-1,-1,-1,-1
111,2,797.63,408.46,90.60,204.46,-1,-1,-1,-1
112,2,804.22,408.68,80.38,205.64,-1,-1,-1,-1
113,2,810.17,409.21,85.00,206.40,-1,-1,-1,-1
114,2,817.98,410.00,84.25,207.34,-1,-1,-1,-1
115,2,827.69,416.30,80.25,203.64,-1,-1,-1,-1
116,2,832.25,417.18,87.21,204.68,-1,-1,-1,-1
117,2,842.99,418.42,81.24,204.52,-1,-1,-1,-1
118,2,847.25,424.40,88.99,202.24,-1,-1,-1,-1
119,2,856.04,423.66,85.88,205.33,-1,-1,-1,-1
120,2,863.19,425.89,87.77,204.23,-1,-1,-1,-1
121,2,872.38,425.43,84.52,206.24,-1,-1,-1,-1
122,2,880.56,425.44,84.75,208.38,-1,-1,-1,-1
123,2,889.86,433.19,81.69,203.14,-1,-1,-1,-1
124,2,896.07,432.92,85.45,205.38,-1,-1,-1,-1
125,2,903.26,433.63,75.38,205.41,-1,-1,-1,-1
126,2,905.71,434.67,86.11,205.99,-1,-1,-1,-1
127,2,918.31,441.27,75.70,203.23,-1,-1,-1,-1
128,2,921.47,443.07,85.44,200.27,-1,-1,-1,-1
129,2,929.04,442.01,85.37,204.97,-1,-1,-1,-1
130,2,941.78,443.00,76.55,205.35,-1,-1,-1,-1
131,2,945.25,448.77,84.53,202.94,-1,-1,-1,-1
132,2,957.25,448.36,75.89,205.16,-1,-1,-1,-1
133,2,960.81,449.96,85.51,205.31,-1,-1,-1,-1
134,2,973.08,455.76,75.73,204.40,-1,-1,-1,-1
135,2,980.24,457.32,77.78,203.65,-1,-1,-1,-1
136,2,982.85,457.83,76.28,202.66,-1,-1,-1,-1
137,2,986.28,458.72,84.42,203.11,-1,-1,-1,-1
138,2,992.71,457.21,87.62,208.28,-1,-1,-1,-1
139,2,1001.94,462.75,85.52,205.67,-1,-1,-1,-1
140,2,1010.52,465.74,83.13,202.56,-1,-1,-1,-1
141,2,1022.32,465.60,74.82,204.72,-1,-1,-1,-1
142,2,1024.04,466.25,88.19,207.15,-1,-1,-1,-1
143,2,1033.66,471.99,82.64,204.15,-1,-1,-1,-1
144,2,1042.69,473.79,80.72,203.94,-1,-1,-1,-1
145,2,1042.66,473.90,83.57,204.00,-1,-1,-1,-1
146,2,1052.06,474.47,80.75,205.91,-1,-1,-1,-1
147,2,1062.62,480.83,75.07,203.07,-1,-1,-1,-1
148,2,1065.87,481.79,84.74,202.06,-1,-1,-1,-1
149,2,1072.30,482.05,85.98,204.26,-1,-1,-1,-1
150,2,1081.66,482.09,82.06,206.25,-1,-1,-1,-1
151,2,1081.57,489.12,86.44,201.64,-1,-1,-1,-1
152,2,1087.90,489.04,87.74,203.83,-1,-1,-1,-1
153,2,1100.02,489.82,77.80,204.72,-1,-1,-1,-1
154,2,1101.81,490.02,90.10,206.41,-1,-1,-1,-1
155,2,1110.22,496.80,76.27,202.84,-1,-1,-1,-1
156,2,1112.19,496.58,87.73,203.93,-1,-1,-1,-1
157,2,1118.75,497.12,88.49,205.56,-1,-1,-1,-1
158,2,1120.92,498.43,86.95,206.43,-1,-1,-1,-1
159,2,1131.37,503.74,80.25,205.25,-1,-1,-1,-1
160,2,1136.50,505.46,85.14,204.80,-1,-1,-1,-1
161,2,1137.89,505.54,84.59,205.38,-1,-1,-1,-1
162,2,1146.48,506.71,81.09,205.89,-1,-1,-1,-1
163,2,1147.30,511.15,83.13,204.95,-1,-1,-1,-1
164,2,1155.95,513.18,79.26,203.95,-1,-1,-1,-1
165,2,1154.22,513.72,84.95,205.20,-1,-1,-1,-1
166,2,1162.90,514.58,81.63,205.83,-1,-1,-1,-1
167,2,1165.47,520.26,90.31,203.59,-1,-1,-1,-1
168,2,1168.46,521.08,86.31,204.03,-1,-1,-1,-1
169,2,1172.04,521.78,81.43,203.74,-1,-1,-1,-1
170,2,1174.91,521.77,89.50,206.76,-1,-1,-1,-1
171,2,1176.58,522.20,87.96,207.55,-1,-1,-1,-1
172,2,1186.49,528.09,81.59,204.70,-1,-1,-1,-1
173,2,1189.08,530.46,77.97,203.10,-1,-1,-1,-1
174,2,1189.08,530.64,79.63,205.07,-1,-1,-1,-1
175,2,1196.17,536.48,77.69,202.92,-1,-1,-1,-1
176,2,1194.60,538.49,82.66,200.57,-1,-1,-1,-1
177,2,1194.15,538.97,84.33,202.53,-1,-1,-1,-1
178,2,1198.76,538.50,88.25,205.39,-1,-1,-1,-1
179,2,1203.30,543.72,80.11,204.31,-1,-1,-1,-1
180,2,1199.88,545.06,88.04,203.23,-1,-1,-1,-1
181,2,1202.44,546.16,83.12,204.27,-1,-1,-1,-1
182,2,1205.46,547.01,78.91,204.59,-1,-1,-1,-1
183,2,1210.45,552.83,80.66,202.43,-1,-1,-1,-1
184,2,1212.35,554.76,77.36,200.13,-1,-1,-1,-1
185,2,1210.71,553.84,80.41,203.31,-1,-1,-1,-1
186,2,1209.27,553.48,83.95,206.37,-1,-1,-1,-1
187,2,1208.57,554.08,85.57,207.60,-1,-1,-1,-1
188,2,1209.90,560.29,82.75,203.23,-1,-1,-1,-1
189,2,1213.24,562.05,76.44,202.94,-1,-1,-1,-1
190,2,1208.88,561.02,85.41,207.12,-1,-1,-1,-1
191,2,1210.91,568.09,80.85,202.82,-1,-1,-1,-1
192,2,1211.81,570.09,78.61,201.00,-1,-1,-1,-1
193,2,1212.48,570.97,77.02,201.00,-1,-1,-1,-1
194,2,1209.64,569.88,82.10,205.99,-1,-1,-1,-1
195,2,1203.90,576.13,81.51,203.58,-1,-1,-1,-1
196,2,1202.92,576.27,83.08,204.83,-1,-1,-1,-1
197,2,1201.79,576.53,84.96,207.47,-1,-1,-1,-1
198,2,1204.94,577.37,78.08,208.81,-1,-1,-1,-1
199,2,1204.75,583.58,76.34,205.29,-1,-1,-1,-1
200,2,1194.73,584.67,83.84,203.39,-1,-1,-1,-1
201,2,1196.43,585.49,78.79,204.39,-1,-1,-1,-1
202,2,1192.88,585.24,84.21,206.75,-1,-1,-1,-1
203,2,1186.58,585.69,84.93,208.02,-1,-1,-1,-1
204,2,1189.27,594.05,78.66,200.68,-1,-1,-1,-1
205,2,1193.05,594.18,69.11,203.78,-1,-1,-1,-1
206,2,1180.93,593.74,79.91,206.52,-1,-1,-1,-1
207,2,1180.87,595.23,77.83,205.47,-1,-1,-1,-1
208,2,1172.68,600.04,80.34,204.25,-1,-1,-1,-1
209,2,1173.12,601.68,78.53,204.55,-1,-1,-1,-1
210,2,1175.20,601.65,71.98,206.91,-1,-1,-1,-1
211,2,1165.19,607.74,77.91,203.76,-1,-1,-1,-1
212,2,1162.05,608.56,81.60,204.07,-1,-1,-1,-1
213,2,1159.76,610.45,72.85,203.88,-1,-1,-1,-1
214,2,1159.16,609.83,71.58,207.58,-1,-1,-1,-1
215,2,1149.60,610.51,75.78,206.62,-1,-1,-1,-1
216,2,1139.14,615.03,82.79,205.99,-1,-1,-1,-1
217,2,1140.12,615.87,78.57,207.05,-1,-1,-1,-1
218,2,1135.60,618.24,73.19,204.16,-1,-1,-1,-1
219,2,1132.16,619.82,76.52,204.17,-1,-1,-1,-1
220,2,1125.63,625.23,75.84,202.30,-1,-1,-1,-1
221,2,1119.98,625.73,72.48,202.25,-1,-1,-1,-1
222,2,1108.54,625.27,80.65,207.05,-1,-1,-1,-1
223,2,1110.91,632.32,73.27,203.72,-1,-1,-1,-1
224,2,1100.63,632.33,79.00,203.87,-1,-1,-1,-1
225,2,1090.60,632.58,83.97,205.33,-1,-1,-1,-1
226,2,1092.23,634.01,77.51,205.87,-1,-1,-1,-1
227,2,1088.13,640.68,70.39,201.86,-1,-1,-1,-1
228,2,1077.04,640.07,78.18,204.62,-1,-1,-1,-1
229,2,1071.60,640.94,73.69,204.11,-1,-1,-1,-1
230,2,1061.19,641.83,79.67,206.36,-1,-1,-1,-1
231,2,1062.79,648.14,72.13,204.18,-1,-1,-1,-1
232,2,1053.11,648.28,75.81,203.67,-1,-1,-1,-1
233,2,1045.03,647.83,78.31,207.92,-1,-1,-1,-1
234,2,1040.13,650.55,71.48,203.90,-1,-1,-1,-1
235,2,1031.69,657.04,73.64,201.58,-1,-1,-1,-1
236,2,1021.85,656.32,78.16,203.85,-1,-1,-1,-1
237,2,1020.57,657.66,65.35,203.96,-1,-1,-1,-1
238,2,1009.85,658.12,70.52,205.45,-1,-1,-1,-1
239,2,1007.52,664.72,71.25,202.32,-1,-1,-1,-1
240,2,1001.40,665.48,68.02,203.50,-1,-1,-1,-1
241,2,993.18,667.16,68.67,201.87,-1,-1,-1,-1
242,2,986.87,666.36,66.07,205.52,-1,-1,-1,-1
243,2,975.71,672.58,72.13,202.97,-1,-1,-1,-1
244,2,969.97,674.19,69.01,202.13,-1,-1,-1,-1
245,2,963.81,674.08,65.48,203.96,-1,-1,-1,-1
246,2,954.53,674.51,68.73,205.44,-1,-1,-1,-1
247,2,943.22,681.08,75.29,203.28,-1,-1,-1,-1
248,2,934.39,680.90,76.83,204.43,-1,-1,-1,-1
249,2,926.79,682.08,76.11,203.89,-1,-1,-1,-1
250,2,922.75,682.79,69.24,205.09,-1,-1,-1,-1
