2,1,1098.64,189.01,95.35,210.50,-1,-1,-1,-1
3,1,1099.72,184.48,94.40,208.99,-1,-1,-1,-1
4,1,1101.52,175.20,93.05,208.92,-1,-1,-1,-1
5,1,1102.26,175.49,93.31,207.46,-1,-1,-1,-1
6,1,1102.26,160.34,93.95,209.28,-1,-1,-1,-1
7,1,1100.90,164.28,95.48,215.67,-1,-1,-1,-1
8,1,1101.60,153.08,94.95,208.47,-1,-1,-1,-1
9,1,1102.13,137.32,93.94,207.95,-1,-1,-1,-1
10,1,1102.14,138.19,93.44,206.42,-1,-1,-1,-1
11,1,1100.50,133.62,95.45,209.25,-1,-1,-1,-1
12,1,1099.70,128.66,94.63,206.70,-1,-1,-1,-1
13,1,1093.93,120.49,95.76,207.26,-1,-1,-1,-1
14,1,1093.69,112.57,92.54,207.60,-1,-1,-1,-1
15,1,1092.77,108.79,90.63,201.57,-1,-1,-1,-1
16,1,1085.49,98.72,93.16,215.97,-1,-1,-1,-1
17,1,1082.82,92.09,94.55,213.05,-1,-1,-1,-1
18,1,1076.89,93.47,92.77,210.65,-1,-1,-1,-1
19,1,1070.16,88.10,93.59,206.48,-1,-1,-1,-1
20,1,1068.40,83.47,91.57,202.52,-1,-1,-1,-1
21,1,1061.46,78.17,91.56,208.58,-1,-1,-1,-1
22,1,1053.05,75.97,92.45,213.47,-1,-1,-1,-1
23,1,1048.19,64.44,88.47,207.60,-1,-1,-1,-1
24,1,1038.44,71.98,91.61,207.81,-1,-1,-1,-1
25,1,1031.11,56.03,91.23,209.01,-1,-1,-1,-1
26,1,1021.99,57.50,92.48,206.96,-1,-1,-1,-1
27,1,1014.89,58.31,91.05,205.58,-1,-1,-1,-1
28,1,1009.98,52.71,85.37,201.99,-1,-1,-1,-1
29,1,999.95,50.39,87.55,204.67,-1,-1,-1,-1
30,1,992.75,43.76,84.85,202.96,-1,-1,-1,-1
31,1,984.45,45.33,83.81,200.19,-1,-1,-1,-1
32,1,973.73,42.64,89.33,203.25,-1,-1,-1,-1
33,1,967.05,37.02,85.52,200.97,-1,-1,-1,-1
34,1,953.39,47.97,85.94,206.10,-1,-1,-1,-1
35,1,944.45,48.41,86.45,204.27,-1,-1,-1,-1
36,1,935.63,48.67,86.72,203.91,-1,-1,-1,-1
37,1,927.78,36.75,84.43,201.81,-1,-1,-1,-1
38,1,912.20,46.88,88.15,207.37,-1,-1,-1,-1
39,1,905.00,33.67,86.59,205.45,-1,-1,-1,-1
40,1,895.76,43.27,85.85,203.78,-1,-1,-1,-1
41,1,881.84,40.47,87.48,208.82,-1,-1,-1,-1
42,1,872.98,42.42,88.04,204.38,-1,-1,-1,-1
43,1,865.91,41.07,85.36,205.03,-1,-1,-1,-1
44,1,855.34,41.04,87.95,205.79,-1,-1,-1,-1
45,1,848.89,46.13,82.80,199.23,-1,-1,-1,-1
47,1,825.42,42.57,88.46,204.91,-1,-1,-1,-1
48,1,816.96,46.73,86.59,208.74,-1,-1,-1,-1
49,1,808.66,44.14,87.78,202.39,-1,-1,-1,-1
50,1,796.73,57.98,92.37,205.12,-1,-1,-1,-1
51,1,790.28,65.94,90.16,204.87,-1,-1,-1,-1
52,1,782.44,59.43,89.80,203.40,-1,-1,-1,-1
53,1,775.23,63.70,89.95,206.51,-1,-1,-1,-1
54,1,767.99,66.99,88.90,202.41,-1,-1,-1,-1
55,1,759.22,73.65,91.76,203.99,-1,-1,-1,-1
56,1,750.47,82.86,93.18,203.05,-1,-1,-1,-1
57,1,747.23,89.76,94.19,204.30,-1,-1,-1,-1
58,1,742.52,85.79,89.99,198.82,-1,-1,-1,-1
59,1,735.44,84.87,90.65,201.33,-1,-1,-1,-1
60,1,731.31,102.73,94.25,207.01,-1,-1,-1,-1
61,1,726.52,100.84,92.08,201.44,-1,-1,-1,-1
62,1,717.86,110.11,94.99,207.96,-1,-1,-1,-1
63,1,718.12,108.68,92.01,200.92,-1,-1,-1,-1
64,1,715.41,116.00,93.74,202.80,-1,-1,-1,-1
65,1,710.28,128.18,95.02,207.34,-1,-1,-1,-1
66,1,708.52,134.64,95.94,209.02,-1,-1,-1,-1
67,1,707.98,131.27,94.03,204.03,-1,-1,-1,-1
68,1,708.07,141.49,93.21,210.12,-1,-1,-1,-1
69,1,707.05,153.13,94.62,207.72,-1,-1,-1,-1
70,1,707.82,157.55,93.41,210.34,-1,-1,-1,-1
71,1,706.98,164.26,95.12,213.81,-1,-1,-1,-1
72,1,707.09,175.14,94.81,210.63,-1,-1,-1,-1
73,1,707.79,185.19,95.13,217.82,-1,-1,-1,-1
74,1,708.50,185.03,96.11,219.55,-1,-1,-1,-1
75,1,708.88,198.81,97.12,210.52,-1,-1,-1,-1
76,1,715.93,208.55,94.37,206.88,-1,-1,-1,-1
77,1,718.21,208.35,93.76,205.70,-1,-1,-1,-1
78,1,721.92,221.40,96.87,209.91,-1,-1,-1,-1
79,1,724.00,232.94,97.79,203.85,-1,-1,-1,-1
80,1,730.54,241.25,97.93,204.32,-1,-1,-1,-1
81,1,739.46,237.55,93.57,199.58,-1,-1,-1,-1
82,1,740.23,251.33,96.10,203.70,-1,-1,-1,-1
83,1,746.71,263.41,97.26,205.71,-1,-1,-1,-1
84,1,754.49,279.33,97.32,205.97,-1,-1,-1,-1
85,1,761.94,279.98,97.85,204.64,-1,-1,-1,-1
86,1,769.77,293.86,97.10,209.07,-1,-1,-1,-1
87,1,778.91,306.17,94.77,204.60,-1,-1,-1,-1
88,1,783.25,308.98,92.26,199.83,-1,-1,-1,-1
89,1,794.25,322.40,95.81,202.36,-1,-1,-1,-1
90,1,799.60,331.34,91.49,199.59,-1,-1,-1,-1
91,1,810.88,342.34,95.17,197.96,-1,-1,-1,-1
92,1,821.07,346.68,90.61,199.61,-1,-1,-1,-1
93,1,828.92,354.81,93.08,201.26,-1,-1,-1,-1
94,1,839.38,364.23,89.88,198.00,-1,-1,-1,-1
95,1,845.95,372.53,93.26,200.79,-1,-1,-1,-1
96,1,859.66,385.93,92.85,202.79,-1,-1,-1,-1
97,1,869.35,401.97,90.70,203.56,-1,-1,-1,-1
98,1,879.35,403.82,88.41,201.00,-1,-1,-1,-1
99,1,887.88,417.96,89.20,205.41,-1,-1,-1,-1
102,1,916.19,441.75,93.73,204.15,-1,-1,-1,-1
107,1,965.68,500.74,89.96,213.00,-1,-1,-1,-1
108,1,973.85,505.78,92.04,204.71,-1,-1,-1,-1
109,1,982.27,521.73,93.98,218.32,-1,-1,-1,-1
111,1,1004.78,530.44,90.66,204.34,-1,-1,-1,-1
112,1,1011.32,550.15,93.83,209.68,-1,-1,-1,-1
113,1,1020.63,560.25,91.56,206.29,-1,-1,-1,-1
114,1,1028.49,566.71,90.33,207.84,-1,-1,-1,-1
115,1,1036.63,583.03,90.11,207.08,-1,-1,-1,-1
116,1,1042.07,584.79,87.79,203.82,-1,-1,-1,-1
117,1,1053.57,588.37,88.16,200.58,-1,-1,-1,-1
118,1,1057.38,602.40,88.16,201.76,-1,-1,-1,-1
119,1,1067.57,611.15,82.57,200.47,-1,-1,-1,-1
120,1,1074.90,621.62,81.67,200.02,-1,-1,-1,-1
121,1,1076.92,635.00,82.01,200.68,-1,-1,-1,-1
122,1,1083.35,641.71,84.72,202.22,-1,-1,-1,-1
123,1,1090.52,651.81,82.35,200.17,-1,-1,-1,-1
124,1,1092.44,665.84,82.98,201.94,-1,-1,-1,-1
125,1,1098.42,666.98,82.12,200.29,-1,-1,-1,-1
126,1,1100.40,682.74,82.65,201.61,-1,-1,-1,-1
128,1,1108.88,692.99,77.99,198.10,-1,-1,-1,-1
131,1,1111.46,717.57,77.07,195.65,-1,-1,-1,-1
133,1,1109.66,731.39,79.81,198.86,-1,-1,-1,-1
138,1,1104.02,764.58,83.91,198.76,-1,-1,-1,-1
139,1,1100.40,765.04,80.82,198.60,-1,-1,-1,-1
140,1,1098.21,778.08,81.56,202.10,-1,-1,-1,-1
142,1,1091.68,781.34,79.22,198.53,-1,-1,-1,-1
143,1,1084.52,781.61,79.34,197.83,-1,-1,-1,-1
144,1,1075.46,794.76,84.21,199.73,-1,-1,-1,-1
145,1,1073.86,803.76,82.61,199.89,-1,-1,-1,-1
146,1,1067.89,804.54,80.38,197.18,-1,-1,-1,-1
147,1,1060.20,803.38,80.67,201.87,-1,-1,-1,-1
148,1,1053.63,806.16,78.19,197.63,-1,-1,-1,-1
149,1,1043.43,812.30,83.82,196.92,-1,-1,-1,-1
150,1,1035.79,812.87,82.58,198.87,-1,-1,-1,-1
151,1,1028.95,813.54,81.40,196.97,-1,-1,-1,-1
152,1,1021.73,820.92,79.16,197.65,-1,-1,-1,-1
153,1,1012.66,822.12,81.11,196.80,-1,-1,-1,-1
154,1,1004.28,821.79,80.04,198.21,-1,-1,-1,-1
155,1,995.14,827.39,82.27,200.57,-1,-1,-1,-1
156,1,985.96,828.43,82.98,198.61,-1,-1,-1,-1
157,1,977.83,836.37,83.21,198.32,-1,-1,-1,-1
158,1,969.86,837.39,81.49,197.15,-1,-1,-1,-1
159,1,955.79,843.87,83.08,198.37,-1,-1,-1,-1
160,1,947.85,844.26,81.53,196.89,-1,-1,-1,-1
161,1,938.81,846.26,81.55,196.68,-1,-1,-1,-1
162,1,929.93,836.30,81.92,201.48,-1,-1,-1,-1
163,1,915.94,836.23,83.51,199.23,-1,-1,-1,-1
164,1,908.22,845.32,81.02,200.03,-1,-1,-1,-1
165,1,898.73,834.75,82.64,199.78,-1,-1,-1,-1
166,1,890.23,836.36,80.27,200.66,-1,-1,-1,-1
167,1,881.24,843.32,81.57,198.76,-1,-1,-1,-1
168,1,869.20,843.62,79.89,197.95,-1,-1,-1,-1
169,1,859.81,845.16,80.80,196.45,-1,-1,-1,-1
170,1,848.23,829.41,85.11,199.04,-1,-1,-1,-1
171,1,841.54,829.80,81.74,198.33,-1,-1,-1,-1
172,1,831.92,828.27,85.66,199.97,-1,-1,-1,-1
173,1,820.01,836.07,82.68,197.88,-1,-1,-1,-1
174,1,812.81,829.41,80.35,197.67,-1,-1,-1,-1
175,1,805.06,827.33,78.82,199.47,-1,-1,-1,-1
176,1,797.33,820.57,78.58,197.30,-1,-1,-1,-1
177,1,789.34,815.33,78.00,195.09,-1,-1,-1,-1
178,1,779.13,811.79,82.87,199.01,-1,-1,-1,-1
179,1,772.90,812.01,80.91,197.59,-1,-1,-1,-1
180,1,763.87,803.73,83.41,199.24,-1,-1,-1,-1
181,1,756.59,796.52,82.70,200.01,-1,-1,-1,-1
182,1,752.55,803.28,85.73,198.93,-1,-1,-1,-1
183,1,746.71,795.48,83.37,199.71,-1,-1,-1,-1
184,1,740.29,795.58,82.32,200.13,-1,-1,-1,-1
185,1,739.08,781.00,80.60,200.38,-1,-1,-1,-1
186,1,732.85,772.22,80.23,200.32,-1,-1,-1,-1
187,1,728.39,773.05,82.90,195.12,-1,-1,-1,-1
188,1,724.63,763.63,80.34,198.24,-1,-1,-1,-1
189,1,722.67,765.65,81.00,199.25,-1,-1,-1,-1
190,1,716.38,748.92,83.25,200.46,-1,-1,-1,-1
191,1,717.63,750.32,78.45,194.08,-1,-1,-1,-1
192,1,717.03,743.28,77.71,194.91,-1,-1,-1,-1
196,1,716.35,718.47,77.00,195.84,-1,-1,-1,-1
197,1,718.01,718.18,76.29,194.68,-1,-1,-1,-1
198,1,716.73,701.37,79.44,199.49,-1,-1,-1,-1
199,1,718.95,693.55,77.02,195.40,-1,-1,-1,-1
200,1,722.10,677.47,80.24,199.86,-1,-1,-1,-1
201,1,723.93,683.96,79.78,199.73,-1,-1,-1,-1
202,1,725.49,677.67,80.99,195.47,-1,-1,-1,-1
203,1,731.56,660.05,78.44,198.70,-1,-1,-1,-1
204,1,732.20,651.67,83.25,202.13,-1,-1,-1,-1
205,1,738.83,648.88,82.38,204.58,-1,-1,-1,-1
206,1,745.71,626.89,82.42,200.75,-1,-1,-1,-1
207,1,747.71,626.67,82.60,200.85,-1,-1,-1,-1
208,1,752.96,620.40,85.27,199.97,-1,-1,-1,-1
209,1,760.23,610.64,86.29,201.31,-1,-1,-1,-1
210,1,765.05,602.99,89.39,203.38,-1,-1,-1,-1
211,1,774.92,582.50,85.40,210.15,-1,-1,-1,-1
212,1,775.47,573.53,92.93,211.02,-1,-1,-1,-1
213,1,785.23,562.75,88.91,204.21,-1,-1,-1,-1
214,1,791.11,551.04,93.91,210.74,-1,-1,-1,-1
216,1,811.82,541.45,91.26,199.58,-1,-1,-1,-1
217,1,819.91,521.82,91.55,206.68,-1,-1,-1,-1
218,1,828.77,517.13,91.42,211.51,-1,-1,-1,-1
219,1,838.54,513.40,90.24,205.60,-1,-1,-1,-1
220,1,848.90,498.13,87.84,202.47,-1,-1,-1,-1
222,1,867.97,487.62,90.11,208.64,-1,-1,-1,-1
223,1,877.13,473.58,91.40,203.45,-1,-1,-1,-1
224,1,887.57,463.93,89.10,208.10,-1,-1,-1,-1
226,1,907.58,442.77,92.02,202.88,-1,-1,-1,-1
227,1,919.46,436.43,86.82,201.66,-1,-1,-1,-1
228,1,927.71,424.54,89.95,205.25,-1,-1,-1,-1
229,1,937.77,419.29,87.99,200.48,-1,-1,-1,-1
230,1,944.96,395.76,88.89,202.56,-1,-1,-1,-1
231,1,958.76,396.38,87.90,198.83,-1,-1,-1,-1
232,1,967.40,378.85,88.51,201.19,-1,-1,-1,-1
233,1,975.53,366.86,89.28,198.08,-1,-1,-1,-1
234,1,983.45,361.13,92.22,202.55,-1,-1,-1,-1
235,1,991.88,350.40,90.72,197.93,-1,-1,-1,-1
236,1,1004.34,348.47,92.27,197.73,-1,-1,-1,-1
237,1,1013.55,332.70,89.56,198.70,-1,-1,-1,-1
238,1,1019.94,314.64,94.57,202.69,-1,-1,-1,-1
239,1,1026.82,308.32,95.50,202.60,-1,-1,-1,-1
240,1,1035.93,297.70,94.24,203.63,-1,-1,-1,-1
241,1,1043.69,299.09,92.64,201.54,-1,-1,-1,-1
242,1,1049.72,289.01,97.66,206.94,-1,-1,-1,-1
243,1,1052.25,271.59,97.39,206.30,-1,-1,-1,-1
244,1,1059.18,266.01,97.63,205.14,-1,-1,-1,-1
245,1,1067.58,257.04,95.97,202.18,-1,-1,-1,-1
246,1,1075.31,252.41,93.71,201.10,-1,-1,-1,-1
247,1,1076.57,235.76,96.60,201.67,-1,-1,-1,-1
248,1,1083.04,224.73,96.86,207.69,-1,-1,-1,-1
249,1,1083.68,223.52,99.01,207.90,-1,-1,-1,-1
250,1,1090.21,216.96,97.32,205.47,-1,-1,-1,-1
2,2,923.46,430.91,99.36,210.97,-1,-1,-1,-1
3,2,929.19,446.00,102.89,213.80,-1,-1,-1,-1
4,2,947.86,462.66,95.57,211.36,-1,-1,-1,-1
5,2,953.54,469.74,100.02,213.07,-1,-1,-1,-1
6,2,962.14,469.92,99.40,213.17,-1,-1,-1,-1
7,2,968.93,488.94,104.06,219.68,-1,-1,-1,-1
8,2,977.35,501.25,102.28,213.81,-1,-1,-1,-1
9,2,994.98,507.86,97.16,214.80,-1,-1,-1,-1
10,2,1001.35,514.84,100.84,218.69,-1,-1,-1,-1
11,2,1011.17,524.82,97.61,215.27,-1,-1,-1,-1
12,2,1018.08,533.15,100.70,213.28,-1,-1,-1,-1
13,2,1027.22,545.88,97.17,218.59,-1,-1,-1,-1
14,2,1035.76,555.74,98.92,216.60,-1,-1,-1,-1
15,2,1043.76,563.93,96.53,216.97,-1,-1,-1,-1
16,2,1053.10,579.75,94.98,214.86,-1,-1,-1,-1
17,2,1061.14,580.23,92.69,216.94,-1,-1,-1,-1
18,2,1071.07,598.52,89.96,209.39,-1,-1,-1,-1
19,2,1078.54,596.25,89.83,215.91,-1,-1,-1,-1
20,2,1086.25,605.33,89.09,212.23,-1,-1,-1,-1
21,2,1086.42,628.27,92.38,213.19,-1,-1,-1,-1
22,2,1095.94,629.94,87.88,214.18,-1,-1,-1,-1
23,2,1102.09,644.32,89.56,212.23,-1,-1,-1,-1
24,2,1101.76,646.17,94.11,211.05,-1,-1,-1,-1
25,2,1110.41,660.41,89.38,212.85,-1,-1,-1,-1
26,2,1111.01,663.30,90.10,211.30,-1,-1,-1,-1
27,2,1111.40,671.32,90.30,208.85,-1,-1,-1,-1
28,2,1118.33,679.46,89.20,207.72,-1,-1,-1,-1
29,2,1120.17,688.59,87.33,205.22,-1,-1,-1,-1
30,2,1121.00,697.49,87.64,203.18,-1,-1,-1,-1
31,2,1119.90,710.65,89.81,209.94,-1,-1,-1,-1
32,2,1120.63,722.07,88.14,203.38,-1,-1,-1,-1
33,2,1120.71,729.51,88.02,202.03,-1,-1,-1,-1
34,2,1120.65,729.83,88.08,202.04,-1,-1,-1,-1
35,2,1121.05,729.72,87.60,204.97,-1,-1,-1,-1
36,2,1120.31,737.52,86.47,201.61,-1,-1,-1,-1
37,2,1120.67,735.69,84.60,209.52,-1,-1,-1,-1
38,2,1111.84,760.00,88.98,205.13,-1,-1,-1,-1
39,2,1110.90,760.60,89.58,205.26,-1,-1,-1,-1
40,2,1102.61,768.43,93.23,207.61,-1,-1,-1,-1
41,2,1102.44,776.64,91.21,203.65,-1,-1,-1,-1
42,2,1094.12,775.97,92.56,207.70,-1,-1,-1,-1
43,2,1094.92,777.03,89.32,203.15,-1,-1,-1,-1
44,2,1086.47,774.66,91.71,211.25,-1,-1,-1,-1
45,2,1079.74,792.19,89.81,205.51,-1,-1,-1,-1
46,2,1077.83,792.31,90.31,205.27,-1,-1,-1,-1
47,2,1070.90,800.24,88.24,205.84,-1,-1,-1,-1
48,2,1064.39,799.23,87.15,210.76,-1,-1,-1,-1
49,2,1055.78,809.39,88.34,202.28,-1,-1,-1,-1
50,2,1046.64,807.88,90.89,207.08,-1,-1,-1,-1
51,2,1039.47,816.06,89.62,209.66,-1,-1,-1,-1
52,2,1032.36,825.07,88.03,205.42,-1,-1,-1,-1
53,2,1023.00,825.47,90.26,203.97,-1,-1,-1,-1
54,2,1015.97,824.93,86.81,203.69,-1,-1,-1,-1
55,2,1009.12,816.57,83.53,208.78,-1,-1,-1,-1
56,2,991.95,824.04,90.61,208.07,-1,-1,-1,-1
57,2,982.89,833.14,90.59,203.80,-1,-1,-1,-1
58,2,975.45,832.48,90.16,205.12,-1,-1,-1,-1
59,2,968.39,833.53,87.09,202.18,-1,-1,-1,-1
60,2,958.21,839.32,90.61,206.48,-1,-1,-1,-1
61,2,949.20,833.17,91.20,206.84,-1,-1,-1,-1
62,2,934.65,832.45,92.21,209.48,-1,-1,-1,-1
63,2,928.08,832.97,89.13,208.83,-1,-1,-1,-1
64,2,917.44,839.29,92.22,206.68,-1,-1,-1,-1
65,2,903.93,824.77,89.65,208.28,-1,-1,-1,-1
66,2,895.83,833.75,90.17,202.58,-1,-1,-1,-1
67,2,887.41,831.88,89.52,208.08,-1,-1,-1,-1
68,2,879.30,831.24,89.30,211.71,-1,-1,-1,-1
69,2,871.61,834.50,87.10,200.75,-1,-1,-1,-1
70,2,855.18,826.85,90.41,204.00,-1,-1,-1,-1
71,2,846.65,832.81,91.87,203.30,-1,-1,-1,-1
72,2,839.89,816.64,89.24,208.22,-1,-1,-1,-1
73,2,831.36,825.77,89.29,205.82,-1,-1,-1,-1
74,2,821.62,816.27,92.53,207.70,-1,-1,-1,-1
75,2,814.77,810.04,88.69,205.46,-1,-1,-1,-1
76,2,807.91,807.40,87.70,207.38,-1,-1,-1,-1
77,2,800.00,802.17,86.52,205.31,-1,-1,-1,-1
78,2,790.60,800.91,89.70,205.43,-1,-1,-1,-1
79,2,782.70,799.84,89.69,208.41,-1,-1,-1,-1
80,2,776.99,793.16,86.15,207.54,-1,-1,-1,-1
81,2,766.61,799.90,92.00,205.35,-1,-1,-1,-1
82,2,759.95,792.18,90.01,206.77,-1,-1,-1,-1
83,2,756.90,791.16,92.32,206.76,-1,-1,-1,-1
84,2,750.48,776.22,91.28,206.55,-1,-1,-1,-1
85,2,743.96,775.76,89.36,206.04,-1,-1,-1,-1
86,2,744.31,769.23,86.24,204.31,-1,-1,-1,-1
87,2,736.82,762.57,88.20,201.80,-1,-1,-1,-1
88,2,736.02,762.23,85.80,205.60,-1,-1,-1,-1
89,2,729.02,761.75,87.62,202.40,-1,-1,-1,-1
90,2,727.37,744.84,90.46,206.35,-1,-1,-1,-1
91,2,725.95,743.92,90.81,208.11,-1,-1,-1,-1
92,2,726.77,744.92,87.91,203.53,-1,-1,-1,-1
93,2,726.64,729.71,87.79,205.99,-1,-1,-1,-1
94,2,718.79,722.06,92.76,204.57,-1,-1,-1,-1
95,2,717.79,723.06,94.71,200.17,-1,-1,-1,-1
96,2,726.41,713.69,88.87,204.61,-1,-1,-1,-1
97,2,717.85,705.68,94.44,203.02,-1,-1,-1,-1
98,2,726.81,689.86,88.59,202.80,-1,-1,-1,-1
99,2,727.43,681.48,89.22,204.38,-1,-1,-1,-1
100,2,728.05,665.39,88.27,208.05,-1,-1,-1,-1
101,2,736.88,664.29,84.65,205.75,-1,-1,-1,-1
102,2,734.93,655.09,90.62,209.59,-1,-1,-1,-1
103,2,734.85,649.06,92.47,207.96,-1,-1,-1,-1
104,2,743.46,638.52,88.87,208.78,-1,-1,-1,-1
105,2,752.53,623.29,85.13,211.24,-1,-1,-1,-1
106,2,748.26,621.80,96.14,212.12,-1,-1,-1,-1
107,2,757.26,605.00,93.54,214.76,-1,-1,-1,-1
108,2,766.21,605.37,89.56,214.14,-1,-1,-1,-1
109,2,773.06,595.95,91.37,214.99,-1,-1,-1,-1
110,2,773.99,589.17,92.79,214.74,-1,-1,-1,-1
111,2,780.40,580.96,96.92,214.25,-1,-1,-1,-1
112,2,786.84,562.32,97.30,218.46,-1,-1,-1,-1
113,2,795.82,558.28,97.01,213.15,-1,-1,-1,-1
114,2,803.66,547.60,96.23,216.11,-1,-1,-1,-1
115,2,811.12,538.56,97.79,217.87,-1,-1,-1,-1
116,2,818.20,532.72,98.50,213.69,-1,-1,-1,-1
117,2,825.63,524.92,101.96,214.22,-1,-1,-1,-1
118,2,834.73,510.55,99.59,212.06,-1,-1,-1,-1
119,2,851.06,499.29,96.09,216.57,-1,-1,-1,-1
120,2,857.43,485.99,98.88,214.09,-1,-1,-1,-1
121,2,866.67,484.07,97.29,215.17,-1,-1,-1,-1
122,2,873.59,478.09,102.07,212.92,-1,-1,-1,-1
123,2,882.30,454.09,100.94,212.73,-1,-1,-1,-1
124,2,897.54,445.17,99.21,215.09,-1,-1,-1,-1
125,2,907.12,444.89,97.71,211.78,-1,-1,-1,-1
126,2,914.26,430.86,98.56,211.38,-1,-1,-1,-1
127,2,930.75,424.05,95.47,210.66,-1,-1,-1,-1
128,2,940.18,408.04,94.93,209.81,-1,-1,-1,-1
129,2,947.91,407.42,95.85,209.51,-1,-1,-1,-1
130,2,953.05,397.92,102.17,212.33,-1,-1,-1,-1
131,2,961.79,391.72,102.01,207.53,-1,-1,-1,-1
132,2,975.98,377.55,101.18,204.78,-1,-1,-1,-1
133,2,980.12,365.58,109.38,210.04,-1,-1,-1,-1
134,2,991.79,360.48,103.50,207.63,-1,-1,-1,-1
135,2,1000.88,345.14,102.22,205.32,-1,-1,-1,-1
136,2,1011.11,345.52,97.96,203.33,-1,-1,-1,-1
137,2,1017.13,331.28,102.80,203.47,-1,-1,-1,-1
138,2,1021.95,319.19,108.65,208.56,-1,-1,-1,-1
139,2,1033.72,311.84,101.84,206.23,-1,-1,-1,-1
140,2,1038.90,295.36,106.64,209.17,-1,-1,-1,-1
141,2,1046.73,286.69,106.18,209.71,-1,-1,-1,-1
142,2,1054.72,278.91,105.23,212.63,-1,-1,-1,-1
143,2,1063.11,262.44,105.26,211.07,-1,-1,-1,-1
144,2,1066.53,251.39,113.13,218.18,-1,-1,-1,-1
145,2,1066.22,242.25,116.93,217.72,-1,-1,-1,-1
146,2,1075.34,233.47,113.30,220.15,-1,-1,-1,-1
147,2,1084.07,226.51,111.26,217.08,-1,-1,-1,-1
148,2,1084.71,216.52,111.99,210.27,-1,-1,-1,-1
149,2,1096.16,215.50,103.73,209.89,-1,-1,-1,-1
150,2,1092.60,206.41,111.36,213.66,-1,-1,-1,-1
151,2,1099.76,194.46,110.77,218.24,-1,-1,-1,-1
152,2,1100.43,181.56,110.82,216.64,-1,-1,-1,-1
153,2,1098.90,171.66,115.31,219.42,-1,-1,-1,-1
154,2,1109.82,165.12,106.42,216.42,-1,-1,-1,-1
155,2,1111.52,163.95,103.79,217.63,-1,-1,-1,-1
156,2,1112.16,164.17,103.31,215.89,-1,-1,-1,-1
157,2,1113.18,141.76,101.54,215.04,-1,-1,-1,-1
158,2,1114.20,139.87,99.20,215.12,-1,-1,-1,-1
159,2,1114.21,139.88,99.22,214.85,-1,-1,-1,-1
160,2,1111.80,125.94,103.55,212.74,-1,-1,-1,-1
161,2,1103.02,118.09,107.34,211.97,-1,-1,-1,-1
162,2,1102.00,116.59,107.98,215.95,-1,-1,-1,-1
163,2,1101.31,115.54,107.94,215.47,-1,-1,-1,-1
164,2,1101.48,101.99,106.90,210.98,-1,-1,-1,-1
165,2,1096.58,109.97,102.91,208.62,-1,-1,-1,-1
166,2,1088.66,93.72,104.12,210.05,-1,-1,-1,-1
167,2,1092.12,89.07,96.14,205.58,-1,-1,-1,-1
168,2,1088.74,86.92,101.07,207.95,-1,-1,-1,-1
169,2,1080.05,73.00,103.05,208.06,-1,-1,-1,-1
170,2,1073.56,72.56,100.48,206.99,-1,-1,-1,-1
171,2,1064.66,63.50,104.02,209.81,-1,-1,-1,-1
172,2,1057.75,65.44,102.23,207.52,-1,-1,-1,-1
173,2,1057.78,63.22,99.11,208.35,-1,-1,-1,-1
174,2,1047.25,62.99,104.64,209.70,-1,-1,-1,-1
175,2,1039.65,49.52,104.30,207.54,-1,-1,-1,-1
176,2,1031.56,47.67,104.47,207.40,-1,-1,-1,-1
177,2,1026.41,48.21,99.72,205.02,-1,-1,-1,-1
178,2,1017.71,47.00,99.14,212.67,-1,-1,-1,-1
179,2,1009.59,48.05,98.91,205.67,-1,-1,-1,-1
180,2,995.07,48.87,99.34,202.39,-1,-1,-1,-1
181,2,993.75,41.70,97.70,206.06,-1,-1,-1,-1
182,2,980.10,32.62,95.81,207.29,-1,-1,-1,-1
183,2,969.71,40.78,100.70,205.61,-1,-1,-1,-1
184,2,962.85,40.32,97.36,206.90,-1,-1,-1,-1
185,2,955.11,32.21,95.46,205.31,-1,-1,-1,-1
186,2,940.13,40.57,97.57,204.06,-1,-1,-1,-1
187,2,933.54,33.28,93.04,204.56,-1,-1,-1,-1
188,2,924.59,33.93,94.70,204.88,-1,-1,-1,-1
189,2,917.39,33.26,91.92,205.10,-1,-1,-1,-1
190,2,902.52,34.17,92.63,201.38,-1,-1,-1,-1
191,2,892.31,41.26,96.45,205.47,-1,-1,-1,-1
192,2,882.77,40.82,98.31,204.86,-1,-1,-1,-1
193,2,873.59,40.57,99.04,204.26,-1,-1,-1,-1
194,2,866.04,40.94,97.43,204.98,-1,-1,-1,-1
195,2,852.58,42.26,94.57,204.93,-1,-1,-1,-1
196,2,841.90,41.94,100.69,205.76,-1,-1,-1,-1
197,2,834.18,48.40,100.08,206.46,-1,-1,-1,-1
198,2,824.24,49.11,103.05,205.04,-1,-1,-1,-1
199,2,818.35,41.86,97.78,206.87,-1,-1,-1,-1
200,2,803.35,43.37,98.81,203.34,-1,-1,-1,-1
201,2,802.30,55.83,98.24,205.04,-1,-1,-1,-1
202,2,791.64,56.61,102.55,206.15,-1,-1,-1,-1
203,2,784.78,56.14,101.00,206.25,-1,-1,-1,-1
204,2,776.34,56.61,101.46,205.71,-1,-1,-1,-1
205,2,768.79,71.90,101.99,209.11,-1,-1,-1,-1
206,2,758.02,64.18,107.95,208.91,-1,-1,-1,-1
207,2,753.35,72.91,100.71,208.19,-1,-1,-1,-1
208,2,744.23,80.55,104.57,208.26,-1,-1,-1,-1
209,2,744.72,79.52,100.96,211.26,-1,-1,-1,-1
210,2,738.61,88.68,98.86,208.92,-1,-1,-1,-1
211,2,736.47,95.13,101.29,208.74,-1,-1,-1,-1
212,2,727.23,102.53,105.04,211.95,-1,-1,-1,-1
213,2,719.23,110.44,106.89,210.29,-1,-1,-1,-1
214,2,718.23,110.31,107.16,209.81,-1,-1,-1,-1
215,2,720.03,119.74,103.36,208.18,-1,-1,-1,-1
216,2,718.48,118.18,105.29,210.78,-1,-1,-1,-1
217,2,711.86,133.26,105.87,210.60,-1,-1,-1,-1
218,2,711.87,135.34,105.11,211.32,-1,-1,-1,-1
219,2,710.19,142.10,108.42,213.19,-1,-1,-1,-1
220,2,711.98,149.76,105.58,211.78,-1,-1,-1,-1
221,2,711.05,158.01,106.64,214.29,-1,-1,-1,-1
222,2,710.63,171.66,107.19,213.73,-1,-1,-1,-1
223,2,711.03,171.56,107.24,214.75,-1,-1,-1,-1
224,2,717.95,180.37,106.58,217.47,-1,-1,-1,-1
225,2,716.96,186.66,108.73,216.59,-1,-1,-1,-1
226,2,712.12,187.90,120.40,217.23,-1,-1,-1,-1
227,2,720.44,196.46,118.72,215.31,-1,-1,-1,-1
228,2,725.03,216.08,110.50,210.02,-1,-1,-1,-1
229,2,732.82,215.52,109.49,212.05,-1,-1,-1,-1
230,2,726.82,226.26,122.60,217.78,-1,-1,-1,-1
231,2,742.12,232.42,107.67,208.71,-1,-1,-1,-1
232,2,748.60,245.42,109.34,215.13,-1,-1,-1,-1
233,2,737.98,243.75,132.29,217.67,-1,-1,-1,-1
234,2,754.77,255.92,115.69,209.06,-1,-1,-1,-1
235,2,764.72,276.46,109.50,213.78,-1,-1,-1,-1
236,2,774.59,278.26,106.56,210.34,-1,-1,-1,-1
237,2,784.00,294.88,102.72,211.98,-1,-1,-1,-1
238,2,794.54,312.50,99.19,207.31,-1,-1,-1,-1
239,2,802.13,311.04,99.36,207.52,-1,-1,-1,-1
240,2,808.28,318.61,103.90,211.33,-1,-1,-1,-1
241,2,813.16,329.25,108.46,208.27,-1,-1,-1,-1
242,2,823.45,352.89,106.63,203.66,-1,-1,-1,-1
243,2,838.38,358.48,105.36,209.49,-1,-1,-1,-1
244,2,846.21,361.07,104.76,208.16,-1,-1,-1,-1
245,2,855.83,376.75,103.06,205.38,-1,-1,-1,-1
246,2,864.42,376.42,101.36,209.54,-1,-1,-1,-1
247,2,871.99,398.94,105.07,209.49,-1,-1,-1,-1
248,2,879.38,392.53,106.07,209.30,-1,-1,-1,-1
249,2,898.90,407.40,95.95,209.44,-1,-1,-1,-1
250,2,907.31,423.32,97.49,206.69,-1,-1,-1,-1
2,3,784.38,55.52,85.82,204.99,-1,-1,-1,-1
3,3,778.39,57.52,81.68,207.29,-1,-1,-1,-1
4,3,768.62,72.30,85.43,203.99,-1,-1,-1,-1
5,3,760.83,74.19,85.46,203.45,-1,-1,-1,-1
6,3,753.94,67.30,83.90,205.35,-1,-1,-1,-1
7,3,747.65,78.89,82.43,205.50,-1,-1,-1,-1
8,3,745.20,80.83,83.67,203.15,-1,-1,-1,-1
9,3,735.18,87.80,88.73,204.25,-1,-1,-1,-1
10,3,737.10,94.11,83.63,207.88,-1,-1,-1,-1
11,3,729.27,90.73,84.31,205.84,-1,-1,-1,-1
12,3,720.49,103.13,87.36,207.53,-1,-1,-1,-1
13,3,718.59,111.88,89.45,211.08,-1,-1,-1,-1
14,3,719.19,112.98,87.82,207.06,-1,-1,-1,-1
15,3,713.55,121.48,85.03,207.29,-1,-1,-1,-1
16,3,714.05,128.82,83.20,203.75,-1,-1,-1,-1
17,3,710.08,135.04,90.18,208.08,-1,-1,-1,-1
18,3,703.71,144.63,89.75,209.29,-1,-1,-1,-1
19,3,703.07,150.62,91.17,208.21,-1,-1,-1,-1
20,3,704.34,159.41,88.59,210.07,-1,-1,-1,-1
21,3,709.56,158.86,91.15,209.51,-1,-1,-1,-1
22,3,709.92,165.32,90.64,212.21,-1,-1,-1,-1
23,3,710.07,171.76,90.54,212.93,-1,-1,-1,-1
24,3,711.22,181.33,89.02,209.42,-1,-1,-1,-1
25,3,711.96,191.07,89.09,212.28,-1,-1,-1,-1
26,3,710.36,205.23,92.54,211.19,-1,-1,-1,-1
27,3,716.35,214.79,94.02,210.01,-1,-1,-1,-1
28,3,718.29,215.99,92.02,204.29,-1,-1,-1,-1
29,3,726.72,224.67,89.58,207.95,-1,-1,-1,-1
30,3,725.60,233.03,93.15,205.94,-1,-1,-1,-1
31,3,732.40,233.14,94.87,208.88,-1,-1,-1,-1
32,3,742.40,255.82,89.94,206.32,-1,-1,-1,-1
33,3,743.19,265.20,90.20,206.56,-1,-1,-1,-1
34,3,752.38,274.34,87.51,202.22,-1,-1,-1,-1
35,3,758.79,282.32,89.97,202.86,-1,-1,-1,-1
36,3,767.35,295.93,89.38,205.39,-1,-1,-1,-1
37,3,776.45,303.82,87.12,205.11,-1,-1,-1,-1
38,3,784.46,312.73,86.55,203.47,-1,-1,-1,-1
39,3,794.91,321.49,82.99,203.34,-1,-1,-1,-1
40,3,800.69,322.84,86.50,205.37,-1,-1,-1,-1
41,3,812.42,338.87,80.58,201.65,-1,-1,-1,-1
42,3,819.89,346.65,80.78,202.30,-1,-1,-1,-1
43,3,825.84,361.34,85.65,202.79,-1,-1,-1,-1
44,3,840.98,368.92,84.75,204.05,-1,-1,-1,-1
45,3,849.28,383.92,84.29,204.65,-1,-1,-1,-1
46,3,859.22,386.52,81.95,203.55,-1,-1,-1,-1
47,3,865.83,392.87,85.57,204.81,-1,-1,-1,-1
48,3,880.23,408.01,85.35,209.59,-1,-1,-1,-1
49,3,891.48,416.96,79.66,202.64,-1,-1,-1,-1
50,3,897.41,425.70,85.31,204.15,-1,-1,-1,-1
51,3,908.54,432.53,80.76,204.72,-1,-1,-1,-1
52,3,916.73,440.78,80.43,203.22,-1,-1,-1,-1
53,3,927.97,462.28,86.33,206.78,-1,-1,-1,-1
54,3,937.91,463.47,83.65,206.11,-1,-1,-1,-1
55,3,946.15,474.11,83.05,201.51,-1,-1,-1,-1
56,3,961.78,481.86,82.21,206.63,-1,-1,-1,-1
57,3,968.85,496.27,83.96,208.18,-1,-1,-1,-1
58,3,975.92,504.68,86.55,210.07,-1,-1,-1,-1
59,3,987.07,511.91,81.87,205.35,-1,-1,-1,-1
60,3,993.06,520.40,85.95,209.28,-1,-1,-1,-1
61,3,1004.65,528.50,80.19,205.60,-1,-1,-1,-1
62,3,1010.82,537.37,83.53,207.86,-1,-1,-1,-1
63,3,1026.53,545.46,80.99,207.02,-1,-1,-1,-1
64,3,1028.19,559.56,80.93,205.67,-1,-1,-1,-1
65,3,1042.28,575.69,81.00,210.23,-1,-1,-1,-1
66,3,1044.02,577.45,81.36,207.75,-1,-1,-1,-1
67,3,1052.23,584.08,81.45,207.53,-1,-1,-1,-1
68,3,1059.30,593.44,81.95,208.26,-1,-1,-1,-1
69,3,1066.78,603.05,81.54,202.78,-1,-1,-1,-1
70,3,1075.91,624.13,78.93,203.22,-1,-1,-1,-1
71,3,1078.27,625.00,77.61,202.67,-1,-1,-1,-1
72,3,1085.99,639.48,76.53,208.34,-1,-1,-1,-1
73,3,1091.99,648.30,78.86,205.39,-1,-1,-1,-1
74,3,1092.91,648.69,79.88,204.51,-1,-1,-1,-1
75,3,1100.14,671.08,77.95,205.31,-1,-1,-1,-1
76,3,1102.22,672.66,76.72,203.05,-1,-1,-1,-1
77,3,1109.49,680.80,75.02,204.91,-1,-1,-1,-1
78,3,1110.10,681.56,75.69,204.41,-1,-1,-1,-1
79,3,1111.59,689.51,73.85,201.40,-1,-1,-1,-1
80,3,1111.93,706.00,74.07,203.40,-1,-1,-1,-1
81,3,1112.74,714.30,72.79,205.83,-1,-1,-1,-1
82,3,1112.77,722.17,72.82,204.38,-1,-1,-1,-1
83,3,1112.58,722.82,73.31,202.92,-1,-1,-1,-1
84,3,1111.56,730.74,75.40,203.99,-1,-1,-1,-1
85,3,1110.57,744.99,76.66,204.73,-1,-1,-1,-1
86,3,1110.59,745.95,75.94,204.89,-1,-1,-1,-1
87,3,1111.02,753.52,73.59,201.16,-1,-1,-1,-1
88,3,1106.20,754.84,70.42,201.77,-1,-1,-1,-1
89,3,1102.57,769.36,74.67,200.52,-1,-1,-1,-1
90,3,1100.71,770.09,76.48,200.69,-1,-1,-1,-1
91,3,1093.83,769.96,77.29,203.21,-1,-1,-1,-1
92,3,1094.66,770.15,73.08,205.88,-1,-1,-1,-1
93,3,1085.89,786.24,74.54,201.43,-1,-1,-1,-1
94,3,1077.93,785.73,77.16,200.65,-1,-1,-1,-1
95,3,1078.22,800.00,73.46,204.12,-1,-1,-1,-1
96,3,1068.74,801.52,76.68,201.07,-1,-1,-1,-1
97,3,1060.58,794.80,78.17,204.70,-1,-1,-1,-1
98,3,1054.23,800.88,74.85,202.32,-1,-1,-1,-1
99,3,1044.98,817.72,78.95,200.28,-1,-1,-1,-1
100,3,1038.72,811.28,74.95,199.34,-1,-1,-1,-1
101,3,1029.28,811.17,78.66,202.86,-1,-1,-1,-1
102,3,1022.66,825.80,74.59,200.87,-1,-1,-1,-1
103,3,1014.11,818.64,76.49,204.91,-1,-1,-1,-1
104,3,1005.42,826.35,75.91,202.49,-1,-1,-1,-1
105,3,997.29,826.82,76.81,202.12,-1,-1,-1,-1
106,3,989.33,825.68,75.41,200.86,-1,-1,-1,-1
107,3,980.93,832.28,76.52,204.06,-1,-1,-1,-1
108,3,965.82,832.94,77.56,202.74,-1,-1,-1,-1
109,3,956.55,840.96,79.01,202.18,-1,-1,-1,-1
110,3,948.98,833.14,78.04,203.49,-1,-1,-1,-1
111,3,940.30,841.37,77.20,202.50,-1,-1,-1,-1
112,3,927.56,833.92,74.68,204.38,-1,-1,-1,-1
113,3,917.89,832.27,76.91,203.11,-1,-1,-1,-1
114,3,910.47,833.13,74.31,202.02,-1,-1,-1,-1
115,3,900.20,833.15,78.40,203.88,-1,-1,-1,-1
116,3,885.75,833.60,77.78,207.89,-1,-1,-1,-1
117,3,876.99,826.85,78.22,205.49,-1,-1,-1,-1
118,3,868.10,826.87,79.72,204.61,-1,-1,-1,-1
119,3,861.23,834.07,76.70,204.43,-1,-1,-1,-1
120,3,852.72,827.11,77.15,205.17,-1,-1,-1,-1
121,3,838.44,826.48,76.94,200.17,-1,-1,-1,-1
122,3,830.84,818.70,75.76,203.91,-1,-1,-1,-1
123,3,822.07,825.01,76.66,201.68,-1,-1,-1,-1
124,3,815.60,826.69,72.79,205.17,-1,-1,-1,-1
125,3,803.96,817.75,79.51,202.08,-1,-1,-1,-1
126,3,797.48,818.09,76.26,199.28,-1,-1,-1,-1
127,3,789.08,809.95,77.89,202.03,-1,-1,-1,-1
128,3,781.45,811.97,76.50,202.71,-1,-1,-1,-1
129,3,771.91,811.52,81.03,202.75,-1,-1,-1,-1
130,3,764.52,802.53,79.12,205.85,-1,-1,-1,-1
131,3,757.09,793.94,79.45,201.66,-1,-1,-1,-1
132,3,757.13,800.14,76.46,204.06,-1,-1,-1,-1
133,3,748.13,785.59,78.08,202.39,-1,-1,-1,-1
134,3,739.90,778.68,81.23,201.95,-1,-1,-1,-1
135,3,742.37,786.01,73.77,202.48,-1,-1,-1,-1
136,3,733.64,771.34,75.85,203.54,-1,-1,-1,-1
137,3,725.89,764.01,77.96,202.89,-1,-1,-1,-1
138,3,725.97,770.00,76.45,199.64,-1,-1,-1,-1
139,3,726.12,762.64,74.31,199.98,-1,-1,-1,-1
140,3,719.08,754.96,75.06,203.40,-1,-1,-1,-1
141,3,717.91,747.00,75.83,202.10,-1,-1,-1,-1
142,3,717.79,739.69,75.68,203.59,-1,-1,-1,-1
143,3,716.72,731.62,76.33,201.36,-1,-1,-1,-1
144,3,717.72,723.84,74.81,203.25,-1,-1,-1,-1
145,3,717.00,715.32,76.12,200.06,-1,-1,-1,-1
146,3,717.64,714.82,74.96,199.27,-1,-1,-1,-1
147,3,717.59,699.50,75.65,200.68,-1,-1,-1,-1
148,3,718.76,690.65,73.75,201.63,-1,-1,-1,-1
149,3,717.72,689.06,76.61,201.46,-1,-1,-1,-1
150,3,720.17,682.48,73.72,202.78,-1,-1,-1,-1
151,3,725.55,674.10,76.48,204.60,-1,-1,-1,-1
152,3,726.58,658.68,76.34,203.58,-1,-1,-1,-1
153,3,732.53,651.78,76.49,204.40,-1,-1,-1,-1
154,3,734.24,649.90,75.89,203.56,-1,-1,-1,-1
155,3,740.94,632.97,77.16,203.60,-1,-1,-1,-1
156,3,741.42,633.60,79.25,203.57,-1,-1,-1,-1
157,3,746.97,616.62,81.93,204.69,-1,-1,-1,-1
158,3,754.70,608.89,81.81,206.24,-1,-1,-1,-1
159,3,761.34,601.01,82.77,204.00,-1,-1,-1,-1
160,3,770.35,591.06,80.86,207.57,-1,-1,-1,-1
161,3,771.31,575.99,83.14,207.43,-1,-1,-1,-1
162,3,779.99,575.91,81.19,205.51,-1,-1,-1,-1
163,3,786.37,561.30,83.49,208.67,-1,-1,-1,-1
164,3,794.14,553.74,84.33,207.29,-1,-1,-1,-1
165,3,801.00,544.48,86.44,204.41,-1,-1,-1,-1
166,3,811.42,536.76,82.28,203.20,-1,-1,-1,-1
167,3,818.74,528.36,83.75,204.71,-1,-1,-1,-1
168,3,831.98,512.98,85.80,209.90,-1,-1,-1,-1
169,3,841.61,511.24,83.70,206.76,-1,-1,-1,-1
170,3,850.34,496.09,82.44,207.09,-1,-1,-1,-1
171,3,859.68,488.77,81.09,204.51,-1,-1,-1,-1
172,3,867.77,480.95,81.98,207.90,-1,-1,-1,-1
173,3,879.55,462.52,86.82,209.02,-1,-1,-1,-1
174,3,890.61,448.58,81.64,208.49,-1,-1,-1,-1
175,3,896.33,440.41,87.20,208.94,-1,-1,-1,-1
176,3,913.24,438.79,82.66,206.16,-1,-1,-1,-1
177,3,921.30,424.21,82.83,204.85,-1,-1,-1,-1
178,3,928.52,408.52,85.86,208.59,-1,-1,-1,-1
179,3,938.52,408.14,83.29,203.97,-1,-1,-1,-1
180,3,945.53,401.47,84.94,202.78,-1,-1,-1,-1
181,3,961.71,385.56,82.31,207.27,-1,-1,-1,-1
182,3,960.64,376.73,88.32,204.83,-1,-1,-1,-1
183,3,972.95,360.27,92.06,211.18,-1,-1,-1,-1
184,3,984.82,361.55,85.85,203.90,-1,-1,-1,-1
185,3,992.90,346.47,85.71,204.96,-1,-1,-1,-1
186,3,1002.71,346.13,83.59,202.12,-1,-1,-1,-1
187,3,1008.71,329.87,87.57,203.44,-1,-1,-1,-1
188,3,1023.88,321.03,86.21,206.55,-1,-1,-1,-1
189,3,1024.14,305.33,88.94,208.23,-1,-1,-1,-1
190,3,1033.89,305.02,85.43,204.68,-1,-1,-1,-1
191,3,1039.84,296.05,88.46,206.53,-1,-1,-1,-1
192,3,1049.93,287.05,85.54,207.19,-1,-1,-1,-1
193,3,1051.75,265.47,95.07,206.47,-1,-1,-1,-1
194,3,1062.32,265.00,89.88,203.89,-1,-1,-1,-1
195,3,1062.55,255.32,92.10,206.12,-1,-1,-1,-1
196,3,1070.59,249.67,90.48,206.67,-1,-1,-1,-1
197,3,1081.05,231.56,85.82,206.17,-1,-1,-1,-1
198,3,1080.94,232.08,87.26,206.99,-1,-1,-1,-1
199,3,1086.55,224.02,90.43,209.90,-1,-1,-1,-1
200,3,1088.08,207.95,89.32,209.45,-1,-1,-1,-1
201,3,1095.49,199.29,89.51,208.47,-1,-1,-1,-1
202,3,1102.51,198.90,89.30,208.21,-1,-1,-1,-1
203,3,1102.26,189.66,89.57,209.65,-1,-1,-1,-1
204,3,1102.86,175.76,88.94,210.00,-1,-1,-1,-1
205,3,1105.16,174.79,85.34,207.35,-1,-1,-1,-1
206,3,1103.74,167.75,87.38,208.78,-1,-1,-1,-1
207,3,1102.74,151.96,89.97,206.77,-1,-1,-1,-1
208,3,1104.39,143.77,87.08,206.00,-1,-1,-1,-1
209,3,1104.08,137.63,87.41,208.27,-1,-1,-1,-1
210,3,1101.25,135.66,92.25,207.83,-1,-1,-1,-1
211,3,1103.83,128.09,86.63,206.01,-1,-1,-1,-1
212,3,1104.12,112.35,85.93,211.06,-1,-1,-1,-1
213,3,1096.84,111.59,87.13,206.38,-1,-1,-1,-1
214,3,1095.88,113.42,86.69,208.89,-1,-1,-1,-1
215,3,1088.96,103.59,87.50,204.91,-1,-1,-1,-1
216,3,1087.01,104.02,88.60,206.11,-1,-1,-1,-1
217,3,1081.39,89.09,85.67,207.34,-1,-1,-1,-1
218,3,1081.31,94.78,83.93,206.88,-1,-1,-1,-1
219,3,1074.08,80.26,83.56,206.29,-1,-1,-1,-1
220,3,1066.70,79.52,84.49,208.50,-1,-1,-1,-1
221,3,1065.69,79.51,83.20,205.98,-1,-1,-1,-1
222,3,1056.44,73.17,85.63,206.88,-1,-1,-1,-1
223,3,1049.30,74.31,84.02,204.30,-1,-1,-1,-1
224,3,1041.30,65.91,83.95,205.54,-1,-1,-1,-1
225,3,1034.42,58.79,82.43,206.31,-1,-1,-1,-1
226,3,1025.02,56.90,84.97,203.69,-1,-1,-1,-1
227,3,1018.02,55.80,83.21,204.25,-1,-1,-1,-1
228,3,1010.29,48.22,82.09,205.64,-1,-1,-1,-1
229,3,1000.95,41.40,84.56,205.39,-1,-1,-1,-1
230,3,994.62,40.51,80.92,208.96,-1,-1,-1,-1
231,3,980.87,48.22,80.25,205.95,-1,-1,-1,-1
232,3,977.82,40.83,82.30,209.06,-1,-1,-1,-1
233,3,964.07,47.18,79.85,206.48,-1,-1,-1,-1
234,3,956.75,34.62,77.85,207.25,-1,-1,-1,-1
235,3,946.69,32.24,81.24,206.02,-1,-1,-1,-1
236,3,939.25,32.16,79.32,205.22,-1,-1,-1,-1
237,3,925.08,40.53,79.02,207.28,-1,-1,-1,-1
238,3,913.10,41.31,84.34,205.72,-1,-1,-1,-1
239,3,907.79,34.26,79.20,207.25,-1,-1,-1,-1
240,3,899.35,40.99,79.32,208.65,-1,-1,-1,-1
241,3,883.02,40.51,82.38,207.25,-1,-1,-1,-1
242,3,875.39,34.65,81.28,206.91,-1,-1,-1,-1
243,3,867.77,40.35,79.54,205.24,-1,-1,-1,-1
244,3,860.00,34.47,78.17,206.72,-1,-1,-1,-1
245,3,849.91,39.11,82.43,206.06,-1,-1,-1,-1
246,3,836.54,40.88,79.56,208.40,-1,-1,-1,-1
247,3,828.76,41.12,79.02,209.68,-1,-1,-1,-1
248,3,816.70,48.82,85.20,206.07,-1,-1,-1,-1
249,3,810.41,49.92,82.27,206.56,-1,-1,-1,-1
250,3,801.41,49.60,83.88,208.19,-1,-1,-1,-1
2,4,740.05,660.64,77.56,201.83,-1,-1,-1,-1
3,4,740.12,660.83,80.49,199.47,-1,-1,-1,-1
4,4,747.75,643.08,78.27,202.07,-1,-1,-1,-1
5,4,750.00,641.81,77.33,201.28,-1,-1,-1,-1
6,4,754.64,625.80,82.41,202.83,-1,-1,-1,-1
7,4,754.80,621.61,86.02,199.95,-1,-1,-1,-1
8,4,764.98,605.57,80.79,200.41,-1,-1,-1,-1
9,4,770.06,602.46,84.93,201.66,-1,-1,-1,-1
10,4,778.02,594.93,82.35,204.44,-1,-1,-1,-1
11,4,785.76,582.09,83.32,209.32,-1,-1,-1,-1
12,4,792.54,576.03,84.93,204.61,-1,-1,-1,-1
13,4,799.87,568.63,86.83,206.09,-1,-1,-1,-1
14,4,808.08,551.10,85.70,209.99,-1,-1,-1,-1
15,4,815.81,545.21,87.16,205.74,-1,-1,-1,-1
16,4,823.84,533.81,86.60,211.57,-1,-1,-1,-1
17,4,832.23,518.88,87.08,210.42,-1,-1,-1,-1
18,4,841.52,517.33,85.12,211.74,-1,-1,-1,-1
19,4,849.29,514.48,88.39,202.98,-1,-1,-1,-1
20,4,864.96,490.06,83.46,204.93,-1,-1,-1,-1
21,4,872.03,492.81,85.71,213.35,-1,-1,-1,-1
22,4,880.81,472.75,85.08,205.69,-1,-1,-1,-1
23,4,888.98,466.39,86.48,202.41,-1,-1,-1,-1
24,4,896.33,451.78,89.57,203.92,-1,-1,-1,-1
25,4,911.08,454.73,87.64,207.58,-1,-1,-1,-1
26,4,920.41,434.72,86.68,206.02,-1,-1,-1,-1
27,4,929.85,433.02,85.72,202.47,-1,-1,-1,-1
28,4,944.11,419.40,84.69,201.77,-1,-1,-1,-1
29,4,949.52,412.37,89.77,201.85,-1,-1,-1,-1
30,4,959.95,394.46,87.46,206.40,-1,-1,-1,-1
31,4,968.52,387.63,86.07,202.18,-1,-1,-1,-1
32,4,976.42,380.90,88.80,201.83,-1,-1,-1,-1
33,4,982.89,371.48,92.23,202.08,-1,-1,-1,-1
34,4,999.22,354.70,86.56,203.33,-1,-1,-1,-1
35,4,1004.99,339.15,92.16,205.07,-1,-1,-1,-1
36,4,1015.13,331.54,89.36,202.58,-1,-1,-1,-1
37,4,1024.12,324.70,88.83,201.83,-1,-1,-1,-1
38,4,1034.07,322.51,84.92,199.31,-1,-1,-1,-1
39,4,1040.48,305.66,88.92,204.51,-1,-1,-1,-1
40,4,1048.28,304.36,88.77,203.99,-1,-1,-1,-1
41,4,1056.11,280.49,88.67,210.11,-1,-1,-1,-1
42,4,1063.68,279.97,88.53,205.76,-1,-1,-1,-1
43,4,1070.38,274.18,90.47,207.49,-1,-1,-1,-1
44,4,1076.54,271.08,92.91,207.32,-1,-1,-1,-1
45,4,1081.80,256.62,86.65,205.45,-1,-1,-1,-1
46,4,1088.52,240.17,87.55,207.25,-1,-1,-1,-1
47,4,1095.82,232.53,87.33,209.39,-1,-1,-1,-1
48,4,1099.50,223.01,83.01,207.51,-1,-1,-1,-1
49,4,1103.67,207.55,89.79,211.33,-1,-1,-1,-1
50,4,1105.65,209.28,87.31,209.13,-1,-1,-1,-1
51,4,1113.25,199.12,84.62,210.93,-1,-1,-1,-1
52,4,1112.54,182.76,87.25,211.77,-1,-1,-1,-1
53,4,1114.12,182.17,85.89,211.01,-1,-1,-1,-1
54,4,1121.29,183.57,83.16,208.30,-1,-1,-1,-1
55,4,1123.01,168.49,79.93,208.57,-1,-1,-1,-1
56,4,1121.05,168.45,85.18,209.64,-1,-1,-1,-1
57,4,1121.54,149.45,84.76,209.38,-1,-1,-1,-1
58,4,1120.91,144.40,86.50,210.31,-1,-1,-1,-1
59,4,1121.42,143.30,84.05,205.98,-1,-1,-1,-1
60,4,1121.18,137.58,83.93,207.68,-1,-1,-1,-1
61,4,1121.71,120.97,81.71,208.69,-1,-1,-1,-1
62,4,1114.67,126.67,84.27,208.22,-1,-1,-1,-1
63,4,1112.51,119.61,85.63,206.78,-1,-1,-1,-1
64,4,1111.74,118.18,85.45,208.03,-1,-1,-1,-1
65,4,1105.61,112.51,86.02,204.03,-1,-1,-1,-1
66,4,1106.14,96.96,81.42,206.49,-1,-1,-1,-1
67,4,1098.37,88.98,83.56,207.66,-1,-1,-1,-1
68,4,1096.27,88.31,84.14,209.63,-1,-1,-1,-1
69,4,1089.36,89.73,84.00,207.94,-1,-1,-1,-1
70,4,1082.55,79.46,83.62,207.16,-1,-1,-1,-1
71,4,1074.64,72.59,85.33,207.83,-1,-1,-1,-1
72,4,1074.42,72.59,80.27,205.88,-1,-1,-1,-1
73,4,1064.47,72.20,84.18,207.40,-1,-1,-1,-1
74,4,1058.55,64.45,81.27,207.43,-1,-1,-1,-1
75,4,1049.78,65.09,82.29,205.04,-1,-1,-1,-1
76,4,1042.79,49.63,81.08,207.31,-1,-1,-1,-1
77,4,1034.73,48.86,80.33,203.88,-1,-1,-1,-1
78,4,1026.05,42.43,81.08,206.87,-1,-1,-1,-1
79,4,1015.92,49.01,85.17,205.06,-1,-1,-1,-1
80,4,1005.55,47.58,79.36,205.24,-1,-1,-1,-1
81,4,996.38,49.73,81.36,205.55,-1,-1,-1,-1
82,4,988.70,38.65,79.11,206.63,-1,-1,-1,-1
83,4,981.10,33.75,77.21,206.13,-1,-1,-1,-1
84,4,970.66,39.85,79.96,205.49,-1,-1,-1,-1
85,4,961.64,39.10,81.84,206.01,-1,-1,-1,-1
86,4,947.01,42.04,84.23,206.35,-1,-1,-1,-1
87,4,941.49,40.10,76.48,205.76,-1,-1,-1,-1
88,4,932.33,33.31,77.92,205.88,-1,-1,-1,-1
89,4,921.64,40.59,81.41,204.42,-1,-1,-1,-1
90,4,910.91,35.32,76.76,205.56,-1,-1,-1,-1
91,4,901.78,34.83,77.40,205.33,-1,-1,-1,-1
92,4,891.65,39.90,78.89,204.86,-1,-1,-1,-1
93,4,882.98,39.48,79.54,204.85,-1,-1,-1,-1
94,4,868.17,49.02,82.22,202.51,-1,-1,-1,-1
95,4,860.62,47.65,79.26,205.37,-1,-1,-1,-1
96,4,853.10,42.83,77.88,205.34,-1,-1,-1,-1
97,4,844.05,48.59,78.48,206.52,-1,-1,-1,-1
98,4,835.81,48.45,78.30,206.77,-1,-1,-1,-1
99,4,823.87,50.77,85.12,205.36,-1,-1,-1,-1
100,4,816.89,56.06,83.06,203.71,-1,-1,-1,-1
101,4,807.69,57.89,84.93,206.17,-1,-1,-1,-1
102,4,800.49,62.89,84.80,209.32,-1,-1,-1,-1
103,4,791.79,66.57,85.48,202.81,-1,-1,-1,-1
104,4,785.79,63.67,83.02,207.41,-1,-1,-1,-1
105,4,777.56,66.99,82.39,203.79,-1,-1,-1,-1
106,4,769.16,79.45,84.36,208.20,-1,-1,-1,-1
107,4,760.52,80.21,86.68,203.41,-1,-1,-1,-1
108,4,753.67,89.39,86.51,202.90,-1,-1,-1,-1
109,4,752.89,96.52,84.90,204.17,-1,-1,-1,-1
110,4,745.56,89.69,85.13,204.29,-1,-1,-1,-1
111,4,743.15,102.90,87.49,208.58,-1,-1,-1,-1
112,4,737.66,98.11,85.31,204.71,-1,-1,-1,-1
113,4,735.52,113.40,87.20,208.03,-1,-1,-1,-1
114,4,729.29,119.94,86.66,205.86,-1,-1,-1,-1
115,4,727.17,120.94,88.77,208.36,-1,-1,-1,-1
116,4,727.39,127.73,86.52,204.82,-1,-1,-1,-1
117,4,721.93,129.75,86.91,206.88,-1,-1,-1,-1
118,4,720.50,143.07,88.94,206.19,-1,-1,-1,-1
119,4,721.13,151.55,87.60,208.33,-1,-1,-1,-1
120,4,721.44,151.06,87.38,207.63,-1,-1,-1,-1
121,4,721.05,165.73,88.15,208.61,-1,-1,-1,-1
122,4,725.72,168.34,89.19,210.77,-1,-1,-1,-1
123,4,725.87,167.41,89.95,213.13,-1,-1,-1,-1
124,4,726.46,181.13,89.48,213.05,-1,-1,-1,-1
125,4,726.08,194.68,91.04,215.01,-1,-1,-1,-1
126,4,727.59,204.29,89.57,211.57,-1,-1,-1,-1
127,4,735.75,206.16,88.17,210.15,-1,-1,-1,-1
128,4,735.96,209.53,89.74,206.73,-1,-1,-1,-1
129,4,743.32,223.67,88.22,206.30,-1,-1,-1,-1
130,4,741.47,236.74,93.82,214.20,-1,-1,-1,-1
131,4,750.99,246.32,91.06,207.90,-1,-1,-1,-1
132,4,756.74,246.41,93.26,208.77,-1,-1,-1,-1
133,4,756.83,253.72,95.57,212.69,-1,-1,-1,-1
134,4,766.50,273.81,92.44,203.71,-1,-1,-1,-1
135,4,772.53,272.72,95.16,208.79,-1,-1,-1,-1
136,4,784.67,296.63,87.06,204.86,-1,-1,-1,-1
137,4,789.27,306.18,92.84,205.18,-1,-1,-1,-1
138,4,798.31,305.73,90.79,206.43,-1,-1,-1,-1
139,4,808.37,314.48,86.57,201.84,-1,-1,-1,-1
140,4,816.86,322.19,85.64,204.15,-1,-1,-1,-1
141,4,823.23,332.35,88.60,203.12,-1,-1,-1,-1
142,4,831.59,340.06,88.58,202.71,-1,-1,-1,-1
143,4,841.53,353.93,86.34,201.57,-1,-1,-1,-1
144,4,847.97,370.61,89.68,203.21,-1,-1,-1,-1
145,4,862.04,378.96,89.25,202.83,-1,-1,-1,-1
146,4,871.34,386.14,87.22,202.53,-1,-1,-1,-1
147,4,879.65,400.49,89.11,203.57,-1,-1,-1,-1
148,4,889.55,412.80,86.11,199.95,-1,-1,-1,-1
149,4,898.25,420.55,86.01,196.83,-1,-1,-1,-1
150,4,912.15,423.87,86.27,205.79,-1,-1,-1,-1
151,4,919.76,435.47,87.93,203.92,-1,-1,-1,-1
152,4,928.97,451.90,86.97,200.94,-1,-1,-1,-1
153,4,939.12,458.06,84.52,203.46,-1,-1,-1,-1
154,4,950.31,460.11,88.09,203.23,-1,-1,-1,-1
155,4,959.72,482.56,86.87,202.38,-1,-1,-1,-1
156,4,969.90,482.49,83.28,203.18,-1,-1,-1,-1
157,4,976.83,503.58,88.53,207.82,-1,-1,-1,-1
158,4,991.81,505.79,84.84,204.03,-1,-1,-1,-1
159,4,998.53,508.21,87.78,201.48,-1,-1,-1,-1
160,4,1008.04,521.19,87.26,207.61,-1,-1,-1,-1
161,4,1015.75,532.41,87.29,213.84,-1,-1,-1,-1
162,4,1024.18,545.44,87.54,203.93,-1,-1,-1,-1
163,4,1033.21,553.26,85.77,207.18,-1,-1,-1,-1
164,4,1041.70,568.39,84.52,204.13,-1,-1,-1,-1
165,4,1049.40,572.52,85.73,200.84,-1,-1,-1,-1
166,4,1057.42,584.80,84.33,203.89,-1,-1,-1,-1
167,4,1065.57,589.19,82.78,199.46,-1,-1,-1,-1
168,4,1074.04,601.77,81.08,201.20,-1,-1,-1,-1
169,4,1076.01,620.02,83.65,198.75,-1,-1,-1,-1
170,4,1083.74,613.45,82.70,199.43,-1,-1,-1,-1
171,4,1091.40,626.89,80.61,200.76,-1,-1,-1,-1
172,4,1097.89,636.69,80.35,198.94,-1,-1,-1,-1
173,4,1101.14,649.48,78.93,201.82,-1,-1,-1,-1
174,4,1106.74,660.69,81.23,202.15,-1,-1,-1,-1
175,4,1108.15,660.37,81.51,199.33,-1,-1,-1,-1
176,4,1113.98,669.34,80.60,200.33,-1,-1,-1,-1
177,4,1117.25,690.47,77.97,199.10,-1,-1,-1,-1
178,4,1119.67,683.71,75.87,199.85,-1,-1,-1,-1
179,4,1124.65,702.05,75.38,196.09,-1,-1,-1,-1
180,4,1124.53,703.07,76.89,195.31,-1,-1,-1,-1
181,4,1125.49,715.22,75.56,198.82,-1,-1,-1,-1
182,4,1126.40,716.30,74.14,198.19,-1,-1,-1,-1
183,4,1125.20,732.35,75.90,197.51,-1,-1,-1,-1
184,4,1124.40,739.92,77.54,197.77,-1,-1,-1,-1
185,4,1125.06,741.44,75.26,200.00,-1,-1,-1,-1
186,4,1118.63,748.93,78.49,200.07,-1,-1,-1,-1
187,4,1118.77,750.87,76.76,197.62,-1,-1,-1,-1
188,4,1117.68,756.43,75.22,197.05,-1,-1,-1,-1
189,4,1109.78,772.28,78.88,197.20,-1,-1,-1,-1
190,4,1109.38,773.73,77.77,196.22,-1,-1,-1,-1
191,4,1102.70,779.39,77.49,199.98,-1,-1,-1,-1
192,4,1101.56,782.20,76.28,198.64,-1,-1,-1,-1
193,4,1092.85,779.67,80.49,201.06,-1,-1,-1,-1
194,4,1092.36,787.41,77.29,200.99,-1,-1,-1,-1
195,4,1084.47,794.65,77.63,200.87,-1,-1,-1,-1
196,4,1077.30,803.22,78.08,199.19,-1,-1,-1,-1
197,4,1069.42,804.37,79.06,202.24,-1,-1,-1,-1
198,4,1059.99,811.86,82.86,202.58,-1,-1,-1,-1
199,4,1059.16,818.07,79.50,199.89,-1,-1,-1,-1
200,4,1050.58,819.37,79.89,198.93,-1,-1,-1,-1
201,4,1044.14,813.07,77.31,199.08,-1,-1,-1,-1
202,4,1034.33,820.19,79.65,201.38,-1,-1,-1,-1
203,4,1028.50,818.93,75.72,202.05,-1,-1,-1,-1
204,4,1011.93,826.38,82.11,200.46,-1,-1,-1,-1
205,4,1006.27,820.46,76.91,201.80,-1,-1,-1,-1
206,4,994.41,827.21,84.20,203.03,-1,-1,-1,-1
207,4,987.94,828.23,79.82,200.56,-1,-1,-1,-1
208,4,978.74,828.06,80.58,203.59,-1,-1,-1,-1
209,4,963.91,841.25,83.60,201.94,-1,-1,-1,-1
210,4,956.42,833.96,81.78,201.01,-1,-1,-1,-1
211,4,946.32,841.05,84.53,202.46,-1,-1,-1,-1
212,4,937.85,826.95,83.04,205.05,-1,-1,-1,-1
213,4,930.76,840.68,81.05,203.32,-1,-1,-1,-1
214,4,915.65,834.63,83.64,202.93,-1,-1,-1,-1
215,4,908.25,841.00,80.17,202.04,-1,-1,-1,-1
216,4,897.82,831.99,84.31,203.67,-1,-1,-1,-1
217,4,888.19,827.00,85.21,204.29,-1,-1,-1,-1
218,4,882.73,841.09,80.27,202.76,-1,-1,-1,-1
219,4,866.63,826.91,84.83,205.40,-1,-1,-1,-1
220,4,859.67,825.14,80.30,204.58,-1,-1,-1,-1
221,4,852.47,824.63,79.17,203.99,-1,-1,-1,-1
222,4,842.35,823.14,81.15,206.38,-1,-1,-1,-1
223,4,835.01,818.40,80.23,203.98,-1,-1,-1,-1
224,4,820.53,819.58,82.38,202.77,-1,-1,-1,-1
225,4,814.88,819.04,77.52,203.82,-1,-1,-1,-1
226,4,805.14,819.11,79.84,201.51,-1,-1,-1,-1
227,4,798.72,809.70,77.04,201.44,-1,-1,-1,-1
228,4,787.59,811.66,82.89,202.57,-1,-1,-1,-1
229,4,782.43,803.92,78.82,203.17,-1,-1,-1,-1
230,4,778.29,795.47,79.95,202.30,-1,-1,-1,-1
231,4,772.04,794.71,78.74,200.84,-1,-1,-1,-1
232,4,763.38,801.93,80.69,200.07,-1,-1,-1,-1
233,4,756.25,794.86,80.86,199.38,-1,-1,-1,-1
234,4,756.13,788.85,77.82,200.59,-1,-1,-1,-1
235,4,749.89,789.45,76.01,196.39,-1,-1,-1,-1
236,4,741.09,780.20,81.16,200.17,-1,-1,-1,-1
237,4,739.63,765.27,80.15,199.46,-1,-1,-1,-1
238,4,739.20,763.61,78.05,197.44,-1,-1,-1,-1
239,4,733.02,766.47,78.41,194.54,-1,-1,-1,-1
240,4,731.21,750.56,78.74,198.36,-1,-1,-1,-1
241,4,725.30,749.10,80.89,198.12,-1,-1,-1,-1
242,4,724.72,741.41,79.71,195.08,-1,-1,-1,-1
243,4,725.12,733.74,78.72,197.54,-1,-1,-1,-1
244,4,725.21,733.13,77.87,195.14,-1,-1,-1,-1
245,4,725.76,727.23,77.17,192.92,-1,-1,-1,-1
246,4,726.11,710.69,77.20,197.29,-1,-1,-1,-1
247,4,725.46,700.76,78.49,197.32,-1,-1,-1,-1
248,4,725.77,703.54,80.12,196.08,-1,-1,-1,-1
249,4,731.23,700.55,77.52,197.00,-1,-1,-1,-1
250,4,732.73,691.86,76.66,197.66,-1,-1,-1,-1
3,5,1026.52,820.98,54.21,198.49,-1,-1,-1,-1
4,5,1016.88,830.24,55.65,192.63,-1,-1,-1,-1
5,5,1007.04,828.63,58.65,200.31,-1,-1,-1,-1
6,5,994.69,829.44,66.19,197.95,-1,-1,-1,-1
7,5,990.20,836.58,58.32,195.98,-1,-1,-1,-1
8,5,976.93,828.12,56.85,197.48,-1,-1,-1,-1
9,5,965.19,835.55,63.15,197.93,-1,-1,-1,-1
10,5,958.60,842.51,60.41,198.84,-1,-1,-1,-1
11,5,949.89,836.57,59.33,195.23,-1,-1,-1,-1
12,5,941.66,829.32,58.41,198.06,-1,-1,-1,-1
13,5,927.70,827.63,58.35,200.73,-1,-1,-1,-1
14,5,918.80,829.55,59.24,198.09,-1,-1,-1,-1
15,5,909.96,842.19,59.46,200.89,-1,-1,-1,-1
16,5,899.73,844.10,62.97,197.89,-1,-1,-1,-1
17,5,887.44,845.08,58.98,195.37,-1,-1,-1,-1
18,5,881.05,827.44,56.02,199.79,-1,-1,-1,-1
19,5,868.83,828.99,62.79,199.28,-1,-1,-1,-1
20,5,862.71,827.80,57.95,196.75,-1,-1,-1,-1
23,5,830.36,828.41,61.59,200.24,-1,-1,-1,-1
24,5,824.58,820.41,56.52,198.35,-1,-1,-1,-1
26,5,806.63,812.52,59.15,196.55,-1,-1,-1,-1
30,5,773.66,796.19,61.71,198.86,-1,-1,-1,-1
32,5,766.46,795.22,58.47,198.95,-1,-1,-1,-1
33,5,758.49,788.76,59.49,196.86,-1,-1,-1,-1
36,5,742.73,772.89,60.11,197.72,-1,-1,-1,-1
37,5,741.69,771.86,58.49,200.88,-1,-1,-1,-1
39,5,736.23,757.78,54.66,194.89,-1,-1,-1,-1
41,5,728.85,749.84,56.27,196.74,-1,-1,-1,-1
42,5,728.14,733.24,56.31,196.26,-1,-1,-1,-1
47,5,729.08,708.71,55.06,195.04,-1,-1,-1,-1
53,5,742.16,650.74,59.33,200.91,-1,-1,-1,-1
56,5,756.72,625.97,61.33,201.63,-1,-1,-1,-1
57,5,759.87,626.87,58.23,200.96,-1,-1,-1,-1
58,5,766.45,610.80,60.81,201.52,-1,-1,-1,-1
59,5,773.17,595.56,61.72,200.89,-1,-1,-1,-1
60,5,780.65,595.41,62.66,203.01,-1,-1,-1,-1
61,5,787.07,583.39,64.75,206.14,-1,-1,-1,-1
62,5,795.66,571.00,62.94,199.93,-1,-1,-1,-1
63,5,803.47,561.67,63.59,202.05,-1,-1,-1,-1
64,5,811.37,555.74,64.01,200.74,-1,-1,-1,-1
66,5,828.04,531.81,64.23,200.50,-1,-1,-1,-1
68,5,846.18,517.47,60.73,199.07,-1,-1,-1,-1
69,5,853.20,501.36,64.56,200.00,-1,-1,-1,-1
70,5,862.86,499.97,61.10,201.14,-1,-1,-1,-1
72,5,881.87,481.48,67.08,201.01,-1,-1,-1,-1
73,5,892.28,466.70,64.62,201.95,-1,-1,-1,-1
74,5,900.30,461.06,65.49,198.53,-1,-1,-1,-1
75,5,908.90,450.72,64.36,200.17,-1,-1,-1,-1
76,5,924.12,434.39,63.02,200.87,-1,-1,-1,-1
77,5,933.07,428.47,61.86,197.52,-1,-1,-1,-1
78,5,940.96,424.69,64.33,203.18,-1,-1,-1,-1
79,5,948.82,411.33,63.94,200.23,-1,-1,-1,-1
80,5,962.99,395.31,63.29,199.11,-1,-1,-1,-1
81,5,969.65,389.51,67.08,195.82,-1,-1,-1,-1
82,5,977.95,384.10,68.55,193.42,-1,-1,-1,-1
83,5,985.60,376.36,69.81,190.53,-1,-1,-1,-1
84,5,991.52,354.84,74.53,204.15,-1,-1,-1,-1
86,5,1013.93,341.53,75.01,194.52,-1,-1,-1,-1
87,5,1020.33,324.88,79.27,200.31,-1,-1,-1,-1
88,5,1030.23,332.67,74.77,195.07,-1,-1,-1,-1
89,5,1035.26,308.23,80.87,200.38,-1,-1,-1,-1
90,5,1042.88,300.88,81.43,199.78,-1,-1,-1,-1
91,5,1051.85,290.55,79.61,200.37,-1,-1,-1,-1
92,5,1058.34,275.73,82.47,200.37,-1,-1,-1,-1
93,5,1059.89,267.73,81.22,199.56,-1,-1,-1,-1
94,5,1066.43,267.48,82.91,198.93,-1,-1,-1,-1
95,5,1074.06,260.59,83.46,197.64,-1,-1,-1,-1
96,5,1081.20,251.45,84.62,199.70,-1,-1,-1,-1
97,5,1091.14,233.95,80.29,203.57,-1,-1,-1,-1
98,5,1093.27,227.54,77.73,200.55,-1,-1,-1,-1
99,5,1098.97,219.29,81.23,203.63,-1,-1,-1,-1
100,5,1101.00,210.89,76.93,201.04,-1,-1,-1,-1
101,5,1102.66,202.50,76.58,200.93,-1,-1,-1,-1
102,5,1111.17,189.06,72.23,200.48,-1,-1,-1,-1
103,5,1109.65,185.53,76.20,203.33,-1,-1,-1,-1
104,5,1111.46,186.06,72.98,201.00,-1,-1,-1,-1
105,5,1111.33,172.40,74.20,200.54,-1,-1,-1,-1
106,5,1112.45,161.98,72.44,201.69,-1,-1,-1,-1
107,5,1111.02,155.10,75.47,203.52,-1,-1,-1,-1
108,5,1111.28,147.66,74.98,201.24,-1,-1,-1,-1
109,5,1110.68,140.39,76.56,200.46,-1,-1,-1,-1
110,5,1111.75,130.99,73.21,200.18,-1,-1,-1,-1
111,5,1110.71,122.36,75.09,206.23,-1,-1,-1,-1
112,5,1110.27,115.15,76.15,204.85,-1,-1,-1,-1
113,5,1110.58,122.64,73.19,201.37,-1,-1,-1,-1
114,5,1106.11,101.18,69.66,200.45,-1,-1,-1,-1
115,5,1102.89,99.21,72.93,198.89,-1,-1,-1,-1
116,5,1099.02,91.71,67.66,203.20,-1,-1,-1,-1
117,5,1096.92,92.19,69.18,200.46,-1,-1,-1,-1
118,5,1086.76,98.12,74.61,199.75,-1,-1,-1,-1
119,5,1082.91,82.90,68.09,199.95,-1,-1,-1,-1
120,5,1080.56,76.11,70.45,202.52,-1,-1,-1,-1
121,5,1071.20,82.52,73.61,199.63,-1,-1,-1,-1
122,5,1064.01,73.54,72.57,201.71,-1,-1,-1,-1
123,5,1057.00,66.07,71.56,200.51,-1,-1,-1,-1
124,5,1048.88,65.48,71.01,201.33,-1,-1,-1,-1
125,5,1047.83,51.79,70.01,201.57,-1,-1,-1,-1
126,5,1034.61,50.51,67.64,201.42,-1,-1,-1,-1
127,5,1029.21,59.07,75.38,198.73,-1,-1,-1,-1
128,5,1017.08,50.86,71.44,202.48,-1,-1,-1,-1
129,5,1008.28,51.52,71.95,199.95,-1,-1,-1,-1
130,5,1002.20,41.71,68.34,202.47,-1,-1,-1,-1
131,5,990.93,44.00,74.22,203.37,-1,-1,-1,-1
132,5,984.65,49.33,69.70,201.54,-1,-1,-1,-1
133,5,969.68,48.94,69.76,202.90,-1,-1,-1,-1
134,5,964.89,35.09,64.09,201.39,-1,-1,-1,-1
135,5,955.40,34.85,65.96,201.33,-1,-1,-1,-1
136,5,945.73,45.12,67.84,199.22,-1,-1,-1,-1
137,5,938.66,34.85,65.52,202.05,-1,-1,-1,-1
138,5,924.66,33.76,63.59,202.67,-1,-1,-1,-1
139,5,914.54,44.26,67.66,197.06,-1,-1,-1,-1
140,5,905.97,43.58,68.27,203.20,-1,-1,-1,-1
142,5,888.61,34.10,68.41,200.51,-1,-1,-1,-1
143,5,876.96,35.41,62.91,200.09,-1,-1,-1,-1
144,5,865.92,36.51,68.63,199.05,-1,-1,-1,-1
145,5,858.61,43.72,65.90,200.32,-1,-1,-1,-1
146,5,841.83,51.02,69.65,200.66,-1,-1,-1,-1
147,5,836.17,43.04,65.74,200.30,-1,-1,-1,-1
148,5,824.40,51.09,71.94,201.30,-1,-1,-1,-1
149,5,817.90,61.20,69.56,194.81,-1,-1,-1,-1
150,5,809.32,50.50,69.21,200.76,-1,-1,-1,-1
151,5,799.02,61.52,74.78,199.19,-1,-1,-1,-1
152,5,791.35,60.34,73.63,202.37,-1,-1,-1,-1
153,5,783.73,69.86,72.64,197.07,-1,-1,-1,-1
154,5,776.46,74.30,72.24,199.49,-1,-1,-1,-1
155,5,767.84,77.13,74.42,200.54,-1,-1,-1,-1
156,5,759.54,82.90,73.98,198.50,-1,-1,-1,-1
157,5,757.96,83.95,75.68,200.02,-1,-1,-1,-1
158,5,749.73,91.96,77.12,198.01,-1,-1,-1,-1
159,5,744.57,85.09,72.53,197.95,-1,-1,-1,-1
160,5,740.55,90.38,78.12,199.21,-1,-1,-1,-1
161,5,736.36,99.18,72.80,198.46,-1,-1,-1,-1
162,5,730.81,106.02,81.33,201.16,-1,-1,-1,-1
163,5,726.73,107.46,76.38,203.51,-1,-1,-1,-1
164,5,724.51,114.88,79.37,201.29,-1,-1,-1,-1
165,5,724.88,122.21,77.00,205.24,-1,-1,-1,-1
166,5,723.18,124.10,79.65,198.12,-1,-1,-1,-1
167,5,715.80,138.27,80.55,203.86,-1,-1,-1,-1
168,5,715.95,132.77,79.81,201.37,-1,-1,-1,-1
169,5,716.21,146.18,79.16,199.90,-1,-1,-1,-1
170,5,714.27,153.76,82.96,206.81,-1,-1,-1,-1
171,5,714.83,163.76,81.22,199.80,-1,-1,-1,-1
172,5,715.92,164.68,79.43,198.43,-1,-1,-1,-1
173,5,715.17,171.33,81.51,203.47,-1,-1,-1,-1
174,5,714.64,187.79,82.91,202.95,-1,-1,-1,-1
175,5,720.08,194.94,86.79,204.03,-1,-1,-1,-1
176,5,720.36,194.89,87.05,200.34,-1,-1,-1,-1
177,5,720.91,202.29,85.74,203.16,-1,-1,-1,-1
178,5,727.18,219.97,88.84,202.38,-1,-1,-1,-1
179,5,730.08,236.09,84.52,197.25,-1,-1,-1,-1
180,5,734.73,228.80,90.45,201.26,-1,-1,-1,-1
181,5,743.53,236.42,88.31,198.30,-1,-1,-1,-1
182,5,740.93,241.74,94.26,204.93,-1,-1,-1,-1
183,5,748.04,251.89,95.13,201.88,-1,-1,-1,-1
184,5,761.73,278.33,84.54,194.82,-1,-1,-1,-1
185,5,768.91,283.11,86.07,199.64,-1,-1,-1,-1
186,5,775.34,281.99,89.24,204.68,-1,-1,-1,-1
187,5,788.09,300.82,78.70,200.46,-1,-1,-1,-1
188,5,791.27,308.16,89.08,201.37,-1,-1,-1,-1
189,5,804.83,326.28,76.91,197.23,-1,-1,-1,-1
190,5,812.84,325.45,77.47,196.43,-1,-1,-1,-1
191,5,819.06,333.18,80.52,196.44,-1,-1,-1,-1
192,5,826.79,342.73,81.91,193.88,-1,-1,-1,-1
193,5,836.93,362.68,77.69,201.60,-1,-1,-1,-1
194,5,845.39,365.19,77.48,196.41,-1,-1,-1,-1
195,5,856.14,381.63,72.49,198.53,-1,-1,-1,-1
196,5,873.63,389.48,66.48,194.03,-1,-1,-1,-1
197,5,880.31,396.10,70.46,199.11,-1,-1,-1,-1
198,5,889.98,404.16,68.37,197.04,-1,-1,-1,-1
199,5,898.62,413.02,66.97,196.66,-1,-1,-1,-1
202,5,930.01,445.39,68.51,197.62,-1,-1,-1,-1
204,5,947.48,465.68,67.07,201.62,-1,-1,-1,-1
206,5,971.50,483.59,64.41,200.45,-1,-1,-1,-1
207,5,980.05,499.77,63.87,199.13,-1,-1,-1,-1
208,5,989.95,500.17,62.09,198.19,-1,-1,-1,-1
209,5,1001.11,509.02,67.84,199.83,-1,-1,-1,-1
210,5,1009.64,523.73,67.71,199.70,-1,-1,-1,-1
211,5,1018.61,530.61,65.78,199.13,-1,-1,-1,-1
213,5,1035.88,556.43,64.15,200.85,-1,-1,-1,-1
214,5,1041.61,566.04,68.55,197.45,-1,-1,-1,-1
215,5,1052.50,564.93,63.93,198.24,-1,-1,-1,-1
216,5,1058.26,572.11,66.25,201.21,-1,-1,-1,-1
217,5,1067.54,587.74,63.53,202.93,-1,-1,-1,-1
218,5,1071.47,594.94,58.81,199.86,-1,-1,-1,-1
219,5,1077.57,605.62,62.97,196.73,-1,-1,-1,-1
220,5,1086.03,612.89,60.89,197.93,-1,-1,-1,-1
221,5,1091.11,627.48,64.03,203.08,-1,-1,-1,-1
222,5,1099.48,635.85,62.38,198.92,-1,-1,-1,-1
223,5,1101.70,643.28,61.93,204.37,-1,-1,-1,-1
224,5,1107.80,651.45,62.03,199.93,-1,-1,-1,-1
225,5,1111.17,660.46,57.71,198.75,-1,-1,-1,-1
226,5,1118.05,668.75,57.64,199.51,-1,-1,-1,-1
227,5,1119.72,675.28,56.93,202.04,-1,-1,-1,-1
228,5,1121.47,691.83,55.24,199.59,-1,-1,-1,-1
238,5,1119.05,765.02,55.99,193.50,-1,-1,-1,-1
239,5,1120.16,768.16,52.98,188.46,-1,-1,-1,-1
243,5,1095.35,789.46,57.84,197.72,-1,-1,-1,-1
248,5,1062.28,812.00,60.70,195.72,-1,-1,-1,-1
