1,1,92.82,432.02,78.79,203.46,-1,-1,-1,-1
2,1,93.48,439.22,80.14,207.77,-1,-1,-1,-1
3,1,96.13,430.03,86.32,209.24,-1,-1,-1,-1
4,1,97.59,431.88,87.27,205.44,-1,-1,-1,-1
5,1,105.16,435.08,85.09,205.18,-1,-1,-1,-1
6,1,108.34,440.06,82.50,205.18,-1,-1,-1,-1
7,1,113.99,433.44,84.20,205.61,-1,-1,-1,-1
8,1,120.32,431.58,84.85,205.75,-1,-1,-1,-1
9,1,122.61,440.69,84.00,204.46,-1,-1,-1,-1
10,1,128.17,431.17,85.83,207.58,-1,-1,-1,-1
11,1,131.80,431.99,82.77,203.16,-1,-1,-1,-1
12,1,138.10,430.93,82.42,205.59,-1,-1,-1,-1
13,1,139.67,439.31,83.56,206.80,-1,-1,-1,-1
14,1,145.75,433.29,83.57,207.02,-1,-1,-1,-1
15,1,147.18,432.73,84.26,204.20,-1,-1,-1,-1
16,1,153.42,432.77,84.96,203.79,-1,-1,-1,-1
17,1,156.19,433.84,82.66,203.35,-1,-1,-1,-1
18,1,162.57,432.69,82.39,204.58,-1,-1,-1,-1
19,1,170.17,435.38,80.84,204.63,-1,-1,-1,-1
20,1,171.61,434.89,82.10,203.94,-1,-1,-1,-1
21,1,175.96,431.38,86.24,205.26,-1,-1,-1,-1
22,1,176.98,435.10,87.14,204.26,-1,-1,-1,-1
23,1,182.67,441.17,87.95,203.49,-1,-1,-1,-1
24,1,184.42,436.69,88.99,203.04,-1,-1,-1,-1
25,1,191.61,434.44,87.03,203.64,-1,-1,-1,-1
26,1,195.15,440.41,84.73,204.65,-1,-1,-1,-1
27,1,203.43,444.52,80.30,202.02,-1,-1,-1,-1
28,1,203.75,431.80,83.34,208.17,-1,-1,-1,-1
29,1,209.15,438.48,85.24,207.56,-1,-1,-1,-1
30,1,212.03,441.23,83.22,202.58,-1,-1,-1,-1
31,1,218.16,437.19,84.05,201.78,-1,-1,-1,-1
32,1,226.07,434.37,81.76,203.46,-1,-1,-1,-1
33,1,227.56,434.28,82.36,201.93,-1,-1,-1,-1
34,1,233.43,439.06,82.70,206.85,-1,-1,-1,-1
35,1,235.00,440.58,84.37,202.63,-1,-1,-1,-1
36,1,241.50,437.05,84.27,201.42,-1,-1,-1,-1
37,1,243.46,433.65,84.05,203.30,-1,-1,-1,-1
38,1,250.66,438.09,82.28,199.46,-1,-1,-1,-1
39,1,251.60,441.42,83.82,200.76,-1,-1,-1,-1
40,1,259.27,444.32,80.13,202.16,-1,-1,-1,-1
41,1,266.06,442.39,81.24,201.78,-1,-1,-1,-1
42,1,267.38,436.43,83.42,201.39,-1,-1,-1,-1
43,1,273.41,440.53,82.88,205.80,-1,-1,-1,-1
44,1,276.36,436.32,81.34,203.46,-1,-1,-1,-1
45,1,281.40,436.01,83.42,201.52,-1,-1,-1,-1
46,1,282.24,433.64,85.76,202.10,-1,-1,-1,-1
47,1,290.35,435.69,81.85,200.67,-1,-1,-1,-1
48,1,293.02,432.90,80.93,202.59,-1,-1,-1,-1
49,1,297.76,433.55,84.45,200.82,-1,-1,-1,-1
50,1,303.73,432.42,85.88,203.74,-1,-1,-1,-1
51,1,306.87,434.26,83.97,201.45,-1,-1,-1,-1
52,1,313.37,439.82,82.91,204.34,-1,-1,-1,-1
53,1,314.70,433.25,83.99,203.65,-1,-1,-1,-1
54,1,321.63,432.69,83.32,202.22,-1,-1,-1,-1
55,1,325.63,436.20,78.86,203.87,-1,-1,-1,-1
56,1,332.92,441.36,77.69,201.21,-1,-1,-1,-1
57,1,334.17,431.91,78.77,205.27,-1,-1,-1,-1
58,1,338.01,436.50,83.19,201.87,-1,-1,-1,-1
59,1,345.05,436.13,82.90,201.60,-1,-1,-1,-1
60,1,346.83,436.68,83.41,200.17,-1,-1,-1,-1
61,1,352.45,437.65,84.32,199.91,-1,-1,-1,-1
62,1,357.52,441.35,78.72,204.50,-1,-1,-1,-1
63,1,363.25,444.06,79.40,201.90,-1,-1,-1,-1
64,1,367.10,439.92,76.08,203.82,-1,-1,-1,-1
65,1,372.26,433.28,78.58,203.81,-1,-1,-1,-1
66,1,375.40,435.82,76.59,203.39,-1,-1,-1,-1
67,1,380.66,437.29,78.05,201.10,-1,-1,-1,-1
68,1,381.12,432.48,80.89,203.29,-1,-1,-1,-1
69,1,386.63,440.36,81.33,207.30,-1,-1,-1,-1
70,1,394.19,441.93,80.88,203.03,-1,-1,-1,-1
71,1,395.53,442.16,82.47,202.13,-1,-1,-1,-1
72,1,400.99,434.75,83.45,203.88,-1,-1,-1,-1
73,1,403.97,440.88,81.25,205.84,-1,-1,-1,-1
74,1,410.15,445.94,82.54,200.31,-1,-1,-1,-1
75,1,411.08,435.70,83.39,203.66,-1,-1,-1,-1
76,1,417.24,440.59,84.10,203.13,-1,-1,-1,-1
77,1,420.42,433.55,82.00,203.74,-1,-1,-1,-1
78,1,427.12,440.69,80.45,206.40,-1,-1,-1,-1
79,1,432.94,436.02,83.34,203.62,-1,-1,-1,-1
80,1,434.15,435.75,83.87,200.71,-1,-1,-1,-1
81,1,440.09,433.36,85.88,201.61,-1,-1,-1,-1
82,1,442.34,433.26,84.45,201.22,-1,-1,-1,-1
83,1,449.63,435.16,82.19,200.86,-1,-1,-1,-1
84,1,451.78,441.64,81.80,203.45,-1,-1,-1,-1
85,1,458.08,436.30,82.02,202.71,-1,-1,-1,-1
86,1,459.66,440.87,82.77,201.97,-1,-1,-1,-1
87,1,466.26,443.00,81.92,201.40,-1,-1,-1,-1
88,1,468.85,444.05,81.42,202.10,-1,-1,-1,-1
89,1,473.51,433.86,85.18,203.75,-1,-1,-1,-1
90,1,480.31,437.03,84.27,200.16,-1,-1,-1,-1
91,1,484.48,443.05,79.70,201.64,-1,-1,-1,-1
92,1,492.63,445.81,76.25,199.94,-1,-1,-1,-1
93,1,493.31,440.90,78.81,201.94,-1,-1,-1,-1
94,1,499.27,443.54,79.27,201.22,-1,-1,-1,-1
95,1,502.02,441.84,77.76,200.66,-1,-1,-1,-1
96,1,507.97,445.25,78.93,198.90,-1,-1,-1,-1
97,1,509.99,434.82,78.82,203.12,-1,-1,-1,-1
98,1,515.73,432.91,79.93,202.27,-1,-1,-1,-1
99,1,517.98,441.45,78.38,203.70,-1,-1,-1,-1
100,1,524.13,434.69,79.75,202.90,-1,-1,-1,-1
101,1,530.77,436.71,79.97,201.08,-1,-1,-1,-1
102,1,533.44,437.43,78.66,200.12,-1,-1,-1,-1
103,1,538.66,438.47,80.36,198.97,-1,-1,-1,-1
104,1,538.93,441.91,84.04,201.30,-1,-1,-1,-1
105,1,545.59,442.03,83.09,202.08,-1,-1,-1,-1
106,1,548.68,441.80,81.23,200.16,-1,-1,-1,-1
107,1,554.96,444.95,80.47,198.88,-1,-1,-1,-1
108,1,556.37,434.99,81.48,204.08,-1,-1,-1,-1
109,1,561.43,442.36,84.33,200.62,-1,-1,-1,-1
110,1,563.68,435.43,83.39,202.03,-1,-1,-1,-1
111,1,571.27,443.14,81.82,201.38,-1,-1,-1,-1
112,1,578.04,435.89,81.47,203.05,-1,-1,-1,-1
113,1,580.12,442.51,80.03,201.22,-1,-1,-1,-1
114,1,585.47,435.07,83.40,201.91,-1,-1,-1,-1
115,1,588.30,441.41,80.98,202.53,-1,-1,-1,-1
116,1,592.96,441.54,85.18,201.35,-1,-1,-1,-1
117,1,595.71,435.20,83.62,201.90,-1,-1,-1,-1
118,1,601.25,436.47,84.67,199.71,-1,-1,-1,-1
119,1,603.94,437.53,83.05,200.98,-1,-1,-1,-1
120,1,610.25,435.05,83.60,201.47,-1,-1,-1,-1
121,1,617.83,438.15,81.55,199.28,-1,-1,-1,-1
122,1,618.21,434.18,84.94,201.78,-1,-1,-1,-1
123,1,624.21,433.20,85.41,201.80,-1,-1,-1,-1
124,1,627.48,437.87,83.12,199.07,-1,-1,-1,-1
125,1,633.73,438.66,82.75,199.25,-1,-1,-1,-1
126,1,635.67,433.31,83.51,203.17,-1,-1,-1,-1
127,1,641.79,433.15,83.48,201.62,-1,-1,-1,-1
128,1,644.64,435.62,81.79,200.21,-1,-1,-1,-1
129,1,650.83,441.54,82.13,203.08,-1,-1,-1,-1
130,1,656.50,433.93,84.31,204.36,-1,-1,-1,-1
131,1,658.97,436.82,83.81,200.51,-1,-1,-1,-1
132,1,664.06,434.02,85.44,202.07,-1,-1,-1,-1
133,1,665.98,434.88,85.62,200.60,-1,-1,-1,-1
134,1,673.12,439.96,83.38,203.64,-1,-1,-1,-1
135,1,676.61,436.48,80.54,201.37,-1,-1,-1,-1
136,1,681.78,436.22,83.37,199.00,-1,-1,-1,-1
137,1,684.68,441.20,80.92,201.53,-1,-1,-1,-1
138,1,690.08,436.06,83.06,200.39,-1,-1,-1,-1
139,1,693.07,441.10,81.79,201.20,-1,-1,-1,-1
140,1,697.92,441.95,83.95,200.55,-1,-1,-1,-1
141,1,701.30,443.36,80.98,200.82,-1,-1,-1,-1
142,1,707.13,446.30,81.44,198.72,-1,-1,-1,-1
143,1,714.53,444.33,80.29,201.04,-1,-1,-1,-1
144,1,716.40,444.95,81.34,201.00,-1,-1,-1,-1
145,1,721.16,432.88,84.01,204.29,-1,-1,-1,-1
146,1,724.47,437.12,82.31,200.29,-1,-1,-1,-1
147,1,729.54,442.86,83.72,198.63,-1,-1,-1,-1
148,1,731.28,433.23,83.89,203.43,-1,-1,-1,-1
149,1,738.90,440.28,80.90,204.15,-1,-1,-1,-1
150,1,745.43,441.74,82.11,200.84,-1,-1,-1,-1
151,1,747.71,443.49,81.81,198.99,-1,-1,-1,-1
152,1,752.78,433.91,84.10,203.46,-1,-1,-1,-1
153,1,755.05,440.29,84.38,202.33,-1,-1,-1,-1
154,1,762.03,444.17,82.25,199.10,-1,-1,-1,-1
155,1,762.01,434.38,85.88,202.94,-1,-1,-1,-1
156,1,770.36,437.97,81.82,199.80,-1,-1,-1,-1
157,1,773.49,442.59,79.67,200.77,-1,-1,-1,-1
158,1,779.75,441.80,79.12,199.78,-1,-1,-1,-1
159,1,781.84,434.08,79.82,201.50,-1,-1,-1,-1
160,1,787.19,440.86,80.66,203.66,-1,-1,-1,-1
161,1,792.02,441.66,85.41,200.86,-1,-1,-1,-1
162,1,793.86,435.06,85.28,201.52,-1,-1,-1,-1
163,1,795.48,434.82,84.87,200.73,-1,-1,-1,-1
164,1,802.10,434.95,84.09,199.98,-1,-1,-1,-1
165,1,809.61,441.63,81.86,203.59,-1,-1,-1,-1
166,1,811.65,440.63,82.98,202.23,-1,-1,-1,-1
167,1,818.13,443.15,82.26,200.26,-1,-1,-1,-1
168,1,820.54,441.49,81.92,200.42,-1,-1,-1,-1
169,1,824.82,433.91,86.06,201.75,-1,-1,-1,-1
170,1,825.74,434.39,86.68,200.84,-1,-1,-1,-1
171,1,833.62,434.13,84.52,200.27,-1,-1,-1,-1
172,1,837.04,440.17,81.80,203.18,-1,-1,-1,-1
173,1,842.70,441.42,82.65,200.48,-1,-1,-1,-1
174,1,849.43,434.99,83.26,201.64,-1,-1,-1,-1
175,1,852.28,437.19,81.82,200.42,-1,-1,-1,-1
176,1,857.86,442.94,83.34,199.03,-1,-1,-1,-1
177,1,858.51,435.12,85.67,202.08,-1,-1,-1,-1
178,1,865.56,441.08,82.99,203.76,-1,-1,-1,-1
179,1,869.66,442.28,80.13,201.01,-1,-1,-1,-1
180,1,874.35,438.65,82.77,199.91,-1,-1,-1,-1
181,1,880.05,434.97,85.45,201.01,-1,-1,-1,-1
182,1,883.05,437.31,83.37,198.53,-1,-1,-1,-1
183,1,890.85,438.75,80.27,197.95,-1,-1,-1,-1
184,1,890.40,436.03,84.90,200.27,-1,-1,-1,-1
185,1,896.54,434.29,85.29,200.21,-1,-1,-1,-1
186,1,900.99,441.08,80.97,200.71,-1,-1,-1,-1
187,1,905.83,434.62,83.02,201.44,-1,-1,-1,-1
188,1,909.06,438.07,80.29,200.42,-1,-1,-1,-1
189,1,913.76,438.22,83.64,198.18,-1,-1,-1,-1
190,1,916.55,438.60,81.94,198.20,-1,-1,-1,-1
191,1,921.55,437.29,84.77,199.02,-1,-1,-1,-1
192,1,923.98,435.41,83.19,200.69,-1,-1,-1,-1
193,1,930.57,442.81,83.03,200.88,-1,-1,-1,-1
194,1,937.68,438.00,82.28,200.34,-1,-1,-1,-1
195,1,939.00,442.41,83.22,198.45,-1,-1,-1,-1
196,1,945.35,441.57,84.19,200.44,-1,-1,-1,-1
197,1,947.00,436.05,84.43,200.30,-1,-1,-1,-1
198,1,952.91,434.43,85.56,200.23,-1,-1,-1,-1
199,1,953.57,434.22,87.63,201.73,-1,-1,-1,-1
200,1,961.51,436.72,83.85,199.15,-1,-1,-1,-1
201,1,965.58,438.08,80.58,198.47,-1,-1,-1,-1
202,1,969.98,441.92,83.48,200.87,-1,-1,-1,-1
203,1,976.87,441.25,84.04,202.12,-1,-1,-1,-1
204,1,979.81,444.10,81.89,200.43,-1,-1,-1,-1
205,1,984.63,441.70,84.78,201.34,-1,-1,-1,-1
206,1,986.46,441.07,84.96,201.64,-1,-1,-1,-1
207,1,992.35,441.32,84.74,201.59,-1,-1,-1,-1
208,1,997.23,443.07,80.10,200.73,-1,-1,-1,-1
209,1,1002.21,445.65,81.77,198.93,-1,-1,-1,-1
210,1,1004.27,437.16,82.23,202.07,-1,-1,-1,-1
211,1,1010.01,438.94,83.14,199.06,-1,-1,-1,-1
212,1,1016.24,441.75,84.44,201.12,-1,-1,-1,-1
213,1,1017.95,440.66,85.16,201.81,-1,-1,-1,-1
214,1,1024.23,437.32,84.24,200.86,-1,-1,-1,-1
215,1,1027.90,442.93,80.51,200.48,-1,-1,-1,-1
216,1,1032.69,434.46,83.97,201.93,-1,-1,-1,-1
217,1,1034.41,434.92,85.28,200.15,-1,-1,-1,-1
218,1,1041.13,436.80,83.76,199.05,-1,-1,-1,-1
219,1,1043.54,434.40,83.41,200.48,-1,-1,-1,-1
220,1,1048.60,435.47,85.67,199.34,-1,-1,-1,-1
221,1,1051.62,437.58,83.31,199.03,-1,-1,-1,-1
222,1,1058.01,436.61,83.53,199.48,-1,-1,-1,-1
223,1,1065.72,439.67,81.22,197.88,-1,-1,-1,-1
224,1,1067.64,442.58,82.00,199.52,-1,-1,-1,-1
225,1,1073.09,434.30,83.76,201.28,-1,-1,-1,-1
226,1,1075.64,438.01,82.68,198.91,-1,-1,-1,-1
227,1,1081.27,438.55,83.87,198.58,-1,-1,-1,-1
228,1,1082.55,434.51,85.99,200.80,-1,-1,-1,-1
229,1,1088.41,440.97,84.96,203.32,-1,-1,-1,-1
230,1,1092.31,434.57,82.29,202.37,-1,-1,-1,-1
231,1,1098.18,441.37,82.27,200.88,-1,-1,-1,-1
232,1,1104.24,438.52,84.56,199.92,-1,-1,-1,-1
233,1,1107.53,438.12,82.21,198.49,-1,-1,-1,-1
234,1,1113.02,437.94,83.49,198.40,-1,-1,-1,-1
235,1,1114.24,437.16,84.71,199.04,-1,-1,-1,-1
236,1,1120.50,439.02,84.11,198.63,-1,-1,-1,-1
237,1,1122.90,442.08,83.49,198.44,-1,-1,-1,-1
238,1,1129.48,434.59,83.34,200.90,-1,-1,-1,-1
239,1,1132.71,441.55,80.84,201.49,-1,-1,-1,-1
240,1,1137.16,435.35,84.95,200.90,-1,-1,-1,-1
241,1,1139.58,435.80,84.16,199.24,-1,-1,-1,-1
242,1,1145.17,441.93,85.18,200.41,-1,-1,-1,-1
243,1,1150.82,434.75,87.36,202.24,-1,-1,-1,-1
244,1,1152.75,438.15,87.40,198.31,-1,-1,-1,-1
245,1,1161.58,444.55,81.45,199.95,-1,-1,-1,-1
246,1,1162.20,434.02,85.51,202.75,-1,-1,-1,-1
247,1,1169.05,440.77,83.34,202.58,-1,-1,-1,-1
248,1,1172.32,445.20,81.97,199.90,-1,-1,-1,-1
249,1,1177.17,437.60,83.90,200.51,-1,-1,-1,-1
250,1,1178.51,441.88,84.95,200.43,-1,-1,-1,-1
1,2,369.16,441.29,87.99,203.02,-1,-1,-1,-1
2,2,375.56,440.60,87.24,207.48,-1,-1,-1,-1
3,2,375.60,433.36,90.59,207.28,-1,-1,-1,-1
4,2,382.70,433.49,89.50,206.91,-1,-1,-1,-1
5,2,383.98,432.82,90.05,207.15,-1,-1,-1,-1
6,2,390.11,431.47,90.50,208.51,-1,-1,-1,-1
7,2,392.64,428.20,88.97,217.73,-1,-1,-1,-1
8,2,399.64,430.16,88.75,211.96,-1,-1,-1,-1
9,2,407.78,438.57,86.71,209.90,-1,-1,-1,-1
10,2,407.50,438.06,90.61,210.31,-1,-1,-1,-1
11,2,414.33,430.99,89.95,210.38,-1,-1,-1,-1
12,2,415.31,432.84,90.97,207.19,-1,-1,-1,-1
13,2,423.53,438.11,87.04,210.76,-1,-1,-1,-1
14,2,424.32,437.38,89.52,213.47,-1,-1,-1,-1
15,2,430.97,438.34,89.53,212.18,-1,-1,-1,-1
16,2,433.31,437.79,88.31,213.35,-1,-1,-1,-1
17,2,439.00,438.97,90.08,209.69,-1,-1,-1,-1
18,2,446.72,438.97,88.17,207.91,-1,-1,-1,-1
19,2,448.22,438.79,88.34,208.63,-1,-1,-1,-1
20,2,454.94,438.61,87.67,209.08,-1,-1,-1,-1
21,2,454.46,430.40,92.27,210.05,-1,-1,-1,-1
22,2,460.46,426.99,92.82,218.01,-1,-1,-1,-1
23,2,462.91,429.97,91.93,212.20,-1,-1,-1,-1
24,2,470.58,433.79,89.92,206.74,-1,-1,-1,-1
25,2,472.71,429.81,88.35,212.36,-1,-1,-1,-1
26,2,478.70,427.32,89.28,215.83,-1,-1,-1,-1
27,2,480.19,431.28,89.13,209.47,-1,-1,-1,-1
28,2,487.68,435.52,87.76,216.79,-1,-1,-1,-1
29,2,493.68,430.25,90.41,211.89,-1,-1,-1,-1
30,2,496.22,429.74,89.37,212.04,-1,-1,-1,-1
31,2,503.88,429.45,86.37,212.07,-1,-1,-1,-1
32,2,503.25,425.13,91.19,207.69,-1,-1,-1,-1
33,2,510.49,430.83,88.60,211.86,-1,-1,-1,-1
34,2,512.24,431.83,89.42,209.03,-1,-1,-1,-1
35,2,518.50,430.68,89.79,212.88,-1,-1,-1,-1
36,2,520.28,431.38,88.83,210.53,-1,-1,-1,-1
37,2,527.77,431.40,87.99,209.80,-1,-1,-1,-1
38,2,535.38,426.96,86.57,218.07,-1,-1,-1,-1
39,2,536.12,437.29,89.06,212.52,-1,-1,-1,-1
40,2,543.03,436.89,87.88,214.55,-1,-1,-1,-1
41,2,543.33,436.16,90.78,214.41,-1,-1,-1,-1
42,2,551.15,436.75,87.76,213.11,-1,-1,-1,-1
43,2,551.32,430.32,91.05,210.45,-1,-1,-1,-1
44,2,559.22,432.79,88.13,221.75,-1,-1,-1,-1
45,2,560.91,439.10,89.19,209.34,-1,-1,-1,-1
46,2,566.24,431.61,90.57,209.49,-1,-1,-1,-1
47,2,568.20,430.67,90.12,210.13,-1,-1,-1,-1
48,2,573.70,429.50,91.72,213.17,-1,-1,-1,-1
49,2,576.76,435.46,88.82,216.37,-1,-1,-1,-1
50,2,582.55,430.02,91.09,212.05,-1,-1,-1,-1
51,2,584.69,427.28,89.30,217.68,-1,-1,-1,-1
52,2,591.24,429.91,90.33,212.46,-1,-1,-1,-1
53,2,598.91,429.53,88.45,214.13,-1,-1,-1,-1
54,2,601.04,434.60,87.49,218.31,-1,-1,-1,-1
55,2,606.66,432.03,89.10,224.57,-1,-1,-1,-1
56,2,607.91,428.23,89.83,215.98,-1,-1,-1,-1
57,2,615.09,428.70,88.53,213.97,-1,-1,-1,-1
58,2,617.27,432.05,87.78,223.04,-1,-1,-1,-1
59,2,622.74,439.32,91.70,210.06,-1,-1,-1,-1
60,2,631.20,437.55,87.58,213.57,-1,-1,-1,-1
61,2,630.46,434.78,91.59,204.30,-1,-1,-1,-1
62,2,638.67,427.06,88.52,218.97,-1,-1,-1,-1
63,2,639.88,432.93,89.14,220.18,-1,-1,-1,-1
64,2,646.25,431.15,89.83,211.06,-1,-1,-1,-1
65,2,648.40,427.05,89.01,217.92,-1,-1,-1,-1
66,2,654.42,429.26,89.91,214.86,-1,-1,-1,-1
67,2,656.79,433.82,89.02,205.80,-1,-1,-1,-1
68,2,663.42,438.28,89.02,210.95,-1,-1,-1,-1
69,2,668.84,432.22,92.22,208.79,-1,-1,-1,-1
70,2,670.86,428.55,91.63,213.75,-1,-1,-1,-1
71,2,678.61,430.78,88.37,211.63,-1,-1,-1,-1
72,2,679.84,431.37,89.42,209.32,-1,-1,-1,-1
73,2,686.53,427.64,89.07,216.73,-1,-1,-1,-1
74,2,688.49,432.58,89.82,206.86,-1,-1,-1,-1
75,2,695.55,439.77,88.58,207.51,-1,-1,-1,-1
76,2,696.22,438.20,89.84,209.13,-1,-1,-1,-1
77,2,701.88,431.41,92.03,209.36,-1,-1,-1,-1
78,2,704.46,431.48,89.91,206.69,-1,-1,-1,-1
79,2,710.94,432.86,89.12,207.15,-1,-1,-1,-1
80,2,712.98,432.56,89.10,207.81,-1,-1,-1,-1
81,2,719.81,432.39,87.88,209.29,-1,-1,-1,-1
82,2,727.26,432.36,87.75,207.15,-1,-1,-1,-1
83,2,727.68,433.87,89.72,206.53,-1,-1,-1,-1
84,2,734.19,432.37,90.23,208.38,-1,-1,-1,-1
85,2,735.20,433.49,90.70,206.91,-1,-1,-1,-1
86,2,741.85,433.50,90.53,207.63,-1,-1,-1,-1
87,2,744.33,431.86,90.02,207.95,-1,-1,-1,-1
88,2,750.95,430.66,88.79,211.79,-1,-1,-1,-1
89,2,759.45,441.02,86.46,205.82,-1,-1,-1,-1
90,2,759.72,441.44,89.68,205.55,-1,-1,-1,-1
91,2,766.84,440.14,87.80,207.17,-1,-1,-1,-1
92,2,768.17,440.47,89.29,206.96,-1,-1,-1,-1
93,2,775.22,441.07,87.61,206.25,-1,-1,-1,-1
94,2,775.03,432.90,91.98,206.59,-1,-1,-1,-1
95,2,783.06,432.40,88.87,206.90,-1,-1,-1,-1
96,2,785.23,433.81,88.90,203.88,-1,-1,-1,-1
97,2,790.98,434.65,89.83,202.50,-1,-1,-1,-1
98,2,792.47,439.65,89.14,207.34,-1,-1,-1,-1
99,2,800.15,441.19,87.68,204.84,-1,-1,-1,-1
100,2,801.28,439.52,88.31,208.60,-1,-1,-1,-1
101,2,807.07,439.83,89.90,208.32,-1,-1,-1,-1
102,2,815.11,431.38,87.29,211.47,-1,-1,-1,-1
103,2,817.41,431.55,87.35,208.66,-1,-1,-1,-1
104,2,823.58,440.61,87.88,206.45,-1,-1,-1,-1
105,2,825.11,439.92,88.48,208.49,-1,-1,-1,-1
106,2,830.60,442.01,89.87,204.48,-1,-1,-1,-1
107,2,832.82,433.86,88.80,206.21,-1,-1,-1,-1
108,2,838.75,430.35,89.93,210.38,-1,-1,-1,-1
109,2,840.23,431.83,90.70,208.83,-1,-1,-1,-1
110,2,847.64,438.56,88.36,210.89,-1,-1,-1,-1
111,2,853.98,434.19,89.79,205.30,-1,-1,-1,-1
112,2,855.77,434.19,89.60,205.79,-1,-1,-1,-1
113,2,863.02,441.36,88.35,204.02,-1,-1,-1,-1
114,2,864.12,441.03,89.71,206.49,-1,-1,-1,-1
115,2,870.92,440.36,88.76,206.22,-1,-1,-1,-1
116,2,871.35,433.91,90.26,205.62,-1,-1,-1,-1
117,2,879.27,434.90,88.81,203.46,-1,-1,-1,-1
118,2,886.99,434.65,87.10,203.63,-1,-1,-1,-1
119,2,887.03,435.27,90.39,202.36,-1,-1,-1,-1
120,2,894.82,441.80,87.09,203.80,-1,-1,-1,-1
121,2,895.82,441.48,89.23,205.62,-1,-1,-1,-1
122,2,902.46,443.05,89.31,203.49,-1,-1,-1,-1
123,2,902.75,435.32,92.05,203.63,-1,-1,-1,-1
124,2,911.28,433.56,88.62,204.38,-1,-1,-1,-1
125,2,912.77,433.01,88.15,207.63,-1,-1,-1,-1
126,2,918.38,436.42,89.97,201.72,-1,-1,-1,-1
127,2,919.93,441.60,90.39,202.73,-1,-1,-1,-1
128,2,926.06,433.61,91.08,205.27,-1,-1,-1,-1
129,2,927.84,432.51,91.12,205.45,-1,-1,-1,-1
130,2,934.12,433.15,90.65,206.83,-1,-1,-1,-1
131,2,942.27,433.11,89.23,206.06,-1,-1,-1,-1
132,2,944.02,434.10,89.27,204.39,-1,-1,-1,-1
133,2,951.06,441.99,87.11,204.04,-1,-1,-1,-1
134,2,952.21,442.61,89.53,201.75,-1,-1,-1,-1
135,2,958.29,434.25,88.93,205.05,-1,-1,-1,-1
136,2,960.28,440.52,89.43,205.81,-1,-1,-1,-1
137,2,966.22,440.69,90.47,207.19,-1,-1,-1,-1
138,2,968.81,440.03,89.34,208.83,-1,-1,-1,-1
139,2,974.97,442.74,89.26,204.08,-1,-1,-1,-1
140,2,982.58,443.99,88.47,202.13,-1,-1,-1,-1
141,2,983.37,443.44,91.11,202.81,-1,-1,-1,-1
142,2,991.32,442.92,87.21,204.09,-1,-1,-1,-1
143,2,992.56,440.79,88.45,203.96,-1,-1,-1,-1
144,2,996.75,433.19,92.11,206.84,-1,-1,-1,-1
145,2,1000.12,436.38,89.12,214.51,-1,-1,-1,-1
146,2,1007.40,437.38,87.43,213.96,-1,-1,-1,-1
147,2,1008.50,441.64,89.34,204.56,-1,-1,-1,-1
148,2,1015.34,439.92,87.94,206.12,-1,-1,-1,-1
149,2,1017.18,437.99,87.73,212.22,-1,-1,-1,-1
150,2,1021.83,435.06,91.91,203.85,-1,-1,-1,-1
151,2,1025.03,439.04,88.70,208.57,-1,-1,-1,-1
152,2,1031.36,439.09,89.36,209.73,-1,-1,-1,-1
153,2,1037.40,432.29,89.98,208.78,-1,-1,-1,-1
154,2,1040.54,434.49,89.34,203.92,-1,-1,-1,-1
155,2,1046.50,434.51,89.30,203.89,-1,-1,-1,-1
156,2,1047.60,436.39,90.77,200.09,-1,-1,-1,-1
157,2,1055.96,439.99,85.93,205.94,-1,-1,-1,-1
158,2,1057.54,435.46,87.17,202.68,-1,-1,-1,-1
159,2,1062.45,433.63,89.39,206.90,-1,-1,-1,-1
160,2,1064.29,434.06,90.23,204.81,-1,-1,-1,-1
161,2,1071.65,435.70,89.25,201.81,-1,-1,-1,-1
162,2,1079.36,435.02,87.27,203.28,-1,-1,-1,-1
163,2,1080.34,440.68,88.51,206.89,-1,-1,-1,-1
164,2,1086.90,441.12,88.42,207.46,-1,-1,-1,-1
165,2,1087.28,436.63,91.02,200.57,-1,-1,-1,-1
166,2,1094.78,433.90,89.04,205.12,-1,-1,-1,-1
167,2,1096.34,438.59,89.97,208.35,-1,-1,-1,-1
168,2,1102.49,433.87,89.24,206.75,-1,-1,-1,-1
169,2,1110.13,436.09,88.58,202.06,-1,-1,-1,-1
170,2,1111.24,442.34,91.01,202.76,-1,-1,-1,-1
171,2,1118.47,441.98,88.97,203.89,-1,-1,-1,-1
172,2,1119.75,434.45,89.89,203.96,-1,-1,-1,-1
173,2,1126.45,440.57,88.03,205.29,-1,-1,-1,-1
174,2,1127.87,441.44,90.58,205.74,-1,-1,-1,-1
175,2,1133.96,434.49,89.63,205.85,-1,-1,-1,-1
176,2,1136.32,436.93,90.14,199.96,-1,-1,-1,-1
177,2,1142.54,436.23,89.53,201.08,-1,-1,-1,-1
178,2,1143.75,440.65,90.61,205.29,-1,-1,-1,-1
179,2,1150.29,435.85,90.43,202.27,-1,-1,-1,-1
180,2,1152.20,432.37,90.23,205.74,-1,-1,-1,-1
181,2,1157.73,433.95,92.08,204.30,-1,-1,-1,-1
182,2,1165.04,435.29,90.99,203.28,-1,-1,-1,-1
183,2,1168.81,441.81,87.97,202.25,-1,-1,-1,-1
184,2,1174.03,442.79,90.27,199.75,-1,-1,-1,-1
185,2,1175.80,442.65,89.79,203.52,-1,-1,-1,-1
186,2,1182.54,441.18,89.83,206.13,-1,-1,-1,-1
187,2,1183.24,442.17,92.42,202.77,-1,-1,-1,-1
188,2,1189.45,435.51,91.36,203.54,-1,-1,-1,-1
189,2,1192.96,439.00,88.88,209.06,-1,-1,-1,-1
190,2,1198.70,434.73,90.07,204.50,-1,-1,-1,-1
191,2,1206.75,435.84,87.24,202.09,-1,-1,-1,-1
192,2,1206.84,435.78,91.03,200.78,-1,-1,-1,-1
193,2,1213.22,435.83,91.25,200.75,-1,-1,-1,-1
194,2,1215.24,440.62,90.36,205.38,-1,-1,-1,-1
195,2,1221.48,436.91,90.65,199.88,-1,-1,-1,-1
196,2,1223.66,434.49,90.29,203.88,-1,-1,-1,-1
197,2,1231.11,433.20,88.87,206.10,-1,-1,-1,-1
198,2,1233.11,435.58,88.79,201.99,-1,-1,-1,-1
199,2,1238.37,435.97,90.61,200.83,-1,-1,-1,-1
200,2,1240.21,441.51,90.02,204.07,-1,-1,-1,-1
201,2,1245.65,442.72,92.76,203.26,-1,-1,-1,-1
202,2,1253.35,442.70,90.90,202.93,-1,-1,-1,-1
203,2,1253.78,440.53,93.32,204.83,-1,-1,-1,-1
204,2,1261.62,435.36,91.37,202.21,-1,-1,-1,-1
205,2,1264.39,436.41,89.48,200.96,-1,-1,-1,-1
206,2,1270.23,437.22,90.50,199.73,-1,-1,-1,-1
207,2,1272.43,442.14,89.82,201.40,-1,-1,-1,-1
208,2,1277.40,434.53,91.90,204.89,-1,-1,-1,-1
209,2,1279.58,435.71,90.66,202.24,-1,-1,-1,-1
210,2,1285.53,435.84,91.86,201.88,-1,-1,-1,-1
211,2,1287.59,436.15,92.02,201.26,-1,-1,-1,-1
212,2,1295.86,434.02,88.86,205.22,-1,-1,-1,-1
213,2,1303.51,440.91,86.59,203.70,-1,-1,-1,-1
214,2,1302.32,436.31,93.26,200.41,-1,-1,-1,-1
215,2,1309.67,435.22,90.45,203.18,-1,-1,-1,-1
216,2,1312.12,440.04,88.71,205.29,-1,-1,-1,-1
217,2,1317.58,433.71,90.73,207.02,-1,-1,-1,-1
218,2,1318.64,434.13,93.32,203.13,-1,-1,-1,-1
219,2,1326.70,439.67,90.79,207.13,-1,-1,-1,-1
220,2,1334.87,442.40,87.14,202.91,-1,-1,-1,-1
221,2,1333.22,436.15,94.73,201.11,-1,-1,-1,-1
222,2,1342.87,440.78,87.11,205.56,-1,-1,-1,-1
223,2,1343.50,436.52,90.83,201.41,-1,-1,-1,-1
224,2,1349.75,434.61,89.74,205.78,-1,-1,-1,-1
225,2,1351.30,440.15,91.21,207.85,-1,-1,-1,-1
226,2,1357.67,440.49,92.03,204.06,-1,-1,-1,-1
227,2,1359.76,437.60,91.45,199.19,-1,-1,-1,-1
228,2,1366.44,436.99,90.10,200.37,-1,-1,-1,-1
229,2,1373.52,442.94,89.82,202.52,-1,-1,-1,-1
230,2,1374.29,434.21,91.71,205.71,-1,-1,-1,-1
231,2,1382.16,441.24,88.93,205.48,-1,-1,-1,-1
232,2,1381.13,435.31,95.32,202.88,-1,-1,-1,-1
233,2,1388.94,440.03,91.32,208.13,-1,-1,-1,-1
234,2,1391.31,436.35,91.80,200.24,-1,-1,-1,-1
235,2,1399.28,441.86,87.56,202.13,-1,-1,-1,-1
236,2,1399.56,436.49,90.89,201.71,-1,-1,-1,-1
237,2,1406.50,435.65,89.79,202.73,-1,-1,-1,-1
238,2,1407.39,435.56,91.31,203.20,-1,-1,-1,-1
239,2,1413.63,435.74,92.06,201.99,-1,-1,-1,-1
240,2,1420.83,435.07,91.24,202.23,-1,-1,-1,-1
241,2,1424.06,435.26,89.16,203.81,-1,-1,-1,-1
242,2,1430.05,437.03,89.73,201.03,-1,-1,-1,-1
243,2,1431.07,436.38,91.74,200.50,-1,-1,-1,-1
244,2,1438.15,435.95,89.91,201.88,-1,-1,-1,-1
245,2,1439.17,436.63,91.65,200.29,-1,-1,-1,-1
246,2,1445.97,435.37,90.65,202.78,-1,-1,-1,-1
247,2,1448.53,440.87,89.21,205.46,-1,-1,-1,-1
248,2,1454.76,441.79,90.34,204.66,-1,-1,-1,-1
249,2,1460.69,437.47,92.28,200.47,-1,-1,-1,-1
250,2,1463.75,442.92,89.67,202.20,-1,-1,-1,-1
39,3,-10.49,436.68,80.35,204.27,-1,-1,-1,-1
40,3,-11.94,436.29,84.53,207.61,-1,-1,-1,-1
41,3,-11.91,434.82,88.05,203.78,-1,-1,-1,-1
42,3,-1.92,442.91,83.00,204.89,-1,-1,-1,-1
43,3,-2.33,443.79,87.60,206.39,-1,-1,-1,-1
44,3,2.37,443.82,82.84,204.67,-1,-1,-1,-1
45,3,7.95,444.29,85.54,205.92,-1,-1,-1,-1
46,3,11.52,433.72,82.64,205.47,-1,-1,-1,-1
47,3,16.61,435.29,84.41,202.57,-1,-1,-1,-1
48,3,24.58,443.54,83.61,204.83,-1,-1,-1,-1
49,3,25.74,443.22,83.15,202.61,-1,-1,-1,-1
50,3,28.32,441.94,82.32,204.54,-1,-1,-1,-1
51,3,33.55,434.48,83.60,204.65,-1,-1,-1,-1
52,3,39.97,434.79,85.18,203.89,-1,-1,-1,-1
53,3,43.49,444.70,82.42,201.71,-1,-1,-1,-1
54,3,48.20,435.26,85.13,206.48,-1,-1,-1,-1
55,3,50.49,435.44,84.39,203.37,-1,-1,-1,-1
56,3,57.77,441.58,82.71,204.31,-1,-1,-1,-1
57,3,58.89,443.17,84.30,203.89,-1,-1,-1,-1
58,3,65.10,436.43,84.00,206.36,-1,-1,-1,-1
59,3,67.18,437.08,84.21,202.85,-1,-1,-1,-1
60,3,72.67,438.62,84.75,199.77,-1,-1,-1,-1
61,3,76.01,437.54,83.62,201.29,-1,-1,-1,-1
62,3,81.56,443.12,85.71,205.98,-1,-1,-1,-1
63,3,88.06,443.07,84.59,202.66,-1,-1,-1,-1
64,3,90.38,437.59,83.36,201.23,-1,-1,-1,-1
65,3,96.56,437.88,83.69,204.00,-1,-1,-1,-1
66,3,97.71,435.11,85.83,206.36,-1,-1,-1,-1
67,3,104.96,444.54,83.29,201.38,-1,-1,-1,-1
68,3,107.47,445.10,83.61,201.53,-1,-1,-1,-1
69,3,112.79,441.76,84.44,207.31,-1,-1,-1,-1
70,3,116.38,442.60,81.90,205.33,-1,-1,-1,-1
71,3,121.01,436.19,83.96,202.38,-1,-1,-1,-1
72,3,128.05,434.78,84.12,201.91,-1,-1,-1,-1
73,3,130.46,436.11,84.14,206.92,-1,-1,-1,-1
74,3,132.65,437.59,82.59,203.71,-1,-1,-1,-1
75,3,137.31,437.48,84.33,202.93,-1,-1,-1,-1
76,3,144.04,436.30,84.29,200.51,-1,-1,-1,-1
77,3,147.94,437.15,81.73,201.85,-1,-1,-1,-1
78,3,152.81,437.23,83.86,200.42,-1,-1,-1,-1
79,3,156.10,442.39,82.78,202.84,-1,-1,-1,-1
80,3,160.94,442.66,83.32,203.11,-1,-1,-1,-1
81,3,164.32,443.37,82.62,199.96,-1,-1,-1,-1
82,3,170.06,445.10,82.39,200.91,-1,-1,-1,-1
83,3,172.46,435.86,82.80,204.14,-1,-1,-1,-1
84,3,177.39,435.85,84.77,202.65,-1,-1,-1,-1
85,3,180.83,444.15,81.90,197.38,-1,-1,-1,-1
86,3,185.01,443.25,84.89,199.89,-1,-1,-1,-1
87,3,187.97,435.91,83.70,201.53,-1,-1,-1,-1
88,3,192.99,442.03,85.68,203.34,-1,-1,-1,-1
89,3,199.99,443.90,83.97,198.86,-1,-1,-1,-1
90,3,203.51,443.39,82.67,201.04,-1,-1,-1,-1
91,3,208.90,438.72,84.13,199.44,-1,-1,-1,-1
92,3,211.40,437.86,83.56,200.87,-1,-1,-1,-1
93,3,218.71,446.63,81.43,199.20,-1,-1,-1,-1
94,3,220.46,452.03,82.15,197.19,-1,-1,-1,-1
95,3,224.63,443.07,85.71,202.54,-1,-1,-1,-1
96,3,231.70,437.41,85.11,198.76,-1,-1,-1,-1
97,3,235.93,445.53,81.73,198.11,-1,-1,-1,-1
98,3,240.99,444.87,82.88,199.13,-1,-1,-1,-1
99,3,243.01,444.46,84.02,198.31,-1,-1,-1,-1
100,3,249.30,446.22,82.08,196.84,-1,-1,-1,-1
101,3,252.80,446.14,81.09,198.27,-1,-1,-1,-1
102,3,257.37,437.98,82.33,200.89,-1,-1,-1,-1
103,3,261.71,446.76,80.37,197.98,-1,-1,-1,-1
104,3,266.18,448.32,82.67,196.55,-1,-1,-1,-1
105,3,272.25,438.35,83.95,200.55,-1,-1,-1,-1
106,3,276.13,446.69,82.05,199.04,-1,-1,-1,-1
107,3,280.93,444.31,82.38,197.00,-1,-1,-1,-1
108,3,284.81,439.41,81.37,196.91,-1,-1,-1,-1
109,3,289.01,438.00,82.98,195.81,-1,-1,-1,-1
110,3,290.69,438.59,84.06,196.67,-1,-1,-1,-1
111,3,297.73,444.74,82.43,198.06,-1,-1,-1,-1
112,3,300.43,448.02,82.76,197.71,-1,-1,-1,-1
113,3,305.38,447.57,84.14,198.01,-1,-1,-1,-1
114,3,309.73,446.92,80.42,197.30,-1,-1,-1,-1
115,3,314.02,444.67,82.58,196.28,-1,-1,-1,-1
116,3,320.49,447.14,82.84,198.43,-1,-1,-1,-1
117,3,322.85,447.18,81.94,196.89,-1,-1,-1,-1
118,3,328.73,438.44,83.77,200.52,-1,-1,-1,-1
119,3,333.98,447.28,79.29,198.49,-1,-1,-1,-1
120,3,338.65,445.82,79.78,197.28,-1,-1,-1,-1
121,3,345.88,439.10,80.55,197.80,-1,-1,-1,-1
122,3,348.50,447.44,79.52,196.16,-1,-1,-1,-1
123,3,354.38,437.92,79.95,202.96,-1,-1,-1,-1
124,3,358.22,447.25,75.53,195.94,-1,-1,-1,-1
125,3,359.38,446.59,76.40,197.67,-1,-1,-1,-1
126,3,363.17,446.31,80.59,195.21,-1,-1,-1,-1
127,3,368.76,444.90,82.35,196.78,-1,-1,-1,-1
128,3,370.49,444.50,84.28,196.93,-1,-1,-1,-1
129,3,377.86,438.34,82.12,199.21,-1,-1,-1,-1
130,3,380.81,444.11,81.04,198.98,-1,-1,-1,-1
131,3,386.27,446.33,80.90,199.29,-1,-1,-1,-1
132,3,390.04,438.42,79.90,201.00,-1,-1,-1,-1
133,3,394.70,438.50,80.99,200.68,-1,-1,-1,-1
134,3,401.49,447.07,81.10,198.32,-1,-1,-1,-1
135,3,403.01,443.93,83.20,199.16,-1,-1,-1,-1
136,3,408.89,445.04,82.09,195.22,-1,-1,-1,-1
137,3,411.96,446.16,80.77,198.68,-1,-1,-1,-1
138,3,417.79,444.27,81.95,198.29,-1,-1,-1,-1
139,3,421.59,445.73,79.29,200.05,-1,-1,-1,-1
140,3,427.57,447.37,77.72,197.33,-1,-1,-1,-1
141,3,430.46,444.73,78.87,200.35,-1,-1,-1,-1
142,3,434.87,436.10,81.47,201.22,-1,-1,-1,-1
143,3,439.84,437.68,85.01,203.13,-1,-1,-1,-1
144,3,443.97,444.13,80.69,199.73,-1,-1,-1,-1
145,3,444.58,436.76,82.77,204.88,-1,-1,-1,-1
146,3,448.52,436.53,86.41,201.73,-1,-1,-1,-1
147,3,455.86,438.32,84.44,198.12,-1,-1,-1,-1
148,3,460.90,438.38,80.95,200.33,-1,-1,-1,-1
149,3,465.28,446.27,84.00,202.05,-1,-1,-1,-1
150,3,469.06,451.31,81.66,200.55,-1,-1,-1,-1
151,3,474.24,438.73,82.61,199.14,-1,-1,-1,-1
152,3,477.87,447.06,80.11,201.25,-1,-1,-1,-1
153,3,481.48,445.44,82.73,202.06,-1,-1,-1,-1
154,3,484.97,446.06,80.75,200.33,-1,-1,-1,-1
155,3,490.56,446.93,82.21,199.99,-1,-1,-1,-1
156,3,496.90,445.64,82.92,200.32,-1,-1,-1,-1
157,3,499.76,446.14,82.00,200.09,-1,-1,-1,-1
158,3,506.39,436.45,81.71,201.29,-1,-1,-1,-1
159,3,509.11,436.74,81.39,197.68,-1,-1,-1,-1
160,3,513.49,437.03,81.99,199.44,-1,-1,-1,-1
161,3,516.00,438.06,82.78,197.94,-1,-1,-1,-1
162,3,522.53,445.31,80.71,197.32,-1,-1,-1,-1
163,3,525.76,440.27,80.42,197.79,-1,-1,-1,-1
164,3,528.82,439.50,84.88,198.69,-1,-1,-1,-1
165,3,538.26,447.15,80.32,198.22,-1,-1,-1,-1
166,3,540.32,438.49,81.33,199.38,-1,-1,-1,-1
167,3,545.02,446.01,81.63,198.37,-1,-1,-1,-1
168,3,547.78,447.12,81.71,198.76,-1,-1,-1,-1
169,3,554.21,447.43,80.15,195.61,-1,-1,-1,-1
170,3,556.84,446.38,80.77,198.62,-1,-1,-1,-1
171,3,561.63,446.92,82.79,199.49,-1,-1,-1,-1
172,3,564.68,438.15,82.57,199.26,-1,-1,-1,-1
173,3,569.97,443.61,82.35,199.51,-1,-1,-1,-1
174,3,572.08,437.05,83.36,202.09,-1,-1,-1,-1
175,3,577.85,444.45,82.14,199.24,-1,-1,-1,-1
176,3,580.99,447.00,81.18,198.03,-1,-1,-1,-1
177,3,586.22,445.78,82.67,199.82,-1,-1,-1,-1
178,3,592.83,443.59,82.97,198.98,-1,-1,-1,-1
179,3,597.28,445.74,80.12,199.09,-1,-1,-1,-1
180,3,601.91,446.03,80.79,196.92,-1,-1,-1,-1
181,3,604.26,438.13,82.99,199.86,-1,-1,-1,-1
182,3,609.66,438.86,81.74,197.90,-1,-1,-1,-1
183,3,613.66,446.70,79.98,198.29,-1,-1,-1,-1
184,3,619.84,448.02,79.47,197.10,-1,-1,-1,-1
185,3,622.61,444.30,78.89,200.25,-1,-1,-1,-1
186,3,628.74,446.10,79.10,198.71,-1,-1,-1,-1
187,3,634.79,445.78,78.58,195.73,-1,-1,-1,-1
188,3,638.33,439.28,78.23,198.50,-1,-1,-1,-1
189,3,642.81,444.88,78.78,197.48,-1,-1,-1,-1
190,3,645.74,438.90,78.57,198.93,-1,-1,-1,-1
191,3,651.54,444.08,78.50,198.87,-1,-1,-1,-1
192,3,654.90,445.95,77.26,199.20,-1,-1,-1,-1
193,3,658.88,445.54,81.39,200.29,-1,-1,-1,-1
194,3,664.70,437.34,83.72,199.77,-1,-1,-1,-1
195,3,667.18,440.32,82.93,197.36,-1,-1,-1,-1
196,3,672.91,446.67,81.91,199.76,-1,-1,-1,-1
197,3,672.90,435.24,86.93,205.53,-1,-1,-1,-1
198,3,679.64,438.98,86.05,199.35,-1,-1,-1,-1
199,3,685.79,445.12,79.34,201.11,-1,-1,-1,-1
200,3,690.87,439.08,80.25,198.59,-1,-1,-1,-1
201,3,692.19,443.71,83.46,200.97,-1,-1,-1,-1
202,3,697.79,444.83,82.62,196.91,-1,-1,-1,-1
203,3,701.30,444.82,81.14,201.16,-1,-1,-1,-1
204,3,705.57,447.11,82.24,199.71,-1,-1,-1,-1
205,3,709.00,444.24,81.57,201.38,-1,-1,-1,-1
206,3,713.53,444.55,84.53,198.47,-1,-1,-1,-1
207,3,720.67,444.78,82.78,198.56,-1,-1,-1,-1
208,3,724.11,439.15,83.08,198.03,-1,-1,-1,-1
209,3,729.84,445.42,81.62,196.42,-1,-1,-1,-1
210,3,732.84,447.40,81.05,200.38,-1,-1,-1,-1
211,3,736.87,438.04,83.83,202.06,-1,-1,-1,-1
212,3,742.09,447.11,80.12,199.00,-1,-1,-1,-1
213,3,747.02,444.08,82.00,201.01,-1,-1,-1,-1
214,3,752.52,446.57,83.35,198.24,-1,-1,-1,-1
215,3,754.03,436.87,85.45,201.61,-1,-1,-1,-1
216,3,761.91,444.58,81.77,197.09,-1,-1,-1,-1
217,3,764.18,446.54,81.57,197.39,-1,-1,-1,-1
218,3,769.11,444.26,82.69,199.24,-1,-1,-1,-1
219,3,771.86,445.42,82.42,197.51,-1,-1,-1,-1
220,3,777.96,444.82,80.57,198.97,-1,-1,-1,-1
221,3,780.38,439.16,82.48,198.26,-1,-1,-1,-1
222,3,785.46,439.18,83.16,197.17,-1,-1,-1,-1
223,3,791.95,438.54,84.62,197.43,-1,-1,-1,-1
224,3,794.95,440.24,82.02,196.95,-1,-1,-1,-1
225,3,797.87,446.31,80.60,201.16,-1,-1,-1,-1
226,3,802.94,447.61,82.18,198.31,-1,-1,-1,-1
227,3,809.62,445.44,80.69,197.82,-1,-1,-1,-1
228,3,811.07,443.93,83.50,197.23,-1,-1,-1,-1
229,3,817.16,439.95,83.08,198.55,-1,-1,-1,-1
230,3,820.44,438.45,82.39,197.07,-1,-1,-1,-1
231,3,825.57,439.00,82.89,196.48,-1,-1,-1,-1
232,3,828.37,439.66,82.69,200.05,-1,-1,-1,-1
233,3,833.91,446.59,81.77,198.48,-1,-1,-1,-1
234,3,837.95,445.40,80.17,197.59,-1,-1,-1,-1
235,3,842.26,444.99,82.56,196.75,-1,-1,-1,-1
236,3,848.96,438.68,82.84,197.70,-1,-1,-1,-1
237,3,851.57,438.50,82.68,196.17,-1,-1,-1,-1
238,3,857.86,446.04,81.49,195.29,-1,-1,-1,-1
239,3,859.64,443.62,82.88,199.19,-1,-1,-1,-1
240,3,865.01,443.76,82.58,198.79,-1,-1,-1,-1
241,3,867.16,439.53,83.62,196.07,-1,-1,-1,-1
242,3,874.14,444.67,81.48,196.89,-1,-1,-1,-1
243,3,876.44,440.17,82.65,197.07,-1,-1,-1,-1
244,3,882.31,438.10,83.14,196.95,-1,-1,-1,-1
245,3,888.80,439.05,82.96,192.72,-1,-1,-1,-1
246,3,890.82,439.07,83.76,195.59,-1,-1,-1,-1
247,3,897.11,438.60,82.16,197.89,-1,-1,-1,-1
248,3,901.36,446.46,79.92,196.48,-1,-1,-1,-1
249,3,906.95,438.65,80.26,197.72,-1,-1,-1,-1
250,3,908.58,439.26,81.24,197.39,-1,-1,-1,-1
95,4,-18.26,426.95,67.05,202.31,-1,-1,-1,-1
96,4,-11.08,427.43,64.02,200.75,-1,-1,-1,-1
97,4,-3.95,436.63,59.24,197.18,-1,-1,-1,-1
98,4,-3.23,439.59,60.19,195.05,-1,-1,-1,-1
99,4,-2.02,438.57,64.12,197.96,-1,-1,-1,-1
100,4,0.61,436.68,67.70,199.68,-1,-1,-1,-1
101,4,-0.01,436.31,72.28,200.05,-1,-1,-1,-1
102,4,-1.04,442.34,75.95,200.23,-1,-1,-1,-1
103,4,4.32,432.70,77.38,203.27,-1,-1,-1,-1
104,4,6.98,434.25,76.62,203.00,-1,-1,-1,-1
105,4,12.08,440.92,77.84,203.37,-1,-1,-1,-1
106,4,14.62,443.37,78.47,200.61,-1,-1,-1,-1
107,4,19.62,436.13,78.44,201.20,-1,-1,-1,-1
108,4,23.73,433.94,76.75,200.26,-1,-1,-1,-1
109,4,28.27,436.63,79.71,201.77,-1,-1,-1,-1
110,4,34.79,442.26,79.17,199.87,-1,-1,-1,-1
111,4,38.29,438.04,77.00,199.92,-1,-1,-1,-1
112,4,42.99,435.32,79.01,204.09,-1,-1,-1,-1
113,4,43.15,434.75,84.30,202.57,-1,-1,-1,-1
114,4,48.85,441.03,84.33,203.93,-1,-1,-1,-1
115,4,53.40,433.52,81.24,204.31,-1,-1,-1,-1
116,4,57.52,440.21,84.95,204.68,-1,-1,-1,-1
117,4,59.95,442.30,84.31,202.70,-1,-1,-1,-1
118,4,66.10,443.78,84.71,200.66,-1,-1,-1,-1
119,4,73.02,442.03,83.55,202.14,-1,-1,-1,-1
120,4,76.49,436.63,82.01,201.56,-1,-1,-1,-1
121,4,81.06,441.87,83.95,202.95,-1,-1,-1,-1
122,4,83.42,442.10,84.08,202.01,-1,-1,-1,-1
123,4,90.29,431.16,82.34,207.99,-1,-1,-1,-1
124,4,96.64,434.25,83.17,203.94,-1,-1,-1,-1
125,4,98.19,441.12,84.63,204.44,-1,-1,-1,-1
126,4,105.24,441.91,82.17,202.19,-1,-1,-1,-1
127,4,107.37,431.64,82.81,207.10,-1,-1,-1,-1
128,4,113.14,433.25,83.59,206.72,-1,-1,-1,-1
129,4,115.92,441.93,82.55,201.15,-1,-1,-1,-1
130,4,121.90,432.56,82.16,205.05,-1,-1,-1,-1
131,4,123.86,428.23,83.69,203.12,-1,-1,-1,-1
132,4,127.93,435.17,86.29,204.23,-1,-1,-1,-1
133,4,130.32,440.80,86.82,203.27,-1,-1,-1,-1
134,4,137.05,432.61,84.84,205.79,-1,-1,-1,-1
135,4,144.81,433.18,83.31,202.96,-1,-1,-1,-1
136,4,148.42,440.54,80.01,203.33,-1,-1,-1,-1
137,4,153.75,432.93,81.54,205.09,-1,-1,-1,-1
138,4,155.89,439.99,82.63,204.85,-1,-1,-1,-1
139,4,161.67,441.91,81.58,202.16,-1,-1,-1,-1
140,4,166.12,441.52,78.71,201.08,-1,-1,-1,-1
141,4,172.51,433.96,77.28,202.08,-1,-1,-1,-1
142,4,175.16,440.70,77.54,203.29,-1,-1,-1,-1
143,4,180.91,436.80,76.73,201.30,-1,-1,-1,-1
144,4,182.18,427.59,77.69,204.32,-1,-1,-1,-1
145,4,187.28,431.86,80.50,204.12,-1,-1,-1,-1
146,4,192.55,433.90,83.52,206.29,-1,-1,-1,-1
147,4,196.01,434.02,80.77,203.59,-1,-1,-1,-1
148,4,202.14,433.86,80.69,207.20,-1,-1,-1,-1
149,4,205.18,441.38,80.55,202.33,-1,-1,-1,-1
150,4,210.69,441.92,80.31,201.37,-1,-1,-1,-1
151,4,213.14,436.20,80.74,201.33,-1,-1,-1,-1
152,4,217.53,434.79,82.79,206.30,-1,-1,-1,-1
153,4,220.32,429.89,81.31,208.77,-1,-1,-1,-1
154,4,226.56,433.57,81.55,206.37,-1,-1,-1,-1
155,4,227.92,434.78,84.12,204.80,-1,-1,-1,-1
156,4,234.67,440.30,82.30,204.95,-1,-1,-1,-1
157,4,237.11,442.23,81.68,201.89,-1,-1,-1,-1
158,4,242.99,437.23,82.33,201.46,-1,-1,-1,-1
159,4,249.52,434.65,82.12,206.33,-1,-1,-1,-1
160,4,251.88,432.39,82.69,204.66,-1,-1,-1,-1
161,4,257.74,434.40,82.02,206.74,-1,-1,-1,-1
162,4,259.89,440.03,82.75,204.97,-1,-1,-1,-1
163,4,267.21,431.27,80.32,208.73,-1,-1,-1,-1
164,4,272.99,432.58,82.94,205.39,-1,-1,-1,-1
165,4,275.36,433.70,81.77,201.27,-1,-1,-1,-1
166,4,280.89,433.93,82.53,206.97,-1,-1,-1,-1
167,4,283.25,435.36,82.79,203.34,-1,-1,-1,-1
168,4,289.74,433.22,82.12,204.72,-1,-1,-1,-1
169,4,292.93,434.12,80.93,200.62,-1,-1,-1,-1
170,4,298.34,438.80,80.89,207.04,-1,-1,-1,-1
171,4,302.16,440.50,78.83,203.88,-1,-1,-1,-1
172,4,308.65,433.60,77.44,203.95,-1,-1,-1,-1
173,4,310.74,433.23,78.56,203.74,-1,-1,-1,-1
174,4,316.58,439.18,77.66,206.27,-1,-1,-1,-1
175,4,319.41,432.11,77.04,205.87,-1,-1,-1,-1
176,4,324.00,433.41,80.31,202.96,-1,-1,-1,-1
177,4,328.91,433.07,83.24,203.96,-1,-1,-1,-1
178,4,331.62,434.38,83.50,203.75,-1,-1,-1,-1
179,4,337.13,433.87,83.15,202.95,-1,-1,-1,-1
180,4,340.39,440.75,81.50,204.39,-1,-1,-1,-1
181,4,346.07,441.61,81.95,202.94,-1,-1,-1,-1
182,4,349.36,432.04,79.56,206.04,-1,-1,-1,-1
183,4,353.85,433.04,82.55,205.88,-1,-1,-1,-1
184,4,357.01,427.06,80.69,205.17,-1,-1,-1,-1
185,4,362.81,432.55,82.01,204.48,-1,-1,-1,-1
186,4,369.69,440.12,81.45,205.52,-1,-1,-1,-1
187,4,371.99,442.46,80.51,201.42,-1,-1,-1,-1
188,4,378.43,440.43,80.35,204.66,-1,-1,-1,-1
189,4,381.57,440.41,79.11,203.88,-1,-1,-1,-1
190,4,387.91,441.84,77.41,202.22,-1,-1,-1,-1
191,4,392.42,441.51,74.77,201.43,-1,-1,-1,-1
192,4,396.80,436.97,76.84,201.39,-1,-1,-1,-1
193,4,399.68,440.53,75.91,205.13,-1,-1,-1,-1
194,4,404.17,443.33,77.69,200.48,-1,-1,-1,-1
195,4,408.73,432.95,74.52,205.04,-1,-1,-1,-1
196,4,412.56,432.51,78.62,203.45,-1,-1,-1,-1
197,4,415.29,433.86,77.35,205.73,-1,-1,-1,-1
198,4,421.47,437.00,77.34,200.27,-1,-1,-1,-1
199,4,428.43,432.08,76.27,204.60,-1,-1,-1,-1
200,4,431.38,440.43,77.10,204.48,-1,-1,-1,-1
201,4,437.64,440.73,74.36,204.46,-1,-1,-1,-1
202,4,439.62,441.06,76.06,203.74,-1,-1,-1,-1
203,4,444.82,434.12,76.78,204.24,-1,-1,-1,-1
204,4,447.14,433.15,78.29,202.07,-1,-1,-1,-1
205,4,452.75,433.46,78.22,204.41,-1,-1,-1,-1
206,4,457.68,439.53,81.50,207.75,-1,-1,-1,-1
207,4,461.27,433.23,79.13,206.84,-1,-1,-1,-1
208,4,466.71,438.72,80.30,208.46,-1,-1,-1,-1
209,4,469.21,440.88,79.93,202.43,-1,-1,-1,-1
210,4,475.95,431.39,77.54,206.13,-1,-1,-1,-1
211,4,478.13,427.21,78.58,203.91,-1,-1,-1,-1
212,4,483.65,434.82,79.10,204.91,-1,-1,-1,-1
213,4,484.45,433.02,82.87,205.43,-1,-1,-1,-1
214,4,490.55,439.04,82.25,206.75,-1,-1,-1,-1
215,4,497.98,432.14,80.93,206.68,-1,-1,-1,-1
216,4,500.04,432.91,81.63,205.71,-1,-1,-1,-1
217,4,504.80,434.01,83.18,207.64,-1,-1,-1,-1
218,4,507.65,434.87,82.97,204.81,-1,-1,-1,-1
219,4,513.37,439.87,82.60,207.30,-1,-1,-1,-1
220,4,518.07,435.31,79.10,203.37,-1,-1,-1,-1
221,4,523.55,435.42,79.37,204.23,-1,-1,-1,-1
222,4,525.24,432.58,81.16,204.93,-1,-1,-1,-1
223,4,530.53,433.99,82.04,205.72,-1,-1,-1,-1
224,4,532.62,432.49,82.92,204.40,-1,-1,-1,-1
225,4,539.04,432.98,82.62,205.97,-1,-1,-1,-1
226,4,545.58,432.43,81.76,205.76,-1,-1,-1,-1
227,4,548.20,433.09,81.27,203.27,-1,-1,-1,-1
228,4,554.45,438.70,80.60,207.63,-1,-1,-1,-1
229,4,557.69,439.70,78.96,206.16,-1,-1,-1,-1
230,4,562.72,435.77,80.47,203.59,-1,-1,-1,-1
231,4,565.26,431.29,79.48,206.70,-1,-1,-1,-1
232,4,570.63,439.15,80.50,207.11,-1,-1,-1,-1
233,4,573.81,431.24,79.97,208.69,-1,-1,-1,-1
234,4,578.62,434.13,80.84,206.60,-1,-1,-1,-1
235,4,585.09,433.05,82.45,205.85,-1,-1,-1,-1
236,4,588.57,439.42,80.01,207.67,-1,-1,-1,-1
237,4,595.51,439.92,77.75,208.15,-1,-1,-1,-1
238,4,599.04,433.22,75.03,205.44,-1,-1,-1,-1
239,4,603.22,432.42,78.85,205.32,-1,-1,-1,-1
240,4,603.48,432.83,82.83,208.34,-1,-1,-1,-1
241,4,610.58,430.86,80.06,209.19,-1,-1,-1,-1
242,4,614.15,438.03,78.53,208.78,-1,-1,-1,-1
243,4,619.19,439.80,80.62,206.27,-1,-1,-1,-1
244,4,622.37,441.12,79.60,204.23,-1,-1,-1,-1
245,4,628.21,438.41,79.30,208.10,-1,-1,-1,-1
246,4,630.40,430.67,78.90,208.67,-1,-1,-1,-1
247,4,634.69,438.68,81.98,208.56,-1,-1,-1,-1
248,4,640.47,440.71,83.51,206.60,-1,-1,-1,-1
249,4,644.63,431.14,80.10,211.48,-1,-1,-1,-1
250,4,649.48,431.83,83.08,206.09,-1,-1,-1,-1
