1,1,1092.57,769.55,80.17,208.38,-1,-1,-1,-1
2,1,1089.90,772.43,82.43,212.19,-1,-1,-1,-1
3,1,1083.42,775.71,82.23,212.78,-1,-1,-1,-1
4,1,1076.73,781.27,81.57,212.40,-1,-1,-1,-1
5,1,1073.82,788.06,82.52,212.94,-1,-1,-1,-1
6,1,1066.96,791.66,81.23,211.68,-1,-1,-1,-1
7,1,1060.57,798.05,80.93,209.51,-1,-1,-1,-1
8,1,1052.88,799.63,81.01,211.08,-1,-1,-1,-1
9,1,1045.62,804.81,78.92,211.11,-1,-1,-1,-1
10,1,1043.08,808.00,79.04,209.55,-1,-1,-1,-1
11,1,1034.16,809.33,81.10,209.01,-1,-1,-1,-1
12,1,1026.89,814.65,79.68,208.39,-1,-1,-1,-1
13,1,1013.90,815.52,78.74,210.19,-1,-1,-1,-1
14,1,1005.42,821.15,78.78,209.68,-1,-1,-1,-1
15,1,996.78,821.49,78.72,210.35,-1,-1,-1,-1
16,1,987.28,822.91,80.57,209.63,-1,-1,-1,-1
17,1,979.31,823.79,80.61,211.56,-1,-1,-1,-1
18,1,965.52,823.99,79.62,210.87,-1,-1,-1,-1
19,1,956.27,828.98,80.31,211.62,-1,-1,-1,-1
20,1,948.37,830.18,80.77,209.67,-1,-1,-1,-1
21,1,940.17,829.45,80.33,211.15,-1,-1,-1,-1
22,1,932.38,830.69,78.33,210.06,-1,-1,-1,-1
23,1,918.28,830.89,77.66,208.88,-1,-1,-1,-1
24,1,912.05,831.28,74.21,208.90,-1,-1,-1,-1
25,1,904.04,831.14,73.77,208.61,-1,-1,-1,-1
26,1,894.27,831.89,75.58,207.24,-1,-1,-1,-1
27,1,885.30,831.55,75.80,209.63,-1,-1,-1,-1
28,1,876.74,831.13,75.81,209.21,-1,-1,-1,-1
29,1,862.93,831.39,75.92,207.12,-1,-1,-1,-1
30,1,854.25,825.90,74.95,208.08,-1,-1,-1,-1
31,1,845.15,824.38,75.68,208.48,-1,-1,-1,-1
32,1,837.05,822.86,75.29,210.31,-1,-1,-1,-1
33,1,823.23,821.17,75.24,211.09,-1,-1,-1,-1
34,1,815.71,815.31,75.07,212.06,-1,-1,-1,-1
35,1,807.28,814.49,75.60,210.03,-1,-1,-1,-1
36,1,797.77,813.21,78.18,210.53,-1,-1,-1,-1
37,1,788.67,806.80,80.54,213.78,-1,-1,-1,-1
38,1,780.91,805.21,80.43,212.37,-1,-1,-1,-1
39,1,772.78,799.97,80.92,211.87,-1,-1,-1,-1
40,1,765.09,797.84,80.67,211.25,-1,-1,-1,-1
41,1,761.63,792.04,82.57,212.58,-1,-1,-1,-1
42,1,754.73,788.75,81.60,214.95,-1,-1,-1,-1
43,1,749.09,783.41,79.70,212.41,-1,-1,-1,-1
44,1,745.63,780.33,81.79,213.31,-1,-1,-1,-1
45,1,739.63,775.47,80.83,211.74,-1,-1,-1,-1
46,1,732.33,772.05,81.33,212.31,-1,-1,-1,-1
47,1,731.01,764.35,80.90,213.88,-1,-1,-1,-1
48,1,724.38,758.13,81.55,214.85,-1,-1,-1,-1
49,1,722.77,754.59,81.18,214.95,-1,-1,-1,-1
50,1,721.57,747.15,82.11,216.39,-1,-1,-1,-1
51,1,716.52,741.89,80.74,213.42,-1,-1,-1,-1
52,1,716.18,735.33,79.93,212.41,-1,-1,-1,-1
53,1,714.69,727.74,80.77,213.10,-1,-1,-1,-1
54,1,714.22,723.38,81.32,213.35,-1,-1,-1,-1
55,1,714.00,716.36,81.80,211.92,-1,-1,-1,-1
56,1,714.30,709.67,81.23,211.12,-1,-1,-1,-1
57,1,714.81,700.95,80.85,212.45,-1,-1,-1,-1
58,1,715.38,693.76,80.16,212.56,-1,-1,-1,-1
59,1,715.10,686.44,82.02,210.50,-1,-1,-1,-1
60,1,716.90,678.93,79.74,210.87,-1,-1,-1,-1
61,1,722.53,669.96,81.05,212.48,-1,-1,-1,-1
62,1,723.18,662.28,81.78,212.92,-1,-1,-1,-1
63,1,728.81,653.51,83.63,213.06,-1,-1,-1,-1
64,1,731.06,647.04,82.18,209.28,-1,-1,-1,-1
65,1,732.74,638.17,81.28,209.61,-1,-1,-1,-1
66,1,739.00,630.87,82.73,209.47,-1,-1,-1,-1
67,1,745.54,622.68,83.43,207.60,-1,-1,-1,-1
68,1,753.55,613.38,82.94,209.91,-1,-1,-1,-1
69,1,756.46,601.03,81.35,210.39,-1,-1,-1,-1
70,1,762.07,592.66,83.79,209.32,-1,-1,-1,-1
71,1,770.86,585.35,82.08,206.56,-1,-1,-1,-1
72,1,778.04,576.69,83.20,206.63,-1,-1,-1,-1
73,1,786.81,567.74,81.78,207.67,-1,-1,-1,-1
74,1,793.78,558.24,84.09,207.85,-1,-1,-1,-1
75,1,804.32,547.83,79.79,204.70,-1,-1,-1,-1
76,1,812.31,538.64,79.79,205.08,-1,-1,-1,-1
77,1,819.78,529.28,81.40,205.21,-1,-1,-1,-1
78,1,827.75,520.71,82.32,204.51,-1,-1,-1,-1
79,1,836.24,512.31,82.31,203.82,-1,-1,-1,-1
80,1,849.71,500.01,82.19,204.43,-1,-1,-1,-1
81,1,858.91,492.09,81.35,202.55,-1,-1,-1,-1
82,1,866.29,480.60,83.37,205.04,-1,-1,-1,-1
83,1,875.01,470.33,83.81,208.18,-1,-1,-1,-1
84,1,884.77,458.97,81.22,204.78,-1,-1,-1,-1
85,1,898.23,449.90,82.37,204.72,-1,-1,-1,-1
86,1,907.31,440.95,81.96,205.16,-1,-1,-1,-1
87,1,914.89,432.24,83.58,205.30,-1,-1,-1,-1
88,1,925.14,418.08,80.48,206.64,-1,-1,-1,-1
89,1,937.44,406.19,82.55,210.50,-1,-1,-1,-1
90,1,946.79,392.18,82.05,211.72,-1,-1,-1,-1
91,1,955.25,384.20,82.64,208.63,-1,-1,-1,-1
92,1,964.37,375.38,81.58,210.04,-1,-1,-1,-1
93,1,975.86,365.94,86.49,210.27,-1,-1,-1,-1
94,1,982.26,357.81,90.67,209.21,-1,-1,-1,-1
95,1,991.31,344.58,89.15,209.82,-1,-1,-1,-1
96,1,998.92,335.45,90.40,210.12,-1,-1,-1,-1
97,1,1006.96,327.37,90.67,208.96,-1,-1,-1,-1
98,1,1014.32,317.87,91.21,210.20,-1,-1,-1,-1
99,1,1022.30,308.13,91.60,212.98,-1,-1,-1,-1
100,1,1030.16,300.98,91.60,210.55,-1,-1,-1,-1
101,1,1039.71,287.05,88.55,212.91,-1,-1,-1,-1
102,1,1046.13,278.67,89.84,212.11,-1,-1,-1,-1
103,1,1055.01,269.07,88.49,213.21,-1,-1,-1,-1
104,1,1057.27,261.08,88.40,212.33,-1,-1,-1,-1
105,1,1064.83,252.27,88.57,213.16,-1,-1,-1,-1
106,1,1071.12,242.42,89.28,215.63,-1,-1,-1,-1
107,1,1073.35,236.18,88.28,211.52,-1,-1,-1,-1
108,1,1081.83,223.94,85.63,211.58,-1,-1,-1,-1
109,1,1091.20,215.49,81.18,213.34,-1,-1,-1,-1
110,1,1097.95,207.54,81.13,213.26,-1,-1,-1,-1
111,1,1098.63,199.23,81.75,214.29,-1,-1,-1,-1
112,1,1102.00,190.92,79.30,214.60,-1,-1,-1,-1
113,1,1101.59,184.10,80.81,212.51,-1,-1,-1,-1
114,1,1106.28,174.78,81.38,215.28,-1,-1,-1,-1
115,1,1107.68,170.56,80.99,214.07,-1,-1,-1,-1
116,1,1108.26,163.01,81.69,213.52,-1,-1,-1,-1
117,1,1107.79,155.79,83.00,212.22,-1,-1,-1,-1
118,1,1107.63,147.54,82.97,213.19,-1,-1,-1,-1
119,1,1108.18,140.13,82.64,213.45,-1,-1,-1,-1
120,1,1107.62,133.02,82.68,214.32,-1,-1,-1,-1
121,1,1107.91,127.09,81.71,212.58,-1,-1,-1,-1
122,1,1105.88,120.61,82.70,211.64,-1,-1,-1,-1
123,1,1104.85,115.16,84.01,213.60,-1,-1,-1,-1
124,1,1097.85,109.30,87.36,211.28,-1,-1,-1,-1
125,1,1094.53,102.90,88.54,211.94,-1,-1,-1,-1
126,1,1088.69,100.40,88.81,209.76,-1,-1,-1,-1
127,1,1086.09,94.10,89.62,209.48,-1,-1,-1,-1
128,1,1079.45,87.01,89.74,212.38,-1,-1,-1,-1
129,1,1072.87,84.77,89.57,209.99,-1,-1,-1,-1
130,1,1070.01,77.85,90.01,210.92,-1,-1,-1,-1
131,1,1063.71,73.46,88.82,210.18,-1,-1,-1,-1
132,1,1056.26,69.53,89.06,211.30,-1,-1,-1,-1
133,1,1049.32,68.94,88.09,209.28,-1,-1,-1,-1
134,1,1041.29,61.71,89.16,211.00,-1,-1,-1,-1
135,1,1036.83,55.81,91.39,213.10,-1,-1,-1,-1
136,1,1029.48,53.00,90.46,214.73,-1,-1,-1,-1
137,1,1020.89,51.45,91.52,213.59,-1,-1,-1,-1
138,1,1010.01,46.78,87.77,212.38,-1,-1,-1,-1
139,1,1001.42,46.16,88.16,209.18,-1,-1,-1,-1
140,1,992.16,45.07,89.12,209.15,-1,-1,-1,-1
141,1,983.39,39.83,89.33,211.45,-1,-1,-1,-1
142,1,975.66,38.53,88.42,210.60,-1,-1,-1,-1
143,1,966.84,37.85,88.67,210.79,-1,-1,-1,-1
144,1,957.83,36.62,89.39,211.53,-1,-1,-1,-1
145,1,945.42,37.55,87.89,208.54,-1,-1,-1,-1
146,1,936.85,31.79,88.34,212.13,-1,-1,-1,-1
147,1,927.70,32.18,87.79,211.74,-1,-1,-1,-1
148,1,918.20,31.85,89.42,212.77,-1,-1,-1,-1
149,1,910.62,31.78,88.25,212.45,-1,-1,-1,-1
150,1,898.76,32.62,85.80,210.77,-1,-1,-1,-1
151,1,890.24,31.55,84.86,212.86,-1,-1,-1,-1
152,1,879.34,31.10,89.10,213.09,-1,-1,-1,-1
153,1,870.38,35.62,88.44,212.94,-1,-1,-1,-1
154,1,860.91,36.39,91.24,212.28,-1,-1,-1,-1
155,1,848.27,36.54,89.18,212.79,-1,-1,-1,-1
156,1,839.11,37.78,90.08,213.91,-1,-1,-1,-1
157,1,830.56,38.87,90.28,213.60,-1,-1,-1,-1
158,1,821.73,43.07,89.74,213.21,-1,-1,-1,-1
159,1,814.77,44.53,88.70,213.10,-1,-1,-1,-1
160,1,802.19,47.09,87.54,211.41,-1,-1,-1,-1
161,1,793.09,51.74,88.24,212.34,-1,-1,-1,-1
162,1,785.28,52.82,88.62,214.90,-1,-1,-1,-1
163,1,776.99,54.93,89.15,214.31,-1,-1,-1,-1
164,1,769.42,62.23,88.14,210.88,-1,-1,-1,-1
165,1,762.57,68.63,85.89,209.81,-1,-1,-1,-1
166,1,760.74,70.19,83.52,210.89,-1,-1,-1,-1
167,1,752.49,74.52,85.45,213.53,-1,-1,-1,-1
168,1,745.51,78.70,87.45,211.83,-1,-1,-1,-1
169,1,738.24,83.61,86.75,212.26,-1,-1,-1,-1
170,1,734.36,86.46,88.51,213.37,-1,-1,-1,-1
171,1,728.72,93.38,88.05,211.95,-1,-1,-1,-1
172,1,726.20,99.45,89.43,212.78,-1,-1,-1,-1
173,1,721.13,103.79,87.33,213.89,-1,-1,-1,-1
174,1,719.11,109.91,88.21,212.63,-1,-1,-1,-1
175,1,718.34,115.33,88.28,215.20,-1,-1,-1,-1
176,1,712.77,122.95,88.20,213.67,-1,-1,-1,-1
177,1,712.85,128.07,87.27,212.20,-1,-1,-1,-1
178,1,711.28,135.05,87.43,211.86,-1,-1,-1,-1
179,1,712.30,141.67,85.35,213.79,-1,-1,-1,-1
180,1,711.93,147.68,85.11,214.99,-1,-1,-1,-1
181,1,711.65,154.82,86.37,215.91,-1,-1,-1,-1
182,1,712.29,162.71,85.30,215.81,-1,-1,-1,-1
183,1,711.95,170.76,86.49,214.94,-1,-1,-1,-1
184,1,713.15,178.05,86.13,215.79,-1,-1,-1,-1
185,1,713.92,186.86,86.19,213.83,-1,-1,-1,-1
186,1,720.45,194.43,84.44,215.68,-1,-1,-1,-1
187,1,721.31,203.05,84.82,213.66,-1,-1,-1,-1
188,1,722.56,210.52,84.85,214.49,-1,-1,-1,-1
189,1,727.87,221.15,86.34,209.37,-1,-1,-1,-1
190,1,730.39,229.58,85.04,208.37,-1,-1,-1,-1
191,1,739.73,237.11,80.01,210.44,-1,-1,-1,-1
192,1,746.09,245.94,80.83,209.93,-1,-1,-1,-1
193,1,748.89,255.00,81.56,207.98,-1,-1,-1,-1
194,1,755.44,262.52,81.02,210.49,-1,-1,-1,-1
195,1,762.35,272.16,82.76,209.00,-1,-1,-1,-1
196,1,770.53,285.78,82.17,207.75,-1,-1,-1,-1
197,1,777.11,293.72,84.21,208.71,-1,-1,-1,-1
198,1,785.34,302.25,83.92,208.50,-1,-1,-1,-1
199,1,793.25,311.63,83.85,207.72,-1,-1,-1,-1
200,1,801.28,319.93,84.95,208.31,-1,-1,-1,-1
201,1,809.69,328.95,83.66,209.04,-1,-1,-1,-1
202,1,817.82,341.65,84.84,208.39,-1,-1,-1,-1
203,1,827.17,351.82,84.59,205.88,-1,-1,-1,-1
204,1,840.26,360.03,84.70,206.15,-1,-1,-1,-1
205,1,849.17,368.40,83.34,209.11,-1,-1,-1,-1
206,1,859.36,377.81,80.65,208.10,-1,-1,-1,-1
207,1,866.42,389.54,82.88,209.21,-1,-1,-1,-1
208,1,875.97,399.11,82.95,208.94,-1,-1,-1,-1
209,1,890.81,409.91,79.67,206.28,-1,-1,-1,-1
210,1,899.08,423.64,80.72,205.98,-1,-1,-1,-1
211,1,907.52,434.30,81.58,202.04,-1,-1,-1,-1
212,1,916.40,440.93,81.21,204.18,-1,-1,-1,-1
213,1,924.64,450.94,81.54,203.94,-1,-1,-1,-1
214,1,937.38,463.71,82.24,204.80,-1,-1,-1,-1
215,1,946.59,473.21,82.32,204.49,-1,-1,-1,-1
216,1,955.51,483.20,82.18,202.86,-1,-1,-1,-1
217,1,965.32,492.38,79.90,202.64,-1,-1,-1,-1
218,1,974.56,505.04,78.41,202.15,-1,-1,-1,-1
219,1,987.50,513.16,80.44,203.13,-1,-1,-1,-1
220,1,995.49,521.27,80.54,204.79,-1,-1,-1,-1
221,1,1003.77,531.13,80.52,204.31,-1,-1,-1,-1
222,1,1011.66,544.05,81.84,203.25,-1,-1,-1,-1
223,1,1020.06,553.21,80.46,202.43,-1,-1,-1,-1
224,1,1027.97,561.28,80.88,203.32,-1,-1,-1,-1
225,1,1035.35,569.82,80.90,204.91,-1,-1,-1,-1
226,1,1043.96,578.60,80.55,205.14,-1,-1,-1,-1
227,1,1050.92,587.33,82.26,205.76,-1,-1,-1,-1
228,1,1058.47,598.23,81.91,207.55,-1,-1,-1,-1
229,1,1065.35,606.96,82.13,206.35,-1,-1,-1,-1
230,1,1073.54,614.08,82.14,209.62,-1,-1,-1,-1
231,1,1076.75,621.56,80.17,209.65,-1,-1,-1,-1
232,1,1083.21,631.22,80.34,209.53,-1,-1,-1,-1
233,1,1083.99,639.87,82.97,208.44,-1,-1,-1,-1
234,1,1090.26,647.91,83.11,209.68,-1,-1,-1,-1
235,1,1097.35,654.48,81.97,211.69,-1,-1,-1,-1
236,1,1099.46,664.65,80.66,210.06,-1,-1,-1,-1
237,1,1100.72,671.36,81.57,211.56,-1,-1,-1,-1
238,1,1106.08,680.49,81.36,210.08,-1,-1,-1,-1
239,1,1107.34,687.74,81.20,211.18,-1,-1,-1,-1
240,1,1107.77,695.63,81.75,210.34,-1,-1,-1,-1
241,1,1108.51,702.93,81.89,209.64,-1,-1,-1,-1
242,1,1108.99,710.05,81.12,210.84,-1,-1,-1,-1
243,1,1108.44,717.35,82.06,210.06,-1,-1,-1,-1
244,1,1108.53,723.85,81.76,212.98,-1,-1,-1,-1
245,1,1108.19,732.85,82.64,210.37,-1,-1,-1,-1
246,1,1108.17,736.15,81.72,211.93,-1,-1,-1,-1
247,1,1107.24,742.57,81.13,214.03,-1,-1,-1,-1
248,1,1105.83,748.18,82.60,214.75,-1,-1,-1,-1
249,1,1099.79,755.76,82.73,213.34,-1,-1,-1,-1
250,1,1097.63,760.40,82.67,211.78,-1,-1,-1,-1
1,2,919.85,433.35,88.11,205.98,-1,-1,-1,-1
2,2,927.68,437.46,87.36,212.74,-1,-1,-1,-1
3,2,936.61,446.30,87.19,212.02,-1,-1,-1,-1
4,2,946.14,453.47,85.21,214.90,-1,-1,-1,-1
5,2,954.01,467.78,85.81,214.94,-1,-1,-1,-1
6,2,966.42,478.97,89.21,211.86,-1,-1,-1,-1
7,2,977.21,491.99,86.23,214.37,-1,-1,-1,-1
8,2,984.68,502.67,87.33,209.56,-1,-1,-1,-1
9,2,992.33,512.84,88.86,207.25,-1,-1,-1,-1
10,2,1007.23,518.52,88.00,213.55,-1,-1,-1,-1
11,2,1016.10,528.44,87.16,210.10,-1,-1,-1,-1
12,2,1024.69,541.14,86.18,211.81,-1,-1,-1,-1
13,2,1031.74,549.03,87.92,214.48,-1,-1,-1,-1
14,2,1039.82,556.80,88.54,214.86,-1,-1,-1,-1
15,2,1048.54,566.64,86.80,211.89,-1,-1,-1,-1
16,2,1056.30,582.43,87.25,208.51,-1,-1,-1,-1
17,2,1063.86,588.95,87.20,212.38,-1,-1,-1,-1
18,2,1071.01,595.09,88.35,217.56,-1,-1,-1,-1
19,2,1080.11,606.20,85.81,212.56,-1,-1,-1,-1
20,2,1086.61,613.96,88.60,213.93,-1,-1,-1,-1
21,2,1088.22,620.14,88.43,217.88,-1,-1,-1,-1
22,2,1095.56,630.22,87.55,213.79,-1,-1,-1,-1
23,2,1102.28,636.86,89.42,218.51,-1,-1,-1,-1
24,2,1103.10,644.59,91.10,219.48,-1,-1,-1,-1
25,2,1110.56,653.23,89.14,216.52,-1,-1,-1,-1
26,2,1111.53,662.93,89.45,213.45,-1,-1,-1,-1
27,2,1118.70,669.21,88.63,216.85,-1,-1,-1,-1
28,2,1118.44,676.71,89.98,218.61,-1,-1,-1,-1
29,2,1118.95,684.52,89.89,218.33,-1,-1,-1,-1
30,2,1119.06,694.64,89.90,213.62,-1,-1,-1,-1
31,2,1119.59,700.76,90.97,217.02,-1,-1,-1,-1
32,2,1118.94,708.03,92.22,218.75,-1,-1,-1,-1
33,2,1116.68,715.03,96.45,219.55,-1,-1,-1,-1
34,2,1117.25,724.26,95.50,215.82,-1,-1,-1,-1
35,2,1116.60,732.80,95.49,212.64,-1,-1,-1,-1
36,2,1116.06,732.26,95.74,220.82,-1,-1,-1,-1
37,2,1115.84,738.46,94.71,221.05,-1,-1,-1,-1
38,2,1108.76,745.54,96.71,220.64,-1,-1,-1,-1
39,2,1109.14,754.24,94.48,217.99,-1,-1,-1,-1
40,2,1108.30,761.82,94.29,218.23,-1,-1,-1,-1
41,2,1099.80,761.57,97.21,222.74,-1,-1,-1,-1
42,2,1092.26,768.82,97.39,224.23,-1,-1,-1,-1
43,2,1091.65,776.66,95.35,221.20,-1,-1,-1,-1
44,2,1083.69,775.82,97.55,226.24,-1,-1,-1,-1
45,2,1076.73,787.09,96.77,217.00,-1,-1,-1,-1
46,2,1075.89,789.76,95.18,214.97,-1,-1,-1,-1
47,2,1068.70,796.45,93.98,212.61,-1,-1,-1,-1
48,2,1059.42,798.59,97.27,213.18,-1,-1,-1,-1
49,2,1051.87,803.88,97.52,214.82,-1,-1,-1,-1
50,2,1043.07,804.49,98.42,217.35,-1,-1,-1,-1
51,2,1036.34,812.75,96.28,211.27,-1,-1,-1,-1
52,2,1027.65,811.60,97.09,215.73,-1,-1,-1,-1
53,2,1020.05,811.69,96.20,218.83,-1,-1,-1,-1
54,2,1013.68,820.65,93.35,212.64,-1,-1,-1,-1
55,2,1005.40,819.46,92.94,216.02,-1,-1,-1,-1
56,2,996.99,820.49,93.07,215.85,-1,-1,-1,-1
57,2,989.24,820.54,92.22,217.16,-1,-1,-1,-1
58,2,980.50,828.31,93.41,212.83,-1,-1,-1,-1
59,2,966.24,828.82,92.36,212.62,-1,-1,-1,-1
60,2,957.70,828.33,92.86,213.27,-1,-1,-1,-1
61,2,948.78,831.35,94.29,210.15,-1,-1,-1,-1
62,2,940.29,828.58,93.81,215.80,-1,-1,-1,-1
63,2,925.46,829.17,93.81,213.66,-1,-1,-1,-1
64,2,917.05,830.11,94.68,212.04,-1,-1,-1,-1
65,2,909.36,828.86,92.82,216.27,-1,-1,-1,-1
66,2,899.51,828.28,95.65,218.84,-1,-1,-1,-1
67,2,884.98,829.26,95.26,211.93,-1,-1,-1,-1
68,2,876.70,828.03,95.11,214.51,-1,-1,-1,-1
69,2,867.83,819.88,95.90,219.94,-1,-1,-1,-1
70,2,853.42,821.21,94.49,215.04,-1,-1,-1,-1
71,2,845.24,819.95,95.22,217.57,-1,-1,-1,-1
72,2,836.23,820.39,95.65,214.42,-1,-1,-1,-1
73,2,828.10,818.96,96.55,216.84,-1,-1,-1,-1
74,2,819.28,813.55,97.19,215.54,-1,-1,-1,-1
75,2,812.08,811.00,95.77,217.29,-1,-1,-1,-1
76,2,802.95,811.35,97.60,215.48,-1,-1,-1,-1
77,2,795.71,803.71,96.24,218.13,-1,-1,-1,-1
78,2,787.54,802.82,96.32,216.81,-1,-1,-1,-1
79,2,781.07,794.35,94.47,221.42,-1,-1,-1,-1
80,2,772.85,796.26,94.71,213.91,-1,-1,-1,-1
81,2,764.75,785.84,96.13,221.64,-1,-1,-1,-1
82,2,756.79,786.05,96.37,218.17,-1,-1,-1,-1
83,2,756.39,779.70,94.43,217.08,-1,-1,-1,-1
84,2,749.75,770.40,93.76,221.54,-1,-1,-1,-1
85,2,740.49,768.85,96.81,221.72,-1,-1,-1,-1
86,2,740.39,763.37,95.28,219.62,-1,-1,-1,-1
87,2,740.44,762.05,93.44,217.51,-1,-1,-1,-1
88,2,733.30,754.10,94.28,220.15,-1,-1,-1,-1
89,2,732.54,745.76,93.87,222.11,-1,-1,-1,-1
90,2,725.25,744.17,95.01,221.58,-1,-1,-1,-1
91,2,724.97,735.24,94.99,227.38,-1,-1,-1,-1
92,2,724.79,729.33,94.74,223.09,-1,-1,-1,-1
93,2,723.84,726.22,95.55,225.31,-1,-1,-1,-1
94,2,723.97,718.21,94.90,226.48,-1,-1,-1,-1
95,2,723.96,711.14,94.54,225.21,-1,-1,-1,-1
96,2,723.51,701.70,95.33,229.02,-1,-1,-1,-1
97,2,723.69,697.26,95.62,220.31,-1,-1,-1,-1
98,2,724.01,688.56,95.84,222.40,-1,-1,-1,-1
99,2,725.13,681.51,94.66,220.51,-1,-1,-1,-1
100,2,724.89,673.47,96.12,221.46,-1,-1,-1,-1
101,2,731.81,665.81,94.51,219.25,-1,-1,-1,-1
102,2,732.65,659.61,95.86,217.02,-1,-1,-1,-1
103,2,739.41,651.08,95.09,217.03,-1,-1,-1,-1
104,2,739.74,644.47,96.98,215.05,-1,-1,-1,-1
105,2,740.54,636.66,97.14,213.32,-1,-1,-1,-1
106,2,748.61,627.52,95.36,216.12,-1,-1,-1,-1
107,2,756.11,619.94,94.50,214.17,-1,-1,-1,-1
108,2,764.16,606.40,93.65,213.82,-1,-1,-1,-1
109,2,765.72,599.31,94.34,212.30,-1,-1,-1,-1
110,2,773.21,590.05,93.32,213.72,-1,-1,-1,-1
111,2,780.91,580.82,93.73,217.28,-1,-1,-1,-1
112,2,788.94,574.81,93.42,211.51,-1,-1,-1,-1
113,2,795.96,564.36,95.15,214.68,-1,-1,-1,-1
114,2,804.13,556.22,94.35,213.73,-1,-1,-1,-1
115,2,812.36,544.87,93.99,222.85,-1,-1,-1,-1
116,2,820.81,534.32,93.73,214.23,-1,-1,-1,-1
117,2,828.39,526.69,94.66,211.59,-1,-1,-1,-1
118,2,835.41,517.72,96.57,210.58,-1,-1,-1,-1
119,2,844.47,508.99,96.14,212.45,-1,-1,-1,-1
120,2,854.19,496.31,93.69,209.71,-1,-1,-1,-1
121,2,863.47,486.24,91.31,212.32,-1,-1,-1,-1
122,2,877.67,478.05,91.86,210.58,-1,-1,-1,-1
123,2,886.50,464.84,90.37,208.81,-1,-1,-1,-1
124,2,894.67,457.16,91.44,206.91,-1,-1,-1,-1
125,2,903.28,447.00,91.86,209.18,-1,-1,-1,-1
126,2,917.18,439.03,92.00,208.26,-1,-1,-1,-1
127,2,925.37,421.65,92.82,214.04,-1,-1,-1,-1
128,2,931.34,400.16,96.57,223.93,-1,-1,-1,-1
129,2,939.70,391.97,97.71,224.08,-1,-1,-1,-1
130,2,947.38,384.10,99.09,223.71,-1,-1,-1,-1
131,2,958.72,367.81,105.18,224.91,-1,-1,-1,-1
132,2,968.67,362.37,103.22,221.05,-1,-1,-1,-1
133,2,976.28,353.09,103.99,222.43,-1,-1,-1,-1
134,2,984.75,345.56,103.99,221.31,-1,-1,-1,-1
135,2,998.78,337.74,105.30,220.06,-1,-1,-1,-1
136,2,1007.45,329.74,104.31,219.31,-1,-1,-1,-1
137,2,1014.50,320.95,106.19,220.58,-1,-1,-1,-1
138,2,1020.98,305.52,109.05,223.78,-1,-1,-1,-1
139,2,1028.19,297.47,111.61,223.03,-1,-1,-1,-1
140,2,1036.60,288.85,110.08,223.99,-1,-1,-1,-1
141,2,1046.08,282.14,106.89,218.68,-1,-1,-1,-1
142,2,1056.89,274.60,101.74,217.68,-1,-1,-1,-1
143,2,1065.01,265.58,101.61,219.00,-1,-1,-1,-1
144,2,1072.38,258.03,102.17,218.10,-1,-1,-1,-1
145,2,1072.68,251.19,104.61,215.69,-1,-1,-1,-1
146,2,1081.21,234.87,100.52,220.40,-1,-1,-1,-1
147,2,1087.84,226.64,103.00,220.64,-1,-1,-1,-1
148,2,1090.08,218.88,101.68,216.82,-1,-1,-1,-1
149,2,1097.34,211.97,100.98,216.61,-1,-1,-1,-1
150,2,1099.19,202.89,99.17,219.48,-1,-1,-1,-1
151,2,1105.71,193.21,99.15,224.76,-1,-1,-1,-1
152,2,1107.50,184.93,97.75,223.26,-1,-1,-1,-1
153,2,1109.79,177.76,94.60,222.51,-1,-1,-1,-1
154,2,1116.18,169.49,94.11,221.90,-1,-1,-1,-1
155,2,1115.45,161.70,96.18,222.64,-1,-1,-1,-1
156,2,1117.08,156.44,94.52,217.95,-1,-1,-1,-1
157,2,1116.93,154.64,95.43,215.22,-1,-1,-1,-1
158,2,1116.42,147.58,96.23,213.49,-1,-1,-1,-1
159,2,1116.66,139.64,95.88,215.29,-1,-1,-1,-1
160,2,1115.78,132.69,97.00,215.75,-1,-1,-1,-1
161,2,1115.87,125.53,94.92,213.41,-1,-1,-1,-1
162,2,1114.47,124.54,96.11,211.13,-1,-1,-1,-1
163,2,1108.37,117.82,97.61,209.88,-1,-1,-1,-1
164,2,1107.39,109.81,96.88,210.52,-1,-1,-1,-1
165,2,1106.93,102.74,95.68,213.22,-1,-1,-1,-1
166,2,1099.29,96.86,97.21,209.98,-1,-1,-1,-1
167,2,1092.37,93.18,97.18,211.34,-1,-1,-1,-1
168,2,1090.35,87.91,98.08,210.44,-1,-1,-1,-1
169,2,1083.65,86.36,98.06,208.17,-1,-1,-1,-1
170,2,1076.60,80.40,96.26,208.18,-1,-1,-1,-1
171,2,1075.60,79.38,95.51,206.49,-1,-1,-1,-1
172,2,1067.15,70.67,97.18,209.64,-1,-1,-1,-1
173,2,1060.33,65.48,95.61,206.55,-1,-1,-1,-1
174,2,1053.23,65.46,94.66,205.78,-1,-1,-1,-1
175,2,1045.49,64.18,94.04,204.56,-1,-1,-1,-1
176,2,1036.25,56.81,97.09,208.06,-1,-1,-1,-1
177,2,1028.33,55.52,96.21,206.85,-1,-1,-1,-1
178,2,1019.10,49.36,96.81,207.53,-1,-1,-1,-1
179,2,1011.49,49.53,96.00,204.36,-1,-1,-1,-1
180,2,998.25,48.55,94.78,204.66,-1,-1,-1,-1
181,2,995.04,47.91,94.95,204.77,-1,-1,-1,-1
182,2,983.02,41.40,92.61,207.29,-1,-1,-1,-1
183,2,975.58,43.75,90.84,202.29,-1,-1,-1,-1
184,2,965.91,40.59,91.79,206.50,-1,-1,-1,-1
185,2,958.23,40.21,90.22,204.65,-1,-1,-1,-1
186,2,950.51,42.49,90.21,200.92,-1,-1,-1,-1
187,2,935.71,41.28,90.52,202.79,-1,-1,-1,-1
188,2,927.12,41.56,90.75,202.22,-1,-1,-1,-1
189,2,918.98,44.26,90.66,198.00,-1,-1,-1,-1
190,2,909.28,41.78,91.80,202.07,-1,-1,-1,-1
191,2,896.29,42.05,90.40,202.01,-1,-1,-1,-1
192,2,887.68,43.72,90.60,200.39,-1,-1,-1,-1
193,2,877.90,41.30,92.64,206.91,-1,-1,-1,-1
194,2,869.25,40.02,92.65,209.69,-1,-1,-1,-1
195,2,855.39,47.04,90.86,207.59,-1,-1,-1,-1
196,2,847.26,44.96,91.85,212.43,-1,-1,-1,-1
197,2,838.49,46.31,91.62,210.21,-1,-1,-1,-1
198,2,831.11,46.48,91.15,211.49,-1,-1,-1,-1
199,2,823.38,45.38,89.61,215.04,-1,-1,-1,-1
200,2,814.84,45.76,90.07,214.39,-1,-1,-1,-1
201,2,806.16,51.68,91.24,217.59,-1,-1,-1,-1
202,2,798.97,61.06,89.54,211.43,-1,-1,-1,-1
203,2,791.04,65.92,90.66,205.20,-1,-1,-1,-1
204,2,782.47,64.12,91.32,210.28,-1,-1,-1,-1
205,2,774.66,71.12,91.59,207.80,-1,-1,-1,-1
206,2,766.14,78.71,93.74,207.71,-1,-1,-1,-1
207,2,759.08,80.16,91.23,207.65,-1,-1,-1,-1
208,2,757.53,80.34,91.73,210.09,-1,-1,-1,-1
209,2,750.65,85.54,91.63,210.79,-1,-1,-1,-1
210,2,743.09,92.22,91.61,212.13,-1,-1,-1,-1
211,2,741.35,95.91,92.29,210.05,-1,-1,-1,-1
212,2,733.06,100.85,96.04,212.74,-1,-1,-1,-1
213,2,731.45,107.22,95.52,214.85,-1,-1,-1,-1
214,2,725.80,110.89,94.96,212.38,-1,-1,-1,-1
215,2,725.28,117.94,93.48,212.30,-1,-1,-1,-1
216,2,724.14,125.33,94.20,210.95,-1,-1,-1,-1
217,2,724.24,132.02,92.23,213.52,-1,-1,-1,-1
218,2,718.48,138.06,93.97,216.38,-1,-1,-1,-1
219,2,718.10,141.02,94.44,215.38,-1,-1,-1,-1
220,2,718.77,148.27,93.44,217.47,-1,-1,-1,-1
221,2,718.49,158.16,93.46,212.88,-1,-1,-1,-1
222,2,717.78,162.57,95.33,218.29,-1,-1,-1,-1
223,2,723.74,169.94,93.60,219.97,-1,-1,-1,-1
224,2,724.05,176.91,94.31,221.74,-1,-1,-1,-1
225,2,724.69,186.21,94.33,219.71,-1,-1,-1,-1
226,2,725.51,192.54,94.04,222.50,-1,-1,-1,-1
227,2,725.89,201.68,94.20,219.58,-1,-1,-1,-1
228,2,732.60,210.08,94.06,218.32,-1,-1,-1,-1
229,2,739.90,213.07,94.45,217.13,-1,-1,-1,-1
230,2,741.64,226.00,94.38,217.36,-1,-1,-1,-1
231,2,748.79,234.09,93.89,217.65,-1,-1,-1,-1
232,2,756.33,244.77,94.38,213.93,-1,-1,-1,-1
233,2,757.19,251.92,94.74,216.75,-1,-1,-1,-1
234,2,764.67,256.85,94.91,222.13,-1,-1,-1,-1
235,2,773.07,267.49,93.49,217.76,-1,-1,-1,-1
236,2,780.97,272.47,93.86,223.72,-1,-1,-1,-1
237,2,787.68,292.39,96.30,213.35,-1,-1,-1,-1
238,2,794.21,299.88,98.17,214.64,-1,-1,-1,-1
239,2,803.37,308.58,96.35,215.47,-1,-1,-1,-1
240,2,810.57,313.41,97.69,220.86,-1,-1,-1,-1
241,2,819.30,322.35,96.94,220.43,-1,-1,-1,-1
242,2,827.89,327.89,95.48,225.27,-1,-1,-1,-1
243,2,836.29,335.89,95.03,225.89,-1,-1,-1,-1
244,2,844.17,343.63,96.86,226.70,-1,-1,-1,-1
245,2,853.23,348.84,94.41,231.62,-1,-1,-1,-1
246,2,860.02,365.59,97.69,227.58,-1,-1,-1,-1
247,2,874.29,370.24,97.91,234.82,-1,-1,-1,-1
248,2,882.26,381.14,98.72,230.58,-1,-1,-1,-1
249,2,889.48,386.51,100.49,235.94,-1,-1,-1,-1
250,2,899.94,406.68,96.52,225.80,-1,-1,-1,-1
