1,1,919.04,433.18,89.34,206.03,-1,-1,-1,-1
2,1,920.04,433.02,90.50,207.86,-1,-1,-1,-1
3,1,927.21,436.15,90.26,213.49,-1,-1,-1,-1
4,1,935.21,439.89,92.16,207.92,-1,-1,-1,-1
5,1,944.30,440.01,89.62,208.33,-1,-1,-1,-1
6,1,952.18,442.47,89.64,204.77,-1,-1,-1,-1
7,1,960.47,447.97,89.90,205.63,-1,-1,-1,-1
8,1,966.71,448.17,90.48,206.07,-1,-1,-1,-1
9,1,975.62,450.55,89.68,203.61,-1,-1,-1,-1
10,1,983.95,450.80,90.21,204.72,-1,-1,-1,-1
11,1,991.99,454.62,88.91,209.09,-1,-1,-1,-1
12,1,999.67,455.64,90.03,208.27,-1,-1,-1,-1
13,1,1007.84,455.18,88.90,210.32,-1,-1,-1,-1
14,1,1015.20,456.40,87.83,209.68,-1,-1,-1,-1
15,1,1016.75,455.23,88.37,211.45,-1,-1,-1,-1
16,1,1031.02,464.40,88.02,205.99,-1,-1,-1,-1
17,1,1039.35,463.12,87.68,210.32,-1,-1,-1,-1
18,1,1040.89,462.40,88.13,212.97,-1,-1,-1,-1
19,1,1047.52,470.37,89.10,210.36,-1,-1,-1,-1
20,1,1055.39,471.93,89.68,208.70,-1,-1,-1,-1
21,1,1063.07,472.15,89.56,209.98,-1,-1,-1,-1
22,1,1071.08,476.21,87.51,213.47,-1,-1,-1,-1
23,1,1073.18,478.66,88.97,209.71,-1,-1,-1,-1
24,1,1079.88,479.89,90.24,207.74,-1,-1,-1,-1
25,1,1087.39,480.26,90.57,209.31,-1,-1,-1,-1
26,1,1095.08,484.12,90.37,213.45,-1,-1,-1,-1
27,1,1102.50,484.81,88.85,215.66,-1,-1,-1,-1
28,1,1110.17,486.82,88.55,212.98,-1,-1,-1,-1
29,1,1111.47,490.70,87.94,217.50,-1,-1,-1,-1
30,1,1112.30,494.28,90.45,210.54,-1,-1,-1,-1
31,1,1119.41,495.29,91.23,210.16,-1,-1,-1,-1
32,1,1128.03,493.96,90.07,212.53,-1,-1,-1,-1
33,1,1135.26,497.86,90.60,218.43,-1,-1,-1,-1
34,1,1137.21,499.03,88.14,219.17,-1,-1,-1,-1
35,1,1142.75,504.07,92.09,208.14,-1,-1,-1,-1
36,1,1150.94,503.18,88.01,212.45,-1,-1,-1,-1
37,1,1152.13,504.87,89.76,209.15,-1,-1,-1,-1
38,1,1158.64,510.09,89.49,210.75,-1,-1,-1,-1
39,1,1159.53,510.26,89.97,211.92,-1,-1,-1,-1
40,1,1166.08,511.95,89.63,209.13,-1,-1,-1,-1
41,1,1168.61,513.97,89.86,206.44,-1,-1,-1,-1
42,1,1174.36,518.03,90.76,209.55,-1,-1,-1,-1
43,1,1182.13,519.53,89.83,211.03,-1,-1,-1,-1
44,1,1183.94,519.87,89.45,211.25,-1,-1,-1,-1
45,1,1184.24,524.57,88.25,211.87,-1,-1,-1,-1
46,1,1191.04,527.19,87.53,209.06,-1,-1,-1,-1
47,1,1192.14,527.00,89.57,209.38,-1,-1,-1,-1
48,1,1199.01,526.78,88.34,212.01,-1,-1,-1,-1
49,1,1201.15,529.41,87.84,220.24,-1,-1,-1,-1
50,1,1207.75,531.57,86.41,231.90,-1,-1,-1,-1
51,1,1207.92,533.77,89.07,214.30,-1,-1,-1,-1
52,1,1210.18,536.91,86.53,220.79,-1,-1,-1,-1
53,1,1215.73,538.77,86.79,217.94,-1,-1,-1,-1
54,1,1215.19,541.60,87.84,212.38,-1,-1,-1,-1
55,1,1215.51,542.60,86.95,211.95,-1,-1,-1,-1
56,1,1214.73,544.75,88.09,207.77,-1,-1,-1,-1
57,1,1216.55,544.34,87.61,210.40,-1,-1,-1,-1
58,1,1218.51,547.24,85.69,218.48,-1,-1,-1,-1
59,1,1217.20,552.07,86.18,222.15,-1,-1,-1,-1
60,1,1217.36,552.20,87.63,222.00,-1,-1,-1,-1
61,1,1216.57,554.06,87.22,218.82,-1,-1,-1,-1
62,1,1216.76,556.10,88.71,214.41,-1,-1,-1,-1
63,1,1223.89,557.69,86.51,212.67,-1,-1,-1,-1
64,1,1216.47,558.82,89.84,212.24,-1,-1,-1,-1
65,1,1217.20,558.95,86.85,212.72,-1,-1,-1,-1
66,1,1218.10,563.14,85.64,216.69,-1,-1,-1,-1
67,1,1217.91,565.71,87.05,212.23,-1,-1,-1,-1
68,1,1217.92,567.67,86.24,209.71,-1,-1,-1,-1
69,1,1217.52,569.61,86.57,206.94,-1,-1,-1,-1
70,1,1217.19,570.65,87.68,205.83,-1,-1,-1,-1
71,1,1217.35,574.83,87.38,208.60,-1,-1,-1,-1
72,1,1216.18,575.31,88.32,209.70,-1,-1,-1,-1
73,1,1216.39,576.76,87.37,208.97,-1,-1,-1,-1
74,1,1207.67,577.36,90.07,208.88,-1,-1,-1,-1
75,1,1208.35,582.12,88.04,211.90,-1,-1,-1,-1
76,1,1207.75,584.01,88.63,210.15,-1,-1,-1,-1
77,1,1200.31,585.71,88.35,217.85,-1,-1,-1,-1
78,1,1200.30,587.25,89.43,215.47,-1,-1,-1,-1
79,1,1199.05,589.32,88.45,212.39,-1,-1,-1,-1
80,1,1198.52,589.18,88.80,214.49,-1,-1,-1,-1
81,1,1191.07,593.41,88.55,218.74,-1,-1,-1,-1
82,1,1183.75,593.23,91.09,221.86,-1,-1,-1,-1
83,1,1181.84,594.57,93.31,221.10,-1,-1,-1,-1
84,1,1181.98,596.98,92.85,228.06,-1,-1,-1,-1
85,1,1180.82,601.88,92.46,218.03,-1,-1,-1,-1
86,1,1172.23,603.65,95.08,215.39,-1,-1,-1,-1
87,1,1165.22,604.76,94.33,214.59,-1,-1,-1,-1
88,1,1163.70,604.77,94.40,215.71,-1,-1,-1,-1
89,1,1156.90,604.07,95.25,218.64,-1,-1,-1,-1
90,1,1156.87,610.51,93.56,219.35,-1,-1,-1,-1
91,1,1148.75,613.98,94.36,226.22,-1,-1,-1,-1
92,1,1140.38,615.11,97.45,223.70,-1,-1,-1,-1
93,1,1139.63,617.67,95.11,219.66,-1,-1,-1,-1
94,1,1139.33,618.17,96.26,218.82,-1,-1,-1,-1
95,1,1123.49,620.70,97.82,213.65,-1,-1,-1,-1
96,1,1124.15,621.47,94.95,214.94,-1,-1,-1,-1
97,1,1123.64,625.60,94.91,218.30,-1,-1,-1,-1
98,1,1107.90,627.21,98.29,216.00,-1,-1,-1,-1
99,1,1108.69,629.24,94.89,214.18,-1,-1,-1,-1
100,1,1099.88,629.33,96.90,215.12,-1,-1,-1,-1
101,1,1091.53,629.95,97.14,215.21,-1,-1,-1,-1
102,1,1091.30,637.24,95.58,210.16,-1,-1,-1,-1
103,1,1084.87,637.54,95.98,210.94,-1,-1,-1,-1
104,1,1076.07,637.55,96.16,212.30,-1,-1,-1,-1
105,1,1068.42,637.76,95.96,214.66,-1,-1,-1,-1
106,1,1067.07,639.61,95.66,212.77,-1,-1,-1,-1
107,1,1060.79,644.06,95.44,215.05,-1,-1,-1,-1
108,1,1051.97,643.60,96.71,217.75,-1,-1,-1,-1
109,1,1043.79,644.86,96.09,216.95,-1,-1,-1,-1
110,1,1035.32,650.32,95.96,215.86,-1,-1,-1,-1
111,1,1027.50,652.01,97.28,214.45,-1,-1,-1,-1
112,1,1020.69,651.10,97.24,218.77,-1,-1,-1,-1
113,1,1019.76,652.84,94.67,216.29,-1,-1,-1,-1
114,1,1011.44,658.68,96.28,215.24,-1,-1,-1,-1
115,1,1004.58,659.55,95.98,215.58,-1,-1,-1,-1
116,1,994.37,658.25,97.70,220.92,-1,-1,-1,-1
117,1,989.69,660.02,94.64,219.16,-1,-1,-1,-1
118,1,980.94,666.63,96.27,215.38,-1,-1,-1,-1
119,1,971.71,667.55,96.64,214.61,-1,-1,-1,-1
120,1,963.49,668.00,96.73,215.23,-1,-1,-1,-1
121,1,957.03,669.75,96.47,214.99,-1,-1,-1,-1
122,1,956.19,674.23,94.04,216.68,-1,-1,-1,-1
123,1,939.88,674.78,97.81,219.70,-1,-1,-1,-1
124,1,932.77,674.99,95.41,220.07,-1,-1,-1,-1
125,1,924.50,679.24,94.98,222.59,-1,-1,-1,-1
126,1,923.42,682.71,94.56,216.28,-1,-1,-1,-1
127,1,908.50,682.82,96.39,216.71,-1,-1,-1,-1
128,1,901.62,683.70,95.33,216.52,-1,-1,-1,-1
129,1,901.03,686.34,93.12,214.27,-1,-1,-1,-1
130,1,893.05,691.09,94.19,216.47,-1,-1,-1,-1
131,1,884.51,691.93,95.25,217.29,-1,-1,-1,-1
132,1,876.33,691.02,94.60,218.30,-1,-1,-1,-1
133,1,867.67,693.44,95.67,215.76,-1,-1,-1,-1
134,1,867.44,700.11,94.46,212.64,-1,-1,-1,-1
135,1,851.82,700.35,97.90,213.15,-1,-1,-1,-1
136,1,844.12,699.51,96.25,216.77,-1,-1,-1,-1
137,1,843.65,698.53,94.86,221.23,-1,-1,-1,-1
138,1,834.05,704.17,98.35,221.55,-1,-1,-1,-1
139,1,824.84,701.57,101.59,228.34,-1,-1,-1,-1
140,1,817.32,702.62,101.20,228.04,-1,-1,-1,-1
141,1,809.61,702.52,101.03,228.81,-1,-1,-1,-1
142,1,801.36,710.42,101.72,224.35,-1,-1,-1,-1
143,1,792.59,711.69,102.37,222.30,-1,-1,-1,-1
144,1,786.02,712.90,100.90,220.60,-1,-1,-1,-1
145,1,786.91,715.78,98.79,217.91,-1,-1,-1,-1
146,1,771.81,715.63,98.21,220.07,-1,-1,-1,-1
147,1,770.13,722.48,100.00,217.44,-1,-1,-1,-1
148,1,763.90,720.43,96.96,223.30,-1,-1,-1,-1
149,1,764.17,724.04,93.98,218.32,-1,-1,-1,-1
150,1,755.31,730.71,96.69,216.51,-1,-1,-1,-1
151,1,738.87,729.52,99.20,219.90,-1,-1,-1,-1
152,1,737.16,728.20,100.92,223.84,-1,-1,-1,-1
153,1,730.28,727.39,99.64,226.80,-1,-1,-1,-1
154,1,730.47,730.34,98.09,222.36,-1,-1,-1,-1
155,1,722.36,734.09,100.47,229.60,-1,-1,-1,-1
156,1,714.71,735.30,100.34,242.46,-1,-1,-1,-1
157,1,705.41,738.07,101.51,251.28,-1,-1,-1,-1
158,1,703.20,740.72,105.21,245.25,-1,-1,-1,-1
159,1,702.29,740.52,105.84,246.45,-1,-1,-1,-1
160,1,694.79,740.21,106.22,247.60,-1,-1,-1,-1
161,1,688.39,743.80,104.49,241.34,-1,-1,-1,-1
162,1,687.98,746.57,103.06,235.51,-1,-1,-1,-1
163,1,681.28,748.42,100.50,246.44,-1,-1,-1,-1
164,1,671.23,751.58,105.54,240.28,-1,-1,-1,-1
165,1,671.81,754.29,102.39,234.65,-1,-1,-1,-1
166,1,664.74,756.24,101.56,229.93,-1,-1,-1,-1
167,1,658.93,759.81,100.36,222.98,-1,-1,-1,-1
168,1,659.01,761.17,99.40,221.33,-1,-1,-1,-1
169,1,659.29,760.45,98.16,223.99,-1,-1,-1,-1
170,1,650.68,760.37,100.25,226.63,-1,-1,-1,-1
171,1,651.90,766.95,96.47,224.98,-1,-1,-1,-1
172,1,652.22,766.07,94.06,228.55,-1,-1,-1,-1
173,1,644.96,767.40,95.00,226.26,-1,-1,-1,-1
174,1,636.49,768.32,96.69,225.79,-1,-1,-1,-1
175,1,638.38,776.17,93.20,221.88,-1,-1,-1,-1
176,1,637.02,775.90,93.74,222.63,-1,-1,-1,-1
177,1,637.12,777.04,94.48,222.20,-1,-1,-1,-1
178,1,635.88,776.54,95.04,224.79,-1,-1,-1,-1
179,1,629.62,784.63,93.70,221.39,-1,-1,-1,-1
180,1,629.86,786.18,94.20,219.11,-1,-1,-1,-1
181,1,628.87,786.06,93.13,221.04,-1,-1,-1,-1
182,1,629.18,786.03,93.50,221.78,-1,-1,-1,-1
183,1,628.82,795.00,92.11,216.28,-1,-1,-1,-1
184,1,628.48,794.77,93.34,217.78,-1,-1,-1,-1
185,1,621.41,794.81,94.50,221.18,-1,-1,-1,-1
186,1,622.21,796.15,93.20,218.99,-1,-1,-1,-1
187,1,621.57,801.48,92.06,221.45,-1,-1,-1,-1
188,1,620.47,801.36,93.39,221.99,-1,-1,-1,-1
189,1,621.97,802.85,93.16,220.31,-1,-1,-1,-1
190,1,620.74,801.50,93.38,226.34,-1,-1,-1,-1
191,1,621.52,801.17,92.26,227.40,-1,-1,-1,-1
192,1,621.64,808.37,92.30,222.53,-1,-1,-1,-1
193,1,622.10,808.96,92.66,222.81,-1,-1,-1,-1
194,1,630.41,810.36,89.59,221.04,-1,-1,-1,-1
195,1,631.40,818.61,88.19,216.62,-1,-1,-1,-1
196,1,631.28,819.64,88.79,216.42,-1,-1,-1,-1
197,1,631.53,820.38,88.69,216.07,-1,-1,-1,-1
198,1,631.87,820.82,89.91,216.04,-1,-1,-1,-1
199,1,631.86,820.87,88.97,217.09,-1,-1,-1,-1
200,1,638.82,827.90,88.66,214.12,-1,-1,-1,-1
201,1,639.59,828.68,87.39,213.51,-1,-1,-1,-1
202,1,639.85,830.32,89.27,213.96,-1,-1,-1,-1
203,1,646.94,837.95,88.46,210.61,-1,-1,-1,-1
204,1,646.56,837.85,90.40,212.25,-1,-1,-1,-1
205,1,647.07,837.39,90.30,214.72,-1,-1,-1,-1
206,1,654.07,837.15,90.16,216.67,-1,-1,-1,-1
207,1,655.69,838.76,88.71,213.09,-1,-1,-1,-1
208,1,654.93,837.34,89.69,217.99,-1,-1,-1,-1
209,1,662.99,845.95,88.67,211.75,-1,-1,-1,-1
210,1,663.34,847.99,89.47,209.50,-1,-1,-1,-1
211,1,663.34,847.35,90.31,211.93,-1,-1,-1,-1
212,1,670.64,854.33,89.16,209.85,-1,-1,-1,-1
213,1,678.09,856.34,90.45,208.11,-1,-1,-1,-1
214,1,678.06,856.59,90.96,208.60,-1,-1,-1,-1
215,1,679.51,856.55,90.56,211.83,-1,-1,-1,-1
216,1,686.10,864.85,90.73,206.37,-1,-1,-1,-1
217,1,694.17,866.25,90.37,203.28,-1,-1,-1,-1
218,1,696.03,865.05,90.07,206.57,-1,-1,-1,-1
219,1,703.00,866.08,91.60,208.75,-1,-1,-1,-1
220,1,710.68,865.99,91.14,212.00,-1,-1,-1,-1
221,1,717.14,875.53,92.02,206.03,-1,-1,-1,-1
222,1,718.69,877.71,92.90,207.53,-1,-1,-1,-1
223,1,725.69,878.68,91.73,206.08,-1,-1,-1,-1
224,1,732.06,879.08,94.55,208.79,-1,-1,-1,-1
225,1,737.70,879.35,99.36,213.61,-1,-1,-1,-1
226,1,738.68,880.12,100.45,211.94,-1,-1,-1,-1
227,1,747.33,881.78,98.67,206.94,-1,-1,-1,-1
228,1,753.55,882.33,99.30,206.61,-1,-1,-1,-1
229,1,760.91,882.53,100.65,206.03,-1,-1,-1,-1
230,1,769.22,891.71,100.36,195.54,-1,-1,-1,-1
231,1,769.43,893.31,101.64,195.74,-1,-1,-1,-1
232,1,776.88,893.61,102.11,195.58,-1,-1,-1,-1
233,1,785.45,895.79,101.38,184.74,-1,-1,-1,-1
234,1,785.48,895.88,103.25,185.89,-1,-1,-1,-1
235,1,793.07,897.08,102.17,186.37,-1,-1,-1,-1
236,1,800.60,896.52,103.89,193.18,-1,-1,-1,-1
237,1,808.89,897.42,102.92,197.71,-1,-1,-1,-1
238,1,817.48,898.99,101.22,182.11,-1,-1,-1,-1
239,1,823.22,907.39,107.47,181.86,-1,-1,-1,-1
240,1,832.10,907.95,104.90,182.66,-1,-1,-1,-1
241,1,838.26,908.18,105.77,182.86,-1,-1,-1,-1
242,1,847.73,910.66,103.12,177.05,-1,-1,-1,-1
243,1,857.81,914.41,99.76,163.81,-1,-1,-1,-1
244,1,866.90,914.53,97.64,176.97,-1,-1,-1,-1
245,1,866.74,914.05,100.76,176.38,-1,-1,-1,-1
246,1,874.61,923.44,100.00,171.36,-1,-1,-1,-1
247,1,881.73,925.62,102.42,160.62,-1,-1,-1,-1
248,1,897.36,924.58,98.93,175.42,-1,-1,-1,-1
249,1,907.53,927.19,96.30,163.23,-1,-1,-1,-1
250,1,908.28,928.77,96.82,163.83,-1,-1,-1,-1
1,2,915.07,183.21,79.58,211.67,-1,-1,-1,-1
2,2,905.41,182.26,82.65,214.25,-1,-1,-1,-1
3,2,891.72,186.96,83.04,213.94,-1,-1,-1,-1
4,2,883.96,188.23,82.52,212.01,-1,-1,-1,-1
5,2,884.22,190.60,81.13,210.03,-1,-1,-1,-1
6,2,875.79,190.06,82.47,213.55,-1,-1,-1,-1
7,2,868.86,191.57,81.44,213.14,-1,-1,-1,-1
8,2,857.11,195.62,84.05,213.20,-1,-1,-1,-1
9,2,850.11,197.14,85.60,212.87,-1,-1,-1,-1
10,2,839.25,197.87,88.90,213.70,-1,-1,-1,-1
11,2,839.30,200.78,87.00,211.41,-1,-1,-1,-1
12,2,824.51,204.31,88.67,211.90,-1,-1,-1,-1
13,2,816.41,203.08,88.24,216.17,-1,-1,-1,-1
14,2,816.79,207.74,85.56,211.47,-1,-1,-1,-1
15,2,809.27,207.21,83.81,213.64,-1,-1,-1,-1
16,2,801.40,212.13,83.12,212.32,-1,-1,-1,-1
17,2,793.63,213.91,83.34,210.98,-1,-1,-1,-1
18,2,787.93,214.53,80.78,211.31,-1,-1,-1,-1
19,2,778.27,216.33,83.12,210.08,-1,-1,-1,-1
20,2,770.55,216.62,82.63,210.75,-1,-1,-1,-1
21,2,769.73,222.91,82.20,206.66,-1,-1,-1,-1
22,2,761.80,222.63,82.80,209.00,-1,-1,-1,-1
23,2,755.82,225.14,81.37,208.70,-1,-1,-1,-1
24,2,745.75,224.60,83.80,210.64,-1,-1,-1,-1
25,2,740.59,230.09,81.12,209.00,-1,-1,-1,-1
26,2,731.73,231.34,82.50,209.45,-1,-1,-1,-1
27,2,729.16,233.34,83.26,208.56,-1,-1,-1,-1
28,2,721.05,237.44,84.43,208.74,-1,-1,-1,-1
29,2,721.74,238.89,82.05,206.98,-1,-1,-1,-1
30,2,713.85,238.57,83.48,210.29,-1,-1,-1,-1
31,2,709.27,241.04,80.87,209.44,-1,-1,-1,-1
32,2,698.37,240.36,84.14,211.22,-1,-1,-1,-1
33,2,697.38,247.64,83.63,206.76,-1,-1,-1,-1
34,2,689.58,248.68,83.81,207.66,-1,-1,-1,-1
35,2,684.24,250.05,81.11,208.02,-1,-1,-1,-1
36,2,680.76,253.93,83.68,207.95,-1,-1,-1,-1
37,2,674.34,255.65,83.27,205.77,-1,-1,-1,-1
38,2,673.25,257.08,82.75,206.61,-1,-1,-1,-1
39,2,667.66,258.48,82.54,206.88,-1,-1,-1,-1
40,2,665.20,263.69,84.22,205.21,-1,-1,-1,-1
41,2,657.22,263.36,84.47,207.15,-1,-1,-1,-1
42,2,658.00,266.47,81.92,205.28,-1,-1,-1,-1
43,2,651.44,266.57,82.39,207.14,-1,-1,-1,-1
44,2,642.77,270.12,83.95,207.01,-1,-1,-1,-1
45,2,643.21,272.14,82.96,205.26,-1,-1,-1,-1
46,2,642.04,273.28,82.43,206.53,-1,-1,-1,-1
47,2,634.93,273.44,82.94,208.52,-1,-1,-1,-1
48,2,634.34,278.92,84.08,206.15,-1,-1,-1,-1
49,2,626.76,279.10,83.29,207.53,-1,-1,-1,-1
50,2,627.20,282.22,81.94,205.62,-1,-1,-1,-1
51,2,627.25,283.08,81.86,206.15,-1,-1,-1,-1
52,2,626.22,287.20,82.70,205.66,-1,-1,-1,-1
53,2,625.92,288.39,82.36,205.25,-1,-1,-1,-1
54,2,626.11,289.60,81.93,206.36,-1,-1,-1,-1
55,2,619.87,289.83,82.12,207.89,-1,-1,-1,-1
56,2,617.36,294.66,83.72,206.48,-1,-1,-1,-1
57,2,611.21,295.19,82.93,207.38,-1,-1,-1,-1
58,2,610.65,297.27,83.08,207.33,-1,-1,-1,-1
59,2,611.24,297.60,83.82,208.44,-1,-1,-1,-1
60,2,608.55,301.60,85.02,208.70,-1,-1,-1,-1
61,2,610.33,302.67,84.64,207.96,-1,-1,-1,-1
62,2,609.98,303.85,84.41,208.78,-1,-1,-1,-1
63,2,609.58,304.91,84.11,209.60,-1,-1,-1,-1
64,2,610.30,309.71,84.93,208.51,-1,-1,-1,-1
65,2,611.23,311.30,83.57,207.21,-1,-1,-1,-1
66,2,610.47,313.46,83.96,206.50,-1,-1,-1,-1
67,2,610.80,314.13,84.33,207.21,-1,-1,-1,-1
68,2,609.78,318.46,84.88,206.40,-1,-1,-1,-1
69,2,616.03,319.18,84.91,206.51,-1,-1,-1,-1
70,2,618.37,321.33,82.83,205.67,-1,-1,-1,-1
71,2,616.54,321.86,83.88,206.83,-1,-1,-1,-1
72,2,620.05,321.56,81.85,209.05,-1,-1,-1,-1
73,2,619.59,327.30,83.06,206.39,-1,-1,-1,-1
74,2,619.42,328.72,83.52,206.59,-1,-1,-1,-1
75,2,625.66,329.56,83.21,207.76,-1,-1,-1,-1
76,2,627.58,330.31,82.97,207.80,-1,-1,-1,-1
77,2,627.73,335.10,83.10,206.16,-1,-1,-1,-1
78,2,632.84,335.19,83.70,208.90,-1,-1,-1,-1
79,2,634.61,337.00,84.16,208.03,-1,-1,-1,-1
80,2,635.90,336.93,83.27,210.11,-1,-1,-1,-1
81,2,640.64,342.63,85.43,208.22,-1,-1,-1,-1
82,2,643.58,344.78,81.88,206.34,-1,-1,-1,-1
83,2,649.21,345.25,83.13,207.89,-1,-1,-1,-1
84,2,651.48,344.79,83.50,209.99,-1,-1,-1,-1
85,2,656.05,350.33,84.95,208.10,-1,-1,-1,-1
86,2,659.55,351.91,83.06,206.78,-1,-1,-1,-1
87,2,666.52,353.27,82.36,206.18,-1,-1,-1,-1
88,2,667.42,353.87,81.40,208.08,-1,-1,-1,-1
89,2,667.01,358.50,84.12,207.20,-1,-1,-1,-1
90,2,673.33,359.55,83.44,207.50,-1,-1,-1,-1
91,2,682.15,360.09,82.60,210.27,-1,-1,-1,-1
92,2,683.41,360.77,83.55,210.09,-1,-1,-1,-1
93,2,689.06,365.34,85.67,209.69,-1,-1,-1,-1
94,2,696.24,365.57,84.81,211.13,-1,-1,-1,-1
95,2,699.30,367.55,83.93,210.58,-1,-1,-1,-1
96,2,700.04,368.17,83.11,211.29,-1,-1,-1,-1
97,2,706.39,373.32,84.19,210.32,-1,-1,-1,-1
98,2,713.77,374.64,83.87,210.50,-1,-1,-1,-1
99,2,722.55,375.58,83.50,211.75,-1,-1,-1,-1
100,2,729.81,377.94,82.85,208.52,-1,-1,-1,-1
101,2,736.31,381.68,84.75,209.29,-1,-1,-1,-1
102,2,738.78,383.30,82.35,207.88,-1,-1,-1,-1
103,2,746.73,383.07,81.73,211.64,-1,-1,-1,-1
104,2,753.69,388.34,85.25,211.65,-1,-1,-1,-1
105,2,762.34,389.63,83.14,210.04,-1,-1,-1,-1
106,2,770.21,391.25,81.80,209.01,-1,-1,-1,-1
107,2,773.11,392.00,81.31,210.12,-1,-1,-1,-1
108,2,779.20,393.44,81.24,209.62,-1,-1,-1,-1
109,2,785.92,397.57,84.58,210.15,-1,-1,-1,-1
110,2,794.85,399.32,81.60,209.28,-1,-1,-1,-1
111,2,803.53,400.09,80.41,210.36,-1,-1,-1,-1
112,2,811.10,401.14,79.66,209.78,-1,-1,-1,-1
113,2,817.14,406.84,82.75,208.05,-1,-1,-1,-1
114,2,820.64,408.65,80.30,207.41,-1,-1,-1,-1
115,2,828.00,409.79,81.41,207.99,-1,-1,-1,-1
116,2,835.29,414.69,82.77,206.95,-1,-1,-1,-1
117,2,843.83,416.38,82.71,205.58,-1,-1,-1,-1
118,2,851.93,418.38,82.21,204.08,-1,-1,-1,-1
119,2,860.16,419.67,80.78,204.13,-1,-1,-1,-1
120,2,867.19,424.06,81.48,205.75,-1,-1,-1,-1
121,2,875.32,426.06,79.26,204.29,-1,-1,-1,-1
122,2,883.83,427.86,80.00,202.86,-1,-1,-1,-1
123,2,891.95,432.57,79.04,203.30,-1,-1,-1,-1
124,2,900.74,433.77,77.66,201.94,-1,-1,-1,-1
125,2,903.54,434.14,75.33,201.92,-1,-1,-1,-1
126,2,915.97,436.31,77.73,201.89,-1,-1,-1,-1
127,2,917.98,440.39,77.28,202.92,-1,-1,-1,-1
128,2,925.57,441.52,77.68,203.06,-1,-1,-1,-1
129,2,932.28,441.33,77.09,204.36,-1,-1,-1,-1
130,2,941.16,444.03,75.72,203.00,-1,-1,-1,-1
131,2,946.49,447.53,80.61,205.40,-1,-1,-1,-1
132,2,955.54,450.38,82.58,202.46,-1,-1,-1,-1
133,2,963.27,449.87,81.93,203.22,-1,-1,-1,-1
134,2,970.86,451.75,81.97,203.71,-1,-1,-1,-1
135,2,976.64,455.77,84.22,205.09,-1,-1,-1,-1
136,2,986.26,457.89,81.64,203.01,-1,-1,-1,-1
137,2,987.60,458.26,82.30,202.80,-1,-1,-1,-1
138,2,995.68,460.23,81.03,202.58,-1,-1,-1,-1
139,2,1008.46,464.31,84.84,204.32,-1,-1,-1,-1
140,2,1011.53,464.31,82.86,204.98,-1,-1,-1,-1
141,2,1018.33,466.33,83.47,203.59,-1,-1,-1,-1
142,2,1026.51,467.25,81.94,204.41,-1,-1,-1,-1
143,2,1034.85,472.27,83.36,204.13,-1,-1,-1,-1
144,2,1036.06,472.94,82.60,203.91,-1,-1,-1,-1
145,2,1050.21,475.29,82.89,203.01,-1,-1,-1,-1
146,2,1052.35,474.96,82.27,204.56,-1,-1,-1,-1
147,2,1058.51,479.06,83.28,205.03,-1,-1,-1,-1
148,2,1067.43,481.92,82.25,202.70,-1,-1,-1,-1
149,2,1073.47,481.73,82.27,203.92,-1,-1,-1,-1
150,2,1083.35,485.69,80.79,200.34,-1,-1,-1,-1
151,2,1083.60,489.06,82.02,202.20,-1,-1,-1,-1
152,2,1091.36,491.46,81.69,201.89,-1,-1,-1,-1
153,2,1098.63,492.74,80.28,200.55,-1,-1,-1,-1
154,2,1100.23,493.17,81.22,201.46,-1,-1,-1,-1
155,2,1112.75,498.11,84.35,200.86,-1,-1,-1,-1
156,2,1114.49,497.67,81.80,202.45,-1,-1,-1,-1
157,2,1116.28,498.51,82.81,202.18,-1,-1,-1,-1
158,2,1130.31,502.06,80.95,199.59,-1,-1,-1,-1
159,2,1131.76,504.77,80.67,202.11,-1,-1,-1,-1
160,2,1137.60,505.33,81.81,203.52,-1,-1,-1,-1
161,2,1140.20,507.35,80.99,202.31,-1,-1,-1,-1
162,2,1145.73,509.45,82.63,200.72,-1,-1,-1,-1
163,2,1147.29,511.68,84.46,203.65,-1,-1,-1,-1
164,2,1154.83,513.15,82.93,202.89,-1,-1,-1,-1
165,2,1162.12,515.37,82.95,200.85,-1,-1,-1,-1
166,2,1165.17,516.19,81.09,201.49,-1,-1,-1,-1
167,2,1169.65,517.21,81.67,202.46,-1,-1,-1,-1
168,2,1170.90,521.40,80.55,201.99,-1,-1,-1,-1
169,2,1178.22,523.53,81.54,201.52,-1,-1,-1,-1
170,2,1178.72,524.01,83.10,202.84,-1,-1,-1,-1
171,2,1185.33,524.53,83.14,204.25,-1,-1,-1,-1
172,2,1184.54,527.22,84.33,205.90,-1,-1,-1,-1
173,2,1188.65,530.02,81.54,203.69,-1,-1,-1,-1
174,2,1188.03,530.59,81.20,205.66,-1,-1,-1,-1
175,2,1189.34,535.86,80.56,203.37,-1,-1,-1,-1
176,2,1194.46,537.28,81.94,203.14,-1,-1,-1,-1
177,2,1202.04,538.76,81.22,202.57,-1,-1,-1,-1
178,2,1197.65,538.70,79.97,204.96,-1,-1,-1,-1
179,2,1200.83,543.13,85.25,205.11,-1,-1,-1,-1
180,2,1203.79,544.78,82.13,202.91,-1,-1,-1,-1
181,2,1204.16,545.40,81.09,203.85,-1,-1,-1,-1
182,2,1204.38,547.51,80.33,203.35,-1,-1,-1,-1
183,2,1204.68,552.25,80.56,202.89,-1,-1,-1,-1
184,2,1206.24,552.88,78.95,203.01,-1,-1,-1,-1
185,2,1212.80,554.28,78.58,202.84,-1,-1,-1,-1
186,2,1213.41,555.30,76.22,203.53,-1,-1,-1,-1
187,2,1212.68,557.08,77.12,202.71,-1,-1,-1,-1
188,2,1212.64,560.52,79.14,203.81,-1,-1,-1,-1
189,2,1213.38,561.65,77.08,203.39,-1,-1,-1,-1
190,2,1212.17,563.03,77.00,204.22,-1,-1,-1,-1
191,2,1208.17,564.22,75.13,204.04,-1,-1,-1,-1
192,2,1212.34,569.23,77.84,203.39,-1,-1,-1,-1
193,2,1213.74,570.05,76.49,203.64,-1,-1,-1,-1
194,2,1212.51,571.30,76.43,203.42,-1,-1,-1,-1
195,2,1206.20,570.78,77.38,206.33,-1,-1,-1,-1
196,2,1205.60,576.44,77.70,203.52,-1,-1,-1,-1
197,2,1206.76,577.76,75.90,203.09,-1,-1,-1,-1
198,2,1207.12,579.45,75.63,203.43,-1,-1,-1,-1
199,2,1199.03,578.85,76.35,206.03,-1,-1,-1,-1
200,2,1198.63,584.71,76.44,204.53,-1,-1,-1,-1
201,2,1198.65,586.07,76.81,203.47,-1,-1,-1,-1
202,2,1191.12,586.01,76.87,206.08,-1,-1,-1,-1
203,2,1190.47,588.09,76.53,204.54,-1,-1,-1,-1
204,2,1190.28,591.97,76.26,204.40,-1,-1,-1,-1
205,2,1187.53,591.72,78.18,206.39,-1,-1,-1,-1
206,2,1185.70,593.62,81.46,207.13,-1,-1,-1,-1
207,2,1179.30,597.71,82.16,208.12,-1,-1,-1,-1
208,2,1171.96,597.24,81.67,210.90,-1,-1,-1,-1
209,2,1171.97,600.65,81.16,207.38,-1,-1,-1,-1
210,2,1172.26,602.24,79.46,206.16,-1,-1,-1,-1
211,2,1164.02,602.48,81.54,207.16,-1,-1,-1,-1
212,2,1156.23,606.49,81.53,207.09,-1,-1,-1,-1
213,2,1154.43,607.13,81.75,206.86,-1,-1,-1,-1
214,2,1155.52,610.81,79.96,204.46,-1,-1,-1,-1
215,2,1148.29,609.72,81.26,208.47,-1,-1,-1,-1
216,2,1146.72,616.02,82.02,205.25,-1,-1,-1,-1
217,2,1140.21,615.09,80.85,209.53,-1,-1,-1,-1
218,2,1131.78,616.98,81.76,208.58,-1,-1,-1,-1
219,2,1131.00,619.82,80.31,205.25,-1,-1,-1,-1
220,2,1122.28,622.31,82.63,207.92,-1,-1,-1,-1
221,2,1115.65,622.92,82.62,208.27,-1,-1,-1,-1
222,2,1108.13,623.31,82.36,211.26,-1,-1,-1,-1
223,2,1106.56,628.84,82.71,209.80,-1,-1,-1,-1
224,2,1100.03,629.24,81.23,210.84,-1,-1,-1,-1
225,2,1091.06,629.65,81.07,212.30,-1,-1,-1,-1
226,2,1083.44,632.33,82.04,209.45,-1,-1,-1,-1
227,2,1082.63,634.08,81.44,208.45,-1,-1,-1,-1
228,2,1076.23,637.31,82.03,209.20,-1,-1,-1,-1
229,2,1068.14,637.11,81.09,210.93,-1,-1,-1,-1
230,2,1067.20,640.99,81.25,208.14,-1,-1,-1,-1
231,2,1057.35,639.84,83.13,211.60,-1,-1,-1,-1
232,2,1049.18,644.84,82.92,211.06,-1,-1,-1,-1
233,2,1045.09,646.62,80.41,210.21,-1,-1,-1,-1
234,2,1035.75,647.49,82.47,211.29,-1,-1,-1,-1
235,2,1026.84,648.40,83.06,210.48,-1,-1,-1,-1
236,2,1019.03,653.34,83.24,210.18,-1,-1,-1,-1
237,2,1011.66,652.52,81.83,213.11,-1,-1,-1,-1
238,2,1010.59,655.86,81.16,210.45,-1,-1,-1,-1
239,2,1003.09,656.96,81.23,209.67,-1,-1,-1,-1
240,2,993.86,660.40,82.12,211.84,-1,-1,-1,-1
241,2,988.05,662.40,80.93,209.68,-1,-1,-1,-1
242,2,978.75,661.46,81.50,214.12,-1,-1,-1,-1
243,2,970.25,665.12,82.53,209.27,-1,-1,-1,-1
244,2,962.50,669.54,82.14,208.88,-1,-1,-1,-1
245,2,956.46,670.21,80.67,208.53,-1,-1,-1,-1
246,2,947.87,671.08,80.65,210.13,-1,-1,-1,-1
247,2,947.33,672.79,79.74,210.21,-1,-1,-1,-1
248,2,938.27,677.98,81.18,208.73,-1,-1,-1,-1
249,2,931.22,678.69,79.35,208.50,-1,-1,-1,-1
250,2,923.29,680.18,80.15,208.24,-1,-1,-1,-1
