1,1,564.07,720.64,77.24,210.58,-1,-1,-1,-1
2,1,551.34,718.11,75.71,209.83,-1,-1,-1,-1
3,1,539.28,720.66,80.31,209.88,-1,-1,-1,-1
4,1,525.62,728.17,79.51,211.51,-1,-1,-1,-1
5,1,514.92,734.31,81.48,209.40,-1,-1,-1,-1
6,1,500.39,729.04,81.62,209.20,-1,-1,-1,-1
7,1,490.91,733.05,82.52,209.69,-1,-1,-1,-1
8,1,483.19,734.24,80.06,208.85,-1,-1,-1,-1
9,1,474.08,729.17,81.73,209.56,-1,-1,-1,-1
10,1,461.09,727.53,80.13,211.35,-1,-1,-1,-1
11,1,450.97,728.23,81.01,208.59,-1,-1,-1,-1
12,1,441.21,719.95,84.31,210.03,-1,-1,-1,-1
13,1,434.45,720.55,81.21,207.23,-1,-1,-1,-1
14,1,426.16,714.07,81.58,207.22,-1,-1,-1,-1
15,1,412.21,708.90,81.90,210.73,-1,-1,-1,-1
16,1,404.09,704.01,81.51,209.83,-1,-1,-1,-1
17,1,395.65,696.12,82.93,211.57,-1,-1,-1,-1
18,1,386.84,688.83,85.07,209.24,-1,-1,-1,-1
19,1,379.45,685.68,82.88,209.14,-1,-1,-1,-1
20,1,376.36,670.51,85.24,209.11,-1,-1,-1,-1
21,1,370.63,665.51,81.69,208.70,-1,-1,-1,-1
22,1,361.54,654.68,83.47,207.65,-1,-1,-1,-1
23,1,355.48,641.22,82.10,206.77,-1,-1,-1,-1
24,1,348.87,633.43,80.52,208.69,-1,-1,-1,-1
25,1,345.32,621.72,83.99,209.33,-1,-1,-1,-1
26,1,341.20,614.79,79.27,208.76,-1,-1,-1,-1
27,1,340.61,599.60,78.46,211.39,-1,-1,-1,-1
28,1,332.75,583.70,79.76,209.18,-1,-1,-1,-1
29,1,330.55,574.84,81.49,206.79,-1,-1,-1,-1
30,1,325.39,560.24,79.68,207.56,-1,-1,-1,-1
31,1,323.66,547.94,80.49,202.69,-1,-1,-1,-1
32,1,321.68,530.96,82.57,203.46,-1,-1,-1,-1
33,1,317.21,514.71,80.10,204.43,-1,-1,-1,-1
34,1,315.07,506.49,82.57,203.28,-1,-1,-1,-1
35,1,314.41,489.35,82.88,205.12,-1,-1,-1,-1
36,1,314.96,474.55,81.02,206.86,-1,-1,-1,-1
37,1,315.16,458.32,80.46,207.16,-1,-1,-1,-1
38,1,314.14,442.08,82.59,208.39,-1,-1,-1,-1
39,1,314.00,427.91,82.58,212.38,-1,-1,-1,-1
40,1,315.45,409.06,80.00,210.26,-1,-1,-1,-1
41,1,314.33,390.53,82.50,212.86,-1,-1,-1,-1
42,1,314.18,381.92,83.36,208.78,-1,-1,-1,-1
43,1,314.17,365.32,85.03,210.80,-1,-1,-1,-1
44,1,319.65,351.37,85.57,210.29,-1,-1,-1,-1
45,1,321.79,333.67,83.70,212.40,-1,-1,-1,-1
46,1,323.41,321.11,82.51,209.58,-1,-1,-1,-1
47,1,324.10,307.99,82.84,212.99,-1,-1,-1,-1
48,1,328.07,293.66,85.26,211.45,-1,-1,-1,-1
49,1,330.27,278.88,83.96,211.94,-1,-1,-1,-1
50,1,337.76,264.39,82.38,211.57,-1,-1,-1,-1
51,1,339.21,255.35,83.27,210.26,-1,-1,-1,-1
52,1,344.51,239.16,85.16,213.08,-1,-1,-1,-1
53,1,350.71,229.97,88.14,210.90,-1,-1,-1,-1
54,1,353.88,216.53,85.47,211.64,-1,-1,-1,-1
55,1,362.76,207.17,82.31,212.25,-1,-1,-1,-1
56,1,368.16,203.79,85.22,212.95,-1,-1,-1,-1
57,1,373.92,189.82,89.47,215.34,-1,-1,-1,-1
58,1,376.98,178.08,88.78,218.21,-1,-1,-1,-1
59,1,386.09,173.91,85.23,215.56,-1,-1,-1,-1
60,1,393.77,165.70,85.78,215.82,-1,-1,-1,-1
61,1,401.19,157.79,87.67,215.11,-1,-1,-1,-1
62,1,408.69,157.91,88.44,212.91,-1,-1,-1,-1
63,1,418.10,147.75,86.44,217.08,-1,-1,-1,-1
64,1,425.32,148.39,88.16,213.01,-1,-1,-1,-1
65,1,438.45,142.76,89.06,211.97,-1,-1,-1,-1
66,1,447.31,141.64,88.47,211.80,-1,-1,-1,-1
67,1,456.96,135.50,86.88,212.23,-1,-1,-1,-1
68,1,465.57,139.67,88.03,211.52,-1,-1,-1,-1
69,1,472.58,132.47,89.68,214.92,-1,-1,-1,-1
70,1,485.76,132.76,91.34,214.16,-1,-1,-1,-1
71,1,497.78,131.54,87.19,214.22,-1,-1,-1,-1
72,1,510.51,137.76,88.13,216.35,-1,-1,-1,-1
73,1,519.57,137.82,89.71,215.62,-1,-1,-1,-1
74,1,528.57,138.78,89.92,216.49,-1,-1,-1,-1
75,1,543.67,139.17,87.44,218.68,-1,-1,-1,-1
76,1,557.69,145.02,90.48,217.92,-1,-1,-1,-1
77,1,568.30,149.84,88.91,216.10,-1,-1,-1,-1
78,1,582.15,161.43,89.70,217.37,-1,-1,-1,-1
79,1,593.25,163.96,87.76,215.28,-1,-1,-1,-1
80,1,606.45,170.97,89.13,221.38,-1,-1,-1,-1
81,1,616.92,179.53,89.10,216.98,-1,-1,-1,-1
82,1,631.73,186.97,88.78,216.73,-1,-1,-1,-1
83,1,645.55,198.62,91.82,214.00,-1,-1,-1,-1
84,1,662.70,206.26,88.46,216.10,-1,-1,-1,-1
85,1,673.92,215.54,85.82,214.03,-1,-1,-1,-1
86,1,689.09,228.10,86.42,212.37,-1,-1,-1,-1
87,1,703.60,237.57,88.99,213.44,-1,-1,-1,-1
88,1,719.41,253.67,87.22,212.62,-1,-1,-1,-1
89,1,729.83,264.85,86.46,210.23,-1,-1,-1,-1
90,1,744.86,278.81,86.88,213.87,-1,-1,-1,-1
91,1,760.06,294.26,88.74,208.59,-1,-1,-1,-1
92,1,775.17,305.33,88.93,208.64,-1,-1,-1,-1
93,1,790.13,318.96,90.46,207.93,-1,-1,-1,-1
94,1,805.91,328.55,90.33,210.02,-1,-1,-1,-1
95,1,823.97,349.33,85.48,210.00,-1,-1,-1,-1
96,1,843.00,358.47,80.41,213.87,-1,-1,-1,-1
97,1,857.75,374.35,82.41,209.98,-1,-1,-1,-1
98,1,870.32,387.67,78.47,218.18,-1,-1,-1,-1
99,1,883.03,406.52,83.70,207.57,-1,-1,-1,-1
100,1,900.00,422.90,81.21,206.92,-1,-1,-1,-1
101,1,915.67,441.44,80.73,205.18,-1,-1,-1,-1
102,1,930.92,451.84,80.93,204.73,-1,-1,-1,-1
103,1,947.22,470.98,80.17,207.90,-1,-1,-1,-1
104,1,960.48,487.17,83.97,206.04,-1,-1,-1,-1
105,1,978.43,500.54,81.32,203.21,-1,-1,-1,-1
106,1,992.81,514.36,83.76,204.14,-1,-1,-1,-1
107,1,1008.41,528.55,84.75,207.57,-1,-1,-1,-1
108,1,1020.03,545.34,81.17,204.96,-1,-1,-1,-1
109,1,1034.52,560.08,81.89,204.30,-1,-1,-1,-1
110,1,1048.45,574.25,84.97,207.65,-1,-1,-1,-1
111,1,1066.04,585.07,81.38,205.15,-1,-1,-1,-1
112,1,1076.74,594.29,81.05,204.68,-1,-1,-1,-1
113,1,1090.38,607.19,83.72,207.98,-1,-1,-1,-1
114,1,1105.78,618.26,84.33,205.38,-1,-1,-1,-1
115,1,1120.18,629.89,85.31,208.35,-1,-1,-1,-1
116,1,1136.88,644.51,83.79,212.14,-1,-1,-1,-1
117,1,1146.61,655.04,84.43,207.04,-1,-1,-1,-1
118,1,1161.82,663.56,84.37,208.35,-1,-1,-1,-1
119,1,1177.77,671.70,82.98,206.94,-1,-1,-1,-1
120,1,1189.54,680.65,79.95,207.51,-1,-1,-1,-1
121,1,1202.82,688.68,82.66,208.79,-1,-1,-1,-1
122,1,1216.12,702.65,85.66,207.75,-1,-1,-1,-1
123,1,1227.99,706.01,82.48,207.00,-1,-1,-1,-1
124,1,1241.40,711.68,84.40,208.85,-1,-1,-1,-1
125,1,1252.04,714.63,81.99,207.35,-1,-1,-1,-1
126,1,1264.79,718.82,85.17,208.21,-1,-1,-1,-1
127,1,1274.50,722.79,85.10,205.62,-1,-1,-1,-1
128,1,1289.59,729.38,83.82,209.94,-1,-1,-1,-1
129,1,1299.05,733.35,83.92,209.71,-1,-1,-1,-1
130,1,1312.27,735.11,85.27,207.65,-1,-1,-1,-1
131,1,1322.90,735.44,83.62,207.56,-1,-1,-1,-1
132,1,1336.91,734.39,84.25,208.87,-1,-1,-1,-1
133,1,1345.72,734.17,84.07,207.90,-1,-1,-1,-1
134,1,1355.36,729.25,82.33,208.76,-1,-1,-1,-1
135,1,1364.17,729.17,82.22,209.02,-1,-1,-1,-1
136,1,1376.24,729.09,85.14,207.25,-1,-1,-1,-1
137,1,1386.10,726.84,82.63,208.90,-1,-1,-1,-1
138,1,1394.03,719.44,82.88,212.02,-1,-1,-1,-1
139,1,1401.49,711.68,84.54,211.55,-1,-1,-1,-1
140,1,1411.42,712.15,81.11,208.09,-1,-1,-1,-1
141,1,1418.03,703.16,85.75,211.35,-1,-1,-1,-1
142,1,1425.40,694.50,85.45,213.98,-1,-1,-1,-1
143,1,1432.82,687.47,87.84,213.44,-1,-1,-1,-1
144,1,1440.61,678.80,87.60,212.84,-1,-1,-1,-1
145,1,1448.45,672.16,87.48,209.90,-1,-1,-1,-1
146,1,1455.67,658.13,88.20,216.32,-1,-1,-1,-1
147,1,1461.37,650.04,90.62,216.65,-1,-1,-1,-1
148,1,1464.09,636.63,89.28,213.57,-1,-1,-1,-1
149,1,1471.39,631.16,88.29,211.66,-1,-1,-1,-1
150,1,1477.62,619.72,90.23,214.16,-1,-1,-1,-1
151,1,1479.81,605.79,88.68,211.29,-1,-1,-1,-1
152,1,1486.54,589.50,88.94,214.48,-1,-1,-1,-1
153,1,1488.08,580.52,89.20,211.29,-1,-1,-1,-1
154,1,1494.37,565.20,89.07,212.53,-1,-1,-1,-1
155,1,1496.68,552.74,86.89,208.01,-1,-1,-1,-1
156,1,1497.76,537.15,86.24,207.02,-1,-1,-1,-1
157,1,1498.89,521.54,85.39,207.04,-1,-1,-1,-1
158,1,1505.83,506.03,81.79,207.10,-1,-1,-1,-1
159,1,1507.75,495.26,81.26,206.20,-1,-1,-1,-1
160,1,1508.26,479.99,81.78,207.23,-1,-1,-1,-1
161,1,1507.85,462.62,82.40,208.75,-1,-1,-1,-1
162,1,1509.44,450.37,79.82,206.77,-1,-1,-1,-1
163,1,1508.68,437.19,81.36,209.49,-1,-1,-1,-1
164,1,1509.06,423.46,80.79,207.92,-1,-1,-1,-1
165,1,1509.95,404.75,78.81,211.09,-1,-1,-1,-1
166,1,1508.36,383.82,80.82,209.76,-1,-1,-1,-1
167,1,1505.96,374.30,83.71,208.05,-1,-1,-1,-1
168,1,1504.39,351.80,85.41,209.17,-1,-1,-1,-1
169,1,1503.73,341.44,86.45,209.28,-1,-1,-1,-1
170,1,1495.92,327.61,90.74,208.47,-1,-1,-1,-1
171,1,1494.57,318.90,90.42,207.06,-1,-1,-1,-1
172,1,1492.75,295.03,91.81,213.09,-1,-1,-1,-1
173,1,1488.39,286.95,89.67,210.48,-1,-1,-1,-1
174,1,1485.54,277.29,90.72,212.45,-1,-1,-1,-1
175,1,1480.30,261.60,88.95,212.98,-1,-1,-1,-1
176,1,1477.79,252.15,89.74,213.48,-1,-1,-1,-1
177,1,1470.88,234.37,90.25,216.45,-1,-1,-1,-1
178,1,1463.01,221.98,90.34,212.11,-1,-1,-1,-1
179,1,1457.68,211.49,87.03,216.05,-1,-1,-1,-1
180,1,1454.03,205.88,89.53,213.41,-1,-1,-1,-1
181,1,1447.67,193.68,87.81,216.54,-1,-1,-1,-1
182,1,1442.36,181.35,84.37,217.50,-1,-1,-1,-1
183,1,1432.91,178.81,86.50,215.17,-1,-1,-1,-1
184,1,1425.18,172.47,87.22,216.72,-1,-1,-1,-1
185,1,1415.39,161.94,89.31,217.88,-1,-1,-1,-1
186,1,1408.91,157.80,88.33,214.68,-1,-1,-1,-1
187,1,1399.38,149.80,88.86,216.20,-1,-1,-1,-1
188,1,1390.89,148.83,89.26,214.22,-1,-1,-1,-1
189,1,1383.64,140.91,89.14,215.69,-1,-1,-1,-1
190,1,1374.17,139.25,89.80,216.54,-1,-1,-1,-1
191,1,1360.17,133.06,90.74,214.89,-1,-1,-1,-1
192,1,1352.57,133.11,88.36,216.27,-1,-1,-1,-1
193,1,1342.16,133.46,90.86,215.79,-1,-1,-1,-1
194,1,1333.54,133.43,89.48,212.41,-1,-1,-1,-1
195,1,1321.32,133.34,88.56,215.27,-1,-1,-1,-1
196,1,1311.38,134.31,89.16,214.73,-1,-1,-1,-1
197,1,1296.03,132.63,90.68,214.35,-1,-1,-1,-1
198,1,1286.83,134.07,90.16,216.32,-1,-1,-1,-1
199,1,1272.05,138.39,90.47,216.66,-1,-1,-1,-1
200,1,1263.68,145.35,88.72,217.14,-1,-1,-1,-1
201,1,1248.78,145.85,89.24,219.25,-1,-1,-1,-1
202,1,1236.93,149.96,91.83,216.03,-1,-1,-1,-1
203,1,1225.54,161.88,87.43,218.00,-1,-1,-1,-1
204,1,1213.34,169.07,91.27,217.38,-1,-1,-1,-1
205,1,1200.71,178.08,86.88,216.57,-1,-1,-1,-1
206,1,1184.19,181.01,90.33,216.18,-1,-1,-1,-1
207,1,1171.08,195.47,84.85,214.39,-1,-1,-1,-1
208,1,1160.29,204.34,87.02,213.00,-1,-1,-1,-1
209,1,1144.90,211.89,87.15,213.14,-1,-1,-1,-1
210,1,1134.93,222.47,87.48,213.89,-1,-1,-1,-1
211,1,1117.13,231.53,92.79,212.68,-1,-1,-1,-1
212,1,1100.24,246.07,94.87,213.75,-1,-1,-1,-1
213,1,1084.91,261.11,94.41,212.01,-1,-1,-1,-1
214,1,1070.52,269.81,93.30,213.01,-1,-1,-1,-1
215,1,1060.23,279.42,93.50,212.49,-1,-1,-1,-1
216,1,1043.81,293.54,95.50,213.46,-1,-1,-1,-1
217,1,1028.62,311.95,93.82,212.02,-1,-1,-1,-1
218,1,1014.05,327.61,93.12,210.33,-1,-1,-1,-1
219,1,998.85,333.65,91.12,212.24,-1,-1,-1,-1
220,1,985.30,350.23,88.13,213.75,-1,-1,-1,-1
221,1,975.50,364.71,86.39,214.91,-1,-1,-1,-1
222,1,961.27,380.61,84.04,210.94,-1,-1,-1,-1
223,1,946.26,394.10,82.13,217.05,-1,-1,-1,-1
224,1,931.08,414.61,81.08,209.18,-1,-1,-1,-1
225,1,914.26,432.24,83.85,210.21,-1,-1,-1,-1
226,1,899.78,442.68,81.75,205.64,-1,-1,-1,-1
227,1,883.96,457.19,83.04,209.68,-1,-1,-1,-1
228,1,868.03,471.37,83.20,213.19,-1,-1,-1,-1
229,1,857.18,492.12,82.68,211.36,-1,-1,-1,-1
230,1,841.61,503.56,82.74,206.96,-1,-1,-1,-1
231,1,824.78,520.55,85.04,205.90,-1,-1,-1,-1
232,1,811.13,533.86,82.30,208.01,-1,-1,-1,-1
233,1,795.28,548.37,82.37,211.31,-1,-1,-1,-1
234,1,780.84,565.00,80.57,209.95,-1,-1,-1,-1
235,1,763.12,574.93,82.79,205.76,-1,-1,-1,-1
236,1,749.50,583.72,79.45,209.81,-1,-1,-1,-1
237,1,737.36,600.54,82.76,208.89,-1,-1,-1,-1
238,1,724.57,613.80,80.08,210.96,-1,-1,-1,-1
239,1,707.71,623.28,82.15,212.60,-1,-1,-1,-1
240,1,693.29,636.77,79.44,209.93,-1,-1,-1,-1
241,1,681.98,646.32,82.29,211.44,-1,-1,-1,-1
242,1,665.94,654.24,84.29,214.39,-1,-1,-1,-1
243,1,649.96,661.67,85.67,211.14,-1,-1,-1,-1
244,1,635.49,675.38,83.41,214.55,-1,-1,-1,-1
245,1,626.04,683.01,82.72,214.91,-1,-1,-1,-1
246,1,612.84,693.22,79.14,212.49,-1,-1,-1,-1
247,1,595.80,695.65,82.89,211.29,-1,-1,-1,-1
248,1,586.34,702.67,83.57,211.67,-1,-1,-1,-1
249,1,571.65,710.45,82.32,209.66,-1,-1,-1,-1
250,1,562.15,713.01,82.97,209.28,-1,-1,-1,-1
1,2,918.09,432.92,92.43,208.58,-1,-1,-1,-1
2,2,904.02,436.61,91.11,215.12,-1,-1,-1,-1
3,2,896.48,448.98,85.81,220.92,-1,-1,-1,-1
4,2,880.98,470.33,86.89,211.60,-1,-1,-1,-1
5,2,865.27,491.65,85.67,216.19,-1,-1,-1,-1
6,2,849.13,502.73,87.18,211.77,-1,-1,-1,-1
7,2,835.07,522.11,82.68,218.95,-1,-1,-1,-1
8,2,818.08,533.34,86.12,214.18,-1,-1,-1,-1
9,2,802.31,549.71,85.54,228.15,-1,-1,-1,-1
10,2,790.98,564.17,89.25,214.01,-1,-1,-1,-1
11,2,775.27,573.81,89.18,210.59,-1,-1,-1,-1
12,2,759.63,580.28,89.67,217.90,-1,-1,-1,-1
13,2,743.41,598.90,90.85,209.90,-1,-1,-1,-1
14,2,735.67,612.09,86.90,215.21,-1,-1,-1,-1
15,2,719.43,621.53,87.90,212.68,-1,-1,-1,-1
16,2,703.23,630.41,90.10,212.39,-1,-1,-1,-1
17,2,687.87,641.54,89.22,219.58,-1,-1,-1,-1
18,2,679.09,650.50,88.71,218.40,-1,-1,-1,-1
19,2,663.50,660.90,90.29,217.05,-1,-1,-1,-1
20,2,647.17,668.90,91.40,214.83,-1,-1,-1,-1
21,2,640.34,680.15,85.58,221.31,-1,-1,-1,-1
22,2,624.15,686.24,87.74,226.86,-1,-1,-1,-1
23,2,607.37,697.49,90.37,220.26,-1,-1,-1,-1
24,2,594.35,702.64,98.21,227.18,-1,-1,-1,-1
25,2,576.84,704.33,102.94,239.60,-1,-1,-1,-1
26,2,566.21,710.59,106.77,242.58,-1,-1,-1,-1
27,2,550.55,715.75,107.12,247.47,-1,-1,-1,-1
28,2,541.75,716.95,107.93,260.92,-1,-1,-1,-1
29,2,522.77,719.76,115.19,255.12,-1,-1,-1,-1
30,2,512.19,721.28,119.15,238.07,-1,-1,-1,-1
31,2,504.10,722.26,118.79,234.18,-1,-1,-1,-1
32,2,493.77,726.58,108.98,241.11,-1,-1,-1,-1
33,2,487.04,728.21,105.63,238.52,-1,-1,-1,-1
34,2,477.47,725.97,108.57,228.48,-1,-1,-1,-1
35,2,470.51,727.46,106.15,225.21,-1,-1,-1,-1
36,2,454.78,714.20,106.25,235.47,-1,-1,-1,-1
37,2,439.87,713.90,105.45,234.53,-1,-1,-1,-1
38,2,432.29,708.01,105.14,232.67,-1,-1,-1,-1
39,2,431.78,710.95,103.00,226.34,-1,-1,-1,-1
40,2,418.06,698.87,101.08,235.21,-1,-1,-1,-1
41,2,411.10,702.99,99.47,224.59,-1,-1,-1,-1
42,2,403.51,696.74,98.20,221.58,-1,-1,-1,-1
43,2,393.65,685.32,101.62,227.58,-1,-1,-1,-1
44,2,385.02,674.50,102.48,222.07,-1,-1,-1,-1
45,2,378.78,665.56,100.36,220.26,-1,-1,-1,-1
46,2,369.52,656.67,103.23,222.53,-1,-1,-1,-1
47,2,369.41,648.84,100.63,222.66,-1,-1,-1,-1
48,2,361.55,643.58,100.78,215.92,-1,-1,-1,-1
49,2,353.20,626.86,101.94,220.60,-1,-1,-1,-1
50,2,352.48,616.52,101.25,224.90,-1,-1,-1,-1
51,2,347.29,605.78,98.29,229.61,-1,-1,-1,-1
52,2,337.63,592.40,102.57,224.13,-1,-1,-1,-1
53,2,338.21,585.12,98.72,222.37,-1,-1,-1,-1
54,2,333.71,569.81,94.71,220.92,-1,-1,-1,-1
55,2,333.26,560.19,93.32,222.99,-1,-1,-1,-1
56,2,325.64,543.46,94.82,225.20,-1,-1,-1,-1
57,2,325.50,527.85,93.25,211.01,-1,-1,-1,-1
58,2,324.72,519.47,93.67,210.03,-1,-1,-1,-1
59,2,326.32,503.49,89.38,210.06,-1,-1,-1,-1
60,2,328.01,488.67,86.37,206.74,-1,-1,-1,-1
61,2,320.24,472.34,89.14,208.87,-1,-1,-1,-1
62,2,319.70,453.15,90.40,213.02,-1,-1,-1,-1
63,2,319.18,436.62,91.10,215.02,-1,-1,-1,-1
64,2,319.24,416.96,91.45,220.48,-1,-1,-1,-1
65,2,316.85,393.88,94.85,222.12,-1,-1,-1,-1
66,2,317.35,384.89,94.26,221.68,-1,-1,-1,-1
67,2,317.74,371.08,94.29,218.89,-1,-1,-1,-1
68,2,324.46,355.99,92.83,217.62,-1,-1,-1,-1
69,2,323.84,348.60,95.81,213.61,-1,-1,-1,-1
70,2,325.67,334.00,93.42,212.75,-1,-1,-1,-1
71,2,323.69,325.98,98.61,209.77,-1,-1,-1,-1
72,2,332.46,311.09,94.76,210.32,-1,-1,-1,-1
73,2,333.09,303.32,96.05,207.41,-1,-1,-1,-1
74,2,340.69,279.00,93.77,213.21,-1,-1,-1,-1
75,2,347.10,262.15,96.02,214.55,-1,-1,-1,-1
76,2,349.55,255.26,94.59,210.73,-1,-1,-1,-1
77,2,354.90,246.06,97.18,211.00,-1,-1,-1,-1
78,2,362.85,229.89,96.93,214.38,-1,-1,-1,-1
79,2,364.44,223.02,97.57,208.33,-1,-1,-1,-1
80,2,371.27,206.11,97.35,214.61,-1,-1,-1,-1
81,2,379.10,196.13,95.94,217.80,-1,-1,-1,-1
82,2,379.71,197.71,98.99,212.10,-1,-1,-1,-1
83,2,387.02,180.18,97.43,217.60,-1,-1,-1,-1
84,2,395.82,171.40,96.30,218.88,-1,-1,-1,-1
85,2,402.74,163.60,97.29,219.82,-1,-1,-1,-1
86,2,411.32,164.74,96.58,212.92,-1,-1,-1,-1
87,2,419.44,154.68,96.11,216.65,-1,-1,-1,-1
88,2,428.48,147.21,95.33,219.55,-1,-1,-1,-1
89,2,436.31,147.26,95.67,216.73,-1,-1,-1,-1
90,2,443.96,141.80,96.64,214.98,-1,-1,-1,-1
91,2,459.28,140.01,96.02,215.05,-1,-1,-1,-1
92,2,466.70,133.13,97.44,216.66,-1,-1,-1,-1
93,2,475.60,132.36,97.66,217.43,-1,-1,-1,-1
94,2,484.84,132.65,95.14,217.14,-1,-1,-1,-1
95,2,497.97,133.37,97.87,213.32,-1,-1,-1,-1
96,2,507.62,132.28,97.60,217.43,-1,-1,-1,-1
97,2,517.67,131.74,94.87,219.25,-1,-1,-1,-1
98,2,532.35,133.96,94.32,215.58,-1,-1,-1,-1
99,2,541.58,139.69,93.73,217.03,-1,-1,-1,-1
100,2,557.32,148.40,93.44,212.74,-1,-1,-1,-1
101,2,565.44,148.58,94.47,215.86,-1,-1,-1,-1
102,2,579.80,149.32,94.75,216.81,-1,-1,-1,-1
103,2,590.77,154.90,92.15,217.27,-1,-1,-1,-1
104,2,605.13,160.81,92.59,221.40,-1,-1,-1,-1
105,2,620.20,168.89,93.27,222.11,-1,-1,-1,-1
106,2,630.04,176.41,92.29,224.88,-1,-1,-1,-1
107,2,645.44,184.24,91.63,223.07,-1,-1,-1,-1
108,2,660.07,192.49,93.36,224.22,-1,-1,-1,-1
109,2,669.84,209.25,92.84,219.49,-1,-1,-1,-1
110,2,684.78,212.69,94.60,217.09,-1,-1,-1,-1
111,2,700.14,227.40,95.41,216.73,-1,-1,-1,-1
112,2,717.28,232.96,92.00,224.08,-1,-1,-1,-1
113,2,726.75,252.59,91.10,214.76,-1,-1,-1,-1
114,2,742.94,257.58,89.84,221.28,-1,-1,-1,-1
115,2,757.06,266.24,93.25,221.51,-1,-1,-1,-1
116,2,771.37,280.67,96.16,220.95,-1,-1,-1,-1
117,2,780.27,297.49,96.85,219.94,-1,-1,-1,-1
118,2,795.35,313.42,98.22,221.67,-1,-1,-1,-1
119,2,809.74,320.53,101.51,223.04,-1,-1,-1,-1
120,2,826.85,332.38,98.86,231.14,-1,-1,-1,-1
121,2,842.65,342.49,99.49,228.12,-1,-1,-1,-1
122,2,857.21,356.56,101.92,231.18,-1,-1,-1,-1
123,2,873.59,367.58,99.75,241.66,-1,-1,-1,-1
124,2,888.39,388.10,101.24,232.61,-1,-1,-1,-1
125,2,899.50,409.80,98.90,222.11,-1,-1,-1,-1
126,2,915.31,435.71,97.00,215.11,-1,-1,-1,-1
127,2,933.12,442.66,93.46,220.34,-1,-1,-1,-1
128,2,950.64,463.64,89.84,209.82,-1,-1,-1,-1
129,2,966.96,474.50,88.25,220.25,-1,-1,-1,-1
130,2,984.31,500.11,86.24,216.12,-1,-1,-1,-1
131,2,998.29,513.61,90.80,206.23,-1,-1,-1,-1
132,2,1014.92,524.27,88.37,215.91,-1,-1,-1,-1
133,2,1025.25,540.76,86.91,213.26,-1,-1,-1,-1
134,2,1040.71,553.99,87.75,219.51,-1,-1,-1,-1
135,2,1056.60,570.22,87.03,217.47,-1,-1,-1,-1
136,2,1071.41,582.15,89.86,210.72,-1,-1,-1,-1
137,2,1087.32,594.05,88.89,218.87,-1,-1,-1,-1
138,2,1101.28,602.18,93.26,221.03,-1,-1,-1,-1
139,2,1117.75,618.98,90.96,217.89,-1,-1,-1,-1
140,2,1127.19,628.36,90.38,216.72,-1,-1,-1,-1
141,2,1142.62,642.80,90.95,217.03,-1,-1,-1,-1
142,2,1158.08,652.54,90.48,213.77,-1,-1,-1,-1
143,2,1172.37,659.54,94.20,215.56,-1,-1,-1,-1
144,2,1189.06,668.78,92.09,215.87,-1,-1,-1,-1
145,2,1197.87,674.56,92.90,222.97,-1,-1,-1,-1
146,2,1212.19,682.88,95.15,220.92,-1,-1,-1,-1
147,2,1221.55,691.52,94.26,219.43,-1,-1,-1,-1
148,2,1236.37,697.80,95.29,219.56,-1,-1,-1,-1
149,2,1252.04,706.40,95.69,219.94,-1,-1,-1,-1
150,2,1267.61,714.04,95.19,219.66,-1,-1,-1,-1
151,2,1274.42,716.66,98.76,214.10,-1,-1,-1,-1
152,2,1284.73,722.35,95.81,217.90,-1,-1,-1,-1
153,2,1300.90,724.91,93.13,215.33,-1,-1,-1,-1
154,2,1308.58,723.84,95.96,216.38,-1,-1,-1,-1
155,2,1323.38,723.10,95.89,219.71,-1,-1,-1,-1
156,2,1332.08,726.74,96.12,212.83,-1,-1,-1,-1
157,2,1347.50,732.34,94.97,216.28,-1,-1,-1,-1
158,2,1354.44,733.04,98.16,214.36,-1,-1,-1,-1
159,2,1363.84,733.20,96.74,210.61,-1,-1,-1,-1
160,2,1371.50,725.60,97.96,214.04,-1,-1,-1,-1
161,2,1379.95,724.19,97.70,216.57,-1,-1,-1,-1
162,2,1396.62,721.09,93.43,221.27,-1,-1,-1,-1
163,2,1404.06,714.55,94.18,220.57,-1,-1,-1,-1
164,2,1411.00,708.55,96.10,217.28,-1,-1,-1,-1
165,2,1420.79,698.83,93.58,220.55,-1,-1,-1,-1
166,2,1428.54,699.75,94.73,215.57,-1,-1,-1,-1
167,2,1436.54,693.04,95.07,216.45,-1,-1,-1,-1
168,2,1443.26,683.42,96.55,219.99,-1,-1,-1,-1
169,2,1451.19,675.51,97.17,216.57,-1,-1,-1,-1
170,2,1459.34,670.04,95.47,212.71,-1,-1,-1,-1
171,2,1460.38,658.90,97.14,217.76,-1,-1,-1,-1
172,2,1468.17,651.83,95.92,215.09,-1,-1,-1,-1
173,2,1474.82,637.86,97.43,213.74,-1,-1,-1,-1
174,2,1483.44,628.11,94.89,217.86,-1,-1,-1,-1
175,2,1485.81,613.48,94.66,214.76,-1,-1,-1,-1
176,2,1491.98,605.24,95.15,211.37,-1,-1,-1,-1
177,2,1493.63,595.55,94.81,214.63,-1,-1,-1,-1
178,2,1500.28,580.22,95.08,215.66,-1,-1,-1,-1
179,2,1501.54,569.25,94.79,219.33,-1,-1,-1,-1
180,2,1502.57,549.62,93.67,227.80,-1,-1,-1,-1
181,2,1508.08,538.69,94.31,232.99,-1,-1,-1,-1
182,2,1508.34,522.09,94.93,233.98,-1,-1,-1,-1
183,2,1509.91,509.05,93.42,213.87,-1,-1,-1,-1
184,2,1516.30,494.48,92.95,211.29,-1,-1,-1,-1
185,2,1516.39,478.91,93.54,210.39,-1,-1,-1,-1
186,2,1517.33,470.16,93.29,210.17,-1,-1,-1,-1
187,2,1516.75,447.26,94.18,210.21,-1,-1,-1,-1
188,2,1517.00,430.92,92.88,212.26,-1,-1,-1,-1
189,2,1516.42,422.16,95.62,210.32,-1,-1,-1,-1
190,2,1516.47,394.19,94.27,220.45,-1,-1,-1,-1
191,2,1514.79,375.86,96.13,224.01,-1,-1,-1,-1
192,2,1507.63,357.49,99.42,228.18,-1,-1,-1,-1
193,2,1503.90,339.15,105.59,233.56,-1,-1,-1,-1
194,2,1502.21,327.15,107.65,228.17,-1,-1,-1,-1
195,2,1502.26,318.94,105.78,224.25,-1,-1,-1,-1
196,2,1497.47,306.89,103.05,219.16,-1,-1,-1,-1
197,2,1497.52,297.32,100.88,219.38,-1,-1,-1,-1
198,2,1497.36,282.87,99.99,217.48,-1,-1,-1,-1
199,2,1490.88,268.30,97.73,216.19,-1,-1,-1,-1
200,2,1490.80,259.34,96.29,217.40,-1,-1,-1,-1
201,2,1484.10,251.29,96.59,215.08,-1,-1,-1,-1
202,2,1476.86,235.16,95.17,216.12,-1,-1,-1,-1
203,2,1474.77,220.43,96.88,214.98,-1,-1,-1,-1
204,2,1468.34,221.19,95.18,211.29,-1,-1,-1,-1
205,2,1461.28,205.57,93.04,211.83,-1,-1,-1,-1
206,2,1453.05,188.95,96.87,217.26,-1,-1,-1,-1
207,2,1446.39,189.18,93.23,214.05,-1,-1,-1,-1
208,2,1441.42,167.84,98.41,224.68,-1,-1,-1,-1
209,2,1432.22,163.81,101.47,219.28,-1,-1,-1,-1
210,2,1425.12,157.17,100.81,216.27,-1,-1,-1,-1
211,2,1416.76,146.87,100.60,221.81,-1,-1,-1,-1
212,2,1409.39,147.71,100.30,218.41,-1,-1,-1,-1
213,2,1401.26,147.33,99.17,216.72,-1,-1,-1,-1
214,2,1394.95,142.06,96.62,214.93,-1,-1,-1,-1
215,2,1379.56,139.55,98.09,215.26,-1,-1,-1,-1
216,2,1371.04,131.87,98.30,219.25,-1,-1,-1,-1
217,2,1361.97,131.82,100.07,216.55,-1,-1,-1,-1
218,2,1351.77,130.57,102.31,217.47,-1,-1,-1,-1
219,2,1337.57,132.09,103.61,217.88,-1,-1,-1,-1
220,2,1330.41,130.07,99.10,219.22,-1,-1,-1,-1
221,2,1313.91,129.69,102.66,220.88,-1,-1,-1,-1
222,2,1305.78,138.10,100.88,215.82,-1,-1,-1,-1
223,2,1295.71,133.00,102.69,216.63,-1,-1,-1,-1
224,2,1282.11,141.43,101.08,215.19,-1,-1,-1,-1
225,2,1273.62,148.48,99.12,215.17,-1,-1,-1,-1
226,2,1259.38,148.90,99.25,216.82,-1,-1,-1,-1
227,2,1250.44,155.81,96.61,215.08,-1,-1,-1,-1
228,2,1236.78,164.22,94.54,211.94,-1,-1,-1,-1
229,2,1220.26,168.53,96.24,220.22,-1,-1,-1,-1
230,2,1211.53,179.12,94.60,217.66,-1,-1,-1,-1
231,2,1194.62,186.60,97.61,215.92,-1,-1,-1,-1
232,2,1179.94,195.30,97.51,214.37,-1,-1,-1,-1
233,2,1164.49,203.51,96.02,214.01,-1,-1,-1,-1
234,2,1156.79,212.23,93.23,215.62,-1,-1,-1,-1
235,2,1140.92,227.57,93.26,213.69,-1,-1,-1,-1
236,2,1123.63,226.95,97.94,220.73,-1,-1,-1,-1
237,2,1116.52,244.97,93.43,214.39,-1,-1,-1,-1
238,2,1099.04,251.11,97.37,219.50,-1,-1,-1,-1
239,2,1084.57,270.07,94.70,211.01,-1,-1,-1,-1
240,2,1068.80,284.88,93.80,212.21,-1,-1,-1,-1
241,2,1052.90,301.73,95.12,211.87,-1,-1,-1,-1
242,2,1036.35,309.28,97.12,212.03,-1,-1,-1,-1
243,2,1022.29,323.09,93.36,215.72,-1,-1,-1,-1
244,2,1012.58,327.29,92.97,224.93,-1,-1,-1,-1
245,2,997.46,343.53,92.10,223.97,-1,-1,-1,-1
246,2,979.49,353.68,96.08,221.15,-1,-1,-1,-1
247,2,965.81,365.99,92.40,228.32,-1,-1,-1,-1
248,2,950.71,393.03,90.64,220.10,-1,-1,-1,-1
249,2,933.30,404.76,95.26,215.09,-1,-1,-1,-1
250,2,918.69,419.09,93.14,218.67,-1,-1,-1,-1
