1,1,747.02,134.06,79.41,211.40,-1,-1,-1,-1
2,1,747.02,127.36,82.40,212.25,-1,-1,-1,-1
3,1,748.51,127.01,82.67,210.95,-1,-1,-1,-1
4,1,748.86,123.58,82.15,212.40,-1,-1,-1,-1
5,1,752.83,115.37,83.67,212.80,-1,-1,-1,-1
6,1,753.62,110.83,84.19,211.26,-1,-1,-1,-1
7,1,756.35,110.93,81.67,213.23,-1,-1,-1,-1
8,1,756.09,108.28,83.07,210.37,-1,-1,-1,-1
9,1,761.08,99.81,83.58,213.62,-1,-1,-1,-1
10,1,761.63,104.44,83.11,212.22,-1,-1,-1,-1
11,1,761.61,92.50,84.25,212.08,-1,-1,-1,-1
12,1,761.47,99.87,87.80,212.27,-1,-1,-1,-1
13,1,767.04,94.09,87.49,211.97,-1,-1,-1,-1
14,1,769.26,93.09,85.62,211.61,-1,-1,-1,-1
15,1,770.81,94.46,83.34,211.14,-1,-1,-1,-1
16,1,774.41,87.40,78.55,213.13,-1,-1,-1,-1
17,1,777.37,88.38,81.29,210.45,-1,-1,-1,-1
18,1,778.40,81.50,82.54,209.95,-1,-1,-1,-1
19,1,778.70,84.31,83.03,213.37,-1,-1,-1,-1
20,1,781.72,79.87,80.42,210.49,-1,-1,-1,-1
21,1,784.78,78.70,82.60,210.50,-1,-1,-1,-1
22,1,787.32,83.58,81.74,216.22,-1,-1,-1,-1
23,1,787.02,87.43,84.22,210.51,-1,-1,-1,-1
24,1,789.47,80.50,80.78,212.02,-1,-1,-1,-1
25,1,788.70,90.69,82.77,213.77,-1,-1,-1,-1
26,1,792.74,80.68,84.40,211.56,-1,-1,-1,-1
27,1,794.24,83.77,84.16,214.96,-1,-1,-1,-1
28,1,793.15,88.08,88.04,211.22,-1,-1,-1,-1
29,1,798.51,88.81,87.64,210.94,-1,-1,-1,-1
30,1,800.41,89.25,85.84,210.36,-1,-1,-1,-1
31,1,803.65,91.90,81.84,210.36,-1,-1,-1,-1
32,1,805.53,91.28,80.62,211.75,-1,-1,-1,-1
33,1,809.30,89.65,81.86,210.01,-1,-1,-1,-1
34,1,810.70,99.13,80.74,216.44,-1,-1,-1,-1
35,1,811.66,104.45,82.54,210.98,-1,-1,-1,-1
36,1,813.81,110.07,80.55,216.12,-1,-1,-1,-1
37,1,817.92,110.69,81.61,211.69,-1,-1,-1,-1
38,1,819.41,112.68,81.89,211.00,-1,-1,-1,-1
39,1,819.88,122.67,83.24,213.73,-1,-1,-1,-1
40,1,821.45,120.18,81.14,212.77,-1,-1,-1,-1
41,1,825.79,127.57,81.55,213.88,-1,-1,-1,-1
42,1,827.31,136.72,80.83,210.41,-1,-1,-1,-1
43,1,827.22,140.97,83.14,210.81,-1,-1,-1,-1
44,1,828.46,132.05,82.71,213.27,-1,-1,-1,-1
45,1,832.77,143.59,83.60,221.99,-1,-1,-1,-1
46,1,833.84,142.29,82.89,211.30,-1,-1,-1,-1
47,1,835.78,153.97,82.20,215.16,-1,-1,-1,-1
48,1,836.70,163.44,82.32,213.18,-1,-1,-1,-1
49,1,840.97,170.35,83.06,214.42,-1,-1,-1,-1
50,1,841.66,164.54,83.88,212.60,-1,-1,-1,-1
51,1,843.07,171.45,83.39,216.76,-1,-1,-1,-1
52,1,843.33,180.21,84.19,211.86,-1,-1,-1,-1
53,1,848.43,181.66,83.97,211.64,-1,-1,-1,-1
54,1,848.72,195.45,85.72,214.56,-1,-1,-1,-1
55,1,849.85,195.92,85.69,212.45,-1,-1,-1,-1
56,1,849.18,202.95,87.10,219.06,-1,-1,-1,-1
57,1,850.51,207.57,86.07,213.30,-1,-1,-1,-1
58,1,854.74,221.73,87.94,209.53,-1,-1,-1,-1
59,1,855.58,223.21,88.81,206.25,-1,-1,-1,-1
60,1,856.70,234.24,88.72,217.64,-1,-1,-1,-1
61,1,862.90,246.45,87.63,209.33,-1,-1,-1,-1
62,1,864.31,245.75,87.77,209.56,-1,-1,-1,-1
63,1,865.53,249.60,85.89,209.02,-1,-1,-1,-1
64,1,868.14,257.11,82.52,210.06,-1,-1,-1,-1
65,1,867.34,269.41,84.40,209.62,-1,-1,-1,-1
66,1,874.31,281.40,81.69,209.33,-1,-1,-1,-1
67,1,875.54,289.75,82.38,209.29,-1,-1,-1,-1
68,1,875.81,297.51,83.01,206.14,-1,-1,-1,-1
69,1,881.49,305.56,82.48,208.70,-1,-1,-1,-1
70,1,881.91,310.35,83.84,207.24,-1,-1,-1,-1
71,1,883.79,314.84,82.08,206.02,-1,-1,-1,-1
72,1,884.48,327.42,82.43,207.37,-1,-1,-1,-1
73,1,889.78,331.35,82.84,205.97,-1,-1,-1,-1
74,1,890.35,350.33,83.96,208.56,-1,-1,-1,-1
75,1,891.37,361.61,83.53,205.54,-1,-1,-1,-1
76,1,896.65,368.31,83.31,207.82,-1,-1,-1,-1
77,1,897.58,369.49,83.11,207.29,-1,-1,-1,-1
78,1,898.82,375.02,82.14,206.22,-1,-1,-1,-1
79,1,900.01,384.28,80.75,206.77,-1,-1,-1,-1
80,1,901.83,398.02,80.44,209.42,-1,-1,-1,-1
81,1,907.10,402.52,79.22,207.75,-1,-1,-1,-1
82,1,908.34,411.11,79.70,206.02,-1,-1,-1,-1
83,1,908.29,426.12,80.70,205.03,-1,-1,-1,-1
84,1,909.17,434.18,81.51,203.41,-1,-1,-1,-1
85,1,914.30,441.14,81.08,204.41,-1,-1,-1,-1
86,1,916.79,449.63,79.78,202.12,-1,-1,-1,-1
87,1,918.89,462.31,76.76,207.27,-1,-1,-1,-1
88,1,919.87,473.07,76.20,201.74,-1,-1,-1,-1
89,1,924.58,475.95,76.48,199.71,-1,-1,-1,-1
90,1,924.84,481.65,79.02,200.42,-1,-1,-1,-1
91,1,925.51,496.03,78.23,208.27,-1,-1,-1,-1
92,1,925.71,507.42,79.24,201.41,-1,-1,-1,-1
93,1,931.64,519.65,78.32,205.13,-1,-1,-1,-1
94,1,932.79,517.30,79.26,201.75,-1,-1,-1,-1
95,1,934.88,529.51,75.45,206.00,-1,-1,-1,-1
96,1,936.55,540.37,73.65,203.19,-1,-1,-1,-1
97,1,935.97,541.22,75.24,201.46,-1,-1,-1,-1
98,1,940.30,555.34,77.85,201.47,-1,-1,-1,-1
99,1,942.23,564.64,75.56,202.21,-1,-1,-1,-1
100,1,942.65,569.62,76.45,201.87,-1,-1,-1,-1
101,1,942.82,575.52,77.23,204.13,-1,-1,-1,-1
102,1,947.30,585.76,79.46,201.04,-1,-1,-1,-1
103,1,949.01,600.45,79.01,205.79,-1,-1,-1,-1
104,1,948.62,608.56,82.21,206.41,-1,-1,-1,-1
105,1,948.09,607.25,83.07,206.20,-1,-1,-1,-1
106,1,953.17,616.86,84.33,208.10,-1,-1,-1,-1
107,1,955.08,628.05,83.26,212.42,-1,-1,-1,-1
108,1,954.51,632.32,85.53,209.30,-1,-1,-1,-1
109,1,959.69,638.54,86.19,207.66,-1,-1,-1,-1
110,1,959.68,647.55,87.87,208.59,-1,-1,-1,-1
111,1,960.83,651.24,86.50,206.56,-1,-1,-1,-1
112,1,963.67,658.60,84.04,213.78,-1,-1,-1,-1
113,1,969.85,667.18,82.64,213.72,-1,-1,-1,-1
114,1,971.47,677.73,81.04,210.61,-1,-1,-1,-1
115,1,971.23,680.85,82.77,210.00,-1,-1,-1,-1
116,1,972.17,684.33,82.82,211.16,-1,-1,-1,-1
117,1,978.75,691.70,80.27,215.40,-1,-1,-1,-1
118,1,979.35,696.53,80.88,211.00,-1,-1,-1,-1
119,1,979.85,701.98,81.10,211.28,-1,-1,-1,-1
120,1,980.84,703.93,81.48,209.55,-1,-1,-1,-1
121,1,985.60,709.13,81.68,210.23,-1,-1,-1,-1
122,1,986.37,717.05,82.43,216.07,-1,-1,-1,-1
123,1,986.10,717.23,84.38,212.68,-1,-1,-1,-1
124,1,985.08,724.73,88.41,216.56,-1,-1,-1,-1
125,1,991.70,728.68,85.79,211.55,-1,-1,-1,-1
126,1,994.13,740.84,82.97,212.84,-1,-1,-1,-1
127,1,995.56,734.65,81.61,212.29,-1,-1,-1,-1
128,1,996.92,742.59,80.78,214.67,-1,-1,-1,-1
129,1,1001.50,752.62,81.29,211.42,-1,-1,-1,-1
130,1,1004.18,758.42,79.25,209.85,-1,-1,-1,-1
131,1,1004.35,757.35,80.43,210.43,-1,-1,-1,-1
132,1,1005.03,762.97,80.76,213.76,-1,-1,-1,-1
133,1,1010.38,760.34,80.50,210.92,-1,-1,-1,-1
134,1,1011.41,767.79,81.07,209.56,-1,-1,-1,-1
135,1,1013.01,774.34,80.46,209.22,-1,-1,-1,-1
136,1,1017.41,775.18,81.73,209.11,-1,-1,-1,-1
137,1,1018.47,765.49,81.05,211.95,-1,-1,-1,-1
138,1,1019.75,769.49,80.59,209.24,-1,-1,-1,-1
139,1,1021.50,774.58,79.90,210.32,-1,-1,-1,-1
140,1,1024.80,781.22,83.27,211.70,-1,-1,-1,-1
141,1,1026.10,781.66,82.26,210.14,-1,-1,-1,-1
142,1,1027.40,776.92,81.01,209.77,-1,-1,-1,-1
143,1,1027.70,784.03,81.14,212.95,-1,-1,-1,-1
144,1,1028.89,781.85,81.54,211.67,-1,-1,-1,-1
145,1,1033.68,784.24,80.85,209.51,-1,-1,-1,-1
146,1,1034.49,788.84,81.76,213.25,-1,-1,-1,-1
147,1,1035.51,782.54,82.66,213.19,-1,-1,-1,-1
148,1,1041.40,787.45,81.95,216.79,-1,-1,-1,-1
149,1,1041.79,781.16,83.10,213.61,-1,-1,-1,-1
150,1,1042.86,788.26,82.79,213.32,-1,-1,-1,-1
151,1,1044.26,774.03,81.76,213.24,-1,-1,-1,-1
152,1,1049.09,775.68,82.28,208.79,-1,-1,-1,-1
153,1,1050.63,774.19,80.84,208.86,-1,-1,-1,-1
154,1,1051.80,768.06,80.83,210.63,-1,-1,-1,-1
155,1,1052.44,773.26,81.43,210.81,-1,-1,-1,-1
156,1,1052.29,766.73,82.76,211.39,-1,-1,-1,-1
157,1,1055.61,764.65,85.75,210.94,-1,-1,-1,-1
158,1,1058.75,769.92,82.58,207.76,-1,-1,-1,-1
159,1,1060.97,773.57,80.53,209.75,-1,-1,-1,-1
160,1,1061.07,764.14,81.43,212.59,-1,-1,-1,-1
161,1,1065.72,758.29,81.71,212.11,-1,-1,-1,-1
162,1,1067.56,761.10,80.46,209.05,-1,-1,-1,-1
163,1,1066.96,748.86,83.79,213.30,-1,-1,-1,-1
164,1,1072.11,747.95,85.09,212.70,-1,-1,-1,-1
165,1,1073.08,749.40,84.82,213.99,-1,-1,-1,-1
166,1,1073.62,742.33,86.26,213.80,-1,-1,-1,-1
167,1,1078.70,734.93,87.88,212.79,-1,-1,-1,-1
168,1,1078.52,732.87,88.60,211.52,-1,-1,-1,-1
169,1,1079.95,724.81,87.55,213.96,-1,-1,-1,-1
170,1,1080.66,717.26,87.88,211.25,-1,-1,-1,-1
171,1,1081.15,712.30,86.62,210.31,-1,-1,-1,-1
172,1,1087.48,709.96,85.87,209.84,-1,-1,-1,-1
173,1,1090.46,702.32,82.13,209.85,-1,-1,-1,-1
174,1,1091.36,695.71,81.68,210.58,-1,-1,-1,-1
175,1,1092.67,697.33,80.96,209.60,-1,-1,-1,-1
176,1,1093.53,697.97,80.28,209.28,-1,-1,-1,-1
177,1,1097.03,679.27,83.28,210.88,-1,-1,-1,-1
178,1,1098.88,679.65,82.12,206.14,-1,-1,-1,-1
179,1,1099.71,680.32,83.04,206.61,-1,-1,-1,-1
180,1,1100.02,661.87,82.92,214.21,-1,-1,-1,-1
181,1,1105.56,664.28,82.88,209.37,-1,-1,-1,-1
182,1,1106.73,654.75,82.62,212.49,-1,-1,-1,-1
183,1,1107.18,645.27,83.45,212.02,-1,-1,-1,-1
184,1,1112.68,637.29,85.24,211.39,-1,-1,-1,-1
185,1,1114.66,627.82,83.31,213.09,-1,-1,-1,-1
186,1,1114.36,623.06,85.59,209.02,-1,-1,-1,-1
187,1,1115.78,624.20,83.60,206.36,-1,-1,-1,-1
188,1,1121.73,607.27,83.74,209.23,-1,-1,-1,-1
189,1,1122.36,607.76,83.78,203.93,-1,-1,-1,-1
190,1,1124.05,601.47,81.30,206.76,-1,-1,-1,-1
191,1,1124.78,590.72,81.90,209.30,-1,-1,-1,-1
192,1,1129.57,588.76,81.97,202.41,-1,-1,-1,-1
193,1,1129.88,569.04,82.56,209.11,-1,-1,-1,-1
194,1,1130.50,559.96,83.55,206.58,-1,-1,-1,-1
195,1,1131.28,559.86,82.96,204.18,-1,-1,-1,-1
196,1,1137.25,546.09,83.04,206.29,-1,-1,-1,-1
197,1,1138.93,539.93,81.34,204.62,-1,-1,-1,-1
198,1,1139.20,538.22,81.68,203.08,-1,-1,-1,-1
199,1,1139.93,531.00,82.90,203.70,-1,-1,-1,-1
200,1,1141.02,522.36,81.42,204.04,-1,-1,-1,-1
201,1,1144.67,503.60,85.26,206.02,-1,-1,-1,-1
202,1,1145.71,498.96,84.56,200.45,-1,-1,-1,-1
203,1,1148.11,483.13,81.51,203.83,-1,-1,-1,-1
204,1,1149.23,482.52,80.69,203.78,-1,-1,-1,-1
205,1,1153.73,467.39,82.06,206.00,-1,-1,-1,-1
206,1,1155.03,468.63,81.35,202.13,-1,-1,-1,-1
207,1,1156.40,448.29,80.41,207.35,-1,-1,-1,-1
208,1,1157.23,448.38,81.22,203.36,-1,-1,-1,-1
209,1,1162.39,444.01,80.11,203.74,-1,-1,-1,-1
210,1,1163.35,421.98,81.82,209.45,-1,-1,-1,-1
211,1,1165.23,424.62,80.00,203.87,-1,-1,-1,-1
212,1,1169.19,404.12,73.04,211.93,-1,-1,-1,-1
213,1,1171.58,406.26,77.96,208.55,-1,-1,-1,-1
214,1,1172.16,383.67,79.27,210.48,-1,-1,-1,-1
215,1,1171.59,385.82,82.54,206.19,-1,-1,-1,-1
216,1,1173.37,378.02,80.36,206.72,-1,-1,-1,-1
217,1,1177.81,360.97,82.38,209.08,-1,-1,-1,-1
218,1,1178.35,353.79,83.43,206.49,-1,-1,-1,-1
219,1,1179.25,351.38,83.95,205.94,-1,-1,-1,-1
220,1,1179.24,332.49,84.45,211.80,-1,-1,-1,-1
221,1,1184.32,334.48,84.92,207.11,-1,-1,-1,-1
222,1,1186.05,327.56,83.80,208.67,-1,-1,-1,-1
223,1,1185.87,317.39,85.99,209.12,-1,-1,-1,-1
224,1,1187.01,308.75,84.54,210.11,-1,-1,-1,-1
225,1,1192.57,302.24,84.18,209.04,-1,-1,-1,-1
226,1,1194.21,288.47,83.28,210.86,-1,-1,-1,-1
227,1,1193.81,278.95,84.96,210.57,-1,-1,-1,-1
228,1,1195.57,270.36,83.71,210.36,-1,-1,-1,-1
229,1,1200.68,255.89,84.38,211.56,-1,-1,-1,-1
230,1,1201.84,257.31,83.86,207.26,-1,-1,-1,-1
231,1,1201.62,243.10,85.49,213.90,-1,-1,-1,-1
232,1,1202.30,239.98,85.42,211.94,-1,-1,-1,-1
233,1,1203.93,227.29,82.64,214.39,-1,-1,-1,-1
234,1,1208.67,228.81,84.28,210.15,-1,-1,-1,-1
235,1,1212.30,215.01,80.27,214.21,-1,-1,-1,-1
236,1,1211.10,211.24,82.38,213.67,-1,-1,-1,-1
237,1,1213.19,212.56,80.66,214.71,-1,-1,-1,-1
238,1,1217.18,192.65,83.25,220.07,-1,-1,-1,-1
239,1,1220.58,190.55,79.93,214.69,-1,-1,-1,-1
240,1,1220.82,181.11,80.56,215.59,-1,-1,-1,-1
241,1,1225.75,180.03,81.93,213.15,-1,-1,-1,-1
242,1,1226.20,172.12,83.34,213.64,-1,-1,-1,-1
243,1,1227.27,171.35,82.73,212.32,-1,-1,-1,-1
244,1,1229.24,170.94,81.15,214.01,-1,-1,-1,-1
245,1,1232.46,162.96,83.14,214.37,-1,-1,-1,-1
246,1,1234.85,158.16,82.06,212.44,-1,-1,-1,-1
247,1,1234.39,146.63,84.58,214.75,-1,-1,-1,-1
248,1,1234.08,134.59,87.06,214.53,-1,-1,-1,-1
249,1,1239.43,136.49,86.05,211.16,-1,-1,-1,-1
250,1,1240.14,131.35,87.35,214.14,-1,-1,-1,-1
1,2,918.38,434.33,91.45,205.69,-1,-1,-1,-1
2,2,921.48,440.35,87.03,209.15,-1,-1,-1,-1
3,2,927.28,449.55,86.62,203.95,-1,-1,-1,-1
4,2,928.58,452.60,84.89,215.27,-1,-1,-1,-1
5,2,929.48,466.08,84.51,218.15,-1,-1,-1,-1
6,2,929.93,469.66,85.68,214.16,-1,-1,-1,-1
7,2,936.50,479.41,83.77,210.08,-1,-1,-1,-1
8,2,937.76,488.21,83.12,223.83,-1,-1,-1,-1
9,2,939.02,504.62,81.86,223.04,-1,-1,-1,-1
10,2,938.07,509.14,85.52,212.68,-1,-1,-1,-1
11,2,938.34,519.41,85.70,225.18,-1,-1,-1,-1
12,2,943.43,523.66,87.34,217.93,-1,-1,-1,-1
13,2,946.24,536.83,84.50,221.80,-1,-1,-1,-1
14,2,946.01,543.88,86.14,224.40,-1,-1,-1,-1
15,2,951.61,548.28,86.50,230.78,-1,-1,-1,-1
16,2,951.87,554.29,87.51,234.55,-1,-1,-1,-1
17,2,952.81,568.32,87.63,223.26,-1,-1,-1,-1
18,2,959.12,574.32,87.18,212.23,-1,-1,-1,-1
19,2,959.45,578.49,87.41,218.95,-1,-1,-1,-1
20,2,958.74,586.73,89.57,219.92,-1,-1,-1,-1
21,2,960.85,595.89,87.24,217.15,-1,-1,-1,-1
22,2,960.92,606.53,89.01,210.43,-1,-1,-1,-1
23,2,968.00,612.34,85.92,214.03,-1,-1,-1,-1
24,2,967.18,618.98,89.68,216.90,-1,-1,-1,-1
25,2,968.67,632.65,88.53,220.29,-1,-1,-1,-1
26,2,967.77,634.82,90.66,216.66,-1,-1,-1,-1
27,2,974.99,639.09,88.54,211.87,-1,-1,-1,-1
28,2,975.65,649.88,89.03,219.24,-1,-1,-1,-1
29,2,976.24,659.42,89.70,217.89,-1,-1,-1,-1
30,2,982.62,669.11,88.56,215.02,-1,-1,-1,-1
31,2,981.78,668.94,91.91,213.17,-1,-1,-1,-1
32,2,983.53,674.39,90.44,218.93,-1,-1,-1,-1
33,2,985.08,682.33,87.94,219.24,-1,-1,-1,-1
34,2,989.49,682.70,90.73,217.63,-1,-1,-1,-1
35,2,990.21,682.95,90.39,220.05,-1,-1,-1,-1
36,2,990.63,694.63,91.15,224.80,-1,-1,-1,-1
37,2,989.08,704.30,96.14,223.40,-1,-1,-1,-1
38,2,994.21,705.10,97.37,224.62,-1,-1,-1,-1
39,2,995.62,709.99,95.66,225.75,-1,-1,-1,-1
40,2,996.09,709.78,95.13,229.82,-1,-1,-1,-1
41,2,996.90,723.61,95.31,218.88,-1,-1,-1,-1
42,2,998.51,732.66,93.76,222.02,-1,-1,-1,-1
43,2,1005.96,737.77,90.37,220.49,-1,-1,-1,-1
44,2,1005.46,735.97,93.52,226.08,-1,-1,-1,-1
45,2,1006.78,744.24,92.69,222.75,-1,-1,-1,-1
46,2,1013.88,744.26,90.87,224.95,-1,-1,-1,-1
47,2,1012.53,744.53,95.24,223.30,-1,-1,-1,-1
48,2,1012.96,744.26,95.53,226.72,-1,-1,-1,-1
49,2,1020.73,750.29,92.43,227.68,-1,-1,-1,-1
50,2,1019.60,752.39,95.86,224.92,-1,-1,-1,-1
51,2,1020.94,760.71,93.92,224.39,-1,-1,-1,-1
52,2,1019.90,770.15,97.20,221.32,-1,-1,-1,-1
53,2,1021.55,775.75,95.13,222.52,-1,-1,-1,-1
54,2,1027.67,774.91,94.91,225.65,-1,-1,-1,-1
55,2,1028.24,774.96,94.97,224.15,-1,-1,-1,-1
56,2,1028.56,777.35,95.19,220.66,-1,-1,-1,-1
57,2,1029.23,767.52,95.35,227.41,-1,-1,-1,-1
58,2,1036.55,766.28,92.96,228.15,-1,-1,-1,-1
59,2,1035.61,766.88,96.62,227.44,-1,-1,-1,-1
60,2,1036.55,773.86,95.28,226.34,-1,-1,-1,-1
61,2,1037.95,775.39,94.23,226.24,-1,-1,-1,-1
62,2,1044.18,775.95,93.71,224.93,-1,-1,-1,-1
63,2,1043.46,774.88,96.92,225.68,-1,-1,-1,-1
64,2,1043.96,775.09,96.51,227.11,-1,-1,-1,-1
65,2,1044.79,783.83,96.51,223.59,-1,-1,-1,-1
66,2,1051.64,773.95,94.40,229.37,-1,-1,-1,-1
67,2,1051.48,774.34,95.98,227.21,-1,-1,-1,-1
68,2,1051.38,774.68,97.58,225.33,-1,-1,-1,-1
69,2,1051.07,769.19,99.46,223.03,-1,-1,-1,-1
70,2,1052.06,773.09,98.25,229.27,-1,-1,-1,-1
71,2,1057.68,774.43,98.78,224.98,-1,-1,-1,-1
72,2,1056.84,767.19,101.73,227.16,-1,-1,-1,-1
73,2,1057.90,761.34,100.73,223.25,-1,-1,-1,-1
74,2,1066.23,758.24,96.86,227.35,-1,-1,-1,-1
75,2,1069.28,765.68,92.43,229.54,-1,-1,-1,-1
76,2,1067.48,753.87,98.25,221.74,-1,-1,-1,-1
77,2,1067.54,752.03,99.26,224.74,-1,-1,-1,-1
78,2,1073.50,753.48,99.08,222.00,-1,-1,-1,-1
79,2,1072.87,754.14,102.10,220.56,-1,-1,-1,-1
80,2,1073.51,752.16,101.12,223.17,-1,-1,-1,-1
81,2,1074.03,744.88,101.85,223.73,-1,-1,-1,-1
82,2,1080.26,743.81,100.95,222.32,-1,-1,-1,-1
83,2,1080.97,736.34,101.49,221.22,-1,-1,-1,-1
84,2,1080.56,731.89,104.20,216.79,-1,-1,-1,-1
85,2,1080.66,731.88,105.08,216.07,-1,-1,-1,-1
86,2,1089.15,732.07,99.96,216.42,-1,-1,-1,-1
87,2,1089.55,722.11,100.74,217.61,-1,-1,-1,-1
88,2,1088.76,714.16,102.90,219.34,-1,-1,-1,-1
89,2,1088.53,708.19,104.76,219.73,-1,-1,-1,-1
90,2,1095.72,707.68,102.78,220.12,-1,-1,-1,-1
91,2,1094.76,700.54,106.38,219.62,-1,-1,-1,-1
92,2,1096.14,691.38,103.96,216.88,-1,-1,-1,-1
93,2,1097.03,683.38,104.44,219.74,-1,-1,-1,-1
94,2,1104.85,675.83,100.24,219.87,-1,-1,-1,-1
95,2,1105.90,680.58,99.90,220.70,-1,-1,-1,-1
96,2,1106.38,667.00,99.33,218.27,-1,-1,-1,-1
97,2,1105.58,667.87,102.36,214.27,-1,-1,-1,-1
98,2,1111.42,652.10,103.43,217.90,-1,-1,-1,-1
99,2,1112.20,651.59,103.62,217.33,-1,-1,-1,-1
100,2,1111.97,646.29,105.04,213.90,-1,-1,-1,-1
101,2,1114.10,638.81,102.14,214.19,-1,-1,-1,-1
102,2,1120.18,636.88,101.37,213.77,-1,-1,-1,-1
103,2,1121.10,632.10,101.56,221.44,-1,-1,-1,-1
104,2,1121.96,614.65,101.17,212.81,-1,-1,-1,-1
105,2,1122.14,609.10,101.42,219.98,-1,-1,-1,-1
106,2,1121.79,605.98,103.02,212.89,-1,-1,-1,-1
107,2,1130.76,594.11,97.61,219.48,-1,-1,-1,-1
108,2,1132.98,587.19,94.61,218.24,-1,-1,-1,-1
109,2,1132.79,582.05,97.11,213.07,-1,-1,-1,-1
110,2,1139.77,574.00,93.93,211.94,-1,-1,-1,-1
111,2,1140.28,564.95,94.40,216.04,-1,-1,-1,-1
112,2,1140.25,554.34,96.05,217.20,-1,-1,-1,-1
113,2,1140.70,543.01,95.87,211.54,-1,-1,-1,-1
114,2,1140.54,533.92,97.76,211.50,-1,-1,-1,-1
115,2,1148.48,530.27,93.03,207.43,-1,-1,-1,-1
116,2,1150.05,520.87,91.85,208.52,-1,-1,-1,-1
117,2,1151.44,512.39,88.77,209.86,-1,-1,-1,-1
118,2,1152.25,504.48,88.96,209.62,-1,-1,-1,-1
119,2,1152.24,496.67,90.24,209.78,-1,-1,-1,-1
120,2,1158.98,494.45,87.35,211.41,-1,-1,-1,-1
121,2,1158.92,480.69,88.99,210.20,-1,-1,-1,-1
122,2,1159.84,470.06,89.06,216.53,-1,-1,-1,-1
123,2,1159.69,462.01,90.57,212.30,-1,-1,-1,-1
124,2,1165.78,448.85,90.85,208.41,-1,-1,-1,-1
125,2,1167.17,441.32,89.34,207.31,-1,-1,-1,-1
126,2,1168.40,439.71,88.55,208.01,-1,-1,-1,-1
127,2,1174.18,434.42,88.86,205.47,-1,-1,-1,-1
128,2,1174.27,422.62,90.80,209.36,-1,-1,-1,-1
129,2,1173.38,394.26,93.00,220.18,-1,-1,-1,-1
130,2,1172.91,384.50,94.97,222.15,-1,-1,-1,-1
131,2,1179.90,378.46,93.61,221.96,-1,-1,-1,-1
132,2,1180.43,368.87,93.69,223.08,-1,-1,-1,-1
133,2,1181.21,352.29,93.76,225.69,-1,-1,-1,-1
134,2,1181.40,353.91,94.81,219.85,-1,-1,-1,-1
135,2,1181.66,344.42,94.97,222.78,-1,-1,-1,-1
136,2,1186.66,337.57,96.40,223.20,-1,-1,-1,-1
137,2,1187.24,335.75,97.29,222.66,-1,-1,-1,-1
138,2,1188.01,330.78,97.85,216.69,-1,-1,-1,-1
139,2,1193.99,312.41,98.49,225.37,-1,-1,-1,-1
140,2,1192.62,306.42,102.98,217.46,-1,-1,-1,-1
141,2,1192.55,298.86,103.42,217.39,-1,-1,-1,-1
142,2,1192.38,300.07,104.94,214.20,-1,-1,-1,-1
143,2,1199.94,293.51,103.15,211.21,-1,-1,-1,-1
144,2,1200.12,279.85,103.57,211.45,-1,-1,-1,-1
145,2,1200.79,269.86,102.55,211.39,-1,-1,-1,-1
146,2,1200.56,268.85,103.60,211.67,-1,-1,-1,-1
147,2,1208.07,260.14,102.10,215.38,-1,-1,-1,-1
148,2,1209.12,245.21,100.93,215.34,-1,-1,-1,-1
149,2,1209.06,245.53,102.32,211.84,-1,-1,-1,-1
150,2,1210.02,235.56,101.67,215.02,-1,-1,-1,-1
151,2,1208.62,229.16,104.82,215.27,-1,-1,-1,-1
152,2,1217.02,221.63,100.87,215.19,-1,-1,-1,-1
153,2,1217.82,213.11,99.83,214.45,-1,-1,-1,-1
154,2,1220.45,203.20,97.13,215.19,-1,-1,-1,-1
155,2,1227.05,191.50,96.10,223.96,-1,-1,-1,-1
156,2,1227.95,185.67,95.36,219.71,-1,-1,-1,-1
157,2,1228.47,189.11,95.87,216.32,-1,-1,-1,-1
158,2,1229.84,186.89,94.99,217.70,-1,-1,-1,-1
159,2,1235.95,179.07,93.30,221.33,-1,-1,-1,-1
160,2,1236.34,162.73,94.07,217.15,-1,-1,-1,-1
161,2,1237.73,156.73,94.02,215.06,-1,-1,-1,-1
162,2,1238.82,157.09,93.42,212.70,-1,-1,-1,-1
163,2,1243.62,147.85,94.88,215.45,-1,-1,-1,-1
164,2,1244.87,139.97,94.09,217.41,-1,-1,-1,-1
165,2,1245.34,139.70,93.73,217.95,-1,-1,-1,-1
166,2,1245.22,139.69,96.40,215.78,-1,-1,-1,-1
167,2,1250.15,124.20,97.35,217.97,-1,-1,-1,-1
168,2,1251.18,123.45,97.58,214.22,-1,-1,-1,-1
169,2,1252.06,122.99,97.71,217.62,-1,-1,-1,-1
170,2,1252.50,115.81,97.56,219.89,-1,-1,-1,-1
171,2,1259.57,114.25,94.34,219.34,-1,-1,-1,-1
172,2,1261.16,114.58,94.29,219.94,-1,-1,-1,-1
173,2,1261.77,105.02,94.53,219.41,-1,-1,-1,-1
174,2,1267.73,100.14,93.68,219.50,-1,-1,-1,-1
175,2,1268.45,99.29,93.97,219.82,-1,-1,-1,-1
176,2,1268.88,106.52,94.54,216.40,-1,-1,-1,-1
177,2,1269.02,100.53,95.72,214.63,-1,-1,-1,-1
178,2,1276.93,93.59,91.24,214.87,-1,-1,-1,-1
179,2,1277.42,91.99,92.76,212.74,-1,-1,-1,-1
180,2,1276.88,92.97,95.16,214.49,-1,-1,-1,-1
181,2,1277.56,93.12,94.67,212.20,-1,-1,-1,-1
182,2,1283.13,84.77,94.66,216.22,-1,-1,-1,-1
183,2,1282.08,84.91,98.15,210.97,-1,-1,-1,-1
184,2,1284.03,85.55,95.65,214.66,-1,-1,-1,-1
185,2,1285.47,90.28,95.26,216.42,-1,-1,-1,-1
186,2,1290.83,90.90,96.08,215.28,-1,-1,-1,-1
187,2,1291.12,85.02,95.97,216.32,-1,-1,-1,-1
188,2,1291.22,78.00,98.20,213.33,-1,-1,-1,-1
189,2,1292.62,77.17,96.76,214.35,-1,-1,-1,-1
190,2,1299.83,77.10,93.57,213.81,-1,-1,-1,-1
191,2,1299.21,85.14,96.91,210.39,-1,-1,-1,-1
192,2,1300.35,78.05,95.55,214.79,-1,-1,-1,-1
193,2,1303.41,87.94,90.76,211.71,-1,-1,-1,-1
194,2,1311.18,86.50,86.83,214.22,-1,-1,-1,-1
195,2,1310.27,84.75,90.29,213.14,-1,-1,-1,-1
196,2,1310.11,84.66,90.90,215.47,-1,-1,-1,-1
197,2,1310.86,92.82,93.13,212.17,-1,-1,-1,-1
198,2,1309.21,91.37,95.69,213.84,-1,-1,-1,-1
199,2,1315.06,93.04,95.63,214.79,-1,-1,-1,-1
200,2,1315.88,91.73,96.97,217.06,-1,-1,-1,-1
201,2,1316.11,91.94,97.87,217.73,-1,-1,-1,-1
202,2,1322.41,96.49,96.59,222.92,-1,-1,-1,-1
203,2,1322.93,99.54,96.52,220.61,-1,-1,-1,-1
204,2,1325.20,100.52,93.70,218.46,-1,-1,-1,-1
205,2,1327.86,113.94,90.62,219.51,-1,-1,-1,-1
206,2,1334.60,118.07,88.34,214.97,-1,-1,-1,-1
207,2,1334.73,117.80,90.12,214.83,-1,-1,-1,-1
208,2,1335.84,124.34,88.93,211.19,-1,-1,-1,-1
209,2,1337.44,125.07,88.30,210.52,-1,-1,-1,-1
210,2,1335.72,129.80,91.35,221.53,-1,-1,-1,-1
211,2,1334.74,139.30,93.41,219.04,-1,-1,-1,-1
212,2,1341.44,141.67,91.83,216.72,-1,-1,-1,-1
213,2,1342.78,149.30,92.39,212.93,-1,-1,-1,-1
214,2,1342.08,153.33,94.49,217.90,-1,-1,-1,-1
215,2,1341.75,152.91,95.68,224.01,-1,-1,-1,-1
216,2,1346.77,162.67,97.41,217.55,-1,-1,-1,-1
217,2,1347.31,162.56,97.03,221.36,-1,-1,-1,-1
218,2,1348.73,162.76,95.00,221.27,-1,-1,-1,-1
219,2,1349.18,174.83,96.12,225.95,-1,-1,-1,-1
220,2,1348.71,175.12,97.06,225.95,-1,-1,-1,-1
221,2,1356.94,185.50,92.83,223.30,-1,-1,-1,-1
222,2,1358.02,202.04,92.90,217.27,-1,-1,-1,-1
223,2,1362.10,204.57,97.72,216.45,-1,-1,-1,-1
224,2,1364.07,203.39,94.41,218.75,-1,-1,-1,-1
225,2,1364.39,214.15,94.39,213.66,-1,-1,-1,-1
226,2,1364.84,219.34,94.34,214.46,-1,-1,-1,-1
227,2,1365.17,226.38,95.76,220.75,-1,-1,-1,-1
228,2,1371.57,237.64,95.16,211.19,-1,-1,-1,-1
229,2,1372.82,245.22,94.86,213.02,-1,-1,-1,-1
230,2,1373.91,253.52,94.22,215.09,-1,-1,-1,-1
231,2,1379.22,262.62,95.73,210.24,-1,-1,-1,-1
232,2,1379.65,263.00,95.23,213.60,-1,-1,-1,-1
233,2,1379.93,269.78,96.87,214.39,-1,-1,-1,-1
234,2,1380.70,285.28,95.89,213.50,-1,-1,-1,-1
235,2,1379.62,288.83,98.48,221.80,-1,-1,-1,-1
236,2,1385.37,294.83,99.66,226.03,-1,-1,-1,-1
237,2,1385.06,307.61,102.86,218.41,-1,-1,-1,-1
238,2,1384.77,316.00,104.06,214.01,-1,-1,-1,-1
239,2,1384.34,314.63,105.45,218.86,-1,-1,-1,-1
240,2,1392.08,320.04,102.41,225.50,-1,-1,-1,-1
241,2,1392.99,333.77,101.90,227.49,-1,-1,-1,-1
242,2,1393.58,341.50,102.09,229.21,-1,-1,-1,-1
243,2,1394.08,351.66,102.04,223.91,-1,-1,-1,-1
244,2,1400.61,358.38,100.71,225.56,-1,-1,-1,-1
245,2,1400.95,367.69,101.99,223.64,-1,-1,-1,-1
246,2,1401.41,378.27,102.01,217.98,-1,-1,-1,-1
247,2,1409.88,386.42,97.54,221.57,-1,-1,-1,-1
248,2,1412.54,388.66,93.84,232.16,-1,-1,-1,-1
249,2,1412.27,403.60,94.16,216.24,-1,-1,-1,-1
250,2,1413.81,409.81,92.92,220.43,-1,-1,-1,-1
1,3,576.91,742.60,83.38,224.40,-1,-1,-1,-1
2,3,574.99,724.23,89.75,230.27,-1,-1,-1,-1
3,3,574.46,729.22,91.89,220.57,-1,-1,-1,-1
4,3,576.01,723.44,91.09,219.33,-1,-1,-1,-1
5,3,582.43,712.03,88.95,223.92,-1,-1,-1,-1
6,3,583.45,713.61,88.40,219.09,-1,-1,-1,-1
7,3,584.85,699.37,89.29,218.15,-1,-1,-1,-1
8,3,590.19,694.77,87.99,213.67,-1,-1,-1,-1
9,3,590.65,698.90,89.82,215.72,-1,-1,-1,-1
10,3,590.65,693.37,91.42,212.82,-1,-1,-1,-1
11,3,591.84,686.45,91.41,211.24,-1,-1,-1,-1
12,3,597.66,684.43,88.83,211.92,-1,-1,-1,-1
13,3,599.22,677.61,88.25,212.48,-1,-1,-1,-1
14,3,599.12,662.65,90.43,214.29,-1,-1,-1,-1
15,3,599.85,660.81,90.31,211.67,-1,-1,-1,-1
16,3,599.84,647.15,91.66,223.06,-1,-1,-1,-1
17,3,604.82,638.50,91.74,213.58,-1,-1,-1,-1
18,3,607.33,643.15,88.55,214.29,-1,-1,-1,-1
19,3,608.22,623.36,89.61,223.54,-1,-1,-1,-1
20,3,610.88,619.32,85.31,215.20,-1,-1,-1,-1
21,3,615.66,613.49,85.87,211.04,-1,-1,-1,-1
22,3,617.82,603.70,84.59,213.83,-1,-1,-1,-1
23,3,617.97,597.22,85.01,211.50,-1,-1,-1,-1
24,3,620.04,588.07,82.91,215.51,-1,-1,-1,-1
25,3,623.69,576.70,86.83,220.31,-1,-1,-1,-1
26,3,623.95,565.99,88.42,214.09,-1,-1,-1,-1
27,3,625.29,567.44,86.63,210.65,-1,-1,-1,-1
28,3,625.91,562.47,87.78,216.55,-1,-1,-1,-1
29,3,630.58,550.32,88.24,225.11,-1,-1,-1,-1
30,3,631.51,536.96,90.10,221.09,-1,-1,-1,-1
31,3,630.47,530.48,94.09,216.30,-1,-1,-1,-1
32,3,631.86,524.68,91.46,214.64,-1,-1,-1,-1
33,3,637.64,511.38,90.91,211.75,-1,-1,-1,-1
34,3,639.18,510.85,89.42,207.95,-1,-1,-1,-1
35,3,641.10,503.30,88.67,210.36,-1,-1,-1,-1
36,3,641.98,499.93,88.35,207.36,-1,-1,-1,-1
37,3,646.99,487.42,87.48,212.14,-1,-1,-1,-1
38,3,648.63,469.57,88.13,215.41,-1,-1,-1,-1
39,3,649.38,470.02,88.38,213.29,-1,-1,-1,-1
40,3,652.96,457.28,90.32,219.16,-1,-1,-1,-1
41,3,655.08,443.11,90.56,216.55,-1,-1,-1,-1
42,3,655.37,438.03,91.48,211.46,-1,-1,-1,-1
43,3,656.71,435.17,89.76,209.75,-1,-1,-1,-1
44,3,660.69,410.79,92.51,219.50,-1,-1,-1,-1
45,3,661.54,405.78,92.80,214.43,-1,-1,-1,-1
46,3,661.90,405.52,93.40,213.13,-1,-1,-1,-1
47,3,663.91,387.60,91.43,218.76,-1,-1,-1,-1
48,3,670.50,379.12,88.68,213.32,-1,-1,-1,-1
49,3,670.19,366.56,90.73,213.77,-1,-1,-1,-1
50,3,671.16,366.44,91.30,207.51,-1,-1,-1,-1
51,3,674.13,367.55,88.02,205.34,-1,-1,-1,-1
52,3,676.40,342.53,92.48,215.12,-1,-1,-1,-1
53,3,677.48,346.37,93.12,206.10,-1,-1,-1,-1
54,3,680.52,336.69,90.06,207.65,-1,-1,-1,-1
55,3,685.10,319.72,91.21,209.81,-1,-1,-1,-1
56,3,685.41,321.12,90.43,202.49,-1,-1,-1,-1
57,3,686.56,312.65,90.99,205.05,-1,-1,-1,-1
58,3,687.00,311.56,91.39,204.32,-1,-1,-1,-1
59,3,686.34,292.23,94.40,212.00,-1,-1,-1,-1
60,3,686.05,292.05,95.90,201.44,-1,-1,-1,-1
61,3,693.96,280.52,90.53,206.35,-1,-1,-1,-1
62,3,695.36,265.32,90.61,208.57,-1,-1,-1,-1
63,3,695.85,268.53,91.04,202.15,-1,-1,-1,-1
64,3,701.09,254.23,90.25,212.08,-1,-1,-1,-1
65,3,701.44,242.62,91.18,206.43,-1,-1,-1,-1
66,3,702.99,234.24,89.46,206.53,-1,-1,-1,-1
67,3,703.59,226.55,90.74,203.56,-1,-1,-1,-1
68,3,706.82,234.82,86.22,201.19,-1,-1,-1,-1
69,3,711.10,218.05,88.59,208.03,-1,-1,-1,-1
70,3,710.84,208.68,91.42,208.56,-1,-1,-1,-1
71,3,711.93,208.26,90.95,208.23,-1,-1,-1,-1
72,3,713.18,204.86,89.22,211.26,-1,-1,-1,-1
73,3,717.45,191.66,91.38,209.68,-1,-1,-1,-1
74,3,719.24,191.58,90.01,209.12,-1,-1,-1,-1
75,3,718.82,181.04,92.61,211.79,-1,-1,-1,-1
76,3,719.10,175.60,93.68,210.21,-1,-1,-1,-1
77,3,723.26,176.37,94.73,207.60,-1,-1,-1,-1
78,3,726.23,165.48,93.72,209.26,-1,-1,-1,-1
79,3,729.54,159.40,88.61,206.84,-1,-1,-1,-1
80,3,728.54,147.46,91.12,204.98,-1,-1,-1,-1
81,3,733.18,151.46,90.58,207.17,-1,-1,-1,-1
82,3,735.86,142.69,89.90,206.79,-1,-1,-1,-1
83,3,737.88,144.55,87.97,208.31,-1,-1,-1,-1
84,3,742.41,141.79,87.90,207.52,-1,-1,-1,-1
85,3,742.96,135.53,89.55,207.21,-1,-1,-1,-1
86,3,744.33,129.15,90.21,204.04,-1,-1,-1,-1
87,3,744.60,126.98,90.57,206.22,-1,-1,-1,-1
88,3,748.74,119.33,91.84,204.99,-1,-1,-1,-1
89,3,751.44,112.94,89.81,204.39,-1,-1,-1,-1
90,3,752.41,120.10,89.94,204.11,-1,-1,-1,-1
91,3,752.34,114.49,91.78,203.98,-1,-1,-1,-1
92,3,758.32,100.28,89.83,204.31,-1,-1,-1,-1
93,3,758.50,110.87,90.46,206.04,-1,-1,-1,-1
94,3,759.90,106.80,90.75,203.29,-1,-1,-1,-1
95,3,761.99,99.64,88.53,204.43,-1,-1,-1,-1
96,3,766.49,104.52,88.57,205.10,-1,-1,-1,-1
97,3,765.65,90.73,92.87,206.04,-1,-1,-1,-1
98,3,769.26,98.43,88.42,204.77,-1,-1,-1,-1
99,3,769.58,98.35,89.11,204.79,-1,-1,-1,-1
100,3,772.95,88.82,92.24,205.17,-1,-1,-1,-1
101,3,775.78,90.20,88.85,206.72,-1,-1,-1,-1
102,3,776.44,94.51,89.95,208.17,-1,-1,-1,-1
103,3,781.16,96.86,89.44,207.19,-1,-1,-1,-1
104,3,781.90,96.72,90.57,206.06,-1,-1,-1,-1
105,3,784.35,88.34,89.25,202.73,-1,-1,-1,-1
106,3,784.83,88.27,89.89,205.70,-1,-1,-1,-1
107,3,789.33,87.38,88.92,207.19,-1,-1,-1,-1
108,3,791.49,90.83,87.53,206.64,-1,-1,-1,-1
109,3,792.21,89.97,88.26,207.23,-1,-1,-1,-1
110,3,792.30,87.60,91.09,206.80,-1,-1,-1,-1
111,3,793.31,90.19,89.39,206.81,-1,-1,-1,-1
112,3,798.55,94.10,88.54,208.30,-1,-1,-1,-1
113,3,801.06,95.27,86.57,205.74,-1,-1,-1,-1
114,3,801.96,103.80,88.01,206.54,-1,-1,-1,-1
115,3,801.93,105.47,88.48,206.68,-1,-1,-1,-1
116,3,806.33,103.73,89.27,207.52,-1,-1,-1,-1
117,3,807.78,101.22,89.38,210.60,-1,-1,-1,-1
118,3,810.13,105.69,87.02,207.39,-1,-1,-1,-1
119,3,808.91,119.94,90.52,206.53,-1,-1,-1,-1
120,3,812.96,114.56,91.24,206.09,-1,-1,-1,-1
121,3,813.79,125.81,91.69,208.74,-1,-1,-1,-1
122,3,814.90,122.00,91.86,206.34,-1,-1,-1,-1
123,3,816.89,122.55,90.09,205.84,-1,-1,-1,-1
124,3,821.85,129.63,88.84,207.17,-1,-1,-1,-1
125,3,822.82,134.84,89.85,207.30,-1,-1,-1,-1
126,3,824.53,130.16,88.96,206.25,-1,-1,-1,-1
127,3,824.11,144.93,91.33,209.22,-1,-1,-1,-1
128,3,829.61,144.85,89.00,206.24,-1,-1,-1,-1
129,3,830.35,145.12,89.93,206.38,-1,-1,-1,-1
130,3,832.23,150.24,89.53,208.79,-1,-1,-1,-1
131,3,832.78,161.16,89.77,207.62,-1,-1,-1,-1
132,3,837.27,164.76,89.96,211.35,-1,-1,-1,-1
133,3,839.33,166.93,87.83,211.13,-1,-1,-1,-1
134,3,839.66,175.01,89.28,212.08,-1,-1,-1,-1
135,3,840.78,180.91,89.88,212.55,-1,-1,-1,-1
136,3,845.09,189.75,90.14,212.42,-1,-1,-1,-1
137,3,846.61,189.11,89.87,213.51,-1,-1,-1,-1
138,3,847.83,199.52,89.21,211.46,-1,-1,-1,-1
139,3,849.03,214.95,88.98,207.29,-1,-1,-1,-1
140,3,852.34,207.67,91.70,211.03,-1,-1,-1,-1
141,3,855.01,217.63,89.66,208.49,-1,-1,-1,-1
142,3,855.50,226.60,90.02,205.10,-1,-1,-1,-1
143,3,857.02,234.12,88.74,203.35,-1,-1,-1,-1
144,3,855.47,251.11,92.09,205.08,-1,-1,-1,-1
145,3,860.27,259.49,92.79,205.26,-1,-1,-1,-1
146,3,861.40,257.23,92.82,206.01,-1,-1,-1,-1
147,3,862.83,271.86,92.35,205.61,-1,-1,-1,-1
148,3,862.63,273.25,94.48,204.70,-1,-1,-1,-1
149,3,867.42,288.44,95.18,202.78,-1,-1,-1,-1
150,3,867.82,298.86,96.57,201.36,-1,-1,-1,-1
151,3,868.41,299.98,97.37,203.14,-1,-1,-1,-1
152,3,875.11,314.55,94.40,203.17,-1,-1,-1,-1
153,3,875.37,319.84,96.40,206.58,-1,-1,-1,-1
154,3,876.56,320.66,96.13,205.67,-1,-1,-1,-1
155,3,878.92,330.65,93.81,205.68,-1,-1,-1,-1
156,3,884.81,338.15,90.32,206.55,-1,-1,-1,-1
157,3,886.69,352.19,88.47,206.46,-1,-1,-1,-1
158,3,887.37,353.59,89.31,208.08,-1,-1,-1,-1
159,3,888.65,365.65,89.64,209.58,-1,-1,-1,-1
160,3,888.49,367.82,91.29,209.22,-1,-1,-1,-1
161,3,894.21,376.03,89.86,211.68,-1,-1,-1,-1
162,3,898.05,390.07,86.02,213.05,-1,-1,-1,-1
163,3,896.15,390.64,90.95,213.30,-1,-1,-1,-1
164,3,901.88,397.42,89.31,216.72,-1,-1,-1,-1
165,3,903.42,414.31,89.00,210.07,-1,-1,-1,-1
166,3,903.71,424.08,88.67,207.50,-1,-1,-1,-1
167,3,905.94,435.70,87.33,204.80,-1,-1,-1,-1
168,3,909.38,441.88,89.15,207.17,-1,-1,-1,-1
169,3,911.60,454.01,87.96,209.63,-1,-1,-1,-1
170,3,912.40,459.14,86.81,207.68,-1,-1,-1,-1
171,3,913.40,467.31,88.63,206.09,-1,-1,-1,-1
172,3,914.37,482.17,87.68,202.90,-1,-1,-1,-1
173,3,918.58,497.16,88.23,201.56,-1,-1,-1,-1
174,3,920.09,497.60,88.50,204.37,-1,-1,-1,-1
175,3,921.32,510.10,87.73,208.92,-1,-1,-1,-1
176,3,922.41,524.76,86.49,211.61,-1,-1,-1,-1
177,3,926.46,529.91,87.80,217.30,-1,-1,-1,-1
178,3,927.74,530.74,87.86,215.21,-1,-1,-1,-1
179,3,929.21,538.62,87.75,216.09,-1,-1,-1,-1
180,3,930.44,553.70,86.72,220.86,-1,-1,-1,-1
181,3,935.29,562.42,86.05,219.79,-1,-1,-1,-1
182,3,936.62,566.90,86.22,241.52,-1,-1,-1,-1
183,3,938.39,573.55,84.53,227.78,-1,-1,-1,-1
184,3,939.65,586.26,83.60,219.77,-1,-1,-1,-1
185,3,941.22,587.06,81.18,216.72,-1,-1,-1,-1
186,3,945.63,597.82,83.63,209.13,-1,-1,-1,-1
187,3,948.66,600.86,80.19,208.60,-1,-1,-1,-1
188,3,948.29,615.03,83.13,209.09,-1,-1,-1,-1
189,3,952.82,614.90,82.53,212.57,-1,-1,-1,-1
190,3,953.07,624.62,84.02,209.00,-1,-1,-1,-1
191,3,953.75,638.32,85.46,207.96,-1,-1,-1,-1
192,3,956.49,641.55,82.45,208.02,-1,-1,-1,-1
193,3,961.24,647.30,82.08,211.57,-1,-1,-1,-1
194,3,962.36,651.16,82.86,214.13,-1,-1,-1,-1
195,3,963.75,656.27,82.90,208.45,-1,-1,-1,-1
196,3,965.07,661.87,82.12,211.21,-1,-1,-1,-1
197,3,969.14,675.60,83.08,216.44,-1,-1,-1,-1
198,3,970.53,680.02,83.02,210.83,-1,-1,-1,-1
199,3,970.39,689.94,86.05,219.99,-1,-1,-1,-1
200,3,974.68,691.39,86.82,219.65,-1,-1,-1,-1
201,3,974.66,700.73,89.43,213.54,-1,-1,-1,-1
202,3,975.56,712.09,88.21,210.39,-1,-1,-1,-1
203,3,976.33,719.36,89.46,208.79,-1,-1,-1,-1
204,3,977.19,722.21,89.16,207.68,-1,-1,-1,-1
205,3,981.49,721.57,89.32,209.48,-1,-1,-1,-1
206,3,982.95,721.72,90.13,208.35,-1,-1,-1,-1
207,3,983.91,725.12,90.40,210.86,-1,-1,-1,-1
208,3,984.78,735.50,90.02,211.88,-1,-1,-1,-1
209,3,989.36,735.08,89.91,211.51,-1,-1,-1,-1
210,3,990.87,742.23,89.40,211.80,-1,-1,-1,-1
211,3,990.58,750.99,93.16,211.89,-1,-1,-1,-1
212,3,991.33,751.37,93.21,214.70,-1,-1,-1,-1
213,3,996.12,759.08,93.50,214.03,-1,-1,-1,-1
214,3,998.08,758.87,92.40,213.30,-1,-1,-1,-1
215,3,999.12,756.61,92.50,214.79,-1,-1,-1,-1
216,3,999.61,758.26,92.30,214.84,-1,-1,-1,-1
217,3,1003.17,763.94,94.91,215.79,-1,-1,-1,-1
218,3,1005.54,773.78,93.35,215.00,-1,-1,-1,-1
219,3,1005.73,765.39,94.63,216.07,-1,-1,-1,-1
220,3,1008.05,781.48,91.37,210.83,-1,-1,-1,-1
221,3,1013.60,774.42,89.39,213.45,-1,-1,-1,-1
222,3,1015.05,782.66,90.75,207.45,-1,-1,-1,-1
223,3,1016.97,784.45,88.86,211.76,-1,-1,-1,-1
224,3,1016.62,785.83,90.70,210.65,-1,-1,-1,-1
225,3,1021.29,782.53,89.98,211.35,-1,-1,-1,-1
226,3,1022.14,789.38,91.75,212.14,-1,-1,-1,-1
227,3,1024.02,783.13,90.82,213.95,-1,-1,-1,-1
228,3,1025.19,784.80,89.39,208.72,-1,-1,-1,-1
229,3,1028.22,782.99,92.55,209.74,-1,-1,-1,-1
230,3,1030.32,790.11,91.31,209.29,-1,-1,-1,-1
231,3,1031.50,780.22,90.45,215.06,-1,-1,-1,-1
232,3,1032.80,783.94,89.58,209.14,-1,-1,-1,-1
233,3,1037.43,783.73,89.99,211.49,-1,-1,-1,-1
234,3,1038.94,779.65,90.76,214.29,-1,-1,-1,-1
235,3,1039.25,781.08,92.60,211.22,-1,-1,-1,-1
236,3,1039.15,773.57,92.72,215.36,-1,-1,-1,-1
237,3,1042.64,784.01,96.00,210.63,-1,-1,-1,-1
238,3,1044.01,772.93,96.43,216.82,-1,-1,-1,-1
239,3,1045.98,771.18,94.51,216.01,-1,-1,-1,-1
240,3,1046.55,770.89,93.99,215.83,-1,-1,-1,-1
241,3,1051.98,765.71,92.89,214.64,-1,-1,-1,-1
242,3,1052.77,764.29,95.41,214.02,-1,-1,-1,-1
243,3,1053.40,766.57,95.88,213.48,-1,-1,-1,-1
244,3,1058.02,758.09,96.32,217.13,-1,-1,-1,-1
245,3,1059.72,760.05,95.65,213.30,-1,-1,-1,-1
246,3,1059.00,752.57,97.87,220.53,-1,-1,-1,-1
247,3,1061.04,751.47,95.27,215.16,-1,-1,-1,-1
248,3,1061.55,751.01,96.97,217.25,-1,-1,-1,-1
249,3,1066.60,738.73,96.87,219.95,-1,-1,-1,-1
250,3,1068.65,741.70,94.33,216.24,-1,-1,-1,-1
