1,1,369.97,431.20,86.32,208.49,-1,-1,-1,-1
2,1,374.94,431.75,88.80,209.03,-1,-1,-1,-1
3,1,375.67,431.12,90.49,210.72,-1,-1,-1,-1
4,1,382.72,431.43,89.68,211.21,-1,-1,-1,-1
5,1,383.57,430.68,90.49,212.05,-1,-1,-1,-1
6,1,390.37,431.48,90.22,210.05,-1,-1,-1,-1
7,1,392.11,429.64,90.30,212.35,-1,-1,-1,-1
8,1,398.96,427.19,90.38,215.99,-1,-1,-1,-1
9,1,406.90,429.84,88.39,212.09,-1,-1,-1,-1
10,1,407.46,429.37,89.87,215.47,-1,-1,-1,-1
11,1,414.34,429.25,88.98,213.90,-1,-1,-1,-1
12,1,415.27,429.15,90.30,215.20,-1,-1,-1,-1
13,1,421.86,428.38,90.38,215.04,-1,-1,-1,-1
14,1,423.92,428.47,89.86,213.77,-1,-1,-1,-1
15,1,431.21,428.66,88.77,215.66,-1,-1,-1,-1
16,1,433.01,428.65,88.40,214.30,-1,-1,-1,-1
17,1,438.05,430.36,91.31,209.83,-1,-1,-1,-1
18,1,440.04,429.29,90.40,214.64,-1,-1,-1,-1
19,1,446.63,427.02,90.58,217.15,-1,-1,-1,-1
20,1,448.57,428.26,88.86,216.93,-1,-1,-1,-1
21,1,454.53,427.31,90.44,217.04,-1,-1,-1,-1
22,1,462.63,426.62,89.48,219.36,-1,-1,-1,-1
23,1,464.35,427.60,89.27,217.61,-1,-1,-1,-1
24,1,470.62,429.38,89.77,214.26,-1,-1,-1,-1
25,1,471.60,428.07,90.49,214.65,-1,-1,-1,-1
26,1,478.65,427.98,89.11,217.93,-1,-1,-1,-1
27,1,479.82,428.30,90.15,215.00,-1,-1,-1,-1
28,1,486.10,428.30,91.16,213.29,-1,-1,-1,-1
29,1,493.96,426.65,89.69,217.90,-1,-1,-1,-1
30,1,496.45,426.20,88.49,218.68,-1,-1,-1,-1
31,1,502.82,429.25,88.54,213.49,-1,-1,-1,-1
32,1,503.46,428.59,90.41,213.27,-1,-1,-1,-1
33,1,510.41,427.95,89.65,217.53,-1,-1,-1,-1
34,1,511.33,428.87,90.69,216.37,-1,-1,-1,-1
35,1,518.10,430.18,90.61,213.29,-1,-1,-1,-1
36,1,520.50,426.73,88.69,217.13,-1,-1,-1,-1
37,1,526.64,418.97,90.65,220.01,-1,-1,-1,-1
38,1,532.83,426.48,92.01,217.66,-1,-1,-1,-1
39,1,533.99,431.59,92.96,222.84,-1,-1,-1,-1
40,1,540.07,428.02,93.67,231.36,-1,-1,-1,-1
41,1,540.93,425.41,94.93,221.15,-1,-1,-1,-1
42,1,548.31,426.03,93.07,219.89,-1,-1,-1,-1
43,1,550.11,426.03,93.23,218.99,-1,-1,-1,-1
44,1,557.53,428.15,91.80,231.29,-1,-1,-1,-1
45,1,558.70,429.64,92.35,227.75,-1,-1,-1,-1
46,1,563.63,427.16,95.02,218.26,-1,-1,-1,-1
47,1,565.73,430.72,94.30,226.32,-1,-1,-1,-1
48,1,571.84,429.90,95.60,228.02,-1,-1,-1,-1
49,1,573.45,426.29,94.71,220.02,-1,-1,-1,-1
50,1,581.03,427.58,93.59,216.12,-1,-1,-1,-1
51,1,582.51,423.19,93.47,224.17,-1,-1,-1,-1
52,1,589.66,422.03,93.51,227.05,-1,-1,-1,-1
53,1,597.43,431.67,91.83,223.95,-1,-1,-1,-1
54,1,597.83,427.83,93.24,232.11,-1,-1,-1,-1
55,1,604.81,428.85,93.08,231.27,-1,-1,-1,-1
56,1,606.12,431.77,93.46,224.11,-1,-1,-1,-1
57,1,612.89,431.41,93.78,223.81,-1,-1,-1,-1
58,1,614.76,427.95,92.70,231.30,-1,-1,-1,-1
59,1,621.11,428.68,93.77,230.77,-1,-1,-1,-1
60,1,622.82,430.12,92.95,226.62,-1,-1,-1,-1
61,1,628.46,429.42,94.72,213.76,-1,-1,-1,-1
62,1,636.09,428.03,93.78,217.34,-1,-1,-1,-1
63,1,637.74,431.02,93.50,224.32,-1,-1,-1,-1
64,1,644.39,426.60,93.55,220.41,-1,-1,-1,-1
65,1,646.32,423.66,92.48,224.19,-1,-1,-1,-1
66,1,654.18,429.21,90.45,229.44,-1,-1,-1,-1
67,1,654.48,427.93,92.87,217.62,-1,-1,-1,-1
68,1,661.10,433.92,93.36,218.78,-1,-1,-1,-1
69,1,668.74,434.51,92.55,218.20,-1,-1,-1,-1
70,1,669.32,428.84,93.91,216.17,-1,-1,-1,-1
71,1,676.23,426.69,93.42,219.03,-1,-1,-1,-1
72,1,678.17,426.21,92.48,221.03,-1,-1,-1,-1
73,1,685.24,427.68,92.03,217.99,-1,-1,-1,-1
74,1,686.63,429.08,92.26,215.49,-1,-1,-1,-1
75,1,692.57,430.80,93.55,212.48,-1,-1,-1,-1
76,1,694.54,435.75,93.06,214.75,-1,-1,-1,-1
77,1,700.65,433.62,93.75,219.24,-1,-1,-1,-1
78,1,702.29,435.47,93.34,215.55,-1,-1,-1,-1
79,1,708.85,429.53,93.95,214.94,-1,-1,-1,-1
80,1,710.70,428.43,93.23,215.49,-1,-1,-1,-1
81,1,717.86,426.95,92.26,217.28,-1,-1,-1,-1
82,1,724.55,430.20,93.20,210.59,-1,-1,-1,-1
83,1,725.34,430.74,94.48,209.34,-1,-1,-1,-1
84,1,732.67,430.02,92.38,214.38,-1,-1,-1,-1
85,1,733.42,430.41,94.04,212.75,-1,-1,-1,-1
86,1,740.32,430.01,93.50,214.59,-1,-1,-1,-1
87,1,742.76,427.72,92.79,215.68,-1,-1,-1,-1
88,1,748.98,428.06,92.89,216.00,-1,-1,-1,-1
89,1,750.64,430.63,93.17,212.16,-1,-1,-1,-1
90,1,756.78,431.04,94.06,209.98,-1,-1,-1,-1
91,1,758.43,428.27,93.85,214.28,-1,-1,-1,-1
92,1,764.82,430.06,93.97,212.26,-1,-1,-1,-1
93,1,771.58,429.96,94.14,211.32,-1,-1,-1,-1
94,1,773.56,430.04,93.75,211.64,-1,-1,-1,-1
95,1,781.28,429.79,91.88,213.53,-1,-1,-1,-1
96,1,785.15,430.03,88.20,211.71,-1,-1,-1,-1
97,1,790.36,431.90,90.41,207.87,-1,-1,-1,-1
98,1,792.13,432.12,90.40,208.16,-1,-1,-1,-1
99,1,798.70,430.30,89.92,211.32,-1,-1,-1,-1
100,1,800.75,430.00,89.48,210.77,-1,-1,-1,-1
101,1,806.99,430.02,89.81,209.76,-1,-1,-1,-1
102,1,814.12,429.21,89.33,213.26,-1,-1,-1,-1
103,1,817.05,434.84,87.58,215.81,-1,-1,-1,-1
104,1,822.34,431.84,89.71,209.75,-1,-1,-1,-1
105,1,824.29,430.51,89.03,212.33,-1,-1,-1,-1
106,1,830.81,430.66,88.92,212.26,-1,-1,-1,-1
107,1,832.08,431.48,89.93,210.34,-1,-1,-1,-1
108,1,838.60,430.45,90.19,210.88,-1,-1,-1,-1
109,1,846.74,433.84,87.82,218.26,-1,-1,-1,-1
110,1,848.38,429.54,87.73,214.11,-1,-1,-1,-1
111,1,855.25,430.52,86.92,211.43,-1,-1,-1,-1
112,1,855.68,430.88,89.56,211.77,-1,-1,-1,-1
113,1,862.51,428.87,88.67,214.74,-1,-1,-1,-1
114,1,864.03,430.72,89.45,211.05,-1,-1,-1,-1
115,1,870.83,429.18,88.40,213.35,-1,-1,-1,-1
116,1,873.03,429.12,87.85,211.62,-1,-1,-1,-1
117,1,879.20,429.21,88.47,213.93,-1,-1,-1,-1
118,1,880.81,432.64,89.30,206.81,-1,-1,-1,-1
119,1,886.86,432.87,90.04,207.66,-1,-1,-1,-1
120,1,894.35,432.53,88.45,209.29,-1,-1,-1,-1
121,1,895.52,432.46,89.57,208.69,-1,-1,-1,-1
122,1,902.58,432.39,88.74,208.54,-1,-1,-1,-1
123,1,904.21,431.61,89.40,208.42,-1,-1,-1,-1
124,1,911.18,431.76,88.47,208.77,-1,-1,-1,-1
125,1,913.59,436.62,86.86,212.54,-1,-1,-1,-1
126,1,918.62,434.83,89.64,204.77,-1,-1,-1,-1
127,1,920.63,437.74,89.24,210.18,-1,-1,-1,-1
128,1,926.99,438.17,89.21,210.03,-1,-1,-1,-1
129,1,928.26,433.01,89.28,207.65,-1,-1,-1,-1
130,1,935.01,435.53,89.48,214.65,-1,-1,-1,-1
131,1,936.69,430.60,89.58,211.37,-1,-1,-1,-1
132,1,943.29,430.70,89.94,209.74,-1,-1,-1,-1
133,1,951.14,432.73,87.16,207.36,-1,-1,-1,-1
134,1,951.37,433.20,90.30,207.45,-1,-1,-1,-1
135,1,958.72,432.37,88.85,209.51,-1,-1,-1,-1
136,1,960.19,437.14,89.59,211.28,-1,-1,-1,-1
137,1,967.16,438.46,88.96,209.08,-1,-1,-1,-1
138,1,968.33,429.90,88.63,213.11,-1,-1,-1,-1
139,1,974.97,430.90,89.66,210.63,-1,-1,-1,-1
140,1,976.68,432.80,89.77,206.88,-1,-1,-1,-1
141,1,982.86,432.28,89.93,206.82,-1,-1,-1,-1
142,1,990.34,431.57,88.52,207.92,-1,-1,-1,-1
143,1,991.93,431.27,89.51,207.90,-1,-1,-1,-1
144,1,998.36,431.13,88.90,208.82,-1,-1,-1,-1
145,1,1000.17,430.17,89.21,210.75,-1,-1,-1,-1
146,1,1006.81,428.49,88.85,214.25,-1,-1,-1,-1
147,1,1009.45,430.11,87.57,211.94,-1,-1,-1,-1
148,1,1015.27,437.21,88.43,211.76,-1,-1,-1,-1
149,1,1016.87,437.65,89.73,210.52,-1,-1,-1,-1
150,1,1022.52,431.65,90.43,210.61,-1,-1,-1,-1
151,1,1024.91,431.21,89.15,209.76,-1,-1,-1,-1
152,1,1031.63,429.62,88.25,214.20,-1,-1,-1,-1
153,1,1038.21,430.16,88.33,212.81,-1,-1,-1,-1
154,1,1040.65,430.85,88.66,210.45,-1,-1,-1,-1
155,1,1046.56,432.27,88.71,209.69,-1,-1,-1,-1
156,1,1048.35,432.35,89.07,207.69,-1,-1,-1,-1
157,1,1054.65,431.22,89.14,209.63,-1,-1,-1,-1
158,1,1056.14,430.42,88.94,212.53,-1,-1,-1,-1
159,1,1062.52,432.44,90.39,208.80,-1,-1,-1,-1
160,1,1064.92,431.30,89.23,209.80,-1,-1,-1,-1
161,1,1071.69,431.70,88.38,210.16,-1,-1,-1,-1
162,1,1079.18,439.25,87.60,207.66,-1,-1,-1,-1
163,1,1079.67,432.37,89.86,209.20,-1,-1,-1,-1
164,1,1086.55,432.40,88.87,208.91,-1,-1,-1,-1
165,1,1087.73,431.92,90.22,209.38,-1,-1,-1,-1
166,1,1094.74,430.86,88.91,210.54,-1,-1,-1,-1
167,1,1096.54,431.02,88.75,209.59,-1,-1,-1,-1
168,1,1103.26,432.03,88.12,210.21,-1,-1,-1,-1
169,1,1110.34,432.32,88.29,208.50,-1,-1,-1,-1
170,1,1111.08,433.37,90.34,205.94,-1,-1,-1,-1
171,1,1118.30,431.89,88.61,208.60,-1,-1,-1,-1
172,1,1119.38,431.82,90.58,207.42,-1,-1,-1,-1
173,1,1120.95,432.99,89.04,206.62,-1,-1,-1,-1
174,1,1126.80,433.09,90.79,206.21,-1,-1,-1,-1
175,1,1134.73,432.46,88.67,209.66,-1,-1,-1,-1
176,1,1136.97,432.74,88.45,207.56,-1,-1,-1,-1
177,1,1142.50,434.13,89.76,204.70,-1,-1,-1,-1
178,1,1144.02,433.00,90.01,205.37,-1,-1,-1,-1
179,1,1150.65,432.46,89.57,207.94,-1,-1,-1,-1
180,1,1152.04,433.52,90.78,205.40,-1,-1,-1,-1
181,1,1158.54,433.26,90.65,205.58,-1,-1,-1,-1
182,1,1166.52,437.20,88.21,211.58,-1,-1,-1,-1
183,1,1168.24,432.91,88.11,207.98,-1,-1,-1,-1
184,1,1174.87,439.19,88.63,207.54,-1,-1,-1,-1
185,1,1175.67,433.12,90.20,206.57,-1,-1,-1,-1
186,1,1182.38,432.19,89.34,208.05,-1,-1,-1,-1
187,1,1184.19,432.36,90.38,207.44,-1,-1,-1,-1
188,1,1190.14,433.51,90.24,205.76,-1,-1,-1,-1
189,1,1192.96,436.49,89.06,212.39,-1,-1,-1,-1
190,1,1199.40,431.49,88.68,210.99,-1,-1,-1,-1
191,1,1206.40,431.28,88.96,209.71,-1,-1,-1,-1
192,1,1207.04,432.48,90.84,206.24,-1,-1,-1,-1
193,1,1214.53,433.39,88.01,207.03,-1,-1,-1,-1
194,1,1215.73,432.69,90.06,207.39,-1,-1,-1,-1
195,1,1221.89,431.26,89.71,212.46,-1,-1,-1,-1
196,1,1224.42,436.63,89.49,212.10,-1,-1,-1,-1
197,1,1230.86,438.27,89.41,208.95,-1,-1,-1,-1
198,1,1232.71,432.82,88.80,207.86,-1,-1,-1,-1
199,1,1238.50,433.86,90.51,205.11,-1,-1,-1,-1
200,1,1240.25,433.17,90.50,206.71,-1,-1,-1,-1
201,1,1246.67,432.40,90.21,208.11,-1,-1,-1,-1
202,1,1248.04,431.77,90.05,211.16,-1,-1,-1,-1
203,1,1254.98,430.92,89.85,210.41,-1,-1,-1,-1
204,1,1262.43,431.40,88.92,211.84,-1,-1,-1,-1
205,1,1264.60,437.27,88.95,210.74,-1,-1,-1,-1
206,1,1269.97,433.22,90.62,207.54,-1,-1,-1,-1
207,1,1272.28,431.74,89.76,208.14,-1,-1,-1,-1
208,1,1278.35,432.27,89.67,208.43,-1,-1,-1,-1
209,1,1280.61,431.42,90.07,208.43,-1,-1,-1,-1
210,1,1286.25,431.72,90.95,208.22,-1,-1,-1,-1
211,1,1294.01,432.11,89.33,208.87,-1,-1,-1,-1
212,1,1296.02,432.08,88.84,209.70,-1,-1,-1,-1
213,1,1302.81,432.06,88.34,209.37,-1,-1,-1,-1
214,1,1303.59,432.11,90.10,210.11,-1,-1,-1,-1
215,1,1310.59,431.54,89.12,210.37,-1,-1,-1,-1
216,1,1312.07,435.44,89.43,214.48,-1,-1,-1,-1
217,1,1317.62,432.24,91.39,209.27,-1,-1,-1,-1
218,1,1319.86,431.76,90.18,210.62,-1,-1,-1,-1
219,1,1326.87,432.71,90.09,209.40,-1,-1,-1,-1
220,1,1328.44,432.42,90.03,209.07,-1,-1,-1,-1
221,1,1334.36,433.19,91.48,206.46,-1,-1,-1,-1
222,1,1342.36,431.35,88.95,209.85,-1,-1,-1,-1
223,1,1343.14,431.72,91.22,208.27,-1,-1,-1,-1
224,1,1349.77,431.99,90.35,207.72,-1,-1,-1,-1
225,1,1352.03,430.14,89.33,214.38,-1,-1,-1,-1
226,1,1358.72,431.18,89.27,212.47,-1,-1,-1,-1
227,1,1361.04,430.03,89.03,212.52,-1,-1,-1,-1
228,1,1366.59,432.33,89.43,209.63,-1,-1,-1,-1
229,1,1368.70,432.05,89.49,209.24,-1,-1,-1,-1
230,1,1374.19,431.25,90.10,212.06,-1,-1,-1,-1
231,1,1381.65,432.58,89.61,209.75,-1,-1,-1,-1
232,1,1383.05,430.55,90.26,211.55,-1,-1,-1,-1
233,1,1390.41,436.19,88.42,213.54,-1,-1,-1,-1
234,1,1392.28,431.39,89.24,211.26,-1,-1,-1,-1
235,1,1398.14,430.98,90.14,209.94,-1,-1,-1,-1
236,1,1399.82,432.73,89.99,207.33,-1,-1,-1,-1
237,1,1406.70,432.06,89.42,209.04,-1,-1,-1,-1
238,1,1408.12,431.84,90.34,208.57,-1,-1,-1,-1
239,1,1414.37,431.71,90.73,209.64,-1,-1,-1,-1
240,1,1416.52,430.66,90.19,209.99,-1,-1,-1,-1
241,1,1423.04,430.48,90.42,210.87,-1,-1,-1,-1
242,1,1430.81,431.54,87.71,211.16,-1,-1,-1,-1
243,1,1431.12,431.84,90.76,210.84,-1,-1,-1,-1
244,1,1438.88,431.06,88.65,211.47,-1,-1,-1,-1
245,1,1439.63,432.11,91.34,207.57,-1,-1,-1,-1
246,1,1446.88,430.42,88.54,213.75,-1,-1,-1,-1
247,1,1448.00,431.42,90.31,209.44,-1,-1,-1,-1
248,1,1455.07,431.62,88.36,211.05,-1,-1,-1,-1
249,1,1457.06,431.75,88.88,210.82,-1,-1,-1,-1
250,1,1462.68,431.75,90.44,208.92,-1,-1,-1,-1
34,2,-47.78,427.01,88.15,217.63,-1,-1,-1,-1
35,2,-44.24,426.25,86.52,217.92,-1,-1,-1,-1
36,2,-42.67,427.09,91.84,216.06,-1,-1,-1,-1
37,2,-37.82,428.81,88.42,213.48,-1,-1,-1,-1
38,2,-35.91,427.91,88.56,213.54,-1,-1,-1,-1
39,2,-32.48,431.78,89.34,208.21,-1,-1,-1,-1
40,2,-30.90,432.17,88.79,208.61,-1,-1,-1,-1
41,2,-29.70,429.92,93.03,210.79,-1,-1,-1,-1
42,2,-24.90,431.92,92.45,208.84,-1,-1,-1,-1
43,2,-11.01,433.60,84.42,207.62,-1,-1,-1,-1
44,2,-0.76,432.62,83.56,209.13,-1,-1,-1,-1
45,2,0.12,431.21,86.15,209.82,-1,-1,-1,-1
46,2,6.42,431.62,87.84,210.26,-1,-1,-1,-1
47,2,9.20,430.85,86.68,213.06,-1,-1,-1,-1
48,2,15.77,430.80,86.81,212.42,-1,-1,-1,-1
49,2,17.27,430.93,87.45,210.16,-1,-1,-1,-1
50,2,24.10,431.99,86.53,211.28,-1,-1,-1,-1
51,2,25.03,432.61,88.06,209.94,-1,-1,-1,-1
52,2,31.58,433.59,88.30,207.82,-1,-1,-1,-1
53,2,34.24,438.11,86.76,208.92,-1,-1,-1,-1
54,2,39.30,431.77,90.00,209.87,-1,-1,-1,-1
55,2,46.49,433.25,88.94,208.47,-1,-1,-1,-1
56,2,47.75,431.58,89.70,209.01,-1,-1,-1,-1
57,2,55.48,434.03,87.91,207.05,-1,-1,-1,-1
58,2,56.20,433.83,89.32,207.32,-1,-1,-1,-1
59,2,63.90,433.95,87.77,206.88,-1,-1,-1,-1
60,2,71.26,435.03,86.61,207.23,-1,-1,-1,-1
61,2,72.45,438.79,87.62,206.36,-1,-1,-1,-1
62,2,78.26,437.55,88.90,210.32,-1,-1,-1,-1
63,2,80.15,438.21,88.29,209.46,-1,-1,-1,-1
64,2,87.75,432.62,87.20,210.26,-1,-1,-1,-1
65,2,88.06,430.64,89.60,210.02,-1,-1,-1,-1
66,2,95.15,430.57,88.09,209.23,-1,-1,-1,-1
67,2,98.25,433.41,86.07,208.73,-1,-1,-1,-1
68,2,105.22,434.68,84.90,206.41,-1,-1,-1,-1
69,2,112.47,432.80,84.45,207.41,-1,-1,-1,-1
70,2,115.13,434.25,82.18,208.12,-1,-1,-1,-1
71,2,120.91,430.26,83.45,210.94,-1,-1,-1,-1
72,2,122.81,433.19,83.70,206.92,-1,-1,-1,-1
73,2,128.24,433.86,84.65,206.92,-1,-1,-1,-1
74,2,132.37,434.34,81.23,206.95,-1,-1,-1,-1
75,2,137.85,439.23,82.27,205.65,-1,-1,-1,-1
76,2,140.42,433.59,81.21,207.93,-1,-1,-1,-1
77,2,146.07,434.88,82.45,206.01,-1,-1,-1,-1
78,2,147.93,433.61,82.28,207.66,-1,-1,-1,-1
79,2,154.05,438.82,83.85,205.87,-1,-1,-1,-1
80,2,155.52,431.88,84.03,208.05,-1,-1,-1,-1
81,2,163.36,433.74,80.77,207.89,-1,-1,-1,-1
82,2,170.35,434.99,80.28,205.75,-1,-1,-1,-1
83,2,171.95,435.10,81.15,205.36,-1,-1,-1,-1
84,2,177.38,435.11,83.14,205.93,-1,-1,-1,-1
85,2,179.46,438.54,82.69,207.63,-1,-1,-1,-1
86,2,185.23,437.90,83.70,208.76,-1,-1,-1,-1
87,2,186.43,437.81,84.74,207.49,-1,-1,-1,-1
88,2,194.13,434.50,81.92,206.28,-1,-1,-1,-1
89,2,201.50,435.31,81.66,204.81,-1,-1,-1,-1
90,2,203.33,432.40,81.77,206.80,-1,-1,-1,-1
91,2,209.16,434.11,82.54,206.45,-1,-1,-1,-1
92,2,210.97,432.22,82.83,207.33,-1,-1,-1,-1
93,2,217.45,434.06,82.36,206.39,-1,-1,-1,-1
94,2,218.35,439.04,84.44,205.34,-1,-1,-1,-1
95,2,225.48,432.59,82.73,206.91,-1,-1,-1,-1
96,2,227.81,437.76,81.67,207.89,-1,-1,-1,-1
97,2,234.70,433.84,81.29,205.94,-1,-1,-1,-1
98,2,236.37,434.64,81.36,206.22,-1,-1,-1,-1
99,2,241.68,438.80,84.19,206.23,-1,-1,-1,-1
100,2,249.55,434.55,81.69,207.83,-1,-1,-1,-1
101,2,250.93,433.43,82.82,207.04,-1,-1,-1,-1
102,2,252.30,437.98,82.95,207.69,-1,-1,-1,-1
103,2,259.24,434.49,81.16,205.96,-1,-1,-1,-1
104,2,265.80,439.83,81.53,204.01,-1,-1,-1,-1
105,2,268.54,434.95,80.90,206.01,-1,-1,-1,-1
106,2,273.52,434.89,82.71,206.07,-1,-1,-1,-1
107,2,275.84,439.15,82.60,205.71,-1,-1,-1,-1
108,2,282.60,434.64,81.73,206.81,-1,-1,-1,-1
109,2,284.06,434.11,82.98,206.00,-1,-1,-1,-1
110,2,291.16,435.34,81.02,204.26,-1,-1,-1,-1
111,2,298.33,435.68,80.09,205.17,-1,-1,-1,-1
112,2,300.18,435.10,80.92,205.49,-1,-1,-1,-1
113,2,304.10,437.94,84.48,208.23,-1,-1,-1,-1
114,2,308.08,432.18,81.86,207.71,-1,-1,-1,-1
115,2,314.94,434.52,80.66,206.63,-1,-1,-1,-1
116,2,315.17,438.29,83.52,206.60,-1,-1,-1,-1
117,2,322.56,434.97,81.04,206.78,-1,-1,-1,-1
118,2,325.29,434.72,79.93,205.74,-1,-1,-1,-1
119,2,330.79,439.30,81.45,206.44,-1,-1,-1,-1
120,2,337.43,432.67,81.94,208.59,-1,-1,-1,-1
121,2,339.54,433.31,81.04,207.46,-1,-1,-1,-1
122,2,345.79,434.16,81.64,206.90,-1,-1,-1,-1
123,2,347.29,434.92,82.24,205.65,-1,-1,-1,-1
124,2,352.84,437.91,83.37,208.88,-1,-1,-1,-1
125,2,356.86,432.73,80.34,207.68,-1,-1,-1,-1
126,2,362.91,435.05,79.97,204.48,-1,-1,-1,-1
127,2,364.10,433.57,81.91,207.07,-1,-1,-1,-1
128,2,369.59,433.13,83.09,206.95,-1,-1,-1,-1
129,2,377.65,434.20,81.83,208.12,-1,-1,-1,-1
130,2,379.03,438.74,82.82,206.76,-1,-1,-1,-1
131,2,383.29,437.45,85.99,209.07,-1,-1,-1,-1
132,2,388.00,433.56,80.56,207.30,-1,-1,-1,-1
133,2,393.76,431.86,81.29,207.84,-1,-1,-1,-1
134,2,394.80,432.23,83.72,206.16,-1,-1,-1,-1
135,2,401.62,433.52,82.47,206.65,-1,-1,-1,-1
136,2,403.67,432.43,82.66,206.79,-1,-1,-1,-1
137,2,410.19,437.98,82.05,208.52,-1,-1,-1,-1
138,2,410.94,432.10,84.04,207.60,-1,-1,-1,-1
139,2,419.05,435.17,80.48,204.08,-1,-1,-1,-1
140,2,421.87,432.13,80.12,206.69,-1,-1,-1,-1
141,2,427.45,434.64,80.38,205.64,-1,-1,-1,-1
142,2,432.82,434.25,83.20,207.09,-1,-1,-1,-1
143,2,435.36,433.77,81.91,207.13,-1,-1,-1,-1
144,2,441.40,432.11,82.70,207.70,-1,-1,-1,-1
145,2,442.88,433.28,83.82,204.93,-1,-1,-1,-1
146,2,449.65,433.77,82.25,207.53,-1,-1,-1,-1
147,2,452.88,434.44,79.98,206.82,-1,-1,-1,-1
148,2,458.76,434.67,80.62,206.22,-1,-1,-1,-1
149,2,460.74,433.91,81.77,208.03,-1,-1,-1,-1
150,2,466.77,434.83,81.90,206.29,-1,-1,-1,-1
151,2,469.64,433.75,80.47,208.01,-1,-1,-1,-1
152,2,474.41,434.04,83.44,206.09,-1,-1,-1,-1
153,2,480.54,433.72,83.88,208.33,-1,-1,-1,-1
154,2,484.47,433.16,80.91,206.50,-1,-1,-1,-1
155,2,490.58,434.58,80.68,206.70,-1,-1,-1,-1
156,2,491.53,432.23,82.86,207.44,-1,-1,-1,-1
157,2,497.05,431.66,84.06,208.24,-1,-1,-1,-1
158,2,500.71,433.72,81.15,208.33,-1,-1,-1,-1
159,2,506.57,438.94,83.08,206.28,-1,-1,-1,-1
160,2,511.29,437.20,86.09,209.36,-1,-1,-1,-1
161,2,513.58,433.41,85.23,207.77,-1,-1,-1,-1
162,2,521.92,431.78,81.40,207.79,-1,-1,-1,-1
163,2,524.16,434.92,80.43,206.32,-1,-1,-1,-1
164,2,530.22,433.77,81.76,207.85,-1,-1,-1,-1
165,2,532.05,438.31,81.99,208.19,-1,-1,-1,-1
166,2,538.22,433.83,82.15,208.36,-1,-1,-1,-1
167,2,538.41,438.19,85.10,207.21,-1,-1,-1,-1
168,2,544.97,437.98,84.05,208.19,-1,-1,-1,-1
169,2,549.72,438.36,79.73,206.51,-1,-1,-1,-1
170,2,555.70,435.05,79.98,205.69,-1,-1,-1,-1
171,2,556.26,437.55,82.80,208.54,-1,-1,-1,-1
172,2,563.10,433.75,81.37,207.62,-1,-1,-1,-1
173,2,565.12,431.66,81.48,207.84,-1,-1,-1,-1
174,2,570.52,438.49,83.55,207.05,-1,-1,-1,-1
175,2,577.85,434.04,81.77,207.72,-1,-1,-1,-1
176,2,580.69,433.83,80.19,204.98,-1,-1,-1,-1
177,2,586.88,434.56,80.06,206.57,-1,-1,-1,-1
178,2,587.44,431.98,82.93,207.94,-1,-1,-1,-1
179,2,594.51,433.68,81.84,206.67,-1,-1,-1,-1
180,2,601.48,434.91,81.63,206.54,-1,-1,-1,-1
181,2,603.39,434.40,81.56,207.10,-1,-1,-1,-1
182,2,608.34,433.72,83.89,206.87,-1,-1,-1,-1
183,2,611.35,434.67,81.16,206.34,-1,-1,-1,-1
184,2,618.26,435.44,80.81,204.34,-1,-1,-1,-1
185,2,619.95,433.68,81.50,206.84,-1,-1,-1,-1
186,2,625.76,433.78,82.12,208.46,-1,-1,-1,-1
187,2,628.85,432.86,80.60,208.29,-1,-1,-1,-1
188,2,634.32,434.47,81.59,205.99,-1,-1,-1,-1
189,2,635.74,438.04,83.57,208.18,-1,-1,-1,-1
190,2,643.18,432.73,81.25,208.12,-1,-1,-1,-1
191,2,646.19,434.17,79.04,206.84,-1,-1,-1,-1
192,2,651.39,434.50,81.24,206.61,-1,-1,-1,-1
193,2,657.13,433.32,82.73,208.10,-1,-1,-1,-1
194,2,660.25,433.90,81.21,207.73,-1,-1,-1,-1
195,2,666.22,434.48,81.67,206.44,-1,-1,-1,-1
196,2,667.32,434.84,82.93,206.37,-1,-1,-1,-1
197,2,673.93,432.63,81.94,207.29,-1,-1,-1,-1
198,2,676.77,432.89,80.57,206.47,-1,-1,-1,-1
199,2,683.51,435.41,79.98,205.51,-1,-1,-1,-1
200,2,689.15,433.90,82.31,207.75,-1,-1,-1,-1
201,2,690.98,437.73,82.15,208.08,-1,-1,-1,-1
202,2,697.39,438.57,82.37,207.30,-1,-1,-1,-1
203,2,698.71,438.93,83.34,206.11,-1,-1,-1,-1
204,2,704.98,431.68,83.49,208.19,-1,-1,-1,-1
205,2,708.78,434.49,80.04,206.34,-1,-1,-1,-1
206,2,714.15,432.94,81.25,206.57,-1,-1,-1,-1
207,2,716.33,434.02,81.28,206.90,-1,-1,-1,-1
208,2,721.75,433.17,82.63,206.95,-1,-1,-1,-1
209,2,725.33,433.77,80.95,206.08,-1,-1,-1,-1
210,2,730.69,438.99,82.34,206.54,-1,-1,-1,-1
211,2,732.81,434.01,81.49,207.90,-1,-1,-1,-1
212,2,738.93,433.55,82.12,205.93,-1,-1,-1,-1
213,2,742.08,434.39,79.56,204.40,-1,-1,-1,-1
214,2,747.28,435.35,81.95,205.06,-1,-1,-1,-1
215,2,753.34,434.52,82.87,206.63,-1,-1,-1,-1
216,2,755.75,433.55,82.17,205.32,-1,-1,-1,-1
217,2,761.72,434.16,82.67,205.08,-1,-1,-1,-1
218,2,762.35,433.08,85.15,205.04,-1,-1,-1,-1
219,2,769.86,438.24,83.15,207.02,-1,-1,-1,-1
220,2,774.12,434.83,79.16,204.92,-1,-1,-1,-1
221,2,778.57,434.21,81.96,204.40,-1,-1,-1,-1
222,2,781.14,434.71,81.30,206.19,-1,-1,-1,-1
223,2,785.63,439.09,84.84,205.51,-1,-1,-1,-1
224,2,793.28,432.59,82.92,206.68,-1,-1,-1,-1
225,2,794.43,432.33,84.27,205.25,-1,-1,-1,-1
226,2,801.37,434.16,82.68,206.16,-1,-1,-1,-1
227,2,804.72,433.22,80.66,206.47,-1,-1,-1,-1
228,2,809.77,432.60,82.16,206.11,-1,-1,-1,-1
229,2,812.87,434.27,81.79,204.82,-1,-1,-1,-1
230,2,817.94,438.15,83.38,207.86,-1,-1,-1,-1
231,2,824.51,438.72,83.76,206.11,-1,-1,-1,-1
232,2,826.77,439.66,83.03,204.82,-1,-1,-1,-1
233,2,832.05,438.20,84.70,207.99,-1,-1,-1,-1
234,2,835.98,439.36,81.14,205.82,-1,-1,-1,-1
235,2,842.61,434.18,80.72,206.08,-1,-1,-1,-1
236,2,843.93,433.49,81.77,206.54,-1,-1,-1,-1
237,2,848.99,437.90,83.91,209.18,-1,-1,-1,-1
238,2,852.16,439.06,82.44,205.75,-1,-1,-1,-1
239,2,858.91,435.94,81.79,204.27,-1,-1,-1,-1
240,2,860.11,434.58,83.15,205.33,-1,-1,-1,-1
241,2,866.05,432.73,83.06,205.57,-1,-1,-1,-1
242,2,869.95,433.87,79.70,206.33,-1,-1,-1,-1
243,2,874.51,432.92,82.34,205.94,-1,-1,-1,-1
244,2,881.57,433.79,82.17,205.37,-1,-1,-1,-1
245,2,883.98,438.59,82.11,206.05,-1,-1,-1,-1
246,2,890.49,434.91,81.25,204.64,-1,-1,-1,-1
247,2,890.94,433.64,84.21,204.18,-1,-1,-1,-1
248,2,898.15,435.46,81.43,202.90,-1,-1,-1,-1
249,2,901.76,434.02,80.44,202.99,-1,-1,-1,-1
250,2,907.21,435.50,80.85,202.89,-1,-1,-1,-1
