1,1,583.00,208.09,89.51,209.77,-1,-1,-1,-1
2,1,583.30,200.16,92.70,211.85,-1,-1,-1,-1
3,1,589.06,190.93,96.18,212.75,-1,-1,-1,-1
4,1,596.35,174.47,95.44,212.74,-1,-1,-1,-1
5,1,604.98,174.52,92.32,214.04,-1,-1,-1,-1
6,1,611.53,163.45,95.22,214.12,-1,-1,-1,-1
7,1,618.90,157.80,94.92,210.87,-1,-1,-1,-1
8,1,626.23,143.55,96.54,208.47,-1,-1,-1,-1
9,1,630.41,143.18,94.82,206.29,-1,-1,-1,-1
10,1,637.29,135.82,94.94,207.86,-1,-1,-1,-1
11,1,644.98,130.15,96.05,206.74,-1,-1,-1,-1
12,1,652.53,118.49,97.47,208.27,-1,-1,-1,-1
13,1,661.15,118.55,95.34,208.63,-1,-1,-1,-1
14,1,669.10,112.84,96.25,206.62,-1,-1,-1,-1
15,1,678.14,113.11,94.67,206.58,-1,-1,-1,-1
16,1,685.09,98.44,97.15,205.59,-1,-1,-1,-1
17,1,694.52,97.31,94.33,206.45,-1,-1,-1,-1
18,1,700.05,90.21,98.09,205.10,-1,-1,-1,-1
19,1,715.55,82.11,94.19,202.48,-1,-1,-1,-1
20,1,724.17,87.94,94.43,205.21,-1,-1,-1,-1
21,1,732.24,83.81,94.29,202.58,-1,-1,-1,-1
22,1,740.33,75.15,94.95,204.96,-1,-1,-1,-1
23,1,748.48,66.27,97.27,204.71,-1,-1,-1,-1
24,1,758.12,73.48,95.43,203.75,-1,-1,-1,-1
25,1,770.67,57.16,95.07,205.47,-1,-1,-1,-1
26,1,783.96,57.29,88.73,203.16,-1,-1,-1,-1
27,1,790.87,63.55,90.70,206.94,-1,-1,-1,-1
28,1,798.58,58.84,92.65,203.13,-1,-1,-1,-1
29,1,813.43,52.13,89.11,201.10,-1,-1,-1,-1
30,1,821.86,44.53,89.32,203.08,-1,-1,-1,-1
31,1,831.68,51.40,89.28,201.25,-1,-1,-1,-1
32,1,839.77,43.85,89.25,202.45,-1,-1,-1,-1
33,1,848.65,50.68,90.32,201.83,-1,-1,-1,-1
34,1,861.50,51.13,89.09,199.53,-1,-1,-1,-1
35,1,871.14,50.39,89.30,200.38,-1,-1,-1,-1
36,1,879.66,50.82,89.93,200.74,-1,-1,-1,-1
37,1,888.68,44.95,89.34,201.72,-1,-1,-1,-1
38,1,896.82,42.34,89.74,201.93,-1,-1,-1,-1
39,1,909.39,42.69,90.91,201.58,-1,-1,-1,-1
40,1,919.18,43.57,90.28,200.87,-1,-1,-1,-1
41,1,933.42,50.65,89.02,198.49,-1,-1,-1,-1
42,1,941.70,51.12,89.70,199.88,-1,-1,-1,-1
43,1,950.65,50.99,90.06,198.62,-1,-1,-1,-1
44,1,958.80,36.16,91.20,201.91,-1,-1,-1,-1
45,1,968.69,50.91,90.11,201.02,-1,-1,-1,-1
46,1,976.42,51.95,91.12,200.06,-1,-1,-1,-1
47,1,989.38,52.13,90.10,199.22,-1,-1,-1,-1
48,1,997.94,52.96,92.59,200.53,-1,-1,-1,-1
49,1,1005.34,52.95,95.10,201.85,-1,-1,-1,-1
50,1,1015.91,51.87,92.46,199.50,-1,-1,-1,-1
51,1,1028.54,58.24,91.66,201.49,-1,-1,-1,-1
52,1,1037.71,68.30,91.56,200.23,-1,-1,-1,-1
53,1,1045.51,75.29,93.13,200.66,-1,-1,-1,-1
54,1,1053.60,66.64,94.78,203.36,-1,-1,-1,-1
55,1,1061.13,67.17,96.58,203.41,-1,-1,-1,-1
56,1,1069.63,72.27,96.47,204.03,-1,-1,-1,-1
57,1,1083.46,82.73,92.88,201.96,-1,-1,-1,-1
58,1,1093.48,83.39,91.16,201.33,-1,-1,-1,-1
59,1,1102.12,83.56,90.69,203.61,-1,-1,-1,-1
60,1,1110.51,96.06,90.76,203.71,-1,-1,-1,-1
61,1,1119.05,98.53,90.47,202.34,-1,-1,-1,-1
62,1,1127.83,113.25,89.22,203.78,-1,-1,-1,-1
63,1,1135.31,113.89,91.20,204.28,-1,-1,-1,-1
64,1,1142.63,119.70,91.45,205.25,-1,-1,-1,-1
65,1,1150.00,129.68,92.53,202.30,-1,-1,-1,-1
66,1,1157.42,124.89,92.20,202.26,-1,-1,-1,-1
67,1,1166.63,135.49,89.65,208.21,-1,-1,-1,-1
68,1,1173.14,138.84,91.15,204.46,-1,-1,-1,-1
69,1,1182.55,145.57,89.03,206.37,-1,-1,-1,-1
70,1,1189.21,159.05,90.65,211.23,-1,-1,-1,-1
71,1,1196.82,159.79,90.96,208.86,-1,-1,-1,-1
72,1,1199.82,166.72,92.13,208.59,-1,-1,-1,-1
73,1,1208.06,182.66,90.02,208.41,-1,-1,-1,-1
74,1,1213.57,186.45,92.14,207.51,-1,-1,-1,-1
75,1,1220.85,188.61,92.77,211.73,-1,-1,-1,-1
76,1,1226.92,192.96,95.02,209.49,-1,-1,-1,-1
77,1,1230.28,207.06,95.32,208.25,-1,-1,-1,-1
78,1,1236.94,216.98,95.12,207.15,-1,-1,-1,-1
79,1,1243.83,225.52,94.47,205.63,-1,-1,-1,-1
80,1,1245.27,235.12,96.47,205.75,-1,-1,-1,-1
81,1,1250.78,240.73,97.48,203.35,-1,-1,-1,-1
82,1,1256.31,253.70,100.11,209.53,-1,-1,-1,-1
83,1,1258.86,257.62,99.98,205.28,-1,-1,-1,-1
84,1,1265.14,266.81,99.37,207.22,-1,-1,-1,-1
85,1,1267.10,276.99,99.45,203.44,-1,-1,-1,-1
86,1,1273.95,298.22,96.22,202.04,-1,-1,-1,-1
87,1,1275.83,298.66,97.50,204.14,-1,-1,-1,-1
88,1,1282.24,304.61,96.05,202.32,-1,-1,-1,-1
89,1,1283.02,312.63,97.86,203.44,-1,-1,-1,-1
90,1,1285.67,329.54,95.47,200.35,-1,-1,-1,-1
91,1,1291.47,336.62,93.94,203.47,-1,-1,-1,-1
92,1,1292.74,343.99,94.32,205.45,-1,-1,-1,-1
93,1,1295.42,361.29,91.78,204.55,-1,-1,-1,-1
94,1,1301.22,361.87,89.78,205.22,-1,-1,-1,-1
95,1,1302.35,377.87,90.29,204.99,-1,-1,-1,-1
96,1,1301.25,384.13,93.43,206.93,-1,-1,-1,-1
97,1,1303.08,397.69,90.31,209.29,-1,-1,-1,-1
98,1,1303.19,400.55,91.80,208.50,-1,-1,-1,-1
99,1,1303.93,418.77,89.42,204.91,-1,-1,-1,-1
100,1,1305.00,435.83,88.06,201.40,-1,-1,-1,-1
101,1,1305.59,441.26,88.51,204.91,-1,-1,-1,-1
102,1,1303.65,449.16,90.17,205.86,-1,-1,-1,-1
103,1,1303.60,464.32,89.88,205.62,-1,-1,-1,-1
104,1,1303.64,467.49,90.41,205.06,-1,-1,-1,-1
105,1,1303.95,473.26,87.77,207.36,-1,-1,-1,-1
106,1,1302.24,489.45,89.17,208.88,-1,-1,-1,-1
107,1,1301.25,503.81,90.75,207.31,-1,-1,-1,-1
108,1,1300.83,513.44,90.76,206.69,-1,-1,-1,-1
109,1,1297.03,522.49,89.12,206.74,-1,-1,-1,-1
110,1,1295.53,529.65,88.73,206.67,-1,-1,-1,-1
111,1,1294.21,533.74,90.05,212.95,-1,-1,-1,-1
112,1,1288.24,545.19,90.78,218.61,-1,-1,-1,-1
113,1,1287.51,558.56,88.45,224.08,-1,-1,-1,-1
114,1,1286.68,568.85,88.89,211.06,-1,-1,-1,-1
115,1,1281.79,567.27,87.26,211.98,-1,-1,-1,-1
116,1,1278.46,583.01,89.08,208.97,-1,-1,-1,-1
117,1,1273.71,592.59,87.47,208.88,-1,-1,-1,-1
118,1,1271.79,594.21,87.40,208.74,-1,-1,-1,-1
119,1,1265.35,607.36,88.00,207.82,-1,-1,-1,-1
120,1,1263.14,618.24,88.08,217.25,-1,-1,-1,-1
121,1,1256.56,623.83,87.92,211.94,-1,-1,-1,-1
122,1,1254.47,631.89,87.83,211.59,-1,-1,-1,-1
123,1,1247.22,639.01,88.92,212.10,-1,-1,-1,-1
124,1,1242.31,654.34,86.53,209.60,-1,-1,-1,-1
125,1,1233.96,660.85,87.39,211.12,-1,-1,-1,-1
126,1,1229.71,670.22,91.33,211.45,-1,-1,-1,-1
127,1,1224.52,678.70,88.33,208.34,-1,-1,-1,-1
128,1,1218.24,680.99,86.98,210.56,-1,-1,-1,-1
129,1,1209.12,695.17,89.00,210.95,-1,-1,-1,-1
130,1,1205.07,704.31,91.27,210.22,-1,-1,-1,-1
131,1,1198.49,710.55,90.99,212.78,-1,-1,-1,-1
132,1,1190.87,718.62,90.45,208.28,-1,-1,-1,-1
133,1,1183.08,726.87,90.52,211.30,-1,-1,-1,-1
134,1,1175.73,730.24,90.26,209.03,-1,-1,-1,-1
135,1,1167.21,742.43,91.16,207.03,-1,-1,-1,-1
136,1,1159.30,741.77,91.66,211.72,-1,-1,-1,-1
137,1,1151.80,756.20,90.73,211.95,-1,-1,-1,-1
138,1,1143.75,758.83,91.94,210.13,-1,-1,-1,-1
139,1,1139.29,760.84,94.75,210.34,-1,-1,-1,-1
140,1,1129.98,765.81,96.38,213.19,-1,-1,-1,-1
141,1,1121.76,767.04,98.70,210.51,-1,-1,-1,-1
142,1,1110.32,774.18,93.74,210.99,-1,-1,-1,-1
143,1,1101.55,783.70,95.06,210.04,-1,-1,-1,-1
144,1,1093.82,792.02,94.66,210.45,-1,-1,-1,-1
145,1,1083.25,796.98,98.25,215.44,-1,-1,-1,-1
146,1,1075.25,802.91,97.58,218.08,-1,-1,-1,-1
147,1,1066.69,797.79,98.87,216.50,-1,-1,-1,-1
148,1,1058.16,799.64,98.36,214.37,-1,-1,-1,-1
149,1,1046.14,814.85,93.25,208.25,-1,-1,-1,-1
150,1,1040.29,809.38,89.04,209.22,-1,-1,-1,-1
151,1,1030.58,807.55,91.29,211.75,-1,-1,-1,-1
152,1,1022.89,815.75,89.92,215.14,-1,-1,-1,-1
153,1,1011.93,821.84,93.90,211.11,-1,-1,-1,-1
154,1,999.13,820.76,92.48,217.31,-1,-1,-1,-1
155,1,989.16,824.20,95.38,213.92,-1,-1,-1,-1
156,1,980.82,830.87,94.08,216.46,-1,-1,-1,-1
157,1,970.55,830.65,98.23,217.02,-1,-1,-1,-1
158,1,963.50,836.12,95.25,220.90,-1,-1,-1,-1
159,1,955.69,829.35,95.05,217.80,-1,-1,-1,-1
160,1,941.69,830.06,94.65,219.12,-1,-1,-1,-1
161,1,930.53,830.19,98.95,224.38,-1,-1,-1,-1
162,1,920.32,830.94,101.81,219.28,-1,-1,-1,-1
163,1,912.97,829.77,100.79,219.95,-1,-1,-1,-1
164,1,899.56,831.32,99.43,224.84,-1,-1,-1,-1
165,1,888.31,837.86,103.23,220.99,-1,-1,-1,-1
166,1,881.34,840.32,100.61,217.02,-1,-1,-1,-1
167,1,870.58,838.74,105.86,222.52,-1,-1,-1,-1
168,1,858.29,833.27,101.47,219.01,-1,-1,-1,-1
169,1,848.93,830.63,103.68,220.90,-1,-1,-1,-1
170,1,839.18,831.53,105.85,228.70,-1,-1,-1,-1
171,1,829.26,831.70,109.53,224.60,-1,-1,-1,-1
172,1,823.02,823.19,104.43,220.52,-1,-1,-1,-1
173,1,810.54,824.20,100.56,220.14,-1,-1,-1,-1
174,1,802.20,814.36,100.27,221.34,-1,-1,-1,-1
175,1,791.06,813.77,104.58,221.19,-1,-1,-1,-1
176,1,783.32,814.70,103.72,215.92,-1,-1,-1,-1
177,1,772.39,805.06,97.49,217.12,-1,-1,-1,-1
178,1,762.59,805.12,99.33,218.18,-1,-1,-1,-1
179,1,752.47,798.81,103.31,216.45,-1,-1,-1,-1
180,1,744.32,796.17,102.42,214.84,-1,-1,-1,-1
181,1,735.97,799.65,101.84,211.18,-1,-1,-1,-1
182,1,728.12,789.15,101.42,217.61,-1,-1,-1,-1
183,1,715.90,783.63,98.75,212.46,-1,-1,-1,-1
184,1,709.19,789.70,94.31,210.07,-1,-1,-1,-1
185,1,699.91,779.56,96.74,213.55,-1,-1,-1,-1
186,1,691.79,775.31,97.07,211.60,-1,-1,-1,-1
187,1,684.32,763.59,96.19,220.32,-1,-1,-1,-1
188,1,674.80,766.08,98.46,214.33,-1,-1,-1,-1
189,1,667.11,751.58,97.02,222.49,-1,-1,-1,-1
190,1,660.96,743.20,94.45,224.95,-1,-1,-1,-1
191,1,653.39,739.10,94.20,231.31,-1,-1,-1,-1
192,1,645.31,735.26,94.32,224.59,-1,-1,-1,-1
193,1,637.24,721.18,93.45,225.31,-1,-1,-1,-1
194,1,628.25,721.67,95.95,217.58,-1,-1,-1,-1
195,1,621.24,720.82,95.35,219.57,-1,-1,-1,-1
196,1,612.99,713.51,95.46,218.89,-1,-1,-1,-1
197,1,606.52,695.90,93.04,222.09,-1,-1,-1,-1
198,1,603.31,686.18,94.96,216.01,-1,-1,-1,-1
199,1,595.74,686.40,96.21,210.93,-1,-1,-1,-1
200,1,588.67,683.07,95.02,214.55,-1,-1,-1,-1
201,1,582.49,665.89,93.42,221.78,-1,-1,-1,-1
202,1,573.69,670.33,95.42,211.61,-1,-1,-1,-1
203,1,571.80,658.08,94.09,220.99,-1,-1,-1,-1
204,1,564.25,639.48,96.39,225.48,-1,-1,-1,-1
205,1,563.68,642.83,93.78,216.09,-1,-1,-1,-1
206,1,558.01,622.47,91.61,228.24,-1,-1,-1,-1
207,1,550.95,619.86,90.95,215.39,-1,-1,-1,-1
208,1,550.49,604.93,88.57,216.44,-1,-1,-1,-1
209,1,544.05,604.79,88.35,211.96,-1,-1,-1,-1
210,1,536.60,588.63,90.38,231.37,-1,-1,-1,-1
211,1,534.64,591.99,91.67,208.25,-1,-1,-1,-1
212,1,535.57,569.31,87.01,222.35,-1,-1,-1,-1
213,1,529.67,572.67,87.55,213.26,-1,-1,-1,-1
214,1,528.00,548.52,87.71,230.24,-1,-1,-1,-1
215,1,520.81,548.01,88.91,213.59,-1,-1,-1,-1
216,1,520.15,528.93,88.40,236.16,-1,-1,-1,-1
217,1,517.81,532.37,90.13,213.66,-1,-1,-1,-1
218,1,518.16,512.54,89.86,221.39,-1,-1,-1,-1
219,1,512.44,516.19,89.85,213.38,-1,-1,-1,-1
220,1,510.92,502.01,90.85,214.41,-1,-1,-1,-1
221,1,510.87,486.08,89.65,213.23,-1,-1,-1,-1
222,1,511.25,478.30,86.89,212.29,-1,-1,-1,-1
223,1,509.52,466.91,90.37,216.50,-1,-1,-1,-1
224,1,510.36,453.21,88.67,216.54,-1,-1,-1,-1
225,1,509.64,444.88,89.61,216.13,-1,-1,-1,-1
226,1,504.99,439.50,89.93,218.29,-1,-1,-1,-1
227,1,509.44,415.90,90.29,224.64,-1,-1,-1,-1
228,1,507.80,413.14,93.90,218.92,-1,-1,-1,-1
229,1,508.55,400.72,93.24,222.44,-1,-1,-1,-1
230,1,508.97,395.28,92.60,218.14,-1,-1,-1,-1
231,1,509.59,384.37,92.78,221.12,-1,-1,-1,-1
232,1,509.79,380.35,92.75,213.17,-1,-1,-1,-1
233,1,511.57,364.56,91.97,216.23,-1,-1,-1,-1
234,1,517.24,350.69,91.02,213.98,-1,-1,-1,-1
235,1,517.18,352.76,92.15,207.34,-1,-1,-1,-1
236,1,518.26,332.73,92.84,217.14,-1,-1,-1,-1
237,1,517.86,337.21,96.18,203.83,-1,-1,-1,-1
238,1,523.95,320.30,95.24,210.29,-1,-1,-1,-1
239,1,523.24,307.34,98.47,214.76,-1,-1,-1,-1
240,1,524.43,304.13,98.63,209.28,-1,-1,-1,-1
241,1,531.77,293.68,95.84,213.30,-1,-1,-1,-1
242,1,532.18,278.50,96.47,214.54,-1,-1,-1,-1
243,1,534.69,272.14,94.03,208.80,-1,-1,-1,-1
244,1,539.98,263.69,96.36,207.06,-1,-1,-1,-1
245,1,547.88,254.80,95.16,206.72,-1,-1,-1,-1
246,1,549.45,250.18,95.96,204.53,-1,-1,-1,-1
247,1,555.56,236.51,96.87,212.66,-1,-1,-1,-1
248,1,564.11,222.17,93.87,208.75,-1,-1,-1,-1
249,1,568.16,215.19,90.85,207.83,-1,-1,-1,-1
250,1,573.05,213.33,93.30,209.00,-1,-1,-1,-1
1,2,1036.53,53.88,78.63,206.63,-1,-1,-1,-1
2,2,1040.97,60.34,84.35,212.24,-1,-1,-1,-1
3,2,1047.03,55.85,89.01,211.96,-1,-1,-1,-1
4,2,1056.50,64.01,87.12,211.96,-1,-1,-1,-1
5,2,1065.56,65.18,88.02,209.65,-1,-1,-1,-1
6,2,1074.75,74.84,85.80,214.04,-1,-1,-1,-1
7,2,1081.96,76.24,87.52,210.41,-1,-1,-1,-1
8,2,1096.04,78.78,85.37,210.27,-1,-1,-1,-1
9,2,1104.70,80.85,85.61,211.73,-1,-1,-1,-1
10,2,1114.51,94.93,81.41,212.81,-1,-1,-1,-1
11,2,1123.03,93.69,81.73,211.24,-1,-1,-1,-1
12,2,1130.29,97.67,83.79,210.47,-1,-1,-1,-1
13,2,1139.01,100.56,83.11,212.46,-1,-1,-1,-1
14,2,1146.71,108.46,83.58,211.97,-1,-1,-1,-1
15,2,1155.29,123.50,81.74,215.64,-1,-1,-1,-1
16,2,1162.05,124.01,84.43,211.67,-1,-1,-1,-1
17,2,1170.78,127.91,81.86,213.44,-1,-1,-1,-1
18,2,1177.91,136.36,83.60,211.28,-1,-1,-1,-1
19,2,1186.87,139.73,80.68,212.03,-1,-1,-1,-1
20,2,1194.42,145.78,80.32,215.57,-1,-1,-1,-1
21,2,1197.62,159.84,81.09,220.42,-1,-1,-1,-1
22,2,1204.49,162.95,82.67,213.30,-1,-1,-1,-1
23,2,1210.39,172.36,82.92,216.69,-1,-1,-1,-1
24,2,1218.08,182.51,83.43,213.87,-1,-1,-1,-1
25,2,1226.55,191.46,81.03,213.71,-1,-1,-1,-1
26,2,1232.65,196.03,83.15,213.50,-1,-1,-1,-1
27,2,1236.75,204.27,81.50,214.61,-1,-1,-1,-1
28,2,1243.77,212.96,81.10,213.51,-1,-1,-1,-1
29,2,1250.30,222.56,82.25,211.03,-1,-1,-1,-1
30,2,1251.89,229.43,83.31,208.90,-1,-1,-1,-1
31,2,1258.02,236.27,81.81,218.67,-1,-1,-1,-1
32,2,1263.44,254.21,86.41,208.75,-1,-1,-1,-1
33,2,1264.42,260.57,88.45,210.97,-1,-1,-1,-1
34,2,1269.82,269.82,90.93,208.25,-1,-1,-1,-1
35,2,1272.97,272.89,88.22,210.27,-1,-1,-1,-1
36,2,1279.78,282.06,86.08,207.35,-1,-1,-1,-1
37,2,1280.55,290.26,88.40,207.57,-1,-1,-1,-1
38,2,1286.83,298.93,88.14,206.44,-1,-1,-1,-1
39,2,1289.82,317.76,85.70,209.25,-1,-1,-1,-1
40,2,1296.32,328.14,84.20,206.98,-1,-1,-1,-1
41,2,1298.61,331.79,83.00,203.53,-1,-1,-1,-1
42,2,1299.71,344.55,82.49,209.20,-1,-1,-1,-1
43,2,1304.56,348.23,83.52,202.88,-1,-1,-1,-1
44,2,1304.64,354.95,84.09,203.87,-1,-1,-1,-1
45,2,1305.72,363.37,83.67,206.14,-1,-1,-1,-1
46,2,1307.41,376.91,81.87,209.49,-1,-1,-1,-1
47,2,1308.72,398.36,80.61,208.23,-1,-1,-1,-1
48,2,1307.82,407.17,82.98,205.09,-1,-1,-1,-1
49,2,1308.95,417.51,81.35,206.84,-1,-1,-1,-1
50,2,1308.31,426.13,82.02,202.58,-1,-1,-1,-1
51,2,1308.82,434.03,82.05,203.95,-1,-1,-1,-1
52,2,1309.05,440.24,81.58,204.68,-1,-1,-1,-1
53,2,1308.09,454.70,82.34,211.62,-1,-1,-1,-1
54,2,1307.99,463.55,83.20,204.25,-1,-1,-1,-1
55,2,1306.20,471.22,84.10,205.99,-1,-1,-1,-1
56,2,1307.75,483.94,81.33,203.65,-1,-1,-1,-1
57,2,1307.33,496.64,80.73,202.47,-1,-1,-1,-1
58,2,1306.12,500.83,82.02,200.78,-1,-1,-1,-1
59,2,1305.10,508.86,82.80,202.65,-1,-1,-1,-1
60,2,1300.92,527.03,81.06,206.33,-1,-1,-1,-1
61,2,1300.13,537.14,80.67,205.38,-1,-1,-1,-1
62,2,1298.42,542.67,81.29,206.84,-1,-1,-1,-1
63,2,1293.17,546.91,79.69,206.36,-1,-1,-1,-1
64,2,1290.61,559.82,81.79,209.40,-1,-1,-1,-1
65,2,1285.54,566.78,79.78,208.64,-1,-1,-1,-1
66,2,1283.20,582.43,81.59,209.86,-1,-1,-1,-1
67,2,1281.80,586.70,82.05,207.09,-1,-1,-1,-1
68,2,1275.97,597.74,81.32,209.04,-1,-1,-1,-1
69,2,1272.29,607.35,84.41,209.47,-1,-1,-1,-1
70,2,1269.17,610.76,79.50,206.85,-1,-1,-1,-1
71,2,1263.82,621.42,86.17,213.93,-1,-1,-1,-1
72,2,1255.15,636.22,88.51,210.75,-1,-1,-1,-1
73,2,1249.86,641.85,85.88,208.76,-1,-1,-1,-1
74,2,1242.51,652.25,84.59,210.93,-1,-1,-1,-1
75,2,1241.29,655.56,83.35,208.20,-1,-1,-1,-1
76,2,1234.16,669.61,84.35,216.34,-1,-1,-1,-1
77,2,1225.78,678.95,86.92,207.54,-1,-1,-1,-1
78,2,1217.75,678.00,86.72,208.99,-1,-1,-1,-1
79,2,1208.70,684.61,89.06,211.52,-1,-1,-1,-1
80,2,1206.39,692.97,89.31,210.72,-1,-1,-1,-1
81,2,1200.05,707.33,87.98,214.13,-1,-1,-1,-1
82,2,1192.42,710.69,87.69,209.41,-1,-1,-1,-1
83,2,1186.58,713.33,84.47,206.94,-1,-1,-1,-1
84,2,1179.29,722.99,82.85,213.90,-1,-1,-1,-1
85,2,1172.05,736.76,83.06,210.74,-1,-1,-1,-1
86,2,1168.60,744.18,83.70,209.18,-1,-1,-1,-1
87,2,1161.94,742.95,81.29,209.45,-1,-1,-1,-1
88,2,1151.68,752.05,86.31,211.16,-1,-1,-1,-1
89,2,1141.99,757.60,89.04,211.48,-1,-1,-1,-1
90,2,1134.75,764.67,88.06,212.59,-1,-1,-1,-1
91,2,1128.17,768.84,86.32,207.99,-1,-1,-1,-1
92,2,1118.63,773.33,87.82,211.83,-1,-1,-1,-1
93,2,1104.91,779.95,88.20,211.57,-1,-1,-1,-1
94,2,1097.16,781.94,86.76,215.17,-1,-1,-1,-1
95,2,1088.57,784.51,87.46,210.02,-1,-1,-1,-1
96,2,1080.01,784.46,88.07,210.75,-1,-1,-1,-1
97,2,1072.35,798.80,86.81,211.43,-1,-1,-1,-1
98,2,1062.87,797.75,87.76,209.58,-1,-1,-1,-1
99,2,1054.96,805.06,87.67,211.72,-1,-1,-1,-1
100,2,1041.93,808.69,86.51,210.05,-1,-1,-1,-1
101,2,1033.24,812.65,86.22,211.28,-1,-1,-1,-1
102,2,1025.68,809.08,85.12,209.42,-1,-1,-1,-1
103,2,1017.98,814.66,82.19,210.86,-1,-1,-1,-1
104,2,1010.72,815.67,79.89,209.88,-1,-1,-1,-1
105,2,996.24,822.66,80.26,210.60,-1,-1,-1,-1
106,2,986.07,830.00,82.10,209.46,-1,-1,-1,-1
107,2,978.59,820.84,82.44,214.83,-1,-1,-1,-1
108,2,970.36,830.92,80.31,209.04,-1,-1,-1,-1
109,2,957.94,823.92,79.13,211.02,-1,-1,-1,-1
110,2,948.17,822.93,79.76,212.11,-1,-1,-1,-1
111,2,938.45,825.69,81.70,209.55,-1,-1,-1,-1
112,2,930.62,831.03,80.27,211.08,-1,-1,-1,-1
113,2,921.99,832.63,81.27,209.79,-1,-1,-1,-1
114,2,907.13,838.40,82.43,209.66,-1,-1,-1,-1
115,2,898.89,833.45,81.66,211.00,-1,-1,-1,-1
116,2,889.25,831.43,82.89,210.01,-1,-1,-1,-1
117,2,881.60,832.19,82.34,213.13,-1,-1,-1,-1
118,2,867.30,832.52,82.44,209.17,-1,-1,-1,-1
119,2,856.90,826.71,85.04,208.56,-1,-1,-1,-1
120,2,850.36,824.79,81.18,212.29,-1,-1,-1,-1
121,2,843.08,825.44,79.94,208.65,-1,-1,-1,-1
122,2,827.64,824.95,82.29,208.58,-1,-1,-1,-1
123,2,820.34,823.56,79.87,210.98,-1,-1,-1,-1
124,2,810.42,821.59,81.03,210.64,-1,-1,-1,-1
125,2,801.73,820.35,81.91,213.49,-1,-1,-1,-1
126,2,788.26,816.39,81.60,210.05,-1,-1,-1,-1
127,2,780.70,804.70,79.81,212.04,-1,-1,-1,-1
128,2,772.82,800.88,79.57,210.23,-1,-1,-1,-1
129,2,763.42,800.27,82.03,210.93,-1,-1,-1,-1
130,2,754.57,797.66,81.55,211.66,-1,-1,-1,-1
131,2,745.52,787.68,82.79,213.45,-1,-1,-1,-1
132,2,736.68,791.49,83.74,212.05,-1,-1,-1,-1
133,2,729.33,792.23,82.48,210.75,-1,-1,-1,-1
134,2,715.95,780.75,81.93,213.15,-1,-1,-1,-1
135,2,707.51,767.72,81.97,210.90,-1,-1,-1,-1
136,2,698.57,772.31,82.47,212.46,-1,-1,-1,-1
137,2,691.15,772.13,81.48,212.28,-1,-1,-1,-1
138,2,680.90,764.82,85.02,210.89,-1,-1,-1,-1
139,2,675.56,750.08,80.95,214.51,-1,-1,-1,-1
140,2,666.94,747.96,82.35,213.19,-1,-1,-1,-1
141,2,660.29,740.48,81.31,214.26,-1,-1,-1,-1
142,2,651.47,732.87,82.30,212.81,-1,-1,-1,-1
143,2,642.49,726.17,82.73,212.78,-1,-1,-1,-1
144,2,635.08,719.74,82.44,211.66,-1,-1,-1,-1
145,2,627.71,715.62,82.26,212.12,-1,-1,-1,-1
146,2,620.88,708.56,80.78,210.99,-1,-1,-1,-1
147,2,612.43,701.80,81.69,209.97,-1,-1,-1,-1
148,2,610.64,695.19,80.80,211.33,-1,-1,-1,-1
149,2,600.95,685.49,85.29,212.19,-1,-1,-1,-1
150,2,593.90,678.31,85.35,212.55,-1,-1,-1,-1
151,2,585.81,677.42,86.58,209.98,-1,-1,-1,-1
152,2,582.83,656.40,88.00,211.40,-1,-1,-1,-1
153,2,574.53,656.75,89.53,209.86,-1,-1,-1,-1
154,2,568.63,644.65,87.47,211.45,-1,-1,-1,-1
155,2,566.04,636.81,90.06,210.52,-1,-1,-1,-1
156,2,560.56,621.40,87.84,213.84,-1,-1,-1,-1
157,2,553.45,614.11,87.15,209.86,-1,-1,-1,-1
158,2,552.24,601.68,85.92,208.87,-1,-1,-1,-1
159,2,547.62,600.41,82.02,206.88,-1,-1,-1,-1
160,2,544.85,594.40,84.08,208.02,-1,-1,-1,-1
161,2,540.15,575.84,81.28,209.43,-1,-1,-1,-1
162,2,538.03,570.86,82.62,206.51,-1,-1,-1,-1
163,2,534.20,570.33,79.05,206.67,-1,-1,-1,-1
164,2,532.16,555.77,80.65,212.46,-1,-1,-1,-1
165,2,530.24,538.77,81.59,206.61,-1,-1,-1,-1
166,2,525.51,531.46,80.39,205.53,-1,-1,-1,-1
167,2,523.61,522.94,80.28,203.94,-1,-1,-1,-1
168,2,521.27,511.46,83.83,205.40,-1,-1,-1,-1
169,2,517.33,503.99,81.00,206.15,-1,-1,-1,-1
170,2,517.31,499.90,79.96,204.51,-1,-1,-1,-1
171,2,515.10,481.04,82.09,206.15,-1,-1,-1,-1
172,2,516.59,473.77,78.49,207.10,-1,-1,-1,-1
173,2,512.61,461.29,85.37,209.61,-1,-1,-1,-1
174,2,515.10,458.82,80.09,205.73,-1,-1,-1,-1
175,2,514.44,450.16,81.32,207.44,-1,-1,-1,-1
176,2,513.22,439.54,82.95,210.18,-1,-1,-1,-1
177,2,512.65,431.95,83.82,207.77,-1,-1,-1,-1
178,2,514.49,412.09,81.46,212.64,-1,-1,-1,-1
179,2,516.09,409.90,79.30,208.13,-1,-1,-1,-1
180,2,515.04,387.93,81.19,213.99,-1,-1,-1,-1
181,2,515.79,376.99,81.27,209.43,-1,-1,-1,-1
182,2,515.56,367.12,82.80,208.20,-1,-1,-1,-1
183,2,515.89,361.72,82.69,206.92,-1,-1,-1,-1
184,2,521.74,353.18,82.02,207.96,-1,-1,-1,-1
185,2,523.12,351.44,82.38,204.66,-1,-1,-1,-1
186,2,522.88,327.47,83.69,209.90,-1,-1,-1,-1
187,2,528.51,328.37,84.07,206.59,-1,-1,-1,-1
188,2,530.72,311.56,82.27,211.75,-1,-1,-1,-1
189,2,531.01,313.82,83.12,206.02,-1,-1,-1,-1
190,2,536.36,292.31,84.43,214.36,-1,-1,-1,-1
191,2,535.91,289.64,88.18,207.39,-1,-1,-1,-1
192,2,536.72,278.06,88.31,210.32,-1,-1,-1,-1
193,2,543.40,263.69,87.12,211.06,-1,-1,-1,-1
194,2,545.65,253.51,87.82,210.92,-1,-1,-1,-1
195,2,551.35,244.95,88.67,210.58,-1,-1,-1,-1
196,2,559.34,240.45,87.16,208.73,-1,-1,-1,-1
197,2,561.03,233.17,87.38,209.76,-1,-1,-1,-1
198,2,565.72,232.08,89.87,206.88,-1,-1,-1,-1
199,2,570.14,215.09,85.73,211.56,-1,-1,-1,-1
200,2,579.10,212.39,81.41,211.69,-1,-1,-1,-1
201,2,584.82,204.20,84.85,212.53,-1,-1,-1,-1
202,2,585.33,196.14,88.40,215.66,-1,-1,-1,-1
203,2,594.18,170.81,85.24,221.19,-1,-1,-1,-1
204,2,600.81,172.23,87.24,215.98,-1,-1,-1,-1
205,2,607.16,169.55,87.95,216.51,-1,-1,-1,-1
206,2,615.21,161.39,88.20,218.34,-1,-1,-1,-1
207,2,622.66,156.50,88.30,215.45,-1,-1,-1,-1
208,2,625.45,138.80,88.49,216.44,-1,-1,-1,-1
209,2,633.09,132.86,87.47,214.63,-1,-1,-1,-1
210,2,641.10,125.02,88.30,216.39,-1,-1,-1,-1
211,2,650.00,126.90,87.09,215.28,-1,-1,-1,-1
212,2,656.11,114.20,89.29,216.85,-1,-1,-1,-1
213,2,664.74,115.35,88.14,214.70,-1,-1,-1,-1
214,2,673.69,106.12,85.81,215.27,-1,-1,-1,-1
215,2,681.49,107.58,87.62,213.69,-1,-1,-1,-1
216,2,688.93,90.44,88.45,217.32,-1,-1,-1,-1
217,2,697.92,93.66,87.44,213.08,-1,-1,-1,-1
218,2,706.50,85.55,85.63,215.35,-1,-1,-1,-1
219,2,712.55,82.32,90.27,215.26,-1,-1,-1,-1
220,2,726.71,68.90,88.42,216.20,-1,-1,-1,-1
221,2,737.08,71.88,84.53,213.65,-1,-1,-1,-1
222,2,743.02,67.75,90.87,213.47,-1,-1,-1,-1
223,2,753.20,61.76,88.06,214.09,-1,-1,-1,-1
224,2,760.99,59.27,88.49,213.30,-1,-1,-1,-1
225,2,770.34,58.94,86.90,214.12,-1,-1,-1,-1
226,2,782.62,49.42,90.03,217.04,-1,-1,-1,-1
227,2,791.84,45.96,88.88,212.87,-1,-1,-1,-1
228,2,801.28,45.32,86.31,215.80,-1,-1,-1,-1
229,2,813.85,46.68,89.10,215.17,-1,-1,-1,-1
230,2,823.39,51.24,87.89,212.88,-1,-1,-1,-1
231,2,831.45,44.67,88.54,211.75,-1,-1,-1,-1
232,2,842.57,31.16,84.60,212.46,-1,-1,-1,-1
233,2,850.99,29.35,85.52,212.41,-1,-1,-1,-1
234,2,859.35,30.69,85.45,210.73,-1,-1,-1,-1
235,2,873.39,39.09,83.84,212.30,-1,-1,-1,-1
236,2,882.50,29.64,85.20,213.29,-1,-1,-1,-1
237,2,890.01,37.73,87.11,211.65,-1,-1,-1,-1
238,2,903.15,36.51,86.47,210.01,-1,-1,-1,-1
239,2,912.18,29.63,87.49,211.05,-1,-1,-1,-1
240,2,920.87,36.76,87.93,212.38,-1,-1,-1,-1
241,2,930.67,36.54,86.03,210.66,-1,-1,-1,-1
242,2,942.71,30.34,87.06,209.07,-1,-1,-1,-1
243,2,952.64,32.92,85.71,208.86,-1,-1,-1,-1
244,2,963.48,38.16,82.30,211.83,-1,-1,-1,-1
245,2,973.00,31.93,82.18,210.77,-1,-1,-1,-1
246,2,980.37,44.58,83.74,210.46,-1,-1,-1,-1
247,2,991.42,38.12,86.16,211.69,-1,-1,-1,-1
248,2,1001.13,52.18,86.44,210.85,-1,-1,-1,-1
249,2,1009.43,51.44,88.14,212.23,-1,-1,-1,-1
250,2,1018.72,52.18,85.93,212.83,-1,-1,-1,-1
1,3,1318.88,433.11,90.34,207.97,-1,-1,-1,-1
2,3,1322.02,445.80,84.81,211.04,-1,-1,-1,-1
3,3,1321.45,450.11,85.78,206.07,-1,-1,-1,-1
4,3,1322.28,454.22,82.75,212.71,-1,-1,-1,-1
5,3,1323.25,466.11,79.94,220.16,-1,-1,-1,-1
6,3,1322.35,484.85,81.10,215.01,-1,-1,-1,-1
7,3,1320.74,489.31,83.41,208.33,-1,-1,-1,-1
8,3,1315.55,501.83,83.60,213.90,-1,-1,-1,-1
9,3,1315.56,519.23,81.92,206.83,-1,-1,-1,-1
10,3,1314.71,527.88,83.24,240.40,-1,-1,-1,-1
11,3,1310.93,525.54,88.24,228.72,-1,-1,-1,-1
12,3,1310.40,534.79,88.77,227.55,-1,-1,-1,-1
13,3,1303.93,544.86,89.09,220.65,-1,-1,-1,-1
14,3,1303.43,559.99,87.04,224.85,-1,-1,-1,-1
15,3,1296.00,561.40,89.98,222.11,-1,-1,-1,-1
16,3,1296.68,572.71,85.64,216.71,-1,-1,-1,-1
17,3,1287.74,587.87,90.10,213.90,-1,-1,-1,-1
18,3,1288.81,602.60,85.98,218.29,-1,-1,-1,-1
19,3,1281.31,612.41,88.09,215.54,-1,-1,-1,-1
20,3,1279.32,618.36,87.70,220.99,-1,-1,-1,-1
21,3,1270.71,619.03,91.71,219.06,-1,-1,-1,-1
22,3,1272.04,634.82,86.70,218.64,-1,-1,-1,-1
23,3,1261.56,635.29,92.90,215.58,-1,-1,-1,-1
24,3,1252.81,641.66,96.47,221.37,-1,-1,-1,-1
25,3,1252.92,656.99,92.66,219.41,-1,-1,-1,-1
26,3,1244.63,665.68,94.10,218.00,-1,-1,-1,-1
27,3,1235.77,674.41,97.15,219.28,-1,-1,-1,-1
28,3,1230.05,682.55,93.84,220.71,-1,-1,-1,-1
29,3,1227.71,681.15,95.04,222.98,-1,-1,-1,-1
30,3,1220.93,689.08,93.48,224.34,-1,-1,-1,-1
31,3,1212.70,699.82,94.56,220.21,-1,-1,-1,-1
32,3,1205.68,714.12,93.94,219.55,-1,-1,-1,-1
33,3,1196.57,723.56,95.94,215.70,-1,-1,-1,-1
34,3,1187.64,732.42,98.01,212.93,-1,-1,-1,-1
35,3,1179.32,733.09,99.17,212.32,-1,-1,-1,-1
36,3,1171.92,730.27,98.25,224.59,-1,-1,-1,-1
37,3,1164.07,738.13,98.18,220.95,-1,-1,-1,-1
38,3,1152.82,737.87,103.42,223.88,-1,-1,-1,-1
39,3,1153.82,744.03,98.41,225.59,-1,-1,-1,-1
40,3,1147.03,761.57,96.38,219.31,-1,-1,-1,-1
41,3,1139.07,770.30,96.40,220.14,-1,-1,-1,-1
42,3,1122.22,761.70,101.54,225.44,-1,-1,-1,-1
43,3,1122.93,771.27,96.41,232.92,-1,-1,-1,-1
44,3,1105.35,783.38,102.27,224.35,-1,-1,-1,-1
45,3,1096.96,782.47,101.63,225.47,-1,-1,-1,-1
46,3,1087.35,783.53,104.57,225.56,-1,-1,-1,-1
47,3,1081.66,787.59,100.16,219.25,-1,-1,-1,-1
48,3,1073.60,803.67,99.26,214.81,-1,-1,-1,-1
49,3,1059.17,803.44,98.64,215.68,-1,-1,-1,-1
50,3,1052.68,809.42,95.50,218.92,-1,-1,-1,-1
51,3,1043.52,812.23,96.66,214.55,-1,-1,-1,-1
52,3,1036.49,811.47,94.60,214.19,-1,-1,-1,-1
53,3,1028.27,817.00,94.44,220.43,-1,-1,-1,-1
54,3,1013.87,818.46,93.82,218.73,-1,-1,-1,-1
55,3,1005.24,819.97,94.46,220.13,-1,-1,-1,-1
56,3,997.73,830.31,92.15,210.24,-1,-1,-1,-1
57,3,989.65,818.38,91.32,219.40,-1,-1,-1,-1
58,3,983.49,829.59,88.23,211.90,-1,-1,-1,-1
59,3,968.83,830.66,87.46,211.55,-1,-1,-1,-1
60,3,960.04,829.40,87.98,211.77,-1,-1,-1,-1
61,3,950.12,838.52,90.66,209.18,-1,-1,-1,-1
62,3,935.79,830.15,89.89,212.45,-1,-1,-1,-1
63,3,926.40,831.22,92.50,213.12,-1,-1,-1,-1
64,3,917.12,832.64,94.69,210.29,-1,-1,-1,-1
65,3,909.04,829.44,94.44,218.86,-1,-1,-1,-1
66,3,900.01,830.56,95.50,214.39,-1,-1,-1,-1
67,3,885.30,828.76,94.78,211.77,-1,-1,-1,-1
68,3,876.57,820.78,95.93,219.23,-1,-1,-1,-1
69,3,867.33,821.42,97.53,215.44,-1,-1,-1,-1
70,3,859.68,819.28,94.87,217.16,-1,-1,-1,-1
71,3,851.05,819.53,95.84,218.20,-1,-1,-1,-1
72,3,836.85,820.94,95.11,213.77,-1,-1,-1,-1
73,3,827.94,818.85,95.55,216.83,-1,-1,-1,-1
74,3,818.69,820.63,97.35,212.96,-1,-1,-1,-1
75,3,804.24,811.06,96.63,217.71,-1,-1,-1,-1
76,3,795.56,802.39,97.38,220.73,-1,-1,-1,-1
77,3,787.23,803.22,97.50,219.97,-1,-1,-1,-1
78,3,779.65,794.74,96.43,220.27,-1,-1,-1,-1
79,3,769.56,786.66,100.22,221.20,-1,-1,-1,-1
80,3,760.45,785.95,101.59,219.49,-1,-1,-1,-1
81,3,754.09,785.99,98.04,221.53,-1,-1,-1,-1
82,3,739.73,786.15,98.03,220.42,-1,-1,-1,-1
83,3,728.67,775.50,102.53,223.27,-1,-1,-1,-1
84,3,721.44,777.11,101.60,219.21,-1,-1,-1,-1
85,3,714.78,770.46,98.42,221.76,-1,-1,-1,-1
86,3,704.11,770.52,103.38,218.61,-1,-1,-1,-1
87,3,698.10,758.57,99.65,224.99,-1,-1,-1,-1
88,3,690.89,760.17,98.29,222.40,-1,-1,-1,-1
89,3,682.64,744.02,98.08,239.40,-1,-1,-1,-1
90,3,674.02,732.25,99.89,248.40,-1,-1,-1,-1
91,3,666.65,730.19,99.85,250.86,-1,-1,-1,-1
92,3,657.44,725.28,102.67,244.51,-1,-1,-1,-1
93,3,647.27,727.63,106.51,239.33,-1,-1,-1,-1
94,3,638.29,711.12,107.73,258.04,-1,-1,-1,-1
95,3,629.76,697.19,108.57,253.35,-1,-1,-1,-1
96,3,619.52,701.03,114.10,245.59,-1,-1,-1,-1
97,3,614.79,682.25,107.60,250.76,-1,-1,-1,-1
98,3,614.43,683.96,105.82,247.24,-1,-1,-1,-1
99,3,607.38,671.14,103.75,240.56,-1,-1,-1,-1
100,3,599.41,669.90,104.23,227.45,-1,-1,-1,-1
101,3,593.44,663.59,101.63,222.64,-1,-1,-1,-1
102,3,586.01,655.90,102.24,222.88,-1,-1,-1,-1
103,3,578.67,639.60,100.59,225.64,-1,-1,-1,-1
104,3,576.66,636.43,101.57,214.77,-1,-1,-1,-1
105,3,571.98,632.77,97.96,219.78,-1,-1,-1,-1
106,3,562.99,619.20,100.12,217.02,-1,-1,-1,-1
107,3,562.10,617.06,100.00,219.09,-1,-1,-1,-1
108,3,562.27,603.84,97.88,219.55,-1,-1,-1,-1
109,3,555.66,590.61,96.29,224.97,-1,-1,-1,-1
110,3,547.70,593.94,97.71,220.44,-1,-1,-1,-1
111,3,547.89,587.29,95.59,217.36,-1,-1,-1,-1
112,3,541.64,572.32,95.03,217.18,-1,-1,-1,-1
113,3,542.23,567.60,92.24,224.64,-1,-1,-1,-1
114,3,540.41,558.62,93.58,226.06,-1,-1,-1,-1
115,3,533.55,547.53,93.83,215.79,-1,-1,-1,-1
116,3,533.50,528.10,91.83,222.96,-1,-1,-1,-1
117,3,533.19,526.01,91.28,213.31,-1,-1,-1,-1
118,3,527.83,520.73,90.34,220.49,-1,-1,-1,-1
119,3,526.52,512.44,91.93,209.23,-1,-1,-1,-1
120,3,526.07,495.64,90.57,210.81,-1,-1,-1,-1
121,3,527.21,484.24,87.42,214.83,-1,-1,-1,-1
122,3,521.07,468.00,88.10,218.59,-1,-1,-1,-1
123,3,520.80,466.08,87.82,218.08,-1,-1,-1,-1
124,3,518.56,448.09,91.76,224.16,-1,-1,-1,-1
125,3,518.08,444.49,93.30,215.85,-1,-1,-1,-1
126,3,516.79,434.94,94.27,218.04,-1,-1,-1,-1
127,3,516.57,421.35,95.30,215.15,-1,-1,-1,-1
128,3,515.69,398.53,96.38,225.84,-1,-1,-1,-1
129,3,517.45,392.79,93.73,224.38,-1,-1,-1,-1
130,3,516.88,381.47,95.53,229.32,-1,-1,-1,-1
131,3,517.10,372.20,95.22,231.85,-1,-1,-1,-1
132,3,524.50,358.57,92.76,226.41,-1,-1,-1,-1
133,3,524.07,350.78,95.57,225.34,-1,-1,-1,-1
134,3,523.77,352.93,96.72,220.32,-1,-1,-1,-1
135,3,529.69,340.46,98.09,217.64,-1,-1,-1,-1
136,3,531.34,330.33,95.56,221.35,-1,-1,-1,-1
137,3,531.02,324.89,98.59,215.66,-1,-1,-1,-1
138,3,531.86,315.26,97.84,219.32,-1,-1,-1,-1
139,3,537.40,309.33,99.80,215.58,-1,-1,-1,-1
140,3,540.16,299.92,97.37,215.33,-1,-1,-1,-1
141,3,545.70,281.42,99.57,221.51,-1,-1,-1,-1
142,3,544.81,277.58,102.60,216.15,-1,-1,-1,-1
143,3,553.77,257.18,99.93,223.61,-1,-1,-1,-1
144,3,558.88,254.05,104.90,211.51,-1,-1,-1,-1
145,3,560.25,245.63,103.39,216.03,-1,-1,-1,-1
146,3,561.61,235.42,102.66,216.50,-1,-1,-1,-1
147,3,567.76,237.31,103.38,211.81,-1,-1,-1,-1
148,3,576.41,228.13,101.84,216.69,-1,-1,-1,-1
149,3,577.85,212.15,99.64,217.11,-1,-1,-1,-1
150,3,588.45,204.02,95.37,217.06,-1,-1,-1,-1
151,3,594.69,200.89,96.74,219.33,-1,-1,-1,-1
152,3,595.71,186.12,99.52,218.57,-1,-1,-1,-1
153,3,602.25,176.80,98.90,225.23,-1,-1,-1,-1
154,3,609.45,176.17,99.97,225.14,-1,-1,-1,-1
155,3,616.73,168.34,100.83,221.37,-1,-1,-1,-1
156,3,617.91,161.61,103.04,218.95,-1,-1,-1,-1
157,3,626.28,156.17,100.67,217.88,-1,-1,-1,-1
158,3,634.78,141.33,100.06,214.55,-1,-1,-1,-1
159,3,642.57,138.34,99.81,218.11,-1,-1,-1,-1
160,3,649.65,138.91,102.02,215.41,-1,-1,-1,-1
161,3,657.88,132.82,101.45,214.70,-1,-1,-1,-1
162,3,667.68,118.02,97.90,213.49,-1,-1,-1,-1
163,3,676.50,115.36,95.97,214.99,-1,-1,-1,-1
164,3,684.52,108.94,96.30,216.82,-1,-1,-1,-1
165,3,692.18,98.67,97.92,217.80,-1,-1,-1,-1
166,3,699.81,99.18,98.53,217.86,-1,-1,-1,-1
167,3,708.81,83.48,96.49,217.77,-1,-1,-1,-1
168,3,717.12,84.81,96.17,214.16,-1,-1,-1,-1
169,3,725.25,76.98,95.62,214.39,-1,-1,-1,-1
170,3,732.08,77.40,97.29,215.62,-1,-1,-1,-1
171,3,747.76,68.44,94.17,215.52,-1,-1,-1,-1
172,3,756.72,70.54,93.42,208.12,-1,-1,-1,-1
173,3,766.67,71.14,91.94,207.73,-1,-1,-1,-1
174,3,774.18,69.44,93.01,211.63,-1,-1,-1,-1
175,3,782.16,63.89,94.77,209.15,-1,-1,-1,-1
176,3,796.43,55.09,92.64,209.63,-1,-1,-1,-1
177,3,806.47,48.47,89.37,208.80,-1,-1,-1,-1
178,3,816.10,46.81,88.29,213.37,-1,-1,-1,-1
179,3,824.36,48.37,88.84,209.96,-1,-1,-1,-1
180,3,831.43,48.00,91.63,208.45,-1,-1,-1,-1
181,3,845.84,46.27,90.16,213.03,-1,-1,-1,-1
182,3,856.89,41.39,86.61,207.45,-1,-1,-1,-1
183,3,863.73,38.86,89.68,211.93,-1,-1,-1,-1
184,3,871.15,33.83,91.41,204.79,-1,-1,-1,-1
185,3,886.64,33.35,87.63,206.83,-1,-1,-1,-1
186,3,894.92,39.55,88.95,205.84,-1,-1,-1,-1
187,3,903.20,40.02,89.90,207.49,-1,-1,-1,-1
188,3,913.31,34.18,88.27,203.46,-1,-1,-1,-1
189,3,927.26,41.28,86.02,206.19,-1,-1,-1,-1
190,3,935.15,40.68,89.37,205.67,-1,-1,-1,-1
191,3,944.23,41.01,89.14,208.63,-1,-1,-1,-1
192,3,951.53,41.00,90.67,208.26,-1,-1,-1,-1
193,3,965.43,48.13,90.46,206.47,-1,-1,-1,-1
194,3,975.42,40.34,89.71,207.26,-1,-1,-1,-1
195,3,984.04,41.58,89.52,202.63,-1,-1,-1,-1
196,3,991.30,40.73,91.56,204.21,-1,-1,-1,-1
197,3,999.64,46.87,91.84,210.69,-1,-1,-1,-1
198,3,1014.06,48.76,90.32,206.00,-1,-1,-1,-1
199,3,1022.06,48.58,91.66,206.65,-1,-1,-1,-1
200,3,1031.75,55.66,89.86,209.87,-1,-1,-1,-1
201,3,1039.99,58.29,91.32,202.40,-1,-1,-1,-1
202,3,1048.92,64.16,89.37,207.81,-1,-1,-1,-1
203,3,1061.07,63.80,92.40,205.37,-1,-1,-1,-1
204,3,1070.42,63.35,90.37,211.94,-1,-1,-1,-1
205,3,1079.04,72.19,90.91,210.35,-1,-1,-1,-1
206,3,1086.95,71.28,92.24,212.03,-1,-1,-1,-1
207,3,1093.24,77.17,94.89,216.04,-1,-1,-1,-1
208,3,1109.28,85.22,91.28,210.39,-1,-1,-1,-1
209,3,1117.58,92.94,90.81,210.60,-1,-1,-1,-1
210,3,1125.80,87.53,90.61,212.16,-1,-1,-1,-1
211,3,1134.16,93.57,90.80,215.11,-1,-1,-1,-1
212,3,1142.58,102.38,91.40,207.66,-1,-1,-1,-1
213,3,1150.38,102.23,92.23,209.32,-1,-1,-1,-1
214,3,1158.32,108.10,91.41,213.47,-1,-1,-1,-1
215,3,1166.83,115.64,91.14,214.30,-1,-1,-1,-1
216,3,1175.55,126.36,88.22,210.07,-1,-1,-1,-1
217,3,1182.19,131.28,90.84,217.71,-1,-1,-1,-1
218,3,1189.29,139.66,91.94,213.38,-1,-1,-1,-1
219,3,1197.14,138.83,91.80,218.33,-1,-1,-1,-1
220,3,1201.83,153.44,87.76,218.30,-1,-1,-1,-1
221,3,1208.03,158.23,89.23,209.83,-1,-1,-1,-1
222,3,1215.40,155.91,89.45,218.89,-1,-1,-1,-1
223,3,1223.52,170.58,89.34,219.98,-1,-1,-1,-1
224,3,1230.54,175.99,89.76,223.61,-1,-1,-1,-1
225,3,1238.33,180.75,89.21,218.51,-1,-1,-1,-1
226,3,1240.78,187.87,88.44,218.93,-1,-1,-1,-1
227,3,1247.09,195.32,89.22,220.68,-1,-1,-1,-1
228,3,1255.25,210.29,87.66,217.74,-1,-1,-1,-1
229,3,1262.02,213.24,90.27,216.58,-1,-1,-1,-1
230,3,1263.96,217.77,89.99,222.74,-1,-1,-1,-1
231,3,1270.16,228.87,91.03,216.22,-1,-1,-1,-1
232,3,1272.21,240.91,89.72,220.99,-1,-1,-1,-1
233,3,1278.25,252.58,90.54,213.26,-1,-1,-1,-1
234,3,1285.26,257.48,91.36,220.96,-1,-1,-1,-1
235,3,1283.83,266.48,96.54,217.33,-1,-1,-1,-1
236,3,1290.94,273.74,95.97,219.88,-1,-1,-1,-1
237,3,1291.74,283.33,97.33,218.46,-1,-1,-1,-1
238,3,1297.84,289.42,98.29,221.92,-1,-1,-1,-1
239,3,1296.42,297.21,102.34,221.24,-1,-1,-1,-1
240,3,1296.36,308.41,103.87,217.06,-1,-1,-1,-1
241,3,1297.22,313.36,103.19,221.62,-1,-1,-1,-1
242,3,1301.99,318.67,105.72,227.02,-1,-1,-1,-1
243,3,1305.42,337.11,100.94,221.60,-1,-1,-1,-1
244,3,1305.40,344.21,102.33,224.08,-1,-1,-1,-1
245,3,1307.47,360.49,99.24,222.50,-1,-1,-1,-1
246,3,1307.72,369.09,99.20,221.03,-1,-1,-1,-1
247,3,1314.36,376.38,97.15,224.49,-1,-1,-1,-1
248,3,1317.24,396.05,92.28,214.45,-1,-1,-1,-1
249,3,1317.78,405.11,92.08,215.95,-1,-1,-1,-1
250,3,1317.67,413.36,92.24,215.27,-1,-1,-1,-1
1,4,604.24,661.77,77.74,211.08,-1,-1,-1,-1
2,4,595.93,651.52,82.69,214.85,-1,-1,-1,-1
3,4,592.84,652.58,84.34,215.39,-1,-1,-1,-1
4,4,583.23,635.38,89.17,220.39,-1,-1,-1,-1
5,4,576.93,632.08,87.50,210.78,-1,-1,-1,-1
6,4,574.69,629.41,88.16,211.96,-1,-1,-1,-1
7,4,568.16,610.28,88.30,221.00,-1,-1,-1,-1
8,4,561.84,601.39,87.09,217.78,-1,-1,-1,-1
9,4,559.75,589.03,88.08,215.96,-1,-1,-1,-1
10,4,551.64,582.35,91.10,212.88,-1,-1,-1,-1
11,4,551.63,583.85,87.53,211.59,-1,-1,-1,-1
12,4,545.68,574.23,87.66,213.23,-1,-1,-1,-1
13,4,544.12,563.18,87.51,216.39,-1,-1,-1,-1
14,4,543.36,556.84,87.08,213.02,-1,-1,-1,-1
15,4,536.68,546.17,88.46,218.14,-1,-1,-1,-1
16,4,536.79,536.82,86.01,208.17,-1,-1,-1,-1
17,4,536.46,528.20,84.78,208.74,-1,-1,-1,-1
18,4,531.93,517.06,83.64,213.75,-1,-1,-1,-1
19,4,531.74,501.61,81.38,213.31,-1,-1,-1,-1
20,4,530.67,504.31,81.09,206.75,-1,-1,-1,-1
21,4,530.60,479.55,80.70,226.52,-1,-1,-1,-1
22,4,529.88,471.67,81.25,210.06,-1,-1,-1,-1
23,4,529.16,455.82,82.44,223.68,-1,-1,-1,-1
24,4,523.33,455.47,84.93,211.73,-1,-1,-1,-1
25,4,525.28,450.14,79.21,216.94,-1,-1,-1,-1
26,4,523.69,438.66,81.58,211.92,-1,-1,-1,-1
27,4,524.49,423.76,81.12,222.19,-1,-1,-1,-1
28,4,524.25,402.53,81.57,221.33,-1,-1,-1,-1
29,4,526.45,395.60,77.70,217.58,-1,-1,-1,-1
30,4,526.82,398.20,78.10,211.57,-1,-1,-1,-1
31,4,526.81,375.97,78.11,226.08,-1,-1,-1,-1
32,4,531.01,365.35,79.52,227.57,-1,-1,-1,-1
33,4,531.84,364.65,79.92,213.10,-1,-1,-1,-1
34,4,532.87,355.64,79.22,215.97,-1,-1,-1,-1
35,4,534.12,350.59,78.09,210.16,-1,-1,-1,-1
36,4,538.10,328.51,81.37,222.33,-1,-1,-1,-1
37,4,539.32,316.41,81.51,215.47,-1,-1,-1,-1
38,4,540.30,311.13,81.68,208.65,-1,-1,-1,-1
39,4,546.05,310.93,81.22,207.62,-1,-1,-1,-1
40,4,547.22,290.88,82.23,218.90,-1,-1,-1,-1
41,4,553.45,279.86,81.97,211.44,-1,-1,-1,-1
42,4,554.44,281.55,83.46,207.56,-1,-1,-1,-1
43,4,561.06,267.58,83.17,215.70,-1,-1,-1,-1
44,4,562.26,264.99,84.91,205.84,-1,-1,-1,-1
45,4,568.74,256.00,83.85,209.28,-1,-1,-1,-1
46,4,571.44,242.94,83.65,214.94,-1,-1,-1,-1
47,4,578.12,232.50,82.11,207.86,-1,-1,-1,-1
48,4,580.37,232.03,81.93,204.62,-1,-1,-1,-1
49,4,586.04,215.48,83.75,209.15,-1,-1,-1,-1
50,4,593.08,214.95,83.61,209.24,-1,-1,-1,-1
51,4,597.15,198.44,80.69,212.97,-1,-1,-1,-1
52,4,602.10,190.95,84.01,214.01,-1,-1,-1,-1
53,4,607.84,191.08,86.88,209.77,-1,-1,-1,-1
54,4,615.04,181.46,86.75,215.01,-1,-1,-1,-1
55,4,622.78,167.80,86.36,211.54,-1,-1,-1,-1
56,4,625.07,157.46,89.36,211.68,-1,-1,-1,-1
57,4,630.65,158.59,90.88,213.39,-1,-1,-1,-1
58,4,640.03,157.17,89.49,212.31,-1,-1,-1,-1
59,4,647.32,135.00,89.01,213.74,-1,-1,-1,-1
60,4,654.92,139.86,89.89,212.34,-1,-1,-1,-1
61,4,663.47,125.13,88.52,213.44,-1,-1,-1,-1
62,4,672.63,121.41,85.65,208.69,-1,-1,-1,-1
63,4,681.06,120.95,85.69,210.38,-1,-1,-1,-1
64,4,689.76,105.84,83.70,208.86,-1,-1,-1,-1
65,4,697.14,110.76,84.04,211.58,-1,-1,-1,-1
66,4,705.48,103.88,84.94,211.10,-1,-1,-1,-1
67,4,712.17,95.91,86.82,211.04,-1,-1,-1,-1
68,4,720.17,87.70,87.22,210.20,-1,-1,-1,-1
69,4,727.99,86.96,89.12,210.60,-1,-1,-1,-1
70,4,737.05,80.00,87.42,208.93,-1,-1,-1,-1
71,4,745.16,80.07,87.79,208.39,-1,-1,-1,-1
72,4,752.47,72.96,89.35,207.14,-1,-1,-1,-1
73,4,767.39,73.34,87.03,208.30,-1,-1,-1,-1
74,4,775.82,65.66,87.64,206.00,-1,-1,-1,-1
75,4,785.06,66.95,85.83,206.53,-1,-1,-1,-1
76,4,795.00,64.70,83.00,204.71,-1,-1,-1,-1
77,4,805.21,60.73,81.08,202.66,-1,-1,-1,-1
78,4,817.06,55.36,82.34,206.36,-1,-1,-1,-1
79,4,827.82,44.38,79.00,201.98,-1,-1,-1,-1
80,4,837.95,48.41,77.69,203.32,-1,-1,-1,-1
81,4,848.44,50.88,74.52,200.11,-1,-1,-1,-1
82,4,856.22,50.72,75.20,200.26,-1,-1,-1,-1
83,4,867.97,42.70,77.14,201.22,-1,-1,-1,-1
84,4,878.67,34.78,74.59,203.90,-1,-1,-1,-1
85,4,886.60,42.70,76.57,205.53,-1,-1,-1,-1
86,4,897.65,40.32,80.43,204.94,-1,-1,-1,-1
87,4,906.29,42.95,82.23,203.89,-1,-1,-1,-1
88,4,915.85,44.81,81.59,202.51,-1,-1,-1,-1
89,4,925.22,41.01,80.34,201.93,-1,-1,-1,-1
90,4,937.81,34.62,80.05,203.79,-1,-1,-1,-1
91,4,947.14,33.15,80.16,203.78,-1,-1,-1,-1
92,4,954.97,42.48,81.77,203.39,-1,-1,-1,-1
93,4,964.46,43.68,82.18,203.73,-1,-1,-1,-1
94,4,979.69,45.45,76.10,200.90,-1,-1,-1,-1
95,4,987.37,50.68,79.01,203.74,-1,-1,-1,-1
96,4,996.77,43.34,78.71,202.48,-1,-1,-1,-1
97,4,1004.89,51.61,80.18,202.71,-1,-1,-1,-1
98,4,1013.00,51.38,80.94,200.20,-1,-1,-1,-1
99,4,1024.93,57.54,83.27,205.14,-1,-1,-1,-1
100,4,1034.88,60.38,83.01,203.84,-1,-1,-1,-1
101,4,1043.56,59.19,82.34,202.17,-1,-1,-1,-1
102,4,1049.73,71.30,87.34,205.76,-1,-1,-1,-1
103,4,1057.57,69.04,87.06,201.87,-1,-1,-1,-1
104,4,1068.02,76.37,83.19,202.25,-1,-1,-1,-1
105,4,1080.17,78.21,85.91,208.39,-1,-1,-1,-1
106,4,1090.71,79.78,82.80,204.62,-1,-1,-1,-1
107,4,1098.36,83.13,84.52,205.95,-1,-1,-1,-1
108,4,1106.79,83.07,84.22,205.66,-1,-1,-1,-1
109,4,1113.83,94.29,86.14,207.83,-1,-1,-1,-1
110,4,1121.50,103.50,88.44,206.52,-1,-1,-1,-1
111,4,1129.53,105.19,88.09,209.79,-1,-1,-1,-1
112,4,1137.92,101.81,87.03,209.63,-1,-1,-1,-1
113,4,1151.08,116.87,86.22,210.36,-1,-1,-1,-1
114,4,1159.40,111.15,85.21,209.76,-1,-1,-1,-1
115,4,1170.23,122.01,81.94,206.64,-1,-1,-1,-1
116,4,1172.86,129.47,83.08,207.99,-1,-1,-1,-1
117,4,1178.83,143.10,86.30,210.04,-1,-1,-1,-1
118,4,1185.98,143.69,87.69,211.55,-1,-1,-1,-1
119,4,1192.81,155.71,88.54,212.51,-1,-1,-1,-1
120,4,1202.00,153.44,84.82,209.07,-1,-1,-1,-1
121,4,1209.52,159.78,85.14,209.51,-1,-1,-1,-1
122,4,1216.89,174.78,86.52,209.92,-1,-1,-1,-1
123,4,1222.12,182.26,89.76,214.22,-1,-1,-1,-1
124,4,1230.89,187.63,87.97,213.25,-1,-1,-1,-1
125,4,1234.05,187.83,87.37,213.42,-1,-1,-1,-1
126,4,1238.67,197.79,91.22,214.22,-1,-1,-1,-1
127,4,1247.39,207.35,88.41,212.67,-1,-1,-1,-1
128,4,1254.96,215.46,88.37,210.14,-1,-1,-1,-1
129,4,1257.21,222.79,88.25,208.54,-1,-1,-1,-1
130,4,1262.92,228.62,89.79,214.18,-1,-1,-1,-1
131,4,1269.84,237.58,89.88,212.30,-1,-1,-1,-1
132,4,1272.40,244.36,89.36,213.53,-1,-1,-1,-1
133,4,1278.42,252.83,89.32,213.34,-1,-1,-1,-1
134,4,1280.68,260.07,89.76,214.71,-1,-1,-1,-1
135,4,1286.85,279.84,88.34,211.28,-1,-1,-1,-1
136,4,1288.07,285.13,89.66,211.86,-1,-1,-1,-1
137,4,1293.66,292.61,90.18,214.19,-1,-1,-1,-1
138,4,1295.21,304.70,90.48,209.85,-1,-1,-1,-1
139,4,1297.80,316.98,87.31,211.25,-1,-1,-1,-1
140,4,1303.34,324.18,88.75,212.78,-1,-1,-1,-1
141,4,1304.55,333.12,88.80,211.00,-1,-1,-1,-1
142,4,1305.69,333.73,88.43,211.03,-1,-1,-1,-1
143,4,1312.13,348.86,86.98,215.66,-1,-1,-1,-1
144,4,1313.26,352.25,86.13,210.59,-1,-1,-1,-1
145,4,1314.59,367.53,86.51,209.65,-1,-1,-1,-1
146,4,1319.35,380.11,86.79,214.84,-1,-1,-1,-1
147,4,1319.64,382.11,87.41,213.49,-1,-1,-1,-1
148,4,1318.68,388.75,90.29,216.26,-1,-1,-1,-1
149,4,1320.52,404.53,87.38,212.52,-1,-1,-1,-1
150,4,1321.61,421.46,85.65,210.97,-1,-1,-1,-1
151,4,1322.32,426.98,84.10,206.06,-1,-1,-1,-1
152,4,1323.20,439.94,82.50,209.67,-1,-1,-1,-1
153,4,1322.38,448.30,83.90,208.66,-1,-1,-1,-1
154,4,1321.59,464.03,84.20,209.78,-1,-1,-1,-1
155,4,1322.00,471.19,82.44,206.10,-1,-1,-1,-1
156,4,1321.42,487.15,82.41,208.51,-1,-1,-1,-1
157,4,1321.49,488.94,81.94,206.21,-1,-1,-1,-1
158,4,1316.99,498.20,80.95,202.63,-1,-1,-1,-1
159,4,1314.43,509.09,82.68,201.63,-1,-1,-1,-1
160,4,1313.62,514.00,83.18,207.11,-1,-1,-1,-1
161,4,1312.53,525.41,83.74,210.80,-1,-1,-1,-1
162,4,1307.48,536.18,83.53,206.75,-1,-1,-1,-1
163,4,1305.45,548.10,84.09,213.03,-1,-1,-1,-1
164,4,1302.78,562.49,87.44,218.49,-1,-1,-1,-1
165,4,1298.49,563.95,84.84,215.71,-1,-1,-1,-1
166,4,1294.25,570.68,89.63,218.79,-1,-1,-1,-1
167,4,1287.69,586.30,90.77,215.99,-1,-1,-1,-1
168,4,1287.72,597.30,87.42,213.17,-1,-1,-1,-1
169,4,1281.09,607.33,87.78,212.21,-1,-1,-1,-1
170,4,1277.85,613.31,91.34,215.58,-1,-1,-1,-1
171,4,1272.40,620.29,88.77,215.77,-1,-1,-1,-1
172,4,1270.07,630.18,89.66,215.59,-1,-1,-1,-1
173,4,1262.47,642.02,91.26,221.45,-1,-1,-1,-1
174,4,1253.84,650.97,93.87,214.97,-1,-1,-1,-1
175,4,1246.74,659.28,92.87,215.89,-1,-1,-1,-1
176,4,1244.12,664.12,94.31,211.47,-1,-1,-1,-1
177,4,1236.32,667.74,95.76,217.09,-1,-1,-1,-1
178,4,1229.90,673.86,93.78,219.33,-1,-1,-1,-1
179,4,1222.49,683.62,93.04,219.59,-1,-1,-1,-1
180,4,1215.55,700.11,91.82,217.20,-1,-1,-1,-1
181,4,1214.85,707.40,87.96,216.20,-1,-1,-1,-1
182,4,1208.32,706.36,86.84,216.14,-1,-1,-1,-1
183,4,1197.98,715.77,92.07,219.49,-1,-1,-1,-1
184,4,1189.13,725.94,93.75,216.87,-1,-1,-1,-1
185,4,1182.12,732.46,92.47,217.74,-1,-1,-1,-1
186,4,1172.67,737.88,95.00,219.19,-1,-1,-1,-1
187,4,1165.82,738.66,93.84,219.90,-1,-1,-1,-1
188,4,1158.05,745.45,93.30,219.80,-1,-1,-1,-1
189,4,1150.25,756.76,92.69,213.95,-1,-1,-1,-1
190,4,1141.40,764.86,94.28,218.20,-1,-1,-1,-1
191,4,1134.27,764.30,93.69,217.76,-1,-1,-1,-1
192,4,1126.20,770.32,93.49,219.16,-1,-1,-1,-1
193,4,1117.19,778.60,94.78,216.28,-1,-1,-1,-1
194,4,1110.94,780.31,91.60,215.29,-1,-1,-1,-1
195,4,1103.33,786.90,89.46,216.96,-1,-1,-1,-1
196,4,1094.53,795.00,89.04,217.70,-1,-1,-1,-1
197,4,1087.21,799.51,87.02,211.25,-1,-1,-1,-1
198,4,1077.87,802.26,89.50,216.82,-1,-1,-1,-1
199,4,1066.35,797.53,86.11,213.14,-1,-1,-1,-1
200,4,1055.16,806.78,91.31,214.29,-1,-1,-1,-1
201,4,1048.74,803.94,86.31,214.20,-1,-1,-1,-1
202,4,1041.09,807.17,84.93,212.20,-1,-1,-1,-1
203,4,1026.09,813.42,86.78,213.39,-1,-1,-1,-1
204,4,1018.04,813.24,85.99,213.62,-1,-1,-1,-1
205,4,1008.58,819.62,87.08,214.47,-1,-1,-1,-1
206,4,998.88,824.77,88.52,209.76,-1,-1,-1,-1
207,4,992.14,821.36,85.63,211.69,-1,-1,-1,-1
208,4,980.63,822.78,81.25,209.63,-1,-1,-1,-1
209,4,969.66,829.70,84.91,214.69,-1,-1,-1,-1
210,4,960.17,825.85,87.07,206.73,-1,-1,-1,-1
211,4,951.21,822.52,87.59,213.31,-1,-1,-1,-1
212,4,938.60,829.14,84.96,211.15,-1,-1,-1,-1
213,4,930.67,836.79,82.75,211.42,-1,-1,-1,-1
214,4,921.92,829.11,82.88,210.83,-1,-1,-1,-1
215,4,914.95,830.57,79.32,207.81,-1,-1,-1,-1
216,4,899.73,837.98,82.78,208.36,-1,-1,-1,-1
217,4,890.72,833.39,84.08,208.84,-1,-1,-1,-1
218,4,883.63,831.56,82.09,210.98,-1,-1,-1,-1
219,4,873.65,832.58,83.12,210.68,-1,-1,-1,-1
220,4,864.73,832.44,83.51,208.89,-1,-1,-1,-1
221,4,851.19,830.99,84.13,212.48,-1,-1,-1,-1
222,4,841.32,822.40,86.62,212.47,-1,-1,-1,-1
223,4,832.46,822.09,87.07,211.81,-1,-1,-1,-1
224,4,822.37,813.70,89.28,215.44,-1,-1,-1,-1
225,4,809.19,805.14,87.93,215.58,-1,-1,-1,-1
226,4,800.20,810.87,88.80,217.59,-1,-1,-1,-1
227,4,793.72,812.96,85.04,214.06,-1,-1,-1,-1
228,4,784.14,805.27,88.09,214.19,-1,-1,-1,-1
229,4,776.11,797.87,86.83,213.60,-1,-1,-1,-1
230,4,765.89,798.09,89.19,212.43,-1,-1,-1,-1
231,4,753.39,789.06,87.85,216.49,-1,-1,-1,-1
232,4,744.66,791.60,86.95,211.58,-1,-1,-1,-1
233,4,735.95,777.32,88.85,220.43,-1,-1,-1,-1
234,4,728.55,781.38,86.50,215.95,-1,-1,-1,-1
235,4,719.19,767.41,89.16,223.20,-1,-1,-1,-1
236,4,711.96,772.33,86.70,215.14,-1,-1,-1,-1
237,4,703.16,766.28,87.93,213.52,-1,-1,-1,-1
238,4,695.01,756.19,88.19,218.70,-1,-1,-1,-1
239,4,687.66,748.67,87.39,218.75,-1,-1,-1,-1
240,4,678.56,742.31,89.80,223.99,-1,-1,-1,-1
241,4,673.02,740.56,86.19,217.24,-1,-1,-1,-1
242,4,665.06,729.77,87.14,221.92,-1,-1,-1,-1
243,4,658.09,723.02,83.89,218.04,-1,-1,-1,-1
244,4,653.24,726.00,77.70,212.47,-1,-1,-1,-1
245,4,644.23,704.13,80.23,223.40,-1,-1,-1,-1
246,4,636.35,701.30,80.78,212.88,-1,-1,-1,-1
247,4,627.79,690.70,82.22,218.15,-1,-1,-1,-1
248,4,619.97,692.04,82.85,215.18,-1,-1,-1,-1
249,4,617.47,681.37,82.39,218.70,-1,-1,-1,-1
250,4,609.77,681.25,83.55,208.62,-1,-1,-1,-1
1,5,1046.14,813.54,62.66,199.78,-1,-1,-1,-1
2,5,1039.72,820.33,69.10,196.62,-1,-1,-1,-1
3,5,1029.34,819.06,74.58,199.78,-1,-1,-1,-1
4,5,1019.03,818.39,79.04,204.30,-1,-1,-1,-1
5,5,1005.32,821.45,78.26,200.69,-1,-1,-1,-1
6,5,994.80,827.14,67.64,200.00,-1,-1,-1,-1
8,6,976.30,826.44,68.86,199.98,-1,-1,-1,-1
9,6,967.08,826.82,73.26,200.22,-1,-1,-1,-1
10,6,954.76,835.39,79.39,202.79,-1,-1,-1,-1
11,6,946.48,836.85,79.94,202.65,-1,-1,-1,-1
13,7,927.94,828.67,68.32,201.55,-1,-1,-1,-1
14,7,917.63,834.01,74.48,204.35,-1,-1,-1,-1
31,8,751.89,802.81,70.25,200.61,-1,-1,-1,-1
32,8,745.04,793.56,70.70,202.46,-1,-1,-1,-1
33,8,734.83,794.15,73.79,203.23,-1,-1,-1,-1
34,8,725.40,779.95,75.34,204.41,-1,-1,-1,-1
35,8,716.29,780.62,77.53,202.27,-1,-1,-1,-1
36,8,710.09,777.59,74.60,200.35,-1,-1,-1,-1
37,8,699.29,772.37,78.88,203.34,-1,-1,-1,-1
38,8,692.43,762.51,76.42,199.11,-1,-1,-1,-1
39,8,683.01,760.60,80.08,203.14,-1,-1,-1,-1
40,8,674.77,745.81,80.22,208.07,-1,-1,-1,-1
41,8,665.66,734.09,83.26,210.72,-1,-1,-1,-1
42,8,657.17,729.05,84.02,209.86,-1,-1,-1,-1
43,8,649.50,736.40,83.24,203.60,-1,-1,-1,-1
44,8,643.84,716.31,77.87,203.89,-1,-1,-1,-1
45,8,636.89,713.65,77.03,199.95,-1,-1,-1,-1
46,8,627.59,714.13,80.27,206.13,-1,-1,-1,-1
47,8,620.09,705.29,81.02,203.59,-1,-1,-1,-1
48,8,614.98,696.65,77.53,204.19,-1,-1,-1,-1
49,8,610.14,689.12,71.72,201.57,-1,-1,-1,-1
50,8,605.23,681.11,73.49,204.05,-1,-1,-1,-1
51,8,599.32,665.23,72.61,203.18,-1,-1,-1,-1
52,8,591.14,656.89,75.24,202.10,-1,-1,-1,-1
53,8,583.91,658.82,75.72,198.56,-1,-1,-1,-1
54,8,582.38,650.09,72.98,202.77,-1,-1,-1,-1
55,8,574.97,635.48,75.27,197.79,-1,-1,-1,-1
56,8,571.87,625.49,76.03,200.08,-1,-1,-1,-1
57,8,566.78,626.38,74.48,200.00,-1,-1,-1,-1
58,8,561.50,621.29,73.02,198.19,-1,-1,-1,-1
59,8,556.97,609.87,75.70,202.93,-1,-1,-1,-1
60,8,553.35,594.26,72.18,198.61,-1,-1,-1,-1
61,8,551.45,586.23,71.51,198.00,-1,-1,-1,-1
62,8,548.26,580.42,68.29,198.77,-1,-1,-1,-1
63,8,543.84,565.17,71.67,196.50,-1,-1,-1,-1
64,8,541.80,558.25,72.62,196.60,-1,-1,-1,-1
65,8,538.65,547.74,68.90,196.39,-1,-1,-1,-1
66,8,537.26,536.60,67.40,196.37,-1,-1,-1,-1
67,8,534.53,527.46,70.37,197.85,-1,-1,-1,-1
68,8,531.32,526.82,68.41,193.70,-1,-1,-1,-1
69,8,527.98,511.63,70.74,191.38,-1,-1,-1,-1
70,8,529.01,494.91,67.03,194.68,-1,-1,-1,-1
71,8,525.51,486.01,71.88,196.93,-1,-1,-1,-1
72,8,524.04,482.86,68.04,198.09,-1,-1,-1,-1
73,8,523.79,467.66,67.19,199.80,-1,-1,-1,-1
74,8,522.24,459.90,69.07,199.42,-1,-1,-1,-1
75,8,522.80,451.04,68.04,202.60,-1,-1,-1,-1
76,8,521.95,443.35,68.48,199.84,-1,-1,-1,-1
77,8,522.36,427.63,67.99,203.74,-1,-1,-1,-1
78,8,522.29,418.31,68.23,204.64,-1,-1,-1,-1
79,8,521.37,407.79,69.77,205.08,-1,-1,-1,-1
80,8,520.71,399.50,71.84,206.22,-1,-1,-1,-1
81,8,520.47,384.91,73.09,206.15,-1,-1,-1,-1
82,8,523.20,365.55,77.93,215.84,-1,-1,-1,-1
83,8,524.47,367.26,76.81,206.61,-1,-1,-1,-1
84,8,526.47,353.21,76.03,206.74,-1,-1,-1,-1
85,8,526.78,345.03,77.17,203.03,-1,-1,-1,-1
86,8,527.40,337.94,77.23,202.48,-1,-1,-1,-1
87,8,532.83,321.46,77.45,202.86,-1,-1,-1,-1
88,8,533.11,321.94,78.38,200.97,-1,-1,-1,-1
89,8,539.32,307.21,77.91,203.67,-1,-1,-1,-1
90,8,540.89,305.90,77.53,200.46,-1,-1,-1,-1
91,8,543.08,292.76,77.36,201.19,-1,-1,-1,-1
92,8,548.37,275.24,78.09,200.68,-1,-1,-1,-1
93,8,550.12,276.69,77.87,199.38,-1,-1,-1,-1
94,8,556.33,266.93,77.63,201.28,-1,-1,-1,-1
95,8,559.79,251.01,76.05,202.37,-1,-1,-1,-1
96,8,563.75,241.65,80.02,204.61,-1,-1,-1,-1
97,8,568.18,232.73,85.03,202.08,-1,-1,-1,-1
98,8,571.63,228.25,83.00,201.31,-1,-1,-1,-1
99,8,576.98,216.82,85.42,206.70,-1,-1,-1,-1
100,8,579.31,216.42,84.80,202.13,-1,-1,-1,-1
101,8,587.91,205.53,81.27,207.83,-1,-1,-1,-1
102,8,594.98,191.57,82.61,209.97,-1,-1,-1,-1
103,8,603.45,182.82,82.46,210.90,-1,-1,-1,-1
104,8,608.71,174.45,85.71,211.94,-1,-1,-1,-1
105,8,614.67,174.57,86.78,211.16,-1,-1,-1,-1
106,8,617.53,166.31,88.61,213.49,-1,-1,-1,-1
107,8,625.07,150.69,88.05,213.96,-1,-1,-1,-1
108,8,632.85,143.36,87.13,210.04,-1,-1,-1,-1
109,8,640.79,140.95,87.84,210.79,-1,-1,-1,-1
110,8,648.99,141.45,85.59,209.11,-1,-1,-1,-1
111,8,657.99,127.88,83.30,210.11,-1,-1,-1,-1
112,8,666.14,115.51,81.91,213.61,-1,-1,-1,-1
113,8,673.58,111.33,83.94,211.80,-1,-1,-1,-1
114,8,682.31,111.95,80.41,211.86,-1,-1,-1,-1
115,8,690.12,107.25,83.03,211.65,-1,-1,-1,-1
116,8,699.18,101.37,80.65,208.53,-1,-1,-1,-1
117,8,706.00,87.86,84.18,206.18,-1,-1,-1,-1
118,8,715.32,87.52,81.19,209.85,-1,-1,-1,-1
119,8,722.63,86.91,84.11,209.32,-1,-1,-1,-1
120,8,732.62,86.53,81.80,207.59,-1,-1,-1,-1
121,8,739.45,78.83,81.95,205.84,-1,-1,-1,-1
122,8,749.72,79.16,80.58,206.52,-1,-1,-1,-1
123,8,762.50,64.36,80.85,205.61,-1,-1,-1,-1
124,8,771.62,72.19,80.37,204.57,-1,-1,-1,-1
125,8,780.83,55.47,79.23,210.52,-1,-1,-1,-1
126,8,788.91,56.20,81.10,207.92,-1,-1,-1,-1
127,8,797.45,48.91,80.18,206.59,-1,-1,-1,-1
128,8,806.16,55.61,80.01,208.45,-1,-1,-1,-1
129,8,819.74,49.98,79.32,201.54,-1,-1,-1,-1
130,8,832.00,41.53,73.20,204.74,-1,-1,-1,-1
131,8,840.17,50.05,73.16,204.34,-1,-1,-1,-1
132,8,847.41,41.60,75.64,206.85,-1,-1,-1,-1
133,8,861.64,50.06,74.14,201.28,-1,-1,-1,-1
134,8,870.92,49.94,74.55,200.67,-1,-1,-1,-1
135,8,879.38,41.12,74.56,206.43,-1,-1,-1,-1
136,8,888.28,39.93,75.32,204.37,-1,-1,-1,-1
137,8,902.11,30.19,73.63,209.09,-1,-1,-1,-1
138,8,911.55,41.94,72.31,201.24,-1,-1,-1,-1
139,8,919.78,41.20,74.46,205.90,-1,-1,-1,-1
140,8,933.83,41.10,73.18,201.82,-1,-1,-1,-1
141,8,942.89,40.95,72.87,204.60,-1,-1,-1,-1
142,8,950.97,41.64,74.99,202.24,-1,-1,-1,-1
143,8,960.59,40.93,74.13,205.13,-1,-1,-1,-1
144,8,969.59,49.10,71.69,201.37,-1,-1,-1,-1
145,8,984.04,43.10,69.91,200.23,-1,-1,-1,-1
146,8,994.34,43.47,67.37,204.39,-1,-1,-1,-1
147,8,1001.28,41.19,71.06,202.56,-1,-1,-1,-1
148,8,1011.48,50.42,69.37,199.94,-1,-1,-1,-1
149,8,1024.15,50.59,68.58,198.90,-1,-1,-1,-1
150,8,1031.61,50.50,71.30,202.39,-1,-1,-1,-1
151,8,1040.71,58.45,69.30,206.15,-1,-1,-1,-1
152,8,1048.16,64.59,73.24,203.28,-1,-1,-1,-1
153,8,1060.52,57.00,75.92,208.80,-1,-1,-1,-1
154,8,1065.34,72.00,74.13,206.91,-1,-1,-1,-1
155,8,1076.01,74.12,78.27,204.34,-1,-1,-1,-1
156,8,1083.07,73.68,82.16,202.19,-1,-1,-1,-1
157,8,1091.69,73.13,83.02,204.20,-1,-1,-1,-1
158,8,1100.52,87.39,78.94,205.43,-1,-1,-1,-1
159,8,1108.95,81.22,81.37,207.67,-1,-1,-1,-1
160,8,1118.62,89.28,79.04,209.05,-1,-1,-1,-1
161,8,1126.44,93.24,79.38,208.18,-1,-1,-1,-1
162,8,1135.35,111.96,76.84,207.40,-1,-1,-1,-1
163,8,1144.71,110.02,74.49,206.51,-1,-1,-1,-1
164,8,1152.07,119.87,75.29,211.27,-1,-1,-1,-1
165,8,1159.10,113.83,74.98,209.02,-1,-1,-1,-1
166,8,1166.70,134.10,74.22,206.80,-1,-1,-1,-1
167,8,1173.57,128.16,78.03,211.49,-1,-1,-1,-1
168,8,1181.08,135.38,80.79,207.67,-1,-1,-1,-1
169,8,1188.15,144.31,78.76,209.99,-1,-1,-1,-1
170,8,1196.48,151.90,78.55,207.14,-1,-1,-1,-1
171,8,1200.77,158.36,84.61,207.92,-1,-1,-1,-1
172,8,1210.07,161.50,80.41,209.60,-1,-1,-1,-1
173,8,1216.91,173.72,84.64,210.26,-1,-1,-1,-1
174,8,1221.06,189.87,81.86,209.93,-1,-1,-1,-1
175,8,1227.98,192.93,81.36,206.70,-1,-1,-1,-1
176,8,1233.67,206.05,83.31,209.88,-1,-1,-1,-1
177,8,1242.29,206.24,82.39,207.89,-1,-1,-1,-1
178,8,1249.93,223.71,80.60,204.02,-1,-1,-1,-1
179,8,1251.49,224.73,82.13,206.67,-1,-1,-1,-1
180,8,1257.03,234.05,82.39,208.99,-1,-1,-1,-1
181,8,1264.64,240.06,83.43,209.15,-1,-1,-1,-1
182,8,1267.21,255.35,83.63,207.18,-1,-1,-1,-1
183,8,1271.72,262.36,85.12,206.71,-1,-1,-1,-1
184,8,1275.91,274.84,83.34,202.05,-1,-1,-1,-1
185,8,1281.54,273.59,84.01,205.66,-1,-1,-1,-1
186,8,1282.66,284.75,84.06,202.18,-1,-1,-1,-1
187,8,1289.34,296.13,82.47,203.00,-1,-1,-1,-1
188,8,1290.98,309.14,82.21,202.35,-1,-1,-1,-1
189,8,1292.41,306.32,82.81,204.62,-1,-1,-1,-1
190,8,1296.85,315.81,83.89,204.78,-1,-1,-1,-1
191,8,1302.19,339.06,76.77,200.76,-1,-1,-1,-1
192,8,1302.17,338.25,79.96,200.95,-1,-1,-1,-1
193,8,1307.16,348.64,78.76,202.17,-1,-1,-1,-1
194,8,1311.54,371.35,72.53,199.72,-1,-1,-1,-1
195,8,1310.64,377.88,77.44,202.91,-1,-1,-1,-1
196,8,1311.64,379.60,76.47,203.94,-1,-1,-1,-1
197,8,1312.58,386.20,75.09,204.25,-1,-1,-1,-1
198,8,1317.97,409.93,72.14,201.85,-1,-1,-1,-1
199,8,1318.39,409.80,73.94,201.28,-1,-1,-1,-1
200,8,1318.20,419.55,73.97,200.40,-1,-1,-1,-1
201,8,1320.01,436.50,70.81,198.33,-1,-1,-1,-1
202,8,1319.17,439.64,71.43,197.49,-1,-1,-1,-1
203,8,1321.25,453.87,67.39,199.31,-1,-1,-1,-1
204,8,1318.83,460.27,71.49,199.79,-1,-1,-1,-1
205,8,1320.51,477.47,66.90,196.34,-1,-1,-1,-1
206,8,1316.50,488.19,68.36,194.56,-1,-1,-1,-1
207,8,1317.09,500.43,66.48,194.14,-1,-1,-1,-1
208,8,1314.89,508.87,69.24,193.49,-1,-1,-1,-1
209,8,1313.88,525.20,69.04,195.33,-1,-1,-1,-1
210,8,1312.00,525.13,70.56,193.69,-1,-1,-1,-1
211,8,1309.39,536.73,66.11,195.62,-1,-1,-1,-1
212,8,1306.30,541.79,69.98,197.94,-1,-1,-1,-1
213,8,1304.73,557.87,67.69,199.15,-1,-1,-1,-1
214,8,1298.83,564.19,70.63,198.10,-1,-1,-1,-1
215,8,1296.02,573.15,72.62,202.69,-1,-1,-1,-1
216,8,1290.72,581.72,78.64,200.87,-1,-1,-1,-1
217,8,1287.78,595.19,74.51,200.62,-1,-1,-1,-1
218,8,1286.69,600.98,73.19,202.51,-1,-1,-1,-1
219,8,1278.66,609.25,76.65,200.42,-1,-1,-1,-1
220,8,1275.76,620.78,77.15,203.14,-1,-1,-1,-1
221,8,1270.88,624.59,75.28,203.51,-1,-1,-1,-1
222,8,1264.39,639.03,74.21,205.86,-1,-1,-1,-1
223,8,1259.36,650.23,77.84,204.65,-1,-1,-1,-1
224,8,1253.65,658.02,77.03,201.87,-1,-1,-1,-1
225,8,1248.69,657.91,74.42,198.65,-1,-1,-1,-1
226,8,1243.42,663.52,78.44,204.41,-1,-1,-1,-1
227,8,1235.48,674.64,80.66,203.07,-1,-1,-1,-1
228,8,1229.78,683.17,78.88,202.49,-1,-1,-1,-1
229,8,1222.93,698.62,75.03,206.66,-1,-1,-1,-1
230,8,1215.73,697.16,75.66,202.44,-1,-1,-1,-1
231,8,1210.40,705.48,79.10,205.28,-1,-1,-1,-1
232,8,1201.03,707.67,83.99,204.38,-1,-1,-1,-1
233,8,1192.33,718.69,85.00,213.36,-1,-1,-1,-1
234,8,1184.38,728.93,87.62,209.66,-1,-1,-1,-1
235,8,1177.07,737.19,85.90,201.47,-1,-1,-1,-1
236,8,1172.30,737.84,80.26,204.01,-1,-1,-1,-1
237,8,1162.78,743.05,83.94,214.97,-1,-1,-1,-1
238,8,1154.46,752.87,83.83,210.75,-1,-1,-1,-1
239,8,1147.93,760.88,81.96,208.83,-1,-1,-1,-1
240,8,1140.50,767.80,80.38,205.29,-1,-1,-1,-1
241,8,1132.98,777.52,79.39,201.59,-1,-1,-1,-1
242,8,1125.28,779.53,77.90,204.21,-1,-1,-1,-1
243,8,1119.66,777.23,75.09,204.17,-1,-1,-1,-1
244,8,1108.09,785.16,78.64,210.38,-1,-1,-1,-1
245,8,1097.09,790.98,83.92,205.91,-1,-1,-1,-1
246,8,1090.51,786.70,80.85,206.52,-1,-1,-1,-1
247,8,1082.59,800.17,80.35,206.42,-1,-1,-1,-1
