1,1,809.89,103.72,85.23,207.34,-1,-1,-1,-1
2,1,811.99,104.73,83.11,208.24,-1,-1,-1,-1
3,1,810.65,108.93,85.80,209.76,-1,-1,-1,-1
4,1,816.06,111.09,85.03,209.65,-1,-1,-1,-1
5,1,819.69,113.58,81.99,209.24,-1,-1,-1,-1
6,1,819.56,118.25,83.44,208.69,-1,-1,-1,-1
7,1,820.63,121.49,82.85,209.51,-1,-1,-1,-1
8,1,825.57,126.41,82.10,209.92,-1,-1,-1,-1
9,1,827.33,133.48,81.65,207.76,-1,-1,-1,-1
10,1,826.37,135.73,83.92,206.78,-1,-1,-1,-1
11,1,826.10,141.49,85.07,208.53,-1,-1,-1,-1
12,1,827.75,143.65,83.52,209.00,-1,-1,-1,-1
13,1,830.54,149.28,87.54,210.08,-1,-1,-1,-1
14,1,831.50,154.46,88.41,207.44,-1,-1,-1,-1
15,1,831.81,158.23,88.78,210.56,-1,-1,-1,-1
16,1,833.91,164.10,85.71,210.98,-1,-1,-1,-1
17,1,836.92,169.54,81.85,209.53,-1,-1,-1,-1
18,1,841.04,173.55,83.63,213.25,-1,-1,-1,-1
19,1,843.22,180.08,82.71,212.70,-1,-1,-1,-1
20,1,844.04,187.80,82.99,212.21,-1,-1,-1,-1
21,1,848.98,192.69,82.76,211.13,-1,-1,-1,-1
22,1,850.62,199.24,82.07,210.50,-1,-1,-1,-1
23,1,850.82,206.31,83.83,210.45,-1,-1,-1,-1
24,1,851.96,214.19,83.65,207.86,-1,-1,-1,-1
25,1,856.74,222.19,83.99,207.63,-1,-1,-1,-1
26,1,859.78,229.42,80.73,208.64,-1,-1,-1,-1
27,1,859.89,234.05,81.98,208.22,-1,-1,-1,-1
28,1,867.03,240.77,79.55,210.11,-1,-1,-1,-1
29,1,868.57,248.48,78.75,210.51,-1,-1,-1,-1
30,1,868.41,257.15,80.64,207.31,-1,-1,-1,-1
31,1,868.71,263.95,80.68,209.14,-1,-1,-1,-1
32,1,873.35,271.97,82.44,208.56,-1,-1,-1,-1
33,1,874.20,281.66,82.81,205.98,-1,-1,-1,-1
34,1,875.37,288.49,82.56,207.50,-1,-1,-1,-1
35,1,876.64,296.21,81.09,208.67,-1,-1,-1,-1
36,1,880.58,304.18,83.96,208.41,-1,-1,-1,-1
37,1,883.31,313.89,79.93,205.04,-1,-1,-1,-1
38,1,883.58,321.75,80.66,204.48,-1,-1,-1,-1
39,1,883.02,331.15,83.66,204.23,-1,-1,-1,-1
40,1,888.72,339.15,83.98,203.99,-1,-1,-1,-1
41,1,890.70,347.67,82.76,203.04,-1,-1,-1,-1
42,1,892.15,355.90,82.15,202.89,-1,-1,-1,-1
43,1,892.12,362.70,82.77,206.72,-1,-1,-1,-1
44,1,892.15,370.49,83.47,207.03,-1,-1,-1,-1
45,1,898.88,382.94,80.96,205.97,-1,-1,-1,-1
46,1,900.00,390.31,80.85,207.57,-1,-1,-1,-1
47,1,901.66,399.26,80.37,206.52,-1,-1,-1,-1
48,1,906.86,407.16,79.58,206.77,-1,-1,-1,-1
49,1,907.74,417.52,80.95,204.04,-1,-1,-1,-1
50,1,907.53,428.05,82.04,202.18,-1,-1,-1,-1
51,1,909.73,435.34,80.12,203.13,-1,-1,-1,-1
52,1,916.74,443.26,77.03,203.62,-1,-1,-1,-1
53,1,916.87,452.16,78.08,202.54,-1,-1,-1,-1
54,1,920.10,460.39,74.25,203.67,-1,-1,-1,-1
55,1,920.07,468.09,75.78,204.19,-1,-1,-1,-1
56,1,924.61,477.55,75.43,201.34,-1,-1,-1,-1
57,1,925.67,490.05,76.69,199.88,-1,-1,-1,-1
58,1,925.59,497.04,77.92,202.76,-1,-1,-1,-1
59,1,932.84,506.18,75.19,202.78,-1,-1,-1,-1
60,1,932.21,513.77,77.88,201.21,-1,-1,-1,-1
61,1,934.85,522.73,73.90,202.24,-1,-1,-1,-1
62,1,934.33,530.44,76.34,203.03,-1,-1,-1,-1
63,1,935.86,538.98,74.61,202.44,-1,-1,-1,-1
64,1,941.15,548.12,75.12,200.80,-1,-1,-1,-1
65,1,942.41,557.80,74.46,198.73,-1,-1,-1,-1
66,1,942.90,564.14,75.77,200.82,-1,-1,-1,-1
67,1,942.29,572.01,77.45,201.42,-1,-1,-1,-1
68,1,948.60,579.74,76.44,203.35,-1,-1,-1,-1
69,1,950.83,588.26,74.53,202.51,-1,-1,-1,-1
70,1,951.06,595.17,75.77,203.76,-1,-1,-1,-1
71,1,951.49,604.37,76.09,201.68,-1,-1,-1,-1
72,1,957.22,612.34,75.34,201.27,-1,-1,-1,-1
73,1,958.18,620.02,75.74,201.38,-1,-1,-1,-1
74,1,958.49,625.98,76.51,203.04,-1,-1,-1,-1
75,1,957.83,634.01,77.89,203.39,-1,-1,-1,-1
76,1,963.59,640.72,78.30,204.63,-1,-1,-1,-1
77,1,962.80,649.39,80.88,203.58,-1,-1,-1,-1
78,1,962.72,655.29,82.29,204.65,-1,-1,-1,-1
79,1,963.23,660.07,82.44,204.12,-1,-1,-1,-1
80,1,964.79,667.51,81.46,204.91,-1,-1,-1,-1
81,1,969.58,675.07,83.89,203.27,-1,-1,-1,-1
82,1,972.98,682.22,79.62,202.15,-1,-1,-1,-1
83,1,974.95,689.05,76.72,202.34,-1,-1,-1,-1
84,1,980.34,695.54,76.37,204.92,-1,-1,-1,-1
85,1,982.92,697.96,73.33,207.69,-1,-1,-1,-1
86,1,981.71,705.04,77.41,203.01,-1,-1,-1,-1
87,1,988.97,711.47,75.19,205.77,-1,-1,-1,-1
88,1,989.45,715.52,75.38,202.91,-1,-1,-1,-1
89,1,988.97,719.69,77.89,204.65,-1,-1,-1,-1
90,1,989.50,723.97,77.66,204.07,-1,-1,-1,-1
91,1,991.28,728.79,75.90,207.38,-1,-1,-1,-1
92,1,996.05,735.10,76.81,206.51,-1,-1,-1,-1
93,1,997.45,739.28,76.13,202.82,-1,-1,-1,-1
94,1,997.85,745.21,76.67,202.24,-1,-1,-1,-1
95,1,998.81,747.73,76.66,202.41,-1,-1,-1,-1
96,1,1004.97,752.22,76.03,204.13,-1,-1,-1,-1
97,1,1007.54,755.40,74.06,202.82,-1,-1,-1,-1
98,1,1007.66,759.55,74.97,204.68,-1,-1,-1,-1
99,1,1007.53,760.47,75.86,207.14,-1,-1,-1,-1
100,1,1012.82,762.74,75.96,206.95,-1,-1,-1,-1
101,1,1015.41,767.08,74.29,206.55,-1,-1,-1,-1
102,1,1021.03,767.85,74.47,208.75,-1,-1,-1,-1
103,1,1021.44,769.98,75.29,206.93,-1,-1,-1,-1
104,1,1021.04,774.31,76.97,207.40,-1,-1,-1,-1
105,1,1023.80,775.84,74.22,207.54,-1,-1,-1,-1
106,1,1023.99,776.24,75.01,208.87,-1,-1,-1,-1
107,1,1027.71,777.71,77.45,208.25,-1,-1,-1,-1
108,1,1029.56,780.81,75.46,209.46,-1,-1,-1,-1
109,1,1029.58,783.13,76.34,205.99,-1,-1,-1,-1
110,1,1030.08,784.60,76.98,203.32,-1,-1,-1,-1
111,1,1032.28,783.79,74.28,207.42,-1,-1,-1,-1
112,1,1036.45,784.36,75.79,206.35,-1,-1,-1,-1
113,1,1036.78,785.27,77.72,204.31,-1,-1,-1,-1
114,1,1038.48,784.49,76.75,205.80,-1,-1,-1,-1
115,1,1044.04,783.29,76.44,207.55,-1,-1,-1,-1
116,1,1043.60,783.21,78.23,207.30,-1,-1,-1,-1
117,1,1043.07,783.04,82.32,207.63,-1,-1,-1,-1
118,1,1044.03,782.21,82.44,208.69,-1,-1,-1,-1
119,1,1044.51,781.02,82.08,209.04,-1,-1,-1,-1
120,1,1050.59,781.37,80.98,208.51,-1,-1,-1,-1
121,1,1051.77,778.03,80.55,206.68,-1,-1,-1,-1
122,1,1052.28,776.68,80.98,206.86,-1,-1,-1,-1
123,1,1052.44,776.33,82.51,205.25,-1,-1,-1,-1
124,1,1058.02,774.51,81.13,207.08,-1,-1,-1,-1
125,1,1058.36,770.65,83.27,204.76,-1,-1,-1,-1
126,1,1059.54,769.04,82.58,204.18,-1,-1,-1,-1
127,1,1060.12,767.72,83.23,204.64,-1,-1,-1,-1
128,1,1065.59,763.22,82.21,205.11,-1,-1,-1,-1
129,1,1068.21,759.83,80.67,205.44,-1,-1,-1,-1
130,1,1069.61,754.12,79.78,207.51,-1,-1,-1,-1
131,1,1073.46,751.22,82.45,207.95,-1,-1,-1,-1
132,1,1073.24,745.52,84.08,208.98,-1,-1,-1,-1
133,1,1074.95,742.94,82.74,207.70,-1,-1,-1,-1
134,1,1076.17,736.56,82.27,209.78,-1,-1,-1,-1
135,1,1081.13,733.95,84.02,209.40,-1,-1,-1,-1
136,1,1081.46,728.69,83.69,209.50,-1,-1,-1,-1
137,1,1081.75,725.55,83.88,209.14,-1,-1,-1,-1
138,1,1081.52,720.04,86.34,207.55,-1,-1,-1,-1
139,1,1079.99,714.95,90.62,207.20,-1,-1,-1,-1
140,1,1080.68,711.73,89.26,207.10,-1,-1,-1,-1
141,1,1085.89,704.84,90.50,207.68,-1,-1,-1,-1
142,1,1086.62,698.95,91.12,207.20,-1,-1,-1,-1
143,1,1088.92,694.32,88.20,208.41,-1,-1,-1,-1
144,1,1087.47,688.48,90.98,206.79,-1,-1,-1,-1
145,1,1095.01,681.44,88.66,207.14,-1,-1,-1,-1
146,1,1097.19,673.41,86.83,209.20,-1,-1,-1,-1
147,1,1103.25,669.48,87.00,209.23,-1,-1,-1,-1
148,1,1103.79,661.03,87.90,211.54,-1,-1,-1,-1
149,1,1104.18,654.16,87.71,209.82,-1,-1,-1,-1
150,1,1104.87,648.70,88.60,207.75,-1,-1,-1,-1
151,1,1112.13,640.57,85.59,209.84,-1,-1,-1,-1
152,1,1115.64,634.17,81.88,206.60,-1,-1,-1,-1
153,1,1114.78,626.77,84.31,205.71,-1,-1,-1,-1
154,1,1116.84,619.20,80.89,206.49,-1,-1,-1,-1
155,1,1121.58,612.51,83.03,203.93,-1,-1,-1,-1
156,1,1122.82,606.45,82.14,206.55,-1,-1,-1,-1
157,1,1122.89,596.12,82.53,204.59,-1,-1,-1,-1
158,1,1124.09,589.20,81.81,202.69,-1,-1,-1,-1
159,1,1125.33,583.89,80.82,203.88,-1,-1,-1,-1
160,1,1128.89,575.54,84.29,204.25,-1,-1,-1,-1
161,1,1131.23,567.74,82.73,203.67,-1,-1,-1,-1
162,1,1131.30,560.34,84.18,203.12,-1,-1,-1,-1
163,1,1135.93,551.51,85.38,204.81,-1,-1,-1,-1
164,1,1139.62,540.18,80.49,204.95,-1,-1,-1,-1
165,1,1140.74,532.47,79.00,204.06,-1,-1,-1,-1
166,1,1140.60,525.09,82.13,202.63,-1,-1,-1,-1
167,1,1145.25,516.85,82.72,201.02,-1,-1,-1,-1
168,1,1145.71,508.19,83.64,201.34,-1,-1,-1,-1
169,1,1145.59,500.21,84.33,202.00,-1,-1,-1,-1
170,1,1147.80,491.67,82.14,202.36,-1,-1,-1,-1
171,1,1147.80,481.22,83.58,204.46,-1,-1,-1,-1
172,1,1153.38,473.75,82.41,205.22,-1,-1,-1,-1
173,1,1153.83,465.05,84.97,204.05,-1,-1,-1,-1
174,1,1156.26,456.16,81.49,205.66,-1,-1,-1,-1
175,1,1158.04,447.23,80.20,205.77,-1,-1,-1,-1
176,1,1162.79,439.90,80.43,204.82,-1,-1,-1,-1
177,1,1162.52,432.48,83.58,203.59,-1,-1,-1,-1
178,1,1165.11,418.87,80.18,206.04,-1,-1,-1,-1
179,1,1170.46,409.29,79.92,207.13,-1,-1,-1,-1
180,1,1169.31,399.33,83.77,208.78,-1,-1,-1,-1
181,1,1170.84,390.72,82.67,209.81,-1,-1,-1,-1
182,1,1170.91,383.67,84.83,205.65,-1,-1,-1,-1
183,1,1171.69,374.03,83.40,207.78,-1,-1,-1,-1
184,1,1176.50,367.96,84.47,204.72,-1,-1,-1,-1
185,1,1179.17,355.18,82.94,205.43,-1,-1,-1,-1
186,1,1180.42,347.49,82.39,204.80,-1,-1,-1,-1
187,1,1179.66,337.76,84.63,207.10,-1,-1,-1,-1
188,1,1184.85,330.76,83.65,205.97,-1,-1,-1,-1
189,1,1187.07,322.62,81.48,205.00,-1,-1,-1,-1
190,1,1186.34,314.10,83.11,206.66,-1,-1,-1,-1
191,1,1188.42,305.23,81.58,207.29,-1,-1,-1,-1
192,1,1189.41,298.07,80.33,206.93,-1,-1,-1,-1
193,1,1195.10,289.98,79.80,205.86,-1,-1,-1,-1
194,1,1195.58,282.87,80.86,206.55,-1,-1,-1,-1
195,1,1196.04,273.52,81.37,208.21,-1,-1,-1,-1
196,1,1196.67,265.84,81.29,208.27,-1,-1,-1,-1
197,1,1200.26,257.43,84.03,208.73,-1,-1,-1,-1
198,1,1203.89,253.57,80.61,207.92,-1,-1,-1,-1
199,1,1205.42,244.76,79.15,209.55,-1,-1,-1,-1
200,1,1204.04,237.14,82.95,208.98,-1,-1,-1,-1
201,1,1208.59,228.51,84.19,211.04,-1,-1,-1,-1
202,1,1210.56,222.45,82.74,208.47,-1,-1,-1,-1
203,1,1213.74,214.45,78.84,212.34,-1,-1,-1,-1
204,1,1213.63,206.35,80.21,211.11,-1,-1,-1,-1
205,1,1219.68,200.39,79.52,211.27,-1,-1,-1,-1
206,1,1220.91,197.55,78.98,209.76,-1,-1,-1,-1
207,1,1221.31,190.83,81.01,208.56,-1,-1,-1,-1
208,1,1221.54,182.72,80.96,210.33,-1,-1,-1,-1
209,1,1226.41,176.35,81.62,209.83,-1,-1,-1,-1
210,1,1226.85,173.34,83.28,209.05,-1,-1,-1,-1
211,1,1229.52,166.66,80.79,209.66,-1,-1,-1,-1
212,1,1233.41,160.36,81.74,208.17,-1,-1,-1,-1
213,1,1234.82,158.03,82.14,206.72,-1,-1,-1,-1
214,1,1236.09,152.60,80.76,206.60,-1,-1,-1,-1
215,1,1239.45,144.34,77.51,211.06,-1,-1,-1,-1
216,1,1239.56,143.10,77.14,207.13,-1,-1,-1,-1
217,1,1242.52,137.38,78.93,206.35,-1,-1,-1,-1
218,1,1244.71,133.36,80.24,209.78,-1,-1,-1,-1
219,1,1244.69,128.31,80.81,207.18,-1,-1,-1,-1
220,1,1243.66,123.32,82.34,206.67,-1,-1,-1,-1
221,1,1250.65,118.20,81.26,211.98,-1,-1,-1,-1
222,1,1252.27,118.18,79.44,207.11,-1,-1,-1,-1
223,1,1254.02,112.24,78.72,209.07,-1,-1,-1,-1
224,1,1257.04,110.07,82.94,208.70,-1,-1,-1,-1
225,1,1257.26,106.62,83.53,206.04,-1,-1,-1,-1
226,1,1259.73,103.24,81.88,209.12,-1,-1,-1,-1
227,1,1261.68,101.34,80.22,209.06,-1,-1,-1,-1
228,1,1260.83,98.12,82.33,207.86,-1,-1,-1,-1
229,1,1265.87,95.90,82.99,207.57,-1,-1,-1,-1
230,1,1268.43,94.69,79.81,206.66,-1,-1,-1,-1
231,1,1269.04,94.30,80.30,206.44,-1,-1,-1,-1
232,1,1271.26,90.46,77.70,207.44,-1,-1,-1,-1
233,1,1276.83,90.12,76.33,206.51,-1,-1,-1,-1
234,1,1278.15,88.51,76.86,208.16,-1,-1,-1,-1
235,1,1279.29,87.02,76.60,208.06,-1,-1,-1,-1
236,1,1278.05,85.95,78.99,208.39,-1,-1,-1,-1
237,1,1279.68,85.63,85.45,209.60,-1,-1,-1,-1
238,1,1283.71,85.62,81.62,209.77,-1,-1,-1,-1
239,1,1286.11,85.61,79.46,210.06,-1,-1,-1,-1
240,1,1288.70,85.64,82.72,209.66,-1,-1,-1,-1
241,1,1291.62,84.58,81.25,211.57,-1,-1,-1,-1
242,1,1294.03,85.56,79.24,210.55,-1,-1,-1,-1
243,1,1294.05,86.56,79.82,210.32,-1,-1,-1,-1
244,1,1297.16,88.18,82.75,209.67,-1,-1,-1,-1
245,1,1301.38,88.93,78.80,210.00,-1,-1,-1,-1
246,1,1298.00,93.42,86.43,207.44,-1,-1,-1,-1
247,1,1298.63,92.78,86.59,209.89,-1,-1,-1,-1
248,1,1303.17,94.19,87.33,209.06,-1,-1,-1,-1
249,1,1305.70,97.93,86.29,206.90,-1,-1,-1,-1
250,1,1306.23,101.30,85.99,208.31,-1,-1,-1,-1
1,2,703.62,234.03,90.19,203.06,-1,-1,-1,-1
2,2,709.99,228.08,88.68,203.02,-1,-1,-1,-1
3,2,710.75,220.00,89.06,203.41,-1,-1,-1,-1
4,2,711.28,215.43,90.01,204.20,-1,-1,-1,-1
5,2,712.96,208.19,89.31,205.54,-1,-1,-1,-1
6,2,718.45,200.25,88.04,207.23,-1,-1,-1,-1
7,2,718.91,194.55,88.12,206.03,-1,-1,-1,-1
8,2,719.13,186.89,88.38,206.65,-1,-1,-1,-1
9,2,720.43,183.17,89.57,206.24,-1,-1,-1,-1
10,2,726.64,179.00,87.17,203.18,-1,-1,-1,-1
11,2,725.81,172.29,90.05,202.88,-1,-1,-1,-1
12,2,726.55,166.76,89.95,205.66,-1,-1,-1,-1
13,2,729.92,161.97,86.88,204.88,-1,-1,-1,-1
14,2,728.14,155.39,91.18,205.27,-1,-1,-1,-1
15,2,734.06,151.58,89.76,206.57,-1,-1,-1,-1
16,2,735.97,146.55,88.38,205.17,-1,-1,-1,-1
17,2,736.45,140.25,89.82,203.20,-1,-1,-1,-1
18,2,741.37,137.36,89.38,204.74,-1,-1,-1,-1
19,2,742.79,132.47,89.95,203.28,-1,-1,-1,-1
20,2,742.44,129.80,91.20,203.82,-1,-1,-1,-1
21,2,745.05,125.02,88.60,200.99,-1,-1,-1,-1
22,2,750.63,121.94,87.85,202.84,-1,-1,-1,-1
23,2,751.44,116.03,88.59,202.99,-1,-1,-1,-1
24,2,753.14,114.18,87.63,204.18,-1,-1,-1,-1
25,2,753.95,112.17,88.05,205.61,-1,-1,-1,-1
26,2,759.18,110.59,86.54,208.20,-1,-1,-1,-1
27,2,758.81,104.77,90.59,207.56,-1,-1,-1,-1
28,2,760.79,103.55,88.55,208.50,-1,-1,-1,-1
29,2,768.18,101.79,84.53,209.33,-1,-1,-1,-1
30,2,770.98,97.78,82.11,207.36,-1,-1,-1,-1
31,2,772.10,95.76,82.18,210.10,-1,-1,-1,-1
32,2,769.89,95.58,86.37,207.96,-1,-1,-1,-1
33,2,775.72,94.57,85.52,209.97,-1,-1,-1,-1
34,2,776.57,92.15,86.17,214.61,-1,-1,-1,-1
35,2,776.68,90.00,87.86,252.13,-1,-1,-1,-1
36,2,775.60,90.64,91.87,266.36,-1,-1,-1,-1
37,2,778.72,88.98,96.16,253.92,-1,-1,-1,-1
38,2,779.11,89.80,97.64,235.47,-1,-1,-1,-1
39,2,780.74,90.80,94.94,217.22,-1,-1,-1,-1
40,2,782.94,90.60,92.50,217.18,-1,-1,-1,-1
41,2,789.64,89.62,88.82,221.39,-1,-1,-1,-1
42,2,792.01,89.50,87.72,221.28,-1,-1,-1,-1
43,2,793.04,90.79,87.31,233.18,-1,-1,-1,-1
44,2,793.17,90.99,89.00,233.38,-1,-1,-1,-1
45,2,795.97,91.92,93.83,247.54,-1,-1,-1,-1
46,2,796.83,93.88,93.83,228.69,-1,-1,-1,-1
47,2,798.51,96.18,92.26,221.78,-1,-1,-1,-1
48,2,798.73,97.64,93.24,220.06,-1,-1,-1,-1
49,2,804.39,101.36,92.03,228.67,-1,-1,-1,-1
50,2,803.87,103.84,94.41,223.36,-1,-1,-1,-1
51,2,806.07,106.64,91.50,233.85,-1,-1,-1,-1
52,2,805.53,106.68,93.79,282.95,-1,-1,-1,-1
53,2,805.75,111.52,95.31,272.74,-1,-1,-1,-1
54,2,808.93,112.33,98.80,271.52,-1,-1,-1,-1
55,2,808.85,115.87,102.22,279.74,-1,-1,-1,-1
56,2,808.43,122.17,103.67,251.33,-1,-1,-1,-1
57,2,810.70,128.40,100.47,221.64,-1,-1,-1,-1
58,2,813.42,131.02,95.97,216.54,-1,-1,-1,-1
59,2,820.42,134.26,91.03,212.79,-1,-1,-1,-1
60,2,823.58,138.22,88.04,206.19,-1,-1,-1,-1
61,2,825.90,145.20,87.97,204.10,-1,-1,-1,-1
62,2,828.41,149.29,91.04,210.08,-1,-1,-1,-1
63,2,831.04,153.43,88.98,208.10,-1,-1,-1,-1
64,2,831.98,159.18,89.71,208.79,-1,-1,-1,-1
65,2,832.28,162.84,90.29,204.98,-1,-1,-1,-1
66,2,833.92,169.15,88.15,207.70,-1,-1,-1,-1
67,2,839.87,175.98,86.54,207.56,-1,-1,-1,-1
68,2,840.51,180.16,88.35,212.89,-1,-1,-1,-1
69,2,840.50,186.74,89.83,214.72,-1,-1,-1,-1
70,2,847.24,190.74,85.73,214.35,-1,-1,-1,-1
71,2,847.82,197.77,88.56,213.74,-1,-1,-1,-1
72,2,847.45,206.11,89.96,210.37,-1,-1,-1,-1
73,2,848.86,209.54,89.34,209.29,-1,-1,-1,-1
74,2,848.76,217.36,89.70,208.56,-1,-1,-1,-1
75,2,854.14,225.83,89.44,205.87,-1,-1,-1,-1
76,2,854.91,234.33,90.87,204.21,-1,-1,-1,-1
77,2,857.15,241.08,88.84,204.15,-1,-1,-1,-1
78,2,863.12,247.20,86.82,207.36,-1,-1,-1,-1
79,2,862.14,255.55,90.06,206.05,-1,-1,-1,-1
80,2,863.08,263.76,89.69,204.83,-1,-1,-1,-1
81,2,861.68,272.91,93.94,202.57,-1,-1,-1,-1
82,2,863.41,274.36,92.02,207.48,-1,-1,-1,-1
83,2,869.92,284.03,90.32,204.09,-1,-1,-1,-1
84,2,871.09,292.09,90.57,203.60,-1,-1,-1,-1
85,2,873.80,305.47,87.45,200.63,-1,-1,-1,-1
86,2,879.35,308.48,85.83,203.38,-1,-1,-1,-1
87,2,878.47,321.71,88.72,199.78,-1,-1,-1,-1
88,2,878.59,326.01,91.25,200.66,-1,-1,-1,-1
89,2,881.70,338.35,87.95,198.82,-1,-1,-1,-1
90,2,883.11,341.24,86.17,202.22,-1,-1,-1,-1
91,2,884.82,352.90,91.63,201.50,-1,-1,-1,-1
92,2,887.23,361.94,89.72,200.72,-1,-1,-1,-1
93,2,889.26,369.20,88.22,202.92,-1,-1,-1,-1
94,2,889.13,376.29,89.51,205.40,-1,-1,-1,-1
95,2,892.31,385.37,92.32,204.86,-1,-1,-1,-1
96,2,897.39,392.82,86.25,205.44,-1,-1,-1,-1
97,2,895.76,401.98,91.62,205.06,-1,-1,-1,-1
98,2,903.21,408.39,86.99,206.93,-1,-1,-1,-1
99,2,903.77,419.07,88.08,204.11,-1,-1,-1,-1
100,2,904.03,429.45,88.69,200.31,-1,-1,-1,-1
101,2,906.58,438.22,86.40,200.26,-1,-1,-1,-1
102,2,913.76,450.03,82.31,201.29,-1,-1,-1,-1
103,2,912.72,457.21,85.67,204.38,-1,-1,-1,-1
104,2,916.12,466.73,81.41,203.43,-1,-1,-1,-1
105,2,914.88,473.40,85.38,206.09,-1,-1,-1,-1
106,2,921.76,483.43,80.97,205.35,-1,-1,-1,-1
107,2,922.15,492.42,81.38,202.67,-1,-1,-1,-1
108,2,922.47,501.13,82.15,202.56,-1,-1,-1,-1
109,2,923.26,512.22,82.62,203.91,-1,-1,-1,-1
110,2,922.68,521.07,85.87,202.87,-1,-1,-1,-1
111,2,928.43,529.82,83.69,201.67,-1,-1,-1,-1
112,2,931.56,537.30,80.49,201.41,-1,-1,-1,-1
113,2,930.40,546.00,85.13,199.71,-1,-1,-1,-1
114,2,932.45,555.26,82.76,198.69,-1,-1,-1,-1
115,2,936.05,563.68,84.78,199.24,-1,-1,-1,-1
116,2,939.44,569.68,81.91,202.66,-1,-1,-1,-1
117,2,938.52,577.84,85.03,202.06,-1,-1,-1,-1
118,2,940.61,584.79,82.39,204.73,-1,-1,-1,-1
119,2,945.13,591.18,82.51,210.30,-1,-1,-1,-1
120,2,947.90,599.43,80.74,207.79,-1,-1,-1,-1
121,2,949.18,607.54,81.30,207.95,-1,-1,-1,-1
122,2,953.62,615.64,81.26,208.20,-1,-1,-1,-1
123,2,953.01,623.75,83.87,207.29,-1,-1,-1,-1
124,2,953.48,630.77,84.43,207.75,-1,-1,-1,-1
125,2,956.03,638.43,82.06,208.90,-1,-1,-1,-1
126,2,955.70,647.13,84.30,206.65,-1,-1,-1,-1
127,2,960.30,651.18,83.56,204.80,-1,-1,-1,-1
128,2,960.23,657.84,85.32,204.99,-1,-1,-1,-1
129,2,964.11,665.33,80.96,206.15,-1,-1,-1,-1
130,2,965.35,671.40,81.51,209.06,-1,-1,-1,-1
131,2,969.45,676.72,81.32,213.55,-1,-1,-1,-1
132,2,970.98,684.02,81.25,232.03,-1,-1,-1,-1
133,2,971.53,690.79,81.58,219.52,-1,-1,-1,-1
134,2,977.00,696.95,82.64,220.76,-1,-1,-1,-1
135,2,977.19,701.76,83.23,215.13,-1,-1,-1,-1
136,2,976.67,710.94,84.89,209.69,-1,-1,-1,-1
137,2,977.44,717.95,85.29,209.14,-1,-1,-1,-1
138,2,980.86,722.07,82.36,204.57,-1,-1,-1,-1
139,2,984.21,724.32,84.59,203.92,-1,-1,-1,-1
140,2,986.12,730.87,83.86,204.87,-1,-1,-1,-1
141,2,987.48,737.81,83.55,201.83,-1,-1,-1,-1
142,2,987.78,740.45,83.76,202.96,-1,-1,-1,-1
143,2,990.61,745.46,87.33,204.01,-1,-1,-1,-1
144,2,992.49,747.95,86.21,203.10,-1,-1,-1,-1
145,2,992.18,754.56,89.26,201.59,-1,-1,-1,-1
146,2,994.30,757.00,87.02,201.71,-1,-1,-1,-1
147,2,1000.72,761.23,82.71,203.67,-1,-1,-1,-1
148,2,1002.80,762.96,82.16,204.02,-1,-1,-1,-1
149,2,1002.73,767.82,84.74,205.13,-1,-1,-1,-1
150,2,1004.55,770.48,83.04,203.12,-1,-1,-1,-1
151,2,1008.29,771.95,84.78,202.83,-1,-1,-1,-1
152,2,1009.65,775.03,83.78,207.08,-1,-1,-1,-1
153,2,1010.48,776.79,83.90,205.30,-1,-1,-1,-1
154,2,1012.78,778.20,81.89,206.47,-1,-1,-1,-1
155,2,1016.12,782.32,84.17,207.80,-1,-1,-1,-1
156,2,1016.89,784.74,86.62,204.30,-1,-1,-1,-1
157,2,1017.02,785.96,88.81,203.99,-1,-1,-1,-1
158,2,1017.05,786.74,90.08,203.55,-1,-1,-1,-1
159,2,1021.10,786.34,90.83,205.62,-1,-1,-1,-1
160,2,1024.27,787.32,87.59,204.02,-1,-1,-1,-1
161,2,1024.49,787.36,89.96,204.54,-1,-1,-1,-1
162,2,1026.10,786.71,87.63,206.49,-1,-1,-1,-1
163,2,1030.00,786.72,88.88,206.36,-1,-1,-1,-1
164,2,1031.76,786.64,88.04,206.28,-1,-1,-1,-1
165,2,1033.06,786.95,87.76,205.85,-1,-1,-1,-1
166,2,1038.47,785.75,87.34,208.06,-1,-1,-1,-1
167,2,1038.99,786.10,90.24,205.85,-1,-1,-1,-1
168,2,1040.19,785.32,90.20,206.09,-1,-1,-1,-1
169,2,1042.74,785.43,86.63,204.51,-1,-1,-1,-1
170,2,1046.40,784.49,88.86,205.63,-1,-1,-1,-1
171,2,1047.30,783.83,89.90,205.07,-1,-1,-1,-1
172,2,1049.70,782.35,87.71,207.01,-1,-1,-1,-1
173,2,1051.19,776.78,85.35,209.39,-1,-1,-1,-1
174,2,1056.11,775.50,84.48,209.32,-1,-1,-1,-1
175,2,1057.90,774.15,83.55,209.38,-1,-1,-1,-1
176,2,1059.74,770.67,82.31,205.51,-1,-1,-1,-1
177,2,1065.87,770.17,80.25,204.09,-1,-1,-1,-1
178,2,1065.25,767.88,84.14,205.46,-1,-1,-1,-1
179,2,1066.57,760.35,82.57,209.82,-1,-1,-1,-1
180,2,1067.26,758.62,83.48,209.01,-1,-1,-1,-1
181,2,1071.97,753.30,84.47,208.04,-1,-1,-1,-1
182,2,1072.68,751.13,85.40,209.00,-1,-1,-1,-1
183,2,1072.78,744.75,85.81,210.09,-1,-1,-1,-1
184,2,1072.91,742.34,86.66,209.76,-1,-1,-1,-1
185,2,1072.39,735.69,90.10,211.45,-1,-1,-1,-1
186,2,1078.64,733.97,88.93,210.69,-1,-1,-1,-1
187,2,1078.72,728.55,90.70,209.08,-1,-1,-1,-1
188,2,1080.08,724.03,89.35,213.73,-1,-1,-1,-1
189,2,1081.51,719.68,88.40,210.01,-1,-1,-1,-1
190,2,1087.43,715.98,86.26,214.16,-1,-1,-1,-1
191,2,1087.92,709.90,88.36,212.85,-1,-1,-1,-1
192,2,1087.61,704.79,89.21,220.24,-1,-1,-1,-1
193,2,1087.58,696.75,89.91,238.04,-1,-1,-1,-1
194,2,1095.19,692.15,87.39,216.98,-1,-1,-1,-1
195,2,1096.05,685.34,87.57,214.49,-1,-1,-1,-1
196,2,1097.43,678.50,86.13,226.35,-1,-1,-1,-1
197,2,1098.31,672.06,86.84,221.88,-1,-1,-1,-1
198,2,1097.64,660.52,87.75,279.38,-1,-1,-1,-1
199,2,1101.04,657.88,91.68,300.44,-1,-1,-1,-1
200,2,1105.83,651.15,84.90,299.10,-1,-1,-1,-1
201,2,1106.57,645.68,84.88,210.31,-1,-1,-1,-1
202,2,1107.06,636.37,85.06,214.26,-1,-1,-1,-1
203,2,1111.58,631.98,86.79,207.97,-1,-1,-1,-1
204,2,1113.24,623.51,87.48,223.59,-1,-1,-1,-1
205,2,1114.35,616.93,86.61,220.52,-1,-1,-1,-1
206,2,1119.80,610.49,86.37,217.33,-1,-1,-1,-1
207,2,1119.73,599.82,87.75,222.69,-1,-1,-1,-1
208,2,1119.85,592.81,88.91,223.02,-1,-1,-1,-1
209,2,1120.12,585.55,89.37,219.04,-1,-1,-1,-1
210,2,1120.67,578.00,90.22,205.10,-1,-1,-1,-1
211,2,1126.91,570.27,88.01,204.06,-1,-1,-1,-1
212,2,1129.30,563.37,86.74,203.48,-1,-1,-1,-1
213,2,1130.22,555.76,86.30,201.96,-1,-1,-1,-1
214,2,1135.91,545.39,85.01,206.02,-1,-1,-1,-1
215,2,1138.18,538.97,82.51,203.54,-1,-1,-1,-1
216,2,1138.09,531.36,84.30,202.50,-1,-1,-1,-1
217,2,1139.83,522.30,84.36,202.32,-1,-1,-1,-1
218,2,1144.55,514.14,84.02,201.83,-1,-1,-1,-1
219,2,1144.89,505.25,84.93,204.31,-1,-1,-1,-1
220,2,1146.08,497.11,84.94,204.77,-1,-1,-1,-1
221,2,1145.66,487.56,87.30,206.96,-1,-1,-1,-1
222,2,1145.21,478.99,89.75,213.82,-1,-1,-1,-1
223,2,1149.34,472.29,90.53,207.55,-1,-1,-1,-1
224,2,1151.59,462.68,89.03,210.33,-1,-1,-1,-1
225,2,1152.30,455.22,90.55,207.46,-1,-1,-1,-1
226,2,1159.31,442.40,86.12,210.35,-1,-1,-1,-1
227,2,1158.46,435.54,90.35,204.90,-1,-1,-1,-1
228,2,1159.20,424.02,90.64,208.80,-1,-1,-1,-1
229,2,1160.39,409.76,90.92,209.63,-1,-1,-1,-1
230,2,1164.95,399.81,90.89,213.30,-1,-1,-1,-1
231,2,1165.38,391.34,92.07,213.96,-1,-1,-1,-1
232,2,1164.73,385.04,96.43,207.64,-1,-1,-1,-1
233,2,1165.39,375.52,96.26,208.15,-1,-1,-1,-1
234,2,1172.73,369.43,92.09,205.34,-1,-1,-1,-1
235,2,1174.69,361.17,89.83,205.22,-1,-1,-1,-1
236,2,1177.70,352.50,88.42,205.15,-1,-1,-1,-1
237,2,1176.37,345.27,90.78,203.56,-1,-1,-1,-1
238,2,1181.44,338.91,89.28,201.45,-1,-1,-1,-1
239,2,1182.29,329.77,90.85,202.13,-1,-1,-1,-1
240,2,1182.22,322.01,92.10,202.20,-1,-1,-1,-1
241,2,1183.59,311.90,90.91,205.08,-1,-1,-1,-1
242,2,1183.54,305.11,92.56,204.20,-1,-1,-1,-1
243,2,1182.16,295.85,95.04,205.38,-1,-1,-1,-1
244,2,1186.67,288.77,96.55,205.01,-1,-1,-1,-1
245,2,1188.32,279.80,95.89,205.32,-1,-1,-1,-1
246,2,1188.92,271.60,95.83,207.07,-1,-1,-1,-1
247,2,1188.47,263.90,98.69,205.88,-1,-1,-1,-1
248,2,1193.20,256.69,99.97,205.91,-1,-1,-1,-1
249,2,1196.44,248.19,95.83,206.02,-1,-1,-1,-1
250,2,1196.13,240.85,99.29,204.77,-1,-1,-1,-1
1,3,919.07,436.21,89.92,201.58,-1,-1,-1,-1
2,3,921.60,441.62,86.46,205.26,-1,-1,-1,-1
3,3,921.82,450.21,87.54,204.37,-1,-1,-1,-1
4,3,928.12,454.91,85.92,211.88,-1,-1,-1,-1
5,3,931.07,470.92,81.35,209.11,-1,-1,-1,-1
6,3,931.90,479.93,81.51,206.77,-1,-1,-1,-1
7,3,937.04,488.96,82.99,207.42,-1,-1,-1,-1
8,3,939.16,494.57,79.80,212.58,-1,-1,-1,-1
9,3,938.93,506.35,81.98,216.60,-1,-1,-1,-1
10,3,938.23,513.37,85.57,207.39,-1,-1,-1,-1
11,3,940.59,521.71,82.46,219.62,-1,-1,-1,-1
12,3,944.80,529.47,83.67,220.13,-1,-1,-1,-1
13,3,947.03,539.37,83.48,215.33,-1,-1,-1,-1
14,3,947.65,544.33,83.22,209.10,-1,-1,-1,-1
15,3,951.86,554.71,85.13,217.25,-1,-1,-1,-1
16,3,951.27,561.19,89.86,220.19,-1,-1,-1,-1
17,3,952.19,570.02,88.17,218.43,-1,-1,-1,-1
18,3,953.91,579.63,86.88,214.38,-1,-1,-1,-1
19,3,959.42,586.26,86.44,217.96,-1,-1,-1,-1
20,3,960.11,592.19,86.83,221.22,-1,-1,-1,-1
21,3,960.30,600.60,88.70,209.42,-1,-1,-1,-1
22,3,967.88,609.77,85.46,206.80,-1,-1,-1,-1
23,3,969.84,616.99,82.51,219.88,-1,-1,-1,-1
24,3,970.69,621.96,82.23,214.25,-1,-1,-1,-1
25,3,971.02,628.53,82.74,216.94,-1,-1,-1,-1
26,3,977.28,637.89,82.92,211.75,-1,-1,-1,-1
27,3,976.50,645.46,87.53,213.57,-1,-1,-1,-1
28,3,974.24,650.29,92.91,217.34,-1,-1,-1,-1
29,3,972.33,654.07,97.52,215.17,-1,-1,-1,-1
30,3,980.57,661.37,93.14,216.16,-1,-1,-1,-1
31,3,980.60,668.94,94.61,214.60,-1,-1,-1,-1
32,3,982.82,674.19,91.42,220.65,-1,-1,-1,-1
33,3,980.20,681.76,97.73,219.70,-1,-1,-1,-1
34,3,989.12,687.13,92.20,224.09,-1,-1,-1,-1
35,3,988.32,690.43,94.50,233.77,-1,-1,-1,-1
36,3,988.52,698.42,94.79,219.64,-1,-1,-1,-1
37,3,989.35,706.12,96.10,220.34,-1,-1,-1,-1
38,3,994.96,706.86,96.15,221.66,-1,-1,-1,-1
39,3,996.98,709.83,93.43,229.68,-1,-1,-1,-1
40,3,997.11,718.30,93.76,226.30,-1,-1,-1,-1
41,3,997.60,722.17,93.51,222.13,-1,-1,-1,-1
42,3,1003.35,732.25,95.42,213.93,-1,-1,-1,-1
43,3,1002.50,733.11,99.03,216.77,-1,-1,-1,-1
44,3,1006.61,737.17,91.81,222.72,-1,-1,-1,-1
45,3,1006.98,741.98,92.54,226.40,-1,-1,-1,-1
46,3,1012.31,746.78,93.85,218.00,-1,-1,-1,-1
47,3,1013.59,744.35,93.16,225.14,-1,-1,-1,-1
48,3,1013.97,753.32,94.32,220.94,-1,-1,-1,-1
49,3,1014.67,753.51,92.69,222.26,-1,-1,-1,-1
50,3,1021.12,762.47,91.92,217.52,-1,-1,-1,-1
51,3,1022.06,764.73,92.14,213.34,-1,-1,-1,-1
52,3,1021.21,763.82,94.41,216.39,-1,-1,-1,-1
53,3,1022.37,771.69,94.36,215.09,-1,-1,-1,-1
54,3,1027.98,770.27,94.82,221.29,-1,-1,-1,-1
55,3,1029.99,773.97,91.07,226.14,-1,-1,-1,-1
56,3,1028.83,767.59,93.79,226.80,-1,-1,-1,-1
57,3,1029.81,774.78,94.02,224.97,-1,-1,-1,-1
58,3,1030.99,776.28,92.92,221.93,-1,-1,-1,-1
59,3,1037.36,774.21,91.72,226.73,-1,-1,-1,-1
60,3,1035.03,778.52,99.02,219.03,-1,-1,-1,-1
61,3,1033.20,775.52,104.11,224.44,-1,-1,-1,-1
62,3,1042.76,774.62,95.43,227.42,-1,-1,-1,-1
63,3,1041.93,776.04,99.45,225.14,-1,-1,-1,-1
64,3,1042.94,776.08,98.15,225.03,-1,-1,-1,-1
65,3,1041.55,776.46,101.98,223.88,-1,-1,-1,-1
66,3,1041.56,777.52,103.56,221.06,-1,-1,-1,-1
67,3,1049.96,775.84,97.66,224.57,-1,-1,-1,-1
68,3,1052.19,776.19,94.98,222.85,-1,-1,-1,-1
69,3,1052.30,777.27,96.35,219.78,-1,-1,-1,-1
70,3,1052.43,776.99,97.66,219.98,-1,-1,-1,-1
71,3,1058.68,771.54,96.40,219.70,-1,-1,-1,-1
72,3,1059.44,770.95,95.67,219.56,-1,-1,-1,-1
73,3,1059.79,769.96,97.08,221.43,-1,-1,-1,-1
74,3,1061.93,768.55,94.04,222.05,-1,-1,-1,-1
75,3,1068.37,761.03,92.56,223.20,-1,-1,-1,-1
76,3,1066.66,763.56,99.06,216.55,-1,-1,-1,-1
77,3,1067.69,763.69,98.52,214.49,-1,-1,-1,-1
78,3,1067.40,755.84,100.06,217.40,-1,-1,-1,-1
79,3,1073.22,752.20,99.52,223.50,-1,-1,-1,-1
80,3,1072.84,746.47,101.98,221.13,-1,-1,-1,-1
81,3,1072.54,746.90,104.25,217.37,-1,-1,-1,-1
82,3,1072.04,741.61,106.25,214.24,-1,-1,-1,-1
83,3,1082.28,738.52,98.38,220.59,-1,-1,-1,-1
84,3,1082.81,737.79,99.54,218.52,-1,-1,-1,-1
85,3,1090.91,734.48,95.64,212.36,-1,-1,-1,-1
86,3,1089.10,734.41,101.34,209.79,-1,-1,-1,-1
87,3,1090.04,728.84,99.37,208.28,-1,-1,-1,-1
88,3,1091.19,719.80,97.79,213.42,-1,-1,-1,-1
89,3,1088.15,719.34,105.61,209.07,-1,-1,-1,-1
90,3,1095.02,709.46,104.45,216.03,-1,-1,-1,-1
91,3,1096.22,702.24,103.04,216.39,-1,-1,-1,-1
92,3,1095.17,698.88,106.87,217.53,-1,-1,-1,-1
93,3,1099.13,689.89,99.24,221.63,-1,-1,-1,-1
94,3,1106.46,685.12,97.34,228.36,-1,-1,-1,-1
95,3,1108.02,673.30,95.16,223.39,-1,-1,-1,-1
96,3,1108.29,669.40,96.32,214.94,-1,-1,-1,-1
97,3,1108.99,669.90,95.55,209.40,-1,-1,-1,-1
98,3,1116.29,660.64,93.62,214.27,-1,-1,-1,-1
99,3,1114.42,652.96,98.89,214.13,-1,-1,-1,-1
100,3,1114.69,647.70,99.84,210.72,-1,-1,-1,-1
101,3,1115.80,638.59,98.38,214.39,-1,-1,-1,-1
102,3,1123.63,637.35,94.65,210.37,-1,-1,-1,-1
103,3,1125.42,627.48,93.37,216.23,-1,-1,-1,-1
104,3,1125.62,619.87,93.86,215.83,-1,-1,-1,-1
105,3,1125.91,613.17,94.80,212.45,-1,-1,-1,-1
106,3,1131.85,606.20,94.35,211.69,-1,-1,-1,-1
107,3,1132.05,596.54,95.94,213.98,-1,-1,-1,-1
108,3,1131.94,589.25,97.21,212.46,-1,-1,-1,-1
109,3,1134.44,583.44,93.12,208.67,-1,-1,-1,-1
110,3,1136.83,577.03,89.57,205.46,-1,-1,-1,-1
111,3,1141.49,566.90,91.34,209.32,-1,-1,-1,-1
112,3,1143.07,560.31,89.27,207.86,-1,-1,-1,-1
113,3,1143.16,552.60,90.81,205.77,-1,-1,-1,-1
114,3,1144.12,545.39,90.50,204.51,-1,-1,-1,-1
115,3,1151.57,535.20,86.86,208.37,-1,-1,-1,-1
116,3,1152.22,528.60,87.28,205.81,-1,-1,-1,-1
117,3,1150.76,519.82,91.27,205.81,-1,-1,-1,-1
118,3,1152.80,507.82,88.30,204.10,-1,-1,-1,-1
119,3,1160.34,500.95,84.33,211.36,-1,-1,-1,-1
120,3,1160.28,493.48,86.66,209.98,-1,-1,-1,-1
121,3,1157.60,481.89,92.30,208.73,-1,-1,-1,-1
122,3,1159.38,471.42,89.57,214.46,-1,-1,-1,-1
123,3,1158.47,464.28,93.83,210.88,-1,-1,-1,-1
124,3,1163.90,454.12,93.83,213.33,-1,-1,-1,-1
125,3,1162.65,447.40,99.06,208.37,-1,-1,-1,-1
126,3,1166.70,439.81,92.22,206.68,-1,-1,-1,-1
127,3,1174.22,433.04,89.26,205.43,-1,-1,-1,-1
128,3,1174.88,415.97,89.09,210.63,-1,-1,-1,-1
129,3,1173.74,406.23,92.76,211.87,-1,-1,-1,-1
130,3,1172.31,396.20,97.35,214.43,-1,-1,-1,-1
131,3,1172.42,385.25,97.43,219.91,-1,-1,-1,-1
132,3,1178.20,370.61,98.14,220.57,-1,-1,-1,-1
133,3,1177.40,359.65,100.43,225.31,-1,-1,-1,-1
134,3,1177.14,351.60,103.54,225.44,-1,-1,-1,-1
135,3,1178.74,345.06,100.43,222.12,-1,-1,-1,-1
136,3,1184.10,338.34,102.00,220.79,-1,-1,-1,-1
137,3,1184.85,329.60,102.43,221.51,-1,-1,-1,-1
138,3,1183.82,321.04,105.80,222.93,-1,-1,-1,-1
139,3,1184.38,314.07,104.39,219.62,-1,-1,-1,-1
140,3,1191.65,306.35,102.93,220.43,-1,-1,-1,-1
141,3,1192.94,299.26,102.59,219.17,-1,-1,-1,-1
142,3,1193.03,292.47,103.81,217.14,-1,-1,-1,-1
143,3,1199.97,286.57,102.83,213.52,-1,-1,-1,-1
144,3,1200.27,284.81,102.53,211.48,-1,-1,-1,-1
145,3,1202.20,269.00,98.95,216.35,-1,-1,-1,-1
146,3,1203.25,268.30,97.69,213.03,-1,-1,-1,-1
147,3,1205.96,251.93,93.83,218.46,-1,-1,-1,-1
148,3,1210.98,252.66,97.21,213.22,-1,-1,-1,-1
149,3,1212.19,241.87,94.79,217.65,-1,-1,-1,-1
150,3,1212.98,234.56,95.02,216.78,-1,-1,-1,-1
151,3,1219.00,228.64,96.34,214.64,-1,-1,-1,-1
152,3,1218.92,222.54,99.02,210.46,-1,-1,-1,-1
153,3,1219.69,212.87,96.58,215.48,-1,-1,-1,-1
154,3,1221.30,204.59,94.86,216.09,-1,-1,-1,-1
155,3,1226.41,202.21,96.99,217.41,-1,-1,-1,-1
156,3,1228.74,193.58,94.17,220.04,-1,-1,-1,-1
157,3,1228.69,187.34,95.31,218.53,-1,-1,-1,-1
158,3,1229.49,178.32,93.77,221.41,-1,-1,-1,-1
159,3,1235.53,171.32,95.65,219.62,-1,-1,-1,-1
160,3,1236.77,170.58,93.87,216.89,-1,-1,-1,-1
161,3,1236.15,163.93,97.04,216.83,-1,-1,-1,-1
162,3,1238.79,158.97,92.93,212.73,-1,-1,-1,-1
163,3,1243.76,156.52,93.92,212.89,-1,-1,-1,-1
164,3,1244.74,149.74,94.07,213.62,-1,-1,-1,-1
165,3,1245.74,141.93,93.00,214.84,-1,-1,-1,-1
166,3,1251.16,139.52,95.27,215.17,-1,-1,-1,-1
167,3,1246.89,131.85,93.93,217.62,-1,-1,-1,-1
168,3,1252.38,125.07,93.76,217.33,-1,-1,-1,-1
169,3,1252.45,123.91,96.85,215.86,-1,-1,-1,-1
170,3,1253.01,123.69,96.39,213.20,-1,-1,-1,-1
171,3,1259.03,115.67,97.05,217.97,-1,-1,-1,-1
172,3,1259.27,116.09,97.75,212.38,-1,-1,-1,-1
173,3,1262.55,109.21,93.30,214.93,-1,-1,-1,-1
174,3,1262.58,108.48,93.97,213.41,-1,-1,-1,-1
175,3,1268.94,100.85,92.24,217.85,-1,-1,-1,-1
176,3,1267.94,100.69,97.09,215.96,-1,-1,-1,-1
177,3,1268.82,102.13,97.26,210.75,-1,-1,-1,-1
178,3,1270.51,95.82,93.15,211.15,-1,-1,-1,-1
179,3,1276.78,94.37,94.24,211.70,-1,-1,-1,-1
180,3,1276.29,92.97,96.50,211.82,-1,-1,-1,-1
181,3,1277.21,92.19,95.22,212.95,-1,-1,-1,-1
182,3,1282.08,91.99,98.13,213.06,-1,-1,-1,-1
183,3,1282.94,88.46,97.49,219.94,-1,-1,-1,-1
184,3,1283.70,87.05,96.62,223.87,-1,-1,-1,-1
185,3,1283.23,83.04,99.38,219.63,-1,-1,-1,-1
186,3,1289.18,80.88,99.71,223.24,-1,-1,-1,-1
187,3,1288.75,79.78,102.97,225.37,-1,-1,-1,-1
188,3,1289.50,81.56,101.55,221.04,-1,-1,-1,-1
189,3,1295.78,82.19,102.46,234.32,-1,-1,-1,-1
190,3,1291.34,85.41,100.10,227.45,-1,-1,-1,-1
191,3,1300.08,84.24,93.60,229.78,-1,-1,-1,-1
192,3,1300.20,86.07,95.22,226.74,-1,-1,-1,-1
193,3,1301.43,86.45,94.37,225.62,-1,-1,-1,-1
194,3,1302.90,86.32,93.37,225.19,-1,-1,-1,-1
195,3,1308.40,86.91,92.97,223.48,-1,-1,-1,-1
196,3,1308.68,89.09,94.77,219.80,-1,-1,-1,-1
197,3,1309.18,90.58,94.80,217.96,-1,-1,-1,-1
198,3,1313.20,90.18,98.96,220.18,-1,-1,-1,-1
199,3,1312.36,92.26,101.39,217.95,-1,-1,-1,-1
200,3,1314.75,97.15,97.49,220.00,-1,-1,-1,-1
201,3,1315.65,98.49,97.76,219.53,-1,-1,-1,-1
202,3,1317.32,99.85,95.87,229.67,-1,-1,-1,-1
203,3,1324.41,104.75,92.32,220.09,-1,-1,-1,-1
204,3,1322.19,106.05,99.58,221.56,-1,-1,-1,-1
205,3,1321.92,108.27,100.93,217.42,-1,-1,-1,-1
206,3,1322.10,116.46,102.49,213.08,-1,-1,-1,-1
207,3,1323.29,117.86,99.03,213.92,-1,-1,-1,-1
208,3,1332.82,125.19,91.68,210.85,-1,-1,-1,-1
209,3,1334.96,129.76,90.71,207.22,-1,-1,-1,-1
210,3,1335.95,132.65,90.19,213.30,-1,-1,-1,-1
211,3,1342.35,142.25,88.99,210.10,-1,-1,-1,-1
212,3,1341.09,144.01,91.60,210.91,-1,-1,-1,-1
213,3,1342.34,151.75,90.21,207.17,-1,-1,-1,-1
214,3,1344.19,158.46,89.03,207.42,-1,-1,-1,-1
215,3,1344.30,159.60,91.19,211.22,-1,-1,-1,-1
216,3,1349.51,166.35,90.88,210.92,-1,-1,-1,-1
217,3,1349.58,170.57,93.55,216.00,-1,-1,-1,-1
218,3,1347.27,172.73,99.67,216.75,-1,-1,-1,-1
219,3,1348.90,177.90,96.07,218.47,-1,-1,-1,-1
220,3,1354.79,187.34,97.04,215.35,-1,-1,-1,-1
221,3,1355.99,195.33,95.36,214.10,-1,-1,-1,-1
222,3,1354.57,196.86,100.19,216.55,-1,-1,-1,-1
223,3,1354.32,204.39,99.33,214.57,-1,-1,-1,-1
224,3,1363.62,213.82,94.92,211.20,-1,-1,-1,-1
225,3,1363.14,222.34,96.96,208.60,-1,-1,-1,-1
226,3,1364.22,220.70,95.91,217.73,-1,-1,-1,-1
227,3,1364.29,228.49,97.28,216.51,-1,-1,-1,-1
228,3,1371.62,239.08,95.71,211.89,-1,-1,-1,-1
229,3,1371.97,246.57,95.68,212.65,-1,-1,-1,-1
230,3,1373.09,255.08,94.58,210.33,-1,-1,-1,-1
231,3,1373.51,261.94,94.81,211.13,-1,-1,-1,-1
232,3,1380.03,270.15,95.14,210.30,-1,-1,-1,-1
233,3,1380.62,276.76,94.92,212.27,-1,-1,-1,-1
234,3,1381.33,285.50,95.06,210.88,-1,-1,-1,-1
235,3,1384.50,281.24,101.32,223.39,-1,-1,-1,-1
236,3,1384.83,290.62,101.65,220.78,-1,-1,-1,-1
237,3,1385.17,299.58,102.49,218.50,-1,-1,-1,-1
238,3,1386.52,318.85,101.46,208.19,-1,-1,-1,-1
239,3,1386.38,327.86,101.65,207.98,-1,-1,-1,-1
240,3,1395.14,333.22,94.76,212.40,-1,-1,-1,-1
241,3,1395.55,342.41,95.98,210.73,-1,-1,-1,-1
242,3,1395.96,347.54,96.41,215.29,-1,-1,-1,-1
243,3,1397.83,342.59,94.23,228.74,-1,-1,-1,-1
244,3,1403.71,360.63,94.07,221.46,-1,-1,-1,-1
245,3,1404.41,369.66,93.63,220.54,-1,-1,-1,-1
246,3,1405.29,378.82,94.12,219.61,-1,-1,-1,-1
247,3,1406.57,388.43,92.34,217.69,-1,-1,-1,-1
248,3,1406.84,394.98,92.47,219.77,-1,-1,-1,-1
249,3,1413.81,413.49,90.94,210.19,-1,-1,-1,-1
250,3,1417.23,422.64,85.81,210.46,-1,-1,-1,-1
1,4,627.00,640.44,79.05,206.16,-1,-1,-1,-1
2,4,627.14,634.03,80.42,207.64,-1,-1,-1,-1
3,4,628.00,625.46,81.27,208.76,-1,-1,-1,-1
4,4,628.59,618.98,81.08,205.83,-1,-1,-1,-1
5,4,630.34,610.43,79.21,206.74,-1,-1,-1,-1
6,4,635.14,605.81,78.91,208.11,-1,-1,-1,-1
7,4,636.64,594.14,79.29,207.36,-1,-1,-1,-1
8,4,636.97,587.86,80.39,203.34,-1,-1,-1,-1
9,4,641.88,584.61,80.73,202.72,-1,-1,-1,-1
10,4,641.87,573.83,82.86,208.44,-1,-1,-1,-1
11,4,644.10,566.11,79.45,208.34,-1,-1,-1,-1
12,4,645.33,558.70,78.97,207.12,-1,-1,-1,-1
13,4,646.22,550.20,78.25,208.18,-1,-1,-1,-1
14,4,650.96,543.30,79.71,206.16,-1,-1,-1,-1
15,4,651.71,533.85,80.10,208.33,-1,-1,-1,-1
16,4,652.86,525.93,78.67,209.02,-1,-1,-1,-1
17,4,654.56,517.26,78.64,210.82,-1,-1,-1,-1
18,4,654.54,509.25,78.16,211.01,-1,-1,-1,-1
19,4,658.22,499.02,83.32,203.57,-1,-1,-1,-1
20,4,660.37,487.84,79.95,209.55,-1,-1,-1,-1
21,4,663.04,478.04,77.21,212.71,-1,-1,-1,-1
22,4,669.87,471.00,73.65,208.85,-1,-1,-1,-1
23,4,668.96,461.36,79.03,211.49,-1,-1,-1,-1
24,4,669.13,452.40,79.56,214.11,-1,-1,-1,-1
25,4,670.41,442.51,77.92,217.95,-1,-1,-1,-1
26,4,677.99,436.94,73.90,212.74,-1,-1,-1,-1
27,4,677.75,428.48,77.18,211.40,-1,-1,-1,-1
28,4,679.87,415.14,75.34,211.78,-1,-1,-1,-1
29,4,684.48,405.33,76.60,213.81,-1,-1,-1,-1
30,4,685.05,398.67,77.27,210.14,-1,-1,-1,-1
31,4,686.27,389.64,76.75,212.13,-1,-1,-1,-1
32,4,687.75,382.62,75.38,211.13,-1,-1,-1,-1
33,4,692.94,375.63,75.25,209.05,-1,-1,-1,-1
34,4,692.82,365.72,77.78,209.98,-1,-1,-1,-1
35,4,693.72,359.13,76.62,208.43,-1,-1,-1,-1
36,4,694.18,351.15,77.50,206.54,-1,-1,-1,-1
37,4,696.31,345.89,75.07,201.81,-1,-1,-1,-1
38,4,700.65,337.40,75.75,203.68,-1,-1,-1,-1
39,4,702.55,327.70,75.68,205.16,-1,-1,-1,-1
40,4,702.59,320.39,77.29,203.53,-1,-1,-1,-1
41,4,703.84,314.68,74.17,199.86,-1,-1,-1,-1
42,4,709.73,304.02,74.06,204.99,-1,-1,-1,-1
43,4,710.39,295.20,74.69,205.77,-1,-1,-1,-1
44,4,711.88,287.79,74.04,204.59,-1,-1,-1,-1
45,4,712.07,274.47,75.22,205.53,-1,-1,-1,-1
46,4,716.69,270.12,76.01,208.24,-1,-1,-1,-1
47,4,716.90,262.48,76.82,207.89,-1,-1,-1,-1
48,4,718.52,256.31,77.60,206.52,-1,-1,-1,-1
49,4,718.86,250.18,76.15,204.02,-1,-1,-1,-1
50,4,724.28,240.63,76.26,207.46,-1,-1,-1,-1
51,4,725.45,234.43,76.18,205.29,-1,-1,-1,-1
52,4,727.06,228.35,75.57,200.45,-1,-1,-1,-1
53,4,732.95,221.51,75.15,200.09,-1,-1,-1,-1
54,4,732.65,213.52,76.54,200.88,-1,-1,-1,-1
55,4,733.96,206.74,75.40,206.10,-1,-1,-1,-1
56,4,734.46,200.59,76.30,205.74,-1,-1,-1,-1
57,4,735.42,193.49,77.58,205.63,-1,-1,-1,-1
58,4,739.27,187.21,78.09,203.73,-1,-1,-1,-1
59,4,740.24,183.60,78.28,204.13,-1,-1,-1,-1
60,4,740.05,177.58,81.77,203.71,-1,-1,-1,-1
61,4,742.29,172.49,78.57,201.66,-1,-1,-1,-1
62,4,748.33,168.13,76.46,203.88,-1,-1,-1,-1
63,4,749.24,160.76,79.05,205.00,-1,-1,-1,-1
64,4,749.66,156.51,80.67,201.75,-1,-1,-1,-1
65,4,749.32,152.07,81.01,204.81,-1,-1,-1,-1
66,4,755.43,144.93,78.49,207.87,-1,-1,-1,-1
67,4,756.63,138.95,79.88,206.21,-1,-1,-1,-1
68,4,758.32,136.65,78.36,205.72,-1,-1,-1,-1
69,4,762.85,129.03,78.90,208.76,-1,-1,-1,-1
70,4,763.48,127.06,80.55,207.07,-1,-1,-1,-1
71,4,764.55,123.07,79.97,204.22,-1,-1,-1,-1
72,4,765.79,120.07,80.57,205.06,-1,-1,-1,-1
73,4,770.13,115.64,80.60,204.11,-1,-1,-1,-1
74,4,770.16,113.64,83.20,203.93,-1,-1,-1,-1
75,4,772.40,109.18,79.06,201.42,-1,-1,-1,-1
76,4,776.69,106.75,74.35,203.90,-1,-1,-1,-1
77,4,781.45,106.00,72.88,203.76,-1,-1,-1,-1
78,4,782.34,104.45,73.97,205.39,-1,-1,-1,-1
79,4,783.56,103.66,73.35,204.81,-1,-1,-1,-1
80,4,785.19,97.90,73.76,205.55,-1,-1,-1,-1
81,4,790.11,97.80,71.62,205.98,-1,-1,-1,-1
82,4,792.13,94.82,72.26,209.87,-1,-1,-1,-1
83,4,791.18,93.57,75.39,210.07,-1,-1,-1,-1
84,4,792.45,91.42,74.71,204.61,-1,-1,-1,-1
85,4,794.02,92.80,71.46,201.83,-1,-1,-1,-1
86,4,800.03,90.76,69.05,204.68,-1,-1,-1,-1
87,4,801.32,90.90,69.57,205.00,-1,-1,-1,-1
88,4,802.36,90.42,69.77,205.54,-1,-1,-1,-1
89,4,803.84,90.52,68.74,205.48,-1,-1,-1,-1
90,4,807.09,91.20,72.35,205.57,-1,-1,-1,-1
91,4,806.96,91.28,73.74,205.07,-1,-1,-1,-1
92,4,809.99,90.78,72.30,206.03,-1,-1,-1,-1
93,4,814.06,92.92,72.48,210.10,-1,-1,-1,-1
94,4,815.30,94.31,75.46,207.91,-1,-1,-1,-1
95,4,814.54,96.33,75.24,205.10,-1,-1,-1,-1
96,4,819.68,96.48,76.65,206.87,-1,-1,-1,-1
97,4,820.68,97.65,76.10,205.02,-1,-1,-1,-1
98,4,822.15,96.65,76.86,208.34,-1,-1,-1,-1
99,4,823.82,102.65,75.41,207.72,-1,-1,-1,-1
100,4,828.32,103.45,74.51,208.95,-1,-1,-1,-1
101,4,828.16,104.10,77.59,209.93,-1,-1,-1,-1
102,4,828.63,104.38,78.47,209.82,-1,-1,-1,-1
103,4,827.57,110.19,81.13,208.61,-1,-1,-1,-1
104,4,829.74,113.48,79.24,208.83,-1,-1,-1,-1
105,4,829.24,117.43,82.39,210.61,-1,-1,-1,-1
106,4,829.08,121.22,80.72,207.01,-1,-1,-1,-1
107,4,834.51,125.55,81.34,208.84,-1,-1,-1,-1
108,4,836.63,128.10,80.19,208.49,-1,-1,-1,-1
109,4,840.30,133.70,83.04,209.53,-1,-1,-1,-1
110,4,837.88,137.00,80.82,207.48,-1,-1,-1,-1
111,4,842.37,142.04,81.22,209.45,-1,-1,-1,-1
112,4,844.31,145.46,83.03,208.98,-1,-1,-1,-1
113,4,844.41,153.37,84.04,206.44,-1,-1,-1,-1
114,4,848.76,157.58,82.99,209.67,-1,-1,-1,-1
115,4,850.83,160.11,82.20,209.82,-1,-1,-1,-1
116,4,851.14,167.16,83.59,209.69,-1,-1,-1,-1
117,4,852.30,173.23,82.15,211.46,-1,-1,-1,-1
118,4,856.66,174.98,82.65,213.55,-1,-1,-1,-1
119,4,856.99,182.73,83.04,211.67,-1,-1,-1,-1
120,4,857.83,189.38,85.18,212.40,-1,-1,-1,-1
121,4,858.27,196.30,86.70,213.26,-1,-1,-1,-1
122,4,862.35,199.30,87.80,213.31,-1,-1,-1,-1
123,4,864.00,206.14,87.44,213.49,-1,-1,-1,-1
124,4,864.97,216.54,86.71,208.03,-1,-1,-1,-1
125,4,865.54,223.97,87.43,205.94,-1,-1,-1,-1
126,4,870.57,229.42,88.56,211.54,-1,-1,-1,-1
127,4,870.65,237.26,89.34,210.38,-1,-1,-1,-1
128,4,872.66,246.38,88.53,208.43,-1,-1,-1,-1
129,4,872.36,254.18,88.82,209.10,-1,-1,-1,-1
130,4,878.67,254.75,88.36,213.85,-1,-1,-1,-1
131,4,878.52,261.90,91.55,213.79,-1,-1,-1,-1
132,4,880.49,270.96,87.66,210.38,-1,-1,-1,-1
133,4,887.20,276.69,86.92,215.11,-1,-1,-1,-1
134,4,887.06,286.85,89.32,210.47,-1,-1,-1,-1
135,4,887.20,292.04,90.69,214.72,-1,-1,-1,-1
136,4,888.01,303.04,90.52,210.05,-1,-1,-1,-1
137,4,889.42,312.93,86.81,206.67,-1,-1,-1,-1
138,4,896.04,319.00,85.60,209.99,-1,-1,-1,-1
139,4,899.79,328.81,80.70,207.44,-1,-1,-1,-1
140,4,901.41,338.73,79.39,204.61,-1,-1,-1,-1
141,4,907.25,344.78,78.22,207.38,-1,-1,-1,-1
142,4,907.61,352.76,79.21,208.34,-1,-1,-1,-1
143,4,907.03,359.15,82.92,211.60,-1,-1,-1,-1
144,4,907.63,367.82,83.29,211.12,-1,-1,-1,-1
145,4,913.76,372.12,81.25,218.03,-1,-1,-1,-1
146,4,914.25,381.37,82.26,216.30,-1,-1,-1,-1
147,4,914.06,389.36,84.79,216.23,-1,-1,-1,-1
148,4,913.13,398.23,88.01,214.70,-1,-1,-1,-1
149,4,919.50,413.89,86.31,210.43,-1,-1,-1,-1
150,4,919.70,424.62,87.57,206.53,-1,-1,-1,-1
151,4,920.66,433.21,87.36,206.39,-1,-1,-1,-1
152,4,920.84,442.09,88.97,203.87,-1,-1,-1,-1
153,4,922.14,449.40,86.96,205.46,-1,-1,-1,-1
154,4,928.10,457.88,85.44,205.79,-1,-1,-1,-1
155,4,931.84,466.47,80.94,205.55,-1,-1,-1,-1
156,4,932.43,475.67,81.89,203.20,-1,-1,-1,-1
157,4,936.52,484.68,83.35,202.09,-1,-1,-1,-1
158,4,937.28,497.84,84.12,201.97,-1,-1,-1,-1
159,4,939.31,507.15,80.69,199.01,-1,-1,-1,-1
160,4,940.45,513.59,82.48,204.00,-1,-1,-1,-1
161,4,944.88,524.00,82.30,201.91,-1,-1,-1,-1
162,4,945.58,531.03,84.02,203.38,-1,-1,-1,-1
163,4,947.29,539.44,81.70,202.13,-1,-1,-1,-1
164,4,948.50,545.48,82.67,205.95,-1,-1,-1,-1
165,4,947.69,554.15,84.80,204.52,-1,-1,-1,-1
166,4,952.57,561.87,85.56,204.57,-1,-1,-1,-1
167,4,954.09,570.35,83.29,202.92,-1,-1,-1,-1
168,4,956.11,579.10,81.67,204.39,-1,-1,-1,-1
169,4,961.13,586.31,82.08,204.77,-1,-1,-1,-1
170,4,962.09,590.81,82.69,210.00,-1,-1,-1,-1
171,4,963.51,602.30,81.23,205.58,-1,-1,-1,-1
172,4,966.36,608.68,77.86,208.06,-1,-1,-1,-1
173,4,968.37,617.02,74.22,207.20,-1,-1,-1,-1
174,4,972.28,624.08,77.28,209.17,-1,-1,-1,-1
175,4,973.00,633.69,78.54,205.38,-1,-1,-1,-1
176,4,972.25,639.11,81.71,208.69,-1,-1,-1,-1
177,4,978.17,647.54,80.57,207.48,-1,-1,-1,-1
178,4,977.49,652.30,84.45,211.84,-1,-1,-1,-1
179,4,979.29,660.02,82.33,213.61,-1,-1,-1,-1
180,4,979.98,664.64,82.26,208.80,-1,-1,-1,-1
181,4,985.36,670.92,82.27,208.92,-1,-1,-1,-1
182,4,986.42,677.42,82.04,211.38,-1,-1,-1,-1
183,4,985.73,684.40,84.45,212.70,-1,-1,-1,-1
184,4,984.99,688.85,86.77,221.60,-1,-1,-1,-1
185,4,985.53,694.04,86.22,214.01,-1,-1,-1,-1
186,4,985.22,701.96,88.04,211.87,-1,-1,-1,-1
187,4,991.90,708.62,85.73,213.42,-1,-1,-1,-1
188,4,991.11,711.90,90.39,211.10,-1,-1,-1,-1
189,4,992.40,719.10,89.32,207.16,-1,-1,-1,-1
190,4,993.91,721.85,86.85,206.45,-1,-1,-1,-1
191,4,999.15,729.26,89.32,206.36,-1,-1,-1,-1
192,4,1000.95,730.66,87.13,206.07,-1,-1,-1,-1
193,4,1000.55,734.59,89.51,211.32,-1,-1,-1,-1
194,4,1001.88,742.79,87.56,208.52,-1,-1,-1,-1
195,4,1007.06,744.62,87.91,208.11,-1,-1,-1,-1
196,4,1010.10,746.72,84.84,206.30,-1,-1,-1,-1
197,4,1013.52,752.83,80.01,206.92,-1,-1,-1,-1
198,4,1019.09,760.95,79.03,204.24,-1,-1,-1,-1
199,4,1020.10,763.39,79.21,203.65,-1,-1,-1,-1
200,4,1022.37,767.60,74.64,205.31,-1,-1,-1,-1
201,4,1024.07,768.69,73.02,204.59,-1,-1,-1,-1
202,4,1022.43,770.58,78.75,205.56,-1,-1,-1,-1
203,4,1026.96,774.71,80.19,208.10,-1,-1,-1,-1
204,4,1028.84,776.77,79.65,207.43,-1,-1,-1,-1
205,4,1030.11,776.52,79.25,208.32,-1,-1,-1,-1
206,4,1034.38,777.02,80.00,209.24,-1,-1,-1,-1
207,4,1034.77,777.66,81.53,209.05,-1,-1,-1,-1
208,4,1036.15,780.00,80.27,211.63,-1,-1,-1,-1
209,4,1037.67,781.25,79.33,210.12,-1,-1,-1,-1
210,4,1042.19,781.78,81.46,210.42,-1,-1,-1,-1
211,4,1042.70,781.70,82.02,211.08,-1,-1,-1,-1
212,4,1044.14,782.46,82.04,209.19,-1,-1,-1,-1
213,4,1049.13,782.91,81.91,208.64,-1,-1,-1,-1
214,4,1050.84,781.91,80.56,210.19,-1,-1,-1,-1
215,4,1051.30,782.39,81.22,209.97,-1,-1,-1,-1
216,4,1051.22,783.50,84.24,207.38,-1,-1,-1,-1
217,4,1051.81,782.09,83.68,209.32,-1,-1,-1,-1
218,4,1056.52,783.09,83.98,206.68,-1,-1,-1,-1
219,4,1057.54,782.52,83.60,206.43,-1,-1,-1,-1
220,4,1059.33,779.10,82.30,206.52,-1,-1,-1,-1
221,4,1061.46,775.22,80.26,211.90,-1,-1,-1,-1
222,4,1066.17,775.81,79.97,209.99,-1,-1,-1,-1
223,4,1066.81,775.09,83.27,209.32,-1,-1,-1,-1
224,4,1068.06,771.99,82.89,213.20,-1,-1,-1,-1
225,4,1070.50,768.45,79.20,209.84,-1,-1,-1,-1
226,4,1075.57,764.41,78.93,215.17,-1,-1,-1,-1
227,4,1075.52,764.21,81.79,210.91,-1,-1,-1,-1
228,4,1076.32,761.07,82.13,208.46,-1,-1,-1,-1
229,4,1081.78,758.89,81.12,208.81,-1,-1,-1,-1
230,4,1082.93,753.21,81.53,209.22,-1,-1,-1,-1
231,4,1083.77,751.22,83.48,207.61,-1,-1,-1,-1
232,4,1084.18,745.83,83.08,207.19,-1,-1,-1,-1
233,4,1089.49,743.18,82.14,209.54,-1,-1,-1,-1
234,4,1090.78,736.63,82.35,210.95,-1,-1,-1,-1
235,4,1090.18,733.68,85.39,211.25,-1,-1,-1,-1
236,4,1091.47,728.84,84.43,209.95,-1,-1,-1,-1
237,4,1096.92,725.74,82.24,210.28,-1,-1,-1,-1
238,4,1097.72,720.88,85.41,206.86,-1,-1,-1,-1
239,4,1098.18,715.16,86.30,205.84,-1,-1,-1,-1
240,4,1096.65,712.19,89.74,207.88,-1,-1,-1,-1
241,4,1103.63,704.44,85.57,210.35,-1,-1,-1,-1
242,4,1105.14,700.04,85.40,211.61,-1,-1,-1,-1
243,4,1107.26,693.97,81.90,211.79,-1,-1,-1,-1
244,4,1108.05,686.69,82.48,210.45,-1,-1,-1,-1
245,4,1109.05,680.25,81.56,208.70,-1,-1,-1,-1
246,4,1113.54,672.55,82.54,209.29,-1,-1,-1,-1
247,4,1113.02,669.36,85.53,209.48,-1,-1,-1,-1
248,4,1114.92,661.50,82.53,210.02,-1,-1,-1,-1
249,4,1116.23,654.81,83.26,208.24,-1,-1,-1,-1
250,4,1121.77,648.36,80.95,208.49,-1,-1,-1,-1
1,5,525.55,771.19,59.90,199.03,-1,-1,-1,-1
2,5,526.37,773.24,58.95,199.04,-1,-1,-1,-1
3,5,527.75,778.51,58.58,197.92,-1,-1,-1,-1
4,5,532.47,778.62,59.45,200.78,-1,-1,-1,-1
5,5,534.30,779.52,59.31,201.52,-1,-1,-1,-1
6,5,535.48,780.89,59.08,199.11,-1,-1,-1,-1
7,5,536.86,782.53,57.89,199.63,-1,-1,-1,-1
8,5,540.48,785.69,58.88,200.03,-1,-1,-1,-1
9,5,540.93,785.36,61.42,201.18,-1,-1,-1,-1
10,5,539.43,785.86,67.20,201.45,-1,-1,-1,-1
11,5,541.16,786.18,72.77,202.81,-1,-1,-1,-1
12,5,541.80,785.24,74.20,203.63,-1,-1,-1,-1
13,5,542.71,786.08,74.29,200.71,-1,-1,-1,-1
14,5,544.84,786.08,73.31,200.34,-1,-1,-1,-1
15,5,546.21,785.60,72.28,201.80,-1,-1,-1,-1
16,5,547.44,786.17,77.38,200.17,-1,-1,-1,-1
17,5,550.20,785.49,74.87,200.85,-1,-1,-1,-1
18,5,551.26,784.94,73.41,200.81,-1,-1,-1,-1
19,5,551.45,780.96,75.80,201.95,-1,-1,-1,-1
20,5,556.77,779.99,73.72,203.83,-1,-1,-1,-1
21,5,557.28,779.59,76.43,201.82,-1,-1,-1,-1
22,5,559.36,778.43,74.71,201.44,-1,-1,-1,-1
23,5,559.90,777.64,75.80,201.08,-1,-1,-1,-1
24,5,560.22,771.92,75.40,204.28,-1,-1,-1,-1
25,5,565.98,769.37,74.26,206.35,-1,-1,-1,-1
26,5,566.47,767.60,76.04,206.26,-1,-1,-1,-1
27,5,568.22,762.98,75.22,206.89,-1,-1,-1,-1
28,5,574.29,759.28,73.18,210.14,-1,-1,-1,-1
29,5,574.66,759.37,75.06,205.36,-1,-1,-1,-1
30,5,574.72,754.69,76.26,205.40,-1,-1,-1,-1
31,5,575.13,753.07,77.45,202.87,-1,-1,-1,-1
32,5,579.55,747.43,77.16,204.65,-1,-1,-1,-1
33,5,582.05,746.05,76.05,202.33,-1,-1,-1,-1
34,5,583.40,737.87,74.43,208.73,-1,-1,-1,-1
35,5,583.43,739.04,76.35,200.95,-1,-1,-1,-1
36,5,583.28,730.44,77.77,205.84,-1,-1,-1,-1
37,5,587.68,729.47,78.27,201.43,-1,-1,-1,-1
38,5,589.61,722.54,77.24,201.07,-1,-1,-1,-1
39,5,591.37,716.17,75.63,203.48,-1,-1,-1,-1
40,5,596.77,714.48,74.87,200.09,-1,-1,-1,-1
41,5,596.86,707.20,76.48,201.42,-1,-1,-1,-1
42,5,598.98,697.57,75.74,206.67,-1,-1,-1,-1
43,5,602.20,690.45,71.20,207.30,-1,-1,-1,-1
44,5,606.16,688.70,71.51,202.22,-1,-1,-1,-1
45,5,608.51,682.22,70.26,201.47,-1,-1,-1,-1
46,5,611.27,675.54,68.26,202.20,-1,-1,-1,-1
47,5,608.52,668.92,73.37,202.68,-1,-1,-1,-1
48,5,607.74,665.85,76.94,198.45,-1,-1,-1,-1
49,5,612.45,656.56,76.30,202.32,-1,-1,-1,-1
50,5,615.69,650.25,74.14,200.64,-1,-1,-1,-1
51,5,615.29,643.56,76.58,199.27,-1,-1,-1,-1
52,5,616.48,634.07,75.11,204.22,-1,-1,-1,-1
53,5,621.51,628.29,76.09,200.37,-1,-1,-1,-1
54,5,624.10,621.74,73.63,199.82,-1,-1,-1,-1
55,5,625.05,613.49,73.47,201.29,-1,-1,-1,-1
56,5,629.84,603.80,73.52,205.20,-1,-1,-1,-1
57,5,630.74,597.58,74.39,201.21,-1,-1,-1,-1
58,5,630.04,590.46,77.65,198.46,-1,-1,-1,-1
59,5,631.41,585.14,77.28,194.84,-1,-1,-1,-1
60,5,635.38,574.73,78.31,198.49,-1,-1,-1,-1
61,5,637.50,567.65,76.53,196.64,-1,-1,-1,-1
62,5,640.12,559.64,73.63,196.36,-1,-1,-1,-1
63,5,645.15,551.33,66.03,197.38,-1,-1,-1,-1
64,5,646.15,543.04,71.05,197.06,-1,-1,-1,-1
65,5,647.32,535.71,71.23,195.92,-1,-1,-1,-1
66,5,649.50,528.09,68.48,195.55,-1,-1,-1,-1
67,5,648.86,520.05,71.57,193.24,-1,-1,-1,-1
68,5,651.61,510.23,68.53,196.35,-1,-1,-1,-1
69,5,657.66,501.88,65.50,196.31,-1,-1,-1,-1
70,5,661.52,495.65,61.76,191.87,-1,-1,-1,-1
71,5,660.90,485.33,66.07,194.41,-1,-1,-1,-1
72,5,665.03,475.57,66.15,198.35,-1,-1,-1,-1
73,5,666.98,467.56,67.16,196.50,-1,-1,-1,-1
74,5,669.83,453.07,64.93,201.81,-1,-1,-1,-1
75,5,671.16,445.80,63.09,199.45,-1,-1,-1,-1
76,5,670.86,435.45,70.19,201.28,-1,-1,-1,-1
77,5,672.18,428.48,71.63,201.52,-1,-1,-1,-1
78,5,675.71,419.57,68.33,200.19,-1,-1,-1,-1
79,5,677.70,410.88,65.63,200.06,-1,-1,-1,-1
80,5,680.81,402.17,65.72,200.41,-1,-1,-1,-1
81,5,680.60,394.33,68.35,199.31,-1,-1,-1,-1
82,5,680.79,385.72,72.08,201.11,-1,-1,-1,-1
83,5,679.48,371.24,77.36,203.88,-1,-1,-1,-1
84,5,683.84,364.71,78.15,202.37,-1,-1,-1,-1
85,5,687.06,355.29,75.31,203.77,-1,-1,-1,-1
86,5,686.40,348.38,76.33,200.67,-1,-1,-1,-1
87,5,687.71,340.17,76.30,200.01,-1,-1,-1,-1
88,5,692.42,333.16,76.08,200.86,-1,-1,-1,-1
89,5,692.90,325.68,77.66,198.32,-1,-1,-1,-1
90,5,693.12,314.90,79.21,202.84,-1,-1,-1,-1
91,5,694.19,308.26,78.72,199.84,-1,-1,-1,-1
92,5,698.95,298.67,78.47,203.17,-1,-1,-1,-1
93,5,701.63,289.66,76.48,203.36,-1,-1,-1,-1
94,5,702.69,281.92,75.14,204.01,-1,-1,-1,-1
95,5,703.99,275.11,75.20,202.95,-1,-1,-1,-1
96,5,708.06,267.83,75.93,203.53,-1,-1,-1,-1
97,5,709.19,259.78,76.41,203.58,-1,-1,-1,-1
98,5,710.96,257.60,75.46,200.21,-1,-1,-1,-1
99,5,711.49,245.07,75.38,202.24,-1,-1,-1,-1
100,5,709.82,242.99,80.16,197.89,-1,-1,-1,-1
101,5,709.38,233.41,81.75,201.15,-1,-1,-1,-1
102,5,715.34,226.53,81.32,201.46,-1,-1,-1,-1
103,5,716.01,217.82,82.13,203.18,-1,-1,-1,-1
104,5,721.67,209.77,80.94,205.36,-1,-1,-1,-1
105,5,722.67,200.66,82.46,209.53,-1,-1,-1,-1
106,5,722.29,194.87,82.93,207.72,-1,-1,-1,-1
107,5,724.37,191.74,82.02,204.92,-1,-1,-1,-1
108,5,725.85,183.00,80.92,208.50,-1,-1,-1,-1
109,5,731.57,175.61,80.35,209.41,-1,-1,-1,-1
110,5,733.35,174.58,79.83,204.91,-1,-1,-1,-1
111,5,734.74,168.27,78.60,207.13,-1,-1,-1,-1
112,5,739.34,162.29,79.00,206.61,-1,-1,-1,-1
113,5,740.29,160.62,80.19,202.89,-1,-1,-1,-1
114,5,741.39,154.25,77.92,205.71,-1,-1,-1,-1
115,5,744.51,148.10,73.63,204.29,-1,-1,-1,-1
116,5,745.14,144.85,74.13,205.59,-1,-1,-1,-1
117,5,750.75,138.74,72.25,205.73,-1,-1,-1,-1
118,5,752.17,135.57,72.54,204.47,-1,-1,-1,-1
119,5,754.24,131.43,70.46,204.84,-1,-1,-1,-1
120,5,756.83,127.99,66.92,203.89,-1,-1,-1,-1
121,5,761.81,122.44,66.25,206.02,-1,-1,-1,-1
122,5,762.39,118.97,68.06,204.87,-1,-1,-1,-1
123,5,763.58,112.27,69.02,209.17,-1,-1,-1,-1
124,5,766.84,111.60,69.79,205.15,-1,-1,-1,-1
125,5,767.92,106.62,70.74,206.04,-1,-1,-1,-1
126,5,769.94,106.91,69.82,202.90,-1,-1,-1,-1
127,5,771.62,105.79,68.50,200.67,-1,-1,-1,-1
128,5,776.82,99.98,67.25,205.14,-1,-1,-1,-1
129,5,777.39,98.83,69.95,203.53,-1,-1,-1,-1
130,5,779.15,98.77,67.72,201.33,-1,-1,-1,-1
131,5,779.83,97.16,69.33,201.53,-1,-1,-1,-1
132,5,783.43,90.48,69.30,206.90,-1,-1,-1,-1
133,5,784.59,90.47,70.05,205.36,-1,-1,-1,-1
134,5,785.56,91.12,69.90,204.03,-1,-1,-1,-1
135,5,788.40,91.80,67.33,202.59,-1,-1,-1,-1
136,5,792.72,90.32,68.13,204.44,-1,-1,-1,-1
137,5,793.91,89.93,69.48,204.16,-1,-1,-1,-1
138,5,791.83,89.62,75.85,203.83,-1,-1,-1,-1
139,5,791.95,88.50,76.42,206.38,-1,-1,-1,-1
140,5,795.10,89.68,79.78,204.41,-1,-1,-1,-1
141,5,796.23,89.15,80.23,205.45,-1,-1,-1,-1
142,5,799.29,90.00,77.96,204.87,-1,-1,-1,-1
143,5,805.13,90.30,75.71,206.03,-1,-1,-1,-1
144,5,805.51,90.42,76.21,206.42,-1,-1,-1,-1
145,5,806.68,89.91,74.97,208.75,-1,-1,-1,-1
146,5,806.50,94.94,77.69,204.91,-1,-1,-1,-1
147,5,809.00,96.07,74.11,203.80,-1,-1,-1,-1
148,5,812.08,95.79,76.28,207.13,-1,-1,-1,-1
149,5,812.79,97.10,77.47,208.84,-1,-1,-1,-1
150,5,813.78,103.05,76.71,205.35,-1,-1,-1,-1
151,5,816.52,104.44,74.83,209.05,-1,-1,-1,-1
152,5,819.99,104.52,77.17,209.83,-1,-1,-1,-1
153,5,821.73,109.01,76.57,209.20,-1,-1,-1,-1
154,5,821.63,110.65,79.58,210.15,-1,-1,-1,-1
155,5,822.61,111.65,78.99,212.90,-1,-1,-1,-1
156,5,827.05,116.96,80.41,211.96,-1,-1,-1,-1
157,5,830.08,118.99,78.13,214.33,-1,-1,-1,-1
158,5,831.59,127.03,77.02,210.17,-1,-1,-1,-1
159,5,831.16,129.08,77.65,210.09,-1,-1,-1,-1
160,5,837.02,134.67,75.61,210.02,-1,-1,-1,-1
161,5,838.13,141.12,76.78,208.91,-1,-1,-1,-1
162,5,838.41,144.58,77.81,206.96,-1,-1,-1,-1
163,5,840.18,149.87,75.30,209.38,-1,-1,-1,-1
164,5,843.53,152.69,77.84,209.90,-1,-1,-1,-1
165,5,845.70,160.46,76.51,207.05,-1,-1,-1,-1
166,5,845.98,167.83,76.61,205.06,-1,-1,-1,-1
167,5,848.41,174.33,75.11,206.38,-1,-1,-1,-1
168,5,851.54,175.84,77.93,210.32,-1,-1,-1,-1
169,5,852.77,183.00,78.27,209.60,-1,-1,-1,-1
170,5,849.91,189.80,84.79,208.69,-1,-1,-1,-1
171,5,852.47,192.10,81.09,212.01,-1,-1,-1,-1
172,5,856.77,197.90,83.04,212.15,-1,-1,-1,-1
173,5,859.40,207.00,81.82,208.12,-1,-1,-1,-1
174,5,858.82,214.46,83.88,206.48,-1,-1,-1,-1
175,5,861.10,224.44,80.75,202.94,-1,-1,-1,-1
176,5,865.07,226.11,82.33,208.43,-1,-1,-1,-1
177,5,865.73,234.67,84.72,206.96,-1,-1,-1,-1
178,5,867.36,240.81,82.99,207.98,-1,-1,-1,-1
179,5,869.05,249.03,80.99,208.60,-1,-1,-1,-1
180,5,869.65,256.74,81.13,206.55,-1,-1,-1,-1
181,5,872.36,264.12,84.87,206.33,-1,-1,-1,-1
182,5,874.89,274.21,82.11,203.10,-1,-1,-1,-1
183,5,875.60,283.39,83.05,201.10,-1,-1,-1,-1
184,5,881.37,289.92,82.63,203.12,-1,-1,-1,-1
185,5,882.74,299.33,82.20,201.13,-1,-1,-1,-1
186,5,885.10,306.73,79.27,201.85,-1,-1,-1,-1
187,5,888.39,313.63,75.24,202.57,-1,-1,-1,-1
188,5,889.44,323.07,81.66,199.38,-1,-1,-1,-1
189,5,889.91,329.48,84.45,202.06,-1,-1,-1,-1
190,5,893.04,338.05,80.30,201.29,-1,-1,-1,-1
191,5,892.62,345.39,82.20,202.16,-1,-1,-1,-1
192,5,897.10,354.68,81.93,201.21,-1,-1,-1,-1
193,5,900.21,361.64,79.31,205.81,-1,-1,-1,-1
194,5,898.61,369.83,83.59,202.92,-1,-1,-1,-1
195,5,902.01,375.76,77.64,209.65,-1,-1,-1,-1
196,5,903.91,386.63,75.42,204.50,-1,-1,-1,-1
197,5,909.06,394.72,73.67,206.47,-1,-1,-1,-1
198,5,911.65,402.19,71.75,207.20,-1,-1,-1,-1
199,5,913.06,418.85,73.30,198.30,-1,-1,-1,-1
200,5,919.06,429.33,70.45,197.79,-1,-1,-1,-1
201,5,920.63,436.13,70.76,197.75,-1,-1,-1,-1
202,5,921.80,444.06,70.28,198.78,-1,-1,-1,-1
203,5,924.60,452.91,67.41,198.21,-1,-1,-1,-1
204,5,928.44,460.74,68.41,199.12,-1,-1,-1,-1
205,5,930.12,469.69,67.78,199.18,-1,-1,-1,-1
206,5,931.01,477.45,68.82,200.47,-1,-1,-1,-1
207,5,932.91,492.84,66.88,193.48,-1,-1,-1,-1
208,5,934.97,500.96,69.95,194.08,-1,-1,-1,-1
209,5,936.36,508.70,69.17,195.08,-1,-1,-1,-1
210,5,936.14,516.87,73.24,195.13,-1,-1,-1,-1
211,5,937.04,527.28,74.58,192.97,-1,-1,-1,-1
212,5,940.97,533.33,75.32,195.93,-1,-1,-1,-1
213,5,940.70,541.90,78.03,195.92,-1,-1,-1,-1
214,5,943.66,549.48,74.16,197.11,-1,-1,-1,-1
215,5,945.17,557.57,74.37,197.15,-1,-1,-1,-1
216,5,947.22,563.24,77.93,199.90,-1,-1,-1,-1
217,5,949.97,571.61,75.55,200.33,-1,-1,-1,-1
218,5,952.69,580.74,71.63,199.79,-1,-1,-1,-1
219,5,954.53,589.06,70.71,197.17,-1,-1,-1,-1
220,5,955.53,595.81,68.71,199.50,-1,-1,-1,-1
221,5,957.55,605.04,74.03,198.54,-1,-1,-1,-1
222,5,959.30,610.54,74.29,200.36,-1,-1,-1,-1
223,5,961.63,618.45,72.65,200.30,-1,-1,-1,-1
224,5,965.97,624.82,72.85,202.97,-1,-1,-1,-1
225,5,966.99,631.84,73.46,203.77,-1,-1,-1,-1
226,5,967.51,640.65,73.83,202.15,-1,-1,-1,-1
227,5,969.67,648.63,71.31,202.12,-1,-1,-1,-1
228,5,976.12,652.94,67.70,202.50,-1,-1,-1,-1
229,5,976.19,660.11,70.68,201.55,-1,-1,-1,-1
230,5,978.62,667.20,68.47,203.36,-1,-1,-1,-1
231,5,976.60,674.16,73.16,201.17,-1,-1,-1,-1
232,5,975.98,682.11,76.14,200.55,-1,-1,-1,-1
233,5,980.84,688.90,75.29,202.15,-1,-1,-1,-1
234,5,982.79,691.14,73.35,205.22,-1,-1,-1,-1
235,5,982.75,698.39,76.03,202.92,-1,-1,-1,-1
236,5,985.60,703.31,71.69,206.60,-1,-1,-1,-1
237,5,990.27,713.65,70.88,200.72,-1,-1,-1,-1
238,5,990.98,717.50,71.68,199.14,-1,-1,-1,-1
239,5,993.17,722.23,70.76,199.25,-1,-1,-1,-1
240,5,994.75,725.25,68.93,200.14,-1,-1,-1,-1
241,5,999.15,728.66,69.82,204.58,-1,-1,-1,-1
242,5,1001.04,735.08,69.82,204.81,-1,-1,-1,-1
243,5,1002.46,738.44,68.75,203.45,-1,-1,-1,-1
244,5,1003.76,744.69,68.08,202.81,-1,-1,-1,-1
245,5,1007.66,749.22,69.55,197.96,-1,-1,-1,-1
246,5,1009.70,757.32,68.27,193.76,-1,-1,-1,-1
247,5,1009.97,760.15,69.52,193.74,-1,-1,-1,-1
248,5,1009.72,764.31,72.03,194.92,-1,-1,-1,-1
249,5,1014.33,763.78,71.23,201.12,-1,-1,-1,-1
250,5,1015.63,770.43,70.92,199.66,-1,-1,-1,-1
