1,1,370.02,442.00,86.51,204.53,-1,-1,-1,-1
2,1,375.09,442.21,88.60,204.83,-1,-1,-1,-1
3,1,375.05,441.37,92.18,205.56,-1,-1,-1,-1
4,1,382.59,441.44,90.38,205.10,-1,-1,-1,-1
5,1,384.15,441.51,90.34,204.97,-1,-1,-1,-1
6,1,390.32,434.01,90.05,206.97,-1,-1,-1,-1
7,1,392.86,437.16,88.97,212.42,-1,-1,-1,-1
8,1,398.16,440.72,91.90,206.96,-1,-1,-1,-1
9,1,406.89,440.24,88.96,208.22,-1,-1,-1,-1
10,1,407.44,442.05,90.96,205.68,-1,-1,-1,-1
11,1,412.89,432.43,93.08,207.37,-1,-1,-1,-1
12,1,415.17,431.68,91.54,206.61,-1,-1,-1,-1
13,1,423.25,438.32,88.36,209.15,-1,-1,-1,-1
14,1,424.05,438.62,90.31,211.77,-1,-1,-1,-1
15,1,430.62,441.36,90.22,206.72,-1,-1,-1,-1
16,1,438.17,440.50,89.18,205.59,-1,-1,-1,-1
17,1,438.73,433.49,91.14,204.68,-1,-1,-1,-1
18,1,441.27,432.65,88.30,208.29,-1,-1,-1,-1
19,1,447.59,440.11,89.51,206.05,-1,-1,-1,-1
20,1,448.44,434.91,89.94,204.82,-1,-1,-1,-1
21,1,454.70,431.03,90.89,208.70,-1,-1,-1,-1
22,1,463.04,431.63,88.22,209.74,-1,-1,-1,-1
23,1,464.73,432.24,88.45,209.39,-1,-1,-1,-1
24,1,471.22,440.69,88.96,206.60,-1,-1,-1,-1
25,1,470.99,432.79,91.81,208.33,-1,-1,-1,-1
26,1,478.11,433.14,90.66,206.36,-1,-1,-1,-1
27,1,480.23,433.09,90.47,205.79,-1,-1,-1,-1
28,1,486.33,433.15,91.09,205.92,-1,-1,-1,-1
29,1,494.10,435.87,89.04,215.86,-1,-1,-1,-1
30,1,497.04,437.79,87.66,213.12,-1,-1,-1,-1
31,1,502.94,438.26,88.26,212.43,-1,-1,-1,-1
32,1,503.47,432.52,91.24,207.69,-1,-1,-1,-1
33,1,510.73,432.60,88.41,209.21,-1,-1,-1,-1
34,1,512.61,430.63,88.96,210.93,-1,-1,-1,-1
35,1,518.77,432.82,88.61,207.88,-1,-1,-1,-1
36,1,521.09,429.59,88.22,212.00,-1,-1,-1,-1
37,1,527.61,427.58,89.10,215.47,-1,-1,-1,-1
38,1,534.94,430.45,88.29,210.27,-1,-1,-1,-1
39,1,535.54,432.40,90.85,206.06,-1,-1,-1,-1
40,1,543.00,436.85,87.51,213.88,-1,-1,-1,-1
41,1,544.46,436.17,88.59,215.85,-1,-1,-1,-1
42,1,550.39,428.42,89.44,216.12,-1,-1,-1,-1
43,1,552.08,428.79,89.38,212.83,-1,-1,-1,-1
44,1,558.23,430.13,91.08,210.35,-1,-1,-1,-1
45,1,566.06,429.87,89.48,211.53,-1,-1,-1,-1
46,1,566.79,433.48,90.53,206.46,-1,-1,-1,-1
47,1,569.05,436.67,89.03,214.59,-1,-1,-1,-1
48,1,573.70,429.35,91.95,214.94,-1,-1,-1,-1
49,1,582.37,436.53,88.96,214.86,-1,-1,-1,-1
50,1,582.58,431.28,91.99,210.10,-1,-1,-1,-1
51,1,590.75,429.81,88.61,211.26,-1,-1,-1,-1
52,1,592.54,435.21,88.42,216.66,-1,-1,-1,-1
53,1,598.73,438.11,89.22,211.89,-1,-1,-1,-1
54,1,599.51,439.36,91.16,210.50,-1,-1,-1,-1
55,1,605.95,434.35,91.64,218.92,-1,-1,-1,-1
56,1,608.56,437.47,88.36,213.80,-1,-1,-1,-1
57,1,613.53,431.09,92.41,210.45,-1,-1,-1,-1
58,1,613.68,426.99,94.93,218.07,-1,-1,-1,-1
59,1,621.16,433.61,93.82,221.02,-1,-1,-1,-1
60,1,628.21,429.57,93.26,214.72,-1,-1,-1,-1
61,1,628.19,432.33,96.88,207.23,-1,-1,-1,-1
62,1,635.74,430.75,94.94,210.31,-1,-1,-1,-1
63,1,636.45,431.72,95.68,210.37,-1,-1,-1,-1
64,1,644.09,428.06,94.45,216.87,-1,-1,-1,-1
65,1,645.89,429.13,93.91,214.77,-1,-1,-1,-1
66,1,652.83,426.07,93.36,220.55,-1,-1,-1,-1
67,1,654.79,430.51,92.85,212.57,-1,-1,-1,-1
68,1,661.00,439.35,93.90,208.21,-1,-1,-1,-1
69,1,662.57,433.73,93.42,206.53,-1,-1,-1,-1
70,1,670.34,430.01,91.25,212.44,-1,-1,-1,-1
71,1,678.26,432.98,89.16,207.62,-1,-1,-1,-1
72,1,679.27,432.85,91.03,206.62,-1,-1,-1,-1
73,1,686.31,433.09,89.62,207.18,-1,-1,-1,-1
74,1,689.17,438.16,87.99,212.55,-1,-1,-1,-1
75,1,693.96,435.11,90.90,204.50,-1,-1,-1,-1
76,1,695.05,435.78,91.96,203.02,-1,-1,-1,-1
77,1,702.46,431.63,90.87,209.28,-1,-1,-1,-1
78,1,704.60,433.10,88.61,207.45,-1,-1,-1,-1
79,1,712.01,439.05,87.77,210.27,-1,-1,-1,-1
80,1,718.14,433.64,89.95,205.82,-1,-1,-1,-1
81,1,719.74,431.31,89.63,210.83,-1,-1,-1,-1
82,1,727.50,442.91,87.92,202.35,-1,-1,-1,-1
83,1,727.84,440.89,89.91,203.99,-1,-1,-1,-1
84,1,734.77,440.80,88.49,207.40,-1,-1,-1,-1
85,1,735.95,440.60,90.50,205.35,-1,-1,-1,-1
86,1,742.97,441.02,88.62,203.83,-1,-1,-1,-1
87,1,744.05,439.23,91.06,210.15,-1,-1,-1,-1
88,1,750.65,432.41,89.98,209.37,-1,-1,-1,-1
89,1,758.92,433.92,87.91,204.75,-1,-1,-1,-1
90,1,759.31,435.24,90.26,203.90,-1,-1,-1,-1
91,1,767.29,441.70,86.78,205.85,-1,-1,-1,-1
92,1,767.70,441.48,90.48,205.40,-1,-1,-1,-1
93,1,774.74,441.73,88.73,202.28,-1,-1,-1,-1
94,1,774.94,440.27,92.43,207.15,-1,-1,-1,-1
95,1,783.26,442.34,89.30,203.17,-1,-1,-1,-1
96,1,784.78,435.00,88.96,203.81,-1,-1,-1,-1
97,1,791.14,434.18,89.42,203.87,-1,-1,-1,-1
98,1,792.48,441.05,89.85,204.06,-1,-1,-1,-1
99,1,798.53,435.35,91.70,202.34,-1,-1,-1,-1
100,1,806.51,432.42,88.77,205.53,-1,-1,-1,-1
101,1,807.41,432.47,90.62,206.81,-1,-1,-1,-1
102,1,814.58,433.68,89.37,204.53,-1,-1,-1,-1
103,1,817.15,435.04,87.61,203.78,-1,-1,-1,-1
104,1,823.86,432.61,87.43,207.09,-1,-1,-1,-1
105,1,823.43,433.92,91.66,202.87,-1,-1,-1,-1
106,1,831.44,439.59,87.78,206.22,-1,-1,-1,-1
107,1,832.09,435.92,89.87,202.11,-1,-1,-1,-1
108,1,839.15,438.24,89.62,210.32,-1,-1,-1,-1
109,1,846.11,436.48,89.26,214.15,-1,-1,-1,-1
110,1,847.88,434.69,89.84,204.42,-1,-1,-1,-1
111,1,855.39,435.82,87.08,202.62,-1,-1,-1,-1
112,1,856.48,439.56,89.09,208.97,-1,-1,-1,-1
113,1,862.24,434.39,90.19,204.88,-1,-1,-1,-1
114,1,864.21,438.88,89.25,208.75,-1,-1,-1,-1
115,1,870.82,444.08,89.90,201.31,-1,-1,-1,-1
116,1,872.09,440.86,90.25,206.03,-1,-1,-1,-1
117,1,878.92,433.46,89.31,206.10,-1,-1,-1,-1
118,1,880.66,441.34,89.77,203.80,-1,-1,-1,-1
119,1,885.65,438.06,93.12,198.40,-1,-1,-1,-1
120,1,894.10,435.37,89.92,201.96,-1,-1,-1,-1
121,1,895.87,441.63,89.16,204.16,-1,-1,-1,-1
122,1,902.66,435.81,88.19,202.75,-1,-1,-1,-1
123,1,903.75,434.44,90.80,202.31,-1,-1,-1,-1
124,1,910.90,435.73,88.59,202.75,-1,-1,-1,-1
125,1,912.98,436.76,88.40,200.26,-1,-1,-1,-1
126,1,918.17,438.78,90.80,196.74,-1,-1,-1,-1
127,1,920.10,436.67,90.14,199.98,-1,-1,-1,-1
128,1,926.01,434.50,91.69,203.52,-1,-1,-1,-1
129,1,928.51,440.77,89.17,203.74,-1,-1,-1,-1
130,1,935.12,442.88,89.21,203.88,-1,-1,-1,-1
131,1,941.21,441.77,90.91,205.36,-1,-1,-1,-1
132,1,943.82,443.52,90.07,202.46,-1,-1,-1,-1
133,1,950.30,437.35,89.67,200.23,-1,-1,-1,-1
134,1,951.09,436.68,91.68,200.22,-1,-1,-1,-1
135,1,958.84,442.17,88.91,202.64,-1,-1,-1,-1
136,1,959.69,435.59,91.44,202.72,-1,-1,-1,-1
137,1,966.73,434.40,88.72,205.79,-1,-1,-1,-1
138,1,968.04,433.61,90.17,205.73,-1,-1,-1,-1
139,1,974.47,435.59,91.68,201.18,-1,-1,-1,-1
140,1,983.30,441.13,86.32,204.24,-1,-1,-1,-1
141,1,983.50,442.77,90.90,203.90,-1,-1,-1,-1
142,1,990.48,442.90,89.71,203.69,-1,-1,-1,-1
143,1,991.66,442.27,90.42,204.99,-1,-1,-1,-1
144,1,998.20,443.33,90.17,199.06,-1,-1,-1,-1
145,1,999.55,434.07,91.00,203.74,-1,-1,-1,-1
146,1,1007.22,434.02,88.31,204.32,-1,-1,-1,-1
147,1,1009.29,434.43,88.42,204.49,-1,-1,-1,-1
148,1,1014.78,436.27,89.37,201.41,-1,-1,-1,-1
149,1,1017.35,439.99,88.98,207.32,-1,-1,-1,-1
150,1,1023.06,433.28,89.13,207.65,-1,-1,-1,-1
151,1,1025.65,440.41,87.89,206.47,-1,-1,-1,-1
152,1,1030.87,440.10,90.74,208.09,-1,-1,-1,-1
153,1,1038.52,439.73,88.73,210.11,-1,-1,-1,-1
154,1,1040.59,443.73,89.68,200.97,-1,-1,-1,-1
155,1,1047.22,443.82,87.95,202.45,-1,-1,-1,-1
156,1,1047.91,442.03,90.91,205.08,-1,-1,-1,-1
157,1,1055.18,442.72,89.42,202.40,-1,-1,-1,-1
158,1,1056.42,434.82,90.42,202.30,-1,-1,-1,-1
159,1,1063.63,438.91,89.04,208.83,-1,-1,-1,-1
160,1,1068.85,436.70,91.72,201.12,-1,-1,-1,-1
161,1,1072.88,441.91,87.88,204.41,-1,-1,-1,-1
162,1,1078.27,436.23,90.19,201.77,-1,-1,-1,-1
163,1,1080.44,440.62,88.59,206.44,-1,-1,-1,-1
164,1,1085.96,442.57,91.38,201.01,-1,-1,-1,-1
165,1,1088.75,441.27,88.32,204.56,-1,-1,-1,-1
166,1,1093.84,435.04,90.83,204.02,-1,-1,-1,-1
167,1,1095.76,435.85,91.76,200.62,-1,-1,-1,-1
168,1,1103.17,435.97,88.57,201.98,-1,-1,-1,-1
169,1,1110.64,443.76,88.86,199.00,-1,-1,-1,-1
170,1,1111.02,443.64,91.88,200.79,-1,-1,-1,-1
171,1,1115.48,437.37,94.89,199.23,-1,-1,-1,-1
172,1,1118.36,434.92,93.92,200.54,-1,-1,-1,-1
173,1,1126.59,440.44,89.42,205.05,-1,-1,-1,-1
174,1,1126.38,436.62,93.41,201.37,-1,-1,-1,-1
175,1,1134.43,434.22,90.11,203.85,-1,-1,-1,-1
176,1,1136.83,440.49,88.89,205.36,-1,-1,-1,-1
177,1,1142.64,443.08,90.10,201.78,-1,-1,-1,-1
178,1,1143.40,443.56,92.28,201.57,-1,-1,-1,-1
179,1,1149.83,443.67,92.98,200.89,-1,-1,-1,-1
180,1,1158.45,444.01,88.28,202.13,-1,-1,-1,-1
181,1,1158.43,442.18,92.38,201.90,-1,-1,-1,-1
182,1,1166.21,441.56,89.15,205.34,-1,-1,-1,-1
183,1,1168.45,441.07,89.35,203.00,-1,-1,-1,-1
184,1,1175.03,443.58,88.12,201.31,-1,-1,-1,-1
185,1,1175.50,444.12,91.40,201.26,-1,-1,-1,-1
186,1,1182.40,441.84,90.59,202.99,-1,-1,-1,-1
187,1,1184.21,442.12,89.87,203.69,-1,-1,-1,-1
188,1,1190.34,442.49,91.04,200.72,-1,-1,-1,-1
189,1,1191.10,435.52,92.99,202.07,-1,-1,-1,-1
190,1,1199.28,436.38,89.27,201.99,-1,-1,-1,-1
191,1,1207.54,444.10,86.56,200.91,-1,-1,-1,-1
192,1,1209.32,443.98,87.41,200.24,-1,-1,-1,-1
193,1,1215.05,436.53,87.61,201.72,-1,-1,-1,-1
194,1,1217.80,441.37,85.81,202.56,-1,-1,-1,-1
195,1,1223.46,436.18,87.06,202.19,-1,-1,-1,-1
196,1,1224.41,433.11,90.29,204.87,-1,-1,-1,-1
197,1,1230.85,434.98,88.63,204.45,-1,-1,-1,-1
198,1,1233.05,442.47,89.05,202.07,-1,-1,-1,-1
199,1,1237.50,436.76,92.59,201.07,-1,-1,-1,-1
200,1,1239.68,436.08,91.70,201.08,-1,-1,-1,-1
201,1,1246.67,441.97,90.26,204.09,-1,-1,-1,-1
202,1,1248.28,442.73,90.79,201.57,-1,-1,-1,-1
203,1,1253.23,435.12,93.82,203.16,-1,-1,-1,-1
204,1,1262.32,440.36,89.26,205.78,-1,-1,-1,-1
205,1,1264.16,443.62,90.11,199.30,-1,-1,-1,-1
206,1,1269.21,436.40,92.60,201.77,-1,-1,-1,-1
207,1,1271.31,436.97,92.61,199.66,-1,-1,-1,-1
208,1,1278.74,433.96,88.87,205.21,-1,-1,-1,-1
209,1,1279.73,434.28,91.62,201.60,-1,-1,-1,-1
210,1,1286.57,440.30,90.98,205.83,-1,-1,-1,-1
211,1,1293.71,442.05,90.42,204.21,-1,-1,-1,-1
212,1,1295.00,435.73,91.89,202.96,-1,-1,-1,-1
213,1,1301.82,436.41,90.85,201.11,-1,-1,-1,-1
214,1,1302.93,437.08,92.39,199.37,-1,-1,-1,-1
215,1,1310.05,434.80,90.33,202.47,-1,-1,-1,-1
216,1,1310.21,436.14,94.72,200.20,-1,-1,-1,-1
217,1,1317.40,437.01,92.32,200.50,-1,-1,-1,-1
218,1,1320.38,441.41,89.82,205.35,-1,-1,-1,-1
219,1,1324.88,436.28,94.11,200.58,-1,-1,-1,-1
220,1,1334.00,437.44,88.97,200.26,-1,-1,-1,-1
221,1,1334.98,437.08,91.68,199.88,-1,-1,-1,-1
222,1,1342.76,434.68,88.15,203.91,-1,-1,-1,-1
223,1,1344.21,442.03,88.93,203.54,-1,-1,-1,-1
224,1,1350.18,442.85,89.67,201.42,-1,-1,-1,-1
225,1,1351.65,435.16,90.88,203.44,-1,-1,-1,-1
226,1,1358.41,436.20,89.62,202.11,-1,-1,-1,-1
227,1,1365.94,436.70,89.25,200.61,-1,-1,-1,-1
228,1,1367.27,443.04,90.55,199.09,-1,-1,-1,-1
229,1,1372.30,436.74,92.71,200.71,-1,-1,-1,-1
230,1,1374.30,434.59,92.76,200.61,-1,-1,-1,-1
231,1,1382.56,441.59,88.75,204.03,-1,-1,-1,-1
232,1,1382.74,443.97,92.29,201.16,-1,-1,-1,-1
233,1,1388.88,441.90,91.91,202.26,-1,-1,-1,-1
234,1,1392.12,436.07,90.99,201.64,-1,-1,-1,-1
235,1,1399.46,442.84,87.73,201.22,-1,-1,-1,-1
236,1,1400.77,436.76,89.16,199.97,-1,-1,-1,-1
237,1,1407.13,442.07,88.14,202.85,-1,-1,-1,-1
238,1,1408.71,437.04,89.51,200.28,-1,-1,-1,-1
239,1,1414.16,436.51,90.24,200.47,-1,-1,-1,-1
240,1,1421.67,435.74,89.75,201.26,-1,-1,-1,-1
241,1,1424.11,441.58,89.92,203.08,-1,-1,-1,-1
242,1,1429.77,443.87,91.30,198.53,-1,-1,-1,-1
243,1,1431.42,443.41,91.39,202.05,-1,-1,-1,-1
244,1,1438.50,443.12,89.33,200.61,-1,-1,-1,-1
245,1,1439.49,437.88,91.22,198.32,-1,-1,-1,-1
246,1,1446.39,436.22,89.90,201.15,-1,-1,-1,-1
247,1,1447.60,435.42,90.75,203.77,-1,-1,-1,-1
248,1,1454.29,437.01,91.95,199.03,-1,-1,-1,-1
249,1,1462.87,437.92,87.58,199.27,-1,-1,-1,-1
250,1,1465.23,435.87,86.85,201.65,-1,-1,-1,-1
1,2,145.26,438.47,82.75,200.03,-1,-1,-1,-1
2,2,146.30,432.46,83.61,203.82,-1,-1,-1,-1
3,2,151.79,433.03,85.25,202.51,-1,-1,-1,-1
4,2,154.61,440.82,83.23,201.55,-1,-1,-1,-1
5,2,160.93,444.43,83.38,201.64,-1,-1,-1,-1
6,2,163.16,435.78,82.11,203.92,-1,-1,-1,-1
7,2,169.80,433.80,82.29,203.11,-1,-1,-1,-1
8,2,170.85,433.69,84.01,201.96,-1,-1,-1,-1
9,2,176.24,432.72,86.06,202.66,-1,-1,-1,-1
10,2,176.83,439.43,87.80,204.72,-1,-1,-1,-1
11,2,183.52,444.32,87.97,202.15,-1,-1,-1,-1
12,2,184.38,442.10,89.37,203.98,-1,-1,-1,-1
13,2,191.38,433.66,88.71,202.79,-1,-1,-1,-1
14,2,194.18,434.59,86.71,201.45,-1,-1,-1,-1
15,2,201.87,441.02,84.05,201.93,-1,-1,-1,-1
16,2,207.72,433.84,86.04,203.46,-1,-1,-1,-1
17,2,208.60,435.81,88.12,202.44,-1,-1,-1,-1
18,2,214.84,436.91,87.72,201.22,-1,-1,-1,-1
19,2,218.75,442.75,84.11,200.81,-1,-1,-1,-1
20,2,225.17,434.38,84.12,203.44,-1,-1,-1,-1
21,2,227.33,437.98,83.01,199.15,-1,-1,-1,-1
22,2,233.86,443.42,82.46,200.96,-1,-1,-1,-1
23,2,234.57,432.92,85.78,204.55,-1,-1,-1,-1
24,2,241.31,437.36,83.97,199.12,-1,-1,-1,-1
25,2,247.46,433.91,86.14,201.63,-1,-1,-1,-1
26,2,249.85,434.25,85.27,200.11,-1,-1,-1,-1
27,2,256.86,440.39,83.70,203.56,-1,-1,-1,-1
28,2,259.66,436.78,81.73,201.69,-1,-1,-1,-1
29,2,265.81,436.36,82.25,200.50,-1,-1,-1,-1
30,2,267.45,438.91,82.80,198.34,-1,-1,-1,-1
31,2,273.34,434.06,84.11,202.66,-1,-1,-1,-1
32,2,275.85,439.62,82.97,204.71,-1,-1,-1,-1
33,2,281.75,442.27,83.85,201.36,-1,-1,-1,-1
34,2,282.66,442.13,85.30,203.09,-1,-1,-1,-1
35,2,289.14,434.11,84.89,202.12,-1,-1,-1,-1
36,2,297.10,440.55,82.25,204.04,-1,-1,-1,-1
37,2,299.33,442.72,82.93,201.12,-1,-1,-1,-1
38,2,304.52,435.40,84.86,202.45,-1,-1,-1,-1
39,2,307.82,441.94,82.69,202.38,-1,-1,-1,-1
40,2,313.84,444.02,83.21,200.76,-1,-1,-1,-1
41,2,315.02,442.03,83.60,201.95,-1,-1,-1,-1
42,2,321.63,442.25,83.64,202.00,-1,-1,-1,-1
43,2,324.65,438.69,81.41,198.92,-1,-1,-1,-1
44,2,329.52,435.35,84.15,201.01,-1,-1,-1,-1
45,2,332.49,440.04,82.60,205.63,-1,-1,-1,-1
46,2,338.17,437.21,82.93,202.55,-1,-1,-1,-1
47,2,344.60,442.42,84.05,200.41,-1,-1,-1,-1
48,2,346.95,442.19,83.74,202.24,-1,-1,-1,-1
49,2,353.54,442.24,83.41,201.72,-1,-1,-1,-1
50,2,356.30,441.73,81.65,199.79,-1,-1,-1,-1
51,2,362.11,436.13,82.36,199.24,-1,-1,-1,-1
52,2,363.72,441.17,82.86,204.57,-1,-1,-1,-1
53,2,370.03,443.14,82.95,201.94,-1,-1,-1,-1
54,2,376.31,435.87,84.30,204.30,-1,-1,-1,-1
55,2,379.30,437.91,82.50,200.80,-1,-1,-1,-1
56,2,379.84,442.41,83.44,200.51,-1,-1,-1,-1
57,2,386.70,439.24,82.75,198.15,-1,-1,-1,-1
58,2,393.47,435.10,82.55,201.30,-1,-1,-1,-1
59,2,395.25,441.60,82.95,200.55,-1,-1,-1,-1
60,2,400.79,433.06,85.35,203.38,-1,-1,-1,-1
61,2,404.46,437.03,81.45,202.34,-1,-1,-1,-1
62,2,409.68,436.40,84.03,201.09,-1,-1,-1,-1
63,2,412.16,441.91,82.30,203.49,-1,-1,-1,-1
64,2,418.15,445.55,82.46,199.88,-1,-1,-1,-1
65,2,425.33,436.81,82.10,203.16,-1,-1,-1,-1
66,2,427.21,443.81,82.42,200.74,-1,-1,-1,-1
67,2,433.15,444.05,83.21,201.75,-1,-1,-1,-1
68,2,435.05,434.73,83.38,203.74,-1,-1,-1,-1
69,2,442.39,436.71,81.93,201.85,-1,-1,-1,-1
70,2,443.19,438.68,83.30,198.98,-1,-1,-1,-1
71,2,448.76,433.28,84.82,202.12,-1,-1,-1,-1
72,2,450.62,434.93,84.91,199.55,-1,-1,-1,-1
73,2,456.52,434.05,85.07,199.95,-1,-1,-1,-1
74,2,463.29,435.95,86.47,199.53,-1,-1,-1,-1
75,2,465.68,434.80,85.30,200.57,-1,-1,-1,-1
76,2,472.44,434.08,84.18,200.86,-1,-1,-1,-1
77,2,474.38,441.67,84.82,203.63,-1,-1,-1,-1
78,2,479.73,441.19,85.65,202.80,-1,-1,-1,-1
79,2,483.24,445.41,82.50,198.75,-1,-1,-1,-1
80,2,489.36,442.43,83.79,200.64,-1,-1,-1,-1
81,2,490.48,436.67,85.55,199.69,-1,-1,-1,-1
82,2,497.76,442.72,83.17,202.26,-1,-1,-1,-1
83,2,498.93,434.47,84.93,203.53,-1,-1,-1,-1
84,2,505.07,436.39,85.50,200.47,-1,-1,-1,-1
85,2,511.21,435.16,86.86,200.54,-1,-1,-1,-1
86,2,513.88,437.18,83.81,198.45,-1,-1,-1,-1
87,2,520.20,434.98,85.28,199.42,-1,-1,-1,-1
88,2,522.83,440.88,83.78,203.88,-1,-1,-1,-1
89,2,530.19,437.43,82.19,201.19,-1,-1,-1,-1
90,2,531.21,437.42,82.96,199.92,-1,-1,-1,-1
91,2,536.70,434.33,84.75,201.28,-1,-1,-1,-1
92,2,537.76,434.46,87.32,201.08,-1,-1,-1,-1
93,2,544.98,438.50,83.88,198.23,-1,-1,-1,-1
94,2,547.29,434.68,84.55,199.55,-1,-1,-1,-1
95,2,554.61,438.45,81.85,199.49,-1,-1,-1,-1
96,2,559.84,436.91,85.29,199.89,-1,-1,-1,-1
97,2,562.73,442.22,83.66,198.64,-1,-1,-1,-1
98,2,570.22,443.83,81.55,200.67,-1,-1,-1,-1
99,2,570.70,435.37,84.21,201.92,-1,-1,-1,-1
100,2,577.29,440.25,82.75,204.94,-1,-1,-1,-1
101,2,579.38,444.30,82.88,200.98,-1,-1,-1,-1
102,2,586.19,437.61,82.17,201.46,-1,-1,-1,-1
103,2,586.95,434.49,84.94,202.24,-1,-1,-1,-1
104,2,593.85,441.82,84.62,204.67,-1,-1,-1,-1
105,2,600.88,441.86,83.92,201.84,-1,-1,-1,-1
106,2,602.37,443.89,84.41,199.06,-1,-1,-1,-1
107,2,608.72,443.20,84.46,199.51,-1,-1,-1,-1
108,2,611.49,445.88,81.99,199.39,-1,-1,-1,-1
109,2,617.56,437.86,82.77,201.22,-1,-1,-1,-1
110,2,617.99,434.43,85.98,201.05,-1,-1,-1,-1
111,2,623.83,436.55,86.17,198.96,-1,-1,-1,-1
112,2,627.27,435.20,84.11,199.72,-1,-1,-1,-1
113,2,633.38,435.04,84.87,198.91,-1,-1,-1,-1
114,2,635.80,440.39,83.80,203.09,-1,-1,-1,-1
115,2,641.67,445.34,83.29,200.18,-1,-1,-1,-1
116,2,644.57,435.59,82.03,202.93,-1,-1,-1,-1
117,2,650.17,441.96,83.81,201.03,-1,-1,-1,-1
118,2,656.31,434.86,85.29,202.79,-1,-1,-1,-1
119,2,658.96,434.90,84.20,199.90,-1,-1,-1,-1
120,2,664.70,436.07,84.52,199.45,-1,-1,-1,-1
121,2,667.06,439.06,83.91,197.84,-1,-1,-1,-1
122,2,673.09,442.75,83.79,200.13,-1,-1,-1,-1
123,2,676.49,444.88,82.00,199.03,-1,-1,-1,-1
124,2,681.85,436.60,83.48,201.26,-1,-1,-1,-1
125,2,688.15,441.37,84.79,202.06,-1,-1,-1,-1
126,2,691.20,442.93,82.58,198.49,-1,-1,-1,-1
127,2,697.31,442.69,83.18,201.52,-1,-1,-1,-1
128,2,698.78,436.13,83.72,201.66,-1,-1,-1,-1
129,2,705.15,436.27,83.59,199.61,-1,-1,-1,-1
130,2,708.34,441.95,80.99,200.77,-1,-1,-1,-1
131,2,713.48,443.20,83.53,199.90,-1,-1,-1,-1
132,2,715.42,445.64,84.09,199.55,-1,-1,-1,-1
133,2,721.83,442.17,83.63,200.05,-1,-1,-1,-1
134,2,728.21,442.05,84.65,199.47,-1,-1,-1,-1
135,2,729.86,436.52,84.79,199.74,-1,-1,-1,-1
136,2,731.64,437.62,83.21,199.94,-1,-1,-1,-1
137,2,737.87,439.28,83.60,197.96,-1,-1,-1,-1
138,2,745.60,439.40,82.02,198.42,-1,-1,-1,-1
139,2,747.54,443.85,83.02,200.32,-1,-1,-1,-1
140,2,753.14,446.46,83.92,198.83,-1,-1,-1,-1
141,2,755.36,433.83,83.10,202.73,-1,-1,-1,-1
142,2,762.32,437.71,82.60,199.47,-1,-1,-1,-1
143,2,763.75,438.92,82.82,198.10,-1,-1,-1,-1
144,2,769.21,435.39,84.92,199.55,-1,-1,-1,-1
145,2,772.37,437.40,82.48,200.54,-1,-1,-1,-1
146,2,777.81,442.86,83.88,197.88,-1,-1,-1,-1
147,2,778.83,433.65,85.90,201.58,-1,-1,-1,-1
148,2,785.24,441.31,85.33,203.05,-1,-1,-1,-1
149,2,793.10,444.39,83.96,200.26,-1,-1,-1,-1
150,2,794.54,436.07,84.55,201.14,-1,-1,-1,-1
151,2,800.34,435.98,84.89,199.34,-1,-1,-1,-1
152,2,803.23,434.83,83.79,199.09,-1,-1,-1,-1
153,2,808.81,436.12,84.53,197.89,-1,-1,-1,-1
154,2,811.44,438.49,83.24,198.01,-1,-1,-1,-1
155,2,817.03,441.90,85.34,199.26,-1,-1,-1,-1
156,2,824.17,437.13,84.50,199.43,-1,-1,-1,-1
157,2,827.08,443.59,82.94,202.57,-1,-1,-1,-1
158,2,833.38,444.38,82.70,200.10,-1,-1,-1,-1
159,2,835.79,437.78,82.23,199.14,-1,-1,-1,-1
160,2,842.20,438.50,81.74,196.81,-1,-1,-1,-1
161,2,843.02,437.96,83.90,198.14,-1,-1,-1,-1
162,2,849.12,434.75,84.60,199.92,-1,-1,-1,-1
163,2,852.79,441.43,81.40,202.82,-1,-1,-1,-1
164,2,857.34,446.34,85.36,198.74,-1,-1,-1,-1
165,2,858.64,441.05,85.66,202.08,-1,-1,-1,-1
166,2,866.07,439.76,82.73,197.48,-1,-1,-1,-1
167,2,872.85,439.53,83.17,197.37,-1,-1,-1,-1
168,2,875.35,444.82,82.59,198.96,-1,-1,-1,-1
169,2,881.57,435.87,83.43,201.72,-1,-1,-1,-1
170,2,884.01,437.01,82.28,198.87,-1,-1,-1,-1
171,2,889.34,438.70,83.57,197.92,-1,-1,-1,-1
172,2,891.38,439.59,83.28,197.23,-1,-1,-1,-1
173,2,899.09,444.76,80.77,200.35,-1,-1,-1,-1
174,2,903.70,433.70,85.74,202.20,-1,-1,-1,-1
175,2,906.41,442.59,83.33,200.67,-1,-1,-1,-1
176,2,912.88,438.50,83.50,200.22,-1,-1,-1,-1
177,2,914.18,434.32,84.58,199.61,-1,-1,-1,-1
178,2,920.88,438.65,83.04,198.29,-1,-1,-1,-1
179,2,921.93,435.71,85.62,199.30,-1,-1,-1,-1
180,2,923.93,441.15,83.57,201.81,-1,-1,-1,-1
181,2,929.31,442.86,86.27,197.59,-1,-1,-1,-1
182,2,937.49,442.04,83.69,199.04,-1,-1,-1,-1
183,2,940.05,438.17,82.37,199.84,-1,-1,-1,-1
184,2,944.80,437.85,85.22,198.86,-1,-1,-1,-1
185,2,947.37,438.44,84.51,198.18,-1,-1,-1,-1
186,2,953.12,443.36,85.44,199.43,-1,-1,-1,-1
187,2,955.98,443.29,83.12,200.23,-1,-1,-1,-1
188,2,961.65,434.62,84.47,200.19,-1,-1,-1,-1
189,2,968.75,442.56,83.10,202.27,-1,-1,-1,-1
190,2,970.04,434.18,84.75,202.28,-1,-1,-1,-1
191,2,975.59,440.46,86.64,203.12,-1,-1,-1,-1
192,2,976.51,437.17,88.94,200.51,-1,-1,-1,-1
193,2,983.09,435.81,88.32,200.33,-1,-1,-1,-1
194,2,984.12,435.89,90.24,199.95,-1,-1,-1,-1
195,2,990.60,441.87,88.85,201.17,-1,-1,-1,-1
196,2,994.01,435.67,87.44,201.45,-1,-1,-1,-1
197,2,1002.35,439.23,82.67,198.57,-1,-1,-1,-1
198,2,1003.38,433.94,84.69,202.11,-1,-1,-1,-1
199,2,1010.93,439.22,82.76,197.90,-1,-1,-1,-1
200,2,1016.55,441.64,84.72,200.11,-1,-1,-1,-1
201,2,1018.34,436.36,85.12,199.94,-1,-1,-1,-1
202,2,1024.44,438.68,84.29,197.84,-1,-1,-1,-1
203,2,1027.32,439.00,82.66,198.67,-1,-1,-1,-1
204,2,1033.65,437.67,82.50,197.99,-1,-1,-1,-1
205,2,1034.98,437.38,84.90,198.00,-1,-1,-1,-1
206,2,1042.25,443.93,83.04,199.25,-1,-1,-1,-1
207,2,1047.91,435.76,85.28,200.93,-1,-1,-1,-1
208,2,1050.89,442.44,82.83,199.54,-1,-1,-1,-1
209,2,1055.88,442.87,85.54,199.53,-1,-1,-1,-1
210,2,1058.32,438.31,83.77,197.14,-1,-1,-1,-1
211,2,1065.28,436.83,83.13,197.79,-1,-1,-1,-1
212,2,1067.26,441.79,83.39,200.79,-1,-1,-1,-1
213,2,1072.01,435.59,85.81,199.77,-1,-1,-1,-1
214,2,1075.17,441.76,84.74,201.36,-1,-1,-1,-1
215,2,1082.15,439.27,82.54,198.00,-1,-1,-1,-1
216,2,1086.05,434.90,88.95,199.62,-1,-1,-1,-1
217,2,1086.64,435.32,90.80,198.39,-1,-1,-1,-1
218,2,1089.30,437.28,88.81,198.73,-1,-1,-1,-1
219,2,1095.51,443.43,88.40,199.98,-1,-1,-1,-1
220,2,1097.02,437.50,89.22,199.98,-1,-1,-1,-1
221,2,1104.81,443.30,87.00,199.53,-1,-1,-1,-1
222,2,1112.65,443.24,85.10,198.88,-1,-1,-1,-1
223,2,1114.37,438.39,84.97,198.56,-1,-1,-1,-1
224,2,1120.41,439.83,84.56,197.31,-1,-1,-1,-1
225,2,1123.89,442.55,82.21,197.95,-1,-1,-1,-1
226,2,1128.83,438.52,85.31,197.41,-1,-1,-1,-1
227,2,1130.46,442.76,85.90,197.97,-1,-1,-1,-1
228,2,1136.85,445.57,84.87,196.04,-1,-1,-1,-1
229,2,1143.73,437.47,85.76,198.78,-1,-1,-1,-1
230,2,1146.18,438.69,84.48,199.15,-1,-1,-1,-1
231,2,1151.93,443.72,85.37,197.88,-1,-1,-1,-1
232,2,1154.88,438.34,83.38,198.56,-1,-1,-1,-1
233,2,1161.02,442.30,83.56,201.07,-1,-1,-1,-1
234,2,1163.13,438.66,84.23,199.29,-1,-1,-1,-1
235,2,1168.07,437.66,85.83,198.50,-1,-1,-1,-1
236,2,1171.54,442.11,84.27,198.59,-1,-1,-1,-1
237,2,1177.21,439.34,84.98,198.53,-1,-1,-1,-1
238,2,1177.58,434.92,88.02,199.64,-1,-1,-1,-1
239,2,1181.82,436.15,91.91,197.48,-1,-1,-1,-1
240,2,1190.87,439.33,87.12,196.82,-1,-1,-1,-1
241,2,1195.00,439.34,83.87,197.33,-1,-1,-1,-1
242,2,1200.14,444.90,85.34,198.58,-1,-1,-1,-1
243,2,1202.64,443.91,84.84,197.80,-1,-1,-1,-1
244,2,1209.07,439.20,84.83,198.70,-1,-1,-1,-1
245,2,1209.66,436.40,86.44,198.97,-1,-1,-1,-1
246,2,1217.08,438.87,84.11,197.07,-1,-1,-1,-1
247,2,1220.30,439.94,82.19,196.52,-1,-1,-1,-1
248,2,1224.55,437.58,86.11,197.21,-1,-1,-1,-1
249,2,1227.51,442.04,84.42,200.10,-1,-1,-1,-1
250,2,1233.92,447.07,83.89,196.63,-1,-1,-1,-1
14,3,-15.36,435.27,83.55,219.23,-1,-1,-1,-1
15,3,-6.91,433.34,79.94,208.36,-1,-1,-1,-1
16,3,-12.34,434.02,86.93,209.19,-1,-1,-1,-1
17,3,-2.36,443.17,82.89,207.25,-1,-1,-1,-1
18,3,-7.95,433.14,91.42,211.16,-1,-1,-1,-1
19,3,1.33,443.92,83.34,208.10,-1,-1,-1,-1
20,3,2.50,433.05,84.29,210.16,-1,-1,-1,-1
21,3,9.86,441.16,82.51,205.58,-1,-1,-1,-1
22,3,11.23,435.14,83.63,206.88,-1,-1,-1,-1
23,3,15.77,435.20,86.38,209.55,-1,-1,-1,-1
24,3,17.18,434.52,88.11,207.85,-1,-1,-1,-1
25,3,24.16,436.29,86.36,203.35,-1,-1,-1,-1
26,3,26.63,435.95,86.73,205.93,-1,-1,-1,-1
27,3,31.94,434.62,87.22,209.43,-1,-1,-1,-1
28,3,39.63,442.16,85.63,209.00,-1,-1,-1,-1
29,3,43.35,440.11,82.85,206.25,-1,-1,-1,-1
30,3,47.91,436.89,85.91,202.86,-1,-1,-1,-1
31,3,51.14,443.06,84.02,204.99,-1,-1,-1,-1
32,3,56.76,443.09,85.28,206.15,-1,-1,-1,-1
33,3,60.18,444.03,83.01,204.87,-1,-1,-1,-1
34,3,65.56,443.17,84.23,210.02,-1,-1,-1,-1
35,3,73.13,444.74,82.50,205.85,-1,-1,-1,-1
36,3,73.26,442.82,86.06,207.86,-1,-1,-1,-1
37,3,79.08,443.66,87.20,208.69,-1,-1,-1,-1
38,3,81.35,445.34,87.40,205.91,-1,-1,-1,-1
39,3,87.36,442.09,87.58,206.86,-1,-1,-1,-1
40,3,89.25,434.64,88.58,206.87,-1,-1,-1,-1
41,3,97.17,442.10,84.44,204.77,-1,-1,-1,-1
42,3,101.14,444.34,81.50,204.50,-1,-1,-1,-1
43,3,105.54,433.33,84.68,209.30,-1,-1,-1,-1
44,3,107.87,443.14,84.20,202.49,-1,-1,-1,-1
45,3,112.86,444.51,85.98,206.50,-1,-1,-1,-1
46,3,120.33,445.64,83.99,204.76,-1,-1,-1,-1
47,3,123.22,444.55,82.63,203.73,-1,-1,-1,-1
48,3,128.39,443.49,83.69,204.25,-1,-1,-1,-1
49,3,131.69,444.14,81.95,203.82,-1,-1,-1,-1
50,3,137.22,444.91,81.85,201.88,-1,-1,-1,-1
51,3,139.78,438.37,82.40,199.99,-1,-1,-1,-1
52,3,145.32,445.13,83.86,204.39,-1,-1,-1,-1
53,3,148.60,446.21,82.58,202.09,-1,-1,-1,-1
54,3,153.62,441.84,83.38,202.61,-1,-1,-1,-1
55,3,156.67,443.65,82.87,202.83,-1,-1,-1,-1
56,3,161.91,444.39,82.15,203.37,-1,-1,-1,-1
57,3,169.07,443.08,82.31,201.46,-1,-1,-1,-1
58,3,171.51,446.26,81.54,199.98,-1,-1,-1,-1
59,3,176.40,443.60,84.18,200.09,-1,-1,-1,-1
60,3,178.57,444.45,84.90,202.66,-1,-1,-1,-1
61,3,184.46,447.68,84.23,200.68,-1,-1,-1,-1
62,3,186.89,436.98,85.61,201.93,-1,-1,-1,-1
63,3,192.67,436.89,84.55,203.44,-1,-1,-1,-1
64,3,200.32,437.41,83.94,202.87,-1,-1,-1,-1
65,3,202.39,445.96,82.71,200.46,-1,-1,-1,-1
66,3,203.74,445.29,83.80,198.46,-1,-1,-1,-1
67,3,208.59,447.28,85.58,200.50,-1,-1,-1,-1
68,3,215.70,438.08,85.77,204.28,-1,-1,-1,-1
69,3,220.62,439.97,81.91,198.00,-1,-1,-1,-1
70,3,224.86,437.50,83.81,200.64,-1,-1,-1,-1
71,3,227.14,440.18,83.57,203.14,-1,-1,-1,-1
72,3,233.39,447.16,82.40,198.51,-1,-1,-1,-1
73,3,235.57,440.30,82.62,196.88,-1,-1,-1,-1
74,3,240.55,444.11,84.67,199.51,-1,-1,-1,-1
75,3,243.08,438.50,86.33,201.56,-1,-1,-1,-1
76,3,249.79,446.57,83.06,199.62,-1,-1,-1,-1
77,3,252.98,446.42,82.14,200.43,-1,-1,-1,-1
78,3,258.26,445.81,82.39,199.72,-1,-1,-1,-1
79,3,261.55,445.93,81.47,200.89,-1,-1,-1,-1
80,3,266.21,445.18,83.81,197.89,-1,-1,-1,-1
81,3,272.50,439.75,83.57,195.37,-1,-1,-1,-1
82,3,274.94,445.75,85.02,200.70,-1,-1,-1,-1
83,3,281.89,451.87,82.37,198.34,-1,-1,-1,-1
84,3,285.54,453.46,80.90,195.47,-1,-1,-1,-1
85,3,289.93,444.56,82.87,201.77,-1,-1,-1,-1
86,3,292.86,444.17,82.44,199.93,-1,-1,-1,-1
87,3,297.99,444.86,83.04,196.24,-1,-1,-1,-1
88,3,300.41,444.54,83.88,201.74,-1,-1,-1,-1
89,3,305.19,439.73,86.28,197.10,-1,-1,-1,-1
90,3,313.42,445.51,82.79,199.14,-1,-1,-1,-1
91,3,315.32,445.77,83.40,197.16,-1,-1,-1,-1
92,3,321.01,443.91,83.78,197.86,-1,-1,-1,-1
93,3,322.91,443.29,85.10,201.55,-1,-1,-1,-1
94,3,330.02,440.02,82.43,198.01,-1,-1,-1,-1
95,3,332.51,446.74,82.72,199.89,-1,-1,-1,-1
96,3,337.17,438.68,84.06,199.05,-1,-1,-1,-1
97,3,345.31,446.28,82.67,200.81,-1,-1,-1,-1
98,3,347.67,449.09,81.37,196.94,-1,-1,-1,-1
99,3,352.75,445.89,83.41,199.13,-1,-1,-1,-1
100,3,355.28,445.81,83.23,200.63,-1,-1,-1,-1
101,3,361.26,452.00,83.12,199.88,-1,-1,-1,-1
102,3,364.55,447.68,82.05,198.36,-1,-1,-1,-1
103,3,368.88,444.66,83.65,198.85,-1,-1,-1,-1
104,3,375.71,438.68,84.68,199.08,-1,-1,-1,-1
105,3,379.51,443.99,81.51,198.78,-1,-1,-1,-1
106,3,381.72,446.13,81.03,201.31,-1,-1,-1,-1
107,3,386.69,437.84,82.94,201.32,-1,-1,-1,-1
108,3,393.06,444.98,83.06,205.19,-1,-1,-1,-1
109,3,394.96,437.84,84.76,200.93,-1,-1,-1,-1
110,3,401.13,446.58,82.63,199.81,-1,-1,-1,-1
111,3,404.28,446.12,82.32,201.15,-1,-1,-1,-1
112,3,409.08,445.57,83.12,197.27,-1,-1,-1,-1
113,3,413.04,439.48,82.37,200.47,-1,-1,-1,-1
114,3,418.33,446.96,82.47,200.39,-1,-1,-1,-1
115,3,419.14,444.18,85.30,204.80,-1,-1,-1,-1
116,3,426.35,447.21,81.25,198.76,-1,-1,-1,-1
117,3,432.12,439.71,84.05,199.70,-1,-1,-1,-1
118,3,435.02,446.37,83.20,202.81,-1,-1,-1,-1
119,3,440.54,444.05,83.65,200.05,-1,-1,-1,-1
120,3,443.05,444.43,83.70,200.46,-1,-1,-1,-1
121,3,448.66,447.09,83.63,202.27,-1,-1,-1,-1
122,3,452.07,444.59,83.22,203.12,-1,-1,-1,-1
123,3,456.96,438.76,84.15,203.35,-1,-1,-1,-1
124,3,460.15,446.72,83.22,200.35,-1,-1,-1,-1
125,3,465.13,447.35,84.69,201.15,-1,-1,-1,-1
126,3,468.91,447.57,82.40,200.00,-1,-1,-1,-1
127,3,474.80,448.07,81.74,198.84,-1,-1,-1,-1
128,3,480.95,444.96,82.30,200.88,-1,-1,-1,-1
129,3,483.32,444.77,82.67,201.56,-1,-1,-1,-1
130,3,488.50,439.04,83.87,204.62,-1,-1,-1,-1
131,3,490.98,439.60,83.74,200.96,-1,-1,-1,-1
132,3,497.10,444.02,83.49,200.15,-1,-1,-1,-1
133,3,499.63,447.28,83.81,200.05,-1,-1,-1,-1
134,3,505.87,444.83,82.15,200.51,-1,-1,-1,-1
135,3,512.34,439.14,83.51,199.51,-1,-1,-1,-1
136,3,515.94,444.94,80.18,202.03,-1,-1,-1,-1
137,3,520.51,438.62,83.84,204.79,-1,-1,-1,-1
138,3,523.76,438.22,82.26,199.88,-1,-1,-1,-1
139,3,528.80,440.43,82.71,197.74,-1,-1,-1,-1
140,3,531.05,446.38,83.65,201.11,-1,-1,-1,-1
141,3,537.53,445.54,81.92,197.58,-1,-1,-1,-1
142,3,540.83,445.48,81.75,198.96,-1,-1,-1,-1
143,3,545.27,444.89,83.01,198.00,-1,-1,-1,-1
144,3,549.09,445.29,81.66,197.61,-1,-1,-1,-1
145,3,553.60,447.17,82.61,197.06,-1,-1,-1,-1
146,3,556.43,440.43,82.58,196.16,-1,-1,-1,-1
147,3,561.90,440.23,83.03,196.32,-1,-1,-1,-1
148,3,568.62,444.65,83.16,198.26,-1,-1,-1,-1
149,3,571.77,444.70,82.19,198.66,-1,-1,-1,-1
150,3,576.43,439.31,83.60,198.56,-1,-1,-1,-1
151,3,579.79,447.41,82.14,199.98,-1,-1,-1,-1
152,3,585.56,446.80,81.23,198.27,-1,-1,-1,-1
153,3,587.47,446.06,83.02,199.32,-1,-1,-1,-1
154,3,593.12,439.13,83.83,197.86,-1,-1,-1,-1
155,3,596.53,446.60,82.84,198.75,-1,-1,-1,-1
156,3,602.12,451.72,82.57,198.86,-1,-1,-1,-1
157,3,609.10,443.44,82.43,201.21,-1,-1,-1,-1
158,3,611.46,444.16,82.01,200.37,-1,-1,-1,-1
159,3,616.34,444.65,83.78,196.93,-1,-1,-1,-1
160,3,619.36,445.04,82.96,198.47,-1,-1,-1,-1
161,3,624.75,445.07,83.39,198.45,-1,-1,-1,-1
162,3,626.91,445.44,84.17,199.99,-1,-1,-1,-1
163,3,632.78,443.97,83.83,197.24,-1,-1,-1,-1
164,3,636.40,438.69,83.64,198.05,-1,-1,-1,-1
165,3,642.03,443.25,83.17,199.69,-1,-1,-1,-1
166,3,643.80,444.19,83.78,198.88,-1,-1,-1,-1
167,3,650.34,443.87,82.17,198.18,-1,-1,-1,-1
168,3,652.78,440.72,82.44,197.26,-1,-1,-1,-1
169,3,657.26,444.07,85.24,201.50,-1,-1,-1,-1
170,3,665.21,445.50,82.20,196.27,-1,-1,-1,-1
171,3,667.95,439.92,83.70,195.21,-1,-1,-1,-1
172,3,674.19,445.56,81.95,198.87,-1,-1,-1,-1
173,3,680.64,438.06,83.58,200.58,-1,-1,-1,-1
174,3,683.24,437.68,83.23,197.21,-1,-1,-1,-1
175,3,684.81,445.96,82.94,200.64,-1,-1,-1,-1
176,3,689.06,447.43,85.28,199.71,-1,-1,-1,-1
177,3,696.33,445.86,83.43,197.69,-1,-1,-1,-1
178,3,698.88,447.41,83.06,199.33,-1,-1,-1,-1
179,3,704.39,444.29,84.13,199.44,-1,-1,-1,-1
180,3,707.06,444.81,83.64,202.55,-1,-1,-1,-1
181,3,713.15,445.63,82.80,198.47,-1,-1,-1,-1
182,3,715.69,439.97,83.42,198.04,-1,-1,-1,-1
183,3,721.20,445.85,83.39,200.34,-1,-1,-1,-1
184,3,728.62,445.79,82.97,195.07,-1,-1,-1,-1
185,3,730.77,444.82,83.08,198.35,-1,-1,-1,-1
186,3,732.20,450.55,83.95,201.22,-1,-1,-1,-1
187,3,738.85,445.42,83.13,200.08,-1,-1,-1,-1
188,3,744.79,439.37,84.11,200.07,-1,-1,-1,-1
189,3,747.39,447.57,83.71,200.27,-1,-1,-1,-1
190,3,752.66,443.90,84.01,199.58,-1,-1,-1,-1
191,3,755.19,446.31,84.26,202.17,-1,-1,-1,-1
192,3,761.26,451.69,83.83,198.20,-1,-1,-1,-1
193,3,763.00,447.10,84.65,198.89,-1,-1,-1,-1
194,3,769.73,446.66,82.71,198.32,-1,-1,-1,-1
195,3,772.09,440.49,83.98,199.58,-1,-1,-1,-1
196,3,778.25,446.16,81.79,199.13,-1,-1,-1,-1
197,3,784.32,438.79,83.14,198.00,-1,-1,-1,-1
198,3,787.25,438.49,82.16,196.82,-1,-1,-1,-1
199,3,793.05,445.07,83.34,197.81,-1,-1,-1,-1
200,3,795.96,439.67,83.20,194.99,-1,-1,-1,-1
201,3,801.30,444.32,83.09,200.32,-1,-1,-1,-1
202,3,802.50,444.52,85.64,198.42,-1,-1,-1,-1
203,3,810.53,439.55,82.30,197.80,-1,-1,-1,-1
204,3,812.98,446.10,81.56,199.99,-1,-1,-1,-1
205,3,817.70,445.55,83.60,197.25,-1,-1,-1,-1
206,3,823.86,440.13,84.35,198.38,-1,-1,-1,-1
207,3,827.63,445.03,82.08,197.88,-1,-1,-1,-1
208,3,833.35,439.60,82.40,197.70,-1,-1,-1,-1
209,3,835.94,446.67,81.62,199.82,-1,-1,-1,-1
210,3,840.34,447.76,83.49,198.03,-1,-1,-1,-1
211,3,843.37,445.97,83.09,199.32,-1,-1,-1,-1
212,3,849.05,451.38,83.98,199.63,-1,-1,-1,-1
213,3,851.34,445.69,84.59,197.76,-1,-1,-1,-1
214,3,857.90,446.25,82.75,197.83,-1,-1,-1,-1
215,3,860.35,451.64,83.47,199.38,-1,-1,-1,-1
216,3,865.14,447.10,83.89,199.04,-1,-1,-1,-1
217,3,872.56,439.71,84.24,196.36,-1,-1,-1,-1
218,3,875.23,444.97,82.30,197.20,-1,-1,-1,-1
219,3,880.42,451.79,83.92,198.17,-1,-1,-1,-1
220,3,883.08,448.13,83.83,197.27,-1,-1,-1,-1
221,3,888.09,444.89,84.80,197.33,-1,-1,-1,-1
222,3,892.97,439.75,82.20,196.57,-1,-1,-1,-1
223,3,897.20,439.50,83.31,197.13,-1,-1,-1,-1
224,3,899.85,444.45,83.62,199.02,-1,-1,-1,-1
225,3,906.52,439.87,82.21,197.78,-1,-1,-1,-1
226,3,909.26,439.43,81.74,195.63,-1,-1,-1,-1
227,3,914.19,444.95,82.54,197.85,-1,-1,-1,-1
228,3,920.71,445.87,82.70,195.36,-1,-1,-1,-1
229,3,922.49,441.70,84.06,195.66,-1,-1,-1,-1
230,3,928.60,445.63,83.25,198.61,-1,-1,-1,-1
231,3,930.94,438.05,84.40,200.12,-1,-1,-1,-1
232,3,937.12,444.89,82.62,198.63,-1,-1,-1,-1
233,3,939.23,447.23,83.59,198.49,-1,-1,-1,-1
234,3,945.16,445.81,84.16,197.08,-1,-1,-1,-1
235,3,947.09,446.19,85.78,196.05,-1,-1,-1,-1
236,3,953.00,444.99,84.67,197.32,-1,-1,-1,-1
237,3,961.17,451.92,82.20,197.76,-1,-1,-1,-1
238,3,962.14,443.04,83.36,199.19,-1,-1,-1,-1
239,3,964.55,440.52,82.75,198.32,-1,-1,-1,-1
240,3,969.26,444.84,84.25,197.97,-1,-1,-1,-1
241,3,976.49,446.62,83.46,199.34,-1,-1,-1,-1
242,3,979.42,440.44,83.62,197.00,-1,-1,-1,-1
243,3,984.28,441.21,84.51,198.29,-1,-1,-1,-1
244,3,987.36,445.72,84.06,200.73,-1,-1,-1,-1
245,3,992.85,440.58,83.81,197.53,-1,-1,-1,-1
246,3,1001.05,440.32,82.38,198.27,-1,-1,-1,-1
247,3,1003.24,445.74,81.56,200.87,-1,-1,-1,-1
248,3,1003.66,446.83,84.66,198.68,-1,-1,-1,-1
249,3,1009.48,444.54,84.78,198.43,-1,-1,-1,-1
250,3,1017.25,451.21,82.59,197.75,-1,-1,-1,-1
59,4,-16.12,433.89,64.12,204.57,-1,-1,-1,-1
60,4,-9.73,440.28,61.07,204.50,-1,-1,-1,-1
61,4,-12.55,431.09,66.42,206.69,-1,-1,-1,-1
62,4,-6.11,436.52,65.43,199.88,-1,-1,-1,-1
63,4,-1.28,427.23,63.73,204.09,-1,-1,-1,-1
64,4,0.58,434.22,67.60,200.17,-1,-1,-1,-1
65,4,-0.13,435.95,73.32,202.91,-1,-1,-1,-1
66,4,2.82,433.49,76.87,204.25,-1,-1,-1,-1
67,4,4.92,440.06,77.41,204.08,-1,-1,-1,-1
68,4,7.31,434.40,76.40,203.68,-1,-1,-1,-1
69,4,11.48,441.41,78.95,204.21,-1,-1,-1,-1
70,4,11.43,442.91,84.78,203.01,-1,-1,-1,-1
71,4,16.48,443.52,85.82,202.27,-1,-1,-1,-1
72,4,20.45,435.33,82.89,204.65,-1,-1,-1,-1
73,4,25.84,442.11,84.22,202.50,-1,-1,-1,-1
74,4,32.74,442.57,82.46,202.49,-1,-1,-1,-1
75,4,34.50,442.84,84.53,201.67,-1,-1,-1,-1
76,4,41.78,435.89,81.44,204.46,-1,-1,-1,-1
77,4,44.61,441.02,82.81,203.98,-1,-1,-1,-1
78,4,50.94,434.33,81.92,204.71,-1,-1,-1,-1
79,4,52.49,433.70,82.65,201.49,-1,-1,-1,-1
80,4,57.96,434.41,83.37,204.23,-1,-1,-1,-1
81,4,60.11,441.10,83.87,204.20,-1,-1,-1,-1
82,4,66.78,442.16,83.01,202.39,-1,-1,-1,-1
83,4,73.70,435.49,82.08,205.21,-1,-1,-1,-1
84,4,76.38,434.84,83.73,204.91,-1,-1,-1,-1
85,4,82.43,434.37,82.58,206.28,-1,-1,-1,-1
86,4,84.39,441.12,82.53,204.16,-1,-1,-1,-1
87,4,90.16,431.43,82.88,208.51,-1,-1,-1,-1
88,4,96.39,433.33,83.42,206.19,-1,-1,-1,-1
89,4,99.43,433.97,82.94,201.63,-1,-1,-1,-1
90,4,104.58,433.64,83.45,206.44,-1,-1,-1,-1
91,4,107.17,434.84,85.12,203.78,-1,-1,-1,-1
92,4,113.53,434.49,83.23,205.96,-1,-1,-1,-1
93,4,116.67,434.96,83.15,202.90,-1,-1,-1,-1
94,4,121.57,442.06,82.70,203.22,-1,-1,-1,-1
95,4,125.87,433.82,80.02,204.97,-1,-1,-1,-1
96,4,130.61,433.32,81.27,201.02,-1,-1,-1,-1
97,4,137.05,435.46,81.83,204.67,-1,-1,-1,-1
98,4,138.68,431.90,83.07,204.88,-1,-1,-1,-1
99,4,145.42,432.66,82.48,205.68,-1,-1,-1,-1
100,4,148.93,433.76,79.77,201.35,-1,-1,-1,-1
101,4,155.69,434.22,77.32,201.90,-1,-1,-1,-1
102,4,158.63,437.15,77.54,200.04,-1,-1,-1,-1
103,4,162.79,436.70,78.77,200.23,-1,-1,-1,-1
104,4,166.40,437.03,78.47,200.53,-1,-1,-1,-1
105,4,171.66,442.74,78.21,201.40,-1,-1,-1,-1
106,4,175.65,437.52,76.31,200.51,-1,-1,-1,-1
107,4,179.95,436.98,78.55,198.22,-1,-1,-1,-1
108,4,182.94,436.42,78.54,200.75,-1,-1,-1,-1
109,4,189.48,436.77,77.46,198.17,-1,-1,-1,-1
110,4,194.90,437.64,78.78,200.65,-1,-1,-1,-1
111,4,197.84,442.94,77.64,198.84,-1,-1,-1,-1
112,4,204.11,434.53,76.63,201.14,-1,-1,-1,-1
113,4,207.20,436.55,76.68,198.99,-1,-1,-1,-1
114,4,212.09,434.61,77.34,199.43,-1,-1,-1,-1
115,4,214.97,430.46,77.53,198.67,-1,-1,-1,-1
116,4,219.80,437.35,78.31,200.00,-1,-1,-1,-1
117,4,222.76,433.48,77.78,201.39,-1,-1,-1,-1
118,4,228.66,435.28,76.60,197.82,-1,-1,-1,-1
119,4,231.12,442.13,78.01,202.24,-1,-1,-1,-1
120,4,238.02,434.89,76.81,202.52,-1,-1,-1,-1
121,4,243.03,435.38,78.84,200.55,-1,-1,-1,-1
122,4,245.82,437.28,78.77,198.87,-1,-1,-1,-1
123,4,251.80,442.22,78.03,201.04,-1,-1,-1,-1
124,4,254.77,433.58,77.10,202.78,-1,-1,-1,-1
125,4,259.00,435.35,79.36,200.22,-1,-1,-1,-1
126,4,261.85,436.93,79.91,200.60,-1,-1,-1,-1
127,4,269.06,435.33,76.77,199.59,-1,-1,-1,-1
128,4,271.84,433.50,76.80,200.19,-1,-1,-1,-1
129,4,277.24,436.85,77.89,200.17,-1,-1,-1,-1
130,4,282.91,436.85,79.06,200.18,-1,-1,-1,-1
131,4,285.77,433.13,78.36,201.87,-1,-1,-1,-1
132,4,291.62,443.56,77.69,199.61,-1,-1,-1,-1
133,4,295.42,437.03,75.15,199.84,-1,-1,-1,-1
134,4,300.27,443.37,77.61,201.33,-1,-1,-1,-1
135,4,304.50,444.48,74.46,198.34,-1,-1,-1,-1
136,4,309.54,443.09,75.07,198.80,-1,-1,-1,-1
137,4,312.19,444.46,75.55,198.86,-1,-1,-1,-1
138,4,316.87,433.54,76.36,204.08,-1,-1,-1,-1
139,4,323.15,436.73,77.58,200.66,-1,-1,-1,-1
140,4,325.65,442.02,76.98,198.95,-1,-1,-1,-1
141,4,333.06,435.36,74.54,200.60,-1,-1,-1,-1
142,4,335.35,437.93,76.61,199.43,-1,-1,-1,-1
143,4,340.19,435.55,76.28,198.96,-1,-1,-1,-1
144,4,344.14,442.02,74.65,200.47,-1,-1,-1,-1
145,4,348.57,436.37,76.72,200.20,-1,-1,-1,-1
146,4,351.50,443.19,76.24,199.11,-1,-1,-1,-1
147,4,357.11,436.89,75.64,199.84,-1,-1,-1,-1
148,4,359.40,437.29,77.11,199.59,-1,-1,-1,-1
149,4,365.72,434.13,76.93,201.11,-1,-1,-1,-1
150,4,371.94,435.57,76.67,199.73,-1,-1,-1,-1
151,4,374.93,435.35,75.53,197.61,-1,-1,-1,-1
152,4,380.03,437.50,77.11,199.40,-1,-1,-1,-1
153,4,382.89,437.47,77.19,197.94,-1,-1,-1,-1
154,4,387.24,437.60,78.75,199.07,-1,-1,-1,-1
155,4,390.61,437.63,77.89,199.10,-1,-1,-1,-1
156,4,397.21,443.29,75.11,200.68,-1,-1,-1,-1
157,4,400.88,445.16,74.31,197.69,-1,-1,-1,-1
158,4,406.02,445.11,74.39,198.82,-1,-1,-1,-1
159,4,407.52,444.95,77.21,197.76,-1,-1,-1,-1
160,4,413.53,437.18,75.87,200.24,-1,-1,-1,-1
161,4,415.55,444.64,77.36,198.81,-1,-1,-1,-1
162,4,422.94,442.59,75.41,199.69,-1,-1,-1,-1
163,4,429.08,436.49,74.82,199.52,-1,-1,-1,-1
164,4,431.87,443.37,76.04,201.20,-1,-1,-1,-1
165,4,437.42,443.57,75.11,199.52,-1,-1,-1,-1
166,4,439.85,438.04,76.44,198.96,-1,-1,-1,-1
167,4,445.35,437.22,77.26,199.10,-1,-1,-1,-1
168,4,450.28,437.18,79.29,200.54,-1,-1,-1,-1
169,4,453.90,441.73,77.34,199.73,-1,-1,-1,-1
170,4,460.40,443.65,75.57,200.65,-1,-1,-1,-1
171,4,463.24,437.58,75.98,199.84,-1,-1,-1,-1
172,4,468.03,435.36,77.19,198.76,-1,-1,-1,-1
173,4,470.40,435.34,77.26,199.43,-1,-1,-1,-1
174,4,475.78,443.22,77.32,200.34,-1,-1,-1,-1
175,4,479.45,444.40,76.89,198.90,-1,-1,-1,-1
176,4,483.24,444.48,78.36,198.99,-1,-1,-1,-1
177,4,488.71,435.08,74.69,201.81,-1,-1,-1,-1
178,4,493.74,434.98,77.73,197.71,-1,-1,-1,-1
179,4,499.62,437.32,76.85,199.57,-1,-1,-1,-1
180,4,502.19,437.42,78.16,198.91,-1,-1,-1,-1
181,4,508.43,435.35,75.32,198.98,-1,-1,-1,-1
182,4,511.78,438.76,76.19,197.12,-1,-1,-1,-1
183,4,515.50,444.89,77.66,198.87,-1,-1,-1,-1
184,4,520.35,439.15,74.17,197.10,-1,-1,-1,-1
185,4,525.56,433.94,75.10,202.11,-1,-1,-1,-1
186,4,527.71,434.68,77.10,199.84,-1,-1,-1,-1
187,4,533.31,436.27,76.58,197.03,-1,-1,-1,-1
188,4,535.35,444.14,77.48,198.46,-1,-1,-1,-1
189,4,541.61,445.23,76.61,197.50,-1,-1,-1,-1
190,4,544.90,434.29,74.81,203.11,-1,-1,-1,-1
191,4,550.29,434.60,75.39,198.63,-1,-1,-1,-1
192,4,555.90,436.02,76.89,200.22,-1,-1,-1,-1
193,4,559.15,444.15,77.15,199.71,-1,-1,-1,-1
194,4,565.46,442.28,75.22,200.80,-1,-1,-1,-1
195,4,568.52,445.23,74.57,198.14,-1,-1,-1,-1
196,4,572.62,433.87,77.28,205.42,-1,-1,-1,-1
197,4,579.69,441.77,77.02,201.44,-1,-1,-1,-1
198,4,582.12,436.17,76.32,199.99,-1,-1,-1,-1
199,4,588.49,435.10,76.06,199.41,-1,-1,-1,-1
200,4,591.21,435.96,77.05,198.49,-1,-1,-1,-1
201,4,595.49,436.13,78.09,198.56,-1,-1,-1,-1
202,4,598.74,436.56,77.06,198.97,-1,-1,-1,-1
203,4,604.84,441.40,75.43,202.89,-1,-1,-1,-1
204,4,608.03,434.32,74.84,202.92,-1,-1,-1,-1
205,4,612.51,442.38,77.04,201.05,-1,-1,-1,-1
206,4,615.31,434.23,76.15,202.71,-1,-1,-1,-1
207,4,621.84,442.65,75.01,200.56,-1,-1,-1,-1
208,4,624.26,444.94,75.30,198.32,-1,-1,-1,-1
209,4,629.87,443.56,76.73,200.53,-1,-1,-1,-1
210,4,636.04,442.04,77.29,201.64,-1,-1,-1,-1
211,4,639.51,443.18,76.08,200.40,-1,-1,-1,-1
212,4,643.51,434.28,77.66,203.61,-1,-1,-1,-1
213,4,646.91,436.63,77.32,200.44,-1,-1,-1,-1
214,4,652.59,443.76,76.68,200.24,-1,-1,-1,-1
215,4,656.56,441.22,74.83,201.98,-1,-1,-1,-1
216,4,661.48,442.69,75.46,200.37,-1,-1,-1,-1
217,4,667.43,438.70,76.93,198.33,-1,-1,-1,-1
218,4,669.36,436.86,78.38,199.47,-1,-1,-1,-1
219,4,671.82,443.27,76.74,200.65,-1,-1,-1,-1
220,4,678.17,437.37,76.08,200.32,-1,-1,-1,-1
221,4,684.78,435.98,76.01,198.76,-1,-1,-1,-1
222,4,688.08,445.03,74.84,196.48,-1,-1,-1,-1
223,4,693.34,435.00,74.66,203.69,-1,-1,-1,-1
224,4,696.00,437.78,75.55,198.75,-1,-1,-1,-1
225,4,700.67,435.73,77.02,199.92,-1,-1,-1,-1
226,4,704.60,443.40,75.57,198.78,-1,-1,-1,-1
227,4,708.56,437.28,77.30,198.92,-1,-1,-1,-1
228,4,711.35,437.74,77.58,199.39,-1,-1,-1,-1
229,4,718.02,439.27,77.34,196.75,-1,-1,-1,-1
230,4,723.70,438.76,76.91,198.41,-1,-1,-1,-1
231,4,726.23,438.88,76.79,198.06,-1,-1,-1,-1
232,4,731.71,441.70,77.30,202.44,-1,-1,-1,-1
233,4,736.26,443.61,74.66,198.56,-1,-1,-1,-1
234,4,740.69,434.39,75.82,201.47,-1,-1,-1,-1
235,4,743.71,443.19,75.51,200.56,-1,-1,-1,-1
236,4,748.85,435.68,75.29,202.21,-1,-1,-1,-1
237,4,751.86,437.15,76.54,200.46,-1,-1,-1,-1
238,4,756.46,444.28,77.47,200.89,-1,-1,-1,-1
239,4,759.42,443.96,77.23,199.88,-1,-1,-1,-1
240,4,765.67,434.05,76.56,204.52,-1,-1,-1,-1
241,4,768.04,441.41,76.27,202.05,-1,-1,-1,-1
242,4,773.35,437.72,77.32,198.15,-1,-1,-1,-1
243,4,779.67,435.62,78.21,198.78,-1,-1,-1,-1
244,4,782.73,436.78,77.75,201.31,-1,-1,-1,-1
245,4,787.12,437.88,78.51,198.00,-1,-1,-1,-1
246,4,791.18,442.24,76.09,200.79,-1,-1,-1,-1
247,4,796.48,443.32,77.92,199.84,-1,-1,-1,-1
248,4,800.33,443.04,74.97,200.69,-1,-1,-1,-1
249,4,805.64,442.97,75.42,198.54,-1,-1,-1,-1
250,4,811.84,435.73,76.58,200.69,-1,-1,-1,-1
111,5,-28.57,442.63,68.94,198.99,-1,-1,-1,-1
112,5,-28.75,433.80,71.40,203.08,-1,-1,-1,-1
113,5,-26.69,435.97,70.64,202.85,-1,-1,-1,-1
114,5,-23.40,436.98,68.92,197.08,-1,-1,-1,-1
115,5,-21.42,435.19,72.57,201.13,-1,-1,-1,-1
116,5,-11.47,435.53,67.61,202.27,-1,-1,-1,-1
117,5,-2.14,434.46,68.72,201.57,-1,-1,-1,-1
118,5,-3.39,427.77,76.33,203.41,-1,-1,-1,-1
119,5,4.24,434.27,75.78,204.12,-1,-1,-1,-1
120,5,11.23,434.19,76.72,204.10,-1,-1,-1,-1
121,5,14.38,434.19,75.30,202.99,-1,-1,-1,-1
122,5,20.47,434.29,75.81,203.39,-1,-1,-1,-1
123,5,22.93,436.40,75.63,203.06,-1,-1,-1,-1
124,5,28.55,434.71,76.18,204.07,-1,-1,-1,-1
125,5,33.10,436.90,72.61,198.73,-1,-1,-1,-1
126,5,37.65,443.03,73.71,198.63,-1,-1,-1,-1
127,5,39.14,438.00,76.28,199.95,-1,-1,-1,-1
128,5,45.49,436.26,75.35,200.43,-1,-1,-1,-1
129,5,53.50,435.44,72.35,198.17,-1,-1,-1,-1
130,5,55.54,437.00,73.64,200.47,-1,-1,-1,-1
131,5,60.06,428.99,76.76,202.01,-1,-1,-1,-1
132,5,63.56,435.85,76.15,198.50,-1,-1,-1,-1
133,5,69.89,437.29,73.06,201.20,-1,-1,-1,-1
134,5,72.68,436.57,73.59,201.71,-1,-1,-1,-1
135,5,78.25,436.97,74.81,199.58,-1,-1,-1,-1
136,5,81.33,443.01,73.29,198.15,-1,-1,-1,-1
137,5,87.05,441.81,73.13,200.60,-1,-1,-1,-1
138,5,93.82,442.91,72.67,198.60,-1,-1,-1,-1
139,5,96.58,436.32,73.98,199.03,-1,-1,-1,-1
140,5,102.19,442.40,71.68,199.06,-1,-1,-1,-1
141,5,107.26,444.12,68.73,197.04,-1,-1,-1,-1
142,5,111.70,435.32,70.68,199.28,-1,-1,-1,-1
143,5,115.59,436.45,68.68,197.08,-1,-1,-1,-1
144,5,119.86,434.77,70.71,198.91,-1,-1,-1,-1
145,5,123.01,442.96,70.23,196.14,-1,-1,-1,-1
146,5,128.87,435.54,70.50,199.38,-1,-1,-1,-1
147,5,135.40,435.59,68.49,196.72,-1,-1,-1,-1
148,5,137.06,442.25,70.07,199.63,-1,-1,-1,-1
149,5,143.16,435.95,69.72,203.93,-1,-1,-1,-1
150,5,146.93,430.98,68.80,198.02,-1,-1,-1,-1
151,5,152.27,442.06,66.30,202.27,-1,-1,-1,-1
152,5,153.18,435.48,71.28,195.85,-1,-1,-1,-1
153,5,158.90,442.15,70.13,200.40,-1,-1,-1,-1
154,5,163.83,444.83,67.58,194.82,-1,-1,-1,-1
155,5,169.31,429.44,68.20,200.03,-1,-1,-1,-1
156,5,171.61,436.53,68.39,194.19,-1,-1,-1,-1
157,5,176.47,434.92,69.54,197.49,-1,-1,-1,-1
158,5,179.16,430.25,70.30,199.22,-1,-1,-1,-1
159,5,184.51,434.73,70.97,199.92,-1,-1,-1,-1
160,5,190.50,442.52,70.61,201.23,-1,-1,-1,-1
161,5,194.35,443.97,69.27,196.56,-1,-1,-1,-1
162,5,199.76,436.23,69.53,195.49,-1,-1,-1,-1
163,5,202.89,438.35,69.07,197.22,-1,-1,-1,-1
164,5,208.46,437.01,68.70,198.95,-1,-1,-1,-1
165,5,211.37,439.02,68.00,196.80,-1,-1,-1,-1
166,5,216.82,437.10,67.69,200.56,-1,-1,-1,-1
167,5,223.64,443.74,68.10,200.34,-1,-1,-1,-1
168,5,227.81,431.93,66.89,195.93,-1,-1,-1,-1
169,5,231.55,436.39,68.87,203.37,-1,-1,-1,-1
170,5,233.64,436.00,70.55,196.25,-1,-1,-1,-1
171,5,239.35,437.73,69.23,198.51,-1,-1,-1,-1
172,5,241.31,436.18,71.58,195.11,-1,-1,-1,-1
173,5,247.62,434.82,70.58,197.18,-1,-1,-1,-1
174,5,250.14,436.14,70.78,199.40,-1,-1,-1,-1
175,5,255.76,442.87,70.43,199.03,-1,-1,-1,-1
176,5,263.83,429.84,67.16,200.63,-1,-1,-1,-1
177,5,265.79,436.00,68.77,195.92,-1,-1,-1,-1
178,5,270.12,435.49,70.80,198.74,-1,-1,-1,-1
179,5,273.62,435.90,69.71,196.55,-1,-1,-1,-1
180,5,279.81,437.25,67.33,201.07,-1,-1,-1,-1
181,5,282.21,435.66,68.92,197.01,-1,-1,-1,-1
182,5,287.79,437.29,69.82,202.39,-1,-1,-1,-1
183,5,292.41,439.12,66.53,196.88,-1,-1,-1,-1
184,5,296.28,435.69,68.83,196.64,-1,-1,-1,-1
185,5,299.83,437.33,68.26,196.41,-1,-1,-1,-1
186,5,305.43,436.20,67.21,196.61,-1,-1,-1,-1
187,5,308.47,442.21,67.74,198.73,-1,-1,-1,-1
188,5,312.41,429.89,70.76,200.56,-1,-1,-1,-1
189,5,315.50,437.07,69.54,201.99,-1,-1,-1,-1
190,5,321.57,443.24,69.08,197.47,-1,-1,-1,-1
191,5,327.54,436.80,68.99,200.16,-1,-1,-1,-1
192,5,331.22,435.98,68.27,198.85,-1,-1,-1,-1
193,5,335.01,436.84,70.11,202.72,-1,-1,-1,-1
194,5,340.09,437.63,67.58,198.40,-1,-1,-1,-1
195,5,343.19,429.06,72.08,202.07,-1,-1,-1,-1
196,5,345.28,436.21,72.90,201.29,-1,-1,-1,-1
197,5,351.83,437.03,71.78,200.01,-1,-1,-1,-1
198,5,360.17,436.83,65.99,199.31,-1,-1,-1,-1
199,5,364.79,431.20,63.83,198.14,-1,-1,-1,-1
200,5,367.51,437.28,68.38,199.69,-1,-1,-1,-1
201,5,369.98,437.68,68.56,198.27,-1,-1,-1,-1
202,5,376.52,435.74,67.91,200.71,-1,-1,-1,-1
203,5,378.61,435.04,69.95,196.78,-1,-1,-1,-1
204,5,383.85,437.09,70.20,202.61,-1,-1,-1,-1
205,5,387.69,443.82,68.58,197.47,-1,-1,-1,-1
206,5,392.37,437.58,68.58,201.40,-1,-1,-1,-1
207,5,398.94,437.33,69.34,201.57,-1,-1,-1,-1
208,5,401.94,442.37,69.26,200.68,-1,-1,-1,-1
209,5,407.71,442.54,68.21,199.01,-1,-1,-1,-1
210,5,408.99,442.94,71.30,197.45,-1,-1,-1,-1
211,5,414.30,437.77,72.09,201.49,-1,-1,-1,-1
212,5,416.94,441.81,74.11,202.16,-1,-1,-1,-1
213,5,423.32,443.28,71.99,200.33,-1,-1,-1,-1
214,5,426.84,439.25,70.12,197.97,-1,-1,-1,-1
215,5,432.20,437.42,70.26,201.00,-1,-1,-1,-1
216,5,435.76,442.31,68.22,199.60,-1,-1,-1,-1
217,5,439.90,437.24,71.37,200.05,-1,-1,-1,-1
218,5,446.28,435.45,70.54,197.96,-1,-1,-1,-1
219,5,450.09,442.34,69.10,200.16,-1,-1,-1,-1
220,5,453.91,436.78,71.40,201.32,-1,-1,-1,-1
221,5,457.53,436.00,68.96,197.98,-1,-1,-1,-1
222,5,462.65,437.23,71.85,201.14,-1,-1,-1,-1
223,5,466.70,435.25,69.44,196.44,-1,-1,-1,-1
224,5,471.40,440.75,70.14,202.10,-1,-1,-1,-1
225,5,474.78,442.53,70.85,197.79,-1,-1,-1,-1
226,5,479.92,435.68,71.82,198.33,-1,-1,-1,-1
227,5,483.66,442.83,68.93,198.74,-1,-1,-1,-1
228,5,490.03,444.56,68.18,196.38,-1,-1,-1,-1
229,5,493.94,443.93,71.99,198.85,-1,-1,-1,-1
230,5,496.49,443.42,72.61,196.85,-1,-1,-1,-1
231,5,502.01,437.32,72.47,199.10,-1,-1,-1,-1
232,5,505.28,435.75,73.45,200.69,-1,-1,-1,-1
233,5,511.32,435.61,73.81,199.36,-1,-1,-1,-1
234,5,513.83,437.47,73.38,199.90,-1,-1,-1,-1
235,5,518.18,434.86,74.52,198.23,-1,-1,-1,-1
236,5,521.18,430.99,74.56,198.37,-1,-1,-1,-1
237,5,526.85,435.76,72.69,199.62,-1,-1,-1,-1
238,5,529.33,435.39,73.98,197.27,-1,-1,-1,-1
239,5,537.06,434.25,70.63,199.45,-1,-1,-1,-1
240,5,543.69,442.28,69.32,200.53,-1,-1,-1,-1
241,5,546.73,436.79,69.77,198.09,-1,-1,-1,-1
242,5,552.64,437.11,67.30,199.53,-1,-1,-1,-1
243,5,554.18,435.75,70.51,195.91,-1,-1,-1,-1
244,5,559.50,441.85,71.17,201.34,-1,-1,-1,-1
245,5,562.89,434.47,69.94,198.30,-1,-1,-1,-1
246,5,567.54,440.67,70.00,202.06,-1,-1,-1,-1
247,5,572.37,437.36,74.80,201.74,-1,-1,-1,-1
248,5,576.20,437.26,73.50,199.33,-1,-1,-1,-1
249,5,582.70,429.60,71.12,201.25,-1,-1,-1,-1
250,5,586.58,436.59,69.60,197.40,-1,-1,-1,-1
