1,1,569.30,161.30,71.57,203.58,-1,-1,-1,-1
2,1,576.57,152.07,72.23,206.27,-1,-1,-1,-1
3,1,588.65,168.32,76.63,206.30,-1,-1,-1,-1
4,1,597.82,161.21,79.34,210.72,-1,-1,-1,-1
5,1,612.06,181.07,78.85,208.54,-1,-1,-1,-1
6,1,619.42,184.48,84.44,209.01,-1,-1,-1,-1
7,1,634.08,192.70,84.43,206.47,-1,-1,-1,-1
8,1,649.76,200.11,81.11,209.60,-1,-1,-1,-1
9,1,658.18,207.60,86.96,207.40,-1,-1,-1,-1
10,1,673.13,215.69,84.48,207.23,-1,-1,-1,-1
11,1,690.13,234.86,81.01,204.88,-1,-1,-1,-1
12,1,700.51,249.32,83.00,204.43,-1,-1,-1,-1
13,1,715.56,256.82,82.81,204.82,-1,-1,-1,-1
14,1,731.15,264.67,81.09,201.90,-1,-1,-1,-1
15,1,746.90,275.05,80.02,205.65,-1,-1,-1,-1
16,1,761.03,282.80,83.19,204.24,-1,-1,-1,-1
17,1,773.64,307.12,79.37,202.12,-1,-1,-1,-1
18,1,788.61,320.85,80.29,203.21,-1,-1,-1,-1
19,1,802.21,329.81,83.54,203.79,-1,-1,-1,-1
20,1,822.75,352.79,75.94,202.48,-1,-1,-1,-1
21,1,836.33,352.97,79.21,209.85,-1,-1,-1,-1
22,1,855.06,375.85,73.96,205.42,-1,-1,-1,-1
23,1,869.93,386.66,73.22,206.37,-1,-1,-1,-1
24,1,885.61,401.11,74.03,203.86,-1,-1,-1,-1
25,1,902.57,418.58,71.82,199.48,-1,-1,-1,-1
26,1,918.91,435.06,70.22,198.97,-1,-1,-1,-1
27,1,936.14,458.81,67.69,198.47,-1,-1,-1,-1
28,1,944.35,466.94,73.53,197.67,-1,-1,-1,-1
29,1,960.99,475.31,72.08,198.41,-1,-1,-1,-1
30,1,976.43,494.38,70.45,196.49,-1,-1,-1,-1
31,1,994.26,516.86,68.06,198.90,-1,-1,-1,-1
32,1,1007.71,526.92,70.57,195.16,-1,-1,-1,-1
33,1,1024.16,542.46,69.03,198.97,-1,-1,-1,-1
34,1,1035.03,552.93,69.86,194.50,-1,-1,-1,-1
35,1,1049.93,563.43,70.19,197.23,-1,-1,-1,-1
36,1,1066.60,580.58,69.04,202.13,-1,-1,-1,-1
37,1,1080.46,593.42,71.59,200.35,-1,-1,-1,-1
38,1,1096.01,609.49,71.02,202.38,-1,-1,-1,-1
39,1,1109.98,618.44,74.39,200.73,-1,-1,-1,-1
40,1,1124.86,634.10,75.10,202.67,-1,-1,-1,-1
41,1,1134.61,637.31,77.61,201.10,-1,-1,-1,-1
42,1,1150.93,649.22,73.89,201.45,-1,-1,-1,-1
43,1,1160.02,661.21,75.83,199.73,-1,-1,-1,-1
44,1,1174.20,667.96,77.39,203.46,-1,-1,-1,-1
45,1,1189.35,676.37,77.50,203.31,-1,-1,-1,-1
46,1,1204.69,682.93,76.87,205.52,-1,-1,-1,-1
47,1,1214.12,698.52,77.71,204.84,-1,-1,-1,-1
48,1,1228.26,696.17,78.87,207.12,-1,-1,-1,-1
49,1,1245.45,714.38,74.93,204.94,-1,-1,-1,-1
50,1,1254.25,713.87,76.88,204.52,-1,-1,-1,-1
51,1,1268.10,721.42,77.72,203.93,-1,-1,-1,-1
52,1,1277.58,728.67,79.30,204.90,-1,-1,-1,-1
53,1,1290.88,724.83,79.18,203.02,-1,-1,-1,-1
54,1,1302.05,729.70,78.78,204.74,-1,-1,-1,-1
55,1,1315.06,736.28,79.21,203.88,-1,-1,-1,-1
56,1,1325.57,737.11,76.63,203.50,-1,-1,-1,-1
57,1,1334.46,739.73,76.29,203.98,-1,-1,-1,-1
58,1,1348.12,737.33,77.26,203.48,-1,-1,-1,-1
59,1,1357.56,740.59,75.38,203.30,-1,-1,-1,-1
60,1,1366.17,728.54,76.16,203.46,-1,-1,-1,-1
61,1,1374.09,729.13,79.24,203.96,-1,-1,-1,-1
62,1,1388.04,730.67,76.87,206.87,-1,-1,-1,-1
63,1,1397.16,722.61,76.06,207.25,-1,-1,-1,-1
64,1,1405.80,714.40,75.03,202.09,-1,-1,-1,-1
65,1,1413.19,706.60,76.98,204.20,-1,-1,-1,-1
66,1,1421.80,704.29,75.66,204.32,-1,-1,-1,-1
67,1,1431.28,690.99,73.05,205.49,-1,-1,-1,-1
68,1,1437.81,696.52,75.42,203.71,-1,-1,-1,-1
69,1,1445.13,688.76,76.12,203.40,-1,-1,-1,-1
70,1,1453.64,671.51,75.46,204.76,-1,-1,-1,-1
71,1,1460.55,671.79,77.48,203.34,-1,-1,-1,-1
72,1,1467.89,664.66,77.02,201.99,-1,-1,-1,-1
73,1,1472.52,650.53,74.48,198.46,-1,-1,-1,-1
74,1,1476.78,641.24,78.53,202.65,-1,-1,-1,-1
75,1,1485.74,620.79,73.51,197.38,-1,-1,-1,-1
76,1,1489.47,609.81,72.18,200.61,-1,-1,-1,-1
77,1,1494.09,593.48,74.89,202.38,-1,-1,-1,-1
78,1,1499.86,587.19,76.46,202.65,-1,-1,-1,-1
79,1,1502.69,578.99,75.12,197.69,-1,-1,-1,-1
80,1,1506.48,564.03,70.73,196.87,-1,-1,-1,-1
81,1,1512.69,543.75,66.81,196.58,-1,-1,-1,-1
82,1,1514.21,533.44,67.33,195.29,-1,-1,-1,-1
83,1,1514.99,523.87,67.99,194.32,-1,-1,-1,-1
84,1,1515.80,509.34,68.48,192.43,-1,-1,-1,-1
85,1,1519.90,494.14,69.13,192.90,-1,-1,-1,-1
86,1,1521.78,469.30,67.93,195.11,-1,-1,-1,-1
87,1,1520.81,451.02,69.39,198.38,-1,-1,-1,-1
88,1,1521.82,436.94,67.61,196.07,-1,-1,-1,-1
89,1,1522.17,429.15,67.00,193.32,-1,-1,-1,-1
90,1,1520.29,406.05,69.09,199.55,-1,-1,-1,-1
91,1,1519.25,396.74,70.75,203.11,-1,-1,-1,-1
92,1,1517.80,372.55,72.11,198.70,-1,-1,-1,-1
93,1,1511.24,362.76,76.42,198.92,-1,-1,-1,-1
94,1,1510.00,356.03,77.25,198.89,-1,-1,-1,-1
95,1,1509.12,334.51,77.59,199.42,-1,-1,-1,-1
96,1,1502.60,314.51,79.31,199.51,-1,-1,-1,-1
97,1,1501.44,315.22,78.12,196.69,-1,-1,-1,-1
98,1,1498.63,290.89,79.77,204.56,-1,-1,-1,-1
99,1,1490.99,275.94,84.18,204.47,-1,-1,-1,-1
100,1,1489.21,265.64,84.09,202.57,-1,-1,-1,-1
101,1,1483.27,265.77,82.51,200.43,-1,-1,-1,-1
102,1,1478.29,242.00,78.49,204.31,-1,-1,-1,-1
103,1,1474.37,231.55,82.53,207.43,-1,-1,-1,-1
104,1,1467.91,216.57,83.22,209.48,-1,-1,-1,-1
105,1,1460.66,215.63,82.06,205.81,-1,-1,-1,-1
106,1,1458.23,200.61,80.90,207.80,-1,-1,-1,-1
107,1,1450.95,200.96,82.49,204.98,-1,-1,-1,-1
108,1,1445.91,183.72,78.18,211.05,-1,-1,-1,-1
109,1,1436.27,182.34,81.09,206.14,-1,-1,-1,-1
110,1,1428.01,176.60,82.31,205.17,-1,-1,-1,-1
111,1,1421.22,151.86,79.43,212.95,-1,-1,-1,-1
112,1,1412.60,160.75,81.99,204.42,-1,-1,-1,-1
113,1,1402.97,149.43,83.80,207.63,-1,-1,-1,-1
114,1,1395.07,144.22,82.47,205.41,-1,-1,-1,-1
115,1,1386.04,145.05,82.92,204.32,-1,-1,-1,-1
116,1,1376.83,154.35,84.17,198.80,-1,-1,-1,-1
117,1,1368.53,134.19,85.00,208.71,-1,-1,-1,-1
118,1,1362.13,134.63,82.11,207.47,-1,-1,-1,-1
119,1,1350.00,129.06,77.61,207.03,-1,-1,-1,-1
120,1,1339.33,127.09,80.36,211.25,-1,-1,-1,-1
121,1,1328.17,133.91,84.49,210.21,-1,-1,-1,-1
122,1,1316.53,135.34,80.96,204.86,-1,-1,-1,-1
123,1,1303.10,139.64,87.34,214.29,-1,-1,-1,-1
124,1,1288.92,148.22,87.22,212.36,-1,-1,-1,-1
125,1,1277.70,151.24,91.07,209.04,-1,-1,-1,-1
126,1,1264.55,150.96,88.95,209.00,-1,-1,-1,-1
127,1,1252.88,150.84,91.69,210.32,-1,-1,-1,-1
128,1,1240.16,159.51,88.38,208.58,-1,-1,-1,-1
129,1,1225.59,161.37,87.10,208.11,-1,-1,-1,-1
130,1,1216.00,185.84,85.55,202.54,-1,-1,-1,-1
131,1,1200.49,193.71,87.39,199.89,-1,-1,-1,-1
132,1,1187.90,197.13,82.26,200.35,-1,-1,-1,-1
133,1,1175.62,208.22,87.03,203.90,-1,-1,-1,-1
134,1,1161.23,219.35,85.48,196.88,-1,-1,-1,-1
135,1,1146.40,233.12,82.24,202.79,-1,-1,-1,-1
136,1,1130.34,243.26,84.68,198.76,-1,-1,-1,-1
137,1,1119.74,258.84,85.99,198.98,-1,-1,-1,-1
138,1,1104.08,261.70,88.05,198.81,-1,-1,-1,-1
139,1,1088.25,267.50,88.31,202.46,-1,-1,-1,-1
140,1,1071.37,275.84,89.96,201.81,-1,-1,-1,-1
141,1,1060.12,308.33,77.94,198.71,-1,-1,-1,-1
142,1,1043.19,309.18,83.10,200.92,-1,-1,-1,-1
143,1,1030.32,329.31,76.34,202.23,-1,-1,-1,-1
144,1,1018.67,338.59,80.88,200.07,-1,-1,-1,-1
145,1,1003.38,344.91,81.07,206.01,-1,-1,-1,-1
146,1,989.76,365.97,76.46,212.95,-1,-1,-1,-1
147,1,974.06,386.25,75.40,200.80,-1,-1,-1,-1
148,1,959.05,394.27,75.44,203.78,-1,-1,-1,-1
149,1,941.50,399.48,77.61,212.08,-1,-1,-1,-1
150,1,930.34,434.59,68.48,199.49,-1,-1,-1,-1
151,1,917.10,443.46,74.13,203.68,-1,-1,-1,-1
152,1,902.11,453.29,74.14,199.41,-1,-1,-1,-1
153,1,884.73,470.75,75.21,209.78,-1,-1,-1,-1
154,1,872.41,502.98,68.06,192.91,-1,-1,-1,-1
155,1,855.65,513.64,71.95,191.11,-1,-1,-1,-1
156,1,840.89,522.00,70.45,191.42,-1,-1,-1,-1
157,1,825.62,533.76,69.33,195.57,-1,-1,-1,-1
158,1,811.30,542.20,68.10,197.96,-1,-1,-1,-1
159,1,799.75,560.01,71.06,208.93,-1,-1,-1,-1
160,1,783.09,580.09,71.60,196.53,-1,-1,-1,-1
161,1,767.33,588.56,72.47,201.17,-1,-1,-1,-1
162,1,749.36,600.78,76.83,201.66,-1,-1,-1,-1
163,1,734.60,610.78,76.97,201.94,-1,-1,-1,-1
164,1,723.06,619.84,78.93,198.78,-1,-1,-1,-1
165,1,709.63,631.39,75.23,208.57,-1,-1,-1,-1
166,1,692.43,648.87,78.09,208.58,-1,-1,-1,-1
167,1,677.31,658.73,79.15,205.72,-1,-1,-1,-1
168,1,665.75,673.10,82.05,205.09,-1,-1,-1,-1
169,1,653.30,678.17,77.56,199.49,-1,-1,-1,-1
170,1,642.51,682.29,79.84,201.65,-1,-1,-1,-1
171,1,629.94,683.22,76.29,204.76,-1,-1,-1,-1
172,1,615.01,698.31,71.17,202.54,-1,-1,-1,-1
173,1,601.37,700.42,66.79,203.04,-1,-1,-1,-1
174,1,589.97,710.25,74.04,198.22,-1,-1,-1,-1
175,1,574.72,723.09,74.68,204.38,-1,-1,-1,-1
176,1,564.33,726.18,77.92,198.92,-1,-1,-1,-1
177,1,551.06,732.62,73.54,195.56,-1,-1,-1,-1
178,1,541.40,740.25,74.66,200.19,-1,-1,-1,-1
179,1,527.99,732.99,73.39,200.85,-1,-1,-1,-1
180,1,516.64,739.75,76.91,196.82,-1,-1,-1,-1
181,1,507.00,739.19,79.03,200.08,-1,-1,-1,-1
182,1,495.53,731.43,73.92,200.16,-1,-1,-1,-1
183,1,484.36,731.59,76.83,201.69,-1,-1,-1,-1
184,1,472.00,728.92,74.36,202.30,-1,-1,-1,-1
185,1,461.35,738.79,77.08,200.07,-1,-1,-1,-1
186,1,454.37,725.44,73.13,200.41,-1,-1,-1,-1
187,1,443.79,728.04,78.96,204.20,-1,-1,-1,-1
188,1,433.92,724.84,81.67,201.03,-1,-1,-1,-1
189,1,426.63,708.55,79.62,201.85,-1,-1,-1,-1
190,1,416.50,711.00,73.51,196.94,-1,-1,-1,-1
191,1,408.35,699.71,74.14,202.97,-1,-1,-1,-1
192,1,399.01,692.43,76.89,201.49,-1,-1,-1,-1
193,1,391.12,691.39,76.60,200.49,-1,-1,-1,-1
194,1,386.44,677.11,71.56,199.64,-1,-1,-1,-1
195,1,381.25,676.93,74.66,199.58,-1,-1,-1,-1
196,1,374.76,657.20,73.32,205.11,-1,-1,-1,-1
197,1,367.80,650.44,73.98,200.03,-1,-1,-1,-1
198,1,361.48,633.28,71.70,201.68,-1,-1,-1,-1
199,1,359.48,626.20,69.96,202.98,-1,-1,-1,-1
200,1,354.55,611.12,69.27,201.04,-1,-1,-1,-1
201,1,350.18,601.26,72.22,200.89,-1,-1,-1,-1
202,1,343.76,593.86,74.13,200.25,-1,-1,-1,-1
203,1,342.06,581.86,72.29,199.19,-1,-1,-1,-1
204,1,336.79,572.13,72.04,200.44,-1,-1,-1,-1
205,1,334.66,557.78,71.67,194.10,-1,-1,-1,-1
206,1,332.44,543.01,65.19,192.89,-1,-1,-1,-1
207,1,332.37,527.73,61.87,193.15,-1,-1,-1,-1
208,1,331.94,512.02,60.44,191.16,-1,-1,-1,-1
209,1,332.08,497.00,59.83,189.58,-1,-1,-1,-1
210,1,328.71,485.19,59.23,196.14,-1,-1,-1,-1
211,1,328.12,462.82,59.65,195.38,-1,-1,-1,-1
212,1,326.68,453.78,61.17,198.29,-1,-1,-1,-1
213,1,325.37,435.02,63.96,198.49,-1,-1,-1,-1
214,1,325.30,410.19,63.60,201.35,-1,-1,-1,-1
215,1,324.32,402.74,65.39,202.74,-1,-1,-1,-1
216,1,324.00,385.11,67.62,204.24,-1,-1,-1,-1
217,1,324.93,369.43,73.43,207.70,-1,-1,-1,-1
218,1,324.23,352.79,76.69,207.48,-1,-1,-1,-1
219,1,324.95,344.85,77.62,205.49,-1,-1,-1,-1
220,1,325.40,329.01,78.18,205.37,-1,-1,-1,-1
221,1,330.34,307.86,81.47,203.63,-1,-1,-1,-1
222,1,332.04,307.09,81.29,201.65,-1,-1,-1,-1
223,1,338.50,299.25,79.93,198.96,-1,-1,-1,-1
224,1,341.96,273.52,78.42,205.20,-1,-1,-1,-1
225,1,344.36,257.91,83.61,207.37,-1,-1,-1,-1
226,1,346.84,248.75,84.92,206.52,-1,-1,-1,-1
227,1,352.51,231.95,85.89,206.80,-1,-1,-1,-1
228,1,356.13,232.16,83.69,203.06,-1,-1,-1,-1
229,1,361.23,208.77,85.21,206.95,-1,-1,-1,-1
230,1,368.85,208.53,86.57,207.09,-1,-1,-1,-1
231,1,376.13,191.59,87.64,212.34,-1,-1,-1,-1
232,1,383.15,190.36,88.75,210.77,-1,-1,-1,-1
233,1,389.90,179.92,89.74,216.26,-1,-1,-1,-1
234,1,394.01,166.65,87.58,210.32,-1,-1,-1,-1
235,1,400.53,158.31,89.86,211.72,-1,-1,-1,-1
236,1,415.68,158.50,86.86,208.86,-1,-1,-1,-1
237,1,422.83,150.91,87.93,213.85,-1,-1,-1,-1
238,1,430.95,143.92,88.78,209.67,-1,-1,-1,-1
239,1,440.24,151.69,87.42,207.08,-1,-1,-1,-1
240,1,448.64,143.99,86.48,209.92,-1,-1,-1,-1
241,1,457.90,142.41,84.85,206.43,-1,-1,-1,-1
242,1,468.99,145.43,81.72,204.64,-1,-1,-1,-1
243,1,482.32,134.07,80.91,207.12,-1,-1,-1,-1
244,1,491.27,128.12,80.25,210.67,-1,-1,-1,-1
245,1,499.48,128.61,83.00,208.98,-1,-1,-1,-1
246,1,515.41,134.08,78.95,206.50,-1,-1,-1,-1
247,1,525.60,144.32,77.86,209.07,-1,-1,-1,-1
248,1,541.27,136.44,74.60,209.33,-1,-1,-1,-1
249,1,551.70,149.75,73.88,208.53,-1,-1,-1,-1
250,1,564.40,151.49,76.76,206.99,-1,-1,-1,-1
1,2,357.42,265.08,76.05,204.76,-1,-1,-1,-1
2,2,359.13,246.77,76.52,213.31,-1,-1,-1,-1
3,2,365.76,230.74,77.14,211.51,-1,-1,-1,-1
4,2,372.02,231.63,79.44,207.23,-1,-1,-1,-1
5,2,371.18,214.38,84.42,209.59,-1,-1,-1,-1
6,2,379.08,207.09,83.14,209.24,-1,-1,-1,-1
7,2,384.97,193.12,84.92,209.20,-1,-1,-1,-1
8,2,393.62,183.88,82.45,207.90,-1,-1,-1,-1
9,2,401.82,184.29,82.47,209.29,-1,-1,-1,-1
10,2,408.40,167.30,84.37,210.49,-1,-1,-1,-1
11,2,416.48,167.13,84.15,211.92,-1,-1,-1,-1
12,2,424.24,160.36,85.57,208.72,-1,-1,-1,-1
13,2,432.79,151.14,84.41,208.35,-1,-1,-1,-1
14,2,442.33,151.61,81.56,210.01,-1,-1,-1,-1
15,2,449.90,152.45,83.38,206.43,-1,-1,-1,-1
16,2,458.91,151.01,82.32,208.88,-1,-1,-1,-1
17,2,466.41,136.65,85.01,208.72,-1,-1,-1,-1
18,2,479.70,143.94,85.48,208.66,-1,-1,-1,-1
19,2,489.27,144.91,84.20,208.98,-1,-1,-1,-1
20,2,497.78,137.96,85.59,207.25,-1,-1,-1,-1
21,2,511.43,137.42,86.23,209.23,-1,-1,-1,-1
22,2,519.51,142.53,89.40,211.14,-1,-1,-1,-1
23,2,528.70,143.95,89.46,212.10,-1,-1,-1,-1
24,2,543.24,149.26,87.76,211.74,-1,-1,-1,-1
25,2,553.16,151.77,87.67,210.80,-1,-1,-1,-1
26,2,566.22,151.02,89.15,212.53,-1,-1,-1,-1
27,2,576.42,151.23,89.15,211.19,-1,-1,-1,-1
28,2,590.44,157.20,89.87,210.38,-1,-1,-1,-1
29,2,599.07,165.46,93.01,212.23,-1,-1,-1,-1
30,2,611.90,173.16,94.78,213.18,-1,-1,-1,-1
31,2,620.86,180.76,97.24,213.41,-1,-1,-1,-1
32,2,634.68,189.84,98.23,210.82,-1,-1,-1,-1
33,2,651.61,197.04,95.36,214.74,-1,-1,-1,-1
34,2,665.19,204.88,99.43,215.54,-1,-1,-1,-1
35,2,675.21,216.64,98.82,209.43,-1,-1,-1,-1
36,2,690.38,222.63,99.11,209.69,-1,-1,-1,-1
37,2,707.93,240.05,94.64,209.90,-1,-1,-1,-1
38,2,717.40,261.59,95.09,210.40,-1,-1,-1,-1
39,2,732.93,270.43,94.34,209.01,-1,-1,-1,-1
40,2,747.68,279.30,95.68,210.50,-1,-1,-1,-1
41,2,764.81,294.90,92.71,207.76,-1,-1,-1,-1
42,2,783.24,312.48,88.11,206.67,-1,-1,-1,-1
43,2,799.40,325.75,86.95,210.69,-1,-1,-1,-1
44,2,808.05,328.09,89.75,210.38,-1,-1,-1,-1
45,2,824.22,346.01,88.34,206.46,-1,-1,-1,-1
46,2,840.69,350.94,87.93,211.57,-1,-1,-1,-1
47,2,857.75,372.50,85.32,215.52,-1,-1,-1,-1
48,2,870.75,381.01,91.02,216.91,-1,-1,-1,-1
49,2,888.02,398.74,88.75,212.53,-1,-1,-1,-1
50,2,902.64,424.28,89.90,208.32,-1,-1,-1,-1
51,2,918.17,434.40,89.28,202.94,-1,-1,-1,-1
52,2,928.81,447.26,88.81,210.20,-1,-1,-1,-1
53,2,943.40,461.15,89.77,213.41,-1,-1,-1,-1
54,2,959.38,473.90,89.31,205.29,-1,-1,-1,-1
55,2,976.85,493.19,87.93,212.18,-1,-1,-1,-1
56,2,991.52,516.37,89.13,213.84,-1,-1,-1,-1
57,2,1007.01,526.43,90.62,210.29,-1,-1,-1,-1
58,2,1023.71,535.32,87.89,208.52,-1,-1,-1,-1
59,2,1038.92,551.61,89.69,212.16,-1,-1,-1,-1
60,2,1054.22,559.95,90.11,210.72,-1,-1,-1,-1
61,2,1063.27,572.10,91.34,214.43,-1,-1,-1,-1
62,2,1078.67,585.21,91.47,224.31,-1,-1,-1,-1
63,2,1092.56,609.21,94.52,220.24,-1,-1,-1,-1
64,2,1107.34,618.83,96.32,217.39,-1,-1,-1,-1
65,2,1125.02,622.87,92.49,211.70,-1,-1,-1,-1
66,2,1132.44,634.26,96.97,220.04,-1,-1,-1,-1
67,2,1148.96,644.43,93.95,214.32,-1,-1,-1,-1
68,2,1163.53,658.87,95.61,220.21,-1,-1,-1,-1
69,2,1170.83,670.05,100.42,216.04,-1,-1,-1,-1
70,2,1185.87,676.60,101.45,217.02,-1,-1,-1,-1
71,2,1200.47,683.07,103.11,217.93,-1,-1,-1,-1
72,2,1216.88,691.57,100.18,216.47,-1,-1,-1,-1
73,2,1224.85,698.40,104.03,218.90,-1,-1,-1,-1
74,2,1243.16,707.07,97.44,216.53,-1,-1,-1,-1
75,2,1259.56,711.33,95.37,213.14,-1,-1,-1,-1
76,2,1275.33,710.39,95.37,214.26,-1,-1,-1,-1
77,2,1284.30,717.73,94.59,214.14,-1,-1,-1,-1
78,2,1292.82,726.06,96.03,215.19,-1,-1,-1,-1
79,2,1307.54,732.29,94.68,216.56,-1,-1,-1,-1
80,2,1317.42,725.19,93.18,215.30,-1,-1,-1,-1
81,2,1331.41,731.27,95.04,216.12,-1,-1,-1,-1
82,2,1340.69,733.62,93.84,213.76,-1,-1,-1,-1
83,2,1349.70,727.83,92.40,211.21,-1,-1,-1,-1
84,2,1357.44,727.30,94.67,212.53,-1,-1,-1,-1
85,2,1366.37,727.19,94.14,211.87,-1,-1,-1,-1
86,2,1379.99,727.10,94.56,212.26,-1,-1,-1,-1
87,2,1388.73,727.65,94.69,212.23,-1,-1,-1,-1
88,2,1398.35,716.18,91.88,217.70,-1,-1,-1,-1
89,2,1409.04,709.67,86.54,212.67,-1,-1,-1,-1
90,2,1417.34,701.32,87.62,214.55,-1,-1,-1,-1
91,2,1423.88,706.51,90.71,216.77,-1,-1,-1,-1
92,2,1432.77,697.70,88.55,218.37,-1,-1,-1,-1
93,2,1441.00,687.20,87.15,211.92,-1,-1,-1,-1
94,2,1449.92,679.12,85.36,211.19,-1,-1,-1,-1
95,2,1458.23,665.17,83.74,209.02,-1,-1,-1,-1
96,2,1465.66,669.75,84.19,208.85,-1,-1,-1,-1
97,2,1473.84,653.79,82.39,211.63,-1,-1,-1,-1
98,2,1482.18,638.01,80.89,211.75,-1,-1,-1,-1
99,2,1482.37,639.41,84.22,205.37,-1,-1,-1,-1
100,2,1489.75,625.11,83.65,207.79,-1,-1,-1,-1
101,2,1492.48,602.26,82.08,216.00,-1,-1,-1,-1
102,2,1497.20,589.77,83.71,209.40,-1,-1,-1,-1
103,2,1500.16,587.57,82.85,202.63,-1,-1,-1,-1
104,2,1507.00,577.31,80.60,207.14,-1,-1,-1,-1
105,2,1507.93,562.36,82.70,205.76,-1,-1,-1,-1
106,2,1513.89,544.46,80.98,209.52,-1,-1,-1,-1
107,2,1515.46,535.92,81.36,205.74,-1,-1,-1,-1
108,2,1517.41,517.04,80.72,212.32,-1,-1,-1,-1
109,2,1517.42,507.13,80.61,202.82,-1,-1,-1,-1
110,2,1523.14,485.20,79.56,215.53,-1,-1,-1,-1
111,2,1522.62,461.05,83.05,215.38,-1,-1,-1,-1
112,2,1524.19,453.84,80.34,209.36,-1,-1,-1,-1
113,2,1523.37,430.17,81.57,214.79,-1,-1,-1,-1
114,2,1524.03,425.40,79.76,205.77,-1,-1,-1,-1
115,2,1523.57,405.91,80.77,214.81,-1,-1,-1,-1
116,2,1522.51,381.97,82.15,226.42,-1,-1,-1,-1
117,2,1520.52,373.94,86.08,213.38,-1,-1,-1,-1
118,2,1519.41,365.14,86.71,214.11,-1,-1,-1,-1
119,2,1518.87,344.18,87.50,221.83,-1,-1,-1,-1
120,2,1512.29,322.26,88.15,220.55,-1,-1,-1,-1
121,2,1511.58,309.01,86.51,215.32,-1,-1,-1,-1
122,2,1504.31,302.68,87.97,208.64,-1,-1,-1,-1
123,2,1502.35,294.96,89.62,211.79,-1,-1,-1,-1
124,2,1494.84,276.02,92.03,219.21,-1,-1,-1,-1
125,2,1492.47,260.23,92.89,219.53,-1,-1,-1,-1
126,2,1484.92,254.94,94.42,212.16,-1,-1,-1,-1
127,2,1483.87,243.56,94.13,215.12,-1,-1,-1,-1
128,2,1477.85,224.47,93.08,220.94,-1,-1,-1,-1
129,2,1469.91,223.61,93.35,210.26,-1,-1,-1,-1
130,2,1461.89,215.33,94.40,212.16,-1,-1,-1,-1
131,2,1459.97,198.20,93.70,215.46,-1,-1,-1,-1
132,2,1452.86,196.84,93.51,213.34,-1,-1,-1,-1
133,2,1445.09,188.01,93.95,214.15,-1,-1,-1,-1
134,2,1436.96,179.72,94.57,214.31,-1,-1,-1,-1
135,2,1428.32,173.32,95.87,214.18,-1,-1,-1,-1
136,2,1420.71,165.88,95.82,212.12,-1,-1,-1,-1
137,2,1413.06,157.16,95.63,211.72,-1,-1,-1,-1
138,2,1403.75,151.47,96.47,210.37,-1,-1,-1,-1
139,2,1395.54,142.92,96.53,212.06,-1,-1,-1,-1
140,2,1384.15,149.81,90.52,210.10,-1,-1,-1,-1
141,2,1376.02,139.27,90.56,214.60,-1,-1,-1,-1
142,2,1366.32,135.65,91.73,210.21,-1,-1,-1,-1
143,2,1360.00,136.54,87.20,209.61,-1,-1,-1,-1
144,2,1351.35,144.97,86.44,205.92,-1,-1,-1,-1
145,2,1336.35,137.11,89.35,206.76,-1,-1,-1,-1
146,2,1327.07,135.86,88.73,208.40,-1,-1,-1,-1
147,2,1312.99,147.24,87.50,205.33,-1,-1,-1,-1
148,2,1304.83,146.04,87.04,205.83,-1,-1,-1,-1
149,2,1294.53,141.39,88.90,210.57,-1,-1,-1,-1
150,2,1280.53,153.68,87.73,204.55,-1,-1,-1,-1
151,2,1270.52,159.95,88.35,205.07,-1,-1,-1,-1
152,2,1257.21,162.59,86.72,202.58,-1,-1,-1,-1
153,2,1241.11,162.12,88.24,203.51,-1,-1,-1,-1
154,2,1230.30,177.16,91.56,206.74,-1,-1,-1,-1
155,2,1216.73,184.15,87.16,208.54,-1,-1,-1,-1
156,2,1201.18,194.65,87.82,206.36,-1,-1,-1,-1
157,2,1192.49,193.64,85.81,207.31,-1,-1,-1,-1
158,2,1176.44,206.74,86.20,208.42,-1,-1,-1,-1
159,2,1162.45,211.08,84.80,204.94,-1,-1,-1,-1
160,2,1148.80,220.27,92.83,202.39,-1,-1,-1,-1
161,2,1135.03,240.33,88.49,208.44,-1,-1,-1,-1
162,2,1119.18,254.11,89.33,209.03,-1,-1,-1,-1
163,2,1104.05,263.81,89.61,209.07,-1,-1,-1,-1
164,2,1090.43,274.09,85.57,206.14,-1,-1,-1,-1
165,2,1079.80,287.32,86.40,207.57,-1,-1,-1,-1
166,2,1063.22,303.78,89.23,207.93,-1,-1,-1,-1
167,2,1047.97,304.02,88.19,210.82,-1,-1,-1,-1
168,2,1033.13,319.58,86.59,211.70,-1,-1,-1,-1
169,2,1020.46,342.19,80.32,212.64,-1,-1,-1,-1
170,2,1004.66,347.57,80.96,213.93,-1,-1,-1,-1
171,2,992.50,356.73,84.97,215.79,-1,-1,-1,-1
172,2,977.81,378.24,83.21,217.55,-1,-1,-1,-1
173,2,962.19,386.71,83.28,215.94,-1,-1,-1,-1
174,2,947.40,401.15,82.35,220.30,-1,-1,-1,-1
175,2,929.91,423.64,85.11,207.55,-1,-1,-1,-1
176,2,915.38,439.48,83.55,210.51,-1,-1,-1,-1
177,2,903.58,454.34,86.72,210.02,-1,-1,-1,-1
178,2,888.79,470.82,85.15,211.32,-1,-1,-1,-1
179,2,874.04,482.75,82.91,205.43,-1,-1,-1,-1
180,2,857.59,498.47,84.81,205.58,-1,-1,-1,-1
181,2,842.18,511.93,83.03,205.49,-1,-1,-1,-1
182,2,825.64,527.23,86.13,209.07,-1,-1,-1,-1
183,2,809.60,537.75,87.52,206.91,-1,-1,-1,-1
184,2,794.68,563.59,83.82,214.44,-1,-1,-1,-1
185,2,785.22,568.69,83.74,206.68,-1,-1,-1,-1
186,2,768.91,575.33,84.97,211.78,-1,-1,-1,-1
187,2,753.30,589.43,85.74,214.33,-1,-1,-1,-1
188,2,738.03,614.35,83.64,210.64,-1,-1,-1,-1
189,2,729.61,618.82,82.94,203.49,-1,-1,-1,-1
190,2,712.66,626.10,86.20,205.47,-1,-1,-1,-1
191,2,696.15,636.97,87.78,211.57,-1,-1,-1,-1
192,2,681.47,652.65,87.00,212.70,-1,-1,-1,-1
193,2,669.52,664.00,91.54,209.92,-1,-1,-1,-1
194,2,655.68,670.52,88.86,210.53,-1,-1,-1,-1
195,2,639.97,678.62,90.12,212.71,-1,-1,-1,-1
196,2,629.12,692.24,91.64,215.16,-1,-1,-1,-1
197,2,616.47,693.87,87.30,210.60,-1,-1,-1,-1
198,2,606.38,707.48,89.67,216.61,-1,-1,-1,-1
199,2,591.15,708.12,89.46,213.39,-1,-1,-1,-1
200,2,577.40,710.31,86.99,211.27,-1,-1,-1,-1
201,2,565.99,726.26,90.73,212.82,-1,-1,-1,-1
202,2,553.33,718.84,86.68,211.83,-1,-1,-1,-1
203,2,543.44,725.17,87.91,211.41,-1,-1,-1,-1
204,2,528.84,733.18,88.15,216.90,-1,-1,-1,-1
205,2,521.20,733.99,83.30,210.35,-1,-1,-1,-1
206,2,514.90,729.09,80.00,207.06,-1,-1,-1,-1
207,2,498.71,732.19,82.86,218.08,-1,-1,-1,-1
208,2,486.10,734.39,78.99,211.39,-1,-1,-1,-1
209,2,476.90,726.69,80.51,210.09,-1,-1,-1,-1
210,2,468.26,729.78,80.64,206.48,-1,-1,-1,-1
211,2,458.65,719.65,81.24,210.29,-1,-1,-1,-1
212,2,451.82,726.45,79.48,208.65,-1,-1,-1,-1
213,2,435.78,716.42,83.34,212.19,-1,-1,-1,-1
214,2,426.18,702.76,85.76,213.66,-1,-1,-1,-1
215,2,417.71,709.64,86.21,209.99,-1,-1,-1,-1
216,2,408.73,703.02,88.68,210.61,-1,-1,-1,-1
217,2,400.64,692.56,88.49,213.85,-1,-1,-1,-1
218,2,393.40,688.66,87.66,209.75,-1,-1,-1,-1
219,2,390.26,673.32,88.35,218.90,-1,-1,-1,-1
220,2,382.70,665.65,89.11,209.06,-1,-1,-1,-1
221,2,375.81,654.18,88.23,212.30,-1,-1,-1,-1
222,2,368.10,646.41,88.64,211.57,-1,-1,-1,-1
223,2,361.15,626.74,87.66,219.20,-1,-1,-1,-1
224,2,359.45,622.32,86.98,211.28,-1,-1,-1,-1
225,2,352.15,610.54,88.13,217.69,-1,-1,-1,-1
226,2,344.67,600.47,89.68,210.14,-1,-1,-1,-1
227,2,344.09,586.88,87.93,216.96,-1,-1,-1,-1
228,2,343.34,581.29,87.18,210.63,-1,-1,-1,-1
229,2,336.66,553.38,88.52,222.58,-1,-1,-1,-1
230,2,334.77,554.23,88.55,204.39,-1,-1,-1,-1
231,2,329.99,534.72,87.24,210.49,-1,-1,-1,-1
232,2,328.12,527.21,87.46,205.93,-1,-1,-1,-1
233,2,328.63,500.94,84.80,215.32,-1,-1,-1,-1
234,2,327.33,484.53,86.21,212.05,-1,-1,-1,-1
235,2,322.63,472.60,85.83,206.07,-1,-1,-1,-1
236,2,324.41,463.70,81.14,205.75,-1,-1,-1,-1
237,2,324.72,444.13,80.82,215.69,-1,-1,-1,-1
238,2,325.33,435.30,79.20,203.28,-1,-1,-1,-1
239,2,326.73,414.25,76.84,212.29,-1,-1,-1,-1
240,2,325.97,393.32,78.43,219.68,-1,-1,-1,-1
241,2,326.36,383.75,78.29,210.77,-1,-1,-1,-1
242,2,326.68,364.78,78.67,215.34,-1,-1,-1,-1
243,2,330.79,344.89,80.52,220.54,-1,-1,-1,-1
244,2,331.83,337.77,80.16,205.04,-1,-1,-1,-1
245,2,333.74,322.59,79.13,215.68,-1,-1,-1,-1
246,2,339.85,319.27,78.22,206.48,-1,-1,-1,-1
247,2,340.50,292.80,79.68,217.85,-1,-1,-1,-1
248,2,345.91,284.43,81.52,213.57,-1,-1,-1,-1
249,2,347.26,269.35,83.84,213.18,-1,-1,-1,-1
250,2,354.97,253.65,81.57,216.11,-1,-1,-1,-1
1,3,561.94,724.69,82.47,211.93,-1,-1,-1,-1
2,3,548.96,725.47,80.59,211.14,-1,-1,-1,-1
3,3,537.31,728.70,84.41,209.25,-1,-1,-1,-1
4,3,524.94,726.26,80.28,210.90,-1,-1,-1,-1
5,3,514.57,733.91,82.49,207.68,-1,-1,-1,-1
6,3,506.51,737.04,80.88,207.29,-1,-1,-1,-1
7,3,492.90,727.86,80.09,209.00,-1,-1,-1,-1
8,3,483.69,730.81,79.93,206.49,-1,-1,-1,-1
9,3,475.29,737.05,79.36,206.90,-1,-1,-1,-1
10,3,466.26,725.76,81.11,211.97,-1,-1,-1,-1
11,3,453.27,721.46,79.13,206.96,-1,-1,-1,-1
12,3,443.42,720.62,81.08,207.96,-1,-1,-1,-1
13,3,434.46,725.84,81.42,208.35,-1,-1,-1,-1
14,3,426.04,714.76,81.50,206.42,-1,-1,-1,-1
15,3,413.13,710.70,80.27,208.13,-1,-1,-1,-1
16,3,403.96,711.11,81.72,206.55,-1,-1,-1,-1
17,3,395.19,693.68,84.05,211.32,-1,-1,-1,-1
18,3,387.56,686.15,83.43,207.32,-1,-1,-1,-1
19,3,379.58,686.43,82.98,207.25,-1,-1,-1,-1
20,3,377.37,674.75,83.16,206.18,-1,-1,-1,-1
21,3,370.35,671.37,82.13,205.60,-1,-1,-1,-1
22,3,362.59,655.91,82.03,206.09,-1,-1,-1,-1
23,3,356.22,639.45,81.14,207.54,-1,-1,-1,-1
24,3,348.25,639.32,81.30,204.84,-1,-1,-1,-1
25,3,346.00,624.19,82.91,208.65,-1,-1,-1,-1
26,3,340.52,615.44,80.42,206.72,-1,-1,-1,-1
27,3,339.63,607.43,80.35,206.47,-1,-1,-1,-1
28,3,332.96,586.73,79.24,204.24,-1,-1,-1,-1
29,3,330.41,575.80,81.51,204.70,-1,-1,-1,-1
30,3,324.99,559.58,80.14,204.25,-1,-1,-1,-1
31,3,323.19,548.21,81.32,200.21,-1,-1,-1,-1
32,3,321.86,531.32,82.08,201.63,-1,-1,-1,-1
33,3,315.74,520.66,82.92,203.24,-1,-1,-1,-1
34,3,315.31,505.26,82.10,202.87,-1,-1,-1,-1
35,3,314.72,496.39,82.73,202.69,-1,-1,-1,-1
36,3,315.37,474.18,80.14,204.94,-1,-1,-1,-1
37,3,314.26,458.04,81.45,204.63,-1,-1,-1,-1
38,3,314.84,442.96,79.75,204.76,-1,-1,-1,-1
39,3,314.62,422.32,81.57,208.18,-1,-1,-1,-1
40,3,315.34,405.51,79.30,208.27,-1,-1,-1,-1
41,3,314.71,399.01,81.46,204.88,-1,-1,-1,-1
42,3,315.87,387.96,79.75,204.50,-1,-1,-1,-1
43,3,314.47,366.88,84.38,206.61,-1,-1,-1,-1
44,3,316.29,351.71,82.70,205.86,-1,-1,-1,-1
45,3,320.98,336.04,83.74,207.70,-1,-1,-1,-1
46,3,322.14,317.97,84.59,209.34,-1,-1,-1,-1
47,3,323.22,302.52,83.83,209.49,-1,-1,-1,-1
48,3,329.08,288.37,83.72,208.81,-1,-1,-1,-1
49,3,332.00,272.53,81.97,210.71,-1,-1,-1,-1
50,3,338.03,267.39,81.41,205.67,-1,-1,-1,-1
51,3,340.20,256.95,81.78,207.16,-1,-1,-1,-1
52,3,345.80,249.51,82.25,207.19,-1,-1,-1,-1
53,3,348.61,229.64,81.38,212.04,-1,-1,-1,-1
54,3,355.37,225.82,81.52,206.41,-1,-1,-1,-1
55,3,361.60,216.91,82.61,208.68,-1,-1,-1,-1
56,3,368.79,197.95,84.32,213.69,-1,-1,-1,-1
57,3,375.52,195.90,86.62,214.13,-1,-1,-1,-1
58,3,376.88,190.35,88.92,210.62,-1,-1,-1,-1
59,3,385.09,181.55,86.52,213.44,-1,-1,-1,-1
60,3,392.41,164.49,88.88,214.66,-1,-1,-1,-1
61,3,400.32,157.25,88.87,212.49,-1,-1,-1,-1
62,3,408.36,151.12,88.08,212.39,-1,-1,-1,-1
63,3,417.85,156.50,86.84,213.06,-1,-1,-1,-1
64,3,429.32,146.99,91.02,214.61,-1,-1,-1,-1
65,3,438.35,144.35,89.05,211.14,-1,-1,-1,-1
66,3,447.24,135.18,88.25,213.47,-1,-1,-1,-1
67,3,455.93,136.80,89.12,211.01,-1,-1,-1,-1
68,3,465.73,136.24,87.41,211.56,-1,-1,-1,-1
69,3,473.26,135.08,88.39,212.15,-1,-1,-1,-1
70,3,486.71,130.58,90.52,214.70,-1,-1,-1,-1
71,3,497.71,138.24,87.78,216.13,-1,-1,-1,-1
72,3,510.71,138.83,87.87,214.67,-1,-1,-1,-1
73,3,520.43,138.44,88.66,214.33,-1,-1,-1,-1
74,3,529.19,139.51,89.10,215.39,-1,-1,-1,-1
75,3,543.66,139.57,87.43,217.16,-1,-1,-1,-1
76,3,558.28,139.55,89.73,217.41,-1,-1,-1,-1
77,3,568.31,153.50,89.17,218.38,-1,-1,-1,-1
78,3,582.46,165.14,88.73,216.80,-1,-1,-1,-1
79,3,592.45,163.68,88.82,216.73,-1,-1,-1,-1
80,3,606.71,169.57,88.94,219.09,-1,-1,-1,-1
81,3,618.53,184.63,86.52,217.87,-1,-1,-1,-1
82,3,632.06,194.45,88.50,216.45,-1,-1,-1,-1
83,3,647.08,205.22,89.12,215.74,-1,-1,-1,-1
84,3,662.38,211.99,89.13,213.05,-1,-1,-1,-1
85,3,673.38,221.85,86.05,215.13,-1,-1,-1,-1
86,3,688.01,229.70,87.92,210.66,-1,-1,-1,-1
87,3,703.10,243.20,88.38,214.56,-1,-1,-1,-1
88,3,718.74,256.21,88.24,211.97,-1,-1,-1,-1
89,3,729.96,270.12,86.86,208.74,-1,-1,-1,-1
90,3,744.30,279.78,87.89,212.24,-1,-1,-1,-1
91,3,759.76,289.75,88.94,206.84,-1,-1,-1,-1
92,3,775.82,310.69,86.96,209.88,-1,-1,-1,-1
93,3,790.24,320.70,90.29,206.43,-1,-1,-1,-1
94,3,806.75,333.64,88.58,209.72,-1,-1,-1,-1
95,3,822.38,342.51,89.13,208.03,-1,-1,-1,-1
96,3,836.05,355.72,82.74,216.95,-1,-1,-1,-1
97,3,850.98,368.63,84.53,210.11,-1,-1,-1,-1
98,3,867.65,382.69,82.37,211.68,-1,-1,-1,-1
99,3,885.09,406.95,80.93,208.18,-1,-1,-1,-1
100,3,900.25,418.98,80.11,203.20,-1,-1,-1,-1
101,3,915.61,440.17,80.95,204.67,-1,-1,-1,-1
102,3,929.97,451.70,82.25,201.53,-1,-1,-1,-1
103,3,945.96,465.19,82.50,207.25,-1,-1,-1,-1
104,3,956.99,482.76,81.72,201.39,-1,-1,-1,-1
105,3,976.91,496.88,83.95,206.11,-1,-1,-1,-1
106,3,988.32,519.62,82.33,206.21,-1,-1,-1,-1
107,3,1003.42,525.39,82.63,199.77,-1,-1,-1,-1
108,3,1020.17,547.78,80.09,203.38,-1,-1,-1,-1
109,3,1034.71,560.43,82.65,207.62,-1,-1,-1,-1
110,3,1049.91,572.14,81.85,202.80,-1,-1,-1,-1
111,3,1061.40,581.62,80.15,201.05,-1,-1,-1,-1
112,3,1075.06,591.30,83.75,209.72,-1,-1,-1,-1
113,3,1090.60,602.09,82.11,206.14,-1,-1,-1,-1
114,3,1105.63,622.20,83.21,207.76,-1,-1,-1,-1
115,3,1121.16,637.74,83.01,209.24,-1,-1,-1,-1
116,3,1132.82,644.81,80.68,202.83,-1,-1,-1,-1
117,3,1146.74,658.54,82.73,207.04,-1,-1,-1,-1
118,3,1162.41,672.82,82.56,205.00,-1,-1,-1,-1
119,3,1171.34,672.22,83.61,204.75,-1,-1,-1,-1
120,3,1187.54,681.27,82.45,205.99,-1,-1,-1,-1
121,3,1201.29,691.09,84.81,206.18,-1,-1,-1,-1
122,3,1210.55,699.24,85.53,203.33,-1,-1,-1,-1
123,3,1225.04,703.76,87.89,206.54,-1,-1,-1,-1
124,3,1238.96,711.21,90.05,207.50,-1,-1,-1,-1
125,3,1253.69,718.69,89.88,206.40,-1,-1,-1,-1
126,3,1263.53,724.85,89.84,211.05,-1,-1,-1,-1
127,3,1278.44,732.08,88.74,204.36,-1,-1,-1,-1
128,3,1288.71,721.09,87.66,208.98,-1,-1,-1,-1
129,3,1297.84,729.52,86.95,207.46,-1,-1,-1,-1
130,3,1310.70,728.99,87.93,208.13,-1,-1,-1,-1
131,3,1321.29,729.08,87.08,207.40,-1,-1,-1,-1
132,3,1334.74,737.95,87.89,207.83,-1,-1,-1,-1
133,3,1344.41,739.53,85.88,205.56,-1,-1,-1,-1
134,3,1354.16,738.69,84.19,205.29,-1,-1,-1,-1
135,3,1362.49,735.19,84.14,208.49,-1,-1,-1,-1
136,3,1371.06,728.71,83.43,208.35,-1,-1,-1,-1
137,3,1385.29,731.16,82.99,205.51,-1,-1,-1,-1
138,3,1392.97,716.50,84.05,212.47,-1,-1,-1,-1
139,3,1398.87,719.65,89.98,206.27,-1,-1,-1,-1
140,3,1408.45,713.47,86.49,207.82,-1,-1,-1,-1
141,3,1416.89,706.67,87.35,206.88,-1,-1,-1,-1
142,3,1424.47,687.23,87.31,212.88,-1,-1,-1,-1
143,3,1430.50,686.90,91.44,207.10,-1,-1,-1,-1
144,3,1439.95,682.75,87.56,205.97,-1,-1,-1,-1
145,3,1448.10,672.95,87.64,208.55,-1,-1,-1,-1
146,3,1456.37,663.88,86.34,210.97,-1,-1,-1,-1
147,3,1462.91,647.65,87.90,211.48,-1,-1,-1,-1
148,3,1464.07,636.69,89.50,211.44,-1,-1,-1,-1
149,3,1471.83,635.19,87.28,206.21,-1,-1,-1,-1
150,3,1478.98,617.05,87.23,209.05,-1,-1,-1,-1
151,3,1479.96,606.70,88.40,207.75,-1,-1,-1,-1
152,3,1486.86,600.38,87.74,207.09,-1,-1,-1,-1
153,3,1489.67,577.41,85.82,208.83,-1,-1,-1,-1
154,3,1496.45,567.42,84.55,206.22,-1,-1,-1,-1
155,3,1498.55,551.56,83.24,205.89,-1,-1,-1,-1
156,3,1500.42,531.91,81.11,204.43,-1,-1,-1,-1
157,3,1504.67,527.56,83.79,204.12,-1,-1,-1,-1
158,3,1506.67,512.24,81.84,204.57,-1,-1,-1,-1
159,3,1507.69,491.18,81.27,203.82,-1,-1,-1,-1
160,3,1509.32,484.19,79.30,202.44,-1,-1,-1,-1
161,3,1510.57,463.94,77.30,204.37,-1,-1,-1,-1
162,3,1510.77,448.02,77.22,204.87,-1,-1,-1,-1
163,3,1512.40,443.85,73.92,202.28,-1,-1,-1,-1
164,3,1511.61,417.34,75.17,202.71,-1,-1,-1,-1
165,3,1511.88,409.46,74.57,202.70,-1,-1,-1,-1
166,3,1511.42,395.49,75.87,204.49,-1,-1,-1,-1
167,3,1508.46,368.64,79.73,203.80,-1,-1,-1,-1
168,3,1508.13,359.66,79.21,204.44,-1,-1,-1,-1
169,3,1505.08,336.27,83.65,206.71,-1,-1,-1,-1
170,3,1504.30,323.08,84.57,205.22,-1,-1,-1,-1
171,3,1497.94,319.87,85.57,203.61,-1,-1,-1,-1
172,3,1496.41,294.34,85.12,210.69,-1,-1,-1,-1
173,3,1490.38,287.90,86.12,207.25,-1,-1,-1,-1
174,3,1486.62,278.22,89.32,210.38,-1,-1,-1,-1
175,3,1480.16,262.68,89.34,210.68,-1,-1,-1,-1
176,3,1474.08,246.33,86.96,211.89,-1,-1,-1,-1
177,3,1471.28,245.40,88.77,208.22,-1,-1,-1,-1
178,3,1464.46,220.53,88.72,211.89,-1,-1,-1,-1
179,3,1461.58,222.24,90.19,207.23,-1,-1,-1,-1
180,3,1454.95,212.47,90.19,211.58,-1,-1,-1,-1
181,3,1448.79,195.12,87.55,213.18,-1,-1,-1,-1
182,3,1439.93,191.26,89.23,212.29,-1,-1,-1,-1
183,3,1432.90,178.49,87.93,217.30,-1,-1,-1,-1
184,3,1424.74,164.95,89.01,214.30,-1,-1,-1,-1
185,3,1416.95,167.10,88.35,213.05,-1,-1,-1,-1
186,3,1409.24,149.75,88.17,215.90,-1,-1,-1,-1
187,3,1398.66,156.82,90.10,213.25,-1,-1,-1,-1
188,3,1392.04,142.78,89.01,214.64,-1,-1,-1,-1
189,3,1384.54,140.47,88.90,213.73,-1,-1,-1,-1
190,3,1373.70,138.52,92.12,213.90,-1,-1,-1,-1
191,3,1363.25,138.20,94.66,215.18,-1,-1,-1,-1
192,3,1351.29,134.07,92.67,215.14,-1,-1,-1,-1
193,3,1340.80,138.03,94.14,215.81,-1,-1,-1,-1
194,3,1330.69,135.72,95.83,212.94,-1,-1,-1,-1
195,3,1322.51,131.19,95.92,213.70,-1,-1,-1,-1
196,3,1309.58,137.24,93.00,217.27,-1,-1,-1,-1
197,3,1298.81,139.93,95.34,216.85,-1,-1,-1,-1
198,3,1286.04,132.74,93.60,215.32,-1,-1,-1,-1
199,3,1271.12,144.87,92.25,219.23,-1,-1,-1,-1
200,3,1259.72,147.48,96.55,214.40,-1,-1,-1,-1
201,3,1247.44,152.75,91.54,218.18,-1,-1,-1,-1
202,3,1238.63,162.66,88.49,215.16,-1,-1,-1,-1
203,3,1223.95,156.24,90.78,214.33,-1,-1,-1,-1
204,3,1209.93,164.77,87.77,218.28,-1,-1,-1,-1
205,3,1199.36,174.24,88.52,215.81,-1,-1,-1,-1
206,3,1186.24,179.40,85.95,214.51,-1,-1,-1,-1
207,3,1170.90,195.95,85.20,213.83,-1,-1,-1,-1
208,3,1159.91,197.35,87.76,213.21,-1,-1,-1,-1
209,3,1144.55,213.03,87.44,217.86,-1,-1,-1,-1
210,3,1133.62,216.38,90.79,210.97,-1,-1,-1,-1
211,3,1118.82,234.89,89.03,213.94,-1,-1,-1,-1
212,3,1103.09,250.88,89.13,213.93,-1,-1,-1,-1
213,3,1088.81,255.89,88.23,212.56,-1,-1,-1,-1
214,3,1071.84,268.62,89.93,210.80,-1,-1,-1,-1
215,3,1061.81,283.93,89.72,213.54,-1,-1,-1,-1
216,3,1045.68,295.45,91.35,213.30,-1,-1,-1,-1
217,3,1031.15,311.85,89.74,212.04,-1,-1,-1,-1
218,3,1015.65,328.43,89.62,209.28,-1,-1,-1,-1
219,3,1001.99,343.93,86.50,209.97,-1,-1,-1,-1
220,3,985.83,352.44,87.09,209.48,-1,-1,-1,-1
221,3,975.19,370.61,86.87,215.20,-1,-1,-1,-1
222,3,955.26,383.02,84.06,213.43,-1,-1,-1,-1
223,3,943.91,399.23,86.28,213.01,-1,-1,-1,-1
224,3,929.73,408.10,84.02,208.32,-1,-1,-1,-1
225,3,914.17,438.69,83.49,206.25,-1,-1,-1,-1
226,3,899.57,439.78,81.80,206.05,-1,-1,-1,-1
227,3,884.13,456.38,82.74,211.04,-1,-1,-1,-1
228,3,869.11,478.56,81.31,208.99,-1,-1,-1,-1
229,3,853.36,494.62,79.92,206.98,-1,-1,-1,-1
230,3,840.44,506.71,84.47,206.74,-1,-1,-1,-1
231,3,825.69,521.72,83.93,207.47,-1,-1,-1,-1
232,3,810.54,536.24,83.00,208.77,-1,-1,-1,-1
233,3,796.38,545.65,81.35,204.38,-1,-1,-1,-1
234,3,780.03,554.89,81.70,205.95,-1,-1,-1,-1
235,3,764.54,574.07,81.46,208.67,-1,-1,-1,-1
236,3,753.50,593.20,83.36,207.55,-1,-1,-1,-1
237,3,737.36,598.79,84.02,206.97,-1,-1,-1,-1
238,3,724.18,613.92,80.97,208.90,-1,-1,-1,-1
239,3,708.02,632.36,81.80,209.65,-1,-1,-1,-1
240,3,691.46,632.66,83.68,209.56,-1,-1,-1,-1
241,3,682.32,646.66,82.11,208.23,-1,-1,-1,-1
242,3,666.49,654.53,84.40,207.51,-1,-1,-1,-1
243,3,651.67,662.42,83.05,211.90,-1,-1,-1,-1
244,3,640.66,677.38,84.74,208.59,-1,-1,-1,-1
245,3,626.36,687.44,84.84,211.36,-1,-1,-1,-1
246,3,611.30,693.97,83.16,210.91,-1,-1,-1,-1
247,3,600.85,701.83,84.06,208.72,-1,-1,-1,-1
248,3,586.83,703.81,83.63,205.66,-1,-1,-1,-1
249,3,577.05,709.72,83.60,208.65,-1,-1,-1,-1
250,3,563.41,717.57,82.37,213.32,-1,-1,-1,-1
1,4,337.47,613.24,85.75,211.13,-1,-1,-1,-1
2,4,336.38,602.41,84.95,216.90,-1,-1,-1,-1
3,4,327.79,591.81,89.34,222.65,-1,-1,-1,-1
4,4,326.44,579.85,88.87,214.75,-1,-1,-1,-1
5,4,320.41,566.85,89.41,224.21,-1,-1,-1,-1
6,4,319.52,556.09,87.77,213.64,-1,-1,-1,-1
7,4,314.16,542.08,87.67,211.60,-1,-1,-1,-1
8,4,312.31,522.27,89.09,215.82,-1,-1,-1,-1
9,4,312.65,514.57,87.36,201.60,-1,-1,-1,-1
10,4,313.76,487.76,83.75,209.29,-1,-1,-1,-1
11,4,313.65,486.64,82.74,199.66,-1,-1,-1,-1
12,4,313.06,463.19,83.40,207.79,-1,-1,-1,-1
13,4,313.98,453.00,81.97,202.18,-1,-1,-1,-1
14,4,313.11,436.44,83.39,203.10,-1,-1,-1,-1
15,4,313.28,415.13,83.37,208.12,-1,-1,-1,-1
16,4,312.99,392.78,83.14,210.36,-1,-1,-1,-1
17,4,313.13,387.42,83.81,206.08,-1,-1,-1,-1
18,4,314.51,376.52,82.66,204.35,-1,-1,-1,-1
19,4,314.68,353.14,84.57,205.68,-1,-1,-1,-1
20,4,314.80,338.61,86.35,202.07,-1,-1,-1,-1
21,4,317.10,331.33,90.14,202.43,-1,-1,-1,-1
22,4,319.44,309.75,90.59,210.37,-1,-1,-1,-1
23,4,325.32,308.97,90.58,201.06,-1,-1,-1,-1
24,4,328.09,293.31,90.42,208.80,-1,-1,-1,-1
25,4,333.32,278.29,90.83,207.19,-1,-1,-1,-1
26,4,335.07,272.12,91.55,203.14,-1,-1,-1,-1
27,4,340.46,247.14,93.66,210.54,-1,-1,-1,-1
28,4,341.21,234.09,95.98,207.51,-1,-1,-1,-1
29,4,348.67,223.63,94.86,205.95,-1,-1,-1,-1
30,4,356.01,225.46,94.24,201.45,-1,-1,-1,-1
31,4,364.10,199.43,93.45,211.03,-1,-1,-1,-1
32,4,370.83,191.50,95.26,208.70,-1,-1,-1,-1
33,4,373.67,190.13,94.96,210.25,-1,-1,-1,-1
34,4,379.46,175.03,96.51,209.49,-1,-1,-1,-1
35,4,386.57,166.91,97.83,210.51,-1,-1,-1,-1
36,4,395.92,174.57,95.01,208.77,-1,-1,-1,-1
37,4,403.96,160.19,96.33,207.94,-1,-1,-1,-1
38,4,411.67,155.95,96.32,213.39,-1,-1,-1,-1
39,4,419.10,151.41,97.54,207.64,-1,-1,-1,-1
40,4,426.70,145.31,99.53,206.85,-1,-1,-1,-1
41,4,436.98,144.42,96.59,205.39,-1,-1,-1,-1
42,4,449.53,137.45,97.62,204.85,-1,-1,-1,-1
43,4,460.06,138.60,96.47,205.80,-1,-1,-1,-1
44,4,470.85,144.11,93.25,205.85,-1,-1,-1,-1
45,4,482.34,135.83,95.78,206.69,-1,-1,-1,-1
46,4,492.87,144.69,94.88,206.01,-1,-1,-1,-1
47,4,500.79,138.83,96.53,204.35,-1,-1,-1,-1
48,4,514.68,144.92,94.53,209.27,-1,-1,-1,-1
49,4,523.12,148.06,98.68,212.35,-1,-1,-1,-1
50,4,537.80,150.36,96.78,210.21,-1,-1,-1,-1
51,4,548.17,149.96,97.57,209.08,-1,-1,-1,-1
52,4,563.80,157.29,94.25,210.11,-1,-1,-1,-1
53,4,572.68,166.06,96.11,209.93,-1,-1,-1,-1
54,4,587.40,174.33,96.40,210.21,-1,-1,-1,-1
55,4,598.05,175.92,94.76,209.77,-1,-1,-1,-1
56,4,611.67,187.84,97.41,212.76,-1,-1,-1,-1
57,4,627.07,198.65,96.36,210.19,-1,-1,-1,-1
58,4,636.71,199.81,97.39,209.21,-1,-1,-1,-1
59,4,651.25,206.47,98.79,209.88,-1,-1,-1,-1
60,4,667.18,222.03,96.62,207.98,-1,-1,-1,-1
61,4,682.28,233.87,96.70,208.35,-1,-1,-1,-1
62,4,692.33,241.88,97.82,203.20,-1,-1,-1,-1
63,4,706.57,264.13,99.71,204.75,-1,-1,-1,-1
64,4,721.51,271.17,100.55,207.40,-1,-1,-1,-1
65,4,737.29,280.20,99.66,207.08,-1,-1,-1,-1
66,4,751.96,291.11,101.21,206.39,-1,-1,-1,-1
67,4,769.31,311.68,98.34,205.80,-1,-1,-1,-1
68,4,785.12,324.52,98.83,203.44,-1,-1,-1,-1
69,4,795.28,336.49,100.70,205.23,-1,-1,-1,-1
70,4,811.53,345.26,98.32,207.33,-1,-1,-1,-1
71,4,827.44,363.96,98.58,214.49,-1,-1,-1,-1
72,4,842.29,371.16,99.18,214.74,-1,-1,-1,-1
73,4,861.12,382.45,94.25,212.33,-1,-1,-1,-1
74,4,876.42,396.69,94.84,213.31,-1,-1,-1,-1
75,4,891.42,416.03,94.01,210.81,-1,-1,-1,-1
76,4,907.45,433.81,94.47,207.91,-1,-1,-1,-1
77,4,918.70,450.65,93.55,204.10,-1,-1,-1,-1
78,4,934.53,463.15,92.57,211.96,-1,-1,-1,-1
79,4,948.71,479.95,93.85,210.52,-1,-1,-1,-1
80,4,963.39,495.75,95.85,210.36,-1,-1,-1,-1
81,4,979.12,519.69,95.96,211.32,-1,-1,-1,-1
82,4,994.86,535.64,95.74,208.97,-1,-1,-1,-1
83,4,1005.20,551.01,96.40,208.98,-1,-1,-1,-1
84,4,1020.84,558.56,95.48,210.35,-1,-1,-1,-1
85,4,1036.70,571.10,95.36,217.91,-1,-1,-1,-1
86,4,1052.78,588.56,94.25,213.61,-1,-1,-1,-1
87,4,1068.76,604.15,93.58,216.32,-1,-1,-1,-1
88,4,1084.05,604.94,93.60,216.04,-1,-1,-1,-1
89,4,1093.93,619.06,93.97,219.25,-1,-1,-1,-1
90,4,1107.34,631.51,95.42,211.47,-1,-1,-1,-1
91,4,1123.06,646.78,95.91,212.24,-1,-1,-1,-1
92,4,1131.74,656.08,98.45,207.54,-1,-1,-1,-1
93,4,1148.84,671.19,95.36,208.42,-1,-1,-1,-1
94,4,1163.22,681.84,97.14,203.18,-1,-1,-1,-1
95,4,1178.41,689.66,97.42,208.17,-1,-1,-1,-1
96,4,1188.25,697.50,98.37,206.41,-1,-1,-1,-1
97,4,1202.96,704.59,97.53,205.52,-1,-1,-1,-1
98,4,1217.50,703.96,99.64,210.42,-1,-1,-1,-1
99,4,1235.35,720.16,93.70,205.89,-1,-1,-1,-1
100,4,1245.17,719.41,94.28,213.50,-1,-1,-1,-1
101,4,1257.71,727.07,97.44,211.64,-1,-1,-1,-1
102,4,1267.02,725.93,98.27,212.13,-1,-1,-1,-1
103,4,1275.55,721.17,99.04,212.11,-1,-1,-1,-1
104,4,1289.49,726.39,99.84,212.33,-1,-1,-1,-1
105,4,1299.82,734.92,98.57,210.98,-1,-1,-1,-1
106,4,1313.66,738.13,98.39,207.59,-1,-1,-1,-1
107,4,1323.93,738.61,96.74,206.72,-1,-1,-1,-1
108,4,1333.65,738.63,95.16,207.31,-1,-1,-1,-1
109,4,1345.29,745.36,98.47,203.92,-1,-1,-1,-1
110,4,1355.87,729.51,96.70,207.79,-1,-1,-1,-1
111,4,1364.79,737.83,96.17,203.11,-1,-1,-1,-1
112,4,1372.58,726.80,96.09,208.78,-1,-1,-1,-1
113,4,1380.66,728.03,97.55,206.50,-1,-1,-1,-1
114,4,1388.49,722.81,97.13,205.39,-1,-1,-1,-1
115,4,1403.36,708.15,95.83,214.90,-1,-1,-1,-1
116,4,1411.72,709.46,95.30,209.51,-1,-1,-1,-1
117,4,1420.78,701.21,94.23,210.20,-1,-1,-1,-1
118,4,1429.19,690.97,91.63,206.47,-1,-1,-1,-1
119,4,1438.45,687.99,88.10,206.98,-1,-1,-1,-1
120,4,1443.19,682.20,84.32,205.43,-1,-1,-1,-1
121,4,1449.42,671.48,86.97,207.02,-1,-1,-1,-1
122,4,1455.70,659.08,90.24,205.44,-1,-1,-1,-1
123,4,1463.97,651.96,85.98,204.09,-1,-1,-1,-1
124,4,1466.89,633.47,85.96,209.04,-1,-1,-1,-1
125,4,1472.31,632.37,87.30,204.49,-1,-1,-1,-1
126,4,1476.22,602.03,93.57,219.47,-1,-1,-1,-1
127,4,1479.85,603.26,89.96,204.95,-1,-1,-1,-1
128,4,1486.19,579.20,91.56,217.53,-1,-1,-1,-1
129,4,1488.93,575.05,88.59,209.20,-1,-1,-1,-1
130,4,1493.66,557.06,89.01,214.38,-1,-1,-1,-1
131,4,1495.33,551.40,88.51,210.24,-1,-1,-1,-1
132,4,1496.35,530.22,89.46,218.56,-1,-1,-1,-1
133,4,1497.67,518.64,88.04,213.53,-1,-1,-1,-1
134,4,1502.66,503.47,87.73,213.65,-1,-1,-1,-1
135,4,1503.66,486.34,89.26,210.93,-1,-1,-1,-1
136,4,1503.18,463.11,90.57,223.24,-1,-1,-1,-1
137,4,1503.60,456.58,91.99,210.09,-1,-1,-1,-1
138,4,1503.04,437.59,90.75,211.07,-1,-1,-1,-1
139,4,1503.60,428.05,89.21,205.80,-1,-1,-1,-1
140,4,1505.02,406.11,88.42,208.18,-1,-1,-1,-1
141,4,1504.78,394.33,88.65,206.67,-1,-1,-1,-1
142,4,1503.37,386.73,90.17,204.66,-1,-1,-1,-1
143,4,1502.02,359.90,90.07,208.77,-1,-1,-1,-1
144,4,1501.50,343.25,90.81,207.14,-1,-1,-1,-1
145,4,1500.92,339.48,90.32,199.54,-1,-1,-1,-1
146,4,1495.03,318.63,92.85,207.28,-1,-1,-1,-1
147,4,1492.42,313.64,92.80,201.96,-1,-1,-1,-1
148,4,1485.85,302.75,94.38,206.36,-1,-1,-1,-1
149,4,1481.83,290.52,98.46,203.62,-1,-1,-1,-1
150,4,1473.87,271.08,100.48,210.12,-1,-1,-1,-1
151,4,1465.26,254.18,104.22,211.51,-1,-1,-1,-1
152,4,1461.60,247.08,105.80,205.37,-1,-1,-1,-1
153,4,1455.78,231.87,105.37,209.27,-1,-1,-1,-1
154,4,1449.36,228.31,104.32,202.16,-1,-1,-1,-1
155,4,1448.56,206.35,101.31,207.74,-1,-1,-1,-1
156,4,1442.50,209.67,98.29,203.86,-1,-1,-1,-1
157,4,1437.33,191.94,95.39,211.82,-1,-1,-1,-1
158,4,1428.17,179.15,98.29,214.24,-1,-1,-1,-1
159,4,1422.10,170.47,95.72,205.44,-1,-1,-1,-1
160,4,1413.76,162.55,96.13,204.82,-1,-1,-1,-1
161,4,1405.72,159.85,96.05,206.53,-1,-1,-1,-1
162,4,1397.39,159.47,95.86,207.05,-1,-1,-1,-1
163,4,1388.52,143.64,98.34,209.54,-1,-1,-1,-1
164,4,1379.84,141.71,96.87,208.84,-1,-1,-1,-1
165,4,1371.50,148.53,96.20,211.46,-1,-1,-1,-1
166,4,1362.02,135.99,98.78,207.70,-1,-1,-1,-1
167,4,1354.44,135.93,96.02,207.95,-1,-1,-1,-1
168,4,1341.87,136.73,94.72,206.61,-1,-1,-1,-1
169,4,1332.24,144.73,94.58,205.78,-1,-1,-1,-1
170,4,1323.34,142.29,95.22,206.76,-1,-1,-1,-1
171,4,1310.30,143.37,94.02,207.08,-1,-1,-1,-1
172,4,1297.70,136.79,99.48,204.89,-1,-1,-1,-1
173,4,1286.89,136.75,93.66,205.22,-1,-1,-1,-1
174,4,1277.72,145.66,90.70,203.69,-1,-1,-1,-1
175,4,1262.64,154.06,93.42,205.81,-1,-1,-1,-1
176,4,1252.83,154.40,93.08,203.60,-1,-1,-1,-1
177,4,1238.52,155.83,92.61,202.92,-1,-1,-1,-1
178,4,1224.96,167.27,89.22,206.74,-1,-1,-1,-1
179,4,1213.73,176.27,90.84,206.58,-1,-1,-1,-1
180,4,1199.91,177.03,90.85,203.81,-1,-1,-1,-1
181,4,1190.31,190.71,88.77,208.43,-1,-1,-1,-1
182,4,1174.48,200.89,90.49,203.98,-1,-1,-1,-1
183,4,1159.21,207.32,91.26,205.89,-1,-1,-1,-1
184,4,1147.52,210.76,94.20,205.96,-1,-1,-1,-1
185,4,1132.58,229.58,93.83,209.89,-1,-1,-1,-1
186,4,1113.92,240.93,98.96,209.56,-1,-1,-1,-1
187,4,1098.23,249.41,100.01,206.80,-1,-1,-1,-1
188,4,1084.10,265.80,96.16,207.74,-1,-1,-1,-1
189,4,1068.52,272.18,97.93,206.95,-1,-1,-1,-1
190,4,1058.61,288.18,96.36,205.47,-1,-1,-1,-1
191,4,1044.16,304.75,96.30,205.44,-1,-1,-1,-1
192,4,1027.79,312.81,98.50,207.62,-1,-1,-1,-1
193,4,1015.04,332.07,93.01,204.18,-1,-1,-1,-1
194,4,999.79,342.63,91.55,208.52,-1,-1,-1,-1
195,4,985.02,350.49,88.80,211.35,-1,-1,-1,-1
196,4,972.70,364.18,91.87,213.04,-1,-1,-1,-1
197,4,958.37,374.78,89.40,211.88,-1,-1,-1,-1
198,4,942.38,388.02,90.88,219.28,-1,-1,-1,-1
199,4,927.78,417.50,87.51,205.80,-1,-1,-1,-1
200,4,913.33,425.61,87.22,208.09,-1,-1,-1,-1
201,4,897.58,450.73,85.13,204.55,-1,-1,-1,-1
202,4,882.63,465.80,84.85,206.90,-1,-1,-1,-1
203,4,873.33,474.59,83.60,205.63,-1,-1,-1,-1
204,4,856.49,491.50,84.97,200.16,-1,-1,-1,-1
205,4,840.64,504.85,84.92,203.93,-1,-1,-1,-1
206,4,823.94,516.04,87.32,203.93,-1,-1,-1,-1
207,4,809.12,533.58,85.75,214.94,-1,-1,-1,-1
208,4,792.74,549.99,87.86,209.62,-1,-1,-1,-1
209,4,777.70,558.12,87.42,213.79,-1,-1,-1,-1
210,4,762.40,579.40,85.71,216.36,-1,-1,-1,-1
211,4,751.34,583.51,87.64,209.98,-1,-1,-1,-1
212,4,735.68,599.47,87.83,211.73,-1,-1,-1,-1
213,4,721.39,609.79,87.02,207.60,-1,-1,-1,-1
214,4,706.28,631.43,85.28,210.76,-1,-1,-1,-1
215,4,697.47,639.54,83.90,205.92,-1,-1,-1,-1
216,4,680.99,653.00,85.91,213.99,-1,-1,-1,-1
217,4,665.07,661.43,87.62,211.92,-1,-1,-1,-1
218,4,653.96,668.42,89.73,211.37,-1,-1,-1,-1
219,4,638.53,672.31,89.66,209.12,-1,-1,-1,-1
220,4,624.56,686.38,87.18,209.69,-1,-1,-1,-1
221,4,609.36,693.92,87.40,212.60,-1,-1,-1,-1
222,4,597.84,695.29,91.20,211.58,-1,-1,-1,-1
223,4,583.34,709.05,90.08,215.39,-1,-1,-1,-1
224,4,568.42,709.66,89.67,214.52,-1,-1,-1,-1
225,4,558.85,713.97,89.55,217.35,-1,-1,-1,-1
226,4,545.40,719.34,87.46,209.99,-1,-1,-1,-1
227,4,535.39,725.56,88.75,214.85,-1,-1,-1,-1
228,4,525.52,726.59,90.98,212.42,-1,-1,-1,-1
229,4,512.90,733.31,87.30,212.62,-1,-1,-1,-1
230,4,503.31,740.25,87.77,213.30,-1,-1,-1,-1
231,4,489.26,739.88,88.28,213.55,-1,-1,-1,-1
232,4,479.25,736.21,88.63,210.37,-1,-1,-1,-1
233,4,470.30,738.73,89.12,206.00,-1,-1,-1,-1
234,4,462.08,726.75,89.60,213.31,-1,-1,-1,-1
235,4,449.90,728.09,85.86,209.09,-1,-1,-1,-1
236,4,439.85,725.47,87.33,208.87,-1,-1,-1,-1
237,4,430.91,719.97,89.23,209.80,-1,-1,-1,-1
238,4,421.88,720.58,90.23,206.35,-1,-1,-1,-1
239,4,414.04,721.68,89.28,205.21,-1,-1,-1,-1
240,4,405.88,709.03,90.24,210.08,-1,-1,-1,-1
241,4,398.50,710.88,88.57,207.21,-1,-1,-1,-1
242,4,390.48,704.79,89.37,206.25,-1,-1,-1,-1
243,4,377.61,692.72,87.80,213.57,-1,-1,-1,-1
244,4,374.35,686.47,88.44,208.20,-1,-1,-1,-1
245,4,368.24,671.61,87.57,210.86,-1,-1,-1,-1
246,4,359.04,660.83,89.99,213.15,-1,-1,-1,-1
247,4,353.76,646.78,86.81,211.11,-1,-1,-1,-1
248,4,346.37,640.09,86.98,208.85,-1,-1,-1,-1
249,4,342.78,625.51,89.44,221.45,-1,-1,-1,-1
250,4,336.04,603.92,91.16,247.00,-1,-1,-1,-1
1,5,919.89,427.03,88.30,204.53,-1,-1,-1,-1
2,5,912.83,435.90,85.82,216.39,-1,-1,-1,-1
2,6,907.78,465.06,80.88,204.05,-1,-1,-1,-1
3,6,898.00,451.29,84.90,219.59,-1,-1,-1,-1
4,6,880.98,473.03,86.51,207.74,-1,-1,-1,-1
5,6,864.87,486.42,87.04,212.29,-1,-1,-1,-1
6,6,849.52,502.97,85.85,210.38,-1,-1,-1,-1
7,6,834.37,519.81,84.57,208.75,-1,-1,-1,-1
8,6,826.39,531.28,82.57,217.50,-1,-1,-1,-1
9,6,809.79,548.40,83.80,214.02,-1,-1,-1,-1
10,6,793.70,563.66,84.13,215.74,-1,-1,-1,-1
11,6,775.42,575.32,89.35,205.78,-1,-1,-1,-1
12,6,760.39,580.68,88.55,213.44,-1,-1,-1,-1
13,6,744.33,593.14,89.06,207.47,-1,-1,-1,-1
14,6,736.15,606.62,86.05,208.26,-1,-1,-1,-1
15,6,718.92,616.03,88.90,209.91,-1,-1,-1,-1
16,6,704.18,630.68,88.35,211.66,-1,-1,-1,-1
17,6,687.56,646.83,90.09,209.29,-1,-1,-1,-1
18,6,679.62,652.33,88.39,215.65,-1,-1,-1,-1
19,6,663.33,663.85,90.76,211.47,-1,-1,-1,-1
20,6,647.80,676.92,89.35,211.83,-1,-1,-1,-1
21,6,640.88,680.80,85.55,223.48,-1,-1,-1,-1
22,6,623.70,690.00,89.30,219.61,-1,-1,-1,-1
23,6,607.83,697.95,89.72,218.69,-1,-1,-1,-1
24,6,598.39,700.21,91.50,214.29,-1,-1,-1,-1
25,6,591.61,705.34,87.83,236.64,-1,-1,-1,-1
26,6,574.19,717.08,91.26,245.15,-1,-1,-1,-1
27,6,555.86,720.09,96.62,238.38,-1,-1,-1,-1
28,6,545.54,726.62,100.85,241.54,-1,-1,-1,-1
29,6,529.37,718.82,102.65,242.14,-1,-1,-1,-1
30,6,519.34,722.79,104.78,234.43,-1,-1,-1,-1
31,6,504.67,726.57,103.55,224.23,-1,-1,-1,-1
32,6,499.11,727.53,98.61,224.85,-1,-1,-1,-1
33,6,491.24,730.98,97.08,233.45,-1,-1,-1,-1
34,6,481.44,727.30,100.18,227.47,-1,-1,-1,-1
35,6,468.33,721.65,97.16,222.27,-1,-1,-1,-1
36,6,461.54,722.65,92.99,220.70,-1,-1,-1,-1
37,6,452.09,719.35,95.32,225.75,-1,-1,-1,-1
38,6,444.86,720.62,93.16,221.91,-1,-1,-1,-1
39,6,436.38,719.00,94.08,223.31,-1,-1,-1,-1
40,6,420.80,712.07,95.56,222.46,-1,-1,-1,-1
41,6,413.83,697.57,93.96,223.31,-1,-1,-1,-1
42,6,405.55,700.85,94.86,215.98,-1,-1,-1,-1
43,6,397.19,683.52,94.33,217.96,-1,-1,-1,-1
44,6,387.80,675.42,96.87,214.72,-1,-1,-1,-1
45,6,381.41,666.37,95.33,216.23,-1,-1,-1,-1
46,6,379.72,663.32,94.70,212.22,-1,-1,-1,-1
47,6,372.74,645.32,94.31,215.43,-1,-1,-1,-1
48,6,364.72,644.57,95.57,215.41,-1,-1,-1,-1
49,6,355.64,635.78,97.52,214.98,-1,-1,-1,-1
50,6,355.79,616.74,94.59,238.26,-1,-1,-1,-1
51,6,346.55,610.04,99.57,234.29,-1,-1,-1,-1
52,6,339.92,591.63,98.13,224.64,-1,-1,-1,-1
53,6,338.31,581.21,97.90,215.12,-1,-1,-1,-1
54,6,334.42,566.37,93.50,213.04,-1,-1,-1,-1
55,6,333.91,553.96,92.13,220.54,-1,-1,-1,-1
56,6,332.74,542.40,92.53,211.10,-1,-1,-1,-1
57,6,324.87,529.68,95.18,207.44,-1,-1,-1,-1
58,6,325.56,522.89,91.90,206.42,-1,-1,-1,-1
59,6,328.93,499.60,84.43,203.77,-1,-1,-1,-1
60,6,329.19,490.82,84.89,199.87,-1,-1,-1,-1
61,6,322.35,475.64,85.91,203.11,-1,-1,-1,-1
62,6,321.99,452.18,85.80,201.57,-1,-1,-1,-1
63,6,322.83,449.58,84.00,202.43,-1,-1,-1,-1
64,6,321.90,434.08,85.98,205.34,-1,-1,-1,-1
65,6,321.76,405.00,85.67,213.34,-1,-1,-1,-1
66,6,321.51,382.72,87.37,210.96,-1,-1,-1,-1
67,6,320.25,374.29,89.47,213.43,-1,-1,-1,-1
68,6,326.19,358.75,89.30,212.08,-1,-1,-1,-1
69,6,325.42,351.48,92.77,207.19,-1,-1,-1,-1
70,6,326.63,334.48,91.21,208.64,-1,-1,-1,-1
71,6,326.05,327.94,93.61,205.63,-1,-1,-1,-1
72,6,334.47,314.79,91.62,203.66,-1,-1,-1,-1
73,6,340.10,304.42,94.09,206.25,-1,-1,-1,-1
74,6,341.76,274.05,92.44,217.63,-1,-1,-1,-1
75,6,340.31,272.57,96.81,205.87,-1,-1,-1,-1
76,6,349.35,256.27,93.47,209.70,-1,-1,-1,-1
77,6,357.44,247.12,92.51,209.15,-1,-1,-1,-1
78,6,364.69,231.29,93.03,211.90,-1,-1,-1,-1
79,6,364.05,229.96,97.63,209.86,-1,-1,-1,-1
80,6,371.59,206.52,96.40,212.28,-1,-1,-1,-1
81,6,372.93,206.70,96.41,210.53,-1,-1,-1,-1
82,6,379.59,194.50,97.50,220.78,-1,-1,-1,-1
83,6,387.10,179.35,97.15,219.54,-1,-1,-1,-1
84,6,395.33,170.79,97.78,217.41,-1,-1,-1,-1
85,6,404.05,162.96,95.45,220.26,-1,-1,-1,-1
86,6,410.59,163.17,97.81,219.46,-1,-1,-1,-1
87,6,420.31,148.24,95.80,215.61,-1,-1,-1,-1
88,6,428.72,146.72,96.07,218.52,-1,-1,-1,-1
89,6,435.32,140.52,98.99,214.37,-1,-1,-1,-1
90,6,443.77,140.41,97.48,214.29,-1,-1,-1,-1
91,6,458.43,139.02,96.90,215.63,-1,-1,-1,-1
92,6,467.34,133.80,96.59,213.89,-1,-1,-1,-1
93,6,474.64,133.32,99.36,212.13,-1,-1,-1,-1
94,6,484.04,131.24,97.75,214.78,-1,-1,-1,-1
95,6,498.41,132.60,96.98,217.26,-1,-1,-1,-1
96,6,507.66,131.86,97.74,217.70,-1,-1,-1,-1
97,6,522.09,130.19,97.58,216.96,-1,-1,-1,-1
98,6,532.67,137.64,95.56,220.87,-1,-1,-1,-1
99,6,540.34,140.62,96.57,213.87,-1,-1,-1,-1
100,6,556.16,141.14,95.08,213.39,-1,-1,-1,-1
101,6,565.92,145.85,94.47,218.89,-1,-1,-1,-1
102,6,579.89,148.52,94.59,218.15,-1,-1,-1,-1
103,6,589.99,156.15,94.11,212.75,-1,-1,-1,-1
104,6,603.60,160.67,95.63,224.75,-1,-1,-1,-1
105,6,619.33,162.65,95.22,221.68,-1,-1,-1,-1
106,6,630.42,177.12,92.02,218.95,-1,-1,-1,-1
107,6,643.90,178.69,94.48,221.24,-1,-1,-1,-1
108,6,653.88,186.59,93.97,220.40,-1,-1,-1,-1
109,6,669.30,199.69,92.28,222.28,-1,-1,-1,-1
110,6,683.26,207.65,96.99,224.89,-1,-1,-1,-1
111,6,699.92,230.24,95.82,210.21,-1,-1,-1,-1
112,6,711.21,230.20,91.44,228.93,-1,-1,-1,-1
113,6,726.72,254.53,91.31,209.75,-1,-1,-1,-1
114,6,742.87,258.68,90.53,216.41,-1,-1,-1,-1
115,6,757.90,272.86,91.64,223.32,-1,-1,-1,-1
116,6,772.30,282.89,93.94,218.21,-1,-1,-1,-1
117,6,786.84,289.93,96.83,222.26,-1,-1,-1,-1
118,6,797.12,307.58,94.90,218.52,-1,-1,-1,-1
119,6,812.64,329.96,95.55,220.00,-1,-1,-1,-1
120,6,827.86,330.51,96.04,221.10,-1,-1,-1,-1
121,6,843.31,342.87,97.87,225.83,-1,-1,-1,-1
122,6,860.08,356.71,95.64,231.59,-1,-1,-1,-1
123,6,874.46,374.72,98.10,225.22,-1,-1,-1,-1
124,6,890.67,391.43,96.15,224.93,-1,-1,-1,-1
125,6,903.89,421.22,90.47,213.44,-1,-1,-1,-1
126,6,919.67,439.25,89.03,210.35,-1,-1,-1,-1
127,6,935.79,456.29,89.54,205.94,-1,-1,-1,-1
128,6,952.99,468.84,84.66,214.36,-1,-1,-1,-1
129,6,966.07,487.95,90.47,207.01,-1,-1,-1,-1
130,6,983.91,502.14,86.73,211.08,-1,-1,-1,-1
131,6,998.38,514.07,89.80,203.25,-1,-1,-1,-1
132,6,1015.02,526.67,88.37,211.54,-1,-1,-1,-1
133,6,1025.37,542.85,87.01,209.54,-1,-1,-1,-1
134,6,1040.89,556.33,87.30,214.84,-1,-1,-1,-1
135,6,1056.12,565.87,87.86,213.90,-1,-1,-1,-1
136,6,1072.43,588.45,87.18,213.18,-1,-1,-1,-1
137,6,1087.14,593.85,89.77,206.88,-1,-1,-1,-1
138,6,1103.00,602.68,89.99,218.59,-1,-1,-1,-1
139,6,1119.62,622.47,87.33,211.49,-1,-1,-1,-1
140,6,1126.48,630.52,91.78,212.84,-1,-1,-1,-1
141,6,1142.22,640.01,92.00,209.18,-1,-1,-1,-1
142,6,1159.25,654.04,88.11,211.50,-1,-1,-1,-1
143,6,1174.18,663.89,90.25,209.18,-1,-1,-1,-1
144,6,1183.54,672.11,91.28,206.36,-1,-1,-1,-1
145,6,1198.70,679.17,91.75,207.77,-1,-1,-1,-1
146,6,1216.86,695.65,85.78,208.85,-1,-1,-1,-1
147,6,1231.55,701.46,86.92,211.37,-1,-1,-1,-1
148,6,1239.74,700.94,89.61,213.20,-1,-1,-1,-1
149,6,1255.36,707.99,89.52,215.81,-1,-1,-1,-1
150,6,1263.46,709.89,91.10,213.59,-1,-1,-1,-1
151,6,1277.69,718.89,91.93,210.17,-1,-1,-1,-1
152,6,1286.25,719.05,93.14,210.05,-1,-1,-1,-1
153,6,1301.92,724.58,90.91,218.91,-1,-1,-1,-1
154,6,1310.87,726.79,90.97,213.94,-1,-1,-1,-1
155,6,1325.31,732.80,91.52,213.12,-1,-1,-1,-1
156,6,1334.48,727.92,91.29,210.49,-1,-1,-1,-1
157,6,1343.48,737.14,90.97,205.77,-1,-1,-1,-1
158,6,1355.19,728.71,96.08,209.19,-1,-1,-1,-1
159,6,1365.47,735.13,93.17,209.07,-1,-1,-1,-1
160,6,1374.23,735.89,93.00,209.10,-1,-1,-1,-1
161,6,1380.10,723.06,97.64,217.03,-1,-1,-1,-1
162,6,1395.91,716.14,94.64,218.03,-1,-1,-1,-1
163,6,1404.45,716.91,93.34,213.32,-1,-1,-1,-1
164,6,1411.58,708.61,95.44,217.14,-1,-1,-1,-1
165,6,1421.02,707.53,93.63,217.45,-1,-1,-1,-1
166,6,1428.82,700.34,93.93,216.59,-1,-1,-1,-1
167,6,1436.63,698.05,94.77,218.05,-1,-1,-1,-1
168,6,1443.36,683.63,96.82,215.63,-1,-1,-1,-1
169,6,1451.70,670.99,95.77,211.77,-1,-1,-1,-1
170,6,1459.01,669.03,96.17,211.20,-1,-1,-1,-1
171,6,1467.32,660.85,95.47,212.73,-1,-1,-1,-1
172,6,1468.41,646.98,95.88,213.11,-1,-1,-1,-1
173,6,1475.15,640.95,96.41,208.57,-1,-1,-1,-1
174,6,1475.93,631.85,98.14,211.24,-1,-1,-1,-1
175,6,1485.76,613.83,94.10,213.13,-1,-1,-1,-1
176,6,1492.97,609.50,93.17,207.38,-1,-1,-1,-1
177,6,1495.09,590.95,91.81,211.88,-1,-1,-1,-1
178,6,1502.55,573.05,90.49,214.75,-1,-1,-1,-1
179,6,1503.53,558.82,90.41,212.81,-1,-1,-1,-1
180,6,1509.64,549.75,90.00,212.53,-1,-1,-1,-1
181,6,1510.84,528.77,89.74,223.39,-1,-1,-1,-1
182,6,1511.09,523.23,91.02,217.71,-1,-1,-1,-1
183,6,1510.43,513.79,93.60,206.30,-1,-1,-1,-1
184,6,1517.68,496.61,90.43,206.12,-1,-1,-1,-1
185,6,1518.82,483.28,89.69,202.94,-1,-1,-1,-1
186,6,1519.23,464.67,89.09,208.86,-1,-1,-1,-1
187,6,1519.02,456.37,90.50,206.10,-1,-1,-1,-1
188,6,1519.59,428.66,88.64,215.48,-1,-1,-1,-1
189,6,1518.77,423.46,90.48,206.20,-1,-1,-1,-1
190,6,1518.59,405.57,90.27,212.53,-1,-1,-1,-1
191,6,1517.56,388.37,91.07,215.00,-1,-1,-1,-1
192,6,1517.31,363.93,91.05,215.05,-1,-1,-1,-1
193,6,1510.64,346.04,92.88,217.92,-1,-1,-1,-1
194,6,1508.41,341.62,95.59,214.83,-1,-1,-1,-1
195,6,1506.21,322.79,98.83,221.43,-1,-1,-1,-1
196,6,1502.97,314.19,104.12,217.62,-1,-1,-1,-1
197,6,1497.78,299.45,100.45,217.82,-1,-1,-1,-1
198,6,1497.03,284.87,100.46,214.21,-1,-1,-1,-1
199,6,1488.15,268.85,103.08,216.13,-1,-1,-1,-1
200,6,1481.38,259.78,103.59,218.51,-1,-1,-1,-1
201,6,1482.24,252.05,99.59,214.61,-1,-1,-1,-1
202,6,1476.31,235.80,96.74,216.12,-1,-1,-1,-1
203,6,1474.56,228.32,98.03,214.09,-1,-1,-1,-1
204,6,1468.63,214.15,93.81,210.45,-1,-1,-1,-1
205,6,1460.68,197.44,94.25,214.90,-1,-1,-1,-1
206,6,1453.18,189.29,96.54,216.29,-1,-1,-1,-1
207,6,1445.60,197.18,94.58,211.16,-1,-1,-1,-1
208,6,1442.10,170.77,97.28,220.18,-1,-1,-1,-1
209,6,1434.96,170.10,96.82,218.57,-1,-1,-1,-1
210,6,1426.62,163.48,97.82,215.50,-1,-1,-1,-1
211,6,1418.32,147.30,98.03,220.56,-1,-1,-1,-1
212,6,1409.05,147.95,100.79,218.17,-1,-1,-1,-1
213,6,1400.03,138.57,102.10,218.75,-1,-1,-1,-1
214,6,1393.59,147.23,99.93,213.75,-1,-1,-1,-1
215,6,1379.73,130.81,98.84,220.71,-1,-1,-1,-1
216,6,1369.37,137.72,102.69,217.00,-1,-1,-1,-1
217,6,1361.38,133.06,101.25,216.26,-1,-1,-1,-1
218,6,1351.61,130.83,102.30,219.15,-1,-1,-1,-1
219,6,1342.22,124.19,104.88,217.96,-1,-1,-1,-1
220,6,1331.78,132.88,97.37,217.37,-1,-1,-1,-1
221,6,1316.21,130.16,98.69,218.01,-1,-1,-1,-1
222,6,1305.58,133.40,102.46,217.03,-1,-1,-1,-1
223,6,1296.97,138.82,101.03,215.63,-1,-1,-1,-1
224,6,1281.34,141.77,102.42,213.70,-1,-1,-1,-1
225,6,1273.75,148.28,99.50,215.69,-1,-1,-1,-1
226,6,1259.77,148.11,98.14,214.81,-1,-1,-1,-1
227,6,1251.28,157.55,96.13,214.91,-1,-1,-1,-1
228,6,1237.55,170.47,93.00,215.96,-1,-1,-1,-1
229,6,1219.61,170.27,97.77,219.63,-1,-1,-1,-1
230,6,1211.87,181.57,94.39,215.69,-1,-1,-1,-1
231,6,1195.08,190.63,97.11,213.84,-1,-1,-1,-1
232,6,1179.67,195.62,97.65,213.79,-1,-1,-1,-1
233,6,1165.48,203.75,94.69,213.45,-1,-1,-1,-1
234,6,1155.92,212.35,94.38,214.21,-1,-1,-1,-1
235,6,1140.61,221.02,94.93,215.97,-1,-1,-1,-1
236,6,1124.75,228.44,96.19,216.23,-1,-1,-1,-1
237,6,1117.56,244.00,92.11,215.55,-1,-1,-1,-1
238,6,1101.54,260.10,91.98,216.89,-1,-1,-1,-1
239,6,1087.32,271.70,89.22,207.30,-1,-1,-1,-1
240,6,1070.61,279.48,91.18,211.59,-1,-1,-1,-1
241,6,1054.84,296.48,91.05,208.14,-1,-1,-1,-1
242,6,1040.41,311.41,88.14,210.06,-1,-1,-1,-1
243,6,1028.61,319.48,92.78,211.18,-1,-1,-1,-1
244,6,1014.48,329.81,90.31,219.32,-1,-1,-1,-1
245,6,998.11,340.93,91.18,214.65,-1,-1,-1,-1
246,6,985.34,355.57,85.46,215.94,-1,-1,-1,-1
247,6,966.11,363.09,91.65,218.96,-1,-1,-1,-1
248,6,952.81,384.44,87.48,223.09,-1,-1,-1,-1
249,6,935.75,405.27,89.94,213.50,-1,-1,-1,-1
250,6,921.32,423.27,88.21,210.17,-1,-1,-1,-1
