1,37,915.0357666015625,439.3065185546875,999.9685668945312,645.6896362304688,1,-1,-1,-1
2,37,920.7302026505633,444.2733603233148,1003.4534425505601,645.3570198500452,1,-1,-1,-1
3,37,922.4005101461318,450.2028427857998,1005.3495696392063,651.5832966710606,1,-1,-1,-1
4,37,923.4671938126112,451.88154031705295,1007.3459953406655,655.0816561540419,1,-1,-1,-1
5,37,929.526907301891,458.2774373770608,1013.3282112546144,662.2144509669793,1,-1,-1,-1
5,38,905.482158939119,452.2713806152344,972.2690129358808,639.61943359375,1,-1,-1,-1
6,37,935.9331322598272,458.7342366502969,1019.731064084354,663.7102758959945,1,-1,-1,-1
6,38,900.0382226676946,451.21832512459093,969.8587245019222,647.3031031827942,1,-1,-1,-1
7,37,939.4069837770962,463.77563521017555,1023.2839192374431,669.8019692499781,1,-1,-1,-1
7,38,897.7892419339263,453.57256677544063,968.8105767212533,652.7951387743175,1,-1,-1,-1
8,37,944.791644781883,466.8978042252766,1027.7779007567467,671.6948183430112,1,-1,-1,-1
8,38,896.5969589227664,457.29620620653554,968.683259811327,658.9561713166556,1,-1,-1,-1
9,37,948.6501471482999,469.6044118800477,1030.1502948919792,671.4240089394262,1,-1,-1,-1
9,38,894.5632443964555,458.41118154031824,967.9243286638186,662.2032189561316,1,-1,-1,-1
10,37,952.5843671515611,472.31539702125,1034.8961049803227,677.5026393320334,1,-1,-1,-1
10,38,889.909897707637,459.73721266550143,963.944742935959,664.7123311158789,1,-1,-1,-1
11,37,955.9025383577496,475.2197462217481,1037.486695435771,679.692429073318,1,-1,-1,-1
11,38,887.117675925346,466.8866252902544,960.707254774187,669.648439441906,1,-1,-1,-1
12,37,960.6606866885957,478.994246055034,1042.6248873603654,685.3501785539422,1,-1,-1,-1
12,38,881.8533058933233,468.55307295139727,956.1813993130146,671.4806108252042,1,-1,-1,-1
13,37,963.8255622760975,483.3669940336075,1045.0558108989487,688.4180467072754,1,-1,-1,-1
13,38,878.564514717647,473.68490851698255,953.3056090540389,676.8028508669612,1,-1,-1,-1
14,37,965.6348102441427,488.16410840823886,1047.3256049319052,694.3137289634062,1,-1,-1,-1
14,38,872.6688783667774,473.48262483561916,948.9561729692592,679.1467551351218,1,-1,-1,-1
15,37,970.4107043594299,489.4173712127285,1051.893347999261,696.1722642510208,1,-1,-1,-1
15,38,869.8161185674118,480.65311001073997,946.1057423478189,685.5286643512998,1,-1,-1,-1
16,37,976.7312725677602,492.4835832752741,1057.035904599798,696.6974557677121,1,-1,-1,-1
16,38,867.7103363166763,487.40623484608454,944.2158153732142,692.0480235222933,1,-1,-1,-1
17,37,979.7046716210523,498.5335347034944,1059.7092204701846,701.8179482746002,1,-1,-1,-1
17,38,863.0302094177662,491.19548765360423,939.6489141203032,694.8162474465471,1,-1,-1,-1
18,37,981.2161756865784,502.4110990881678,1062.2536129897721,708.6943617582565,1,-1,-1,-1
18,38,860.1934564179087,490.70046267326916,937.580921276397,695.8638871099492,1,-1,-1,-1
19,37,986.5024889339464,505.33528318664213,1066.8238618136663,710.3015112466825,1,-1,-1,-1
19,38,854.9360745175632,495.18367502362184,933.2209588335006,702.2233205411799,1,-1,-1,-1
20,37,990.0011725076799,508.8777969535971,1069.0395166198634,710.8808988376304,1,-1,-1,-1
20,38,851.9969944471243,494.424585254185,929.7396546584754,699.143625627174,1,-1,-1,-1
21,37,994.212990805489,509.2439853796401,1073.9858533647953,713.0872903455185,1,-1,-1,-1
21,38,846.4188643153649,498.356424092782,924.9591156085975,703.6470632933153,1,-1,-1,-1
22,37,996.7122459501052,511.84816796301305,1077.077345864689,717.8809720411009,1,-1,-1,-1
22,38,842.9165743024167,499.5907088095099,922.1807666360722,705.6597614747062,1,-1,-1,-1
23,37,998.7509214689513,520.1764303649625,1078.289175024504,724.5448420685565,1,-1,-1,-1
23,38,837.3630377215152,502.68765044376244,917.3677266252598,710.2664721716702,1,-1,-1,-1
24,37,1003.6375288346376,524.3416086708131,1082.8359947571898,727.6430386211769,1,-1,-1,-1
24,38,834.6649537087917,506.3705030275732,914.7042150798136,713.3002957511139,1,-1,-1,-1
25,37,1007.1582546198529,525.3610764398187,1085.4385496980103,727.1222245291945,1,-1,-1,-1
25,38,829.293535821221,512.1540812998038,909.4180264641146,718.3986313440336,1,-1,-1,-1
26,37,1011.5739951837022,525.8172646703127,1089.801132325896,728.2012213917155,1,-1,-1,-1
26,38,826.5715035144078,513.5884092269187,907.1234562688019,721.0273602013599,1,-1,-1,-1
27,37,1015.0591621389464,531.4412094970181,1092.3338054158628,731.8952563538086,1,-1,-1,-1
27,38,821.9386242544108,519.7926418473562,901.8679124839666,725.1601312629668,1,-1,-1,-1
28,37,1019.4360809830197,534.3138728110939,1096.8060810996994,734.6982050841759,1,-1,-1,-1
28,38,819.3320246371981,523.2321936141543,898.9796765398545,727.1350908458844,1,-1,-1,-1
29,37,1022.4469842990349,537.7897659372754,1100.623285340694,740.405632425468,1,-1,-1,-1
29,38,817.6354233352363,525.1441858792472,896.987057505751,727.9596438753698,1,-1,-1,-1
30,37,1026.670218277923,539.5034506146451,1105.257877302898,743.9543104898166,1,-1,-1,-1
30,38,812.7413012994846,529.6388233395694,892.7835832411504,734.0907816337105,1,-1,-1,-1
31,37,1029.678079678342,544.6634638229319,1108.162166449364,749.2731164602242,1,-1,-1,-1
31,38,810.0510838880589,531.7729508890505,890.273270285925,736.0206721856036,1,-1,-1,-1
32,37,1031.9042465977261,546.5186163837728,1109.7047092655157,749.4719421334172,1,-1,-1,-1
32,38,805.4198539738636,533.9221667949585,884.8646590008206,735.8755199674713,1,-1,-1,-1
33,37,1036.0214976148463,546.6644421768274,1113.8898204779791,750.5292790847018,1,-1,-1,-1
33,38,802.6725417693116,537.8525550777263,882.4875247119788,740.5040824708384,1,-1,-1,-1
34,37,1039.509837928882,552.6285469487748,1116.629000744994,754.816996434876,1,-1,-1,-1
34,38,797.7443912123103,539.0313429467237,877.9228983131209,742.4464914736537,1,-1,-1,-1
35,37,1043.8499120319211,555.2229797718741,1121.6122875547164,759.1887528480959,1,-1,-1,-1
35,38,795.1555531203769,540.9005888624057,875.4705529700092,743.7462948285931,1,-1,-1,-1
36,37,1047.0893757400374,561.2632253961955,1123.9449731490283,763.8386429400929,1,-1,-1,-1
36,38,793.3979154287681,544.5024473877982,874.1959046273822,748.8241057038337,1,-1,-1,-1
37,37,1052.1137575691819,560.1784202695092,1128.2465629711526,761.0042504033818,1,-1,-1,-1
37,38,788.8613773380614,542.5679073216567,869.2340977101014,744.8982251725606,1,-1,-1,-1
38,37,1054.560484914117,561.062288541728,1131.9831159408286,764.9821578371116,1,-1,-1,-1
38,38,786.2942990678426,545.3370161934456,867.1461581154242,748.5860606154222,1,-1,-1,-1
39,37,1059.0187096032691,562.1032110762803,1136.2622895709958,766.3825069354173,1,-1,-1,-1
39,38,781.5600679591691,551.9575545737207,862.2552344039644,754.3293000610275,1,-1,-1,-1
40,37,1062.4192045417055,564.4644433604468,1139.315764634472,767.8800334346512,1,-1,-1,-1
40,38,778.3813433752537,553.4153452318392,860.2084475790608,758.467438184202,1,-1,-1,-1
41,37,1063.9118639676378,570.1175832485545,1141.3895750118884,774.3747973857543,1,-1,-1,-1
41,38,773.246699172777,553.9214993925839,855.1561964358533,758.9634238552834,1,-1,-1,-1
42,37,1067.3699853340647,574.7647636944012,1145.6140085104844,780.2307588795038,1,-1,-1,-1
42,38,770.2220359609724,555.8259212462295,852.3345493416122,760.7033374630204,1,-1,-1,-1
43,37,1069.7698322311692,576.4708016765366,1148.06382813254,782.5662748665852,1,-1,-1,-1
43,38,768.713901501534,559.0246496251364,851.3305244445291,765.577734580449,1,-1,-1,-1
44,37,1074.1813255473003,578.3627262126114,1152.4866316124082,784.5112076668069,1,-1,-1,-1
44,38,764.5349211015941,562.3780819463415,846.7496524672497,767.7200693569828,1,-1,-1,-1
45,37,1076.7171512221632,574.2461164516805,1155.5506180303955,780.9537019949845,1,-1,-1,-1
45,38,761.5951511975643,561.0951446670286,844.4977328569519,768.1182504064379,1,-1,-1,-1
46,37,1079.8228268397224,578.9497334240458,1157.365207632623,782.7767518310433,1,-1,-1,-1
46,38,756.4722516356225,562.3977210111096,839.1210522171616,768.2070521089541,1,-1,-1,-1
47,37,1083.1873659218957,579.2273805089237,1161.2796448938157,784.0252873321078,1,-1,-1,-1
47,38,753.6463553244442,562.5323053222478,836.3595903232829,767.891313749483,1,-1,-1,-1
48,37,1085.507297795437,582.0160653120307,1164.5111893143196,789.0298818640601,1,-1,-1,-1
48,38,748.8422404738862,563.6322196184752,831.2662458751998,767.1358922253555,1,-1,-1,-1
49,37,1090.5746500172174,584.3435421164911,1169.008380866008,790.8474989315675,1,-1,-1,-1
49,38,746.0714318183448,566.6822289857446,829.2833740334966,772.2658751592267,1,-1,-1,-1
50,37,1093.6341057374646,587.3202256959873,1171.4792299832875,793.0234758666164,1,-1,-1,-1
50,38,745.0261627377629,565.4836048429695,827.535335026025,769.4038185420313,1,-1,-1,-1
51,37,1096.1718237469076,588.821142315192,1173.0661545409273,792.5988464758445,1,-1,-1,-1
51,38,739.7745154181392,567.4973382063583,823.3085794371651,773.6670913647779,1,-1,-1,-1
52,37,1099.2509107221401,588.4779301673509,1176.5362602557125,793.2171190924349,1,-1,-1,-1
52,38,737.3561392243862,568.798255672907,821.0612078817243,775.7198481568305,1,-1,-1,-1
53,37,1102.1569713382507,588.1778832461262,1179.071535121014,793.1081377648154,1,-1,-1,-1
53,38,732.4079949782715,570.8223696820756,815.7868030842841,775.6454974350456,1,-1,-1,-1
54,37,1106.8594187898734,587.0214807322908,1183.6965229612017,792.4886277334292,1,-1,-1,-1
54,38,729.8285550106544,571.0626334255559,813.175849266452,775.643781518616,1,-1,-1,-1
55,37,1109.0413004236857,586.938700873723,1186.3142665290752,793.8260487492231,1,-1,-1,-1
55,38,728.2689949264444,569.4275826627771,812.3522407580261,775.7798183429298,1,-1,-1,-1
56,37,1110.968025110922,590.2059707194625,1188.2500946095886,797.6509966978913,1,-1,-1,-1
56,38,724.1060404345519,571.3269863068873,807.5968411272013,775.9829964381975,1,-1,-1,-1
57,37,1114.8570725063926,591.9125624,1192.1494244034834,799.2667779801532,1,-1,-1,-1
57,38,721.5936738550389,570.858011771321,804.8510152337277,775.6502936548687,1,-1,-1,-1
58,37,1117.6673276740532,591.9477669021629,1194.5166678683086,798.4212662303945,1,-1,-1,-1
58,38,720.8489015191396,571.8907313524378,803.1758295054242,774.9303444196851,1,-1,-1,-1
59,37,1119.990344019935,592.4535951701282,1196.5950290886954,798.1051469389511,1,-1,-1,-1
59,38,715.548009901052,574.3916415426615,798.9038609724961,780.534666339611,1,-1,-1,-1
60,37,1123.7206137821177,592.4925074763922,1200.7481252307055,799.4300366954847,1,-1,-1,-1
60,38,713.4270215337069,576.9048919934681,796.8638486150476,783.2851750885958,1,-1,-1,-1
61,37,1125.975515437125,588.8969714851677,1203.219165428117,795.9802470454863,1,-1,-1,-1
61,38,712.2178976201951,572.4351139590945,795.8088961033226,779.3499294599055,1,-1,-1,-1
62,37,1127.5917525768975,590.7193201173956,1204.732875040687,797.3090044104248,1,-1,-1,-1
62,38,707.1717999109017,574.5614181815533,791.3044332080972,783.0656836705867,1,-1,-1,-1
63,37,1131.7549260100297,593.481530710724,1208.1332086038822,797.9114621676248,1,-1,-1,-1
63,38,705.1147883391939,572.1619659462281,788.6015467924472,779.3329336787681,1,-1,-1,-1
64,37,1133.4999463333274,593.0773072692292,1211.1798625176514,799.3125525758244,1,-1,-1,-1
64,38,704.4794481459077,571.0078747216502,787.463166917356,777.938481140538,1,-1,-1,-1
65,37,1134.9935088319962,592.3107176591805,1212.6788006884333,798.3167832223825,1,-1,-1,-1
65,38,699.3023050119359,573.5807138773752,783.1770978216757,782.8791626926666,1,-1,-1,-1
66,37,1138.9815906972208,589.0718353888398,1216.7829143888785,794.6658854912581,1,-1,-1,-1
66,38,696.9596030464347,575.1006253597814,781.0511570477084,785.5770654915658,1,-1,-1,-1
67,37,1140.5390348365665,586.5984433780006,1218.8787403610982,793.6206654936192,1,-1,-1,-1
67,38,695.9729942617817,575.0556146046118,779.9317938667036,786.4256546389084,1,-1,-1,-1
68,37,1142.6288005530294,590.7526007341556,1220.8820877475691,797.4258056035596,1,-1,-1,-1
68,38,691.1465566122934,573.8964838060792,775.3168461001611,786.4106024176909,1,-1,-1,-1
69,37,1146.087287118035,587.7471001291528,1224.9980494044444,794.8268730613105,1,-1,-1,-1
69,38,689.1165332699707,574.9375353662161,773.0689271032652,787.0216336195963,1,-1,-1,-1
70,37,1149.0934977472268,591.1415706322813,1227.490927232563,796.3589374664307,1,-1,-1,-1
70,38,688.094451841639,574.2949453252564,771.7934232115244,786.3885943683861,1,-1,-1,-1
71,37,1150.8750375305442,587.2919149950471,1229.0854480971007,792.2750143732366,1,-1,-1,-1
71,38,683.3624034288706,574.1073781255872,767.4321778325827,786.0300821221688,1,-1,-1,-1
71,40,760.3447954623659,582.5147827148437,875.7566449673214,777.546630859375,1,-1,-1,-1
72,37,1154.570375421849,590.2564535973785,1232.8866196133845,795.7543965474704,1,-1,-1,-1
72,38,681.4498678005756,569.7443147666747,765.3234911252606,780.9390839938955,1,-1,-1,-1
73,37,1156.5779133533174,585.6996952352944,1235.236787109406,792.4785808427474,1,-1,-1,-1
73,38,679.9486531125602,567.0952179139798,764.497922296193,779.9552515593165,1,-1,-1,-1
74,37,1157.333102816056,588.320934537,1236.8584367248766,797.0770865825898,1,-1,-1,-1
74,38,679.600452890689,570.7069032265698,763.9996601273824,783.7764705967827,1,-1,-1,-1
75,37,1159.3382130213965,586.059305708769,1237.3933350546827,791.5130393983935,1,-1,-1,-1
75,38,674.7568743784584,567.0616278457932,759.7360433097128,780.3094268554368,1,-1,-1,-1
76,37,1162.6047115116567,585.1300995368181,1240.6697380141313,790.8944889988982,1,-1,-1,-1
76,38,672.6739314473821,566.3436987563068,757.388259973048,778.3190477027001,1,-1,-1,-1
77,37,1164.3455694693153,580.5397443704495,1242.5332641903003,786.0719449368257,1,-1,-1,-1
77,38,671.6247454220152,568.0170865545899,756.0881572003882,778.5316522714811,1,-1,-1,-1
77,40,756.3934674329084,578.9218733911033,868.1451949100973,766.067222742223,1,-1,-1,-1
78,37,1165.2318050515523,577.5463867535472,1244.203846200067,783.8690498282247,1,-1,-1,-1
78,38,667.8495007969561,566.7734213366349,752.2729922303578,776.673839763461,1,-1,-1,-1
79,37,1166.891346933736,576.949909569066,1245.4758143496354,782.2109551543712,1,-1,-1,-1
79,38,665.8622861854473,566.9707019783003,750.4607199156563,776.9173122749104,1,-1,-1,-1
80,37,1170.2804129626088,576.8749744380015,1249.204998781349,783.1322602662909,1,-1,-1,-1
80,38,664.8486600136308,562.7232484536923,749.6846361966756,772.6343471154978,1,-1,-1,-1
81,37,1172.1552399627585,572.558217978786,1251.3891942716625,778.9554287903421,1,-1,-1,-1
81,38,664.1673442232667,564.7313302435361,749.1582907431191,774.9837119178762,1,-1,-1,-1
82,37,1174.2351825898588,574.0745258589145,1252.9694371500466,779.9103055414848,1,-1,-1,-1
82,38,663.1412291064181,558.7565193589204,749.1708803152835,771.5389425651807,1,-1,-1,-1
83,37,1177.7523582196889,575.2228871308574,1256.5907808047466,781.4137174894104,1,-1,-1,-1
83,38,658.6831661730077,557.2880187678419,745.2923567788312,770.2234881706181,1,-1,-1,-1
84,37,1179.1605737051905,569.3567583885296,1258.7014005446345,776.82729743493,1,-1,-1,-1
84,38,656.6528671898377,553.0823326971379,743.2584832658027,765.6984512837745,1,-1,-1,-1
85,37,1180.3365385910588,567.7703131418664,1260.4119883897702,775.462707208293,1,-1,-1,-1
85,38,655.7722111813922,555.8051255872797,742.13191927838,766.9688592783027,1,-1,-1,-1
86,37,1181.8512562734259,563.950923049736,1261.5371727816337,770.5595596978992,1,-1,-1,-1
86,38,654.6469694734483,551.1684631276574,741.6753735863675,763.5629405745317,1,-1,-1,-1
87,37,1183.222767627602,561.9601705386497,1262.1094705121031,766.9660353451097,1,-1,-1,-1
87,38,654.1889153423703,551.3434820278662,741.3010578952853,762.9248722437802,1,-1,-1,-1
88,37,1186.095378098927,561.4564605712685,1265.7164967057406,767.9515945771135,1,-1,-1,-1
88,38,650.4492822759519,550.6403408648284,737.130268556695,761.2751459339486,1,-1,-1,-1
89,37,1187.3838060390517,559.6137218817851,1268.0181537611122,768.4260887591334,1,-1,-1,-1
89,38,647.8981617667768,545.7313624846281,735.2939534176028,757.1283955359338,1,-1,-1,-1
90,37,1188.3432343471745,557.7609556281723,1269.2013918071284,767.2538249817674,1,-1,-1,-1
90,38,646.9240259699079,543.2237406993839,734.2889386454801,754.6150114714757,1,-1,-1,-1
91,37,1189.3440394651388,557.9600009216176,1269.9395052176112,766.7100366339073,1,-1,-1,-1
91,38,646.0827743030621,541.8986767193458,733.8175776325154,753.704981052462,1,-1,-1,-1
92,37,1193.0691001115702,555.0326571321202,1273.0716877156767,762.5047969163185,1,-1,-1,-1
92,38,641.9860978780702,537.832064921997,729.593782154387,748.488331719929,1,-1,-1,-1
93,37,1194.3904871484908,552.2453602539474,1274.5603103885546,760.1144768315955,1,-1,-1,-1
93,38,640.2724104958844,536.0642568001019,727.7439023730186,746.0724063572758,1,-1,-1,-1
94,37,1195.3187354046206,546.8036213521882,1275.4162941703719,754.4524028007102,1,-1,-1,-1
94,38,639.8147699123363,536.3571920306867,726.5387206786565,744.5394892616741,1,-1,-1,-1
95,37,1195.7238964472745,544.0974368862546,1276.608308484573,752.4049363652515,1,-1,-1,-1
95,38,639.823605258882,531.7340484900068,725.9575614871235,738.9186520878607,1,-1,-1,-1
96,37,1196.3477032977262,539.5752880150709,1277.0097893921265,747.1235583534308,1,-1,-1,-1
96,38,639.6412597781448,527.9175466092403,725.7553424276289,735.7192654884751,1,-1,-1,-1
97,37,1197.2249928748065,540.6260963129909,1278.3525741964518,748.8040589637583,1,-1,-1,-1
97,38,639.4911621316834,527.9447497754443,725.0282897921674,735.1235957399526,1,-1,-1,-1
98,37,1197.902294629984,537.2104081273485,1278.9410143728333,744.1356840597884,1,-1,-1,-1
98,38,636.2354198664741,523.6241999970246,721.1412074397756,729.0842104287509,1,-1,-1,-1
99,37,1201.4005600162684,532.832881916101,1281.8849282294143,737.8461900286599,1,-1,-1,-1
99,38,634.3005104171993,521.5879862433625,719.3036595381068,727.5415381580189,1,-1,-1,-1
100,37,1202.5639617846396,529.61004011608,1283.824226395683,736.2468600568882,1,-1,-1,-1
100,38,633.5947326077209,519.965361585199,718.7993426566553,726.5220778442032,1,-1,-1,-1
101,37,1203.586424467404,527.248396167975,1285.267471884224,735.0003031433397,1,-1,-1,-1
101,38,632.740508123999,514.0940365414283,718.3015349895642,722.1308274353397,1,-1,-1,-1
102,37,1204.0266039622,522.0064187552289,1286.000010012998,730.206780067815,1,-1,-1,-1
102,38,632.5239614432817,507.7651666996014,717.8440379395802,715.3298567281511,1,-1,-1,-1
103,37,1204.350262241791,519.9356454984926,1286.758007765065,728.5041903302392,1,-1,-1,-1
103,38,632.5718267658783,505.7721965490105,717.2452098072577,711.9720748649554,1,-1,-1,-1
104,37,1204.1517794159683,512.8576735722845,1287.3635346231224,722.0601898599734,1,-1,-1,-1
104,38,632.9851446602423,504.496284182074,716.7879939072268,709.2546147378362,1,-1,-1,-1
105,37,1207.635211219752,507.91343978107426,1290.6879038328184,715.0963581353595,1,-1,-1,-1
105,38,632.5166243801668,503.6183468447753,716.4817181903447,708.8911481614293,1,-1,-1,-1
106,37,1209.4350525550683,506.8101536493907,1292.0927462965676,711.7694034313845,1,-1,-1,-1
106,38,632.511610756948,499.74018337256075,715.8423733374797,703.6742389403878,1,-1,-1,-1
107,37,1210.0146553316706,506.4297559521571,1292.9183945091206,710.9297010287282,1,-1,-1,-1
107,38,629.2808883353957,493.69888014334276,711.9664949802471,695.1167463603803,1,-1,-1,-1
108,37,1209.8372243928986,503.74313100095594,1293.9766208482395,710.4764166784113,1,-1,-1,-1
108,38,627.7639140082484,491.62469670977623,710.0768985590657,691.758018374513,1,-1,-1,-1
109,37,1209.7176138007892,499.1727136290022,1293.770077250854,705.1051299753624,1,-1,-1,-1
109,38,627.2299295769733,487.3331279209286,708.9191302996173,685.8193712368238,1,-1,-1,-1
110,37,1210.134081882417,495.0905063732762,1294.4991840387424,702.0924380025292,1,-1,-1,-1
110,38,626.4566911648413,484.39298796571813,708.4537987952191,683.5938007947279,1,-1,-1,-1
111,37,1210.5242900927365,494.13188551191456,1295.0379920126954,701.3943542956451,1,-1,-1,-1
111,38,626.4590717484689,479.26763798135863,708.0777671471851,677.6832647037388,1,-1,-1,-1
112,37,1210.4865083533912,488.25275023007356,1295.0470051361192,695.845671348399,1,-1,-1,-1
112,38,625.8967854242586,477.10063638172477,707.7891092240484,676.147065390063,1,-1,-1,-1
113,37,1211.20088909536,486.13269229999776,1295.4400925297418,693.6179068528195,1,-1,-1,-1
113,38,624.9978056338855,475.3533001062856,707.5321061667506,675.7411775732442,1,-1,-1,-1
114,37,1211.4007242566663,480.0825302486179,1295.7001355314098,687.9313675250114,1,-1,-1,-1
114,38,624.8698425917273,470.0808662682956,707.6258059434173,671.1966977313516,1,-1,-1,-1
115,37,1212.1408932724876,479.43395695515983,1295.8875281398116,686.6229307906247,1,-1,-1,-1
115,38,621.5938144676695,467.73051875822114,704.0566164255567,667.9856493696784,1,-1,-1,-1
116,37,1212.9766800425352,475.95122222184034,1295.4799791576702,681.4075650079116,1,-1,-1,-1
116,38,620.2958269971142,462.1653834655837,702.8748208777909,662.0425258079571,1,-1,-1,-1
117,37,1215.5690736800968,473.39957557633454,1298.1846667444647,680.2715669543235,1,-1,-1,-1
117,38,619.3399725894465,459.46329176473193,702.1034845304997,660.0027086729112,1,-1,-1,-1
118,37,1216.6798299002724,467.4759575696681,1299.1448560792937,674.4091146868507,1,-1,-1,-1
118,38,619.0056484121991,458.5519722070642,701.852227588895,659.5033158286158,1,-1,-1,-1
119,37,1217.1957800718117,463.40973101598223,1299.8908290372995,671.5496229373814,1,-1,-1,-1
119,38,619.1441804283211,454.5302480929712,701.5783675721568,655.0235350662314,1,-1,-1,-1
120,37,1217.6922994021477,461.4508997314608,1300.2328322388962,670.190390289099,1,-1,-1,-1
120,38,619.0411166188175,450.61767550482705,701.3411707970554,651.6151728007183,1,-1,-1,-1
121,37,1217.610475438045,455.22725687325254,1300.220160976326,664.7765666892526,1,-1,-1,-1
121,38,618.663377203858,444.5569190144297,700.8177909940995,645.9040790567485,1,-1,-1,-1
122,37,1217.8958671764456,453.68037756403413,1299.9759845165718,662.8082405528071,1,-1,-1,-1
122,38,618.022138451159,443.4892867952121,700.3036481640191,645.0118023870441,1,-1,-1,-1
123,37,1217.8155194994888,447.6600305237175,1299.751375184248,656.8965758992722,1,-1,-1,-1
123,38,618.0155429368447,441.01885217678154,700.6780926257119,643.2943601911875,1,-1,-1,-1
124,37,1217.5539998268923,445.6887063166457,1299.2156700210298,654.8080737070875,1,-1,-1,-1
124,38,618.4634696556627,434.66957694570095,700.7781634483235,636.7754945776221,1,-1,-1,-1
125,37,1217.8428151239295,442.3764404318565,1298.7193955671146,650.2647579858697,1,-1,-1,-1
125,38,618.1714106905755,433.0572263721839,700.8400163932864,635.7024092182334,1,-1,-1,-1
126,37,1218.1583296866643,435.78847435857756,1298.6546291982695,642.9119753188645,1,-1,-1,-1
126,38,618.1091473169005,428.8256235345825,700.4091173259717,630.4901603349763,1,-1,-1,-1
127,37,1218.288573551141,431.52137451948084,1298.5767338795126,638.8813506537581,1,-1,-1,-1
127,38,618.0846175823876,425.8812773502518,700.5572103837337,627.9865931451327,1,-1,-1,-1
128,37,1218.219196414615,427.49946312211506,1297.85900494166,634.0790742576528,1,-1,-1,-1
128,38,618.2698792058428,423.7747114167177,700.5742789520816,626.3359212703277,1,-1,-1,-1
129,37,1218.1827438025061,423.070364158749,1297.9466217527583,630.7165134783529,1,-1,-1,-1
129,38,618.4400389058712,419.82415430942433,700.3516596364516,622.3525569570361,1,-1,-1,-1
130,37,1215.8251396804565,421.39366048220893,1295.4242163533986,628.7611049221367,1,-1,-1,-1
130,38,618.384398038181,412.91410809115405,699.977699279767,615.8408779469485,1,-1,-1,-1
131,37,1215.114462995102,416.5178342597202,1294.1455863869296,623.3399559304094,1,-1,-1,-1
131,38,618.3483916770622,410.6402038181965,699.7803575838345,613.5001588220991,1,-1,-1,-1
132,37,1215.0506508244764,415.0854340266849,1292.9794410290274,620.1626073805587,1,-1,-1,-1
132,38,618.5476497074418,409.31490779669537,699.6466504456677,611.8141519825425,1,-1,-1,-1
133,37,1215.1882741415463,411.1931176765273,1292.7742692027398,616.2160068185626,1,-1,-1,-1
133,38,619.0183148064788,403.0483893566747,700.3039430966088,606.3205337005998,1,-1,-1,-1
134,37,1214.729885645656,407.9274128465017,1292.9438915526844,614.774522713527,1,-1,-1,-1
134,38,619.115420419956,400.7527413925844,700.4253096735566,604.3617787065923,1,-1,-1,-1
135,37,1214.319632471199,403.60165197783544,1292.5172947923786,610.2623667617245,1,-1,-1,-1
135,38,619.641452321345,397.4283420606953,700.1122937883329,599.5489442082854,1,-1,-1,-1
136,37,1213.6348450353833,398.094901625954,1292.2663831204447,606.086120380492,1,-1,-1,-1
136,38,620.1058597021452,393.416111710153,700.8983581276292,596.9034810704273,1,-1,-1,-1
137,37,1213.0356977476386,396.16509184002416,1291.9544901119768,605.3653980578499,1,-1,-1,-1
137,38,621.0302528141211,387.3247225125135,701.708273239432,590.6720425974715,1,-1,-1,-1
138,37,1212.7473376174974,393.00914122857364,1291.5856776389985,602.2808487962043,1,-1,-1,-1
138,38,621.5889707619685,382.43933260172525,701.4155351090637,584.1606638740548,1,-1,-1,-1
139,37,1212.640877388211,387.70991742097675,1290.7419036484357,595.0638905182255,1,-1,-1,-1
139,38,624.5079628377864,382.21611437344933,705.0571747176289,586.5596148510677,1,-1,-1,-1
140,37,1212.421952962423,385.53508875447176,1290.08400131356,592.123795387716,1,-1,-1,-1
140,38,625.9376572756706,374.7749287066011,705.8209371205894,577.8995707068557,1,-1,-1,-1
141,37,1212.9363021293464,380.1982828712109,1289.4665947839715,584.5879842815856,1,-1,-1,-1
141,38,626.7532170468548,372.3444272921023,706.2413660170317,574.6693086046807,1,-1,-1,-1
142,37,1212.2279607723524,374.05983251899926,1288.2627294728625,577.0292610864763,1,-1,-1,-1
142,38,627.9511349262485,366.5769699704409,706.9661417206938,568.3158566400953,1,-1,-1,-1
143,37,1212.13389979006,371.7637756052458,1287.8029007125683,573.6172172352408,1,-1,-1,-1
143,38,628.8304161270089,366.8745873782333,707.7270848684636,569.3544439376782,1,-1,-1,-1
144,37,1209.4655256416754,369.25519688948145,1285.0405673168734,571.1140347287613,1,-1,-1,-1
144,38,629.0488604067239,362.7999194739366,707.3338696533535,564.5099495972506,1,-1,-1,-1
145,37,1208.8093381460249,366.24519343313983,1283.5920565575057,566.4199777353474,1,-1,-1,-1
145,38,629.464474674585,358.3254181771032,707.3756171123936,559.0583961008144,1,-1,-1,-1
146,37,1208.4692548714324,365.3840746419894,1282.515802018232,564.2032580995451,1,-1,-1,-1
146,38,630.3412868530922,355.469082328116,707.8026829943192,555.7524931199705,1,-1,-1,-1
147,37,1206.8159121063115,361.03229594920435,1282.1576236683247,563.1890965933251,1,-1,-1,-1
147,38,633.8018757604783,349.85267430581314,711.5451367983925,550.8296194035356,1,-1,-1,-1
148,37,1206.485126447467,356.5669381025193,1281.301668435831,558.2209949621633,1,-1,-1,-1
148,38,635.3156270479592,346.1680302570636,712.9827562035324,547.8887129849768,1,-1,-1,-1
149,37,1205.2007281594317,352.5788379341671,1280.9166029480002,556.4686725742673,1,-1,-1,-1
149,38,636.3555865250771,344.4130219513373,713.9730716416103,545.9246505797961,1,-1,-1,-1
150,37,1204.316481878601,348.1367527801583,1280.011908828571,552.5899771217125,1,-1,-1,-1
150,38,637.3418426993808,344.26229966251645,714.6238906180099,545.0361362155069,1,-1,-1,-1
151,37,1204.3739689810698,346.964886589249,1279.4625694135013,550.2770812824058,1,-1,-1,-1
151,38,638.3816114549206,344.52984631699894,715.2932813837289,544.7598683951747,1,-1,-1,-1
152,37,1204.2035526655104,344.78487039635417,1279.2605820943215,548.3314374130878,1,-1,-1,-1
152,38,638.5466390149976,339.89951358753547,715.7568223967459,540.7925579275222,1,-1,-1,-1
153,37,1200.8792324921906,344.9063253416649,1276.3053157847146,549.586938440169,1,-1,-1,-1
153,38,638.8587367497063,333.73352304433394,716.1070591019418,534.7141530415383,1,-1,-1,-1
154,37,1199.2773587024662,339.1941278489498,1274.6881847783736,544.5301091069587,1,-1,-1,-1
154,38,639.3760716016818,332.1059080449336,716.3110027161135,531.8107360356673,1,-1,-1,-1
155,37,1198.3823453752887,338.0342677536046,1273.203286418414,542.6506348995811,1,-1,-1,-1
155,38,642.6487735093913,330.31757208754357,719.7220506904032,531.0460855279143,1,-1,-1,-1
156,37,1196.4680408194822,336.34937290557593,1271.744434634161,542.6534664108517,1,-1,-1,-1
156,38,644.1649387335567,328.88362832827,721.2285462864613,529.9078864484036,1,-1,-1,-1
157,37,1195.9054564413423,332.3905775670928,1270.8225998586172,537.5566723953164,1,-1,-1,-1
157,38,645.0337499210179,325.5328063819454,721.935931369436,525.9908540939491,1,-1,-1,-1
158,37,1193.3463630313165,330.28550156931703,1267.8404022783316,535.058672278129,1,-1,-1,-1
158,38,645.8343331194425,323.68188116615556,722.8210508068494,524.7000107883601,1,-1,-1,-1
159,37,1191.8723675109316,329.40692085747185,1266.497668404666,535.3411973751469,1,-1,-1,-1
159,38,646.6504173428735,321.6054388796804,723.5695515126923,522.9726053123347,1,-1,-1,-1
160,37,1190.2311904505225,324.31226214628134,1264.5678655708966,529.4474536368734,1,-1,-1,-1
160,38,647.7972668423897,318.5404623330012,724.0148196687511,518.5981470623856,1,-1,-1,-1
161,37,1189.30009394598,321.7201931339562,1263.5175609382493,526.7222470093209,1,-1,-1,-1
161,38,651.2793761491364,315.40558333277147,728.1833823609497,516.9770073558851,1,-1,-1,-1
162,37,1188.8688596458442,320.8109230977055,1262.508431986756,524.3864112730587,1,-1,-1,-1
162,38,653.3333605067409,309.9867823793603,729.9584980439703,511.34756346631747,1,-1,-1,-1
163,37,1186.696595967629,320.7057020337033,1259.6102608225249,521.9861498232738,1,-1,-1,-1
163,38,654.6637410636563,311.8337209180921,731.7135431210802,514.2090564202817,1,-1,-1,-1
164,37,1184.4790291854883,315.79193190321166,1258.0998563053538,518.9390644043958,1,-1,-1,-1
164,38,658.3274894388812,307.05582827459,735.3394631752326,509.8697289921249,1,-1,-1,-1
165,37,1183.4918959277088,315.8298962276766,1256.668086868799,518.1480274547494,1,-1,-1,-1
165,38,659.8846848856236,305.20876327293496,736.9026106728681,508.0927934293198,1,-1,-1,-1
166,37,1182.2317699896287,313.7311556436082,1256.0576047567204,517.5114797512715,1,-1,-1,-1
166,38,660.8671597067304,301.5241605374865,737.6999693227898,503.4997360977243,1,-1,-1,-1
167,37,1181.145503053635,313.3482746927214,1254.5835279727896,516.2645854202357,1,-1,-1,-1
167,38,661.7870970223516,299.28951767638523,738.8280070339334,501.99869062181904,1,-1,-1,-1
168,37,1177.624547420833,308.3301072814603,1251.4072267533306,511.8647685870063,1,-1,-1,-1
168,38,663.0163218665232,299.44220660385656,739.7906090368639,501.59305494655456,1,-1,-1,-1
169,37,1176.246212334211,307.20579036059075,1249.743241475257,510.46674295295526,1,-1,-1,-1
169,38,666.3261436199565,296.0947255216165,743.8299215023007,500.3969312517834,1,-1,-1,-1
170,37,1173.8529731865162,304.10080340273737,1248.10957856486,509.1331288385776,1,-1,-1,-1
170,38,668.5908821371409,296.2619583651815,746.425675850244,501.3073342618213,1,-1,-1,-1
171,37,1172.6708329401665,303.56814552437805,1247.0328779915317,509.03069386331833,1,-1,-1,-1
171,38,670.2690382644557,295.41603417150645,748.0250755860537,500.3733039125569,1,-1,-1,-1
172,37,1170.62830269146,301.69694300378575,1243.8578220088793,504.74922587108296,1,-1,-1,-1
172,38,673.8649555984605,292.3311027237885,751.7961039492773,497.1241279999613,1,-1,-1,-1
173,37,1168.2797663902882,302.5353914004037,1242.3726689823459,507.12011088166537,1,-1,-1,-1
173,38,675.949430197049,293.65297495521986,753.8433518180256,498.69576891500554,1,-1,-1,-1
174,37,1166.6839788961138,298.3829404784184,1241.0957612102427,503.4095644018811,1,-1,-1,-1
174,38,677.5057534439885,289.4217629140324,755.0831643132105,494.07276911514236,1,-1,-1,-1
175,37,1165.8386477199253,295.9397628382935,1240.2586854836438,501.0443856850228,1,-1,-1,-1
175,38,678.0579878631198,288.0069989412442,755.9214246101604,492.9119228478046,1,-1,-1,-1
176,37,1161.6413850328795,297.51753902845496,1236.2595743733032,502.86711173648064,1,-1,-1,-1
176,38,679.3509289657251,285.4746182359367,756.3914200914088,488.3464163729143,1,-1,-1,-1
177,37,1158.9745422373544,300.70978373608006,1233.861499229731,506.29890233742486,1,-1,-1,-1
177,38,683.4228209673081,284.24659419184974,760.1308065796328,487.0261973653979,1,-1,-1,-1
178,37,1157.551929973732,299.4543532279297,1232.486811796074,504.5476870092293,1,-1,-1,-1
178,38,685.4566226595293,282.7701472369527,762.2356806104277,485.74178159801744,1,-1,-1,-1
179,37,1156.474797432349,297.4936124202993,1231.1017149128363,501.184691304246,1,-1,-1,-1
179,38,687.4427935077188,286.1168967387974,764.3038717275432,489.5195324932995,1,-1,-1,-1
180,37,1153.1446271619122,293.8172587006198,1227.5640775191973,496.6742560081609,1,-1,-1,-1
180,38,691.6920739652812,283.405595779537,767.7642559567911,484.8272112270402,1,-1,-1,-1
181,37,1150.9070971873984,292.7778625140466,1225.3507715791557,495.2045263727327,1,-1,-1,-1
181,38,694.0843696508566,279.7151030452548,769.3662387156534,479.1599441370557,1,-1,-1,-1
182,37,1148.9568266906765,290.92483680017415,1223.2872137125578,492.9091032014478,1,-1,-1,-1
182,38,695.5675904942909,282.92090483044296,770.8900315994654,483.17559339094254,1,-1,-1,-1
183,37,1145.4654617385931,295.15285505078,1219.4291093530571,496.1113251570607,1,-1,-1,-1
183,38,696.9024139207073,279.7024781817414,771.8807762439704,479.0327841335932,1,-1,-1,-1
184,37,1142.3304555432528,292.862415102347,1217.0523945261307,495.31555706915947,1,-1,-1,-1
184,38,701.0168540030807,280.628271032186,776.5775372890369,481.404479747171,1,-1,-1,-1
185,37,1140.7958938932459,291.4830083390377,1215.9786097143003,494.7757672502304,1,-1,-1,-1
185,38,703.4524440562266,281.7174132958331,778.9507626095955,482.8028335015804,1,-1,-1,-1
186,37,1137.70651854729,291.9846325852518,1212.082965425673,493.52176191534807,1,-1,-1,-1
186,38,707.320129457282,282.9787226028537,782.8028081570346,484.46008110404705,1,-1,-1,-1
187,37,1135.5847606510524,291.81789400459377,1209.8017860770663,493.1288974007112,1,-1,-1,-1
187,38,709.7142810910392,278.2988857019594,785.2393807064243,479.6983056807057,1,-1,-1,-1
188,37,1133.1848693240902,290.6136664868086,1207.6186538382067,492.354814205655,1,-1,-1,-1
188,38,711.5658552944526,276.7241610231365,786.8295377005684,477.51254659225214,1,-1,-1,-1
189,37,1129.1037602868962,290.84854683134176,1203.7027648861938,493.22725232449,1,-1,-1,-1
189,38,715.4785640952464,276.5880613868486,790.9937332913964,477.619440170025,1,-1,-1,-1
190,37,1126.1444083387414,290.0326295863651,1201.5928823399686,494.65892531844685,1,-1,-1,-1
190,38,717.6424499050544,279.68588722014346,793.2600189446721,481.22919196231555,1,-1,-1,-1
191,37,1124.358617953073,291.87515450438434,1199.2344758000165,494.887521399353,1,-1,-1,-1
191,38,719.6556740064927,281.8638389267328,795.1772964601481,483.24749356837975,1,-1,-1,-1
192,37,1121.3536777858117,292.400870300049,1195.787510106958,494.507721199509,1,-1,-1,-1
192,38,723.8891544112671,283.6841163047416,798.7512830201923,484.2970224337654,1,-1,-1,-1
193,37,1118.054193085705,290.2780389676009,1192.8821552998836,493.32684827170687,1,-1,-1,-1
193,38,726.547890235688,282.0597882954057,801.1400534120995,482.6892027645301,1,-1,-1,-1
194,37,1116.2267355861898,290.7617020852635,1190.9034503529385,493.35914006631026,1,-1,-1,-1
194,38,728.6070519080031,279.65373115609884,802.6259492645113,479.2650873471384,1,-1,-1,-1
195,37,1111.5512648761296,290.6243994980798,1186.7165381413604,494.14472303025406,1,-1,-1,-1
195,38,732.5499685308919,277.5793754046912,807.2083147859569,478.789579260732,1,-1,-1,-1
196,37,1108.4841835074883,295.04008804438297,1183.8146217096057,498.771608849642,1,-1,-1,-1
196,38,735.7678748562265,277.8647967684743,809.7671213722263,477.9716524662233,1,-1,-1,-1
197,37,1107.5641371037646,294.15608571135397,1181.8759664504882,495.70469042027696,1,-1,-1,-1
197,38,737.3690464426023,283.11306767513287,811.4124458229505,483.49419460178194,1,-1,-1,-1
198,37,1103.3112987724442,295.8183320303042,1178.7156128404542,500.40458888362025,1,-1,-1,-1
198,38,740.8325699837479,287.5461840626459,815.5616383492446,489.5565889797383,1,-1,-1,-1
199,37,1099.7683575477245,297.6146534481808,1175.8461239116116,503.2997834446083,1,-1,-1,-1
199,38,742.90477796968,289.27546665538205,817.7806032804422,491.507288897813,1,-1,-1,-1
200,37,1095.583142607464,295.82886299443146,1171.9822829115112,502.3261192888052,1,-1,-1,-1
200,38,744.9759889676376,290.15718467102056,819.441266642317,491.4463686847983,1,-1,-1,-1
201,37,1091.9046367979286,300.14071755770664,1168.8916000909046,507.3653378355316,1,-1,-1,-1
201,38,749.1504732087219,290.6336353841253,823.5065696824454,492.0597776413311,1,-1,-1,-1
202,37,1090.5641997620503,302.30909814479185,1167.599553343395,509.12526278275027,1,-1,-1,-1
202,38,751.5808021859818,292.34529200289165,825.9982993387346,493.94586394798694,1,-1,-1,-1
203,37,1087.0338175716533,303.59013891487126,1163.5399524455586,509.3839914769069,1,-1,-1,-1
203,38,756.001471795575,292.3489126069281,830.399053265266,494.56389152862494,1,-1,-1,-1
204,37,1083.8872198685985,304.7490526345842,1160.030322425624,509.2922947218799,1,-1,-1,-1
204,38,759.1077439049595,291.4076585172702,833.5482640593885,494.1916783531162,1,-1,-1,-1
205,37,1080.0362267964795,304.53775317351244,1156.0817346831798,508.562986712433,1,-1,-1,-1
205,38,761.8181514482616,296.478002772574,835.1541237691431,497.0785148500988,1,-1,-1,-1
206,37,1076.7131126465745,305.50389233719983,1152.937225869537,509.57754326661006,1,-1,-1,-1
206,38,765.7337690078247,298.4684443044225,839.4493020662892,500.2071865501716,1,-1,-1,-1
207,37,1075.2065788280306,308.49315474773596,1150.7030427685038,510.8724377354083,1,-1,-1,-1
207,38,768.5716054892599,295.2596670593713,842.0677585578042,496.91083058767725,1,-1,-1,-1
208,37,1071.1942933104824,307.5089232927869,1146.7871383607182,510.19518632274026,1,-1,-1,-1
208,38,772.799591314482,299.44046362303135,846.3898816757504,501.1865243822822,1,-1,-1,-1
209,37,1068.1619036978009,307.6668885314331,1143.667448901217,510.1575896354094,1,-1,-1,-1
209,38,774.9025849276891,300.8592509258475,848.927569676183,503.4466536159508,1,-1,-1,-1
210,37,1063.1143725134436,312.950429649061,1139.451783162977,517.2151619509118,1,-1,-1,-1
210,38,777.138397413402,300.53562347090894,851.2221299839898,503.8109604965001,1,-1,-1,-1
211,37,1060.0258775306006,312.8510163544473,1136.7911182685227,517.6077352018716,1,-1,-1,-1
211,38,781.2890217153032,300.4018089971971,855.7072099931866,504.56710974705953,1,-1,-1,-1
212,37,1056.6910959440143,315.8662859976239,1133.0118550975033,518.9102478725645,1,-1,-1,-1
212,38,784.0958142340929,306.3084528583103,857.766708133139,508.7868289491355,1,-1,-1,-1
213,37,1053.24132452033,316.9769540263525,1129.4771600735291,519.5711064585571,1,-1,-1,-1
213,38,788.5479794951476,312.0591284172017,861.9497894385399,513.6391827752523,1,-1,-1,-1
214,37,1051.2076096444719,322.1761087246955,1127.1731187072812,523.9219781011525,1,-1,-1,-1
214,38,791.1171073074203,315.0504655804987,864.4412405690273,517.1675193201166,1,-1,-1,-1
215,37,1047.6817942822447,324.13655895633815,1122.9569285567347,524.5366410016853,1,-1,-1,-1
215,38,794.1608923120831,315.54225855376944,866.466843050943,515.3545016571086,1,-1,-1,-1
216,37,1044.319836941802,327.9047302572169,1120.3831407423222,530.2847926224731,1,-1,-1,-1
216,38,798.7651783230451,315.8486121626511,871.3572355855556,517.3767399927424,1,-1,-1,-1
217,37,1041.277123036603,332.6587470865248,1116.657525414338,534.0604689329928,1,-1,-1,-1
217,38,801.1089368219333,319.9554467112672,874.4547826178633,523.177613095809,1,-1,-1,-1
218,37,1036.9766238155735,333.17433620324545,1113.1701849527738,536.3888949600898,1,-1,-1,-1
218,38,804.7648507162496,319.88709193884466,878.5585786511318,524.4657568060519,1,-1,-1,-1
219,37,1034.4879947595848,332.3181796970872,1111.4594328302378,537.3685781914904,1,-1,-1,-1
219,38,807.0665339485089,321.6303550934973,882.0853479950619,528.5449870758661,1,-1,-1,-1
220,37,1029.9416042212472,336.53461305387043,1106.7578919334815,541.0181960888876,1,-1,-1,-1
220,38,808.768213412006,323.2586452554758,884.0847271768279,530.0355180485901,1,-1,-1,-1
221,37,1027.1037376840295,342.1039360232388,1103.9813223583062,546.5991891828819,1,-1,-1,-1
221,38,812.9323538295267,325.52223321616464,888.7453132261893,533.0605568351639,1,-1,-1,-1
222,37,1022.3489945938252,345.5339991796318,1099.3082736796193,550.8323508322997,1,-1,-1,-1
222,38,815.3670538391275,329.325474320648,891.3676255342716,536.7527877045145,1,-1,-1,-1
223,37,1019.5162686243897,345.51554830168567,1096.3966199352167,550.2708143377492,1,-1,-1,-1
223,38,820.0234618518059,334.73349105240015,896.7129620732206,543.6166490713704,1,-1,-1,-1
224,37,1014.8414918298488,347.3329184787127,1092.032198288424,553.1422963250834,1,-1,-1,-1
224,38,822.6868462612772,335.2898593864218,899.9196368697884,545.0105794913409,1,-1,-1,-1
225,37,1011.5249590163874,349.0148326027167,1088.0614225292504,553.5677000346438,1,-1,-1,-1
225,38,828.188019531701,341.16506705884336,904.4673066352242,548.6697416207567,1,-1,-1,-1
226,37,1007.4753942264429,354.2727186095049,1084.2886457243476,559.4711664269312,1,-1,-1,-1
226,38,830.6240718813729,340.52180551038316,907.105664752273,548.0026249907619,1,-1,-1,-1
227,37,1003.9580914914535,355.0119578157897,1080.8129677456507,560.1287531008624,1,-1,-1,-1
227,38,835.0516501614277,346.8146973671776,912.2228130442388,556.2164365333149,1,-1,-1,-1
228,37,1000.4176071163029,359.30804932919705,1076.8146791053814,563.2501140168847,1,-1,-1,-1
228,38,838.2580096919953,351.38966331595464,915.2839707547906,560.1254658409557,1,-1,-1,-1
229,37,996.8231611696785,361.67057716760985,1074.0590108420863,568.1400480647767,1,-1,-1,-1
229,38,839.710827663033,351.6321471199799,917.7058848129079,561.3413782069124,1,-1,-1,-1
230,37,992.1283650655645,366.1151712365797,1069.0754731355987,571.3689068649926,1,-1,-1,-1
230,38,843.5266533908054,351.43375123072894,922.3053225146505,562.659785198209,1,-1,-1,-1
231,37,989.4958548831123,370.64265229806847,1066.0971733740757,575.1678190889513,1,-1,-1,-1
231,38,846.9663776630614,358.1654895778924,924.6690583743355,566.7353721002457,1,-1,-1,-1
232,37,984.2965402965237,376.5578190842417,1061.2995154734338,581.0035832786831,1,-1,-1,-1
232,38,851.2653320643182,364.44561545584315,928.7682086520782,572.1199485859888,1,-1,-1,-1
233,37,981.0038643960835,380.18227779109895,1057.7703276939699,583.5895628982881,1,-1,-1,-1
233,38,854.5004855034495,368.14926216677804,931.490241014947,574.1434421506164,1,-1,-1,-1
234,37,978.8681393292944,381.4346734147472,1055.5403115279669,584.5178830690643,1,-1,-1,-1
234,38,859.8631837059851,371.14764455995044,936.6538771619119,576.4673532762527,1,-1,-1,-1
235,37,974.6998021354046,386.00598281556626,1051.5930273735867,588.8952185661963,1,-1,-1,-1
235,38,862.7404641639638,373.4740243853321,938.9398099799243,576.8202992746776,1,-1,-1,-1
236,37,971.2282398728605,389.06503981786744,1048.3012590060953,591.6468597685305,1,-1,-1,-1
236,38,867.8129489861077,376.6744290784542,944.2598853178541,580.7201973698178,1,-1,-1,-1
237,37,966.3875492149948,389.9385404765543,1043.584575163025,592.3004758184321,1,-1,-1,-1
237,38,870.1265271267204,379.8880830313294,946.900088265755,583.9700594929387,1,-1,-1,-1
238,37,963.7663046502279,393.1869042005512,1041.357510343947,596.977433574832,1,-1,-1,-1
238,38,871.8790492964987,380.79728133279184,949.0099187242838,585.0045642940628,1,-1,-1,-1
239,37,959.7185404255474,399.9929426856831,1036.6352239164876,602.7899826037232,1,-1,-1,-1
239,38,876.7068286332558,383.75295337178625,954.0878912038588,588.3087759349772,1,-1,-1,-1
240,37,955.4867278914151,401.65234538794743,1032.8018842704457,605.5412746092711,1,-1,-1,-1
240,38,882.5768088257978,388.063475450844,959.6281224462103,591.3165156534718,1,-1,-1,-1
241,37,951.3567906719352,405.9324347778599,1027.3849636854338,606.9916303986913,1,-1,-1,-1
241,38,885.9270072508722,394.8613914700356,962.6275567341614,597.2183716077061,1,-1,-1,-1
242,37,948.9415799082902,410.9168792621809,1024.2581232077464,610.9652551841125,1,-1,-1,-1
242,38,888.3709066787734,398.67477594889016,964.8417298105426,598.844331880315,1,-1,-1,-1
243,37,945.0866421441849,414.7578299897733,1019.5854870175721,613.7973295220235,1,-1,-1,-1
243,38,892.8837591198713,403.07547248651906,969.0263305239936,602.3724897353868,1,-1,-1,-1
244,37,942.0575614649067,417.29387309505677,1016.8526085972827,618.5261102196753,1,-1,-1,-1
244,38,895.6955813872835,408.094920296888,970.4646147690607,604.8044586251567,1,-1,-1,-1
245,37,939.6466734742388,423.4022494413809,1014.4533000185538,625.8034701043373,1,-1,-1,-1
245,38,897.8682908176085,412.6797803333365,971.8848200296909,609.1503280155899,1,-1,-1,-1
246,37,935.7615087039295,427.28357876451673,1010.4157280611272,629.7985902155767,1,-1,-1,-1
246,38,902.3868423602065,416.0306193427664,974.5455526373516,609.3472932169523,1,-1,-1,-1
247,37,929.898281046104,430.0972121439716,1004.4931782912192,631.3190237582064,1,-1,-1,-1
247,38,906.3760159958534,428.99356967334325,973.5903720069864,610.2497913631546,1,-1,-1,-1
248,37,925.3267672348459,435.4919424226256,1000.4089910073797,636.5710136085543,1,-1,-1,-1
249,37,920.5617285789326,438.2166448787201,996.3351097070675,639.6673151652354,1,-1,-1,-1
250,37,917.623458693056,438.5969725161225,994.3521476920114,641.130981590789,1,-1,-1,-1
251,37,917.1173359064366,438.71348315612437,994.1513433318939,641.4071603533753,1,-1,-1,-1
252,37,914.9584111081215,441.3765924861799,993.9175577232993,647.5632055937726,1,-1,-1,-1
253,37,910.296801983658,443.56101555414557,989.454412548129,649.3475530138619,1,-1,-1,-1
254,37,907.0660865755223,448.07240563132495,986.5554033821351,653.968870568121,1,-1,-1,-1
254,38,951.1093458464453,442.5076277573987,1020.0562483414612,632.548896624184,1,-1,-1,-1
255,37,902.049046974171,454.7558838281962,981.3120042634234,660.3529003903324,1,-1,-1,-1
255,38,952.808191680024,447.10724288233445,1024.4606777273348,647.7392938347707,1,-1,-1,-1
256,37,898.8044274679858,457.4604664960111,977.4061768876769,661.3437055858881,1,-1,-1,-1
256,38,953.0375979921126,453.3667523969293,1025.682960802467,657.756560125764,1,-1,-1,-1
257,37,894.9663209956989,463.4911058119636,973.2837885552361,666.9425199381085,1,-1,-1,-1
257,38,953.9871292076432,453.97529714450536,1026.5086611996596,657.4355376429114,1,-1,-1,-1
258,37,892.3133855806334,468.03256637326785,969.5839562210165,667.9344373006966,1,-1,-1,-1
258,38,954.5146802979953,458.86876870523315,1027.4473580914914,661.5586604506807,1,-1,-1,-1
259,37,886.5375286877528,471.23720886195764,965.7454545202651,675.6833108558664,1,-1,-1,-1
259,38,957.8281059433997,464.49218255019525,1031.762908176655,668.4722075219413,1,-1,-1,-1
260,37,883.6728508267288,473.1280249301328,963.2398263259744,679.1183847294212,1,-1,-1,-1
260,38,960.7407768662265,468.6804833332623,1034.2288091982107,669.9219108414916,1,-1,-1,-1
261,37,881.879806666947,476.67422834383325,960.374369587695,680.6544023420557,1,-1,-1,-1
261,38,964.6968194106281,468.48134997486267,1039.5104992906845,671.4709251187444,1,-1,-1,-1
262,37,877.055453136199,479.5318519803137,956.3629066907981,685.4842484352786,1,-1,-1,-1
262,38,967.385309651303,470.2380135645186,1042.0944952138725,671.0334762245327,1,-1,-1,-1
263,37,874.1980277550682,478.0991985078881,953.1838765669784,683.1167013325078,1,-1,-1,-1
263,38,971.8316116873496,473.6494613399398,1047.7726490927305,675.9279927940407,1,-1,-1,-1
264,37,869.2081414139067,485.1312482724014,949.048022668124,692.2007158924604,1,-1,-1,-1
264,38,974.4056614003682,480.45613228984695,1051.3352600046035,683.4006736028288,1,-1,-1,-1
265,37,866.172299524054,488.19132139332146,945.888588068686,695.0509063232294,1,-1,-1,-1
265,38,976.4159150215964,485.07522427304434,1052.9700111835841,685.9426385777188,1,-1,-1,-1
266,37,861.1221603390608,492.941409094202,941.6814257816336,702.0496053079473,1,-1,-1,-1
266,38,981.0410661186878,487.1079802498837,1057.3901888975518,686.2619528796754,1,-1,-1,-1
267,37,857.4696596620487,494.6592402597066,938.1711995455717,704.4365724453221,1,-1,-1,-1
267,38,983.2350302984428,487.5164956410221,1059.9874676131328,686.7099684291054,1,-1,-1,-1
268,37,853.883368941299,498.264812219685,933.2118676322398,704.5449738756151,1,-1,-1,-1
268,38,988.0589920510815,491.0858374103676,1065.766652913193,691.2860133897797,1,-1,-1,-1
269,37,850.7797027963586,504.2319252330807,930.3159782764353,711.4544387345412,1,-1,-1,-1
269,38,990.8486570345592,494.63202777771323,1068.4340873197646,693.13400919851,1,-1,-1,-1
270,37,845.8196018486908,505.9133043712979,926.0415710219263,714.9988109531589,1,-1,-1,-1
270,38,995.3084295454436,499.4117862550832,1073.4725352052283,698.0696280435648,1,-1,-1,-1
271,37,842.6851486144016,506.6439879673354,923.1256489031074,716.2450244202744,1,-1,-1,-1
271,38,997.5692052156497,506.01875782325806,1076.038119442013,705.1402120054211,1,-1,-1,-1
272,37,837.659370352244,511.8596993306461,918.2326110886247,721.281063770698,1,-1,-1,-1
272,38,1002.4634231254613,508.014498586796,1081.493086633739,708.0104354591053,1,-1,-1,-1
273,37,834.5498101261078,513.9146958935476,915.1860746601919,723.4606696553918,1,-1,-1,-1
273,38,1004.8491845219268,508.44231711844697,1084.1498886472266,708.8851827335216,1,-1,-1,-1
274,37,830.1636328362148,519.4878580444331,910.6081585050886,728.7837454756786,1,-1,-1,-1
274,38,1006.2415529724578,514.4001039241889,1085.7534329512744,714.7096120281055,1,-1,-1,-1
275,37,826.8666983463276,521.8377496833539,907.1148293903434,731.1433033204812,1,-1,-1,-1
275,38,1011.653906781557,513.8268565201834,1090.147856796717,710.7003128330555,1,-1,-1,-1
276,37,822.5444722646421,527.6645246941314,901.8034540420314,734.1997851073232,1,-1,-1,-1
276,38,1013.8825886458217,517.8488119020423,1092.433028883369,715.1508830367225,1,-1,-1,-1
277,37,819.4781682135294,528.7880262319884,898.7412841651995,736.3378758139256,1,-1,-1,-1
277,38,1019.0224391532145,523.1251606857955,1098.0709125175374,721.2502875608467,1,-1,-1,-1
278,37,814.8767373344454,534.0123906384349,893.9610310762896,741.0110373210722,1,-1,-1,-1
278,38,1021.7468223143758,530.0124349999938,1100.768700731582,728.4378931380155,1,-1,-1,-1
279,37,812.1526672972589,535.4720484453966,891.3039655865039,743.0928234374835,1,-1,-1,-1
279,38,1026.7437544395634,527.9188700073639,1105.776402436412,726.4054794892362,1,-1,-1,-1
280,37,806.8011415823426,538.6264034485763,886.2969176119001,745.7901017979457,1,-1,-1,-1
280,38,1029.3647245834766,533.2429797379822,1108.3652637254272,730.6864388201964,1,-1,-1,-1
281,37,803.26503207164,538.6431088777227,883.4330428056787,746.7761552782191,1,-1,-1,-1
281,38,1030.784484102595,539.1947114570113,1110.1109160700098,736.8694911325065,1,-1,-1,-1
282,37,801.0533030955369,542.5597974172,881.7663861205945,751.7880341865971,1,-1,-1,-1
282,38,1035.2528371334681,537.6126205102756,1114.7408372741968,735.1423477356755,1,-1,-1,-1
283,37,797.4155546207566,545.6833225453913,878.0168151751093,753.7042053476621,1,-1,-1,-1
283,38,1037.7132298168399,542.6538292012607,1116.7031045532856,738.5349247265053,1,-1,-1,-1
284,37,793.7296614159578,545.232309341427,874.6652856399064,753.6792935689219,1,-1,-1,-1
284,38,1042.4131466530696,544.1269036037742,1121.2770192166586,739.8860104671993,1,-1,-1,-1
285,37,789.6409115017458,547.6248902732706,870.221257227458,753.9725880717783,1,-1,-1,-1
285,38,1044.5898009662053,548.0875128656513,1124.7457724773644,746.9599595806751,1,-1,-1,-1
286,37,786.9238617393022,548.0330137857592,867.6614093207905,754.3774831630085,1,-1,-1,-1
286,38,1049.4414680469329,550.4449328821191,1129.9787481057824,749.7717077150443,1,-1,-1,-1
287,37,785.0627828295841,552.9271828070293,865.6198723346157,759.2612686496271,1,-1,-1,-1
287,38,1052.6720894511345,550.2451507609835,1132.9383874811065,749.1548537208839,1,-1,-1,-1
288,37,781.3230598572476,558.9419250268952,861.631414608037,765.5820604164788,1,-1,-1,-1
288,38,1057.4051045602894,554.3591618907869,1137.5705265919794,753.611429932156,1,-1,-1,-1
289,37,778.4002192115855,560.9512043777117,858.8860069249247,768.6252981023854,1,-1,-1,-1
289,38,1059.8751387555046,556.0435481633131,1139.8617980883694,755.3818429686406,1,-1,-1,-1
290,37,774.0357342427827,561.3776662263995,854.102554005391,768.4790102733467,1,-1,-1,-1
290,38,1061.1119460127725,556.0962366115215,1141.9383388970023,756.839280144434,1,-1,-1,-1
291,37,771.4975777156151,562.3447611723662,851.5935493225604,769.9120237429274,1,-1,-1,-1
291,38,1065.4561232686276,560.4258322028281,1147.181742285411,762.7137562244806,1,-1,-1,-1
292,37,768.7447404085574,563.4715583818534,850.7901970825965,776.8211133754422,1,-1,-1,-1
292,38,1068.239615368239,559.6870587894308,1148.942466180925,759.6677963073831,1,-1,-1,-1
293,37,765.5409148451646,567.8197539426017,846.0188757252415,778.0433091634374,1,-1,-1,-1
293,38,1070.1067250179465,563.0342833529796,1150.6607121689465,762.9681639723655,1,-1,-1,-1
294,37,762.483892746817,569.2212889350034,843.0921977997803,779.0578747675304,1,-1,-1,-1
294,38,1074.615844754486,563.1869942580201,1155.5178932200065,764.3191340894542,1,-1,-1,-1
295,37,758.1745799028477,570.2947556708184,838.4290247730444,778.913753508132,1,-1,-1,-1
295,38,1076.344281564362,564.571294765406,1157.7900688209156,766.9051115976129,1,-1,-1,-1
296,37,754.8497168490941,570.1316955602177,835.0349294342114,779.0357776314268,1,-1,-1,-1
296,38,1080.9461612798877,569.2118952726107,1162.8869350040998,772.255074000333,1,-1,-1,-1
297,37,752.398792258772,571.8281785107439,833.9034279086177,784.7194823878604,1,-1,-1,-1
297,38,1083.9071358946671,568.2506911712343,1164.7297066273584,768.5784904398276,1,-1,-1,-1
298,37,747.7470827214211,571.6505328659887,830.201641216312,787.4918726642186,1,-1,-1,-1
298,38,1085.8881897553038,571.4420621082696,1166.5117425455662,771.6220225165353,1,-1,-1,-1
299,37,745.3821568395116,573.3303546361487,827.3217486560922,787.281845283369,1,-1,-1,-1
299,38,1090.1236606771836,571.7013830964602,1170.7926564611835,772.3205079066921,1,-1,-1,-1
300,37,740.524864608253,574.2819583254219,822.5198415277404,787.4370484057357,1,-1,-1,-1
300,38,1091.5800870790522,572.1269920737856,1173.1237239693519,775.2104773679446,1,-1,-1,-1
301,37,737.3434040237737,572.683714913272,820.4199548324026,788.1632169492547,1,-1,-1,-1
301,38,1092.9488696237238,575.4452300523205,1175.1239003561166,779.5167497307681,1,-1,-1,-1
302,37,735.9003557645011,573.6954338350918,818.9192221323328,788.8041554242333,1,-1,-1,-1
302,38,1097.5453860296384,575.1446816905166,1178.8251932828607,776.6416751169907,1,-1,-1,-1
303,37,731.7045244410855,575.2415470680104,814.5331108811184,789.3477280134497,1,-1,-1,-1
303,38,1100.4383326775878,578.6915258694255,1181.5303070959828,779.9115950213761,1,-1,-1,-1
304,37,729.4384436864685,575.6149693842798,812.2719660240155,789.5858279539789,1,-1,-1,-1
304,38,1104.7740812640347,574.6444648768526,1186.4805643585923,777.062655074968,1,-1,-1,-1
305,37,724.1267467250376,577.2983478855357,808.4108036796939,795.0256318256411,1,-1,-1,-1
305,38,1107.3232246550047,576.4568797010144,1189.1008993654268,780.1035123791233,1,-1,-1,-1
306,37,720.7904480527092,577.149420787993,806.059195087706,797.5305402307672,1,-1,-1,-1
306,38,1108.6067748041896,576.8331268522587,1190.5040714805232,781.4593020502958,1,-1,-1,-1
307,37,719.0203732295696,578.1869985014588,804.308902801033,799.3796186919377,1,-1,-1,-1
307,38,1112.8892295403903,577.9056379792274,1195.4097458603324,783.2661036653283,1,-1,-1,-1
308,37,715.4129309448941,578.5815637739778,799.7952510035465,798.3498154161748,1,-1,-1,-1
308,38,1116.034011876478,579.6087393224642,1197.9760411429136,784.1437222776119,1,-1,-1,-1
309,37,713.3570653294033,580.5353611710555,796.8068613698268,798.3997116781618,1,-1,-1,-1
309,38,1121.0704074607459,578.5112622012207,1202.5090778936801,782.1918449058235,1,-1,-1,-1
310,37,711.5668150921747,583.28397248189,795.8100006043064,803.7727365682055,1,-1,-1,-1
310,38,1122.9742273736347,579.0440882490466,1204.7369168551347,783.5638767328866,1,-1,-1,-1
311,37,707.8344924824966,581.3003863840679,791.1230996473498,799.1799742998363,1,-1,-1,-1
311,38,1123.64920077914,578.4522029012768,1206.6077561687823,785.3726203048318,1,-1,-1,-1
312,37,705.1750746242759,579.5766317409527,788.828224250585,799.5585067031202,1,-1,-1,-1
312,38,1124.5727376615719,578.4516214097371,1207.8195066606484,785.507749827174,1,-1,-1,-1
313,37,701.0139695703656,581.3250513791256,783.8131268450559,798.9592573424964,1,-1,-1,-1
313,38,1129.1380009293898,583.652516300124,1211.3814122610834,788.0186975651912,1,-1,-1,-1
314,37,698.8487840493697,580.315051821928,781.7755582801965,798.9655921049296,1,-1,-1,-1
314,38,1131.4557436963037,584.8067119094361,1213.9931577738175,789.070582804615,1,-1,-1,-1
315,37,696.8468936375973,580.5787447724481,780.0926832089337,799.6325256129103,1,-1,-1,-1
315,38,1136.1756544723833,580.3026359479512,1218.5826664453275,784.0314421205103,1,-1,-1,-1
315,42,772.2493508373201,583.1775634765625,868.2187643970551,776.9361450195312,1,-1,-1,-1
316,37,695.2074629435394,577.918306742796,779.5688986328058,800.7121294181209,1,-1,-1,-1
316,38,1138.502880504827,580.3274181963661,1220.674400917512,783.5784157746195,1,-1,-1,-1
316,42,772.9204261117537,584.4969402725345,867.5141852187379,775.3238786523872,1,-1,-1,-1
317,37,691.5190096440426,578.9210294858802,775.3101485766066,799.9488278717471,1,-1,-1,-1
317,38,1139.7223053071905,582.7813309918106,1222.436550158043,787.2725328852624,1,-1,-1,-1
317,42,772.2632159778736,583.476109161121,868.0322330712781,776.5275372373117,1,-1,-1,-1
318,37,688.869557255202,578.620876059879,772.723569034945,799.466605368108,1,-1,-1,-1
318,38,1143.7329739029879,579.6916421487977,1227.538965256768,786.1316204559843,1,-1,-1,-1
318,42,771.1960289134595,582.1905355630709,868.5463060306465,777.8495413808398,1,-1,-1,-1
319,37,687.441774446751,577.7272366808912,771.4582855639304,798.8317084358924,1,-1,-1,-1
319,38,1145.4775712607388,578.4468589501405,1229.8719501249689,785.3599128907667,1,-1,-1,-1
319,42,770.6658643484361,581.8717422667515,868.7211930966471,778.066966497336,1,-1,-1,-1
320,37,683.957893670903,580.3695954740297,767.0027962894355,798.7016708480576,1,-1,-1,-1
320,38,1148.2186474066336,578.5891483527952,1231.112660503046,782.0148912782354,1,-1,-1,-1
320,42,769.80384510671,580.8637297395169,869.3057891898551,778.9558687496392,1,-1,-1,-1
321,37,681.3544027994004,577.7009876447452,765.5599939425372,798.3366390117324,1,-1,-1,-1
321,38,1148.6643039595187,579.0323291376817,1232.2755556189154,783.5476039128234,1,-1,-1,-1
321,42,769.5760602286929,581.3165185468339,869.441537333078,778.7038854644323,1,-1,-1,-1
322,37,680.39141538943,580.489225431083,763.848730311888,798.7449193135897,1,-1,-1,-1
322,38,1152.6021863424007,578.6856944507357,1236.1751552890914,783.6737614474062,1,-1,-1,-1
322,42,764.1364396242769,580.8172095765709,865.329572290322,779.0305800457218,1,-1,-1,-1
323,37,676.8630623924721,576.8474842673896,759.8814375255483,792.807216241819,1,-1,-1,-1
323,38,1154.1985594130665,577.0183926910684,1238.4048277170584,783.3305282510632,1,-1,-1,-1
323,42,763.2548862203898,578.4220169703087,862.8265437475011,771.3308045212135,1,-1,-1,-1
324,37,674.3161945078332,576.5139702920056,758.8817492256902,795.8226167619548,1,-1,-1,-1
324,38,1155.6443182590983,571.662874623902,1239.827255224038,778.1822629415086,1,-1,-1,-1
324,42,762.7618016889944,577.8645765792223,862.0958275387034,768.1052409680664,1,-1,-1,-1
325,37,672.9451617635556,578.5342374631541,757.3355227334081,796.9784125380008,1,-1,-1,-1
325,38,1156.1222195841322,569.8119042334757,1240.115928016325,776.0380531290069,1,-1,-1,-1
325,42,762.0535284975238,577.2978599719006,862.4174359868351,767.2904072820554,1,-1,-1,-1
326,37,671.5871682787205,575.2395425488074,755.9846085539889,793.4008344386709,1,-1,-1,-1
326,38,1160.6979621432458,570.0353151103762,1244.0387648780036,774.5609480932992,1,-1,-1,-1
327,37,668.0588027789845,572.409471320433,752.3231857469273,789.8940677198476,1,-1,-1,-1
327,38,1163.053635837818,569.5391398057498,1245.7861612946106,772.6694244046878,1,-1,-1,-1
328,37,665.8247038299093,570.0325915917657,750.903964129073,789.0445702194392,1,-1,-1,-1
328,38,1164.3741563748797,569.5285531176546,1247.1577797052303,772.3735338779943,1,-1,-1,-1
329,37,664.0529194602054,569.8081875003988,749.8407937233055,789.397314197899,1,-1,-1,-1
329,38,1168.2796386382117,569.3608734494442,1251.2965101195368,772.7093464188431,1,-1,-1,-1
330,37,662.877243553127,569.4149901677561,748.8703624723462,788.5943126604535,1,-1,-1,-1
330,38,1169.952186537477,568.5311303664569,1253.5767568708757,773.3738871561377,1,-1,-1,-1
331,37,660.2017279131235,571.8392139273884,744.8937169915284,787.5731888861064,1,-1,-1,-1
331,38,1171.1416179199923,563.1391233268226,1255.4297599477002,769.3402431841204,1,-1,-1,-1
332,37,657.8125474350279,567.2784567835927,743.1053145540312,784.5838677794835,1,-1,-1,-1
332,38,1171.8555313175566,565.4789879181938,1256.4390459762194,772.1122121256865,1,-1,-1,-1
333,37,656.0652730364858,564.852520432063,741.6934275437145,782.4952882715446,1,-1,-1,-1
333,38,1176.056105621943,562.5911221319652,1260.8020233258894,768.9812075761603,1,-1,-1,-1
334,37,654.6679451028349,564.354649886295,740.7291268164704,782.735142098724,1,-1,-1,-1
334,38,1178.736867785523,561.6945519970996,1262.1673701428797,765.8483788275737,1,-1,-1,-1
335,37,651.7504422137214,564.0568785903681,737.0358379921286,779.8077188058263,1,-1,-1,-1
335,38,1179.9362371132643,558.0871917523821,1263.0145670750271,761.2695723080919,1,-1,-1,-1
336,37,650.2208888204265,563.1019910372908,735.4131064742699,778.8368167884985,1,-1,-1,-1
336,38,1183.9435457896545,554.4812239243738,1266.9941530658755,758.2590321972795,1,-1,-1,-1
337,37,649.1413210605584,559.4207907472257,734.3302970665911,774.7340180489136,1,-1,-1,-1
337,38,1185.6149908513942,554.6011872749966,1268.7169523956645,758.7676979420598,1,-1,-1,-1
338,37,647.7651211468317,557.1392891681735,733.4181888973671,773.2325304211006,1,-1,-1,-1
338,38,1186.7015431050706,554.0266114073498,1269.8586701540848,758.3660687881775,1,-1,-1,-1
339,37,646.5501041884354,554.930027393166,732.6873218881358,771.6166247035778,1,-1,-1,-1
339,38,1187.385965546923,551.6126606450221,1271.0313853979292,757.9183493392815,1,-1,-1,-1
340,37,643.3779688891398,555.9719962109401,728.9602838487573,770.5288568879803,1,-1,-1,-1
340,38,1187.7445677857859,551.081139608707,1271.8693891588032,758.0524206524644,1,-1,-1,-1
341,37,641.913738871934,550.4886678379053,728.049232738026,765.9762259704985,1,-1,-1,-1
341,38,1188.1370784224005,542.32188320481,1272.3920267196054,749.0487374570869,1,-1,-1,-1
342,37,640.472648158171,547.2939114151295,727.381731301354,764.0517829136337,1,-1,-1,-1
342,38,1191.711791324302,542.036994886477,1276.3072359669488,749.4253358089135,1,-1,-1,-1
343,37,639.3664612486322,545.6442678701666,726.9337287640229,763.3369257203021,1,-1,-1,-1
343,38,1193.5949129567348,540.0959290054183,1277.2665514084106,745.2233875367723,1,-1,-1,-1
344,37,638.4489587384975,542.028684409979,726.0280614597546,759.513883403466,1,-1,-1,-1
344,38,1194.543717573427,539.6375101418764,1277.846864342765,743.6165361969296,1,-1,-1,-1
345,37,635.3299686457492,539.9304166603179,722.0332576939282,755.9081237699297,1,-1,-1,-1
345,38,1195.8432199544686,537.6080558579595,1278.6755555140005,741.0200256710136,1,-1,-1,-1
346,37,633.7074431201237,534.288930850413,720.0559847490046,749.529897701853,1,-1,-1,-1
346,38,1196.1875487791801,531.9590865088857,1279.5234456861326,735.6611543008773,1,-1,-1,-1
347,37,632.3741442922274,532.7907429125036,718.9517898554539,747.934275632395,1,-1,-1,-1
347,38,1199.5889713770885,529.519690673239,1283.3666561508014,734.4514685111416,1,-1,-1,-1
348,37,632.9488301757215,529.6253187801008,717.6434161763239,740.2717734520838,1,-1,-1,-1
348,38,1201.2043045218393,523.8987150232578,1284.5118641973293,727.8448365047976,1,-1,-1,-1
349,37,632.5163923186094,526.8769551794759,716.7412215109755,736.9018195892828,1,-1,-1,-1
349,38,1202.1897313555962,523.0018853238472,1285.1316247192356,726.1823189237907,1,-1,-1,-1
350,37,631.7725163280193,525.0854908268824,716.3248351119083,736.1115861749406,1,-1,-1,-1
350,38,1202.6087061743433,517.3382090790046,1285.5167413717788,720.6885547100627,1,-1,-1,-1
351,37,628.321620054549,519.8762527054532,713.1809131972655,731.4585871484339,1,-1,-1,-1
351,38,1202.8614079498116,518.4866879835859,1286.1848835971273,722.9810348991435,1,-1,-1,-1
352,37,626.981042276921,517.9154915762688,711.6736821574934,729.329765479576,1,-1,-1,-1
352,38,1203.2636360621568,513.9181089381398,1287.1475873443399,718.6671699090758,1,-1,-1,-1
353,37,626.3620707449026,517.1496038137817,710.8305471420487,728.5028214998863,1,-1,-1,-1
353,38,1203.5240481150024,509.24099547335607,1287.5682889648679,712.8755520235793,1,-1,-1,-1
354,37,626.2338467052576,512.8449145722373,710.1863491581815,722.7877769649722,1,-1,-1,-1
354,38,1207.2275454923492,506.40482888932,1291.6089856069136,710.7756707172896,1,-1,-1,-1
355,37,625.4894886164273,511.01280765437724,709.6944439642355,721.1505644397473,1,-1,-1,-1
355,38,1208.9932032944025,505.420790021897,1293.2910290261211,709.1117039516207,1,-1,-1,-1
356,37,624.5183506751424,507.62249156812277,709.9160919872331,721.2949854400681,1,-1,-1,-1
356,38,1209.831758816403,498.74451603097106,1294.4859713752094,703.4566421527709,1,-1,-1,-1
357,37,624.3143913119828,504.5068627450568,708.6544014058727,715.6547818833155,1,-1,-1,-1
357,38,1210.510791181071,496.56290157796235,1295.2981519950627,700.6793599853492,1,-1,-1,-1
358,37,624.6551534768777,498.68358719068567,707.9676284074392,706.6732797335751,1,-1,-1,-1
358,38,1210.7037021843328,493.3922203064419,1295.0489351694478,695.6796032087091,1,-1,-1,-1
359,37,624.1568419599207,494.53380271811534,707.779463739198,703.6312312707767,1,-1,-1,-1
359,38,1210.9494840949235,491.18593365121643,1295.1245611435597,693.0133330210018,1,-1,-1,-1
360,37,621.404278940872,490.5892840763255,703.6713942104162,696.5367588194632,1,-1,-1,-1
360,38,1211.1203602429487,490.0930851901539,1295.6605992950192,691.9030384378175,1,-1,-1,-1
361,37,620.1727127016463,488.2039039740716,702.602442296805,694.0859418068048,1,-1,-1,-1
361,38,1214.057912056848,482.8765374613865,1300.0297677545213,687.7384643075445,1,-1,-1,-1
362,37,620.083238211141,483.0971323876746,702.0123436772271,687.8420541952845,1,-1,-1,-1
362,38,1212.7388636266435,477.9216283382141,1297.5615959767897,680.1426287896236,1,-1,-1,-1
363,37,619.4186159989879,479.73223807641455,701.676505436439,685.1590443108099,1,-1,-1,-1
363,38,1215.2654264151297,474.790000286286,1300.1361177635254,677.7386519286856,1,-1,-1,-1
364,37,618.9620496798477,474.8728157742873,700.9092603197731,678.884467198036,1,-1,-1,-1
364,38,1215.9731597663788,471.6895561892485,1301.527689182652,676.422727387494,1,-1,-1,-1
365,37,618.7977402381078,472.4579272858573,700.4883692441405,676.4656128825634,1,-1,-1,-1
365,38,1216.290198083577,466.0680046872931,1302.5237023532588,672.460000781307,1,-1,-1,-1
366,37,618.7617967533955,467.471761316762,700.4132298819892,671.4679484887874,1,-1,-1,-1
366,38,1216.431002244706,463.2740927072143,1302.5953054465176,669.512483014819,1,-1,-1,-1
367,37,618.1276516988703,465.82914854833,699.8289486143526,669.4570141438521,1,-1,-1,-1
367,38,1216.7658926705724,462.33962465117133,1302.8051138859082,669.1388043475886,1,-1,-1,-1
368,37,618.020365238456,460.6099922747765,699.7665976707005,664.9955594201415,1,-1,-1,-1
368,38,1217.1988867604045,458.65318836579297,1302.2579567487815,663.5465975456736,1,-1,-1,-1
369,37,617.6306734556489,458.1215202700763,699.716922492311,663.727122268833,1,-1,-1,-1
369,38,1217.6335562685833,455.7149919294284,1302.350227519311,660.9022119032277,1,-1,-1,-1
370,37,617.1500761785956,457.120038369463,699.3924566034617,663.2919639456284,1,-1,-1,-1
370,38,1217.815102361715,449.8575971651188,1302.4704980992653,656.227855853804,1,-1,-1,-1
371,37,617.1643154348188,451.4453600793714,698.7200169626574,656.9259627624907,1,-1,-1,-1
371,38,1217.9537959812706,445.120226910321,1301.5829177950184,649.7104069896857,1,-1,-1,-1
372,37,616.8576336785889,447.0863630988213,698.7256634159305,653.7918108432818,1,-1,-1,-1
372,38,1217.904780100839,440.4136420423701,1301.435514537051,645.4424537209736,1,-1,-1,-1
373,37,616.913896195492,446.0347959499537,698.6233354262984,652.7237831560648,1,-1,-1,-1
373,38,1218.2896241704957,437.0289755379788,1300.7711998693576,639.9784562679461,1,-1,-1,-1
374,37,617.2070498630898,442.0492467189342,698.1270874745122,647.5620637584632,1,-1,-1,-1
374,38,1218.2868015480162,433.28479865273124,1300.9885852843092,637.5083140684576,1,-1,-1,-1
375,37,617.3882287408518,437.2704430947763,697.6489443906356,641.6955501038481,1,-1,-1,-1
375,38,1218.2459859103021,431.02594956820633,1301.0242009920946,636.0489031651108,1,-1,-1,-1
376,37,617.422296562333,434.91729305689864,697.5506220503532,639.1284014047026,1,-1,-1,-1
376,38,1218.2379448754486,426.88552239876515,1300.744683545554,631.8568933827075,1,-1,-1,-1
377,37,615.3738902893903,433.781803893143,695.3043262753849,637.9129556475132,1,-1,-1,-1
377,38,1218.4001792445633,421.12025821991085,1300.0842621887416,625.49814467954,1,-1,-1,-1
378,37,614.6538595595848,433.43293896638056,694.4450137941783,637.5861119428685,1,-1,-1,-1
378,38,1218.4624842349044,418.54574927818265,1299.95101969069,623.102740305117,1,-1,-1,-1
379,37,616.3493265384371,427.55129505591134,696.597832993851,633.8604695415032,1,-1,-1,-1
379,38,1218.6572333134727,416.10380909506006,1299.8965427121796,621.2614797162737,1,-1,-1,-1
380,37,617.2791022248028,424.08719741622053,697.6251566525117,631.2895992520016,1,-1,-1,-1
380,38,1218.7500175809087,414.52829966629355,1299.8103143686426,620.4715197148946,1,-1,-1,-1
381,37,617.8360268668116,417.06924424789116,697.5932106681829,624.353240048443,1,-1,-1,-1
381,38,1219.4369633987071,408.9238693391975,1299.5755543692453,614.0161770302296,1,-1,-1,-1
382,37,616.0102543586577,415.90483847979914,695.059081041921,621.8296771106964,1,-1,-1,-1
382,38,1219.0111886653933,406.9869915165918,1299.0651713666248,612.1647615163757,1,-1,-1,-1
383,37,617.9509926232487,411.4549030476677,696.5211939813022,617.012828989945,1,-1,-1,-1
383,38,1219.3524448042197,401.7241283774758,1299.4181042795383,608.065495241317,1,-1,-1,-1
384,37,619.2052330057779,405.90729408687105,696.8862451773841,609.1851371334476,1,-1,-1,-1
384,38,1219.0606077102339,395.4555067196077,1298.812840299914,600.9730212751875,1,-1,-1,-1
385,37,620.0374053927204,403.58744882903574,697.6545356528734,607.063367035802,1,-1,-1,-1
385,38,1218.871231160101,392.28946402606675,1298.8191623831422,598.7971979610566,1,-1,-1,-1
386,37,620.6945470673804,401.53721900815026,698.272719804435,606.077291798525,1,-1,-1,-1
386,38,1218.6943108221426,389.25062956478564,1299.170633574364,597.6071110849987,1,-1,-1,-1
387,37,621.2380671224347,396.412730512318,698.8593882692098,601.100675095465,1,-1,-1,-1
387,38,1218.3505156438746,384.4757154942465,1298.8896892197076,593.8368075434953,1,-1,-1,-1
388,37,621.556308830076,392.48847192715465,699.3799354882069,597.8558571032601,1,-1,-1,-1
388,38,1215.089176645234,379.2844094061842,1294.7112322981438,585.5124950906579,1,-1,-1,-1
389,37,622.5121860830802,391.6041621779164,700.041266499197,596.6989395442135,1,-1,-1,-1
389,38,1214.25020359573,376.3230930430093,1293.133713071853,580.9130483275944,1,-1,-1,-1
390,37,623.2245972067313,386.60051546732666,700.0726157651068,590.023951765488,1,-1,-1,-1
390,38,1213.4196883265495,371.70345593108937,1292.2358363018884,575.703733658438,1,-1,-1,-1
391,37,624.029958296471,384.3564360562524,700.2317750262828,587.0612541751755,1,-1,-1,-1
391,38,1213.1789062511505,370.645753492121,1291.7709066206958,574.1303880403411,1,-1,-1,-1
392,37,626.6992929179864,378.8203481227157,702.7399544419663,581.6027220487854,1,-1,-1,-1
392,38,1212.8957016142729,367.2963194824651,1291.427496286163,571.4601509374237,1,-1,-1,-1
393,37,628.1100417775807,376.961875281204,704.148928967316,580.0885731670044,1,-1,-1,-1
393,38,1212.461101599448,366.4962356181613,1291.2198597501504,571.7054230895301,1,-1,-1,-1
394,37,628.6098277784413,373.27535153645954,704.2265038042565,574.9767332905967,1,-1,-1,-1
394,38,1212.236976250615,361.92229169318557,1290.426911070579,565.4783266451318,1,-1,-1,-1
395,37,629.0360524385728,371.792135121152,704.4603670687463,572.924676467785,1,-1,-1,-1
395,38,1211.5486066772373,360.93394941440613,1290.0523123526566,565.0525392534377,1,-1,-1,-1
396,37,629.3288736094831,368.099164255508,705.6917987694734,572.0303753143737,1,-1,-1,-1
396,38,1211.3926041170125,356.31804147296464,1289.509364950462,560.1496850706122,1,-1,-1,-1
397,37,629.7388557758211,366.71057899989154,706.4846882227113,571.6000696593486,1,-1,-1,-1
397,38,1208.2850058941583,355.3276128996088,1285.8670019905135,557.8621073461375,1,-1,-1,-1
398,37,631.259327665091,360.15092538766254,706.5961338612416,561.0387313749854,1,-1,-1,-1
398,38,1206.3814681468898,350.69388186529795,1283.2993514691764,552.0608439052671,1,-1,-1,-1
399,37,632.3100476631553,357.5360985213994,706.9992597032902,556.262186356714,1,-1,-1,-1
399,38,1205.9641966987272,347.23086575998093,1282.1669799008498,547.4986641947887,1,-1,-1,-1
400,37,634.9735807426623,354.7684347920159,710.392504536614,555.2019069335358,1,-1,-1,-1
400,38,1205.475984554091,342.8447486946623,1281.0736657740404,542.6579256254936,1,-1,-1,-1
401,37,636.5154699086207,349.40912261291965,712.0690770565834,549.8639729437471,1,-1,-1,-1
401,38,1205.5000524219743,339.0209394510879,1280.9780473902015,539.7280718366909,1,-1,-1,-1
402,37,637.175395902029,346.02833924585417,713.2552189066378,548.033118928125,1,-1,-1,-1
402,38,1205.8470779041838,336.7770154749645,1281.0595151146176,538.0157414902421,1,-1,-1,-1
403,37,638.0654127014355,346.09203055227465,713.846778560514,547.5328435583664,1,-1,-1,-1
403,38,1204.865337953175,336.07403439229245,1280.4199884846084,538.3578284911064,1,-1,-1,-1
404,37,638.8059795429247,341.5851061470629,714.0393696211396,541.7107671742554,1,-1,-1,-1
404,38,1201.6175337425625,333.9841578085146,1276.3583883590518,534.6742794868925,1,-1,-1,-1
405,37,639.839950233263,338.6274555317803,715.0659914595014,539.5118878519094,1,-1,-1,-1
405,38,1200.1322657650117,331.79827145444864,1274.9686821901212,532.413694565025,1,-1,-1,-1
406,37,640.5495912218543,338.1612663300272,715.7488598025558,538.9884397586534,1,-1,-1,-1
406,38,1198.3204980628461,329.6512523619404,1273.5325638536478,531.8823663099338,1,-1,-1,-1
407,37,643.7498365101396,334.81977571874006,718.2888509676684,534.0098176777481,1,-1,-1,-1
407,38,1197.1667165741403,325.489821468305,1272.7464729053709,528.5223555674015,1,-1,-1,-1
408,37,645.5184241653122,332.98462432548126,720.0767020201178,532.4868964068271,1,-1,-1,-1
408,38,1196.9453858877084,322.16943308028783,1272.2980873019828,525.4361193673731,1,-1,-1,-1
409,37,646.7110319760266,327.52465306081143,721.2774157000462,526.7348384275717,1,-1,-1,-1
409,38,1193.2007277627697,317.52782180065986,1268.6798295710596,520.8401308900297,1,-1,-1,-1
410,37,648.0618223824606,325.1466598817678,722.692909333451,524.4629804658491,1,-1,-1,-1
410,38,1191.8337035571967,314.2167358800649,1267.1210537508243,517.1270705014845,1,-1,-1,-1
411,37,648.9594592663644,322.8012845304682,723.729076048604,522.5003096075233,1,-1,-1,-1
411,38,1191.434854959569,313.53062160763733,1265.8556754312558,514.7886026861327,1,-1,-1,-1
412,37,651.4688194888155,323.21839717227084,726.6185625502974,523.6700544414437,1,-1,-1,-1
412,38,1190.7942480080942,310.13092712380796,1264.699371096312,510.8255806263296,1,-1,-1,-1
413,37,653.2566259941399,318.91303184512054,728.2965963001461,518.9733638603731,1,-1,-1,-1
413,38,1189.9924755159936,307.2063843353298,1264.1081179645969,508.77147625489414,1,-1,-1,-1
414,37,654.0952615921165,315.09765514881565,730.4319475329555,518.0951595796404,1,-1,-1,-1
414,38,1188.8266337117825,305.7532493768229,1263.3319199071261,509.15155730568256,1,-1,-1,-1
415,37,655.2527223841859,313.4599383124488,731.6685458511424,516.4633790570023,1,-1,-1,-1
415,38,1188.5464536940124,304.6531776062408,1262.726842913916,507.71393966541825,1,-1,-1,-1
416,37,658.6258866655817,314.42728079473346,735.0823208530562,517.5432825642008,1,-1,-1,-1
416,38,1185.6850985536896,304.31655949099894,1259.448368246864,506.38540783959775,1,-1,-1,-1
417,37,660.2327306343268,309.11826705201315,737.074498892512,513.0309952819364,1,-1,-1,-1
417,38,1183.8742538828221,299.16311484313815,1258.0990308062708,502.64077740392725,1,-1,-1,-1
418,37,661.7583599087353,310.95030550236896,738.7539855555736,515.3833908714278,1,-1,-1,-1
418,38,1182.1258846771127,298.5571169349076,1256.4770384042338,502.18876552840345,1,-1,-1,-1
419,37,662.6988670379933,306.8388825239507,739.756485649937,511.13447134958346,1,-1,-1,-1
419,38,1178.6364015822346,297.9393070493677,1252.294027526994,499.7851523000825,1,-1,-1,-1
420,37,663.8861457645314,306.0595358429845,740.7289278346984,509.39807265334355,1,-1,-1,-1
420,38,1176.542370121309,293.7821139628432,1250.2616773381822,495.55800825606144,1,-1,-1,-1
421,37,666.9830915243708,303.51306400819396,744.5409177293081,508.89763146360656,1,-1,-1,-1
421,38,1175.299498725984,290.22618246500275,1249.3348813090304,493.27857994840593,1,-1,-1,-1
422,37,668.7970316277116,302.1214632598699,746.8014735440918,508.7050285967323,1,-1,-1,-1
422,38,1173.898024512626,288.4799038002786,1248.1583729289796,492.4859181456581,1,-1,-1,-1
423,37,669.9532407633988,302.34220930921913,748.3411681229624,509.22789046013196,1,-1,-1,-1
423,38,1169.970329066213,289.72373722584666,1244.2055432979885,492.90755192046856,1,-1,-1,-1
424,37,673.7324533524417,297.7700113342238,751.9931110480063,503.6049222145504,1,-1,-1,-1
424,38,1168.4330180153572,289.4158847801054,1242.3568003990576,491.7539220225881,1,-1,-1,-1
425,37,675.1014284726981,297.8905085756011,753.7403086762798,504.17845518100137,1,-1,-1,-1
425,38,1167.6384813720126,286.26974210859584,1240.9970342863492,487.5118047335679,1,-1,-1,-1
426,37,676.6107483959021,294.7036616132501,755.6128900151381,502.1069863074171,1,-1,-1,-1
426,38,1165.8833432368367,284.4826759238263,1239.368438931051,486.7760951728486,1,-1,-1,-1
427,37,678.2038064884216,296.8451936516025,757.0581462809699,503.86886197939907,1,-1,-1,-1
427,38,1161.932559869362,286.91212275451034,1235.5670622935907,489.20266010638346,1,-1,-1,-1
428,37,681.8311282937359,295.6695168322266,760.6691625738958,502.0816537195484,1,-1,-1,-1
428,38,1159.6658209867423,287.2440075095999,1233.639945970343,490.2984560673193,1,-1,-1,-1
429,37,683.503121194232,294.7256164318549,762.4006233183255,501.0626773857607,1,-1,-1,-1
429,38,1158.2806380081377,285.39205349562434,1232.038071082632,487.87073627951696,1,-1,-1,-1
430,37,686.0266419083007,290.4078468347943,764.4071527405615,496.2036165765832,1,-1,-1,-1
430,38,1156.9597026663769,287.12202094837573,1231.0811718766345,490.3891908823361,1,-1,-1,-1
431,37,689.9152702792345,289.0041275127019,767.8670687909919,493.7763897851319,1,-1,-1,-1
431,38,1153.9604294581886,284.85929842821736,1227.2193896225583,485.78724966384345,1,-1,-1,-1
432,37,691.9562140991974,292.72314869086085,770.05593785097,497.7385095481563,1,-1,-1,-1
432,38,1151.60942409704,282.1270977814477,1225.301803559291,483.49595867867924,1,-1,-1,-1
433,37,693.5371696138135,289.4377884450287,771.7702586501729,495.0597339187635,1,-1,-1,-1
433,38,1150.3619500928157,282.7798904699805,1223.8418695965472,484.18383517620265,1,-1,-1,-1
434,37,695.7544330445132,289.7783249281123,772.7301800938299,492.540809106947,1,-1,-1,-1
434,38,1146.2810821428864,282.62241424724107,1219.0140447034041,482.06844850553244,1,-1,-1,-1
435,37,698.9916429524577,290.6640340050653,776.1993023192983,493.45404651202324,1,-1,-1,-1
435,38,1143.9731026921854,282.8973127647545,1216.840854337705,482.8699680875037,1,-1,-1,-1
436,37,702.1455418751476,289.9551604076419,779.1574174664163,493.0225942184072,1,-1,-1,-1
436,38,1142.0179431276947,279.0325143358293,1215.2660266970076,479.04388699974976,1,-1,-1,-1
437,37,703.8964305585081,290.4919918461127,781.014650730368,493.6390497555236,1,-1,-1,-1
437,38,1138.13483581571,281.1061161398093,1211.1121188679035,480.57941001427423,1,-1,-1,-1
438,37,707.4572528394184,291.54117134903197,784.704411757974,494.7833310763578,1,-1,-1,-1
438,38,1135.5557565379775,282.37823864485887,1209.5187602083388,484.18191956816634,1,-1,-1,-1
439,37,709.9884682300225,288.9850495796891,787.4763072262655,493.76016507331957,1,-1,-1,-1
439,38,1133.692472197068,277.90980825813125,1207.8348584072805,479.78727892174675,1,-1,-1,-1
440,37,714.735793356691,291.4640635681138,790.9445458578325,493.3506596822687,1,-1,-1,-1
440,38,1129.036761076402,280.68041986418666,1203.576614506696,483.66524866538566,1,-1,-1,-1
441,37,717.4503762019004,290.2103383398775,793.398445344787,491.99133986613407,1,-1,-1,-1
441,38,1126.372082580247,282.7050538510955,1200.836488898291,484.88956078671066,1,-1,-1,-1
442,37,719.9019162823042,286.72723637578383,795.356694789102,487.7385580879995,1,-1,-1,-1
442,38,1125.20512058777,281.6100755642736,1200.0667880092453,484.4596502961103,1,-1,-1,-1
443,37,724.2423113557968,290.6060779768575,799.4496765077758,490.84672484895714,1,-1,-1,-1
443,38,1121.02994120079,281.84262200208633,1195.958746338445,484.51284826028376,1,-1,-1,-1
444,37,726.2598671404113,289.5255928742804,802.2190700520108,492.23786654727473,1,-1,-1,-1
444,38,1118.2044704667976,281.3438650674514,1194.008542120541,485.5181287696568,1,-1,-1,-1
445,37,728.7086081031812,290.5715422736423,803.7210656876985,491.5349135914097,1,-1,-1,-1
445,38,1113.0381165915542,281.4063958683931,1189.0582123052084,485.5957024814379,1,-1,-1,-1
446,37,732.6922419037535,296.08826623720967,806.9656740390502,495.1748425318168,1,-1,-1,-1
446,38,1110.589518374398,281.98716205245546,1186.1435155046363,485.1845101901193,1,-1,-1,-1
447,37,734.5654039842831,292.6759339656223,809.2905278240532,493.135333146051,1,-1,-1,-1
447,38,1108.1790567777402,283.56061973487783,1184.081292968979,487.3444905962877,1,-1,-1,-1
448,37,736.3796135358954,296.60452616224194,811.4226666002678,497.238016543903,1,-1,-1,-1
448,38,1104.0192248970618,286.5704474073924,1180.5135235039102,491.1488112997175,1,-1,-1,-1
449,37,740.2861626231835,298.8149736786621,815.2685391561508,499.33159342305873,1,-1,-1,-1
449,38,1101.1899496726903,286.5515270965601,1178.1772510005685,492.9018626050196,1,-1,-1,-1
450,37,742.0518823823546,298.0633198222655,817.5288515582389,499.3950675514741,1,-1,-1,-1
450,38,1095.9803316149118,283.18642662629725,1173.6102298942824,489.92461544469444,1,-1,-1,-1
451,37,744.8789196453387,300.04867841412636,819.6868666918888,500.09569127711114,1,-1,-1,-1
451,38,1094.0123238393912,287.19331152729916,1171.140783254483,492.6905220689125,1,-1,-1,-1
452,37,749.0436208728399,301.24094394310123,823.594605446898,501.0911700381773,1,-1,-1,-1
452,38,1092.7017944483953,289.7414190479117,1169.565612078116,494.57381736067214,1,-1,-1,-1
453,37,752.5983472456986,300.2063119153924,826.7763327598743,499.84548461421423,1,-1,-1,-1
453,38,1090.8174993859745,290.64281220634024,1167.8349434069582,495.88485168490155,1,-1,-1,-1
454,37,756.2984102762761,300.86653316787107,830.4188952513799,500.40209219030766,1,-1,-1,-1
454,38,1087.0044482049905,294.78282157245803,1163.9319158966216,499.51618187724046,1,-1,-1,-1
455,37,759.0899568708107,305.1056036740625,833.3660172820935,505.45253952188335,1,-1,-1,-1
455,38,1084.2023640608902,293.02871629022013,1161.081924883118,497.79748071580286,1,-1,-1,-1
456,37,761.6728723595007,303.91266140427854,835.4001303330829,503.5566469408142,1,-1,-1,-1
456,38,1079.8701913712364,295.8199976287631,1155.9029162404538,499.3282271422956,1,-1,-1,-1
457,37,765.2454199105152,306.5631738571777,838.9565519389456,505.9325398275641,1,-1,-1,-1
457,38,1077.3014659478933,298.40073704534586,1152.9009717480537,501.8120950997635,1,-1,-1,-1
458,37,768.6784583151563,307.10591397996234,842.5796845935201,507.41165031603447,1,-1,-1,-1
458,38,1072.910416459729,299.2745291122575,1148.3522452726568,502.7577987097342,1,-1,-1,-1
459,37,772.5201051648655,307.93056924013047,846.62516633372,508.11909650853977,1,-1,-1,-1
459,38,1069.905039445411,299.51373348704317,1145.8597518701604,504.3715648357775,1,-1,-1,-1
460,37,774.9294164829458,313.2429229487311,849.1705644600428,513.6638617636515,1,-1,-1,-1
460,38,1067.3914970148312,302.5586189700716,1143.622287108997,508.3018028145069,1,-1,-1,-1
461,37,777.7947132317614,315.2263055489994,851.1448586219707,513.2020281722357,1,-1,-1,-1
461,38,1063.6995368420596,305.3480191538619,1139.2544012591336,509.57400997292524,1,-1,-1,-1
462,37,780.9959614002885,317.3812551852758,855.0017389723117,516.1594338773969,1,-1,-1,-1
462,38,1060.834400608793,306.85574185427635,1136.3871679115985,510.8484368473801,1,-1,-1,-1
463,37,783.697481909766,321.6047135842897,858.1983456808425,521.1950617157898,1,-1,-1,-1
463,38,1056.7359636237845,307.65447763822146,1131.9950962870723,510.9929552035875,1,-1,-1,-1
464,37,787.9125947337463,324.6195368814786,862.5111172211407,524.1193594252084,1,-1,-1,-1
464,38,1054.2398266764571,312.95337441266577,1130.072199897122,518.1197317070964,1,-1,-1,-1
465,37,790.3536723990725,324.5724594619469,865.5876900346941,524.4445488776921,1,-1,-1,-1
465,38,1049.4465336895094,315.16634455465197,1124.7200349352934,518.7370024312174,1,-1,-1,-1
466,37,793.6718748123496,330.50143067455804,867.9144092933388,527.4971577553118,1,-1,-1,-1
466,38,1046.9668588014536,315.9919780512429,1121.9532697075933,519.2333438939175,1,-1,-1,-1
467,37,797.2817819745898,328.6952726248701,872.2218681271077,527.4853670894692,1,-1,-1,-1
467,38,1044.8176361218764,319.7279748825843,1120.1430607843783,524.1146409685832,1,-1,-1,-1
468,37,799.9245648227329,332.3255455028219,875.2227838671316,531.6433114334625,1,-1,-1,-1
468,38,1040.7924290566598,326.52133287860306,1115.3831990111137,529.0513526351767,1,-1,-1,-1
469,37,803.2692640902005,336.6819610899858,879.3899195120314,537.5226061342391,1,-1,-1,-1
469,38,1037.7501050879846,325.6526361510862,1112.7243480381005,529.4920795957121,1,-1,-1,-1
470,37,805.6340779665826,337.26990052521705,882.434333136152,539.1333030456071,1,-1,-1,-1
470,38,1033.1386706446874,329.21759593633243,1107.5036143485634,531.4674975572163,1,-1,-1,-1
471,37,810.2966361361293,339.7144993703875,886.9668525806101,540.9178616635324,1,-1,-1,-1
471,38,1030.6006268682993,330.02914141282804,1105.2464861987582,533.0969805515351,1,-1,-1,-1
472,37,812.808292052756,340.22839287537045,889.7720102177633,542.4185290755731,1,-1,-1,-1
472,38,1025.5865571793731,332.6834452254081,1100.2526155068413,535.7168604676867,1,-1,-1,-1
473,37,815.8306434212868,346.46843708793295,892.6391491521144,548.1168598549814,1,-1,-1,-1
473,38,1022.7234151464643,338.10851446703373,1097.8048966280155,541.9181472584282,1,-1,-1,-1
474,37,819.3142273264241,348.7202048402586,896.3084795622028,551.9139255606806,1,-1,-1,-1
474,38,1020.0803750337518,338.0947496606675,1095.3284424668504,542.8521600140114,1,-1,-1,-1
475,37,823.1055736028183,349.5389075664157,900.069800638803,552.6542831931475,1,-1,-1,-1
475,38,1015.779815946435,343.60365696917734,1090.4846694523924,547.3245448375772,1,-1,-1,-1
476,37,826.539407575695,353.04532961985876,903.9880668874536,556.9623017904494,1,-1,-1,-1
476,38,1012.5904651550717,346.18679847479905,1087.5873080569054,550.2283732571417,1,-1,-1,-1
477,37,830.2816959834995,354.4816679852469,908.109310552881,558.9017038913883,1,-1,-1,-1
477,38,1008.2076742870103,347.5061389398513,1083.6279957075467,552.1341570197254,1,-1,-1,-1
478,37,834.4062380753008,359.80923028893494,912.1835507222776,563.5200605533067,1,-1,-1,-1
478,38,1005.4437159423445,348.19697767372213,1080.948495608283,552.9991013135475,1,-1,-1,-1
479,37,837.7442194570995,362.07089118996777,915.7792272710635,566.8344925664433,1,-1,-1,-1
479,38,1000.2721437615852,356.6185522370441,1075.739880853704,561.3302157287828,1,-1,-1,-1
480,37,842.0208015539682,364.2048553324246,920.2400962842272,569.4140352059089,1,-1,-1,-1
480,38,997.3447308702356,360.1794208223905,1073.0192717717077,564.8360249345337,1,-1,-1,-1
481,37,845.6520816443251,369.24356780547595,923.5558205684333,573.8095656054974,1,-1,-1,-1
481,38,995.2536231559602,362.8613496636046,1071.2937891801976,567.1090370663965,1,-1,-1,-1
482,37,848.3294806959605,371.46459405083453,925.6760326233675,574.8096906535782,1,-1,-1,-1
482,38,990.8793921530715,364.37860778830037,1067.0396336918166,568.2089086385408,1,-1,-1,-1
483,37,852.5264487913105,377.34599871910245,929.4029482610624,580.2596043790388,1,-1,-1,-1
483,38,984.0693889656503,365.00356894255214,1060.6549463434417,569.2549645408383,1,-1,-1,-1
484,37,856.512324327054,382.00277611206246,932.4129263775405,582.3906689434754,1,-1,-1,-1
484,38,981.0985402141596,371.2718682201537,1057.2586693148478,573.3111239188954,1,-1,-1,-1
485,37,860.3204305823089,385.142675750327,936.9019536229872,587.4219338251091,1,-1,-1,-1
485,38,979.2592772378803,372.9834456237519,1055.8789033127655,574.5584327656195,1,-1,-1,-1
486,37,863.5817889124785,388.0193348783328,939.9452996705714,589.7714603001366,1,-1,-1,-1
486,38,974.3210186878199,378.3000163294291,1051.0825830393578,579.3008595060378,1,-1,-1,-1
487,37,867.9371222619966,389.7534698194299,943.927302040835,590.1528347944479,1,-1,-1,-1
487,38,971.1315506072924,380.4444593102111,1049.097212324045,583.0111894007437,1,-1,-1,-1
488,37,871.1581419677213,390.85948021151387,947.176288588071,591.3506154136884,1,-1,-1,-1
488,38,965.993977811009,386.2708266957464,1043.9276155501675,588.6529010209331,1,-1,-1,-1
489,37,875.6903385076786,396.6985457171971,951.3612122025553,595.9883677840951,1,-1,-1,-1
489,38,963.5228079084254,390.05383326054607,1040.8335199730686,590.3327110122474,1,-1,-1,-1
490,37,879.2341717034922,398.82433613018793,955.2701425157192,598.9455882849298,1,-1,-1,-1
490,38,958.9826869221918,394.11457785610475,1036.265621964091,594.6345534630414,1,-1,-1,-1
491,37,883.537053960975,403.2548184049461,959.3617422817779,602.856377060825,1,-1,-1,-1
491,38,956.2263006196323,398.20564814323154,1033.2556777831355,597.6159253603334,1,-1,-1,-1
492,37,885.9713463315516,410.53107321901206,961.9975800528456,611.4764064027446,1,-1,-1,-1
492,38,951.3595093599176,398.9878999074948,1028.5492831194729,599.4886547965223,1,-1,-1,-1
493,37,891.2629275531735,415.2037842285073,966.4206071806894,613.8469873930937,1,-1,-1,-1
493,38,949.3149654322013,403.7046077608025,1026.078789043946,603.9483496033265,1,-1,-1,-1
494,37,894.7029236352645,417.2275962793467,969.149912096332,614.0536468713133,1,-1,-1,-1
494,38,947.2996434081124,407.3995043759441,1024.3141359953202,610.2564484651364,1,-1,-1,-1
495,37,896.8417392684736,421.56625062445937,971.8830672280194,620.7453760977296,1,-1,-1,-1
495,38,943.8969884879573,414.8496671063502,1019.9813372479057,617.7560295751668,1,-1,-1,-1
496,37,900.5457880494135,422.14052970641626,976.3500716384593,623.490883639566,1,-1,-1,-1
496,38,946.0264215087175,417.73904570351465,1021.1615340706641,621.4862720622775,1,-1,-1,-1
497,37,904.1022409533665,427.3652494083748,980.1418962187118,628.9739996281382,1,-1,-1,-1
497,38,948.4953513831625,421.412038488257,1020.4993578705386,620.1778573945286,1,-1,-1,-1
498,37,908.8889719265293,429.0286748941599,985.6237309111835,631.5991592423846,1,-1,-1,-1
499,37,914.6430870473465,434.28668203510006,992.4678290865668,638.5973556164597,1,-1,-1,-1
500,37,917.7288076282575,435.81180830466593,995.792182541634,640.0897255233169,1,-1,-1,-1
