1,59,915.8116455078125,439.46331787109375,998.2906494140625,645.292724609375,1,-1,-1,-1
2,59,920.388656314412,435.72154248450414,1002.5286612257806,640.8309512808303,1,-1,-1,-1
3,59,923.006579339869,433.49248678680027,1005.4996488319783,639.7581821512293,1,-1,-1,-1
4,59,926.8711297256768,429.66932942348654,1010.9712867171794,640.559709211288,1,-1,-1,-1
5,59,929.3423929065372,424.412089393197,1014.0158860852276,637.5297369088303,1,-1,-1,-1
6,59,931.817399514203,421.2036100901206,1015.8646385244604,633.9495560207547,1,-1,-1,-1
7,59,937.2632443469237,417.9852253476499,1019.1844470101639,626.6819806833603,1,-1,-1,-1
8,59,941.752825128578,415.98315815663466,1021.5888942799118,620.4618621840514,1,-1,-1,-1
9,59,945.9402230678459,410.7442871522982,1025.5992919524865,615.8987594520181,1,-1,-1,-1
10,59,948.7445588917004,406.8341887828288,1028.8383912493255,613.7924288481627,1,-1,-1,-1
11,59,951.444543593287,403.5073340417861,1030.1369880115155,607.3653059616872,1,-1,-1,-1
12,59,955.9931843804621,400.2768050760275,1034.3489949472598,603.7710266812763,1,-1,-1,-1
13,59,961.9949140309931,396.1070214170011,1039.9751304985996,599.1414944636513,1,-1,-1,-1
14,59,965.2209355451038,393.7838275754105,1042.699691021658,595.9249582033044,1,-1,-1,-1
15,59,967.5343516484143,389.3187365382133,1044.6206444864283,590.2951479967467,1,-1,-1,-1
16,59,972.331387969272,385.9666921243045,1048.8209829095122,586.201535804086,1,-1,-1,-1
17,59,976.0171840912944,382.66465172713896,1050.986325154535,579.3392689282463,1,-1,-1,-1
18,59,980.9701196813068,378.38566078058426,1054.6650935672353,572.1913898037013,1,-1,-1,-1
19,59,983.488186206586,374.88932983932534,1057.0670742050474,568.4834086110006,1,-1,-1,-1
19,60,990.7730072959641,542.8312622070313,1061.8239165321609,703.3666748046876,1,-1,-1,-1
20,59,984.929219361292,371.7650240210832,1059.156193416527,567.2518997064676,1,-1,-1,-1
21,59,990.2081659677492,369.120610109815,1062.833431197373,560.0590216254006,1,-1,-1,-1
22,59,993.4109042022797,366.4566524277034,1066.0206537591334,557.3903311096724,1,-1,-1,-1
22,60,991.9841362016142,521.5564042052343,1076.3436667825167,712.9928387513656,1,-1,-1,-1
23,59,997.405103769606,361.61710440552474,1069.9056405192425,552.8347014560511,1,-1,-1,-1
23,60,993.3411273667998,518.6548775935031,1078.8891101886538,713.5104125098794,1,-1,-1,-1
24,59,1000.1726577764689,356.79826509661183,1073.6033097223026,550.954994451459,1,-1,-1,-1
24,60,993.1585931985123,515.2506082809189,1081.7427799205175,717.7262417669623,1,-1,-1,-1
25,59,1004.2589926431654,351.385537843945,1078.3482924976918,548.1124139992229,1,-1,-1,-1
25,60,996.9951802386474,517.4543719836114,1086.7420206616487,723.8242298517104,1,-1,-1,-1
26,59,1008.0720058320468,348.57123961150563,1082.320719097671,547.049435274628,1,-1,-1,-1
26,60,999.6824208574684,519.1867576418033,1089.7859827518882,727.7253024034062,1,-1,-1,-1
27,59,1012.4747280026306,345.54457806296847,1086.811185568936,545.2429768343917,1,-1,-1,-1
27,60,1004.2088471197162,522.3667756881675,1094.6780708702927,733.4633013380912,1,-1,-1,-1
28,59,1015.1383087817651,341.8949359235169,1089.1859620444632,541.6399818786142,1,-1,-1,-1
28,60,1007.0703510635373,523.7062617859954,1097.648800595498,737.2181582642572,1,-1,-1,-1
29,59,1018.1032499420448,339.32014363670305,1091.6931498888525,538.6341902234415,1,-1,-1,-1
29,60,1009.2198673500013,529.5763676974907,1098.88426034084,742.1754789389813,1,-1,-1,-1
30,59,1021.012297533035,334.40961602255413,1094.8961610074125,535.0746414261712,1,-1,-1,-1
30,60,1013.9383158656735,534.2206828657959,1102.1582289529194,744.6218783398238,1,-1,-1,-1
31,59,1023.939151344453,331.37846571339287,1097.883620747144,533.0609516926036,1,-1,-1,-1
31,60,1017.376853198136,540.8672558068538,1103.7365188238043,748.3817807000298,1,-1,-1,-1
32,59,1028.5755223491003,329.8216278622621,1101.7130388381365,529.6074213400584,1,-1,-1,-1
32,60,1019.0305778567265,543.6027402048494,1105.1533007836358,751.0150301037902,1,-1,-1,-1
33,59,1030.9985811611768,325.78924937409386,1103.8519380994996,525.0853507775485,1,-1,-1,-1
33,60,1023.3687256575067,548.6286744630683,1109.3111987810394,756.6097642910097,1,-1,-1,-1
34,59,1032.653707527647,322.89662929021506,1105.196423927298,522.0967420371376,1,-1,-1,-1
34,60,1025.2885977554226,551.4772900040496,1110.8925682075956,759.3271822158522,1,-1,-1,-1
35,59,1034.7665578675133,318.3580063591628,1107.0851814112698,517.6346301284673,1,-1,-1,-1
35,60,1026.9157207514475,554.0283506056555,1112.4311239784913,761.0294721187787,1,-1,-1,-1
36,59,1038.2233160975277,315.86333879506265,1110.1685896469144,513.6759162800606,1,-1,-1,-1
36,60,1030.6972794529404,557.7037978410096,1116.7393321552884,765.8455654435056,1,-1,-1,-1
37,59,1039.903165841836,310.3217583963208,1112.3609997929927,509.5193296120435,1,-1,-1,-1
37,60,1032.8645931574608,561.4494476419752,1118.3849227335033,768.4939704993807,1,-1,-1,-1
38,59,1041.9619063290431,307.378620528876,1114.7022235672348,508.146633408469,1,-1,-1,-1
38,60,1035.4728118955272,566.8453044351187,1120.0229924975256,772.5407750498794,1,-1,-1,-1
39,59,1045.46800541937,305.72560420563264,1117.8152463330418,505.2648694671592,1,-1,-1,-1
39,60,1039.4068800746754,569.6434297656209,1123.3291690597848,774.679848051952,1,-1,-1,-1
40,59,1046.6559941465105,301.1513037007587,1119.4141329777274,501.6093517003479,1,-1,-1,-1
40,60,1041.2924817431337,573.9021012431766,1125.188588335071,780.0903919486117,1,-1,-1,-1
41,59,1047.4989845602236,297.8887955859682,1120.6760753967787,499.35609466853896,1,-1,-1,-1
41,60,1042.72035205277,576.4784587765083,1126.2541781942696,782.4696806972516,1,-1,-1,-1
42,59,1049.3650206131563,294.40350483513294,1122.083226329789,494.43337643315766,1,-1,-1,-1
42,60,1043.708142831854,577.9198747129743,1127.8156667984867,785.6267299013821,1,-1,-1,-1
43,59,1050.8934044842526,291.3815004898665,1123.1896105051221,490.35037865886864,1,-1,-1,-1
43,60,1047.235767948015,582.1974323713214,1131.4960801120887,790.6527994917874,1,-1,-1,-1
44,59,1053.304023806438,286.9371359098464,1125.7656858063028,486.115645009665,1,-1,-1,-1
44,60,1049.2548695638948,585.8028220532982,1132.8980820359657,792.7798409002536,1,-1,-1,-1
45,59,1054.9359997102765,283.44217674434276,1128.0272247183364,484.4249216544574,1,-1,-1,-1
45,60,1050.6455001172094,589.9846663659796,1134.1704422975706,796.9281945569726,1,-1,-1,-1
46,59,1056.1173926285692,279.4883140636308,1130.3550503422812,483.2985090106906,1,-1,-1,-1
46,60,1051.4691404731916,592.0852472985493,1135.2015679545536,799.4395724617023,1,-1,-1,-1
47,59,1057.4609550296816,275.9941203985639,1131.850586237912,479.34568839471893,1,-1,-1,-1
47,60,1052.113883072162,593.2170591307745,1136.438529350432,801.9149516052003,1,-1,-1,-1
48,59,1059.817203360571,272.3992468410171,1134.92077158067,476.3810970312998,1,-1,-1,-1
48,60,1055.3838661594361,597.4257738800153,1139.7696656760065,806.8562694489016,1,-1,-1,-1
49,59,1060.7062368834888,268.39880277874437,1136.3842373128962,472.7786658209516,1,-1,-1,-1
49,60,1057.132299359397,600.2605718828381,1141.292263581134,809.3800042724597,1,-1,-1,-1
50,59,1061.2467664339206,265.52114271071,1137.3174431566156,469.94348621123703,1,-1,-1,-1
50,60,1057.1863262867835,601.2606074225135,1142.0510534909959,811.9378024607602,1,-1,-1,-1
51,59,1061.320767683928,262.5970613739495,1138.0145319017895,467.82139978454194,1,-1,-1,-1
51,60,1057.8984054466157,605.3639070437456,1142.4805369259623,815.674978146524,1,-1,-1,-1
52,59,1062.3506846807568,259.55904320401396,1138.6385385907067,462.8455141012445,1,-1,-1,-1
52,60,1057.7008196268803,606.7925681390683,1143.458434410905,819.3890049719873,1,-1,-1,-1
53,59,1062.995680121883,256.5295609661585,1139.3809651859397,460.1144744422595,1,-1,-1,-1
53,60,1058.4158647408324,611.5798211068465,1143.8629421048422,823.5091466070954,1,-1,-1,-1
54,59,1063.9393015215555,252.5563555496189,1140.360719405877,455.838941089625,1,-1,-1,-1
54,60,1058.3663376335094,614.2761153788792,1144.1198401222819,825.982315447309,1,-1,-1,-1
55,59,1066.6470133271214,249.8025423537277,1143.0136335278485,452.7737271032795,1,-1,-1,-1
55,60,1059.0162956461822,617.0854462142131,1144.2274465994003,826.7695457488236,1,-1,-1,-1
56,59,1067.7835711631049,247.18083238536295,1144.5368154080707,450.5968981093099,1,-1,-1,-1
56,60,1058.9998596512996,620.9641708160058,1144.691559463553,830.6713990681376,1,-1,-1,-1
57,59,1068.3424785913476,244.55900260912495,1144.4922007811922,446.3253911648817,1,-1,-1,-1
57,60,1062.7415322880754,623.5760321263921,1148.2679784407396,832.5437759728301,1,-1,-1,-1
58,59,1068.668547120843,242.60932034826342,1144.494115916479,443.5475176463119,1,-1,-1,-1
58,60,1064.0509871078325,625.7447822414863,1149.661049657961,834.4835826537487,1,-1,-1,-1
59,59,1068.5974244962058,239.13669819825344,1145.4479496131855,442.5225676486207,1,-1,-1,-1
59,60,1064.4433038896043,629.0935070374292,1150.8879342951764,839.2208035480775,1,-1,-1,-1
60,59,1068.9737567337984,236.1789314124084,1145.5078005349671,438.52233360130833,1,-1,-1,-1
60,60,1064.5665828579656,631.6920962357204,1151.0651996448346,841.1513324038365,1,-1,-1,-1
61,59,1068.5557443059142,232.62529532892506,1145.814912684874,436.4448736042391,1,-1,-1,-1
61,60,1064.1449049765567,633.8460261645122,1150.8717773557246,842.9846587489109,1,-1,-1,-1
62,59,1068.495516406592,229.4847352832764,1145.4974583810224,432.13927774122925,1,-1,-1,-1
62,60,1064.0422349306139,637.5952518489415,1151.1448363959494,847.0516070238124,1,-1,-1,-1
63,59,1068.3278371921483,227.95371355174626,1144.9591516291177,429.35792212933427,1,-1,-1,-1
63,60,1064.0300316740563,639.9331050591373,1151.282965969596,849.1858044832597,1,-1,-1,-1
64,59,1067.5426146788052,224.11558717866154,1145.4774210910223,428.3674754880436,1,-1,-1,-1
64,60,1063.5941232337595,643.9265757072726,1151.592056325158,854.3219937984471,1,-1,-1,-1
65,59,1067.4139541269956,220.90337720336134,1145.3786740927706,425.07314427060896,1,-1,-1,-1
65,60,1063.4312010983417,646.592375060765,1151.5473596733184,856.6335570758317,1,-1,-1,-1
66,59,1067.4681330705632,219.21437487953403,1145.323656749794,422.9597239901773,1,-1,-1,-1
66,60,1063.4683328648102,648.945370489058,1151.3877742566162,857.9886889958465,1,-1,-1,-1
67,59,1066.8326745819754,215.7680903453097,1145.8286227639726,422.02974024533944,1,-1,-1,-1
67,60,1063.270992666592,652.8155553955694,1151.4570803457527,862.0528196341807,1,-1,-1,-1
68,59,1066.352167078888,212.9206565483616,1146.3888008363544,421.3741342962995,1,-1,-1,-1
68,60,1063.224637432133,654.5267091806064,1151.6016952957932,864.0324055009924,1,-1,-1,-1
69,59,1066.3827129860804,211.1779746837568,1145.475900571138,416.922518364344,1,-1,-1,-1
69,60,1063.2894326044038,656.6811396855477,1150.991888196614,864.9283207126297,1,-1,-1,-1
70,59,1066.331677253656,209.0080967674981,1145.4990526019012,414.8095052300414,1,-1,-1,-1
70,60,1063.2118370577946,658.4995838694421,1150.722114013187,866.576030521296,1,-1,-1,-1
71,59,1065.8261486388587,205.54981338260836,1146.1739746768724,414.0768495903559,1,-1,-1,-1
71,60,1062.3847103912403,661.0715512586495,1150.9035213453612,871.4482467625703,1,-1,-1,-1
72,59,1063.8728777911178,203.74958001776548,1143.4569432269016,410.0364625063837,1,-1,-1,-1
72,60,1058.8721278477503,663.3499242818934,1147.0656194776004,872.7949816157641,1,-1,-1,-1
73,59,1062.269977942131,201.6885746734255,1142.1233040855304,408.7342599477014,1,-1,-1,-1
73,60,1056.6459559867349,663.794244151326,1145.7973122464016,875.0147840879212,1,-1,-1,-1
74,59,1060.439685147287,198.62048523432168,1141.0659057586731,407.95948275281717,1,-1,-1,-1
74,60,1055.8600040747945,665.3597834805936,1144.4498203506535,876.0139775924398,1,-1,-1,-1
75,59,1059.0136384163777,195.99481804399622,1140.4429014169987,407.4753344906421,1,-1,-1,-1
75,60,1055.3327578850176,668.7985342302288,1143.976555197435,879.8466482615363,1,-1,-1,-1
76,59,1058.4080303097614,194.25499623137233,1138.9827561575705,403.3390575368699,1,-1,-1,-1
76,60,1055.0835939903743,670.8164682148688,1143.247681722325,881.5089398569581,1,-1,-1,-1
77,59,1058.0431799413404,192.65908734080529,1138.592960792306,401.3947216609871,1,-1,-1,-1
77,60,1054.8763111037438,672.8155519731815,1142.8463479350862,883.3232658327029,1,-1,-1,-1
78,59,1057.2545531528513,189.26080084146287,1138.7305623171555,400.52948292378824,1,-1,-1,-1
78,60,1054.7960093295978,676.8282912627961,1142.2219243553122,886.9201770517316,1,-1,-1,-1
79,59,1057.135287861301,186.56153167538983,1138.0089597882672,396.22573390365847,1,-1,-1,-1
79,60,1051.765875721086,679.5978819531947,1138.2219697208004,887.830546330719,1,-1,-1,-1
80,59,1054.8211749810246,185.18835533098093,1135.24291912228,394.0166406104297,1,-1,-1,-1
80,60,1049.9958117040699,680.8966869646523,1136.7415453187023,889.6072127488518,1,-1,-1,-1
81,59,1053.0523073911022,182.97819991497056,1133.4971418018677,392.65465524468186,1,-1,-1,-1
81,60,1048.6502110708666,682.3156573893201,1135.3461311920714,890.7312872616222,1,-1,-1,-1
82,59,1051.6000218628112,181.0027482272045,1132.2554163969285,391.8653866936137,1,-1,-1,-1
82,60,1048.4196374887606,685.9116963615118,1134.682629890341,893.9006255462573,1,-1,-1,-1
83,59,1050.6157380474017,179.29238531294027,1130.054186586943,386.96876985976746,1,-1,-1,-1
83,60,1047.497784595318,687.3545805616798,1134.009742754088,896.3383315056203,1,-1,-1,-1
84,59,1050.13253259347,178.70853862182008,1128.3121889177955,383.6355180061852,1,-1,-1,-1
84,60,1043.4500898770614,688.5878232611617,1130.2874620372177,897.9890463634233,1,-1,-1,-1
85,59,1047.1093019436485,176.7824842550536,1125.0898409015633,382.45766407227643,1,-1,-1,-1
85,60,1041.1371209092192,689.2145312635945,1128.4008802890826,899.7833987306527,1,-1,-1,-1
86,59,1044.4073071453342,175.06322705146158,1122.8510610919095,382.6517724844473,1,-1,-1,-1
86,60,1040.1045629243406,692.3963748590328,1127.1637635470631,902.955084885715,1,-1,-1,-1
87,59,1042.6825851885683,173.68914029349315,1121.6119228161792,382.7783784640878,1,-1,-1,-1
87,60,1039.4386457757273,694.763078688491,1125.7563696219408,903.9464524853337,1,-1,-1,-1
88,59,1042.1809786359815,172.0298810552584,1119.8113691457036,377.87826172469136,1,-1,-1,-1
88,60,1036.0006571692677,696.4539640306388,1121.5629306930377,903.9046924924016,1,-1,-1,-1
89,59,1039.142497015555,169.86073296364148,1116.7686445182612,376.68588841456653,1,-1,-1,-1
89,60,1034.4806385076874,697.8741702459859,1119.6004970637373,904.5944824970683,1,-1,-1,-1
90,59,1036.6933050384923,168.4599591783622,1114.20682903203,375.2905704202054,1,-1,-1,-1
90,60,1032.228510642866,697.9389156396923,1118.4418736263588,906.8448259396605,1,-1,-1,-1
91,59,1035.0461853724466,167.2580457047001,1112.5112861798402,374.0839647738163,1,-1,-1,-1
91,60,1030.9928709960445,700.386112424652,1117.9277289997237,911.0709842666545,1,-1,-1,-1
92,59,1032.5517246668794,165.5488828427611,1108.8395214175055,369.20560100587323,1,-1,-1,-1
92,60,1026.717460894779,701.9229040377327,1114.0221514359173,912.951834493964,1,-1,-1,-1
93,59,1029.1315706647408,163.92818430233402,1105.7205290610498,368.3306775891599,1,-1,-1,-1
93,60,1024.9161487476504,703.4949156145722,1111.1918963222931,912.7089923503589,1,-1,-1,-1
94,59,1027.4310960340922,162.69876121832925,1104.209504298596,367.5086896164272,1,-1,-1,-1
94,60,1024.3413183870916,705.9872185159624,1109.5364715034384,913.3634710080764,1,-1,-1,-1
95,59,1026.3480088270246,161.63404474416785,1103.0466932655831,366.4943377508196,1,-1,-1,-1
95,60,1019.9505050228408,706.3923041480043,1105.531102020947,914.2931351321157,1,-1,-1,-1
96,59,1022.2013631902624,160.0418273835972,1099.3921577662197,366.8408658377317,1,-1,-1,-1
96,60,1018.0575599349974,709.5002561016363,1103.4851751579822,917.5231371018024,1,-1,-1,-1
97,59,1019.6204951195693,158.78714902466652,1096.7439927055318,365.7656580647953,1,-1,-1,-1
97,60,1016.1893964411416,711.1677640351649,1101.8355697699553,919.6100952366608,1,-1,-1,-1
98,59,1016.8000546041152,157.33835931752202,1092.797792338044,361.3705664503816,1,-1,-1,-1
98,60,1011.3938917994665,711.8768703369249,1097.5954030251505,920.857179554186,1,-1,-1,-1
99,59,1013.6755473994497,155.48227579453228,1089.9945479304463,360.8075193580298,1,-1,-1,-1
99,60,1008.7919102445275,712.9455281445018,1094.637567938818,920.8990306111696,1,-1,-1,-1
100,59,1011.4435864537871,154.42295883191133,1087.8758070689198,360.1300800036064,1,-1,-1,-1
100,60,1006.9579801186037,714.0372774459837,1093.0035450211922,921.8652569218697,1,-1,-1,-1
101,59,1007.5562182937396,153.5846677865109,1084.0521472314701,360.1797794140185,1,-1,-1,-1
101,60,1002.3920362533297,714.6845589136046,1088.4061076257453,922.0967599648468,1,-1,-1,-1
102,59,1004.8718714480331,151.99468812493842,1081.956620379505,359.874996116665,1,-1,-1,-1
102,60,999.8320155506572,716.7901493152074,1086.7528261733037,925.9980116309326,1,-1,-1,-1
103,59,1000.6861348796297,152.16203357297428,1077.5286312351918,359.00612093618315,1,-1,-1,-1
103,60,994.2880383477027,715.2526742875846,1081.482066408873,924.4202842985642,1,-1,-1,-1
104,59,996.8464707646756,150.86074746412615,1074.1708806975805,359.003411636681,1,-1,-1,-1
104,60,991.7802521219093,717.3463841551725,1078.6933256208079,926.5139012349764,1,-1,-1,-1
105,59,994.598446721584,149.00147182238425,1072.9726573604526,359.3428365928901,1,-1,-1,-1
105,60,990.3877529930123,718.8295810334743,1077.066963424073,927.8070439236027,1,-1,-1,-1
106,59,990.9725479976996,147.78842117710582,1068.347485103537,355.2577336372409,1,-1,-1,-1
106,60,986.821693697294,720.1179181316135,1072.6761649907958,927.7845880871636,1,-1,-1,-1
107,59,987.3512858425977,147.08716346286002,1064.5374853873902,353.48037106700247,1,-1,-1,-1
107,60,984.2145864330628,720.7043990039285,1070.0923840110931,928.9040881588635,1,-1,-1,-1
108,59,983.7127857256015,147.21537352031345,1060.2871000294642,352.032443316622,1,-1,-1,-1
108,60,979.2234685759067,721.2810434635064,1065.5122256177758,929.8885840259645,1,-1,-1,-1
109,59,980.5527867570703,146.4111345718687,1057.190381311468,351.5537491149795,1,-1,-1,-1
109,60,976.5228761373298,721.821191557588,1062.83528727479,930.828540268758,1,-1,-1,-1
110,59,978.5260019290165,145.83738528617113,1055.196737966684,351.21703374641265,1,-1,-1,-1
110,60,974.9770417679066,722.3432709643673,1060.5358406572566,929.9858647215618,1,-1,-1,-1
111,59,974.2210462560076,144.1417537101263,1051.5295780769625,351.54521003437253,1,-1,-1,-1
111,60,970.2838281437062,722.3965450549908,1056.1914659466777,930.6841788114367,1,-1,-1,-1
112,59,970.8862163663878,143.14497123448865,1048.4290853569016,351.0968318626919,1,-1,-1,-1
112,60,967.4633779225907,724.4773556945304,1053.9825251885766,934.5154427755649,1,-1,-1,-1
113,59,967.0380092675388,142.7676829134232,1044.0372324269667,350.00559161898417,1,-1,-1,-1
113,60,962.753500018227,725.9025009899328,1048.684394431806,935.3020722475021,1,-1,-1,-1
114,59,963.5324891507934,141.84842564583562,1041.1884009413084,351.02567916468684,1,-1,-1,-1
114,60,960.2388067696187,727.0964683694366,1045.1920157872892,935.0915233388303,1,-1,-1,-1
115,59,959.1242973045763,141.51238984343644,1036.2657416072386,349.893989931462,1,-1,-1,-1
115,60,955.4972115651173,728.1259754861605,1039.8592330748177,934.9416423248933,1,-1,-1,-1
116,59,955.5868050259044,141.085506122813,1032.7701167028538,349.8338753059753,1,-1,-1,-1
116,60,952.775177945837,727.8316699770751,1037.5927936139312,935.6596734503732,1,-1,-1,-1
117,59,952.0280581694124,140.63695250371694,1027.9223816925182,345.81772225215,1,-1,-1,-1
117,60,947.4261287507542,727.9589914263179,1032.4853785017444,935.8313760075575,1,-1,-1,-1
118,59,948.595746128678,140.17997233419499,1024.4221468928263,345.0154445816794,1,-1,-1,-1
118,60,944.494435554575,727.7412143608767,1029.7676642902572,935.822815268358,1,-1,-1,-1
119,59,946.8570637543634,140.5412554610397,1022.4482031770287,344.5119957669739,1,-1,-1,-1
119,60,939.7193018288514,728.3553359872195,1024.312302626653,934.6742293319624,1,-1,-1,-1
120,59,942.4720720653,139.2267941502873,1018.7768703441435,344.7803650176853,1,-1,-1,-1
120,60,936.8179770556383,728.5375926484855,1021.4831830550593,934.9693221553783,1,-1,-1,-1
121,59,939.0022483518907,139.08205205610062,1015.6683854722979,345.2833595016641,1,-1,-1,-1
121,60,931.2007640509041,728.3365145126118,1016.2006381607603,935.2671112781851,1,-1,-1,-1
122,59,934.258813672481,138.66090164009535,1011.442817351075,345.6891042051018,1,-1,-1,-1
122,60,928.3641445750513,727.7331159950554,1013.8987973499944,935.769653035576,1,-1,-1,-1
123,59,931.4465816478978,138.65078781858824,1009.0647340533524,345.9655589678465,1,-1,-1,-1
123,60,923.6784841826199,728.8731938181,1008.4083777902048,934.6285619059232,1,-1,-1,-1
124,59,926.7638475567956,139.12191212960542,1003.8595503857949,345.0356343011622,1,-1,-1,-1
124,60,921.4105468687877,729.1121241391984,1006.0186979115642,934.5091155252654,1,-1,-1,-1
125,59,922.8589859251971,139.6342540791173,999.7104890920416,344.75943552561375,1,-1,-1,-1
125,60,919.5608877423614,728.3768163644967,1004.6272741611377,935.1529698950923,1,-1,-1,-1
126,59,918.1612646760069,138.80252855931556,995.2547307150783,344.9532529360979,1,-1,-1,-1
126,60,914.8194565516515,728.5503437953975,999.4183934106288,934.9419990183903,1,-1,-1,-1
127,59,915.0338852864979,139.1324389768638,992.1936587292423,345.0686273639355,1,-1,-1,-1
127,60,912.4946908563576,727.804885512192,997.4229046350702,935.22725204526,1,-1,-1,-1
128,59,910.9951107942154,139.29766650160525,988.224430321632,345.06535021681225,1,-1,-1,-1
128,60,907.7867934550674,728.1652312151966,992.2470953537637,934.3326038015688,1,-1,-1,-1
129,59,907.147496885715,139.66055775019453,984.1835562991123,344.7888617969146,1,-1,-1,-1
129,60,905.2423644952823,728.039296646179,989.9331144801445,934.8554489920624,1,-1,-1,-1
130,59,902.7140352862322,139.2800917967322,980.1479491996521,345.4226568221196,1,-1,-1,-1
130,60,899.5944434435447,727.6095157187243,984.5760773120209,935.1466097898084,1,-1,-1,-1
131,59,899.2719891197546,138.81813333983843,976.773855269468,345.33870072425213,1,-1,-1,-1
131,60,896.9627224533214,727.515255895357,981.6807172490417,935.1516389592413,1,-1,-1,-1
132,59,895.3325286208301,138.89862440326414,972.9269883087009,345.4592481392045,1,-1,-1,-1
132,60,892.1360691450002,728.6772379299141,975.8641566164251,934.055118820866,1,-1,-1,-1
133,59,891.7122574429619,138.90178632779197,969.2696524004789,345.59902322005087,1,-1,-1,-1
133,60,889.5334293580859,728.5738770276404,973.0845152521706,933.8554808812585,1,-1,-1,-1
134,59,887.875129415362,139.5757847834168,965.0419745059202,345.1790703797275,1,-1,-1,-1
134,60,887.9880980287734,727.5513402463737,972.1516713267803,934.6015857972075,1,-1,-1,-1
135,59,883.682204944471,138.90512424341736,961.2542845006967,345.6616116672227,1,-1,-1,-1
135,60,882.6819764648068,724.0948766194217,966.9812953341741,930.9932633453997,1,-1,-1,-1
136,59,878.5125041977973,139.0073363685064,958.0058759347972,350.4899413442023,1,-1,-1,-1
136,60,876.3358766019819,722.7918431520717,960.6544517334338,928.8769530961888,1,-1,-1,-1
137,59,876.2765812766291,139.2136699059119,954.6376639239196,347.68459567061564,1,-1,-1,-1
137,60,873.3783745902324,721.9402411403348,958.0344273820165,928.5674607482821,1,-1,-1,-1
138,59,873.6086099540232,140.38649127441823,952.2474629060422,350.0172879439624,1,-1,-1,-1
138,60,871.416749281826,721.2449603878438,956.4996145487452,929.0868921847372,1,-1,-1,-1
139,59,869.2421121936806,140.91408889163705,947.6090485132856,350.56905135741704,1,-1,-1,-1
139,60,865.8679033374399,720.4705074015432,951.5741061565777,930.1492731113283,1,-1,-1,-1
140,59,865.8746800674255,140.57060287285265,945.2845965508097,352.7989659130901,1,-1,-1,-1
140,60,863.4777452340411,719.9992917182926,949.6681543817864,930.6181525163285,1,-1,-1,-1
141,59,862.4710091178908,142.20697082232908,941.1055058237614,352.6168698643801,1,-1,-1,-1
141,60,858.8539922736652,720.5583303255164,944.51229294336,929.4418864533382,1,-1,-1,-1
142,59,859.5738795371992,143.63575705499858,937.2120430296299,352.0151177847621,1,-1,-1,-1
142,60,856.2614755072228,720.2537147934481,941.9643192533237,929.4150257661338,1,-1,-1,-1
143,59,856.4112039635085,146.03612267890762,932.3205328113816,350.5315833276727,1,-1,-1,-1
143,60,854.7640696848348,719.4485677020916,940.9578454385048,930.1446444888716,1,-1,-1,-1
144,59,853.0102511591145,145.98309764792475,929.1224988102205,351.1500091815768,1,-1,-1,-1
144,60,849.8926946006444,719.0238729496054,936.2520094191788,930.1554972239401,1,-1,-1,-1
145,59,850.5573408434977,147.18406494273694,926.5409699000255,351.68876886077715,1,-1,-1,-1
145,60,847.8852814570938,718.9291988489035,933.8038461222384,929.258162033794,1,-1,-1,-1
146,59,846.3586610697231,147.49324744048522,922.4219454726212,352.0600023098707,1,-1,-1,-1
146,60,843.2831727771594,719.2686861424556,928.4196174415599,927.7684537385425,1,-1,-1,-1
147,59,843.0742270414481,148.45226000076383,919.20665463774,352.5803868094391,1,-1,-1,-1
147,60,840.6754041442053,718.7208521508713,926.1753512845817,928.0157018073702,1,-1,-1,-1
148,59,838.8036744549771,149.3918395625587,916.0960639606126,356.7312783779835,1,-1,-1,-1
148,60,839.2801998945098,717.8627921628241,924.8569816794653,928.0576177129593,1,-1,-1,-1
149,59,835.3746429409839,149.6133834899269,913.3969523406518,359.1094653596301,1,-1,-1,-1
149,60,834.1702003880712,716.5203897910724,920.5525998403847,928.7464713388559,1,-1,-1,-1
150,59,831.3537640764918,150.94773459620552,909.4626112960382,360.5445864535096,1,-1,-1,-1
150,60,832.0303093861443,716.8411488480052,917.8542685251418,928.0715559884005,1,-1,-1,-1
151,59,828.5118880024806,151.57597873951894,906.6740277939934,361.23683016351765,1,-1,-1,-1
151,60,826.9528833732095,713.9531639543154,912.4954820936186,924.5877337929958,1,-1,-1,-1
152,59,826.3409005941656,153.13440324361724,903.9992958772962,361.0517472067296,1,-1,-1,-1
152,60,824.5663447083732,712.7308656432923,909.983303962122,923.0060697059721,1,-1,-1,-1
153,59,823.6565229581465,156.01500806934473,899.8597161498069,359.9835565138193,1,-1,-1,-1
153,60,823.2223143330851,710.3370273938679,909.0880138839212,922.1895852225242,1,-1,-1,-1
154,59,820.2536194823315,156.12604463745978,896.9154020040135,360.92096798672844,1,-1,-1,-1
154,60,817.9705007053052,708.7957591710334,904.51942946149,921.9694883115003,1,-1,-1,-1
155,59,817.9161977980892,157.08422311477932,896.0343134466841,365.3830376055414,1,-1,-1,-1
155,60,815.9404566263489,708.3735011701668,902.5194595391899,921.2865128394967,1,-1,-1,-1
156,59,814.7952633331014,159.52351070360191,892.5828588477737,366.7540217312377,1,-1,-1,-1
156,60,815.231353502495,705.3885970533364,900.9966454947535,916.5563429914821,1,-1,-1,-1
157,59,812.009037510393,159.7845345446715,890.0710163863615,367.5988653309166,1,-1,-1,-1
157,60,810.1892647832823,703.2622548459159,896.4376362815914,915.5111884983273,1,-1,-1,-1
158,59,808.7683072356353,162.60011660624608,885.3894049750958,366.599860007325,1,-1,-1,-1
158,60,808.2201409511177,702.3687086242611,894.0293649567874,914.3521415588193,1,-1,-1,-1
159,59,807.136871633933,164.9352525495841,883.1880455937179,367.14014170881774,1,-1,-1,-1
159,60,807.024915953715,700.3766572653423,893.1624033210226,914.1132705104899,1,-1,-1,-1
160,59,803.6299423761507,164.6027286712298,880.8167554878944,369.2206267425611,1,-1,-1,-1
160,60,801.7610895504541,698.3574137481439,888.9041396704054,914.8237497929903,1,-1,-1,-1
161,59,801.4116314794794,165.19651335314873,880.5994070732537,374.53120193335167,1,-1,-1,-1
161,60,799.9640972358268,695.0848128088132,886.6221375062614,910.8675279684194,1,-1,-1,-1
162,59,800.7827128773571,167.6032217556845,880.159721620184,376.98672385549435,1,-1,-1,-1
162,60,799.5360209367797,693.6016004768848,885.4197858571558,908.1721726912932,1,-1,-1,-1
163,59,797.7491068070715,169.13477789687124,876.925980714583,377.97175195404475,1,-1,-1,-1
163,60,795.5409681237304,693.591865242659,880.3312502032117,905.8231300873672,1,-1,-1,-1
164,59,795.5176617526097,171.03113881192496,874.0553406551733,378.1665809483411,1,-1,-1,-1
164,60,793.7856581998049,692.9648063941663,878.1639649203205,904.5439306034369,1,-1,-1,-1
165,59,793.4326926057595,172.49418848561442,872.8757708289326,382.1002870131214,1,-1,-1,-1
165,60,792.837864054379,689.3234198391649,876.8404136092097,900.6513567838521,1,-1,-1,-1
166,59,791.2436770325166,175.873660784016,869.3717333158511,382.49927125134343,1,-1,-1,-1
166,60,792.501227598302,687.0266616849867,876.3631459644356,898.5919771537887,1,-1,-1,-1
167,59,789.5268603800871,176.8333481861793,867.3074203107919,383.12067104898017,1,-1,-1,-1
167,60,791.946952694268,685.051560057068,876.4155632041748,898.57629871266,1,-1,-1,-1
168,59,787.3625320144773,178.76869584832485,864.6233259670586,383.51923581658207,1,-1,-1,-1
168,60,787.6109811550805,684.1876154562783,871.982253384156,897.4973120322878,1,-1,-1,-1
169,59,786.2837342260431,181.0738705197226,863.1102284044764,384.0125397704013,1,-1,-1,-1
169,60,785.9905823033458,684.0956269440973,869.8225896537045,896.4038703197722,1,-1,-1,-1
170,59,783.5279949698063,183.49663982575765,861.0280270131512,388.1507468530183,1,-1,-1,-1
170,60,785.3861155976791,681.1254302109845,868.4116945567079,891.9209482196737,1,-1,-1,-1
171,59,782.040954188008,185.19190086416526,859.842108617561,390.46414832891355,1,-1,-1,-1
171,60,785.0887572124203,679.2442070439325,867.9276539390714,889.5960678408061,1,-1,-1,-1
172,59,780.3223484257124,186.85808926770073,857.8924383550549,391.4879212374318,1,-1,-1,-1
172,60,780.5733896281467,677.6374036967408,863.8226285957635,888.8590047664492,1,-1,-1,-1
173,59,779.0749610087692,188.88537884657478,856.2426985695281,392.3619608582244,1,-1,-1,-1
173,60,778.8610229434152,676.9664016743571,862.0613732969083,888.1501396262568,1,-1,-1,-1
174,59,777.7073832352406,190.59240389395424,855.743064709581,396.30937127336915,1,-1,-1,-1
174,60,777.8121839542247,672.8667226396799,861.0490117437756,884.6088150714328,1,-1,-1,-1
175,59,775.8588233867603,193.6134957264102,853.3664240477274,397.8647544364294,1,-1,-1,-1
175,60,777.4189198594606,669.4932543507093,861.0085457002191,882.7480954030525,1,-1,-1,-1
176,59,774.7387688094464,196.57665016350688,851.9127272997979,399.68583467855206,1,-1,-1,-1
177,59,773.1077890067297,198.25081934243852,851.6099854278808,404.68378962859003,1,-1,-1,-1
178,59,771.8820232468396,199.6805100204772,850.86247319066,407.5347448820188,1,-1,-1,-1
179,59,770.8187900882053,201.62213480234223,849.8798759092937,409.37760133266477,1,-1,-1,-1
180,59,769.8009567038517,202.82528046841009,849.242507332385,410.88812526745016,1,-1,-1,-1
181,59,768.7521161212873,203.92459211355987,849.7955152028669,415.08268246093,1,-1,-1,-1
182,59,768.6150892766467,206.80498438570194,849.3716427902883,416.53058235955416,1,-1,-1,-1
183,59,768.9746174710298,210.33259176551965,848.6768926613292,416.6267537856223,1,-1,-1,-1
183,60,769.7390864545315,645.605123138359,853.5466673488545,861.6408430631415,1,-1,-1,-1
184,59,766.7605968006351,212.7223179358258,846.0134837176254,416.9546017155104,1,-1,-1,-1
185,59,765.4781141419405,214.90006885212193,845.717946466623,421.2012465093767,1,-1,-1,-1
185,60,769.518691714566,642.6903030674074,852.7759363712896,858.6285329507391,1,-1,-1,-1
186,59,765.3051388872829,218.07122362605315,845.2148640896107,423.18909531008023,1,-1,-1,-1
186,60,769.6271602669615,638.7030830911328,852.5260824390414,854.2768934825639,1,-1,-1,-1
187,59,764.9694851766609,219.4228838278575,845.2141600655328,424.90734044759324,1,-1,-1,-1
187,60,769.8383682614871,637.2588852562292,852.3753171968536,851.7324018490343,1,-1,-1,-1
188,59,764.9325721942323,222.65011078501692,845.6025069826546,429.0884192042072,1,-1,-1,-1
188,60,768.9659830489088,628.7852336424338,853.5174154802352,849.0188257595813,1,-1,-1,-1
189,59,765.8501539121693,227.12595300273887,845.4039179996079,430.4910283063069,1,-1,-1,-1
189,60,769.3120169637598,627.1336643930644,853.3782717827637,846.2373995704402,1,-1,-1,-1
190,59,768.3049621969734,229.58043595161064,847.4009116318834,431.90844434023006,1,-1,-1,-1
190,60,769.5082045351244,626.0790625669026,853.1594066659283,844.4775389989173,1,-1,-1,-1
191,59,766.8970794849531,232.94627194373197,846.2220369766848,436.0776314258195,1,-1,-1,-1
191,60,768.7194800841729,618.8731539925448,853.7416983584652,841.144450052114,1,-1,-1,-1
192,59,766.6538754836287,235.98881409112306,845.4875245407105,437.98533539751804,1,-1,-1,-1
192,60,769.6641676678588,619.2423771161801,853.0425374134227,837.2450709234388,1,-1,-1,-1
193,59,766.20844777675,237.916599241918,845.2413716498021,440.20420786430407,1,-1,-1,-1
193,60,769.9971208830721,618.2912728454986,852.9546571329751,835.0616941018927,1,-1,-1,-1
194,59,768.6298631898376,242.01914057234663,847.2549610125781,443.90099924850745,1,-1,-1,-1
194,60,770.058572879046,613.4806792698695,853.5493632504255,831.19599402842,1,-1,-1,-1
195,59,769.8160270845405,244.83710819399056,847.834442057155,445.59563276875247,1,-1,-1,-1
195,60,770.2786425751192,612.3910012324995,853.3090274510812,828.4464133154715,1,-1,-1,-1
196,59,770.4120767081856,246.97128969077244,848.1894086003106,447.2195773396961,1,-1,-1,-1
196,60,770.1469132913802,610.9465447686539,853.279816189191,826.562869861627,1,-1,-1,-1
197,59,771.0585943050393,250.60040269634334,848.5647690096478,450.9563406789606,1,-1,-1,-1
197,60,769.4961051900063,605.1999570134835,854.1787180618959,823.7527695498392,1,-1,-1,-1
198,59,771.7856165624263,253.22732838046716,848.8776095267887,452.97135068356977,1,-1,-1,-1
198,60,769.3802900465396,603.6260998871217,854.2517918125062,821.2021527830243,1,-1,-1,-1
199,59,772.4615578828145,256.3442851842942,849.8067092622597,457.576081730445,1,-1,-1,-1
199,60,769.8883985150561,603.447388994786,854.7770640516256,819.3265233360592,1,-1,-1,-1
200,59,774.2113343002505,260.18826523197987,850.6184031674618,459.3441001126611,1,-1,-1,-1
200,60,769.4863673110659,601.2999266362764,855.5640957700869,818.5858435141406,1,-1,-1,-1
201,59,775.6744459789729,263.2643977470426,851.7333646807386,461.2401678925253,1,-1,-1,-1
201,60,773.7545967300713,598.4243326110513,859.3970653015418,813.7005745024662,1,-1,-1,-1
202,59,778.2178143041031,266.8912517704288,854.46393196155,465.51806269555686,1,-1,-1,-1
202,60,775.9822911950224,597.173640882433,860.8047545283008,809.8172676667357,1,-1,-1,-1
203,59,779.3473518913809,269.77398374731564,855.3980685714776,468.28091589582436,1,-1,-1,-1
203,60,777.5120838507196,596.9561146150116,861.4166433912314,806.947246101902,1,-1,-1,-1
204,59,780.2981096684081,271.2798604947992,856.4691605918582,470.49912350851656,1,-1,-1,-1
204,60,778.7462878570915,593.3689693986172,862.5601763727399,802.5196207288666,1,-1,-1,-1
205,59,781.5106976873052,275.67149473699834,857.6490993945147,475.0517165169868,1,-1,-1,-1
205,60,779.4551572184611,591.0583400551083,863.0913854268704,799.2240086217936,1,-1,-1,-1
206,59,783.3352205239678,279.4458464641112,858.8559466993496,477.54241081971327,1,-1,-1,-1
206,60,783.5825658398305,587.7059754008603,866.223641690128,793.5483732240647,1,-1,-1,-1
207,59,784.3003206356856,283.6280407682434,859.8326073733646,482.1916141661152,1,-1,-1,-1
207,60,785.2898444914949,585.887517360294,867.5837547511723,791.2812233113123,1,-1,-1,-1
208,59,786.8985887503449,286.60828325670275,862.1883833758982,484.78372815746366,1,-1,-1,-1
208,60,786.3439878332698,584.0959613244477,868.6947768646633,789.7378428518032,1,-1,-1,-1
209,59,788.1785682814228,289.29440323739425,864.1406161713508,489.685975843713,1,-1,-1,-1
209,60,787.3201717583738,579.4153976824014,870.0181056303494,785.5837645310621,1,-1,-1,-1
210,59,790.2230671635117,293.7491510935497,865.5641339608438,492.9930718299447,1,-1,-1,-1
210,60,791.3543924411081,575.8709066759003,874.5393502655872,783.3733264884437,1,-1,-1,-1
211,59,792.5385788772672,299.1190673069866,867.1810231306257,496.9969605448873,1,-1,-1,-1
211,60,793.283419191555,573.7642418226347,876.8090603839441,782.150930033623,1,-1,-1,-1
212,59,795.2683432951644,301.74094993086993,870.0064353846465,500.63250545609014,1,-1,-1,-1
212,60,794.7385750090997,570.5444156065313,877.7289598580376,777.8270052697143,1,-1,-1,-1
213,59,797.315171645201,305.41815890130715,872.2227782643838,505.62082932065533,1,-1,-1,-1
213,60,795.9827605468236,567.870531950418,878.6717331841517,774.2831932408931,1,-1,-1,-1
214,59,799.3948171081953,308.27696358961225,874.1818936287038,509.0765798602839,1,-1,-1,-1
214,60,796.4489444275293,563.4995634292372,878.9788834808155,769.2697034023365,1,-1,-1,-1
215,59,803.1631843552327,310.4218728018067,877.8356690222163,510.73268703052935,1,-1,-1,-1
215,60,800.3842768637744,559.9954082861218,883.335093510384,766.8221850880186,1,-1,-1,-1
216,59,804.8315574165282,314.6374841292246,879.4369903873746,514.5204230131357,1,-1,-1,-1
216,60,802.3020330286578,555.1791755090971,885.1543003283998,761.4906398639456,1,-1,-1,-1
217,59,806.2863656226197,316.74346813673156,881.29585622602,518.0561100217095,1,-1,-1,-1
217,60,803.2578413129482,552.5627750031415,886.2006236477743,758.8619551854217,1,-1,-1,-1
218,59,809.2509937757445,322.7378389755713,883.004977261416,521.2904140881891,1,-1,-1,-1
218,60,807.7620958074185,550.1773122314687,890.8567161325363,757.6186630877669,1,-1,-1,-1
219,59,812.2385042299816,325.3144541353978,885.833875781744,523.8394550878678,1,-1,-1,-1
219,60,810.2999704593542,545.590162156701,893.4533972723833,754.4619584398738,1,-1,-1,-1
220,59,814.7169535770337,326.99971178305714,888.5980479628424,526.976137321421,1,-1,-1,-1
220,60,814.9075736870894,541.7300790991103,898.2097660448075,752.325958940181,1,-1,-1,-1
221,59,817.4771509960061,332.2073968557007,891.0244297092497,532.6272334710015,1,-1,-1,-1
221,60,817.6712860561398,537.3125580775203,900.4294611167021,748.0484664507866,1,-1,-1,-1
222,59,820.5160850984807,336.5272769108566,894.38407595978,538.4872447868718,1,-1,-1,-1
222,60,819.5334202648968,534.0062093698516,902.1939121195823,744.7791312442392,1,-1,-1,-1
223,59,822.6923369438923,339.0011448943315,896.5073123571369,541.3443959412855,1,-1,-1,-1
223,60,820.9142208021988,529.5355257701557,903.2219255106388,739.7685824329523,1,-1,-1,-1
224,59,825.8404392588864,342.9652378910514,898.3325446736573,542.2729219124731,1,-1,-1,-1
224,60,824.6137045489598,524.9518892761479,907.0729650745944,736.811329408141,1,-1,-1,-1
225,59,829.1865136629384,346.5115769909556,901.6634125745306,545.9639921577887,1,-1,-1,-1
225,60,827.6467183219888,524.6239283637728,909.223741505837,734.2502441085696,1,-1,-1,-1
226,59,831.8445520262619,349.55210823823666,904.2522981679112,549.1529305012913,1,-1,-1,-1
226,60,830.0025061328136,522.910011377104,909.9683922379298,728.4466927798982,1,-1,-1,-1
227,59,833.8285797023523,353.3523962055872,906.5657408722618,553.574300080304,1,-1,-1,-1
227,60,834.5145429798413,520.6660499368539,914.2048983366516,725.3124837081402,1,-1,-1,-1
228,59,837.6370387629347,356.18281480198914,910.2398243630556,555.3804002653826,1,-1,-1,-1
228,60,837.6401371324519,517.6005364721011,916.7515418577096,719.6553615576464,1,-1,-1,-1
229,59,840.8679920756833,360.82131054579196,912.0615950363368,555.2120639563893,1,-1,-1,-1
229,60,843.6001703426662,517.488985848136,920.6520585672412,715.3070714938181,1,-1,-1,-1
230,59,842.135164342253,365.08370180636126,913.9078350050753,559.7962491954664,1,-1,-1,-1
230,60,847.0190478327893,518.9939134898084,922.4386970489334,712.9054290149621,1,-1,-1,-1
231,59,846.2497811484008,367.72571587877417,918.1035195271131,562.3865190910657,1,-1,-1,-1
231,60,850.30341116284,523.3158301111762,922.0675448944293,708.184779697616,1,-1,-1,-1
232,59,848.8861072780049,371.6304285702619,921.5692873360201,568.4919213479893,1,-1,-1,-1
232,60,855.9925303210812,525.2455318317764,925.9919999681485,706.1027287753742,1,-1,-1,-1
233,59,853.5034042698596,374.94634683366104,925.6614511733492,570.1984981624748,1,-1,-1,-1
233,60,863.4454405333735,528.4453421030685,931.6311206019983,703.5618101542711,1,-1,-1,-1
234,59,856.5519632971179,379.4273459340774,929.0314568927716,575.7425385307644,1,-1,-1,-1
234,60,869.8678160880462,540.4901298894703,932.2682715757547,699.1286942013918,1,-1,-1,-1
235,59,860.7717916268604,382.0828039831898,933.9356674147554,580.3537883250192,1,-1,-1,-1
235,60,876.8872329859648,546.9824230038637,936.1805118766124,695.8415890581897,1,-1,-1,-1
236,59,863.0288184504379,385.2523278939135,937.6336185734607,587.5644277150288,1,-1,-1,-1
237,59,864.7169261437999,388.20495868943203,940.0491035898625,591.3959032564943,1,-1,-1,-1
238,59,868.9460066954117,393.01152790975925,944.115742831013,595.9530999583135,1,-1,-1,-1
239,59,872.0548310552269,396.0046536386946,947.2998904446735,598.8139928878148,1,-1,-1,-1
240,59,876.933313262402,397.73425088389746,952.2872303308676,600.9785121915946,1,-1,-1,-1
241,59,880.0270607708582,401.90274027387295,955.662050988454,605.8156050526859,1,-1,-1,-1
242,59,884.3724862180707,404.9386212950304,959.925301277781,608.843369413303,1,-1,-1,-1
243,59,887.7614980671584,409.2274426710039,964.3283631021646,616.1031115513449,1,-1,-1,-1
244,59,892.1710671663209,413.7077273073012,968.6975649126377,621.0558548787635,1,-1,-1,-1
245,59,895.339809734364,416.71254750847334,972.7005972024562,626.7438430838774,1,-1,-1,-1
246,59,899.5872729009618,420.9090666539978,977.7172705742524,633.4035236532727,1,-1,-1,-1
247,59,902.3561025394099,423.3883597738816,981.0769998408414,637.1920705787588,1,-1,-1,-1
248,59,907.1748718641601,427.9215552435227,985.8219132506952,641.1334546191354,1,-1,-1,-1
249,59,911.0036035133214,431.8777851070787,988.8379468426238,642.0337661220245,1,-1,-1,-1
250,59,915.791786654376,435.1176257002045,993.0708895522359,642.4180596828039,1,-1,-1,-1
251,59,918.7024668439512,439.206632508491,996.1808743808448,645.5682688198347,1,-1,-1,-1
252,59,923.4952839181592,441.7495964575658,1001.0278658991203,647.2732381916701,1,-1,-1,-1
253,59,926.4399299312634,443.71673583538325,1004.0895532576038,648.3906708753307,1,-1,-1,-1
254,59,930.7325779688812,447.2794601049862,1009.2335825228619,653.5790472960327,1,-1,-1,-1
255,59,932.9934757897395,449.51131555165335,1012.220089329788,657.1119035826039,1,-1,-1,-1
256,59,934.8548966880905,453.7330374580948,1014.5008226038246,662.971812350277,1,-1,-1,-1
257,59,939.6149194445289,457.1961242870312,1018.8016408724219,665.9029259276643,1,-1,-1,-1
257,60,952.9270696163518,412.3285518596002,1022.5530413822794,580.3465712521856,1,-1,-1,-1
258,59,942.6293235082032,462.06660157164515,1021.5401358254763,670.6530339712151,1,-1,-1,-1
258,60,958.4776661936778,405.70787345752706,1029.177484619599,573.8389474478776,1,-1,-1,-1
259,59,946.7193281844674,465.6669240087061,1025.308776751568,673.5461899676739,1,-1,-1,-1
259,60,959.3962985278564,400.95878921657106,1032.2403201577506,573.3937897415597,1,-1,-1,-1
260,59,949.2925178400501,468.91219487180086,1029.1189637702914,680.2039385205856,1,-1,-1,-1
260,60,959.5593230521139,397.1443279005994,1035.335569713921,575.5047063121185,1,-1,-1,-1
261,59,954.172053354194,473.3046751448195,1033.2830426903367,682.7832972732582,1,-1,-1,-1
261,60,962.5257521798912,392.7390574359323,1034.8455765102199,559.5974492263822,1,-1,-1,-1
262,59,956.8628276039773,477.5552606566595,1036.1975913660388,687.8748943128916,1,-1,-1,-1
262,60,967.5282047861456,389.61966735962744,1039.2167638641783,553.5434683194521,1,-1,-1,-1
263,59,961.8623375962898,481.78959085385554,1040.4614192518122,690.8641200103716,1,-1,-1,-1
263,60,968.6107514692885,385.70805683449873,1042.1569574328337,553.6436355089186,1,-1,-1,-1
264,59,964.7365616187725,485.50426211573466,1043.6714286443769,696.0719464534267,1,-1,-1,-1
264,60,972.3923527913144,382.0975382313367,1048.1684571654648,555.5885124659294,1,-1,-1,-1
265,59,967.2349313460484,489.19350980957745,1045.469869006135,698.344512179476,1,-1,-1,-1
265,60,975.0798906485622,377.6852451715622,1051.1492273889423,551.1217198127979,1,-1,-1,-1
266,59,971.8057808808086,493.3265444972785,1050.2537135139098,703.3137856356841,1,-1,-1,-1
266,60,979.2322305651076,373.80611934878465,1057.1802379616565,551.7512452413378,1,-1,-1,-1
267,59,974.9935686942156,496.81001225494174,1052.4518319542476,704.7977826332894,1,-1,-1,-1
267,60,980.5922387022624,370.12864127711333,1060.7021212352342,553.9930527444908,1,-1,-1,-1
268,59,979.9016279411644,500.13300379562367,1056.363957071903,706.072787926573,1,-1,-1,-1
268,60,984.2692854248282,366.16980213454315,1066.8986974979741,557.7615731421625,1,-1,-1,-1
269,59,982.4669114465996,504.30533376242124,1059.2087563997388,711.5809705258125,1,-1,-1,-1
269,60,985.3470987001962,361.6498491732367,1070.8829363467319,561.4404236436153,1,-1,-1,-1
270,59,987.4259748380115,507.4370042539475,1063.5169124918586,713.7944122231191,1,-1,-1,-1
270,60,988.5546959180622,359.00758239128913,1072.0203050804769,555.8811155961799,1,-1,-1,-1
271,59,990.3768101237335,511.40596906989595,1067.1199043918539,719.6458294453716,1,-1,-1,-1
271,60,995.7236055799764,357.13082846930524,1073.693485448939,541.5658357426123,1,-1,-1,-1
272,59,992.5760763858775,515.242963275839,1068.9427425503463,722.1040016527355,1,-1,-1,-1
272,60,999.1219633468487,354.03525633337665,1074.3643080914292,532.6032001796036,1,-1,-1,-1
273,59,996.5441203468799,519.5834902651395,1072.8143230807273,726.4366570775575,1,-1,-1,-1
273,60,998.770647295277,350.27761241458734,1077.150128032368,538.470277515053,1,-1,-1,-1
274,59,999.2394785596094,523.3341836221595,1075.2757014270126,729.8205252962853,1,-1,-1,-1
274,60,1001.7246401565556,345.63322928357576,1081.1018052296533,537.5385944134689,1,-1,-1,-1
275,59,1003.6994474834728,527.5602490172361,1079.5271245922695,733.7578428576619,1,-1,-1,-1
275,60,1004.7247892398644,342.0790585497817,1084.5827998228626,537.3135735098359,1,-1,-1,-1
276,59,1006.6466778329375,529.8706277194028,1082.9158310477171,737.7246197342089,1,-1,-1,-1
276,60,1008.6573291083366,338.4820101138263,1089.7265312574134,538.2822565658079,1,-1,-1,-1
277,59,1010.9737068861909,534.2840672296096,1087.403080502083,743.0315996704627,1,-1,-1,-1
277,60,1011.1244294151463,335.37661662568354,1092.4713277617964,538.0474552806195,1,-1,-1,-1
278,59,1014.0763273998973,538.6156249386858,1089.6418886413294,745.47462230681,1,-1,-1,-1
278,60,1013.1347179267453,331.7573157673757,1094.5021329419012,536.0407304824753,1,-1,-1,-1
279,59,1015.5863207463611,542.9675361624454,1091.4368424992826,750.3200935873141,1,-1,-1,-1
279,60,1017.568685375115,328.6653453301638,1098.6619370136975,534.0721806572415,1,-1,-1,-1
280,59,1017.0976537736944,547.1803731368625,1092.3491483328435,752.2364387425977,1,-1,-1,-1
280,60,1020.0485776157062,323.4960870302609,1101.197921842991,530.9377504943143,1,-1,-1,-1
281,59,1020.7338545529441,551.2365917176774,1096.4596806056272,757.1524389389228,1,-1,-1,-1
281,60,1022.7876098079917,321.1101645243831,1102.6847597529857,527.0282115092085,1,-1,-1,-1
282,59,1022.4397904871921,552.5967461010287,1099.841130888442,762.0009484963932,1,-1,-1,-1
282,60,1026.7523804217483,316.8825765329766,1105.804127501065,521.5460597055423,1,-1,-1,-1
283,59,1026.5973012228474,557.6142480426419,1104.3525882962251,767.3807658692594,1,-1,-1,-1
283,60,1030.5548261282652,315.14777386087786,1107.9345094464704,517.0978911099764,1,-1,-1,-1
284,59,1028.3415614754358,560.3638787116222,1106.6540580191754,771.0849099881722,1,-1,-1,-1
284,60,1034.9846703255887,313.3836743982531,1111.4165742290984,514.4130963170735,1,-1,-1,-1
285,59,1030.0857960944734,565.218658128733,1108.5686510361795,775.1813064448345,1,-1,-1,-1
285,60,1037.1639573902935,307.0653238930797,1114.5709604387248,511.24349353558176,1,-1,-1,-1
286,59,1031.019578792795,568.2622508362961,1109.6800508092867,777.1321833574434,1,-1,-1,-1
286,60,1038.909410888057,303.48014441921157,1116.4250039061787,508.7961130238439,1,-1,-1,-1
287,59,1034.3927896129248,573.5263516070461,1113.2032519298828,782.0361495039451,1,-1,-1,-1
287,60,1039.8397865650995,299.658586069388,1117.090607205011,504.6505851880124,1,-1,-1,-1
288,59,1036.5334811418686,576.049143528868,1115.5999071546698,784.9990964073703,1,-1,-1,-1
288,60,1043.1178362837209,296.83309113120345,1120.204322609668,501.82400192744194,1,-1,-1,-1
289,59,1038.6041275665268,578.6392976217186,1117.1130817342012,786.0874606021206,1,-1,-1,-1
289,60,1044.736254904965,291.9471827549404,1121.9505871993842,498.1915865490432,1,-1,-1,-1
290,59,1042.5211828987985,582.9740633181926,1120.7207132958158,789.8503491892251,1,-1,-1,-1
290,60,1046.9984578272583,288.3797896356715,1123.6561285511946,494.28013160990986,1,-1,-1,-1
291,59,1043.89950064743,585.5068918995058,1122.6619365779584,793.6673996530436,1,-1,-1,-1
291,60,1048.5732845841826,285.04168099755134,1124.214869275485,489.0344984155309,1,-1,-1,-1
292,59,1045.408197301005,589.1971441447131,1124.5504630004289,798.9229890670292,1,-1,-1,-1
292,60,1051.7448236056823,281.8556099220038,1127.7322033125483,487.0222305311786,1,-1,-1,-1
293,59,1047.0572131221209,592.7689658133377,1125.403233646822,800.8089296036904,1,-1,-1,-1
293,60,1053.5379987954525,278.69361477989406,1129.5924178778168,484.4375141072939,1,-1,-1,-1
294,59,1050.3503935715153,594.5685168053781,1128.7586114679718,802.5819141194573,1,-1,-1,-1
294,60,1055.1678299482912,274.92201402030946,1131.197322027959,480.5894151237648,1,-1,-1,-1
295,59,1051.5078365178567,597.3608455249199,1130.8665498843993,807.5351939024094,1,-1,-1,-1
295,60,1056.1868206838976,272.2797160991903,1132.352792521667,477.7857036715226,1,-1,-1,-1
296,59,1051.7976719575106,599.0596762057571,1132.3463312570275,811.1474752163377,1,-1,-1,-1
296,60,1056.2777418984513,268.3000440969878,1132.6631240378456,473.19071950257353,1,-1,-1,-1
297,59,1053.2313862495437,603.6682728481098,1133.9001568385454,815.656964552265,1,-1,-1,-1
297,60,1059.5418266761296,265.7928528415473,1136.1135423739147,470.1743501725068,1,-1,-1,-1
298,59,1054.5830387005321,607.451881973632,1134.505323436279,817.5502091708244,1,-1,-1,-1
298,60,1060.7049082018948,262.39117706303693,1137.9776931066253,468.2274705787483,1,-1,-1,-1
299,59,1058.055142906945,610.0706161058607,1137.6612473654031,818.9872717411412,1,-1,-1,-1
299,60,1062.0607140986872,258.3466728932493,1139.3288421648524,464.0986830816324,1,-1,-1,-1
300,59,1058.6321414973797,612.5133358534878,1139.6975016905342,824.6762834179797,1,-1,-1,-1
300,60,1062.798264163138,254.58100345215354,1140.7302266897602,461.8318018703063,1,-1,-1,-1
301,59,1059.1695526721344,615.5601666314205,1140.2432740168676,827.4149614931506,1,-1,-1,-1
301,60,1063.2820264596783,251.0148995155837,1140.9334729639145,457.25961650663044,1,-1,-1,-1
302,59,1059.4354976227332,616.9295283148634,1140.7184161136456,828.6383710931225,1,-1,-1,-1
302,60,1063.3179310113019,247.99780091763034,1141.4232172834643,454.7914953414156,1,-1,-1,-1
303,59,1060.3461704425135,621.4211692077955,1141.1707750033481,832.2032695665791,1,-1,-1,-1
303,60,1063.6134622737547,246.14385055991616,1141.760233311818,452.5485770649883,1,-1,-1,-1
304,59,1060.3671344985125,623.6776497883787,1141.6131282611914,835.0426762887702,1,-1,-1,-1
304,60,1066.5675599185008,242.4185258269969,1145.057420782734,448.71222837108576,1,-1,-1,-1
305,59,1061.4314057866027,626.4571844885874,1141.778249455563,835.4930203963228,1,-1,-1,-1
305,60,1068.0233955757442,238.83151792647175,1147.087115413948,446.30220777003365,1,-1,-1,-1
306,59,1061.2801635334595,629.8952799341862,1142.3892897500918,840.0734705261781,1,-1,-1,-1
306,60,1068.7149121360285,235.2870551524267,1147.768580261395,442.3144727283852,1,-1,-1,-1
307,59,1064.5815136317196,633.3810358939894,1145.4071414491805,842.4918161627908,1,-1,-1,-1
307,60,1069.5709196202115,233.3348125755041,1148.1932257340475,439.3224394328038,1,-1,-1,-1
308,59,1066.185213609993,638.2844885561842,1146.4490950818963,845.8050211544963,1,-1,-1,-1
308,60,1069.6538075203446,231.54237546577696,1148.2397131540263,437.6623099577507,1,-1,-1,-1
309,59,1065.873860413302,639.3344273762266,1147.2858562657043,849.0493609503609,1,-1,-1,-1
309,60,1069.304925811603,227.8241466151351,1148.0047270984592,433.89567775240573,1,-1,-1,-1
310,59,1065.8191061943744,641.1999021786411,1147.3653725384029,850.5755768910078,1,-1,-1,-1
310,60,1069.279308586261,225.64462704291392,1147.9119017069754,431.3653717885793,1,-1,-1,-1
311,59,1065.3524474516341,644.438197978094,1147.7298897735689,855.7540389311014,1,-1,-1,-1
311,60,1069.2329500092328,222.3254068028674,1148.560597176365,429.8163525307666,1,-1,-1,-1
312,59,1065.169791256658,647.0352828686798,1147.8370930698425,858.677301511336,1,-1,-1,-1
312,60,1069.2453660817455,219.25073746232803,1148.2449680304367,425.8133384646086,1,-1,-1,-1
313,59,1065.0945579785173,648.9558393585627,1147.8290939170022,860.1251444412707,1,-1,-1,-1
313,60,1069.2083332473558,217.0885829885578,1148.4176128845859,424.2816028100759,1,-1,-1,-1
314,59,1065.0921275153946,652.9730188667451,1148.0054423428703,864.0791245873647,1,-1,-1,-1
314,60,1069.4211927718402,214.4966451202517,1148.6593479099427,421.8849170685388,1,-1,-1,-1
315,59,1065.0581317757158,655.8751931601528,1147.8670885024212,866.2752796408483,1,-1,-1,-1
315,60,1069.1252481561148,211.20072160803488,1148.062926013996,417.8307736452059,1,-1,-1,-1
316,59,1064.9766987636463,657.4298526337294,1147.829733897111,867.5248003450897,1,-1,-1,-1
316,60,1068.990366792054,208.9225312162634,1148.147773297479,416.2830778213477,1,-1,-1,-1
317,59,1064.7409362861013,660.9033762555822,1148.008397700914,871.84478045971,1,-1,-1,-1
317,60,1068.9083584682835,205.78123258420564,1148.7691961192445,414.7525159690439,1,-1,-1,-1
318,59,1064.547523141015,662.6632746976193,1148.1604433961177,874.0614998829667,1,-1,-1,-1
318,60,1068.390936733118,202.48344322520347,1148.517264849638,411.7237684780598,1,-1,-1,-1
319,59,1064.7466811403647,665.4499356199025,1147.7413809740035,875.3644440730527,1,-1,-1,-1
319,60,1067.9848541869144,200.50961522454145,1147.9944308892661,409.53638158352305,1,-1,-1,-1
320,59,1065.217262371896,670.0439565256981,1147.4897297054436,878.4692412920906,1,-1,-1,-1
320,60,1067.6082547213202,198.5989586216993,1147.735528737602,408.0713253899322,1,-1,-1,-1
321,59,1062.0400684545568,671.755520958782,1144.4784827794383,880.6741465191545,1,-1,-1,-1
321,60,1067.0534789571752,196.2099445410094,1147.468335673912,406.0644329704837,1,-1,-1,-1
322,59,1060.6911572024137,673.3064678681627,1142.9175351582473,882.2682726009695,1,-1,-1,-1
322,60,1066.1712130899741,193.39368232456417,1146.5825011006013,402.86225612552437,1,-1,-1,-1
323,59,1059.7065425599558,674.0067593291216,1142.236477643518,883.5385166303805,1,-1,-1,-1
323,60,1065.7283614344867,191.29398246495046,1146.555405214288,401.0527761474128,1,-1,-1,-1
324,59,1058.9987837841948,677.3114805506011,1141.7624387293833,887.8224678093334,1,-1,-1,-1
324,60,1065.388804903016,188.91980189785835,1146.594162438764,399.38113297833263,1,-1,-1,-1
325,59,1057.9367591100206,678.4994629783143,1141.6149752380968,891.0604882545707,1,-1,-1,-1
325,60,1062.4911660156213,185.9078120386476,1143.611534499396,395.96770753513925,1,-1,-1,-1
326,59,1057.5239543594776,680.4047051830556,1140.7423942470675,892.0462032301364,1,-1,-1,-1
326,60,1061.2828103344357,184.25664308111067,1142.2247639133323,394.1074009059978,1,-1,-1,-1
327,59,1057.0778196226868,683.5599882157074,1140.639328217313,896.3482970227608,1,-1,-1,-1
327,60,1060.6221160376979,182.8171330553584,1141.2383656605243,392.2012591209215,1,-1,-1,-1
328,59,1056.8464039633654,685.9829133940274,1139.8552073556768,897.7992578089383,1,-1,-1,-1
328,60,1059.8965188619254,180.7988327334954,1140.41306871877,390.6023757451346,1,-1,-1,-1
329,59,1053.8352427114585,687.9195428230279,1136.3697871613683,898.7313778467447,1,-1,-1,-1
329,60,1059.0170499191354,177.90396313449406,1139.3615624317606,387.1816930966635,1,-1,-1,-1
330,59,1051.910131641409,688.6930575837424,1134.8578616779641,900.0062217952689,1,-1,-1,-1
330,60,1058.4993155150771,175.6692258899085,1139.2922229995247,385.6990172185026,1,-1,-1,-1
331,59,1050.1311032081942,691.3316900332659,1133.9629252909629,904.7162328949378,1,-1,-1,-1
331,60,1057.4757822156096,174.00842588829852,1138.689792785521,384.28838368280947,1,-1,-1,-1
332,59,1049.4958963934778,693.4416575513733,1133.0139800484098,906.0628202412446,1,-1,-1,-1
332,60,1054.3930932191108,172.91997109549527,1135.2904533483106,382.4774626799109,1,-1,-1,-1
333,59,1048.9797261032302,695.7786627422906,1131.7108429324517,906.5136120146767,1,-1,-1,-1
333,60,1051.9589721228172,170.04111645837054,1132.672146908139,379.3160643616318,1,-1,-1,-1
334,59,1045.8380214724625,697.7103863678021,1127.9328056120535,907.1176864599523,1,-1,-1,-1
334,60,1050.5495706341292,167.9865431858262,1131.4672869120207,377.6454314178769,1,-1,-1,-1
335,59,1043.693367432394,700.1801413735487,1126.4552353306776,911.9614215879128,1,-1,-1,-1
335,60,1046.633256125921,166.80669010158067,1127.5913457707354,376.09917926670573,1,-1,-1,-1
336,59,1042.4702089168773,701.4807235514864,1125.1686679940344,913.6763169966337,1,-1,-1,-1
336,60,1045.0866906876374,166.8620917769241,1125.2130860027437,374.23770647501567,1,-1,-1,-1
337,59,1041.5042833592695,703.208273628838,1123.5521465687582,914.2323142705438,1,-1,-1,-1
337,60,1043.5341004631173,165.5474594036859,1123.5180193349292,373.1250912876692,1,-1,-1,-1
338,59,1038.2173283578165,705.2380145820637,1119.3626697382558,914.14900599417,1,-1,-1,-1
338,60,1042.383087011975,162.2518747931871,1122.36216184067,370.1434395899953,1,-1,-1,-1
339,59,1035.763251235388,705.9479770283077,1117.0478259908484,914.9074667389359,1,-1,-1,-1
339,60,1041.3356941779762,160.00331429133198,1121.7420935192035,368.7316157060185,1,-1,-1,-1
340,59,1033.8907498248693,706.2794287941266,1115.3642983934099,915.0273262152435,1,-1,-1,-1
340,60,1037.373985823885,158.64796246116435,1117.7743505599876,367.736176771066,1,-1,-1,-1
341,59,1029.7621310624831,709.5017564097595,1111.6659969261596,918.9179035965387,1,-1,-1,-1
341,60,1035.00769015144,156.91586415334612,1115.4045691714628,366.4641236943148,1,-1,-1,-1
342,59,1027.1233678210265,710.7637600886021,1110.247886863716,922.3969787240762,1,-1,-1,-1
342,60,1033.5912428830368,154.23708754741426,1113.8079175407656,362.6821250812517,1,-1,-1,-1
343,59,1025.7024082770074,712.741546662385,1108.3478172654227,923.1514863781892,1,-1,-1,-1
343,60,1030.3256331448065,153.519994678452,1109.7609309938496,360.4037520578562,1,-1,-1,-1
344,59,1024.8948700925555,716.6439837800732,1107.1683956437018,926.802476739324,1,-1,-1,-1
344,60,1028.5152524002149,152.52190470148838,1107.3954125957944,358.89112114964064,1,-1,-1,-1
345,59,1020.9589989477506,717.4865522312195,1103.6524646669038,928.5977573772216,1,-1,-1,-1
345,60,1026.837209026522,150.99520690921162,1106.3752769681848,359.13870947027516,1,-1,-1,-1
346,59,1018.7215004677435,718.3430400068905,1101.265770320704,929.2073618431775,1,-1,-1,-1
346,60,1023.4996398221751,151.14462367910016,1102.398257948188,358.2392147864198,1,-1,-1,-1
347,59,1016.9926491775464,719.5941972914894,1099.3045299154796,929.9174473477424,1,-1,-1,-1
347,60,1020.5067449927163,149.55755442508968,1099.529627845736,357.43324839383945,1,-1,-1,-1
348,59,1013.093966128512,720.1252761236799,1095.4359433411573,930.3557537183186,1,-1,-1,-1
348,60,1018.3585438259223,146.7355623382038,1097.8716712620253,354.90575962107073,1,-1,-1,-1
349,59,1010.7079431163318,720.8913605527457,1092.8798767728065,930.8910266059164,1,-1,-1,-1
349,60,1014.6824681428432,146.52396039923138,1093.5219381166823,353.0560760528582,1,-1,-1,-1
350,59,1009.0342039738705,722.1858493758384,1090.6710019055301,930.6214474968215,1,-1,-1,-1
350,60,1012.376991949714,144.91512596415333,1090.9622479063423,351.2195325098106,1,-1,-1,-1
351,59,1004.0965665233355,721.788706846735,1086.5626191239405,931.9174731280357,1,-1,-1,-1
351,60,1010.3797542645875,143.8947945457226,1089.2561707385203,350.9271281630291,1,-1,-1,-1
352,59,1000.9853036146748,724.1434249696218,1084.1950419269394,935.965873450782,1,-1,-1,-1
352,60,1006.4732747499514,143.52193354027122,1085.2740583169016,350.82260168336336,1,-1,-1,-1
353,59,996.0184726758209,725.3664023126374,1079.4815015181746,937.4222139880509,1,-1,-1,-1
353,60,1002.7860432456439,141.49208599131242,1082.8532778632314,351.52149587375527,1,-1,-1,-1
354,59,993.0807186681753,726.6940804049719,1076.5394730454425,938.604683495045,1,-1,-1,-1
354,60,998.4911604703165,141.0067387546586,1078.2072334129632,350.2851142820316,1,-1,-1,-1
355,59,988.8956262400868,727.8207816141935,1072.0590888504441,938.6739186685317,1,-1,-1,-1
355,60,995.7086470657424,140.44586552945043,1075.4808137187363,350.0606130194294,1,-1,-1,-1
356,59,986.3647126259832,728.526462944399,1069.726851583093,939.9533992921995,1,-1,-1,-1
356,60,994.0898582182391,138.74216545407748,1073.3865031465418,347.37610420220074,1,-1,-1,-1
357,59,984.5629677766846,729.080896686837,1067.388214670153,939.356290603934,1,-1,-1,-1
357,60,989.6632761584123,138.03139507104038,1068.8148381091448,346.7276130557931,1,-1,-1,-1
358,59,980.3461484183066,729.2610542292769,1063.3099942806782,940.248588891572,1,-1,-1,-1
358,60,986.5844868102757,136.4546629643744,1066.4348255296088,346.4265841835463,1,-1,-1,-1
359,59,978.0488028554327,729.5262586464,1060.7198959810007,940.1202568317203,1,-1,-1,-1
359,60,982.1079426889063,136.56552762905744,1061.32235011298,344.7981354776121,1,-1,-1,-1
360,59,973.4577161729087,732.9307352858186,1055.5181566629724,942.7274464786692,1,-1,-1,-1
360,60,979.3989691266233,136.14012082985408,1058.4694587587244,344.4264821607926,1,-1,-1,-1
361,59,970.3348136208539,733.15832988213,1053.3028218252048,945.2576300174118,1,-1,-1,-1
361,60,977.4195693225075,135.30856410656367,1056.7480563194729,344.15121005641464,1,-1,-1,-1
362,59,965.3988584449017,734.123447201747,1047.9666841548078,945.2271598281434,1,-1,-1,-1
362,60,972.8257209408018,133.91052878246404,1052.3826370406848,343.69477810356864,1,-1,-1,-1
363,59,962.4629874247541,734.023658022512,1045.2807974453322,946.1900469079685,1,-1,-1,-1
363,60,969.8804727933596,132.96012480720634,1049.419419650666,342.9358692580401,1,-1,-1,-1
364,59,960.5805360567853,734.8525277356329,1042.9087190176213,946.335650837922,1,-1,-1,-1
364,60,965.2509400673642,132.70845428549887,1044.5840915863898,343.0920595178362,1,-1,-1,-1
365,59,955.9504819933168,734.6916427952093,1038.47553132447,946.7577420708045,1,-1,-1,-1
365,60,962.4569145876224,131.85112732448016,1042.146266311983,343.6031179725393,1,-1,-1,-1
366,59,953.4506696780259,734.7621022515887,1035.76680924512,946.0550139443121,1,-1,-1,-1
366,60,958.1742709137817,132.12501141030657,1037.5848757962879,343.39201401203195,1,-1,-1,-1
367,59,949.0152351889756,735.7021250057236,1030.89014190305,945.9217127200036,1,-1,-1,-1
367,60,954.9907519687304,131.11463629438742,1034.932286497178,343.36739658273075,1,-1,-1,-1
368,59,946.0250016363731,735.5177474974272,1028.1273101476447,946.1704294134113,1,-1,-1,-1
368,60,949.9861028973176,131.9805693947207,1028.9357438934803,342.2572001116361,1,-1,-1,-1
369,59,941.5890220447366,736.287768200181,1023.1465649541678,945.7769787145887,1,-1,-1,-1
369,60,947.3713790118247,131.67848683547814,1025.0370366940529,338.9243079061225,1,-1,-1,-1
370,59,938.0751982544712,735.6831806688738,1020.265894731715,946.5725707224024,1,-1,-1,-1
370,60,942.9904703114069,131.31962923551222,1020.2446647624043,337.5200853279232,1,-1,-1,-1
371,59,933.2944788532732,736.4862803917384,1014.8970853291914,945.5869881769014,1,-1,-1,-1
371,60,939.3326437984645,130.16377408808188,1017.0963731454598,337.65031591738114,1,-1,-1,-1
372,59,929.9773492275824,734.9332949008812,1012.8821042295456,946.3895414140661,1,-1,-1,-1
372,60,935.0177612878457,129.60497935837384,1012.9393284927409,337.3881655223768,1,-1,-1,-1
373,59,927.9429826845596,735.1389218056631,1010.6515539644232,945.6054624677672,1,-1,-1,-1
373,60,932.0829562966885,129.49193393008784,1009.99160176608,337.7839524971736,1,-1,-1,-1
374,59,923.0792626816266,734.4670642360628,1006.4956497984946,946.2801827480448,1,-1,-1,-1
374,60,927.4221957516156,129.87059205257577,1005.3218228618057,338.0234336834567,1,-1,-1,-1
375,59,920.6622788035985,734.7522564242232,1003.4107818234871,945.2281406601865,1,-1,-1,-1
375,60,924.1080644602225,129.1519499428793,1002.2136428056854,338.23044106027044,1,-1,-1,-1
376,59,916.2235288315877,735.6687743721694,998.7174774358122,945.7185599949644,1,-1,-1,-1
376,60,922.2018308884316,128.0305252992406,1000.4922618288027,337.6578793236488,1,-1,-1,-1
377,59,913.3143720297093,734.0141239643783,996.6960952275934,946.2232722368049,1,-1,-1,-1
377,60,918.0461881691717,129.2819773103761,995.7061516118929,337.3209481195612,1,-1,-1,-1
378,59,908.3674140144807,733.9367594333572,991.7798573499206,946.0322117619902,1,-1,-1,-1
378,60,914.8126639501046,129.16857803729252,992.5974728491298,337.2298251356235,1,-1,-1,-1
379,59,905.0696755357404,733.0693233479637,989.0593763975261,946.5167727926835,1,-1,-1,-1
379,60,909.6295098977396,129.46068165763367,987.6009358558616,337.73452166923937,1,-1,-1,-1
380,59,899.8409039171074,732.999803638337,983.9385261109929,946.5835441897974,1,-1,-1,-1
380,60,906.2184678104985,128.13075942180106,985.0280190576207,337.87568279804066,1,-1,-1,-1
381,59,897.0476259198624,732.7767724559696,981.2820600353126,946.9734280652427,1,-1,-1,-1
381,60,902.1671210647165,128.46597896091095,980.8401866636927,337.67862984670126,1,-1,-1,-1
382,59,892.446387953622,733.8480175629971,975.6226219837386,945.7039470884038,1,-1,-1,-1
382,60,899.2068366713676,128.00941945615972,978.3167039684374,338.29172926739534,1,-1,-1,-1
383,59,889.2953269998122,732.5347089580123,973.1102320590037,946.4564307629665,1,-1,-1,-1
383,60,894.3267414390449,128.98837025864674,973.4999798993704,338.93315248596423,1,-1,-1,-1
384,59,887.7228902754724,732.6016544646573,971.3016497685124,946.2241470826932,1,-1,-1,-1
384,60,891.049425988598,128.87889511804704,970.68444156079,339.4719973938869,1,-1,-1,-1
385,59,882.8468539627304,731.8427494515415,966.923779218327,946.4854451092561,1,-1,-1,-1
385,60,886.0080490943817,129.15199278462396,965.6169195834283,339.246010462855,1,-1,-1,-1
386,59,876.7100779953404,731.8430935482307,960.7384247889484,945.976855475473,1,-1,-1,-1
386,60,882.3130322515573,129.3124832478332,962.0038125342184,339.7595478923761,1,-1,-1,-1
387,59,873.3466632262007,730.9538226386449,958.1508334067872,946.93716429653,1,-1,-1,-1
387,60,877.6626476592805,129.48058314826568,957.5593783478823,339.84644124955787,1,-1,-1,-1
388,59,868.2934328028074,731.4892518336119,952.4777876907791,946.1751540983347,1,-1,-1,-1
388,60,874.5701267449567,131.62080984716914,954.089104692939,341.35507286645264,1,-1,-1,-1
389,59,865.2231243490261,728.352120838061,949.3732055834191,942.8469662281352,1,-1,-1,-1
389,60,869.9130872662288,132.11388932446133,949.723693319642,342.3277162922693,1,-1,-1,-1
390,59,863.3943131492679,727.2172788518061,947.6132156099177,941.4391485338558,1,-1,-1,-1
390,60,867.4670034584673,132.91546148994559,947.0447208476295,343.015734938573,1,-1,-1,-1
391,59,858.532860322074,726.2892351152879,943.2821507477526,941.3869702564873,1,-1,-1,-1
391,60,865.7443054216853,133.8776081577663,945.4249078742956,344.0040207799947,1,-1,-1,-1
392,59,855.5793361362603,725.2811475617118,940.8798709741121,941.6791170633593,1,-1,-1,-1
392,60,861.9563119169387,135.531967860851,940.9677954121601,343.84072230414154,1,-1,-1,-1
393,59,850.821337360495,725.0818972449479,936.0601117687123,941.4964695640886,1,-1,-1,-1
393,60,858.594477497323,134.7233980526122,938.4239219132379,344.89952141263274,1,-1,-1,-1
394,59,848.3273489459882,724.1407727776416,933.7821571426126,941.1243239208757,1,-1,-1,-1
394,60,853.540145529242,135.4886196731223,933.2710219205775,344.8757702797896,1,-1,-1,-1
395,59,846.9954611585374,723.976154990326,931.7852216381801,939.9179620210215,1,-1,-1,-1
395,60,850.8537392574531,136.65364073843477,930.1818738421855,345.4501310991577,1,-1,-1,-1
396,59,842.6614291157623,723.9182140794364,927.0602528800206,939.3521518773579,1,-1,-1,-1
396,60,846.2801895860576,137.89187915806096,925.2926177633553,345.2604419842712,1,-1,-1,-1
397,59,839.7835520087841,722.7071883581195,924.7891838054485,939.7270324716043,1,-1,-1,-1
397,60,842.8856252660697,138.1066528313567,922.3408018189873,346.5336096394843,1,-1,-1,-1
398,59,835.2981245330789,722.833331778323,919.8966096326501,939.3281107251245,1,-1,-1,-1
398,60,838.847112854882,138.91478559805964,917.9897630496148,346.2342369926107,1,-1,-1,-1
399,59,832.4458997971964,721.545938629791,917.5869253409865,939.7533169093188,1,-1,-1,-1
399,60,836.0593686100327,139.82766738410646,916.1455438141157,349.74228072581,1,-1,-1,-1
400,59,828.4258148355693,720.2927222293673,911.8863464776699,934.2217486984334,1,-1,-1,-1
400,60,834.2182773630137,141.18134308406195,914.0816867293021,350.8642881797879,1,-1,-1,-1
401,59,825.6827507770166,718.4426414037318,909.3351712964106,933.25769305724,1,-1,-1,-1
401,60,830.3923136965634,142.67199480402058,910.0805643559862,351.5000224658422,1,-1,-1,-1
402,59,823.9491817383524,716.9745870879952,907.8735466060817,932.8180803487495,1,-1,-1,-1
402,60,827.7999866127535,143.55672053902143,907.3877322810819,352.10470856794063,1,-1,-1,-1
403,59,819.3182710862593,715.8683411570054,903.1067447737762,931.6876294745616,1,-1,-1,-1
403,60,825.9424541786226,144.24505400975477,905.5278453702715,352.63654809138495,1,-1,-1,-1
404,59,816.5517081497712,713.7719379681592,901.2362502657718,932.198837336954,1,-1,-1,-1
404,60,821.5680700219882,145.4775465064994,900.8124332098366,352.55990888452664,1,-1,-1,-1
405,59,815.409820141519,711.0570178168155,899.4380073324364,927.6255366453206,1,-1,-1,-1
405,60,819.3556580552579,146.6937352631561,898.1547049650837,352.99257977323117,1,-1,-1,-1
406,59,811.7575778115562,710.4582723226647,895.0759633291486,925.0940832958088,1,-1,-1,-1
406,60,817.8354593741444,149.41974333755715,896.6506662995569,356.29550765480053,1,-1,-1,-1
407,59,809.4826730131546,709.008609669438,892.999370204985,923.8196031801344,1,-1,-1,-1
407,60,813.6258868276122,150.80643307934372,892.8056464485778,358.29440541058716,1,-1,-1,-1
408,59,804.7817079866535,708.8202434699743,887.8900539805487,922.5279044901289,1,-1,-1,-1
408,60,811.0538394187521,152.26984256655498,889.7137353050582,359.2020448630883,1,-1,-1,-1
409,59,802.4301150209611,707.3639852014783,886.0578532368424,922.7367902106424,1,-1,-1,-1
409,60,809.7223018732421,153.3634794259043,888.3254456184037,360.4257814559925,1,-1,-1,-1
410,59,800.5739635847093,702.8120093927214,884.7575169556061,919.3185198053969,1,-1,-1,-1
410,60,805.6394856384217,153.64600305226827,884.6895902143262,361.502515027061,1,-1,-1,-1
411,59,799.8169642247171,701.0284881301532,883.5784442970956,916.4569407509135,1,-1,-1,-1
411,60,803.3665399767765,154.33597260950364,882.6881507574458,362.7764026046509,1,-1,-1,-1
412,59,796.1288659495727,699.4290688782188,880.0547235608516,915.2512137564889,1,-1,-1,-1
412,60,802.2867342911372,156.81345492563696,882.0904874768006,366.5880342431576,1,-1,-1,-1
413,59,793.9040905733976,698.4259418174872,878.1964794440303,915.3534174888064,1,-1,-1,-1
413,60,801.042493211948,158.71854636659847,881.1395714755242,368.3738680274555,1,-1,-1,-1
414,59,792.7270451023252,695.2830346714429,876.6364924022262,911.347506773982,1,-1,-1,-1
414,60,797.7162015679409,161.1595059886381,877.5417231590524,369.39274895490166,1,-1,-1,-1
415,59,792.4310328419438,694.4380749661965,875.3480039713183,908.4930463815012,1,-1,-1,-1
415,60,795.059038260508,162.33972698216098,875.1543305000523,370.9079318013205,1,-1,-1,-1
416,59,788.700690771201,693.3754224020224,871.4182278294589,907.0803519427515,1,-1,-1,-1
416,60,793.6653361098215,164.90953317361874,874.2093098990184,374.08940011963983,1,-1,-1,-1
417,59,786.5196629286772,692.0042150120215,869.665935872506,906.9813213901151,1,-1,-1,-1
417,60,789.5921947910846,166.68837254586137,870.4269809315424,375.8072245775593,1,-1,-1,-1
418,59,784.8209814513331,689.7388220358567,868.9303484867249,907.8397518742369,1,-1,-1,-1
418,60,787.7256017274217,168.24268627402512,868.3372745613281,376.70577070583636,1,-1,-1,-1
419,59,784.1076501561514,685.9920740386941,867.7666643525527,903.4857170442016,1,-1,-1,-1
419,60,786.2279612650051,169.84708074445874,866.599781143444,377.68123064016515,1,-1,-1,-1
420,59,780.9872654000408,685.2877463650751,863.6100623402954,900.0865012152337,1,-1,-1,-1
420,60,785.0638938650158,172.58223647944865,865.6419649265299,380.94104232592656,1,-1,-1,-1
421,59,779.5909041311561,684.4142982415199,861.9839138205701,898.5906015082542,1,-1,-1,-1
421,60,781.7598927318222,174.6887633928569,862.4249130123866,382.3074248437007,1,-1,-1,-1
422,59,777.9814278065345,682.3256893144194,861.30759675291,899.0900944540308,1,-1,-1,-1
422,60,779.7582373103874,176.08222774351424,860.7285935174989,383.80909386757105,1,-1,-1,-1
423,59,777.7174023636564,679.6110942410941,860.2561577569581,894.2315552330217,1,-1,-1,-1
423,60,778.5680235383468,177.75369090859817,859.4544834627185,385.20557901961695,1,-1,-1,-1
424,59,777.4379598559364,678.8507165704343,859.3610470286799,891.7946893287365,1,-1,-1,-1
424,60,777.2492740914125,179.47377445652108,857.6167149255589,386.0090625180341,1,-1,-1,-1
425,59,776.8976139175085,676.8563536754393,859.1708336992253,890.9382263978263,1,-1,-1,-1
425,60,776.8426586539283,182.78450276646564,857.2044367311406,389.9548884970102,1,-1,-1,-1
426,59,776.5689247835344,675.7423747743064,858.9573664311943,890.6507723407024,1,-1,-1,-1
426,60,774.2891856785036,185.54508307005523,854.2901699591381,391.99431539628273,1,-1,-1,-1
427,59,772.933730308888,674.5499218577038,855.5543831754047,890.1531162704365,1,-1,-1,-1
427,60,772.8440541387471,187.11318036664096,853.1063157527751,393.9153164780083,1,-1,-1,-1
428,59,771.1458403057152,671.5602726860166,853.3077243226693,885.7602506021694,1,-1,-1,-1
428,60,772.349483524554,190.02646120911317,852.8870673375366,397.324534171235,1,-1,-1,-1
429,59,770.1731421680097,668.4967761772431,852.6062438397008,883.2250696362653,1,-1,-1,-1
429,60,771.4506763011432,191.52515896519907,852.692231576894,400.26723760048014,1,-1,-1,-1
430,59,769.3138051915197,663.8673564253545,851.953299037213,879.0469386917629,1,-1,-1,-1
430,60,770.8749340611994,193.4827516621686,852.0177456394122,402.1803662662127,1,-1,-1,-1
431,59,768.9396827166355,661.9847964874465,851.5678417850596,876.8267422910964,1,-1,-1,-1
431,60,770.3970868490725,196.89052348138216,851.1448006598084,404.8969280209325,1,-1,-1,-1
432,59,768.5259932425661,659.9663815233384,851.6716227326096,876.0275523707496,1,-1,-1,-1
432,60,770.151066928241,199.36142247739318,850.5681273440921,407.1708701405033,1,-1,-1,-1
433,59,768.3119726419382,658.4028126729685,851.7156782264384,875.1724568821618,1,-1,-1,-1
433,60,770.1216184162224,200.95788801395636,850.4771366705553,409.1103022907081,1,-1,-1,-1
434,59,768.6103773387031,655.0421279534929,851.2800450286111,869.5761704534406,1,-1,-1,-1
434,60,769.8538614280722,202.46887348075936,850.4692718277623,410.91694552757474,1,-1,-1,-1
435,59,768.7670308155156,653.2369853437074,851.1836117104943,866.6233452751811,1,-1,-1,-1
435,60,770.3174396448705,205.34390498365696,850.7892389767394,413.68620288638243,1,-1,-1,-1
436,59,768.4724763836515,651.1552651063456,851.6538387383217,866.1057721342534,1,-1,-1,-1
436,60,770.7495543644806,208.2616990938426,850.5272436973013,415.13161001566505,1,-1,-1,-1
437,59,768.3510513966563,649.749497639418,852.1106813877446,865.5316702051753,1,-1,-1,-1
437,60,770.6505495245843,210.66900510926206,849.9897438783697,416.7882753085084,1,-1,-1,-1
438,59,768.3122564217396,646.155803945695,851.910244504904,860.9762451866086,1,-1,-1,-1
438,60,770.7102562066467,214.44823985769028,849.8516637319246,420.56184869841877,1,-1,-1,-1
439,59,768.0434198651191,643.5518852377154,852.0300825611118,858.8936354795353,1,-1,-1,-1
439,60,770.571606321814,217.57360345385365,849.4456277428211,423.484696630514,1,-1,-1,-1
440,59,767.9789346107569,639.3697697022375,852.1593516755185,854.9069226279098,1,-1,-1,-1
440,60,770.46834122641,219.41867434521288,849.2702259376682,425.3728719521653,1,-1,-1,-1
441,59,768.0722988480206,636.5253303809013,852.3733106841598,851.9106785986328,1,-1,-1,-1
441,60,770.9575398353574,222.50091880473303,849.8421356319744,429.1239298847589,1,-1,-1,-1
442,59,767.9455828257921,634.2874500737086,852.7619585581753,850.6314354150828,1,-1,-1,-1
442,60,771.2733136079449,225.31849919059266,850.0006242922274,432.09127333437186,1,-1,-1,-1
443,59,768.4233422538283,631.4382423053812,852.2819689358903,844.9627723229322,1,-1,-1,-1
443,60,771.15881907017,228.9070342899755,849.9677686048723,436.3886444284109,1,-1,-1,-1
444,59,768.5069529077995,628.7627487988295,852.6663882668668,842.6990722444443,1,-1,-1,-1
444,60,771.7404411255561,231.81571869005188,849.9884023163365,438.5142005368655,1,-1,-1,-1
445,59,768.3742148411051,627.085270969795,852.8507230719802,841.3857335559328,1,-1,-1,-1
445,60,772.130524872747,233.81755272074588,849.9970036760421,439.96723481414074,1,-1,-1,-1
446,59,768.7289240284128,623.6214279898522,852.6916858503116,836.2475220513879,1,-1,-1,-1
446,60,772.4086303811687,235.30718189295794,850.2937963102379,441.6348450719678,1,-1,-1,-1
447,59,769.1399702008075,621.391336419457,853.0611315045185,833.595242290794,1,-1,-1,-1
447,60,773.7765157414198,238.89205756756243,851.1539073426333,443.95332104321494,1,-1,-1,-1
448,59,769.364591055024,619.2035392048384,853.6909643136634,832.2155654610285,1,-1,-1,-1
448,60,774.3456364318974,241.74811971954463,851.593106028653,445.9452418813793,1,-1,-1,-1
449,59,769.7463439592036,615.4274893845485,854.3133988614472,829.0953412295984,1,-1,-1,-1
449,60,774.8635252127723,245.099054480586,851.5834827636261,447.28985997978396,1,-1,-1,-1
450,59,769.982025205563,612.5775909020857,854.9567070136493,827.1352136427101,1,-1,-1,-1
450,60,777.9722486603146,248.1986604977418,855.0172645330246,451.3295291633191,1,-1,-1,-1
451,59,770.8347273573781,611.0107854007139,855.8522654973925,825.3109660101807,1,-1,-1,-1
451,60,779.4774613424452,251.53294218046304,856.115643832722,454.0061472502165,1,-1,-1,-1
452,59,774.2500932854853,606.9967848373565,859.0316913536057,820.2559860977387,1,-1,-1,-1
452,60,780.0091331884948,254.71942005886586,857.2117051253196,458.87596075480667,1,-1,-1,-1
453,59,776.0505747652694,605.4122113944667,860.3266664154085,816.8306072265673,1,-1,-1,-1
453,60,780.6107845232946,258.3716287942236,857.5421884081067,461.9740766046041,1,-1,-1,-1
454,59,777.3988138044183,601.5262141836131,861.4285518161263,812.110958267314,1,-1,-1,-1
454,60,782.037903404482,261.31711698362983,858.6869688151216,463.93652018565547,1,-1,-1,-1
455,59,777.9795534926214,598.0152337581504,862.5840620584893,810.3228299990207,1,-1,-1,-1
455,60,783.4927207246322,266.5058947618743,859.6713231468144,467.5159591957553,1,-1,-1,-1
456,59,779.071798712004,596.2344210754306,863.5936938512724,808.6652844583288,1,-1,-1,-1
456,60,787.0589980808016,269.7993616506131,862.8622303917151,469.8125202190055,1,-1,-1,-1
457,59,780.1059139770254,593.273841965026,863.8414284426125,803.7621042383248,1,-1,-1,-1
457,60,788.7596567504244,272.2622822408502,865.2925800281557,474.7910212611423,1,-1,-1,-1
458,59,783.3989187376957,590.808077875091,867.2008307830935,801.5975831388633,1,-1,-1,-1
458,60,790.4633740301603,275.27890122553003,866.5936277753623,477.4883410989156,1,-1,-1,-1
459,59,784.9503767039827,588.281931824233,869.2524847807399,800.840215238274,1,-1,-1,-1
459,60,791.3784206102016,277.6577404458286,867.3376016836033,479.950553637931,1,-1,-1,-1
460,59,786.1691420007147,584.1126391425212,870.2072562982947,796.2112773664078,1,-1,-1,-1
460,60,794.7977322504914,281.78906606069825,870.945472087612,485.32059482282875,1,-1,-1,-1
461,59,787.8865020128773,582.0114932534348,871.3557409418244,792.5906074622269,1,-1,-1,-1
461,60,797.0050481861076,284.8761135091427,872.8957213776949,488.5343222969941,1,-1,-1,-1
462,59,791.1581369444874,577.0078028667749,874.9180763950972,788.1626794654245,1,-1,-1,-1
462,60,798.6422852274809,288.1711234995562,874.776787341813,493.32322046954187,1,-1,-1,-1
463,59,792.4793721235866,572.9793416318378,877.0285598046623,785.8585756572242,1,-1,-1,-1
463,60,799.6884430363649,291.91078709914615,875.6021221131867,496.4204353036865,1,-1,-1,-1
464,59,794.1473839514633,570.9592134191565,878.8060718931414,784.4090473570191,1,-1,-1,-1
464,60,803.0174450860732,296.61728290699295,878.9696201309023,501.1636472960732,1,-1,-1,-1
465,59,795.926588555243,567.8715296468368,879.8932487029606,779.6025586484121,1,-1,-1,-1
465,60,805.3234930568248,299.0498013072779,881.4712109745421,504.43210818843795,1,-1,-1,-1
466,59,799.0301151713638,563.6660424762423,883.6420803853098,777.3504385167167,1,-1,-1,-1
466,60,806.5605395419461,302.5756395705739,883.0023638623504,509.08728880941385,1,-1,-1,-1
467,59,801.1332996102218,559.9067990717559,885.1289695589479,771.8261707312805,1,-1,-1,-1
467,60,807.9512300676341,305.4070715972865,884.2849760128952,511.5649864468972,1,-1,-1,-1
468,59,803.3604123362136,557.7523822190076,886.6918373267738,768.3274796732678,1,-1,-1,-1
468,60,812.0148714631019,309.99645796061793,888.1416931571965,516.1364500015234,1,-1,-1,-1
469,59,804.4539957713413,553.926731437691,887.4125163736333,763.5907803649349,1,-1,-1,-1
469,60,814.1800460274369,313.4284200903241,890.0432839574358,519.4474881566704,1,-1,-1,-1
470,59,808.2828335684725,549.2574414278432,891.9288416452986,761.3114843090655,1,-1,-1,-1
470,60,815.5582950564539,316.55359737049343,891.041967004469,521.6036602516721,1,-1,-1,-1
471,59,811.8218394915631,546.0068180703065,894.0195546099911,755.0546158776664,1,-1,-1,-1
471,60,819.5168668515269,320.42690147679366,895.099939467781,526.4332562324673,1,-1,-1,-1
472,59,815.8347743048135,542.1220763554666,898.240130692439,752.4683871568737,1,-1,-1,-1
472,60,821.930536881317,323.22073380391424,897.6488373869429,530.144598233371,1,-1,-1,-1
473,59,818.266134722791,539.5403312954645,900.8166554871926,751.4265678825499,1,-1,-1,-1
473,60,823.7070496623804,327.43296453348637,899.4484347501931,534.1934943549504,1,-1,-1,-1
474,59,821.4594083568514,537.2401066547179,902.0124818417332,745.2874514193801,1,-1,-1,-1
474,60,827.8520837376665,330.2132099856032,904.1237077102564,538.1603894628755,1,-1,-1,-1
475,59,825.0007713408703,533.371368489694,905.6217134934383,742.9014950572432,1,-1,-1,-1
475,60,830.4431585544804,334.63315343724304,906.1335105540757,540.840965381564,1,-1,-1,-1
476,59,828.3619728680106,528.3247444657577,908.4702380525243,738.0751253414276,1,-1,-1,-1
476,60,834.8980869609474,337.5572156232735,910.7127872906424,543.4617038534632,1,-1,-1,-1
477,59,832.8845402743384,525.0930997814485,913.0206467088956,735.9782200602884,1,-1,-1,-1
477,60,838.1163072147192,341.41783209235587,912.1997884695808,542.2972825997581,1,-1,-1,-1
478,59,836.4721368819212,521.2442049853306,915.8497200500983,731.1269767103142,1,-1,-1,-1
478,60,840.7440223791795,344.99621218594456,913.399768592384,540.310940884139,1,-1,-1,-1
479,59,838.9811341187351,518.960567386978,917.4535717615701,727.6475438535532,1,-1,-1,-1
479,60,844.552481365013,348.35976388092894,917.7421391872714,544.1075512123551,1,-1,-1,-1
480,59,843.5165704791914,513.9006842885581,921.5763117049211,722.4076785635659,1,-1,-1,-1
480,60,847.6640730063801,352.85607279804384,918.7857509123319,541.5935702871849,1,-1,-1,-1
481,59,846.2117497708023,510.12405360872486,924.6340303023895,720.1111091192657,1,-1,-1,-1
481,60,851.4857173976262,358.4619256902135,919.5352093621427,536.878383538768,1,-1,-1,-1
482,59,850.5966812962769,505.7525142211295,928.4209008417612,715.2740076146937,1,-1,-1,-1
482,60,854.4109950813873,361.17812083530697,925.6717822525577,547.5593554835373,1,-1,-1,-1
483,59,853.7044043897586,502.9975317012575,931.0975231038136,711.6890743873477,1,-1,-1,-1
483,60,855.040382135658,363.22264125509116,930.3363887202139,559.1664267179517,1,-1,-1,-1
484,59,858.5423850524612,498.96573172217626,935.1660066219724,705.9551839490052,1,-1,-1,-1
484,60,859.6866552605914,366.1410757066613,935.6516721712325,562.5986493532871,1,-1,-1,-1
485,59,861.271306076205,494.77240533562224,938.4965737209687,703.4577666056839,1,-1,-1,-1
485,60,862.9267502851286,370.1544962326078,938.1761045104588,562.0859943523021,1,-1,-1,-1
486,59,862.9078465845025,491.9816025047455,941.0918581560232,703.1498401503002,1,-1,-1,-1
486,60,869.3731704110467,373.9610495352558,942.5292297591988,558.2786848937525,1,-1,-1,-1
487,59,867.2622400353813,488.01464553395425,945.4665751135484,699.5493862081086,1,-1,-1,-1
487,60,872.6114163149334,376.60583588868406,943.8235743388628,554.2881199394263,1,-1,-1,-1
488,59,869.6388138697532,484.1447636523115,948.199811747494,696.8855812454096,1,-1,-1,-1
488,60,874.2697680990958,379.2274216303201,944.7337352863266,552.5706183713563,1,-1,-1,-1
489,59,874.7169846102267,480.7053864457944,952.260230648408,690.7229842945892,1,-1,-1,-1
489,60,880.8591406687874,384.7023810813787,948.3329663940243,548.2086121960306,1,-1,-1,-1
490,59,877.8233891296653,477.3455417501168,955.7041687873419,687.6447520809363,1,-1,-1,-1
490,60,887.1199931356305,389.97451831705246,955.5729455726953,553.5321549298258,1,-1,-1,-1
491,59,879.6878506261905,472.4424313356313,958.1187091565276,683.7614148386227,1,-1,-1,-1
491,60,888.3049139831486,393.2117418391336,960.1036465737259,563.2575539031502,1,-1,-1,-1
492,59,883.7311462341064,468.035704180591,963.128407366965,681.6282646001639,1,-1,-1,-1
492,60,892.1361657147852,397.4786638092103,967.642212374328,575.4106596415043,1,-1,-1,-1
493,59,889.7672168617919,464.49949751358474,968.3779272357663,675.7749035730677,1,-1,-1,-1
493,60,895.6778169970767,400.2996928758766,971.2580919144233,577.748325328683,1,-1,-1,-1
494,59,892.8655943316213,461.2989960829418,971.649603343742,672.4814721791195,1,-1,-1,-1
494,60,901.9660363801264,404.22197071569417,975.4410871034271,575.7763121762689,1,-1,-1,-1
495,59,897.704029686471,456.67290169100886,976.7643691903455,668.0048907273884,1,-1,-1,-1
495,60,904.0468799217969,407.68728453118257,979.1290975757809,582.1562321308124,1,-1,-1,-1
496,59,900.175265557263,452.9390210803289,979.729164252015,664.7957583073157,1,-1,-1,-1
496,60,911.8765286627215,414.07625833991426,983.6432191238246,579.8280342647985,1,-1,-1,-1
497,59,902.679145411275,449.2120427648677,981.3830232156814,658.29250829269,1,-1,-1,-1
498,59,907.601877557963,446.3523200597398,986.2422967997863,654.4958969749556,1,-1,-1,-1
499,59,910.9366842729918,442.6531758926805,989.25318966819,649.1116199300156,1,-1,-1,-1
500,59,915.2902575229848,439.82866037181066,994.3012023599712,647.4619862068723,1,-1,-1,-1
