1,1,1220.712646484375,429.74053955078125,1299.12939453125,630.8502807617188,1,-1,-1,-1
1,2,614.1253662109375,436.99176025390625,693.947998046875,639.3240356445312,1,-1,-1,-1
2,1,1219.6669012813693,432.23571853007167,1299.4878737864253,636.9560688113378,1,-1,-1,-1
2,2,614.3476485931141,436.0088735533155,694.213888463801,638.5429697588456,1,-1,-1,-1
3,1,1219.6254919000457,435.60760715094966,1298.8748706670528,638.7872965914535,1,-1,-1,-1
3,2,614.1035711748156,432.9619850545887,694.8526838888826,637.9584408750516,1,-1,-1,-1
4,1,1219.4924107408692,440.3164305401434,1299.0783154556816,644.2926919062612,1,-1,-1,-1
4,2,616.4101927140907,427.90379561945997,697.6779838546323,634.639807466571,1,-1,-1,-1
5,1,1219.4444712608126,444.0150164506846,1298.9787890883924,647.7617064865624,1,-1,-1,-1
5,2,617.2566683156448,423.5788890166797,698.8539201518614,631.7935959164932,1,-1,-1,-1
6,1,1219.5793122773714,448.2978838212322,1299.4208469825553,652.6152727650448,1,-1,-1,-1
6,2,618.0141091775538,420.2032338946409,698.4247187169367,626.0804562254768,1,-1,-1,-1
7,1,1219.7470601580703,451.6932413746871,1299.711606133227,656.046853357634,1,-1,-1,-1
7,2,617.7197616076331,416.3437752062932,698.5686192717461,624.0608999978003,1,-1,-1,-1
8,1,1219.5752940372415,456.50006640275046,1299.5587265781087,660.4993361732013,1,-1,-1,-1
8,2,618.57750544883,412.4411733853663,698.4562615175342,618.3194313426332,1,-1,-1,-1
9,1,1219.450600499139,460.1337223864171,1299.3180152997231,663.3256262299597,1,-1,-1,-1
9,2,618.6276246962306,408.1197391062098,698.9890085902906,616.3171923392066,1,-1,-1,-1
10,1,1218.9835881322103,463.9144739819671,1299.6668385467267,668.7144438298086,1,-1,-1,-1
10,2,619.27227970901,404.3258280187144,698.5159592430892,610.3765405721493,1,-1,-1,-1
11,1,1218.4267867118983,466.72021234040966,1299.6974530261934,672.1625016122881,1,-1,-1,-1
11,2,619.9763378198853,400.8349616482526,699.1420745665823,607.5831449863019,1,-1,-1,-1
12,1,1218.0002403121869,471.03454234000407,1299.8295745428336,677.1394596301338,1,-1,-1,-1
12,2,620.8790789678447,396.62701046581765,699.0941435732436,601.588872888788,1,-1,-1,-1
13,1,1217.686253809791,474.5970330226619,1299.379771055028,679.6644020004164,1,-1,-1,-1
13,2,621.6035898083514,392.93044346745523,699.7450777266017,598.7834910903091,1,-1,-1,-1
14,1,1217.6750677337031,477.4420661608281,1298.9794663678858,680.6418218703334,1,-1,-1,-1
14,2,622.814098736603,389.51412577412657,699.6290846077558,592.3454604879012,1,-1,-1,-1
15,1,1216.9835015892393,481.0964364703843,1299.6712011213872,686.382774791798,1,-1,-1,-1
15,2,623.8257741635139,386.6463552966852,700.3257792443069,589.106525806873,1,-1,-1,-1
16,1,1213.6672092434328,485.4833069230424,1295.5162281261385,687.6221558883194,1,-1,-1,-1
16,2,626.7537144446827,381.9748163477409,702.7005359598265,583.4382372669356,1,-1,-1,-1
17,1,1211.967891908765,489.9871397110457,1294.3315054086593,692.4182689923409,1,-1,-1,-1
17,2,627.7780800372184,378.6719036680711,704.0449816829789,581.5331084416493,1,-1,-1,-1
18,1,1210.9627398773457,493.0224704320625,1293.5014136689606,694.8803342402454,1,-1,-1,-1
18,2,628.464744290935,376.23302695136726,704.4839803026598,578.8916958050202,1,-1,-1,-1
19,1,1210.457366532145,496.93843405207343,1293.6471499716617,700.2094262572525,1,-1,-1,-1
19,2,628.8641972075856,371.9984436708407,704.4645757864456,573.9662303933121,1,-1,-1,-1
20,1,1210.0532237922448,499.38532538008866,1293.6336710294788,702.9168542316239,1,-1,-1,-1
20,2,628.8778136207658,368.6224521794811,705.1097753733171,572.7337460624863,1,-1,-1,-1
21,1,1209.292501263305,504.4765308400931,1293.1086862803102,708.0106282066129,1,-1,-1,-1
21,2,629.4172292698987,364.44409828145217,705.3991391262725,568.6147469345453,1,-1,-1,-1
22,1,1208.5336644698548,506.96023757598755,1293.2010922801699,711.4065462807234,1,-1,-1,-1
22,2,630.3139301127684,361.65738267885877,705.9205136482781,564.9913301847389,1,-1,-1,-1
23,1,1204.1856637730166,509.16535428797147,1288.7793072678182,712.709893942842,1,-1,-1,-1
23,2,631.8418406350145,358.7010370582708,706.059096207341,558.1705330759708,1,-1,-1,-1
24,1,1202.0690141900543,513.2813323506931,1287.8652543274407,719.0575083054747,1,-1,-1,-1
24,2,632.3991013176643,355.5151428005231,706.675895836677,555.1643065906696,1,-1,-1,-1
25,1,1200.8943576417623,518.9916047387345,1286.687852780959,724.4714372404262,1,-1,-1,-1
25,2,635.8168495226685,350.56780769113084,709.7553952802889,549.4720583408172,1,-1,-1,-1
26,1,1200.5828000301071,522.17708702508,1286.1786091038484,726.6177795258001,1,-1,-1,-1
26,2,636.9866362140406,347.20148447677997,711.47464108782,547.4914330342539,1,-1,-1,-1
27,1,1200.5471016791869,525.2151245432265,1285.3451829580392,727.8411721505543,1,-1,-1,-1
27,2,637.8878207800255,342.87973290488145,711.6391276994232,541.0465990813651,1,-1,-1,-1
28,1,1199.8405816675445,529.1000311074553,1285.073500961299,733.0440024301738,1,-1,-1,-1
28,2,638.3742084405255,339.646149415909,712.5086876051878,539.1404347058804,1,-1,-1,-1
29,1,1199.440366475374,532.1939944753475,1284.6489310072486,736.0396543766244,1,-1,-1,-1
29,2,638.6479221852131,336.31070059955084,713.8457405444352,539.058519520361,1,-1,-1,-1
30,1,1196.4084000130213,537.5168929660905,1281.0956636035676,740.2967030193676,1,-1,-1,-1
30,2,639.6969731989982,333.0395066235289,714.2882192141233,534.4761362863217,1,-1,-1,-1
31,1,1194.1650837847164,540.4119059655827,1278.9393053684519,743.6233077354045,1,-1,-1,-1
31,2,643.5000821740285,331.11052852528434,717.7554491674853,531.8574123829985,1,-1,-1,-1
32,1,1192.7664910271772,543.9492718989127,1278.4763227337419,749.326942567663,1,-1,-1,-1
32,2,645.3521639519636,326.7395813141436,719.3668894850698,526.4787938670393,1,-1,-1,-1
33,1,1192.146513324709,546.7270023106763,1278.0205929757838,752.9059087502545,1,-1,-1,-1
33,2,646.0580950048704,324.0972363624017,720.2286671266149,523.9868213810034,1,-1,-1,-1
34,1,1191.5064226855154,550.9945200630752,1277.513024952032,757.8036917047202,1,-1,-1,-1
34,2,646.6880245563967,321.66107219300306,721.3056109769678,522.9544679610124,1,-1,-1,-1
35,1,1191.0919730656574,553.5660521902156,1277.4476619662828,760.7262294020936,1,-1,-1,-1
35,2,647.2789677367989,316.86768815373006,722.1307277571353,518.9602013389226,1,-1,-1,-1
36,1,1187.1779023049826,555.391361913152,1273.6258794069201,762.4957758732298,1,-1,-1,-1
36,2,648.3696837978798,314.53022835633703,723.1217634483455,516.3296172829473,1,-1,-1,-1
37,1,1185.385450176994,559.8074000231393,1271.8095681280822,767.0786981596066,1,-1,-1,-1
37,2,651.6051667070604,310.13429940874335,726.0551702841684,510.9565794782754,1,-1,-1,-1
38,1,1184.9333803404081,563.1441623421332,1270.6155633666851,769.1593114680061,1,-1,-1,-1
38,2,653.1351641457779,307.165580925353,727.3930690841603,507.78982111853304,1,-1,-1,-1
39,1,1184.3157392101057,568.0240388881765,1269.4058865660238,773.3265323862443,1,-1,-1,-1
39,2,654.2084918337333,304.3360566903085,728.9956526898545,506.8421748929427,1,-1,-1,-1
40,1,1183.6169325163569,571.0907502004268,1268.4995210909294,776.6057844449655,1,-1,-1,-1
40,2,655.8070062930689,299.9759264890904,730.408569963185,502.52002849145276,1,-1,-1,-1
41,1,1180.4179395845224,576.012559656591,1264.6149838369327,780.4608994299344,1,-1,-1,-1
41,2,659.9340003246612,297.67392908234103,734.0976808214622,499.13020824889327,1,-1,-1,-1
42,1,1178.4804075877487,577.8467322201135,1263.517404786224,784.3224234473792,1,-1,-1,-1
42,2,661.8298575803146,293.7878023425049,735.9448547136076,494.7231862799839,1,-1,-1,-1
43,1,1176.8857450326846,582.6879996332204,1262.2610461155075,789.7351680265036,1,-1,-1,-1
43,2,662.2730394187943,289.3369241619485,737.4660467663862,492.81556714915064,1,-1,-1,-1
44,1,1175.5712972585306,585.3663343082179,1261.0659489092382,791.8936202779603,1,-1,-1,-1
44,2,663.1256730618135,285.0929413831848,738.2179745361811,488.2327368247785,1,-1,-1,-1
45,1,1170.8497821716126,586.7286584253372,1256.7958611439533,793.5378622907024,1,-1,-1,-1
45,2,664.2807141554819,282.75884734008434,739.3040221110678,485.5880272451909,1,-1,-1,-1
46,1,1168.78643170081,588.2725690043044,1254.5036095568828,794.0102216725281,1,-1,-1,-1
46,2,667.8504952628213,278.35724078929195,742.8023179761432,480.01266794109796,1,-1,-1,-1
47,1,1167.693824999155,592.0299893723948,1253.684238838026,798.4394137371405,1,-1,-1,-1
47,2,669.7779353921894,275.6744397300277,744.6694316497942,476.5082091257555,1,-1,-1,-1
48,1,1163.7550381653048,598.1339629047263,1249.6154962058683,804.0055069651501,1,-1,-1,-1
48,2,670.6900958676,271.7457129152704,747.0129501179644,476.1588150127651,1,-1,-1,-1
49,1,1161.6385440715283,601.4744196890549,1247.4989798033446,806.8050184511997,1,-1,-1,-1
49,2,671.8692472489288,268.47695158312183,748.3721763433736,472.7284905310056,1,-1,-1,-1
50,1,1159.8301051435972,603.9073183290166,1245.5168233791017,809.0627294005405,1,-1,-1,-1
50,2,674.970752636234,265.540571388815,752.388357034987,471.5936650895757,1,-1,-1,-1
51,1,1158.584401405495,606.9392532045741,1244.8150956786244,813.7179827027601,1,-1,-1,-1
51,2,676.2852713857803,263.09415330455823,754.0140409304036,469.6815502704151,1,-1,-1,-1
52,1,1154.5424717294763,608.5844201696809,1241.0413391687255,816.3003116718951,1,-1,-1,-1
52,2,677.7930537338063,260.10921155197354,754.8094685251699,464.46784898529825,1,-1,-1,-1
53,1,1152.5598138403518,610.2019059120836,1239.0953570033319,818.3384149041325,1,-1,-1,-1
53,2,682.1014486179839,257.7064112384022,758.7866330875121,460.9844718038066,1,-1,-1,-1
54,1,1151.3288918908609,615.1921342324101,1237.3177536577975,822.2246577631832,1,-1,-1,-1
54,2,684.3266811281583,253.54232643439786,761.1053017312993,456.57454372360144,1,-1,-1,-1
55,1,1147.4218608885587,617.9909144976316,1233.1910829675046,824.1024405939152,1,-1,-1,-1
55,2,686.1291170984042,250.68771649753808,762.9639709084734,454.0485850005165,1,-1,-1,-1
56,1,1145.4091945024672,620.0143790280023,1231.0075361657614,825.2891824137953,1,-1,-1,-1
56,2,687.9142362931334,249.06271628679133,764.3173963013536,451.5773777642743,1,-1,-1,-1
57,1,1144.20712033593,624.1897072451304,1229.8259924353665,829.6344222246659,1,-1,-1,-1
57,2,691.4029991247635,245.9218246971098,767.2321490136432,447.0378726404788,1,-1,-1,-1
58,1,1142.8582614797508,625.5075162384314,1229.4501814207742,833.1490888478133,1,-1,-1,-1
58,2,693.224108522115,243.4612636542466,769.0142809378063,445.1060573309919,1,-1,-1,-1
59,1,1138.0922315242428,628.9139054974056,1225.51777032173,838.4526233056841,1,-1,-1,-1
59,2,695.0413338868352,240.20932834201272,771.4677078968259,443.93603603774113,1,-1,-1,-1
60,1,1135.7689320286897,631.4561669855065,1223.1566552583417,840.7057423094616,1,-1,-1,-1
60,2,698.6277572012689,236.77641764858203,775.0125909066904,439.94373791097394,1,-1,-1,-1
61,1,1134.5498269691213,634.2255149428368,1221.0935307798104,841.9118269448529,1,-1,-1,-1
61,2,700.4072874138567,233.09675773304645,777.8151232407977,438.9673328946775,1,-1,-1,-1
62,1,1131.3029144730071,638.9505240032977,1216.9046562421186,845.0273090484691,1,-1,-1,-1
62,2,702.2848355754155,230.29608479544387,780.1999720289197,437.41473515719326,1,-1,-1,-1
63,1,1128.5616863034309,640.3797117125922,1214.9797286641651,848.1576808342494,1,-1,-1,-1
63,2,706.3737905448652,227.62726857662554,783.9871296497982,433.4416228168326,1,-1,-1,-1
64,1,1123.1859964441473,641.5461498186174,1210.353953336531,850.9759187837808,1,-1,-1,-1
64,2,708.6028675649973,225.36992900218746,786.0441014570306,431.0888400602919,1,-1,-1,-1
65,1,1121.1134145084625,645.6071072278214,1208.1003441821838,855.0115359829806,1,-1,-1,-1
65,2,710.5391947536149,223.0058147055297,787.7598534677301,428.8573088406008,1,-1,-1,-1
66,1,1119.267066140813,647.3056442028176,1206.7046450042071,857.4766430058281,1,-1,-1,-1
66,2,715.1604630241876,220.50231770724946,791.3847151645111,423.80902246625055,1,-1,-1,-1
67,1,1118.303858668548,649.8550973754152,1204.9830007526796,858.7757758451,1,-1,-1,-1
67,2,717.7145090046531,217.7829213376391,794.0029728038846,421.94198311114906,1,-1,-1,-1
68,1,1114.4324677152633,653.6496592561813,1201.061325281063,862.3560407352646,1,-1,-1,-1
68,2,722.6395265360089,217.01520424244956,798.4120320403634,420.01370723521114,1,-1,-1,-1
69,1,1112.4570189641713,656.1443570211881,1198.8775282122326,864.6684288540482,1,-1,-1,-1
69,2,725.1144451629862,214.80870696552296,801.4319482708388,419.3540213994574,1,-1,-1,-1
70,1,1110.7433967449815,657.3794197192882,1197.644658440628,867.000214478863,1,-1,-1,-1
70,2,726.7197120413257,211.60170586676054,803.0166688288416,416.35778773670245,1,-1,-1,-1
71,1,1105.9279257814937,660.168763487757,1193.8124000524613,871.8648791645078,1,-1,-1,-1
71,2,728.5862249219064,208.81285474045808,804.8948511944777,413.59440998853347,1,-1,-1,-1
72,1,1103.569424723972,662.8745938587525,1190.922836045699,873.2773830351799,1,-1,-1,-1
72,2,731.9477004422482,205.96967112903184,809.1203580464364,412.91316337461865,1,-1,-1,-1
73,1,1098.651403273439,664.1380309591163,1186.1705851016477,874.4951519682883,1,-1,-1,-1
73,2,734.3971256804169,203.13763807398016,811.6233274558915,409.9317649670985,1,-1,-1,-1
74,1,1096.350705221481,665.94957422264,1183.3305443837537,875.3712575080225,1,-1,-1,-1
74,2,738.7278026758642,201.8157331886763,815.6710605473195,407.61872297884247,1,-1,-1,-1
75,1,1094.2044955996478,668.9813247148053,1181.932835456681,879.9584821166154,1,-1,-1,-1
75,2,740.2853223012003,199.37689277247836,817.8521506409203,406.4042829090191,1,-1,-1,-1
76,1,1089.8617010529265,670.4855406018579,1177.6664742615394,882.0112308884256,1,-1,-1,-1
76,2,742.4179934399716,197.97906660522432,819.7010206447832,404.6575418939761,1,-1,-1,-1
77,1,1087.1709146579647,671.7611598173991,1175.5051492403027,884.5348375501825,1,-1,-1,-1
77,2,747.095654306958,195.70311476487103,823.1931937146458,399.37104812645555,1,-1,-1,-1
78,1,1086.1046273974018,676.3068665008063,1173.5527717809987,887.5287806828419,1,-1,-1,-1
78,2,749.0573015180255,192.06288570664475,825.5255130661092,397.17919699562754,1,-1,-1,-1
79,1,1081.71383796612,678.3172832344418,1169.5551398401956,890.0075756422457,1,-1,-1,-1
79,2,751.4638814643309,189.13087591391442,827.5330643992091,393.22611707307794,1,-1,-1,-1
80,1,1078.6054881646128,679.8090921782385,1166.8997699752006,891.6385283311589,1,-1,-1,-1
80,2,755.4903110296573,187.68139879677062,831.4828408371286,391.5781666426353,1,-1,-1,-1
81,1,1073.4557195217415,680.6797772758915,1161.688838766404,892.1790514837548,1,-1,-1,-1
81,2,758.6269879798549,185.94347536171028,834.7262364320851,390.69539123308084,1,-1,-1,-1
82,1,1070.8860628449095,684.0419516755926,1159.4472125677958,895.8182730183083,1,-1,-1,-1
82,2,762.7571762530123,183.96844605193945,839.1877844025,389.30081813592994,1,-1,-1,-1
83,1,1069.8060732167785,686.7900765580013,1157.3892340182908,896.4848405687969,1,-1,-1,-1
83,2,765.0452369670484,180.75690632303923,841.4453036172288,385.69971886232656,1,-1,-1,-1
84,1,1065.3063817271345,687.6460601432427,1153.4473418536409,897.908730395681,1,-1,-1,-1
84,2,767.4370683397368,178.2165610596549,844.1755992556197,383.7862686209817,1,-1,-1,-1
85,1,1062.1210287740557,688.5212961262525,1150.8767059615675,899.8653319982438,1,-1,-1,-1
85,2,770.7171543007769,175.7395127272872,848.3270987850603,383.0081953548183,1,-1,-1,-1
86,1,1057.5046821302062,688.8795684254634,1145.973484544358,900.1806106766362,1,-1,-1,-1
86,2,773.8934013058097,174.7133932988409,851.3358876977686,382.1826940776598,1,-1,-1,-1
87,1,1054.8989146712336,692.4448554998457,1143.3143464035657,903.5681640321484,1,-1,-1,-1
87,2,776.5569629396447,174.66031852833873,853.3550209204111,380.06997181969007,1,-1,-1,-1
88,1,1050.5473695814171,694.9525340245003,1138.248598985732,904.3551746020398,1,-1,-1,-1
88,2,780.7314977744154,172.66569620503836,857.1807122541841,376.8216724940402,1,-1,-1,-1
89,1,1048.1277100186346,696.9365775173694,1135.4748222643143,905.8987991066992,1,-1,-1,-1
89,2,784.2630311482629,172.09158611727207,860.0121552146437,374.34871063005744,1,-1,-1,-1
90,1,1046.1664442553435,697.1077478132522,1134.2278689495463,907.6966913606443,1,-1,-1,-1
90,2,787.7086799586283,170.09045682015784,864.1859566463946,374.14026465059044,1,-1,-1,-1
91,1,1040.764426894852,696.6103339840271,1129.6006886719433,908.7420784332651,1,-1,-1,-1
91,2,791.2843384401798,168.5281236907561,867.911349528878,373.4525118113857,1,-1,-1,-1
92,1,1038.8186930195127,701.0180918717605,1126.715049975711,911.4185586458774,1,-1,-1,-1
92,2,795.2734579557922,165.273675610245,871.8745986285961,369.7152813503355,1,-1,-1,-1
93,1,1034.6019436751121,703.0827072785493,1121.658893866534,911.8541680392683,1,-1,-1,-1
93,2,798.9605022474007,164.23915037825924,875.495408202176,367.8424334630582,1,-1,-1,-1
94,1,1031.959073798697,704.9012346705715,1119.157085392098,913.562808413145,1,-1,-1,-1
94,2,802.7933504034722,162.19380255987522,879.9152948951231,367.09481667419817,1,-1,-1,-1
95,1,1025.9960299199074,704.3948675081906,1114.5429067206383,915.7203238640374,1,-1,-1,-1
95,2,804.729068501194,159.5164423467153,882.8045907789806,367.3889583129594,1,-1,-1,-1
96,1,1023.3660481867552,704.9998039581648,1111.5023568904953,915.9645554758705,1,-1,-1,-1
96,2,807.9154115270796,159.98332831152928,885.0166799439646,365.72866718634964,1,-1,-1,-1
97,1,1022.3376802742406,709.6130110978403,1109.138646112381,918.0408803072571,1,-1,-1,-1
97,2,811.3256744921277,158.0652578424873,888.8462504110817,365.3343881288904,1,-1,-1,-1
98,1,1018.0263699402126,711.0383745160848,1105.1920155730877,919.7911575638152,1,-1,-1,-1
98,2,814.7297912089499,156.49782218473638,891.6455111455676,361.37964993379,1,-1,-1,-1
99,1,1015.2559371126305,711.8218387238161,1102.7391711872651,920.9735358547588,1,-1,-1,-1
99,2,818.9008876836234,155.8841488873013,895.8118705699349,360.1916194414731,1,-1,-1,-1
100,1,1010.0644038683128,712.8018773804232,1097.559244217415,921.7415905851765,1,-1,-1,-1
100,2,821.6954046394359,154.1990406582069,898.831790208115,359.4008873972174,1,-1,-1,-1
101,1,1006.9833945239417,714.0592238781069,1094.2718572384938,922.4686196110341,1,-1,-1,-1
101,2,826.3077161440428,152.8780307495726,903.5882299793165,358.49701919581526,1,-1,-1,-1
102,1,1002.2421922936986,714.6563954600521,1089.5722674408303,922.4364134302887,1,-1,-1,-1
102,2,828.9746657102781,150.94743496045794,907.1284975635292,358.9734979387074,1,-1,-1,-1
103,1,999.3243621047459,716.9932907267106,1087.4029720374233,926.2331543357095,1,-1,-1,-1
103,2,833.2376308684222,149.3879355436448,912.3516192173712,359.9233474397005,1,-1,-1,-1
104,1,993.8806270585337,717.8620213198177,1082.3984077875925,927.738243175674,1,-1,-1,-1
104,2,835.8255455191895,148.11549268924153,915.0599593190766,359.55660515217164,1,-1,-1,-1
105,1,991.2811532081272,718.5714670477786,1079.5195379739503,928.3306307506066,1,-1,-1,-1
105,2,839.4643941582646,148.43212855174872,916.6305475886023,354.1556050910227,1,-1,-1,-1
106,1,989.9705759547635,719.7780182658382,1077.2664114290626,928.2332236735581,1,-1,-1,-1
106,2,843.6999796764351,147.68178924707294,920.2902135504494,352.1513640558312,1,-1,-1,-1
107,1,985.5988646490097,720.5346005172005,1072.7151061378154,928.9626745405794,1,-1,-1,-1
107,2,847.81068988879,147.4866919044411,923.8973045171506,350.67019293276394,1,-1,-1,-1
108,1,983.2345102806074,721.3282759196427,1070.4927756573848,930.1300060087393,1,-1,-1,-1
108,2,851.2010609602486,146.59947215603287,927.7150558757962,350.91293266815194,1,-1,-1,-1
109,1,977.4244594722081,720.4494562230117,1065.9563805933678,932.219200728031,1,-1,-1,-1
109,2,855.046017288411,145.51787856142496,931.3332171314244,350.16749861181086,1,-1,-1,-1
110,1,974.562678122677,721.1885410102433,1062.6406721796193,931.934697017704,1,-1,-1,-1
110,2,858.9912716219982,144.09757631901755,935.8814091927494,350.6704486912083,1,-1,-1,-1
111,1,969.9811747609879,721.8995506901607,1057.286031058457,931.2148332317132,1,-1,-1,-1
111,2,862.3426202194047,143.34125432809793,939.2489143049293,350.74030675473443,1,-1,-1,-1
112,1,967.1907094788294,724.5509817073643,1054.3939274741351,934.3346835143136,1,-1,-1,-1
112,2,866.3223222964568,141.76616438939988,944.284591670168,351.96228301499445,1,-1,-1,-1
113,1,962.2615042697975,725.703485215274,1049.134874810713,935.4984950218713,1,-1,-1,-1
113,2,869.600238929977,141.12533172294224,947.1832881144176,350.8548137605263,1,-1,-1,-1
114,1,959.8063498734996,726.5655729050197,1046.3206100074938,935.794456335618,1,-1,-1,-1
114,2,874.0840639131086,141.00606246854443,951.6358877161781,350.57234432439054,1,-1,-1,-1
115,1,955.2012631714672,727.8428377245287,1040.9371318494545,935.1041852363695,1,-1,-1,-1
115,2,876.9846535499065,140.08398462768832,954.9291414947282,350.7823201580825,1,-1,-1,-1
116,1,952.3016771019285,727.7206044604497,1038.3176904625561,935.716478243967,1,-1,-1,-1
116,2,879.1513023096519,139.22747114422276,958.1293829549886,352.0111231161105,1,-1,-1,-1
117,1,946.8996454939272,727.8474018547884,1033.0809408749062,935.8486044478303,1,-1,-1,-1
117,2,883.5308060351186,138.68866763499778,961.2027030250913,347.87171178777555,1,-1,-1,-1
118,1,944.5447802327179,728.1871289340952,1030.1232297415195,935.2269814370833,1,-1,-1,-1
118,2,887.6849280662343,139.501677096393,964.1908907239193,345.4461799199879,1,-1,-1,-1
119,1,939.5182822069926,728.479981888797,1024.6769748951126,934.5017477750298,1,-1,-1,-1
119,2,891.9068161443032,139.14521906978416,968.4570945633056,345.29979356815886,1,-1,-1,-1
120,1,936.5624994355928,728.6201742841544,1021.7896675665397,934.8590226246843,1,-1,-1,-1
120,2,895.6515114195863,138.97669926657218,972.3876755861479,345.19650586037983,1,-1,-1,-1
121,1,930.9105615664075,728.3402293114175,1016.5033859039061,935.2199496884355,1,-1,-1,-1
121,2,899.6270542076,138.6534631001365,976.47056546898,345.1687232872873,1,-1,-1,-1
122,1,928.0803775511226,727.7568596179707,1014.1673733214459,935.7158379453208,1,-1,-1,-1
122,2,902.924810455114,138.85022838066843,979.8813872392124,345.40641871010484,1,-1,-1,-1
123,1,926.7079678741106,728.296803564142,1012.2272651955028,935.2193492401329,1,-1,-1,-1
123,2,907.048753830623,139.41044669206394,983.6961735215821,344.83699599071156,1,-1,-1,-1
124,1,922.402020700541,728.8368423521811,1007.4911670312199,934.6822247438832,1,-1,-1,-1
124,2,910.8529485292771,139.3180751650352,987.7622502611177,344.9362501473213,1,-1,-1,-1
125,1,919.7623831533083,728.2157517325047,1005.2015783521076,935.2091588536402,1,-1,-1,-1
125,2,915.0593295452534,139.25775089059016,992.2112834785446,345.07017235587796,1,-1,-1,-1
126,1,914.7576651715721,728.4988375417212,999.639821176599,934.95754102509,1,-1,-1,-1
126,2,918.0118402841676,138.68261019385713,995.2337853088734,345.072531137337,1,-1,-1,-1
127,1,912.3863785808029,727.8676117883338,997.5036933022202,935.2112977958552,1,-1,-1,-1
127,2,920.7546575348986,139.93612392605257,997.2836290274685,344.4477390984857,1,-1,-1,-1
128,1,907.6628646482363,728.2795903196863,992.2815311822953,934.3833274740228,1,-1,-1,-1
128,2,925.5458165113251,139.74966225752053,1002.1409187261473,344.4764258716135,1,-1,-1,-1
129,1,905.1252254560156,728.1545770225162,989.9200617427418,934.8809965443587,1,-1,-1,-1
129,2,930.8768937771413,139.1990010041005,1008.387860399274,345.5903539796541,1,-1,-1,-1
130,1,899.3832275747849,727.4845631599844,984.6138855880757,935.3980547775948,1,-1,-1,-1
130,2,933.7235990223918,138.8216686567361,1011.6444412284754,345.93820970397974,1,-1,-1,-1
131,1,896.8142659719525,727.4486962997373,981.6979694641485,935.3486369402393,1,-1,-1,-1
131,2,938.180908976527,139.07767542897156,1016.0068872838212,345.8769457536754,1,-1,-1,-1
132,1,891.9522915175213,728.506333816473,975.888877149425,934.2872945255241,1,-1,-1,-1
132,2,941.5908663557939,138.8381697492199,1019.3748000640066,345.5061128350836,1,-1,-1,-1
133,1,889.3224185617395,728.3304597720982,973.1122007462899,934.1411708012017,1,-1,-1,-1
133,2,946.5727920733909,140.23845315001677,1023.5912941073527,344.94890075579224,1,-1,-1,-1
134,1,883.6733766404016,724.5498578562458,967.5073163550295,930.3670403125348,1,-1,-1,-1
134,2,949.40882843768,140.34138751150547,1025.9004266325153,344.35004307491363,1,-1,-1,-1
135,1,881.1128579531958,726.1265436190953,965.4556941755824,933.0679850784634,1,-1,-1,-1
135,2,951.964894204284,140.4760312154911,1028.2338338915335,344.10049435052747,1,-1,-1,-1
136,1,875.6775477888266,723.5923975878054,960.0617013055745,929.8474308696462,1,-1,-1,-1
136,2,955.2155828188779,140.8774975781236,1032.6583790666577,348.1617735958065,1,-1,-1,-1
137,1,872.7975360739703,722.3969811057283,957.6465215268444,929.2638548910057,1,-1,-1,-1
137,2,959.0874613781727,141.29173185354784,1036.828216903279,349.6276021029381,1,-1,-1,-1
138,1,867.02384875082,721.4536758133922,952.5174967537924,929.466938597488,1,-1,-1,-1
138,2,963.3745116725072,141.40134189682288,1041.5299132794412,351.3361253102199,1,-1,-1,-1
139,1,864.1467848096873,720.8074289255867,950.0066371067101,930.2149069597998,1,-1,-1,-1
139,2,966.6744224635407,142.23015857877422,1043.9796718540113,350.74434221876584,1,-1,-1,-1
140,1,862.7351182780509,720.5934014068501,948.4802261312374,930.1720003837283,1,-1,-1,-1
140,2,970.771225844108,142.57042869921412,1048.0351085718466,351.2639043692119,1,-1,-1,-1
141,1,858.2749551076242,720.9246943622277,943.3628385716952,929.1604498748662,1,-1,-1,-1
141,2,974.560571288215,143.5958274152947,1051.3903262347828,351.8905479784297,1,-1,-1,-1
142,1,855.9511771681306,720.5260836566594,941.4810501671715,929.719780780587,1,-1,-1,-1
142,2,979.105260345632,145.05277026471185,1055.6150633264815,352.2610406907054,1,-1,-1,-1
143,1,850.4780063315606,719.6510608603812,936.6593786529037,930.1415747544911,1,-1,-1,-1
143,2,981.8957176855417,145.66620104647257,1058.0626218283383,351.8998596763078,1,-1,-1,-1
144,1,848.2633035489748,719.785020890981,934.0331867363817,929.7333572134028,1,-1,-1,-1
144,2,986.8109429591351,146.85005363328062,1062.8020186165727,352.19427829483175,1,-1,-1,-1
145,1,847.2499854894613,719.6035987459517,932.382607563881,928.5193765540278,1,-1,-1,-1
145,2,989.8816342788563,147.23855343135628,1065.7645514642966,352.229759943437,1,-1,-1,-1
146,1,842.9785890224148,720.1537322764002,927.05553028875,926.7930106339744,1,-1,-1,-1
146,2,995.0011436259285,148.47547271006087,1070.7851816298632,352.69833996716795,1,-1,-1,-1
147,1,840.1071231106442,718.6142877573681,925.0323591854975,928.0583947630075,1,-1,-1,-1
147,2,997.125733115757,149.15596135693892,1074.4507704608436,357.5143310852443,1,-1,-1,-1
148,1,834.6129955444235,717.3572146816574,920.2121801573761,928.7767098316276,1,-1,-1,-1
148,2,1000.2172418101485,151.15727761755758,1077.1442393730235,358.36612736199754,1,-1,-1,-1
149,1,832.2071884449688,717.4747300827248,917.4203514065682,928.2975300942426,1,-1,-1,-1
149,2,1004.3347750906593,150.93137240332464,1081.803767733907,359.55200637050666,1,-1,-1,-1
150,1,827.0397949638259,717.6880836535589,911.8399739291747,927.4837388838083,1,-1,-1,-1
150,2,1007.9050479195233,152.97720446297023,1084.350608225306,359.68729422592037,1,-1,-1,-1
151,1,824.6065692739334,714.5488536978818,909.1251108445837,924.2274475102013,1,-1,-1,-1
151,2,1011.9786901898821,153.73593660531333,1088.3378091998413,360.5204671461879,1,-1,-1,-1
152,1,819.0885011439192,712.3008221903344,903.8003344725339,922.661243671437,1,-1,-1,-1
152,2,1015.5726480690004,154.6093463411691,1091.3334582386701,360.5894788841215,1,-1,-1,-1
153,1,816.5332998915208,710.6031473885432,901.6507374297978,921.857911622727,1,-1,-1,-1
153,2,1019.9963810590541,155.59371429714977,1095.4762270016565,360.7605421670602,1,-1,-1,-1
154,1,811.2742602806395,709.9342208301312,896.3352254361822,920.8912226927779,1,-1,-1,-1
154,2,1022.6872326829061,156.81087363783502,1099.0756421719416,364.92518207729165,1,-1,-1,-1
155,1,809.1807248567686,709.7176880805295,893.8044957451185,919.9067816781003,1,-1,-1,-1
155,2,1026.9812561806705,158.21747612345104,1103.4905579204521,366.9917811076592,1,-1,-1,-1
156,1,807.4440482077496,705.074518019586,892.4264970420278,917.0239167157555,1,-1,-1,-1
156,2,1029.5648992363124,159.6772477308637,1105.61809022563,367.6466551283204,1,-1,-1,-1
157,1,801.8817120885685,701.1805348466683,888.4611040026191,917.4274900079472,1,-1,-1,-1
157,2,1032.616856325445,161.278690025145,1107.6596742761667,366.93021628495774,1,-1,-1,-1
158,1,800.0359976236272,700.6155113314696,885.902178734771,915.8874792033678,1,-1,-1,-1
158,2,1036.607354230669,162.16134456021413,1111.3468679485695,366.94876363380024,1,-1,-1,-1
159,1,795.58569942221,700.8043497917735,880.3514508823281,913.9641226931857,1,-1,-1,-1
159,2,1039.9958390907807,163.38162281645555,1114.5802161232455,367.75755875930804,1,-1,-1,-1
160,1,792.9647157668464,699.6214247443619,877.9189975972266,914.0533808466657,1,-1,-1,-1
160,2,1043.6708289167357,164.38950871893317,1120.0291634398973,373.4272926744077,1,-1,-1,-1
161,1,791.7135838253035,695.4041053107478,876.7027723127624,910.3897693842662,1,-1,-1,-1
161,2,1045.8464899194462,165.8218238407102,1122.6459755404708,376.15644636752745,1,-1,-1,-1
162,1,786.707037672797,693.4211964584972,871.5342953264967,908.3154976050103,1,-1,-1,-1
162,2,1051.398241544431,169.23052327206196,1127.0336604375311,376.4481968672268,1,-1,-1,-1
163,1,785.1383773901059,693.4951130465512,868.816632739021,906.0614229745181,1,-1,-1,-1
163,2,1054.1839629204526,170.6820884474212,1129.5017592330971,377.2289804804011,1,-1,-1,-1
164,1,780.0718179833641,692.867814377203,863.5571784604109,904.9091357257582,1,-1,-1,-1
164,2,1056.9698200270327,173.56967700259014,1132.2871912544344,380.18770575202524,1,-1,-1,-1
165,1,777.3333570077026,688.1726229901078,861.2452336581189,901.7611367310819,1,-1,-1,-1
165,2,1060.8172877465363,174.73530025224161,1137.024391912994,383.372038464076,1,-1,-1,-1
166,1,776.1655843733013,685.807528790277,860.2435057593755,900.3127525897651,1,-1,-1,-1
166,2,1063.8951728142272,177.13900342950126,1139.1626695822224,383.43420952689644,1,-1,-1,-1
167,1,771.6065105885332,685.1497395715081,855.1031007844678,898.5448897017745,1,-1,-1,-1
167,2,1068.0101499978791,178.3337490115807,1143.2851138703738,384.2311923342845,1,-1,-1,-1
168,1,769.4356264763037,684.2305070339529,852.6958911056703,897.5655859030032,1,-1,-1,-1
168,2,1071.1216789028892,179.55177520129146,1146.4300235408657,384.8345842853654,1,-1,-1,-1
169,1,764.876671527031,685.5334878397728,846.5886919554642,895.2609058023211,1,-1,-1,-1
169,2,1075.062926826781,181.13839608921563,1151.32540848864,388.91634278599236,1,-1,-1,-1
170,1,762.3899509542293,680.9829570058855,844.1801789388501,891.2688493356388,1,-1,-1,-1
170,2,1076.7778021617034,182.7895760944923,1153.4367899296,391.6534594806768,1,-1,-1,-1
171,1,760.9891776045482,678.2321755656742,843.3374451876124,890.3241388084502,1,-1,-1,-1
171,2,1078.973231336748,184.74534300259722,1155.4777954237404,393.2739520465285,1,-1,-1,-1
172,1,756.2884899397749,677.4769992961596,838.0968452095586,888.5318718486616,1,-1,-1,-1
172,2,1083.2358533987838,187.13453581569672,1159.2511154425627,394.1735716809194,1,-1,-1,-1
173,1,750.2006621021437,674.818388865705,830.8803884557117,882.199592206525,1,-1,-1,-1
173,2,1085.8538925108514,188.46532419185206,1162.9393898701246,398.7120988860203,1,-1,-1,-1
174,1,746.9509832340908,672.3856004439974,828.4854305564899,881.4193860682769,1,-1,-1,-1
174,2,1090.3905171605506,191.05231464347128,1167.3316205481194,400.7734187238224,1,-1,-1,-1
175,1,745.4320699688739,669.8643264290539,827.6484685830187,880.3891357083879,1,-1,-1,-1
175,2,1092.7261214021569,193.81134654162088,1169.3523111588504,402.3285427327952,1,-1,-1,-1
176,1,740.3170669338474,665.3117306328336,822.8919292889944,876.1062532027825,1,-1,-1,-1
176,2,1095.0456422498467,196.59907067814765,1171.8087314129816,405.60196781155526,1,-1,-1,-1
177,1,737.817362534232,663.2269481775588,820.5354964278301,874.2196573752365,1,-1,-1,-1
177,2,1099.212299069415,198.09091909315396,1176.4003154269274,407.78409564634126,1,-1,-1,-1
178,1,736.8788359300584,662.3460895090773,819.4897383090653,873.1499731312741,1,-1,-1,-1
178,2,1101.7723689029829,200.02757590243806,1178.686567873684,409.23529163677654,1,-1,-1,-1
179,1,735.9500446380193,660.3107461834145,819.5899257703339,873.5232074161128,1,-1,-1,-1
179,2,1104.4098850531313,203.19961100649203,1180.3732079028027,409.47478491050913,1,-1,-1,-1
179,3,768.7486561547648,566.4039306640625,890.8611705053912,813.7682861328125,1,-1,-1,-1
180,1,731.43893328453,659.8679731686722,814.9474144322039,872.8000053755467,1,-1,-1,-1
180,2,1107.3627186031808,205.20357828777588,1184.2868408923189,413.81641923073437,1,-1,-1,-1
180,3,768.2959969402212,566.4220377120007,889.2178845526652,811.1867978748503,1,-1,-1,-1
181,1,729.2370168179575,655.5765937187621,812.6871119101647,868.4598470282349,1,-1,-1,-1
181,2,1109.685292161129,207.09200385865284,1186.5600357304663,415.9123966930821,1,-1,-1,-1
181,3,767.744294734587,566.5931718707886,888.3999598072681,810.4803473029081,1,-1,-1,-1
182,1,724.1597679423612,653.509120311996,807.1568784364063,865.2943129844163,1,-1,-1,-1
182,2,1114.7393948316799,210.40644054978355,1190.4411527517752,416.267090011413,1,-1,-1,-1
182,3,767.3390224801175,572.2851385502781,888.1749821778152,816.2137730058096,1,-1,-1,-1
183,1,721.9068822931389,649.336227529947,804.6657097537453,860.3558059263753,1,-1,-1,-1
183,2,1117.0272697514913,212.00922473526532,1192.6340898377211,417.4635309508923,1,-1,-1,-1
183,3,767.1563487875981,574.4496994574127,887.8389095258829,817.7939791392535,1,-1,-1,-1
184,1,720.7563490758469,646.916191587057,803.694441336053,858.3064630775398,1,-1,-1,-1
184,2,1118.9722909452187,214.5092129177384,1195.4471479868369,422.54482327164806,1,-1,-1,-1
184,3,762.0597397881581,575.1834173308496,882.7291698303286,817.9404140159287,1,-1,-1,-1
185,1,716.4173512222626,646.3104552953935,798.8953568902618,856.1812505159048,1,-1,-1,-1
185,2,1122.974713250854,218.0160068753707,1198.9480531794593,424.5938689853997,1,-1,-1,-1
185,3,760.3245990296183,575.6230103110246,880.844613157602,817.431981045241,1,-1,-1,-1
186,1,713.8135810944782,641.7877750874679,796.3313707020249,851.8945960253548,1,-1,-1,-1
186,2,1124.789915810532,220.84730394522532,1201.4423200458662,429.28024329558684,1,-1,-1,-1
186,3,759.8447306581847,571.9380410542074,879.3517694792405,810.8266732033928,1,-1,-1,-1
187,1,708.536646166733,639.7635548261161,791.18055984838,849.8158492816083,1,-1,-1,-1
187,2,1127.0802364650192,223.22780349790958,1203.3186985388177,430.75916998783714,1,-1,-1,-1
187,3,759.2859473229146,570.0967586392699,879.1105682716816,808.720031300032,1,-1,-1,-1
188,1,706.1386800342111,637.4554221045855,789.1432192942029,848.6242164922711,1,-1,-1,-1
188,2,1131.3729625985463,226.5229710104054,1206.6245655555006,431.6533075522849,1,-1,-1,-1
188,3,759.3332652742624,570.1875078207665,878.7948045459214,807.1081539980235,1,-1,-1,-1
189,1,704.7722476805433,633.0873592627474,787.8091515415593,844.378635568885,1,-1,-1,-1
189,2,1133.787112558932,228.2286315372442,1209.0103160745484,433.1480996446365,1,-1,-1,-1
189,3,759.3284295767031,570.7838110797906,878.4250721600885,806.0261370346168,1,-1,-1,-1
190,1,700.3757852984879,632.0018445280477,782.9694853229598,841.8007269890627,1,-1,-1,-1
190,2,1136.6027227801637,232.12480335931969,1211.3995092892128,436.32153095813385,1,-1,-1,-1
190,3,754.6247077853171,571.3399121947748,873.7047763073406,805.1764000814123,1,-1,-1,-1
191,1,698.4603327758027,631.0128583698499,780.8097522468097,840.0992390935924,1,-1,-1,-1
191,2,1140.3047683431646,235.15648711041774,1214.8272617796727,438.9523516414936,1,-1,-1,-1
191,3,752.8897994522672,572.0566663577367,872.0397550442506,804.3965570667592,1,-1,-1,-1
192,1,697.0501229220937,628.8489640142051,779.821332533109,839.7532254018184,1,-1,-1,-1
192,2,1142.2132400008525,236.23956214708502,1217.2210648194364,441.27951661865256,1,-1,-1,-1
192,3,751.7793880324109,572.2305034992104,871.5617679556692,804.295996337243,1,-1,-1,-1
193,1,696.0456496897408,623.4470408511637,779.4539904779806,835.9394202959662,1,-1,-1,-1
193,2,1143.6609227466458,239.31218405416564,1218.8960739696502,445.19723608271397,1,-1,-1,-1
193,3,751.3346557079981,572.4121890053167,871.6288494318164,804.0495531297072,1,-1,-1,-1
194,1,691.7770564946441,621.6141755916997,774.6405929260613,832.6695569117534,1,-1,-1,-1
194,2,1148.1215231762972,243.02975935164528,1222.182734574683,446.1745748219429,1,-1,-1,-1
194,3,750.7148779501672,572.4887190397446,872.092692489274,804.1297033788846,1,-1,-1,-1
195,1,689.8981753435512,617.7274092273016,772.363124339907,827.6788764102005,1,-1,-1,-1
195,2,1150.1820448566207,244.60645656394144,1224.2478241877852,447.6634754084543,1,-1,-1,-1
195,3,750.795518978887,573.3564563673749,872.1985039064191,803.3383994876991,1,-1,-1,-1
196,1,688.8000178163497,615.4402157394231,771.28109713228,825.41720671787,1,-1,-1,-1
196,2,1152.2976244484275,247.36619775392364,1226.8958112416385,452.41431624471716,1,-1,-1,-1
196,3,750.9191573973163,574.0530947186528,872.3333884717048,802.6529363924404,1,-1,-1,-1
197,1,684.6050389461174,614.7602055131391,766.7389385661613,823.3972604523534,1,-1,-1,-1
197,2,1155.8177379430392,250.62616235283048,1230.061777947051,455.2308747648508,1,-1,-1,-1
197,3,750.2323870183224,573.5080852245571,872.9959353714736,803.2949283874299,1,-1,-1,-1
198,1,681.7456810559448,609.6262785795055,764.7334036167314,819.992222964781,1,-1,-1,-1
198,2,1157.4878537627974,252.46618921179947,1231.8268258785527,457.13081739471386,1,-1,-1,-1
198,3,749.7486166815038,573.626125144567,873.2408821466581,803.0987452397486,1,-1,-1,-1
199,1,680.3827060378293,606.7946719676265,763.7653585117461,818.0006907613919,1,-1,-1,-1
199,2,1158.856367065629,256.12795459747593,1233.2426060738874,461.10928621591813,1,-1,-1,-1
199,3,749.7977216989323,574.1991089460937,873.5220362793616,802.488413125986,1,-1,-1,-1
200,1,676.039493410794,604.9274648757768,759.7730401250253,816.5836176136922,1,-1,-1,-1
200,2,1160.3179666385674,259.4196692330436,1234.5467490876338,463.88374945875245,1,-1,-1,-1
200,3,751.1244283170092,576.5767579166616,872.8214775224706,799.8935930937806,1,-1,-1,-1
201,1,674.0494845391717,601.2377941389075,757.4734957774281,811.9293748467444,1,-1,-1,-1
201,2,1164.1492886683861,263.57061703720194,1238.3966001893914,468.1631209652941,1,-1,-1,-1
201,3,752.2767427729018,578.9310579169186,871.9861268862381,797.2398662157271,1,-1,-1,-1
202,1,673.0982302353743,599.3561918607215,756.2380612275321,809.3852212494206,1,-1,-1,-1
202,2,1165.7577714518463,265.99142616265334,1240.01353915891,470.9283560061999,1,-1,-1,-1
202,3,751.7301799204648,578.980207767591,872.51688548833,797.162939529326,1,-1,-1,-1
203,1,672.3558760618996,597.8499855630275,755.6574657533929,807.6574817486021,1,-1,-1,-1
203,2,1167.9469131824758,267.58586684163424,1242.3767639051014,473.4808267747191,1,-1,-1,-1
203,3,752.0322175688057,575.9574295255097,872.1292833219404,790.0467462989526,1,-1,-1,-1
204,1,667.8947602488007,593.214166874388,752.0290311233664,803.9611132360664,1,-1,-1,-1
204,2,1169.7086807534204,271.8042806693753,1243.7625563265076,477.25854139824844,1,-1,-1,-1
204,3,751.6655198088755,575.104758300605,872.2636205967767,787.0114834342812,1,-1,-1,-1
205,1,665.8637341163128,590.3714884285585,750.2698037770435,801.1315528057085,1,-1,-1,-1
205,2,1172.8501013072848,275.50552761038927,1246.2394363793956,478.97648948773576,1,-1,-1,-1
205,3,751.2258632286827,575.5789884529656,872.3835121521358,784.9443217766491,1,-1,-1,-1
206,1,664.5122394847868,588.1967272274285,749.4191572199619,799.8429350099686,1,-1,-1,-1
206,2,1174.2345486129923,279.27514802689274,1248.0244961835658,484.25024466144674,1,-1,-1,-1
206,3,750.5571486710955,576.1506645176651,872.8319591119825,783.7886601590684,1,-1,-1,-1
207,1,663.2432666101516,582.8350907095218,749.1075506611138,796.1425941561307,1,-1,-1,-1
207,2,1175.579566241139,282.05572434842225,1249.3131710544192,487.38310664335467,1,-1,-1,-1
207,3,750.0038491103687,576.6504514295038,873.4853598316969,782.9961847593003,1,-1,-1,-1
208,1,658.8756985961269,580.8345651273821,744.9542302585699,793.5371231830753,1,-1,-1,-1
208,2,1177.7502772672185,285.68307798178563,1250.444889423928,488.3943305304978,1,-1,-1,-1
208,3,749.1558346965016,576.9424644172001,874.0909302245275,782.712858480968,1,-1,-1,-1
209,1,656.7659273668354,576.599242692006,742.7865472136755,788.5359772069943,1,-1,-1,-1
209,2,1179.0646393775723,290.21696074334346,1251.2236024799888,491.45692495974345,1,-1,-1,-1
210,1,655.9112243193066,574.3346101121734,741.5327238799714,784.8412958591147,1,-1,-1,-1
210,2,1181.8084297092375,292.76764786379687,1254.1245487575427,494.09974044946625,1,-1,-1,-1
211,1,655.2471055339367,570.0962745181479,740.7795252310366,779.3603876751285,1,-1,-1,-1
211,2,1183.6064898908553,296.40432977760713,1256.42101417605,499.39343742305294,1,-1,-1,-1
212,1,651.3559389085578,568.1933124267623,736.852875156923,776.304488429838,1,-1,-1,-1
212,2,1185.1872613626506,299.31027925414,1258.1166655822826,503.1782951660069,1,-1,-1,-1
213,1,649.9207823580891,566.9374284521163,735.0806420455897,773.9142746671009,1,-1,-1,-1
213,2,1188.5556591518898,303.6169345577701,1261.5071899299435,507.5295068958485,1,-1,-1,-1
214,1,648.9011297256582,562.6277752885499,734.1548034079643,769.5207369812921,1,-1,-1,-1
214,2,1189.8507618993958,305.9092321213106,1262.8985512398344,510.21170572929935,1,-1,-1,-1
215,1,647.7173367184857,558.820906767359,734.0823000259327,768.1770121449666,1,-1,-1,-1
215,2,1190.4655741436393,308.20298507627734,1263.2855363638507,511.74569025447227,1,-1,-1,-1
216,1,646.3843180596689,552.7580864001676,733.9068254460506,764.6294484519753,1,-1,-1,-1
216,2,1191.60344221031,312.2793184296181,1264.3262421241288,515.8398545505449,1,-1,-1,-1
217,1,641.8377020308768,550.109317490652,729.686554328102,762.145294289901,1,-1,-1,-1
217,2,1193.071916540555,315.4630494416959,1265.8063928201298,519.0239642799472,1,-1,-1,-1
218,1,640.0417771082958,545.6137567283974,727.56224752879,756.5887124435478,1,-1,-1,-1
218,2,1194.4314203785377,321.00824988397187,1266.457488334676,522.5344093106044,1,-1,-1,-1
219,1,639.3843945273335,543.6040378945389,726.5341117242722,753.5317788310522,1,-1,-1,-1
219,2,1197.3482392365154,323.39656544347935,1269.0408172060165,523.9848446849282,1,-1,-1,-1
220,1,639.2094998026055,541.6661468248456,726.1326703034246,751.2579732680115,1,-1,-1,-1
220,2,1198.2646867708258,326.2527569109708,1269.8218626866674,526.462269388036,1,-1,-1,-1
221,1,639.3222268001308,537.9805125408159,725.5122739583595,745.6501722053855,1,-1,-1,-1
221,2,1198.9608386696677,329.6897503635082,1270.9875105083179,531.853023826435,1,-1,-1,-1
222,1,639.3578924652011,535.4448461408003,725.2289699805486,742.4879714070723,1,-1,-1,-1
222,2,1200.5829704578596,333.2339045030239,1272.4707024663835,535.346164051327,1,-1,-1,-1
223,1,638.8832545778868,530.2421775139157,725.0251692449098,737.6713056591238,1,-1,-1,-1
223,2,1201.8044673460902,337.81816699706883,1273.6560953639182,539.841354613214,1,-1,-1,-1
224,1,635.7289734271454,528.0410617453317,721.0954663658185,733.9026885895884,1,-1,-1,-1
224,2,1202.9109730640018,341.69466955339396,1274.1343891096817,541.7259666750358,1,-1,-1,-1
225,1,634.0626962657051,523.9309500567144,718.7716776876938,728.8167505924082,1,-1,-1,-1
225,2,1205.6016609095248,345.2260681330937,1277.2879177328966,546.8514042899085,1,-1,-1,-1
226,1,633.2571960542159,520.6446214407295,718.2017837792978,726.6187755153918,1,-1,-1,-1
226,2,1206.665349085778,348.44562365066565,1278.3797039427857,550.6400964493746,1,-1,-1,-1
227,1,632.5368724969378,515.6285030570265,717.4141792104903,721.7931581605502,1,-1,-1,-1
227,2,1207.476009968033,350.91252251570506,1278.6241148327686,551.583655421899,1,-1,-1,-1
228,1,632.2684205990737,511.63236064070463,717.502479001018,719.2701875330471,1,-1,-1,-1
228,2,1208.2896863144827,354.7866782298055,1279.5014246678602,555.4319869950333,1,-1,-1,-1
229,1,632.4061411689648,507.24972775412476,716.8532417612828,713.191268695962,1,-1,-1,-1
229,2,1209.4587684909511,358.90920104528703,1280.1687525783889,557.5114931504787,1,-1,-1,-1
230,1,632.4244459288375,504.8227413299023,716.3593839695942,709.6322427463963,1,-1,-1,-1
230,2,1210.0431568826968,363.3155861369624,1281.3308990962007,563.0718739229978,1,-1,-1,-1
231,1,629.234482785282,501.327682554395,712.0409208990127,703.2361906300995,1,-1,-1,-1
231,2,1213.0092605779819,366.14363036485577,1284.4410322979743,566.0236715993092,1,-1,-1,-1
232,1,627.6837461642766,497.9242658718868,710.8034225797628,700.4522803062141,1,-1,-1,-1
232,2,1214.0361246878747,370.2089641607316,1285.9857340958379,571.1289023861651,1,-1,-1,-1
233,1,627.162223598426,493.57433410378394,709.6903816099631,694.3429053908994,1,-1,-1,-1
233,2,1214.0966370776332,372.4847883274806,1286.4974003616219,574.2696518466208,1,-1,-1,-1
234,1,626.8540179423784,490.8685585656855,709.1997492444161,691.177916639877,1,-1,-1,-1
234,2,1214.2355755438575,376.23204617212355,1287.7287578898756,580.3344523315313,1,-1,-1,-1
235,1,626.4677002936323,485.9294986154859,708.970054761181,686.3241569393817,1,-1,-1,-1
235,2,1214.4974754311743,380.2205746397095,1287.9666485573125,583.3651763060427,1,-1,-1,-1
236,1,626.0346626226501,483.5296111733197,708.3826755598046,683.4142036665929,1,-1,-1,-1
236,2,1214.315065991869,383.4999064823303,1288.7298564723837,589.1811663490646,1,-1,-1,-1
237,1,625.3860156145204,478.19723079615494,708.2129721518327,678.6996920117964,1,-1,-1,-1
237,2,1214.8491277501998,386.85072714148777,1289.4238679170714,592.4888917129435,1,-1,-1,-1
238,1,624.8102023456439,475.2960558084726,707.6360583954277,675.743302265658,1,-1,-1,-1
238,2,1215.606099919607,391.49084974625094,1290.3553715078172,597.9376123566707,1,-1,-1,-1
239,1,624.516601314037,472.9189228111567,707.7148779886902,674.6218965529508,1,-1,-1,-1
239,2,1215.614680804083,394.77060712349333,1290.5773915095092,601.7673293746427,1,-1,-1,-1
240,1,621.2772419047451,468.598124586572,704.4495103581778,669.6354802221989,1,-1,-1,-1
240,2,1216.3356961627437,399.2377756953789,1291.2440122048315,605.8620824268123,1,-1,-1,-1
241,1,622.8309091282731,464.7373562911108,706.8528151365983,668.0162207100485,1,-1,-1,-1
241,2,1216.6281821780706,402.8753269877186,1291.4409761960885,608.8922272598002,1,-1,-1,-1
242,1,620.6321635834989,461.13720788821786,703.7384795480637,661.9657980397124,1,-1,-1,-1
242,2,1217.1423189752254,407.6820969282469,1291.9604690848075,613.3145854267868,1,-1,-1,-1
243,1,619.8663240853755,458.8828606831857,702.6083744240007,658.753809299415,1,-1,-1,-1
243,2,1217.3476691774192,411.54763874597194,1291.8647701668942,616.3424963591289,1,-1,-1,-1
244,1,619.1981651524404,454.53381747354763,701.8554561793509,653.9829313111798,1,-1,-1,-1
244,2,1217.2347600445528,415.81559763571346,1291.8191256065563,620.504921450505,1,-1,-1,-1
245,1,618.4856318629987,451.302124674264,701.519280359693,651.8924270268719,1,-1,-1,-1
245,2,1219.1354378974388,418.10771523351536,1294.5929005057728,624.7266772539995,1,-1,-1,-1
246,1,617.6750332067028,446.4112052844978,700.8222178908172,646.9711955256578,1,-1,-1,-1
246,2,1220.0663330453635,420.4785575473785,1295.3941399349017,626.1647933102355,1,-1,-1,-1
247,1,617.3121290192757,443.65781373024396,700.5187908667549,644.5173860966855,1,-1,-1,-1
247,2,1220.0271969052108,424.28777633421237,1296.0016941792937,631.3414569050269,1,-1,-1,-1
248,1,617.5865325243387,441.178758905927,700.9478928982999,642.6255563451334,1,-1,-1,-1
248,2,1219.9817044537515,427.34019657283017,1296.140082428565,634.4941769049078,1,-1,-1,-1
249,1,617.2503147482822,436.6828811864646,700.9274104954336,638.8852891218141,1,-1,-1,-1
249,2,1219.9586121288294,431.64381403738804,1296.6335115356833,639.6028292779126,1,-1,-1,-1
250,1,617.5947432223171,433.26879565333286,701.2925226800481,635.9730430159019,1,-1,-1,-1
250,2,1220.129530430832,435.2278927919964,1296.6712618323093,642.0486941873902,1,-1,-1,-1
251,1,617.3019915468662,429.81386951876027,700.2627211267215,631.178214425979,1,-1,-1,-1
251,2,1220.1045332107017,439.2905903273095,1297.065210146031,646.7645426675979,1,-1,-1,-1
252,1,617.5169902799074,427.6053997450312,700.3725473891737,628.9548700063012,1,-1,-1,-1
252,2,1219.8413735311422,442.4010489899228,1297.0335404056773,649.950441330122,1,-1,-1,-1
253,1,617.7904093192132,424.62163417723895,700.8260808003636,626.8715874102277,1,-1,-1,-1
253,2,1219.4643562081849,446.4415212711989,1297.2212468634448,655.0554792579986,1,-1,-1,-1
254,1,617.7284078778205,420.0666464678291,700.8236335402457,622.9395604990696,1,-1,-1,-1
254,2,1219.3353656288234,449.81432777889046,1297.1325755160565,658.070178249822,1,-1,-1,-1
255,1,617.8149825085962,416.2197311059981,701.0229663640469,620.2679199220825,1,-1,-1,-1
255,2,1219.2913068891999,453.7925087932341,1297.6185711336725,663.1259443138118,1,-1,-1,-1
256,1,617.8365880946585,412.26988166386695,700.5874530402857,615.6936455998386,1,-1,-1,-1
256,2,1219.3260100885425,457.3003926367342,1297.586292186295,666.0783221171,1,-1,-1,-1
257,1,618.289107496349,408.969921836274,700.6275389592488,612.138793018948,1,-1,-1,-1
257,2,1219.5851565389762,459.914348928371,1297.387241361011,666.8848445397982,1,-1,-1,-1
258,1,618.822884094782,404.2167462984188,701.0395380573536,607.3052177095419,1,-1,-1,-1
258,2,1219.2647802409026,464.19806259388866,1297.4064254866264,671.8668567375097,1,-1,-1,-1
259,1,619.2032464305623,400.52299639772684,701.2564355752074,603.8982090213868,1,-1,-1,-1
259,2,1219.454689378233,467.55338638210713,1297.2973258487755,673.9315839861545,1,-1,-1,-1
260,1,619.3075291661885,396.6131244189381,700.8007883650291,599.0513689266543,1,-1,-1,-1
260,2,1218.88925618753,472.0639686869259,1297.2653674141955,679.4117545845946,1,-1,-1,-1
261,1,619.7259585648568,393.06943013295034,701.5232066149866,596.6367473309124,1,-1,-1,-1
261,2,1216.190686722782,475.900547700224,1294.145806540664,681.4741041460607,1,-1,-1,-1
262,1,620.1875748512468,388.7660891468804,701.5238899154565,591.4026891819774,1,-1,-1,-1
262,2,1214.7828870629016,479.893301396477,1293.4361400508974,686.6546637607009,1,-1,-1,-1
263,1,623.5153323544681,384.59555499927336,705.181448191444,589.0547169480999,1,-1,-1,-1
263,2,1213.9471931762641,483.52112137366174,1292.416522521973,688.9534788404266,1,-1,-1,-1
264,1,622.4835785973906,381.3260510514751,702.9092269701526,583.0156846073062,1,-1,-1,-1
264,2,1213.373523865644,487.140062972094,1292.5335231541387,693.7358521303884,1,-1,-1,-1
265,1,625.1638968727844,378.03443105577526,705.1340566107845,579.5782238717778,1,-1,-1,-1
265,2,1212.8660908277172,490.43447715594885,1292.0423832139672,695.7617027519175,1,-1,-1,-1
266,1,626.8374711027539,373.69615152919584,706.0400938618762,574.1721230132152,1,-1,-1,-1
266,2,1212.1248717187664,493.3905396774142,1290.911359352664,696.1510069584745,1,-1,-1,-1
267,1,627.7117172314386,369.6100000252074,707.2071781770642,571.715664513591,1,-1,-1,-1
267,2,1210.6670005567341,496.26832129995614,1291.0242064792033,701.5535994882041,1,-1,-1,-1
268,1,628.3611362975078,365.867045026061,706.9507560975092,566.1248617351353,1,-1,-1,-1
268,2,1210.337199471734,499.7091683121285,1290.7675445682073,703.7338601169992,1,-1,-1,-1
269,1,628.6661829205059,362.5697070476013,707.0922006837361,563.2864718318042,1,-1,-1,-1
269,2,1210.2123618888036,504.23714282483365,1291.6438172866795,709.8510552665157,1,-1,-1,-1
270,1,629.1697398854385,358.8374391579806,706.9834846886789,558.1620840796304,1,-1,-1,-1
270,2,1209.589341754217,507.3267760662368,1291.4995742460735,712.6578018874325,1,-1,-1,-1
271,1,630.0305519745074,356.08342348185363,707.8086432996108,555.5273850437081,1,-1,-1,-1
271,2,1208.5392801248452,511.08578971260306,1291.7699424224504,718.9642515706906,1,-1,-1,-1
272,1,630.8076949517695,351.58481525080583,708.1017945604375,549.6366897420836,1,-1,-1,-1
272,2,1205.3517543077555,515.2035449896972,1288.1300897583044,720.9216626897438,1,-1,-1,-1
273,1,634.4007637053978,347.74531281599513,711.8015052486398,546.909456554894,1,-1,-1,-1
273,2,1203.3973875240722,519.0707027678376,1286.8921387515365,726.8850618330382,1,-1,-1,-1
274,1,636.3464784225602,343.35306445500794,713.167054114626,541.4175753109189,1,-1,-1,-1
274,2,1202.5168898273762,522.2221067674242,1285.8655547042233,729.6394689744615,1,-1,-1,-1
275,1,637.0130975741966,339.5780918544358,713.8256874250666,538.5473008435185,1,-1,-1,-1
275,2,1201.8274928836922,526.5150698492652,1285.5280118450555,735.1443527746496,1,-1,-1,-1
276,1,637.746920022577,334.71358578483233,714.4336303421255,533.8126156935823,1,-1,-1,-1
276,2,1201.2886714416948,529.7238687841384,1284.8550614852445,737.7804917601131,1,-1,-1,-1
277,1,638.0875338458178,331.858038400777,714.6137833835356,531.1157016402067,1,-1,-1,-1
277,2,1200.8506694162552,534.446787363603,1284.5198990164258,743.1677881439964,1,-1,-1,-1
278,1,638.7637967344676,330.0116373648997,715.3297861138485,529.4360886626599,1,-1,-1,-1
278,2,1197.8667671490418,538.3381341446343,1280.75728171533,745.486257574355,1,-1,-1,-1
279,1,639.2557104794538,326.27905797373217,715.6915662927651,525.192706196935,1,-1,-1,-1
279,2,1195.628571431575,541.8225900679978,1279.4794711805537,751.156444183377,1,-1,-1,-1
280,1,642.8280106560724,323.69104955439155,719.2163965126148,522.8470755504984,1,-1,-1,-1
280,2,1194.5600208316903,544.3871986513087,1278.1677963037778,753.1558475829975,1,-1,-1,-1
281,1,644.7793263579023,319.4992830558067,720.4137638345585,517.0160647504536,1,-1,-1,-1
281,2,1193.7202952185594,548.0051929764263,1276.1509132854292,753.5271104823298,1,-1,-1,-1
282,1,645.4746765613834,316.41084160091066,721.1646355232481,514.7162188503249,1,-1,-1,-1
282,2,1192.2572581226773,551.3947706404031,1276.150947531908,760.2667247085427,1,-1,-1,-1
283,1,645.9957615875546,311.41936490509556,721.5760492073073,509.9177653879401,1,-1,-1,-1
283,2,1192.2798392634154,557.8057546980308,1275.7410195500431,765.8018650955769,1,-1,-1,-1
284,1,646.9016724426776,308.9326759450439,722.4129438979858,507.5537613538071,1,-1,-1,-1
284,2,1189.5245107349726,561.5854488854802,1272.3747169834135,768.3602882717478,1,-1,-1,-1
285,1,647.1665656001376,305.90207712443544,723.3065100565026,506.43174719573483,1,-1,-1,-1
285,2,1187.922093978135,563.6091146851398,1270.8954455473395,770.2837082968156,1,-1,-1,-1
286,1,650.6830511025212,300.7379094230019,727.4329584598107,503.0489961106251,1,-1,-1,-1
286,2,1186.1528351037457,566.9464376753816,1270.0395810048606,775.7761872187275,1,-1,-1,-1
287,1,652.7117500984548,297.7169204014217,729.9132868032488,501.55580656294376,1,-1,-1,-1
287,2,1184.9743009658862,569.9048561006159,1268.821161222631,778.9372426325674,1,-1,-1,-1
288,1,654.159214278156,295.93223987452245,730.9914943679665,499.40126043045194,1,-1,-1,-1
288,2,1184.7294914695526,575.1945526590306,1267.8382947311477,783.201093943525,1,-1,-1,-1
289,1,655.3846340541863,292.7094555383362,731.6941521960127,494.73900504372943,1,-1,-1,-1
289,2,1181.965807301564,578.1858641261013,1264.2352642337335,784.7594333234646,1,-1,-1,-1
290,1,659.0160457287714,289.40254986353915,735.5593259281707,492.3172938241031,1,-1,-1,-1
290,2,1180.041788372395,582.6705097850486,1262.1803945350164,789.7286223779868,1,-1,-1,-1
291,1,661.1025457762058,285.7003208321232,736.7143837547778,486.44107600528184,1,-1,-1,-1
291,2,1178.374519740557,585.3940918090095,1260.5501754574548,792.9843957620742,1,-1,-1,-1
292,1,662.1513550365069,282.9163075176966,737.6297184681529,483.5596233765245,1,-1,-1,-1
292,2,1177.8469919804336,590.1995165401339,1259.733330566172,797.7018853436496,1,-1,-1,-1
293,1,663.2582955424227,278.6209372155219,738.2091744575351,477.79856300667757,1,-1,-1,-1
293,2,1177.027320778796,593.1445655343724,1258.446792758729,800.0287133016524,1,-1,-1,-1
294,1,667.4436164396319,275.15628239281403,742.8665206864572,475.3892328650768,1,-1,-1,-1
294,2,1173.7486911323772,595.27338781454,1254.630313063351,801.0492254226401,1,-1,-1,-1
295,1,669.5633743778228,270.6989675710239,745.3545484922029,470.7309133533125,1,-1,-1,-1
295,2,1171.591524688469,596.3832833152624,1252.4379454750087,802.0687926014725,1,-1,-1,-1
296,1,670.7331043235594,268.72558076901913,746.6806475913324,468.6432573482515,1,-1,-1,-1
296,2,1169.8590470519077,600.0056452551639,1251.412644374267,807.7549399881183,1,-1,-1,-1
297,1,671.4176454531582,267.30804421472686,747.5929403583004,467.18779805093163,1,-1,-1,-1
297,2,1169.0920518643084,603.0424250968671,1250.2191634589738,809.8567522077379,1,-1,-1,-1
298,1,674.8220430366385,264.14080646884514,752.1231416858079,466.0336471578014,1,-1,-1,-1
298,2,1165.1911154142033,607.008137808802,1246.8430777715905,814.8541759481635,1,-1,-1,-1
299,1,676.6980839414093,260.2225149660793,754.2155146687753,462.0707626582478,1,-1,-1,-1
299,2,1163.0920039622117,610.1040998177021,1244.5397981842848,816.8311129084781,1,-1,-1,-1
300,1,677.7999630142916,256.5944606790983,755.9405839827697,460.4656512194622,1,-1,-1,-1
300,2,1161.5364292381612,614.9673822468379,1242.6804531651626,821.6537780768762,1,-1,-1,-1
301,1,678.7261390895895,252.52821521257573,756.8732445952124,456.51141280305444,1,-1,-1,-1
301,2,1158.1195457187098,618.1804710557851,1239.0198792141755,824.7849013294203,1,-1,-1,-1
302,1,682.1293908543264,249.2656586247341,760.6354789484786,454.1658557203126,1,-1,-1,-1
302,2,1156.038319024821,621.8746861782973,1237.295592766745,830.1546983997674,1,-1,-1,-1
303,1,684.1969894161282,247.28397513186582,762.2905941749078,451.30089822263056,1,-1,-1,-1
303,2,1155.0961526021272,624.2886310691476,1236.0574001257135,832.3400687432757,1,-1,-1,-1
304,1,685.8228864959173,243.90640628916168,763.9630047285899,447.69202066965767,1,-1,-1,-1
304,2,1153.2278232990373,625.4328718422105,1234.7207363087996,834.7085985075449,1,-1,-1,-1
305,1,689.6896001485906,241.15046970567502,768.0557761001985,445.36374915634633,1,-1,-1,-1
305,2,1149.8070201913586,627.3418806388651,1230.7322327966363,834.9316683875086,1,-1,-1,-1
306,1,691.4248096141715,238.715743025061,770.0857764556694,443.65670789841363,1,-1,-1,-1
306,2,1147.2488769509273,630.1643158577739,1229.1920025653365,839.780997595204,1,-1,-1,-1
307,1,692.9332486978918,235.48985511103444,771.0373395306416,439.3951718715963,1,-1,-1,-1
307,2,1146.1258166733119,634.0327780117566,1227.2114403284188,841.7343526186777,1,-1,-1,-1
308,1,694.1198361223942,233.43408857865572,771.9751780400486,436.6655758523866,1,-1,-1,-1
308,2,1144.8410513686754,635.0427193849226,1226.1092006206575,843.2872238372844,1,-1,-1,-1
309,1,698.3035549293411,230.788436736189,776.696182927398,435.27123443438524,1,-1,-1,-1
309,2,1140.4677834015833,637.8853310858807,1222.5299196168191,848.1670898469449,1,-1,-1,-1
310,1,700.655925369094,227.04699928295514,779.3643846128467,432.0752785614826,1,-1,-1,-1
310,2,1138.1277139371728,640.4100117642201,1220.179306932087,850.626949054358,1,-1,-1,-1
311,1,702.2858274678781,224.186254269325,781.2858265056224,430.07458604375825,1,-1,-1,-1
311,2,1134.724779545112,643.5380349126432,1215.1909061470926,850.2576052782626,1,-1,-1,-1
312,1,705.8466245207577,219.8371698052527,784.8574797267939,426.0021964311089,1,-1,-1,-1
312,2,1131.3787381301645,646.6894440680031,1213.032150552384,856.5904599662218,1,-1,-1,-1
313,1,708.1382325523739,217.32983557106277,786.9450089616182,423.44826021832057,1,-1,-1,-1
313,2,1129.036460571034,648.6747003353789,1211.2997837248438,859.630520418765,1,-1,-1,-1
314,1,709.827720954626,214.6318494183902,788.5852222770498,420.96440774860923,1,-1,-1,-1
314,2,1126.047348559094,654.4738520238027,1206.94111083266,862.3212700691834,1,-1,-1,-1
315,1,713.8561800259175,210.92329255165933,792.5940502968043,416.9653112008874,1,-1,-1,-1
315,2,1124.0185538933817,656.6591804485117,1205.144355532655,865.4272502757733,1,-1,-1,-1
316,1,716.4310599513684,208.80776416088327,795.048055161427,414.5280537086561,1,-1,-1,-1
316,2,1121.7250183760236,657.1664685172518,1203.8175471412353,868.0087761678915,1,-1,-1,-1
317,1,718.3021412968573,206.754687119677,797.0675903644178,412.8363405040933,1,-1,-1,-1
317,2,1120.5013711771549,661.1347804182556,1202.4539183498187,871.783563414001,1,-1,-1,-1
318,1,722.1426770403884,205.28275713104762,801.4139796545863,412.18365838583736,1,-1,-1,-1
318,2,1116.2183325795036,662.3314822966576,1198.8258432979733,874.0410116995513,1,-1,-1,-1
319,1,724.6000888551501,202.30147828798067,803.5146332367967,408.5542119925525,1,-1,-1,-1
319,2,1113.8485140108437,665.5327266881736,1195.6604118561584,875.4214125863917,1,-1,-1,-1
320,1,726.4640489868998,200.97929518044882,804.8535156642741,405.7265385042384,1,-1,-1,-1
320,2,1112.6335933516445,669.2384724338824,1194.3898701624487,879.5412511224118,1,-1,-1,-1
321,1,730.5086693764024,198.98762736111422,809.2554838980863,404.2696260943625,1,-1,-1,-1
321,2,1108.2350937198175,669.974804356126,1190.8891183944143,882.4018132872102,1,-1,-1,-1
322,1,732.7781190899805,195.52468117056603,811.7592588137622,401.60381374397264,1,-1,-1,-1
322,2,1105.6422712483673,672.0408953328829,1187.8835407529427,883.5769617567595,1,-1,-1,-1
323,1,734.3112637971722,193.1829211620352,813.8279576223624,399.73473071926446,1,-1,-1,-1
323,2,1100.9993945858207,673.0871581430584,1183.261178204381,884.0570338139044,1,-1,-1,-1
324,1,738.2308546994813,190.36142742051936,818.1797877869612,398.0017912441315,1,-1,-1,-1
324,2,1098.2768650643043,677.0615138873931,1180.4691441184996,888.194645968078,1,-1,-1,-1
325,1,740.3207153023234,187.39390024156256,819.6494009149492,393.768980058854,1,-1,-1,-1
325,2,1093.5879523826184,679.1406433878642,1175.9523363411672,890.1738933673782,1,-1,-1,-1
326,1,742.168004865401,185.15486263744305,821.4223678035478,391.4402361474009,1,-1,-1,-1
326,2,1091.068826151986,680.7693662079115,1173.522984681086,892.0699380414846,1,-1,-1,-1
327,1,746.3180682108809,183.74073481042996,825.1758806217296,389.7887530721231,1,-1,-1,-1
327,2,1089.0135045326724,683.5294609674002,1172.2203516571644,896.6541988411528,1,-1,-1,-1
328,1,749.1094005040072,180.66829558624195,827.4350795424816,385.5467132522151,1,-1,-1,-1
328,2,1085.428274058156,686.3206517655752,1167.9525426793593,897.9382517687965,1,-1,-1,-1
329,1,750.7864058156118,178.71078415590407,829.4186590153744,383.9668358756319,1,-1,-1,-1
329,2,1082.357988957821,686.7141720528181,1165.967633680552,900.425749794746,1,-1,-1,-1
330,1,755.3667438169983,176.84215310501344,834.3157680568457,383.44270374417385,1,-1,-1,-1
330,2,1080.2508416856776,688.4373518974247,1163.2955596421193,900.5057242488311,1,-1,-1,-1
331,1,757.9721609786092,175.21829086874556,837.2608704429426,382.3976700810367,1,-1,-1,-1
331,2,1076.1315998328344,691.9020485187635,1159.1135488906796,903.980381615131,1,-1,-1,-1
332,1,762.5581716281886,173.47046341786444,841.8287477462587,380.8642251543645,1,-1,-1,-1
332,2,1073.1341808817074,692.7456827195365,1156.893148465014,906.4471681180822,1,-1,-1,-1
333,1,765.0398880406777,170.80071289288446,844.2773227383441,378.04516730760236,1,-1,-1,-1
333,2,1069.1519392558284,695.2859395051784,1152.2802272776926,907.6171689002307,1,-1,-1,-1
334,1,769.5124297261585,168.8997961300969,848.918496222028,376.17337841966287,1,-1,-1,-1
334,2,1065.876320047947,695.6256762785627,1149.897176361997,909.3589663862869,1,-1,-1,-1
335,1,772.2302531302956,166.6308194179091,851.796262228794,374.4743200277797,1,-1,-1,-1
335,2,1063.660398023709,699.2642960504938,1147.7625190418896,912.9188012686237,1,-1,-1,-1
336,1,773.9221291764018,165.42491947032204,853.9605955560988,373.85605011145776,1,-1,-1,-1
336,2,1059.4766931158863,700.8521120525108,1143.324135588778,914.1467672016367,1,-1,-1,-1
337,1,777.6031236520754,162.77737255499324,857.5278876781922,370.69362718350226,1,-1,-1,-1
337,2,1056.696896484074,701.6943670751889,1140.9847539527657,915.6820441786009,1,-1,-1,-1
338,1,780.6790937313575,161.33687319736737,860.8102651487567,369.119594576994,1,-1,-1,-1
338,2,1052.216916175019,703.117767807357,1136.3569877079644,916.4256971305247,1,-1,-1,-1
339,1,785.6697966463138,159.36526628066758,865.6257279895237,367.4109608535598,1,-1,-1,-1
339,2,1049.4860248140121,704.2984674634141,1133.2862203708123,916.8137831304396,1,-1,-1,-1
340,1,788.5940650857575,158.28837604230742,868.592634222794,366.84147534758097,1,-1,-1,-1
340,2,1047.693213115131,705.001859863381,1131.1984045702059,916.7148957633626,1,-1,-1,-1
341,1,793.3146126917205,156.3393662851766,874.0998005264757,366.7233708493371,1,-1,-1,-1
341,2,1043.1266480737504,707.9642083132436,1127.1481397369982,920.6144551843284,1,-1,-1,-1
342,1,796.0926515275826,154.09431084241794,875.9848761568473,362.66735469098796,1,-1,-1,-1
342,2,1040.5453458396719,710.4832254894907,1124.1041577581948,922.2215369394547,1,-1,-1,-1
343,1,801.1987653563389,152.99976883428195,880.8731583519201,360.8217868874766,1,-1,-1,-1
343,2,1035.6824882992305,711.6792209356527,1119.3057610257645,923.6500018861957,1,-1,-1,-1
344,1,803.9449218819032,151.27745047032664,883.4486267747944,359.27924316011786,1,-1,-1,-1
344,2,1032.7428235320483,712.6199167004033,1116.5606679679704,924.1549333939137,1,-1,-1,-1
345,1,805.73510862429,149.66731242519182,885.6495403963718,358.54092201684875,1,-1,-1,-1
345,2,1027.7093158592377,715.3293530312285,1112.0894948887653,928.0444567859595,1,-1,-1,-1
346,1,809.959035836901,149.0300120517177,889.6735022072396,357.76133419725045,1,-1,-1,-1
346,2,1025.187055934461,716.8561810672446,1109.4490587515584,929.404052643769,1,-1,-1,-1
347,1,812.9693483701718,147.31445256697555,891.9428653602923,353.7822495304725,1,-1,-1,-1
347,2,1020.5477833736038,718.3189614361164,1104.6518060029355,930.6055292756025,1,-1,-1,-1
348,1,817.4781683289352,145.4471506149152,896.963868337676,352.860974998413,1,-1,-1,-1
348,2,1017.6932563310692,718.256576540367,1102.416736670683,931.3230590056664,1,-1,-1,-1
349,1,820.6211028828438,144.77196049879484,899.8425988519776,351.87595680455405,1,-1,-1,-1
349,2,1015.7336524189566,720.0245380765305,1099.6847757159405,931.0642479729678,1,-1,-1,-1
350,1,825.3832614628545,142.73166288495463,905.420470865518,351.49134707063354,1,-1,-1,-1
350,2,1011.651370718218,721.3958540558435,1095.2145909093388,931.6075726680843,1,-1,-1,-1
351,1,828.0606681577947,141.8005187528084,908.1018713595215,351.0481859839982,1,-1,-1,-1
351,2,1008.5269283699855,721.7257560699799,1092.0909599197596,931.8331136736224,1,-1,-1,-1
352,1,830.4782608483475,141.73295669476045,910.4376009827764,350.3934900591556,1,-1,-1,-1
352,2,1003.8543880623873,723.7856009575393,1088.07474446791,935.6189445011196,1,-1,-1,-1
353,1,834.5471934803443,140.44664284230282,914.7608939028715,350.323105218739,1,-1,-1,-1
353,2,1000.0969005629632,724.7178659144644,1084.993627173333,937.6875979045196,1,-1,-1,-1
354,1,837.5414826939913,138.76694802743867,917.2479091696757,347.1042203653486,1,-1,-1,-1
354,2,995.0777504514026,726.0828456033685,1080.0425883003986,938.8629551082605,1,-1,-1,-1
355,1,841.5361812723235,137.58499936391485,921.3240685391542,346.28792955716426,1,-1,-1,-1
355,2,992.1391061629789,726.6243786179505,1077.419684693838,939.8291179174619,1,-1,-1,-1
356,1,844.6840355124394,137.44809468026227,924.3028217107692,345.4343294577479,1,-1,-1,-1
356,2,987.8815037646136,728.1328630026904,1072.5697712577307,940.3257816944727,1,-1,-1,-1
357,1,849.4787860912389,136.97079389173763,929.0447030358602,345.0776990956899,1,-1,-1,-1
357,2,984.5504608829424,728.1370204758089,1069.4519158968933,940.9334428160272,1,-1,-1,-1
358,1,852.4010583625619,136.2169997354216,931.7599632234255,343.9549099602664,1,-1,-1,-1
358,2,983.0655657122442,728.9992575267026,1067.3849143036969,940.4095183805919,1,-1,-1,-1
359,1,854.5386610759242,135.40907554001114,934.2868940328229,343.6457762197898,1,-1,-1,-1
359,2,978.3030793900854,728.6064925925218,1063.1081242165476,940.9831965034914,1,-1,-1,-1
360,1,859.8731666062555,135.60253308424075,939.3561577976965,343.6345339742745,1,-1,-1,-1
360,2,975.4387537190933,731.464397351743,1060.201651204769,944.3283603700039,1,-1,-1,-1
361,1,865.1965959574561,134.98610469716292,944.8848032203507,343.3742111112997,1,-1,-1,-1
361,2,971.1985873530488,732.9110303385847,1055.622495842973,945.4327874029186,1,-1,-1,-1
362,1,868.1897131839502,134.1676318461396,947.6466660695229,342.88183118701113,1,-1,-1,-1
362,2,968.1443017591034,733.8890763832916,1052.1411431608594,945.583481347479,1,-1,-1,-1
363,1,870.433693716176,133.03275092946032,950.1183397550734,342.21553486207426,1,-1,-1,-1
363,2,962.9067493885935,733.629637296689,1047.2751186700796,946.5588520042761,1,-1,-1,-1
364,1,874.3644426327389,132.24788058306348,954.193575554928,342.12001120052,1,-1,-1,-1
364,2,960.072696195703,733.3859423725339,1044.7691073253752,947.2271218238686,1,-1,-1,-1
365,1,876.8419071194251,130.01907713052685,957.2602619798828,340.6633674383787,1,-1,-1,-1
365,2,955.5439663910745,733.9021176628712,1040.0014528019603,946.8874984852255,1,-1,-1,-1
366,1,881.5127598133281,129.3092956586927,961.86755371122,340.10261389421953,1,-1,-1,-1
366,2,952.6640775627503,734.3004067033247,1036.7507585561002,946.1042532087577,1,-1,-1,-1
367,1,885.0773637407887,129.01411245265345,965.3326385561401,339.32461202969796,1,-1,-1,-1
367,2,948.1642416092533,735.5043474700204,1031.6360032966704,945.9445987394417,1,-1,-1,-1
368,1,889.7188668091926,128.64358075418824,970.2282837583191,339.49077894057666,1,-1,-1,-1
368,2,945.4996041889503,735.4444695678933,1029.0087579373721,946.3784195112066,1,-1,-1,-1
369,1,893.2912644480919,129.03992228142044,973.5934553952121,339.1816581421642,1,-1,-1,-1
369,2,940.946496620433,736.3195920454943,1023.7143736417437,945.7953151900222,1,-1,-1,-1
370,1,898.3817096021154,128.10498897716394,978.7588519390744,338.6968356008705,1,-1,-1,-1
370,2,937.4332631608951,735.8786792832052,1020.6012334353676,946.4166344363083,1,-1,-1,-1
371,1,901.7067845741815,128.35300576193418,981.656125697113,337.9455087830198,1,-1,-1,-1
371,2,932.7886754058794,736.7329558157285,1015.1927335493633,945.412610941107,1,-1,-1,-1
372,1,905.6811084823418,127.63418128229141,986.0225900654123,337.90646635333115,1,-1,-1,-1
372,2,929.5306734100282,735.2162297841179,1013.0883412361536,946.1818449878472,1,-1,-1,-1
373,1,908.5411519993355,128.82003945630075,988.3967895555573,337.9930078825354,1,-1,-1,-1
373,2,927.5255337992461,735.2670276788856,1010.8617108681706,945.3798047679769,1,-1,-1,-1
374,1,913.5450612728318,128.96185628955743,993.0995426750026,337.5166685470708,1,-1,-1,-1
374,2,922.6357365363691,734.489769017568,1006.6830044307399,946.1088222263674,1,-1,-1,-1
375,1,917.1393196673305,129.668440747641,996.134938107103,337.28956809860085,1,-1,-1,-1
375,2,920.2458141995003,734.6546540138506,1003.644339570569,945.1614552153857,1,-1,-1,-1
376,1,921.9594454554042,128.28103226348566,1001.3427484301008,337.3355418226106,1,-1,-1,-1
376,2,915.851489626967,735.6404022032899,998.9207125462801,945.6882611036202,1,-1,-1,-1
377,1,924.4973731529726,128.634220281661,1003.7591899102722,338.0073826043173,1,-1,-1,-1
377,2,913.0401528833983,734.1879776294328,996.8396569726955,946.1225238771063,1,-1,-1,-1
378,1,927.0543248115654,129.68265642675857,1005.9500079932299,338.191234703071,1,-1,-1,-1
378,2,908.1088130635252,734.0587874220006,991.9580298943412,946.0473142177514,1,-1,-1,-1
379,1,931.6642274535783,129.70715156954532,1010.2580541444727,338.13631116291117,1,-1,-1,-1
379,2,904.7319908545486,733.0759125844015,989.2079093963499,946.6174544218277,1,-1,-1,-1
380,1,934.7561030878634,129.6388973089415,1013.2129582813175,337.71175136295915,1,-1,-1,-1
380,2,899.4114433062342,732.6978381569804,984.2105642295767,946.8662113278002,1,-1,-1,-1
381,1,938.8473272775203,129.77667576785163,1017.2773805333316,337.83325204491155,1,-1,-1,-1
381,2,896.5944320342466,732.4425497722208,981.5985163844786,947.3155380887436,1,-1,-1,-1
382,1,942.4007806612354,130.825666048649,1020.1641645105491,337.30908852677953,1,-1,-1,-1
382,2,891.9602521496049,733.4707122972751,975.9714383489015,946.1867290776997,1,-1,-1,-1
383,1,947.1803466265936,131.54746297342237,1024.4891128601803,337.3021251145933,1,-1,-1,-1
383,2,888.8435181928785,732.2701766844258,973.3873811053448,946.7946084731268,1,-1,-1,-1
384,1,950.1325920343205,132.537342144572,1027.995936040413,340.19350381325535,1,-1,-1,-1
384,2,884.3139183619679,733.0548877012809,967.8611943116628,945.5974326059873,1,-1,-1,-1
385,1,954.677099923325,131.63137389938325,1033.8895816029221,342.4607946449954,1,-1,-1,-1
385,2,881.3257197296624,731.7994418748852,965.7684020330792,946.4935422724998,1,-1,-1,-1
386,1,957.9236957810681,132.3703414095283,1037.0646834336296,343.2475158600032,1,-1,-1,-1
386,2,876.0717060922543,731.9137542174535,960.3645879805614,945.9920148661364,1,-1,-1,-1
387,1,962.626235320194,131.82746459142658,1042.329509886751,344.0595127218114,1,-1,-1,-1
387,2,872.5822571921067,730.6056794517841,958.1489989651473,947.6102050826864,1,-1,-1,-1
388,1,965.5689011856606,132.4593556240692,1044.7526413791077,343.85662214549836,1,-1,-1,-1
388,2,867.763130800303,731.0826812635243,952.5956369087926,946.6569397813042,1,-1,-1,-1
389,1,970.0498863141761,132.9361552286645,1048.8116400571084,343.2595483275335,1,-1,-1,-1
389,2,864.7551126478834,730.2282793158146,950.0424118987163,947.4282829076974,1,-1,-1,-1
390,1,973.53540151784,134.20122011253676,1051.7138009925002,343.30457907934635,1,-1,-1,-1
390,2,863.0822513759094,728.090150098295,947.5141564786911,943.1866812291512,1,-1,-1,-1
391,1,978.5993810622477,135.26690365293175,1056.5741496129406,343.755833382653,1,-1,-1,-1
391,2,857.9289049870343,726.6238932699993,942.7069912966385,942.3025478043785,1,-1,-1,-1
392,1,981.2935927824077,136.685929737303,1058.889799058947,344.2316876086411,1,-1,-1,-1
392,2,855.1082123643037,725.2717966015974,940.5037484685506,941.8979924933863,1,-1,-1,-1
393,1,983.2746101367891,137.02343841522196,1061.0625777000153,344.5625577145387,1,-1,-1,-1
393,2,850.2391749340253,724.8848884333689,935.7655061027831,941.6413451031984,1,-1,-1,-1
394,1,988.1515816392729,137.35245426418487,1066.2175103488228,345.594961852324,1,-1,-1,-1
394,2,847.6403939706722,724.7423685216321,932.8831735806822,941.0583356664391,1,-1,-1,-1
395,1,991.0037157589646,138.0769396141914,1069.0440393340862,346.3173767828083,1,-1,-1,-1
395,2,843.612518367785,725.3968996519935,927.7872053519465,939.7957970336973,1,-1,-1,-1
396,1,995.812815591616,138.77646718474494,1073.5317840209214,346.1458108440312,1,-1,-1,-1
396,2,840.4787429107831,724.1223599627489,924.8924368281324,939.9614876451219,1,-1,-1,-1
397,1,998.7561494595948,139.26704771808238,1076.345556432726,346.01070851615685,1,-1,-1,-1
397,2,835.1172732562321,723.2579127527878,919.724103447491,940.1206733087616,1,-1,-1,-1
398,1,1002.6978436862003,140.31898883538645,1081.6229283260943,349.8239693809144,1,-1,-1,-1
398,2,832.3437038060771,722.3613665397162,917.1863048530411,940.3033379851403,1,-1,-1,-1
399,1,1006.1712909648112,142.1123950709245,1084.692598072967,350.9830046384718,1,-1,-1,-1
399,2,828.2764456208348,720.6109836829926,911.6385502737426,934.7571930011359,1,-1,-1,-1
400,1,1010.9784252272681,143.07649641109765,1089.3542770203874,351.3616187875991,1,-1,-1,-1
400,2,825.3544248410291,718.6297355648126,908.9837591651724,933.5924608152602,1,-1,-1,-1
401,1,1014.0012757340921,144.46271643288108,1091.4421001057767,350.7630824654425,1,-1,-1,-1
401,2,820.3430997367427,718.3799691488294,903.6556154736242,932.8458692793961,1,-1,-1,-1
402,1,1018.4019372723168,144.58859335264515,1096.5159085485034,352.17593386921584,1,-1,-1,-1
402,2,817.6629707671145,717.5778968568952,900.8953692809164,932.3236842374063,1,-1,-1,-1
403,1,1021.0214782195037,145.83479739302777,1099.0122488972586,353.02262589060365,1,-1,-1,-1
403,2,815.6249259267546,715.3708166374669,899.455701490048,931.95365474037,1,-1,-1,-1
404,1,1025.9424764599987,146.37775290546207,1104.296929305403,353.78155316670154,1,-1,-1,-1
404,2,811.2149840719168,714.3707373890747,895.3110564311847,931.4722603703156,1,-1,-1,-1
405,1,1028.889172741459,147.9144974799757,1106.3145695978656,353.0594304262477,1,-1,-1,-1
405,2,809.1031787167612,712.1821323059587,892.066298826637,926.1788667510485,1,-1,-1,-1
406,1,1031.2636496313376,150.84688161556247,1108.4755257876986,356.15050339918616,1,-1,-1,-1
406,2,804.4184495648824,711.1900550884313,886.6702905185693,923.3683392510852,1,-1,-1,-1
407,1,1034.821468549074,151.30687174614957,1112.835506636203,358.2460418722686,1,-1,-1,-1
407,2,801.4912432266167,708.9663935202238,884.2868077336695,922.5818356439383,1,-1,-1,-1
408,1,1037.8967278438763,152.9844771596735,1115.5633451600813,359.22282596077366,1,-1,-1,-1
408,2,796.3172549324098,708.1537837766006,879.4115196881874,922.6058780973756,1,-1,-1,-1
409,1,1042.4557687874376,154.4522110337195,1119.9653900450069,360.3035270107079,1,-1,-1,-1
409,2,793.4837144627301,706.4424074201635,877.4660183952474,923.5068411272289,1,-1,-1,-1
410,1,1045.1615822166448,154.93205965106077,1122.6718105021323,361.24876688727716,1,-1,-1,-1
410,2,791.9820539245745,703.0259673130656,875.5624793979256,919.0782586382786,1,-1,-1,-1
411,1,1046.936694535031,156.96444307092878,1125.6034759930867,366.0942268853388,1,-1,-1,-1
411,2,787.6371163108602,700.6500668450063,871.5351825789338,917.1127546838626,1,-1,-1,-1
412,1,1051.8950087077917,158.39458871597566,1131.1139017378875,369.1222910766353,1,-1,-1,-1
412,2,784.9860088779917,698.4733872268098,869.1992880382131,916.1208668001898,1,-1,-1,-1
413,1,1057.590178477597,160.76867795719085,1136.2535754226624,369.84464055321064,1,-1,-1,-1
413,2,783.4682021393252,697.4957389415622,867.7044121604687,916.1860841580893,1,-1,-1,-1
414,1,1060.2074717318521,161.82838668259666,1139.0864149155066,371.02701210453796,1,-1,-1,-1
414,2,778.8020946248757,693.8486900563648,862.9921383763162,912.2594014605761,1,-1,-1,-1
415,1,1062.4632091445906,164.9226153398401,1140.8813725179846,373.4169751802697,1,-1,-1,-1
415,2,776.7345050484913,693.4105742183802,859.9857975811526,909.0972917128166,1,-1,-1,-1
416,1,1066.2014738786897,166.59746607167827,1144.9204583453807,375.44096314367005,1,-1,-1,-1
416,2,771.9627660797247,693.1362873381156,854.7338694424423,907.3935673837163,1,-1,-1,-1
417,1,1068.4456623651872,167.4224999059321,1147.256671669833,376.70034198514213,1,-1,-1,-1
417,2,769.3068755697254,692.2860603424573,852.2966151165588,907.0980682886192,1,-1,-1,-1
418,1,1070.8139578901412,169.87777808944776,1149.189648002878,377.67316777557284,1,-1,-1,-1
418,2,764.415123655219,691.7298305472625,847.3311848965043,906.384734476989,1,-1,-1,-1
419,1,1074.7443629233046,172.38665544495373,1153.343541769562,381.3726593920194,1,-1,-1,-1
419,2,762.0277307843486,687.948384205558,844.335510375113,900.6522017515076,1,-1,-1,-1
420,1,1077.3556244489348,173.92757933711374,1156.1500984300505,383.8717586499301,1,-1,-1,-1
420,2,760.5253651210775,686.1955719345724,842.9199403302604,898.465510461373,1,-1,-1,-1
421,1,1078.846365658087,175.02218877621345,1158.2694234004146,386.10803262799374,1,-1,-1,-1
421,2,755.9986178576289,685.9790710664436,838.1906667985194,897.215155877129,1,-1,-1,-1
422,1,1083.0766988382177,176.2697578430587,1162.5909789154891,387.5249611676578,1,-1,-1,-1
422,2,752.5954685773436,683.2770580727387,836.392261339493,898.4716288572827,1,-1,-1,-1
423,1,1086.2983742325575,177.95574368255342,1165.4694988919118,387.7083796825771,1,-1,-1,-1
423,2,747.0995300833235,681.7092039089956,831.9256501566554,899.3877556751994,1,-1,-1,-1
424,1,1090.9502989658092,180.38429251752723,1170.391093502668,390.9558450468942,1,-1,-1,-1
424,2,744.8966890232283,679.1506178218372,828.8695966118707,894.0816160404576,1,-1,-1,-1
425,1,1093.890461941434,182.9432328327066,1172.9476136799187,392.9573139831026,1,-1,-1,-1
425,2,743.2889439833026,676.4924901660463,827.9121309797949,892.939160199442,1,-1,-1,-1
426,1,1098.1085080735018,184.11404946124748,1177.4742436983204,394.94684586333926,1,-1,-1,-1
426,2,738.0351769099337,674.5347212446809,823.3315352509454,892.9393189205149,1,-1,-1,-1
427,1,1100.4714662572173,186.97559288868538,1179.9435571276583,398.30929194336716,1,-1,-1,-1
427,2,735.5457560493761,672.858773120995,821.3540571098172,892.5259074229358,1,-1,-1,-1
428,1,1103.0540701007462,189.78878103276512,1181.8966829102887,399.4655064092233,1,-1,-1,-1
428,2,734.7688440921686,669.8458673614728,819.9034082467264,887.786368486437,1,-1,-1,-1
429,1,1106.7175837967375,192.01692450334295,1185.9845211236357,402.1385744785497,1,-1,-1,-1
429,2,729.5610994939093,665.9257607048339,815.7454880828394,886.2605657017261,1,-1,-1,-1
429,4,761.9975223936552,560.7519653320312,894.5905391297823,816.4502075195312,1,-1,-1,-1
430,1,1109.0119372083616,195.82179740736797,1188.0082723619103,405.3765668338202,1,-1,-1,-1
430,2,727.2313364608831,664.905574221074,813.2814630597849,884.9544982858347,1,-1,-1,-1
430,4,761.3617696541612,564.9975638960502,895.6034503344113,824.0269386441356,1,-1,-1,-1
431,1,1110.776383887814,198.34943701897296,1189.7543592844465,407.2183621259553,1,-1,-1,-1
431,2,722.6545978041102,661.8966270221634,808.1919740340696,880.2685085330497,1,-1,-1,-1
431,4,761.7823946121159,568.23668945751,894.593680763077,824.745698431473,1,-1,-1,-1
432,1,1115.1406548497043,199.7511622014847,1194.7313251437627,410.05686067035015,1,-1,-1,-1
432,2,719.8202884960076,659.3687552554952,805.5658220624384,878.6530007340674,1,-1,-1,-1
432,4,762.2996182296924,570.1784415113214,893.5746687485143,823.8882250869594,1,-1,-1,-1
433,1,1117.6010428039287,201.70557241216937,1196.9582634924113,411.44132065615804,1,-1,-1,-1
433,2,718.3956293039776,657.0036024225946,804.6061499754157,878.01075087084,1,-1,-1,-1
433,4,762.2882415645979,570.3450640425726,893.3627810949768,823.9081123037992,1,-1,-1,-1
434,1,1121.7483853442134,204.466176509001,1201.6008382623847,415.0701587703837,1,-1,-1,-1
434,2,715.0501042725451,654.3408150776469,800.0148861070692,871.9218418626472,1,-1,-1,-1
434,4,762.5465495488439,570.7920131308524,892.6490979227601,822.8951507097261,1,-1,-1,-1
435,1,1124.1946600101755,206.15348863556397,1204.1003135010214,416.8496484828309,1,-1,-1,-1
435,2,712.041080517327,651.1789349272531,797.6014974157871,870.434761527942,1,-1,-1,-1
435,4,758.6787730182618,567.785577711826,886.3582965576469,815.0885005878177,1,-1,-1,-1
436,1,1126.2938987855953,209.0040396825409,1205.6164141100148,418.2194771753633,1,-1,-1,-1
436,2,711.0686410753389,650.3050755496538,796.1142624746898,868.5332241916069,1,-1,-1,-1
436,4,757.1615756477358,566.891551679702,883.7275911001932,811.9919829302452,1,-1,-1,-1
437,1,1130.1449226442078,212.35394419902744,1209.3709660538116,421.3077390296927,1,-1,-1,-1
437,2,706.2146910732843,649.0025163888987,791.4907246667469,868.1072786849699,1,-1,-1,-1
437,4,756.5834999100849,566.8258272202555,882.5476054525524,810.6127001837823,1,-1,-1,-1
438,1,1132.291191675071,214.91209439790885,1211.1897803240718,423.5543296093829,1,-1,-1,-1
438,2,703.7094577288271,644.046787435233,789.5265371011333,864.6412910706229,1,-1,-1,-1
438,4,755.378323828992,569.9613972702793,883.1323419212292,817.0517443458502,1,-1,-1,-1
439,1,1134.1876439146727,217.9427560404125,1212.7929769402508,426.1537594582268,1,-1,-1,-1
439,2,698.7216212899049,641.1350859227178,785.1472271670575,862.9955619329538,1,-1,-1,-1
439,4,754.7710009396313,571.095597517628,883.2686652695706,819.4412538266805,1,-1,-1,-1
440,1,1138.4560482479515,221.4790952620193,1216.6174728379613,429.0249272621551,1,-1,-1,-1
440,2,695.9329205283875,639.1073992802724,782.7755960987005,862.2578214014214,1,-1,-1,-1
440,4,754.9145763850717,567.6787653822531,882.8653465731487,814.4075186443617,1,-1,-1,-1
441,1,1140.7601245965886,223.81843131727913,1218.7280220834377,431.29028275586467,1,-1,-1,-1
441,2,694.6315204320946,635.0262374778176,781.1580209681406,857.0552279114918,1,-1,-1,-1
441,4,751.0907492294933,567.4920976754515,877.7481529578382,810.9969983408992,1,-1,-1,-1
442,1,1142.7195716092483,226.8560671322858,1220.260203127894,433.18830685700505,1,-1,-1,-1
442,2,690.5894512280327,633.3715390361683,776.636067312399,853.7264185188822,1,-1,-1,-1
442,4,749.0633604600749,571.530088368125,876.3644516400277,815.7601902168025,1,-1,-1,-1
443,1,1143.8729496581877,231.00455902066454,1221.1212846325304,436.48122399793726,1,-1,-1,-1
443,2,688.5620528792723,629.7607660055579,773.906124906462,847.9101853202983,1,-1,-1,-1
443,4,748.246550505065,573.3118492325079,875.7919088977992,817.2627250037517,1,-1,-1,-1
444,1,1147.9150331070255,232.80979100838573,1225.7070743808122,439.8498690555737,1,-1,-1,-1
444,2,687.3480165618536,627.2401138226521,772.5838278184763,845.2990311393177,1,-1,-1,-1
444,4,748.4537775720302,570.8639691113657,874.9093113042179,811.2062857329903,1,-1,-1,-1
445,1,1150.4129651036803,234.9261161113088,1227.9900383715815,441.4094359339416,1,-1,-1,-1
445,2,686.5113080067665,625.3046052259674,772.1396724666199,844.4568621539387,1,-1,-1,-1
445,4,748.0060693263454,573.4571959644973,875.5635368127059,815.1716595488026,1,-1,-1,-1
446,1,1154.326756788345,237.88367610337104,1232.10883188441,445.07188957929236,1,-1,-1,-1
446,2,682.5677223028497,621.9130652402985,767.6077877413362,839.1075806473497,1,-1,-1,-1
446,4,747.9055970965551,574.8989642114484,875.7311241970654,816.3145222149516,1,-1,-1,-1
447,1,1156.5932139025174,239.8617507975101,1234.135554121568,446.3292356317488,1,-1,-1,-1
447,2,680.689826895617,619.1605136358829,765.6637383463925,836.143137586836,1,-1,-1,-1
447,4,748.8888021380511,573.0020030230495,874.6668536380972,809.1069070833533,1,-1,-1,-1
448,1,1157.9645817045996,242.26433625584409,1234.858518861208,447.1743051103871,1,-1,-1,-1
448,2,679.5971687275916,617.8452352677755,764.5154116853427,834.5846825796228,1,-1,-1,-1
448,4,748.9031829633734,576.4083959805553,874.7924993859024,812.2545398385181,1,-1,-1,-1
449,1,1159.428433820235,246.12738840475117,1236.2992798635005,451.3830177350194,1,-1,-1,-1
449,2,676.0284307668829,615.5559872390611,759.9163626670962,829.3428679017343,1,-1,-1,-1
449,4,750.3645497783601,575.6277410697215,873.6980911583504,805.5259974553899,1,-1,-1,-1
450,1,1162.7441601517519,248.2878166251062,1239.898475975374,454.7161840159423,1,-1,-1,-1
450,2,673.5787865758253,613.0451931337926,757.5323657378508,826.892743363557,1,-1,-1,-1
450,4,750.9779934679593,575.9957208050164,873.1763301046835,802.153113463138,1,-1,-1,-1
451,1,1164.816446612374,250.9303991737875,1241.661806976391,456.9870786244255,1,-1,-1,-1
451,2,672.1374819484734,611.1658994531292,756.360855618583,825.4426811278422,1,-1,-1,-1
451,4,751.0675702549322,576.637446645692,873.0273043047227,800.4196109482741,1,-1,-1,-1
452,1,1166.7339397527785,254.92734346570552,1243.3925575909034,461.05968641675236,1,-1,-1,-1
452,2,671.539206237362,607.3004971295081,755.7345825563797,821.0357921953716,1,-1,-1,-1
452,4,750.8750814959187,576.9689507725991,873.1683125913313,799.5464407075885,1,-1,-1,-1
453,1,1168.3282754614104,258.4486985811699,1244.820661141912,463.7946979452647,1,-1,-1,-1
453,2,667.4948432290314,604.1170210253,752.4175212490321,819.1557799659057,1,-1,-1,-1
453,4,750.7007246506661,577.4287222281747,873.3132861920417,798.4671399098273,1,-1,-1,-1
454,1,1171.792623534825,263.1293385679079,1247.8624927421572,467.2282359418086,1,-1,-1,-1
454,2,665.1182880223505,599.7851620684293,750.2886804918165,814.8323689810283,1,-1,-1,-1
454,4,751.2865008318148,575.0917329385239,872.5294412230053,790.4789764963999,1,-1,-1,-1
455,1,1174.0905541965167,266.9542712479082,1249.2852607915468,468.90824953614083,1,-1,-1,-1
455,2,663.4902534590833,596.1489587508186,749.5924268452319,813.2641802149021,1,-1,-1,-1
455,4,751.3452601820702,575.0625069308653,872.2116252905793,786.3644798157139,1,-1,-1,-1
456,1,1175.7896670264272,269.4903151447527,1250.653891145155,470.50327710041665,1,-1,-1,-1
456,2,662.2304077521788,593.5112578864242,748.92365821209,812.0163749961603,1,-1,-1,-1
456,4,751.1459798208323,575.47934979507,872.4438757538952,784.448462125111,1,-1,-1,-1
457,1,1179.4180745104027,271.953657016396,1255.1406292875104,475.5226454867534,1,-1,-1,-1
457,2,658.525456593855,590.0909239438546,744.6187761011876,807.0533277517384,1,-1,-1,-1
457,4,750.4967360347338,575.5875731830597,873.0403276928631,783.8849563855243,1,-1,-1,-1
458,1,1181.4620178059756,274.6912763289437,1256.6392314530221,476.84759142645026,1,-1,-1,-1
458,2,656.3032679548669,586.9356360902535,742.7959735985706,804.6070384486335,1,-1,-1,-1
458,4,749.5866721007442,575.6331215523753,873.6590442328016,783.6446246728837,1,-1,-1,-1
459,1,1182.985310226559,277.88888076438394,1257.4131962486001,478.34229212824675,1,-1,-1,-1
459,2,654.5598169212767,584.4851179799167,741.808505220008,803.7623676864312,1,-1,-1,-1
460,1,1184.4587694078273,282.61394818850516,1258.6889371028014,483.1196968348237,1,-1,-1,-1
460,2,650.6749289738747,580.6463646647936,737.9205389083377,799.1239967788266,1,-1,-1,-1
461,1,1185.392026061345,285.83803505488675,1259.4172095480321,486.16394476354907,1,-1,-1,-1
461,2,649.3271873763028,578.6736345075036,736.1682962787614,795.7122637785126,1,-1,-1,-1
462,1,1188.253059705803,288.823016862689,1263.088433688367,491.6456094230524,1,-1,-1,-1
462,2,647.6930885341981,573.5604992977378,735.0246579628817,791.4869036343041,1,-1,-1,-1
463,1,1190.1365100440405,292.67814957227057,1264.3829248796405,494.2753594863167,1,-1,-1,-1
463,2,646.5621104446597,570.144955278074,734.2484752016906,788.5569269569891,1,-1,-1,-1
464,1,1191.568041810777,296.61252190931737,1265.5144999123863,498.14632598463356,1,-1,-1,-1
464,2,645.996760207805,566.7700382168864,733.1362674263928,783.3615690255975,1,-1,-1,-1
465,1,1192.5001788389416,299.3257830197283,1265.9667974771776,499.9391998611983,1,-1,-1,-1
465,2,645.512154463278,564.0553290069615,733.0354850967933,781.2273566315729,1,-1,-1,-1
466,1,1193.3135126129073,301.45269513316293,1266.7668284621466,501.80887518173853,1,-1,-1,-1
466,2,642.006893985581,561.5382871534971,729.8744638125877,779.3252449865022,1,-1,-1,-1
467,1,1196.8185300064206,303.13401163065294,1270.1488294259175,503.20679019054614,1,-1,-1,-1
467,2,640.1579115718521,557.9517943995439,727.6107211958623,774.5725883548257,1,-1,-1,-1
468,1,1197.9865262001886,307.4679401674856,1271.365453813392,508.05408617725186,1,-1,-1,-1
468,2,638.8783073965424,555.3029253952034,726.4567362440174,772.3762948294509,1,-1,-1,-1
469,1,1199.2268863285638,312.4276085900415,1272.5696214127013,513.7604466487927,1,-1,-1,-1
469,2,635.1342610946751,553.5913652080005,722.3961312139687,770.1801848880175,1,-1,-1,-1
470,1,1200.0578945787793,316.72262045809924,1272.9955212468983,517.3905388053523,1,-1,-1,-1
470,2,633.8964626942659,549.2703396234715,720.8218755041167,764.6127421113853,1,-1,-1,-1
471,1,1200.993590303114,320.810465963419,1273.95040979066,521.8644383772958,1,-1,-1,-1
471,2,633.2792780154894,546.3136156406086,720.3211695256258,762.4366847431529,1,-1,-1,-1
472,1,1201.7321403422648,324.67914187288153,1274.5990007714101,525.380681900087,1,-1,-1,-1
472,2,632.9452320267142,542.0224691909698,719.404466607724,757.004602235992,1,-1,-1,-1
473,1,1205.1033748587379,329.1887269768635,1277.6799396324964,529.5479442348781,1,-1,-1,-1
473,2,631.7518700137011,538.1603418427145,718.9003954471458,755.3534448429466,1,-1,-1,-1
474,1,1206.7241366531355,332.575441789989,1278.773156560171,531.7636254277854,1,-1,-1,-1
474,2,631.312820767427,533.5202935266449,717.9320417536347,749.527031857839,1,-1,-1,-1
475,1,1207.8075076398677,335.45527345384573,1279.337084867385,533.1984202967848,1,-1,-1,-1
475,2,630.9685289669492,531.3440115763918,716.9224788602301,745.9490394209296,1,-1,-1,-1
476,1,1208.80402024232,339.2855414051119,1280.2549811961615,536.7168373802173,1,-1,-1,-1
476,2,628.3388725018901,527.5831961287915,713.0910848893549,739.1612688169066,1,-1,-1,-1
477,1,1209.2656924570556,341.80302700614754,1280.7676630496426,539.1635083198257,1,-1,-1,-1
477,2,627.1089941894098,525.4628839626738,711.3519434310062,736.070298698589,1,-1,-1,-1
478,1,1209.543042624869,346.5627606965198,1281.4301178924,544.5032257205569,1,-1,-1,-1
478,2,626.1631326854117,520.6472931361062,710.4710864063662,731.4293243073528,1,-1,-1,-1
479,1,1209.4768234071166,349.5803247382662,1282.3164562763736,549.4854213009186,1,-1,-1,-1
479,2,625.1578128225771,516.7850657372327,710.0721498542447,729.0462898659866,1,-1,-1,-1
480,1,1212.5611763420177,352.7337641057165,1286.4443708537585,554.8978947801041,1,-1,-1,-1
480,2,624.8057144323168,512.1568039580138,709.5512652811849,723.5925765110944,1,-1,-1,-1
481,1,1213.9480375175726,355.99843425633605,1288.2431238325173,559.0316175019371,1,-1,-1,-1
481,2,623.775292484552,507.2164591196248,709.6742472627215,721.7940520174542,1,-1,-1,-1
482,1,1214.9446243012558,360.76243092716794,1289.0013727512617,562.7920188847417,1,-1,-1,-1
482,2,623.6322495083043,503.41042320881,708.9501881933973,716.1010309889664,1,-1,-1,-1
483,1,1215.3359676596624,363.82995346219724,1289.5925982921085,566.2722829125188,1,-1,-1,-1
483,2,623.384027400678,500.5089950389957,708.5828088109072,712.9512856134463,1,-1,-1,-1
484,1,1215.7478577411837,367.9171364016389,1290.1606035447553,570.7333068187962,1,-1,-1,-1
484,2,624.0725347265314,497.26844265144365,707.7830923938068,705.55357648275,1,-1,-1,-1
485,1,1215.5678400761644,371.23433440491203,1290.4040186054076,574.520411554451,1,-1,-1,-1
485,2,621.0737420102511,494.3143974471607,704.8540813186706,702.2073705836006,1,-1,-1,-1
486,1,1216.0969677212372,373.8927046115244,1290.6977995211132,576.0989913803439,1,-1,-1,-1
486,2,620.1296168662651,490.8867169498296,702.9535324190181,696.2115795044595,1,-1,-1,-1
487,1,1216.0906691753116,378.2604145702715,1291.3908728223714,581.4691572328973,1,-1,-1,-1
487,2,618.9213418911648,487.0014908086704,702.4640539186059,694.1173132616784,1,-1,-1,-1
488,1,1219.008647324311,382.4419112804966,1295.2816298730054,588.0463717075709,1,-1,-1,-1
488,2,618.6033958135009,482.4002675021539,701.6258074893811,687.9048330660785,1,-1,-1,-1
489,1,1219.7872811910263,384.946943783307,1297.1518094778003,592.7692997235395,1,-1,-1,-1
489,2,618.9903789360753,477.96458048880015,701.0451898976293,680.426658439513,1,-1,-1,-1
490,1,1220.3379842106838,389.52279162766155,1298.1821879790057,598.03260118283,1,-1,-1,-1
490,2,618.6123287860738,474.7270743848935,700.7084996175214,677.1346066165561,1,-1,-1,-1
491,1,1220.365770441676,393.4899935252908,1298.151856311311,601.3339115727124,1,-1,-1,-1
491,2,618.5308834730209,470.18823869630495,700.1167136174251,671.1580309646757,1,-1,-1,-1
492,1,1220.557636592794,397.7922680649892,1298.4309065809412,605.7935138772132,1,-1,-1,-1
492,2,617.8479958903096,466.66204157209455,699.8950441479941,669.0802250328363,1,-1,-1,-1
493,1,1220.6360416596467,400.3764511178448,1298.5023621243195,608.116452299699,1,-1,-1,-1
493,2,617.5509210182792,464.5301151613013,699.7740985559545,667.9446344256785,1,-1,-1,-1
494,1,1220.8061571949565,403.6484236546859,1298.0593387475365,609.5193999850557,1,-1,-1,-1
494,2,617.216492705942,460.07640849127904,699.7554062299781,664.6036681895526,1,-1,-1,-1
495,1,1221.1892353192222,408.9278916259621,1297.8697109630423,612.8477634385897,1,-1,-1,-1
495,2,616.6965159568415,457.37030529100264,699.2844175337138,662.3333828413464,1,-1,-1,-1
496,1,1221.0676913900215,412.60974101167045,1297.5779063672355,615.6635133692885,1,-1,-1,-1
496,2,616.3631569609191,453.5509619046922,699.8460970539259,661.469492513299,1,-1,-1,-1
497,1,1220.781970924066,416.2887511271877,1297.9032501855386,620.7252111806165,1,-1,-1,-1
497,2,616.6948629931667,450.2038034898096,699.1252139370115,656.1876675626368,1,-1,-1,-1
498,1,1220.4961661794912,418.8702745802884,1298.1320902168425,624.5080153782487,1,-1,-1,-1
498,2,616.593585085579,446.90845001228587,699.0158628636038,653.5826262144644,1,-1,-1,-1
499,1,1220.3700063606452,423.43252790625087,1298.1904176945698,629.2949032161579,1,-1,-1,-1
499,2,614.4441011766668,443.759302186002,695.8192886223154,647.6962804157585,1,-1,-1,-1
500,1,1220.4252421078559,426.9024058880243,1298.2279851013295,632.2628344924569,1,-1,-1,-1
500,2,613.3399613635562,440.00335461642317,695.1797219191853,645.4010236817048,1,-1,-1,-1
