1,57,666.0836791992188,438.341552734375,749.1913452148438,650.7940673828125,1,-1,-1,-1
1,58,915.0435180664062,429.11578369140625,998.9877319335938,630.3213500976562,1,-1,-1,-1
2,57,666.3159471719621,436.0063527004778,749.5436981986475,648.7310513583097,1,-1,-1,-1
2,58,919.4637223193585,434.40970706151535,1004.419116410626,638.1283544114799,1,-1,-1,-1
3,57,667.9805399428278,432.7589239544456,750.0520213443992,642.7089306202654,1,-1,-1,-1
3,58,921.3906082366591,437.00296016442417,1005.4123977971688,638.5699930576134,1,-1,-1,-1
4,57,669.1101423321346,426.0469141664622,750.642635679529,634.8783036663871,1,-1,-1,-1
4,58,922.1952800275441,437.79796852253037,1005.8942016697707,638.8317025309816,1,-1,-1,-1
5,57,669.6025257725042,424.5389318114826,751.1747728201385,633.7116298761036,1,-1,-1,-1
5,58,922.6138899782031,441.6206872762772,1006.3513572910241,643.1766009507062,1,-1,-1,-1
6,57,672.6281214005006,419.65194651955494,753.2266921323727,626.6119653756211,1,-1,-1,-1
6,58,923.1333437888142,445.38726721384444,1006.3817718272167,645.91561863397,1,-1,-1,-1
7,57,673.7299793062821,417.98096375826265,754.0383594695885,624.5158166128055,1,-1,-1,-1
7,58,923.269740853023,448.77723773592055,1007.2304667638781,651.2456126692043,1,-1,-1,-1
8,57,674.1253497807882,411.449166738746,754.9627816891266,619.5066028381846,1,-1,-1,-1
8,58,923.7602066289386,456.64731475376914,1007.6039061926834,658.8616292232622,1,-1,-1,-1
9,57,674.8046364993247,407.849269770278,755.1879875206455,615.1051420689637,1,-1,-1,-1
9,58,927.5980779597046,459.87036521442883,1011.262909042564,662.1329456750193,1,-1,-1,-1
10,57,675.1017670188145,406.045915650227,755.7366962093929,613.8813814318203,1,-1,-1,-1
10,58,929.1577133859687,461.49165791219707,1012.7644264313279,663.9630676138033,1,-1,-1,-1
11,57,675.7820521766288,400.109692673905,756.3067581296298,608.0720063243995,1,-1,-1,-1
11,58,929.984451550918,461.8324612809089,1013.4911879132576,664.4475824981791,1,-1,-1,-1
12,57,676.8462734789564,395.22125250326076,756.8617587435954,602.2658855347265,1,-1,-1,-1
12,58,930.8105469250955,468.3378542598498,1013.2951547505795,668.8100363633885,1,-1,-1,-1
13,57,677.611968053613,391.8947802193503,757.3349750204171,598.2410299854675,1,-1,-1,-1
13,58,931.0069835046199,473.8941811278316,1014.0334775123013,675.4244646109829,1,-1,-1,-1
14,57,678.4256932848613,387.34605373777686,757.5059241979609,592.3203115466283,1,-1,-1,-1
14,58,931.3461472426345,476.59339742894105,1014.2232669381027,677.6532297731985,1,-1,-1,-1
15,57,681.4385658140279,385.262825144005,760.3994748660828,590.2186194203888,1,-1,-1,-1
15,58,931.6245221267576,477.0381995933027,1014.9551081273291,678.7611992371636,1,-1,-1,-1
16,57,682.7991248843477,383.82818637284333,761.7851340659981,589.1652982619703,1,-1,-1,-1
16,58,931.6575606057986,483.33779587035906,1014.9367180376497,684.5418857968593,1,-1,-1,-1
17,57,684.2300603040553,380.38208530401846,762.4370165018532,584.156616531215,1,-1,-1,-1
17,58,935.0645468194164,487.9521327555042,1019.5084793049988,691.9254709479383,1,-1,-1,-1
18,57,685.2522702603236,374.9022921223811,762.5472246829437,576.5896087491426,1,-1,-1,-1
18,58,936.754784436882,491.2293159361383,1020.9776783668763,694.8663190316116,1,-1,-1,-1
19,57,685.5896778499076,372.7762767155017,762.5590115397533,573.6099447616317,1,-1,-1,-1
19,58,937.4793775182764,497.3709881298482,1021.5141104368752,701.1021478735126,1,-1,-1,-1
20,57,686.0858239099351,369.6959148471322,763.4101825460729,571.6593968217167,1,-1,-1,-1
20,58,937.7789741036125,497.455899726318,1022.3950853362284,702.9336151341845,1,-1,-1,-1
21,57,687.3090106375922,365.40986738147916,764.2707195731717,567.2491107164885,1,-1,-1,-1
21,58,938.2334924411113,503.24347988752197,1022.4155849478626,707.9328513402324,1,-1,-1,-1
22,57,688.0504439131672,363.2747258981288,764.3726583408737,564.3905463991231,1,-1,-1,-1
22,58,938.5676417063114,505.5948998689383,1022.4140716888915,709.4468481819057,1,-1,-1,-1
23,57,690.9396004733184,357.3401613556797,767.2167503690746,558.6215440535835,1,-1,-1,-1
23,58,938.7450334676446,509.0104838240968,1022.32412745763,711.3078272729097,1,-1,-1,-1
24,57,692.0245551847104,353.3835380360289,768.4733422815333,555.5181872710966,1,-1,-1,-1
24,58,939.470008873781,510.41611597899237,1022.659839753675,711.5971129782231,1,-1,-1,-1
25,57,692.7302833088704,352.2547544859492,769.2076270862374,554.3783431886827,1,-1,-1,-1
25,58,939.4374133764986,513.6853588580547,1023.6250281407321,716.9782618460189,1,-1,-1,-1
26,57,693.2377775586615,349.05674704668934,769.8477271623822,551.351622694111,1,-1,-1,-1
26,58,943.1882117526739,521.0409167787496,1027.1253556195416,723.9566778405033,1,-1,-1,-1
27,57,693.9122410149597,346.41924331264755,771.1139763158965,550.0052719892501,1,-1,-1,-1
27,58,945.0190743433272,528.3230610780636,1028.7004968640372,730.843590625373,1,-1,-1,-1
28,57,695.4179635552625,342.0714605598213,771.7459688455984,543.7039024888315,1,-1,-1,-1
28,58,945.8827805310914,531.0519818875416,1029.476897328212,734.003919115991,1,-1,-1,-1
29,57,698.3009861833535,337.9435916589533,775.090388524731,541.3612830056896,1,-1,-1,-1
29,58,945.8724989186977,535.567342904534,1030.242509040963,740.2571170014991,1,-1,-1,-1
30,57,699.4779066798646,332.8344259166735,776.324120112519,536.2038492079307,1,-1,-1,-1
30,58,946.1788216483645,537.3460299884555,1030.6995505860557,742.5639017962653,1,-1,-1,-1
31,57,700.3896711130237,330.0680631480815,777.4093604678977,533.8360646395664,1,-1,-1,-1
31,58,946.672040781162,539.23766357646,1030.6296363253198,743.3090457550832,1,-1,-1,-1
32,57,701.0132666526571,327.8555080534653,778.1365109450179,531.7130454379371,1,-1,-1,-1
32,58,946.7262251370119,540.1934407795869,1030.8349263039017,744.6467967353968,1,-1,-1,-1
33,57,701.8735064623486,322.39395015168054,779.2920080767843,527.1543969168504,1,-1,-1,-1
33,58,946.9557773097555,545.2583743449134,1030.8193637297145,749.893911326553,1,-1,-1,-1
34,57,702.1815788900163,320.4302504362707,779.657288200999,524.9589795884556,1,-1,-1,-1
34,58,947.0293350548453,546.6650943342196,1031.3865305501636,752.391531639842,1,-1,-1,-1
35,57,702.9205810379221,318.91773241156596,780.2225788629205,523.6062023513269,1,-1,-1,-1
35,58,947.7462595379335,552.9768116794495,1030.858280155581,756.1926885096203,1,-1,-1,-1
36,57,706.6251066850926,311.0096863007997,783.3429753218451,514.5418917307506,1,-1,-1,-1
36,58,951.4181113880246,558.5340534022178,1035.2175021866733,764.2661938716667,1,-1,-1,-1
37,57,707.8849343612471,306.3066511323807,785.0689505359213,510.84660240210104,1,-1,-1,-1
37,58,953.8727574319397,563.1184113627318,1036.2529159837216,766.1523365961343,1,-1,-1,-1
38,57,708.5389844671662,305.02710290196296,786.0247643399472,509.8598316193885,1,-1,-1,-1
38,58,954.1717920294112,567.8659176900001,1037.0603079190469,772.5416013200793,1,-1,-1,-1
39,57,708.943203024175,303.61178083047105,786.6639216959153,508.7651437167767,1,-1,-1,-1
39,58,955.139631250985,570.331544570248,1037.2203275377838,773.8365786719629,1,-1,-1,-1
40,57,709.2987392613246,297.51727500379144,787.1376362626328,502.8289518783969,1,-1,-1,-1
40,58,955.6670046807749,573.0973489285162,1037.0859399243818,775.4456335737602,1,-1,-1,-1
41,57,709.470834928103,294.5968137036233,787.5343559894592,500.4255932161508,1,-1,-1,-1
41,58,955.916041168668,573.2577835017922,1037.13097956437,775.8667208674053,1,-1,-1,-1
42,57,710.2001973728197,289.60516328893425,787.8700345951213,494.942802974658,1,-1,-1,-1
42,58,956.3794741436352,578.5574409713118,1037.5338015243797,781.1720511816818,1,-1,-1,-1
43,57,711.1744675529332,287.67483224833256,788.2059550778132,492.25442618266004,1,-1,-1,-1
43,58,956.8828009333843,581.0137435863371,1037.7052712757124,782.6588359529226,1,-1,-1,-1
44,57,711.7070098666316,284.7912258862606,788.1173776185332,487.5894356706035,1,-1,-1,-1
44,58,956.9628093474581,581.5373424671612,1038.081853899844,783.4261055411894,1,-1,-1,-1
45,57,715.2471451878774,283.8905660613008,790.9816691615893,484.7712024568589,1,-1,-1,-1
45,58,960.9782940938028,585.9784738263739,1041.5432562048882,787.5606107923646,1,-1,-1,-1
46,57,716.7333071108468,282.0519018397613,792.3659748289805,483.09917627865445,1,-1,-1,-1
46,58,962.3215092386992,591.0750359618892,1043.8625394913374,795.1290745336792,1,-1,-1,-1
47,57,717.447226815347,276.89924689851233,792.9638020931346,477.6647360503496,1,-1,-1,-1
47,58,963.5638777704677,590.353817746111,1044.3212649219508,792.4988706949355,1,-1,-1,-1
48,57,718.0570919322798,273.57824463931445,793.745805736906,475.22921911360675,1,-1,-1,-1
48,58,963.4518649228382,594.6562192885215,1044.8938260045418,798.3384571016594,1,-1,-1,-1
49,57,718.8694205708257,269.8151481862778,794.4908736155465,471.19734546595134,1,-1,-1,-1
49,58,963.6452055322561,595.660190694909,1045.1516894507956,800.0554356555512,1,-1,-1,-1
50,57,720.3325054848906,266.3438099097199,795.0993789117595,466.97984286135716,1,-1,-1,-1
50,58,964.4461222313844,600.1053752771784,1045.9386879389626,804.0865333763468,1,-1,-1,-1
51,57,720.8646835948773,266.0098777434829,795.4999384927262,466.5726020551784,1,-1,-1,-1
51,58,963.9636103067832,605.8049961526688,1046.5666605796266,811.7385066361115,1,-1,-1,-1
52,57,723.8874865412637,260.63184334968264,798.1777514693614,460.7772112091849,1,-1,-1,-1
52,58,963.7945232877474,605.2734782232556,1046.3763964340371,810.4541591844151,1,-1,-1,-1
53,57,725.4144477858629,255.69458284467112,799.2052629071412,455.125977475911,1,-1,-1,-1
53,58,967.6372616116595,609.5781035558357,1050.5526939165131,815.0131022653148,1,-1,-1,-1
54,57,726.1487009187476,253.25892341671613,800.0690285751169,453.2071728193873,1,-1,-1,-1
54,58,969.3056365956467,611.7738320274235,1052.3639292287276,816.8751311355998,1,-1,-1,-1
55,57,726.7567436900547,252.60783466958466,800.8241464059249,453.0498649905685,1,-1,-1,-1
55,58,970.3951460948115,616.5473994444901,1052.9651297215241,820.5703643897705,1,-1,-1,-1
56,57,727.0672938574521,247.69313076275208,800.9892740738303,447.50233363451264,1,-1,-1,-1
56,58,970.9934372841533,622.8100036387115,1054.0565106528784,827.295888857591,1,-1,-1,-1
57,57,727.9835322670509,245.31405344512552,801.6064042977816,444.73129599325216,1,-1,-1,-1
57,58,971.3408594068002,626.0542911184704,1054.6064027844445,830.5629500276547,1,-1,-1,-1
58,57,728.7205594494212,244.37237130412063,801.9865246003229,443.4183708634945,1,-1,-1,-1
58,58,971.619496141907,623.1604449528985,1055.1369181664813,827.2628802191074,1,-1,-1,-1
59,57,728.8630341775365,240.73609875058366,802.8381993156777,442.14327882939335,1,-1,-1,-1
59,58,971.4898522090419,625.7690437537071,1055.7790539246814,831.0195535985807,1,-1,-1,-1
60,57,731.7805667343587,237.79065821507498,805.2811862959597,438.4009901784621,1,-1,-1,-1
60,58,974.9736647348931,630.698424392613,1059.396084205467,836.5580371257894,1,-1,-1,-1
61,57,733.3946150774013,235.22080586659257,807.2230943418334,436.58335138155695,1,-1,-1,-1
61,58,975.8264878186362,628.3832415662642,1061.3312762088822,835.9342287416365,1,-1,-1,-1
62,57,734.2277518033801,230.55606452827638,807.9730531242086,431.11038487582607,1,-1,-1,-1
62,58,976.499402257971,632.2318070996632,1061.707957342968,839.3450425530184,1,-1,-1,-1
63,57,734.7303354085362,228.71825917196503,808.7956725528055,429.22653574275324,1,-1,-1,-1
63,58,977.0148806731472,634.6398227474716,1061.8563319836317,841.6610048837615,1,-1,-1,-1
64,57,734.6224038814219,222.35728980602204,809.5124301388976,424.9335308201356,1,-1,-1,-1
64,58,977.036369113528,637.4676203166994,1062.9419655990848,846.7377655602122,1,-1,-1,-1
65,57,734.985181146866,224.1742904230131,810.4046521808813,427.3980715586001,1,-1,-1,-1
65,58,977.6949117828229,639.9028006909906,1063.614224888704,849.120537146065,1,-1,-1,-1
66,57,736.0692795740247,223.37718824642207,811.2257041146543,426.66192469768475,1,-1,-1,-1
66,58,977.5178961467913,646.2725327707146,1063.9002360396616,855.5224071294447,1,-1,-1,-1
67,57,736.3613950862307,220.75990504653302,811.6688024797041,424.42989134993104,1,-1,-1,-1
67,58,977.6607972876931,648.8807065066212,1064.5630661589912,858.118856443688,1,-1,-1,-1
68,57,738.996058623044,214.60286598204155,814.4480785252392,418.0640820743479,1,-1,-1,-1
68,58,981.511193200783,650.2664540891662,1068.4134940670288,859.0962527360034,1,-1,-1,-1
69,57,739.9010916984631,216.1085751174642,815.6287320683088,419.7698052293408,1,-1,-1,-1
69,58,982.8056183395344,653.4358773552462,1070.5851794169632,863.5798900381416,1,-1,-1,-1
70,57,740.4285415365316,212.675607827607,816.554583800003,416.9374677026011,1,-1,-1,-1
70,58,984.3084775989084,655.6753377072586,1071.1916923013785,864.3738761381022,1,-1,-1,-1
71,57,740.6263106428718,209.9932765195698,817.5284410836939,415.4811809805733,1,-1,-1,-1
71,58,984.7103120929872,656.4525590765276,1071.8175755955795,865.6157748752418,1,-1,-1,-1
72,57,740.7964848197539,206.33124661562624,818.9781214281604,415.21139408207387,1,-1,-1,-1
72,58,985.0544453509974,662.7554219204894,1072.181233772566,872.176120547985,1,-1,-1,-1
73,57,740.3173472064875,204.2437149771351,819.3368195852154,414.500630574321,1,-1,-1,-1
73,58,985.793848937003,665.325504910866,1072.5016749273307,874.4728238504324,1,-1,-1,-1
74,57,740.7826733334737,200.0795472903342,819.2645094024591,408.9333741576387,1,-1,-1,-1
74,58,986.2223775457287,666.3398288186054,1072.6039145814875,874.4746103343315,1,-1,-1,-1
75,57,741.0197888365032,197.35463338673387,819.8851706549693,406.57696368078757,1,-1,-1,-1
75,58,986.4859378160526,667.0477219444336,1072.6853883614087,874.8976946516119,1,-1,-1,-1
76,57,741.6310951383357,197.67330120160074,820.3129015620267,405.68504608487007,1,-1,-1,-1
76,58,986.7540939714801,670.4125803638015,1072.9756829604605,878.5949826530053,1,-1,-1,-1
77,57,743.196944669231,193.40017272766647,820.6595644964198,398.8211858056861,1,-1,-1,-1
77,58,990.1383247949758,673.7854649806909,1075.8576062424456,881.45146246593,1,-1,-1,-1
78,57,744.1716423663624,192.55396350833888,820.8542020293082,396.1386605587396,1,-1,-1,-1
78,58,991.5623614174589,674.4250505926287,1077.5060980300125,883.0808783188489,1,-1,-1,-1
79,57,746.7721363072088,191.20485155611976,823.6028769777982,395.50482649270725,1,-1,-1,-1
79,58,992.1983389684223,677.603983641925,1078.6860319770253,887.4397188138379,1,-1,-1,-1
80,57,748.5618041211175,188.4224097733264,824.5628011586901,391.03243696249547,1,-1,-1,-1
80,58,992.6626060310176,680.1871767801804,1078.9398004837494,889.2287298740183,1,-1,-1,-1
81,57,748.6551505016563,187.56825349029896,824.8403262382296,390.02507080135456,1,-1,-1,-1
81,58,992.9315046140739,680.2180029823219,1079.5234824214394,889.8944046701588,1,-1,-1,-1
82,57,749.4335590017765,184.8152780878323,826.1448787884734,389.22650001820125,1,-1,-1,-1
82,58,993.228948753354,685.3268101181327,1079.9838969413158,895.3949249043787,1,-1,-1,-1
83,57,750.6498322468226,180.8492740218196,826.9088906826508,384.7905331160688,1,-1,-1,-1
83,58,993.298176731623,682.7928274718469,1080.6952372801154,893.1881733372268,1,-1,-1,-1
84,57,751.5029806283834,181.99708650381774,827.687581438059,386.1638411783001,1,-1,-1,-1
84,58,997.6308725547503,685.855673108094,1084.2834909666478,895.1073354212836,1,-1,-1,-1
85,57,751.5626981772741,176.31797096692847,828.3989436586896,382.36725963859885,1,-1,-1,-1
85,58,999.2847146136106,687.5951967994482,1086.195342640228,897.2989782187963,1,-1,-1,-1
86,57,752.5462232410732,178.34003998655504,828.2858608909817,381.6746283088817,1,-1,-1,-1
86,58,1000.3065674063582,689.2229195586954,1087.168159247131,898.3027682843383,1,-1,-1,-1
87,57,754.8799565977217,178.33124954848535,830.6307122257997,381.7382280165656,1,-1,-1,-1
87,58,1001.0666189923467,690.310017154712,1087.256700080943,898.5367206635203,1,-1,-1,-1
88,57,756.4081854650383,173.13866570519366,831.9467768511533,376.43623946150194,1,-1,-1,-1
88,58,1001.3104155167608,693.921774201676,1087.7126525747385,902.4407188717357,1,-1,-1,-1
89,57,756.4503996951491,169.28802964705295,832.5525528360524,373.86143530730374,1,-1,-1,-1
89,58,1001.8989297221088,695.609504057843,1088.022994790922,903.6246729143088,1,-1,-1,-1
90,57,757.1718062326397,168.2804616762266,833.675910492034,374.0800787715367,1,-1,-1,-1
90,58,1002.1332080215304,697.3015046534829,1088.0917313045481,905.114494750829,1,-1,-1,-1
91,57,758.1908535218673,170.0032364958003,834.1664573473827,374.04070103365063,1,-1,-1,-1
91,58,1002.5554030070109,697.8303618305382,1088.3030370167364,905.5558095477213,1,-1,-1,-1
92,57,759.899531909684,165.82489477261112,834.7078750246965,367.69256393292403,1,-1,-1,-1
92,58,1006.0403648206118,701.2513463198856,1092.0488398582208,909.8162299783631,1,-1,-1,-1
93,57,761.1150511254987,164.01602170449718,835.3854057215451,364.83631024052704,1,-1,-1,-1
93,58,1007.47181366697,702.7447711085574,1094.3486114584252,912.6076791053367,1,-1,-1,-1
94,57,763.2732603037751,163.15455457199144,837.7272221481842,364.40891394103335,1,-1,-1,-1
94,58,1008.3104423043231,705.0690351197998,1095.0899233568118,914.9581586116619,1,-1,-1,-1
95,57,763.843772058607,160.03056591999984,839.5318469367689,364.7786545634699,1,-1,-1,-1
95,58,1008.6239101147859,703.6554451484843,1096.2659193276938,914.813925993,1,-1,-1,-1
96,57,764.8271337949517,158.66054350874043,840.7727964059939,364.67695480648615,1,-1,-1,-1
96,58,1009.0856737621577,708.263847063627,1096.6727519731037,919.3821252112883,1,-1,-1,-1
97,57,765.5504178848023,158.53873077965957,841.7227091597068,365.6352487080071,1,-1,-1,-1
97,58,1009.252663724708,710.9870177852148,1096.7568085518374,921.8363641270428,1,-1,-1,-1
98,57,766.0597786511036,157.92733008606552,842.4071772518819,365.67025268620296,1,-1,-1,-1
98,58,1009.2281894094349,711.9785526376514,1097.6125391814498,923.8143883712868,1,-1,-1,-1
99,57,766.7598330815536,153.7173051956667,843.222999489265,361.363834707052,1,-1,-1,-1
99,58,1013.5606606173625,711.1365827404882,1101.0229894587167,921.8467262192017,1,-1,-1,-1
100,57,767.4745951816969,151.39879157924472,844.0192929432425,359.4016619525514,1,-1,-1,-1
100,58,1015.472310899917,710.9344251998823,1102.7418303217303,921.1350033369777,1,-1,-1,-1
101,57,768.1724768423369,151.52909154922793,844.4729419004723,358.9508194380967,1,-1,-1,-1
101,58,1016.3463486839647,716.3974646143378,1103.5402685561521,925.6476472646715,1,-1,-1,-1
102,57,770.8618420132232,152.87356571254827,846.5522460903243,358.6191387961467,1,-1,-1,-1
102,58,1016.9373374835968,715.4406645785061,1103.8242289271016,923.8126222174426,1,-1,-1,-1
103,57,772.1069007492245,155.02114413160552,846.9786525176459,358.31220951286696,1,-1,-1,-1
103,58,1017.8432704884461,715.0426044655037,1103.8914360498097,921.9291962142545,1,-1,-1,-1
104,57,772.4709557940059,153.87569682820933,847.785058082593,358.0411621198267,1,-1,-1,-1
104,58,1018.3130248628611,718.1276011639044,1104.5206062648015,925.5951599586797,1,-1,-1,-1
105,57,773.1063003050695,147.1761203402857,849.154719461455,353.8106496744515,1,-1,-1,-1
105,58,1018.3992636935278,720.0042649972479,1105.032403178377,927.615380299823,1,-1,-1,-1
106,57,773.5567913983748,144.63701202868916,849.6307867309538,351.7832320137146,1,-1,-1,-1
106,58,1021.7077985231389,719.675781304802,1108.4672988756745,927.8380575693363,1,-1,-1,-1
107,57,774.7645107778923,147.9622719806572,850.7407848695036,355.545657736885,1,-1,-1,-1
107,58,1023.3837894313399,721.0724431197352,1110.1805772922874,929.5220355504968,1,-1,-1,-1
108,57,775.4408782468512,148.38938443881096,850.5647769984864,352.8549959923197,1,-1,-1,-1
108,58,1024.073238016474,720.0159096206933,1110.6300550744988,928.5755223566966,1,-1,-1,-1
109,57,776.899000187662,147.6835726047379,851.1724999501614,350.1509815875346,1,-1,-1,-1
109,58,1024.9742202305429,720.1323110469718,1110.8464334358407,927.9159045742845,1,-1,-1,-1
110,57,776.957350844302,144.01010278526994,852.1039902039162,348.9299734460669,1,-1,-1,-1
110,58,1025.3965076229283,719.7991367547778,1111.2779798248232,928.1633673207535,1,-1,-1,-1
111,57,779.4360615911864,145.3780968380137,853.8525589564878,348.3594284983162,1,-1,-1,-1
111,58,1025.127087857712,720.3701051666773,1112.0793115127515,930.3859481448512,1,-1,-1,-1
112,57,780.4880484089748,145.89092314480268,854.9840997267668,349.3390275384071,1,-1,-1,-1
112,58,1025.2143544917158,720.4840634691286,1112.4173819620971,930.6820436450046,1,-1,-1,-1
113,57,782.0739520215758,142.5577774718634,856.0504241913018,344.83418983038655,1,-1,-1,-1
113,58,1025.508922174863,723.8737333633323,1113.1084892332506,934.7580870869358,1,-1,-1,-1
114,57,783.2139637773223,141.0860935669868,856.7006730153745,342.68336228919964,1,-1,-1,-1
114,58,1026.0465205685093,721.8604280860004,1113.2857697341942,931.284479338309,1,-1,-1,-1
115,57,784.3110723962168,140.93691616898116,857.7310829555521,342.63925989858245,1,-1,-1,-1
115,58,1029.5558261504932,723.9233252437941,1117.416560441995,935.0281355140647,1,-1,-1,-1
116,57,784.3152959265499,140.92866708917984,859.1622135773898,347.346464746778,1,-1,-1,-1
116,58,1031.073802665276,727.4009517681419,1118.80870767914,937.8226129353582,1,-1,-1,-1
117,57,784.6718575999682,142.85771429743912,860.0592109078573,350.31502212380883,1,-1,-1,-1
117,58,1032.1284393143255,727.3450423848815,1119.5474694471657,937.0156049825703,1,-1,-1,-1
118,57,787.5519547684455,141.92261502525605,861.7201588653235,345.3446695802446,1,-1,-1,-1
118,58,1032.8989767105588,724.1295073113172,1119.8011537784275,932.6441078455827,1,-1,-1,-1
119,57,788.5861539187289,140.66652797208957,862.8444390698781,343.4769915643443,1,-1,-1,-1
119,58,1033.6196874089183,726.5578115902913,1119.9965438738793,934.3046666246637,1,-1,-1,-1
120,57,788.1916239006202,139.80633749115975,865.0349956936717,349.31888340031264,1,-1,-1,-1
120,58,1034.113145803275,726.7788746086455,1120.5097089055344,934.743712469193,1,-1,-1,-1
121,57,789.0107600839339,140.39684835165752,866.2174971013001,351.3826548960733,1,-1,-1,-1
121,58,1034.337462498951,727.154293873661,1121.0539512954178,935.6415917536247,1,-1,-1,-1
122,57,791.0481965966355,140.53999396795763,866.2063561668942,346.3150106102312,1,-1,-1,-1
122,58,1037.6505353038433,726.6994807337469,1124.4196070087462,935.4468771488317,1,-1,-1,-1
123,57,791.3075815767316,138.74735284974133,866.5657697127631,344.3468650435374,1,-1,-1,-1
123,58,1035.817146593346,728.2477772667362,1122.3193605132842,936.6871752594752,1,-1,-1,-1
124,57,791.7266021573881,141.46976949618522,867.2571522830399,347.82945180562035,1,-1,-1,-1
124,58,1038.5893540321117,729.3024349748345,1125.1315411434573,937.7217763574566,1,-1,-1,-1
125,57,792.892412855863,141.70760785766385,867.45721194685,344.5952601855546,1,-1,-1,-1
125,58,1039.9624664495298,730.3234563545266,1125.8987797631723,937.9226772026971,1,-1,-1,-1
126,57,795.2407923046744,140.79447591072366,869.9893325517363,344.01272203711005,1,-1,-1,-1
126,58,1040.662276364881,727.7332296101861,1127.305159097647,937.3454944364157,1,-1,-1,-1
127,57,796.3467051486945,139.72137256171212,871.5642382902569,344.30270558802135,1,-1,-1,-1
127,58,1041.4118478578032,727.8477478337871,1127.610304709806,936.1268319372596,1,-1,-1,-1
128,57,796.4425445432552,140.12926702714947,873.3103479142253,348.598066079802,1,-1,-1,-1
128,58,1041.6787688593338,727.6704901321965,1128.5054284787013,937.591169609518,1,-1,-1,-1
129,57,797.3877667969375,137.5434546883568,874.4813818081857,345.5781406281212,1,-1,-1,-1
129,58,1041.6095571135263,726.2796229812839,1129.4026655600176,937.3821953691408,1,-1,-1,-1
130,57,798.4850216288879,135.76152507957315,875.6161678706313,344.34312024618896,1,-1,-1,-1
130,58,1045.3048117077087,726.531181921553,1133.434728705865,937.9235881506686,1,-1,-1,-1
131,57,798.6298626582759,138.24064905850426,876.5443816724093,349.2825247599004,1,-1,-1,-1
131,58,1047.4498169562953,728.7059749621419,1134.0653040283105,937.6089888123463,1,-1,-1,-1
132,57,799.5116641035063,139.28523234409528,876.588114338249,346.58372560617795,1,-1,-1,-1
132,58,1048.236415562304,726.4731966422316,1135.4221656200336,936.4464276077799,1,-1,-1,-1
133,57,801.973900533172,137.60281246355072,879.2868291540791,345.3964843427648,1,-1,-1,-1
133,58,1048.9633434507464,726.6844942157759,1135.7553551218273,935.870730652279,1,-1,-1,-1
134,57,803.2319387749436,137.02619625504485,880.7896044007944,345.2252316756775,1,-1,-1,-1
134,58,1049.193268036416,727.7948988231258,1136.4666647339236,937.6022961236849,1,-1,-1,-1
135,57,803.8315974328075,137.07920294068822,881.1537483713241,344.3547955215381,1,-1,-1,-1
135,58,1049.3228844084092,727.3906390476699,1137.2173625233956,938.2273284337572,1,-1,-1,-1
136,57,803.8706512145288,137.32015372732326,881.640518219221,345.3873262057941,1,-1,-1,-1
136,58,1049.5812637507086,723.1708315882141,1137.3457617693446,933.4410581125085,1,-1,-1,-1
137,57,804.1445609586165,137.9639818269686,881.6632184613253,344.99890850069914,1,-1,-1,-1
137,58,1049.9420846434195,726.6704895204745,1137.4269055469892,935.5910114886581,1,-1,-1,-1
138,57,805.7111395849655,139.00009022783212,882.6302101888996,344.89796323855523,1,-1,-1,-1
138,58,1053.2705285807056,722.5484323276851,1141.1020720118302,932.0031066387846,1,-1,-1,-1
139,57,806.427535795084,142.41974960782366,883.44889356562,349.3629958884685,1,-1,-1,-1
139,58,1054.6285460753102,725.5706022770385,1142.7469976292496,935.2322989261801,1,-1,-1,-1
140,57,806.701826484188,141.21474321319704,883.4378431624089,346.57549907206476,1,-1,-1,-1
140,58,1055.2652662938638,721.5952385230223,1143.5604455211198,931.3795572208456,1,-1,-1,-1
141,57,807.746612470449,141.19801271070918,883.9630742251151,344.76214252960983,1,-1,-1,-1
141,58,1055.7931848929622,720.6053436020808,1144.0136374407728,930.3431199961481,1,-1,-1,-1
142,57,808.4003038786338,146.3893010469636,884.4012418115739,348.789396260525,1,-1,-1,-1
142,58,1055.8297753240056,720.4187261545308,1144.289370143793,930.5736952548125,1,-1,-1,-1
143,57,810.1203764687473,143.82712123793374,887.6332849713469,350.4272799143497,1,-1,-1,-1
143,58,1055.5835707780407,719.3981013978536,1145.1703238926298,931.3525522927682,1,-1,-1,-1
144,57,811.0710563556299,143.07785189252218,889.0228054808143,350.7798570274301,1,-1,-1,-1
144,58,1055.9549654566688,717.9238176398254,1145.8407770610497,930.11783205929,1,-1,-1,-1
145,57,811.9642579270323,145.60377525692167,889.3153461721358,351.43915186939694,1,-1,-1,-1
145,58,1056.4416188989846,717.3694714867402,1145.6005653825134,928.3438455053298,1,-1,-1,-1
146,57,813.3369977127388,146.45070443217594,890.2775708934608,352.0346191446896,1,-1,-1,-1
146,58,1056.7474609816795,717.0441567130185,1145.9704590117728,928.064762671798,1,-1,-1,-1
147,57,813.8301864778537,151.02725941272325,891.2636141520893,357.2539156370141,1,-1,-1,-1
147,58,1057.2838612862404,717.3962184732845,1145.7634740304288,927.1882360089842,1,-1,-1,-1
148,57,814.6201016698831,151.7819223758376,892.0519246789088,358.53680435109356,1,-1,-1,-1
148,58,1060.6117851884355,717.0320465140726,1150.0759048811285,928.6360750660608,1,-1,-1,-1
149,57,815.0485564568716,150.30372221745958,893.4070899576419,359.29190497950583,1,-1,-1,-1
149,58,1062.322012656754,714.2602088372429,1151.287337781153,924.5877558280598,1,-1,-1,-1
150,57,815.9876924426575,153.7545793778126,892.9321680792867,359.0671704824451,1,-1,-1,-1
150,58,1063.0371013388958,712.0686579362657,1152.1676854803504,922.7810307043246,1,-1,-1,-1
151,57,818.4972560045877,155.82522743555143,894.9668744912616,359.48993208141644,1,-1,-1,-1
151,58,1064.1063675051932,711.1612510427467,1152.532202871936,920.7690694024736,1,-1,-1,-1
152,57,819.5298730108867,155.91868075947468,896.2235668346676,360.0693913820312,1,-1,-1,-1
152,58,1064.4445544396028,712.0087511204683,1152.9918262022984,921.5953300461044,1,-1,-1,-1
153,57,820.1749490337517,155.40772672287642,896.9615541172457,360.1661002871356,1,-1,-1,-1
153,58,1064.9864030408185,710.6222364602124,1153.571613206949,920.0543960256988,1,-1,-1,-1
154,57,821.2681205737713,156.03176512695484,897.9017194791872,360.6849026637834,1,-1,-1,-1
154,58,1065.1736176444608,706.7331344067092,1154.1952996102127,916.5644377515624,1,-1,-1,-1
155,57,821.4660503284678,158.31609607419082,898.945647564072,365.00869383634335,1,-1,-1,-1
155,58,1068.5256250051455,705.6469649586793,1157.26819272394,914.8312074639872,1,-1,-1,-1
156,57,822.705283429456,159.47212514832756,899.4267963628122,365.29211112160215,1,-1,-1,-1
156,58,1070.0788969581452,707.5741970832757,1159.2340477255864,917.4374998641894,1,-1,-1,-1
157,57,824.2999844068939,158.82350459670593,899.8480791230518,361.3597495374987,1,-1,-1,-1
157,58,1070.5961412180166,704.9690085250638,1160.2298715750042,916.0471858548053,1,-1,-1,-1
158,57,826.7357086059703,161.7577436446765,902.5504750248372,364.92118567076307,1,-1,-1,-1
158,58,1070.975691390595,703.964932939823,1160.91860491386,915.8570841983075,1,-1,-1,-1
159,57,827.8264661019086,162.55970234587852,903.8324272254599,366.666037708566,1,-1,-1,-1
159,58,1071.0883405007755,698.067170734257,1161.26075764267,910.9111134425798,1,-1,-1,-1
160,57,828.0792438265762,165.80710845558613,905.3972889191691,372.95927156864104,1,-1,-1,-1
160,58,1071.6352516268946,695.8563046167278,1161.482990030736,908.5274016493381,1,-1,-1,-1
161,57,828.2645908987429,164.85144217188315,905.6944561064068,370.69985813790356,1,-1,-1,-1
161,58,1072.5987090302044,699.0129224637449,1162.3097614454987,911.5770815943331,1,-1,-1,-1
162,57,828.61589312936,166.95664322085656,906.9773934491266,375.04894756372926,1,-1,-1,-1
162,58,1073.2045940991502,697.083006776447,1161.982265591345,907.9467046616471,1,-1,-1,-1
163,57,829.269044992572,168.64406870618407,908.0709462798294,377.42452375641585,1,-1,-1,-1
163,58,1077.163997275318,696.4717769758566,1165.5219369979911,906.6750571271721,1,-1,-1,-1
164,57,830.0723778536687,170.8814872595061,908.2331594798686,378.2899812804566,1,-1,-1,-1
164,58,1078.9314251964606,694.7146198506598,1167.1091534154682,904.9827388260646,1,-1,-1,-1
165,57,830.1761056275632,172.19471642086876,909.7433889897949,383.11664578829107,1,-1,-1,-1
165,58,1080.344220044343,694.6912662573857,1167.611959776879,903.583686358464,1,-1,-1,-1
166,57,832.6912216050214,173.51271386740063,912.5491888817945,385.1981924412048,1,-1,-1,-1
166,58,1080.4687480522455,694.1387986335699,1168.5089217202421,904.5369094120192,1,-1,-1,-1
167,57,834.22344416392,176.50752884104764,913.1701242216807,385.5092817469965,1,-1,-1,-1
167,58,1081.5465859622632,689.6547978882817,1168.6658446780366,898.2147114973227,1,-1,-1,-1
168,57,835.2309587948236,179.6854167829501,913.1792243267109,385.55208399265086,1,-1,-1,-1
168,58,1081.2676448985098,687.9548738337913,1169.4393802703682,898.6462507278062,1,-1,-1,-1
169,57,835.1256370702313,181.3675352056692,914.1551811588618,390.1398969007299,1,-1,-1,-1
169,58,1081.5020315243437,683.0322196078826,1169.264174406781,893.2150813810367,1,-1,-1,-1
170,57,835.6003539022305,184.25298069057555,914.6532720926073,392.9590301132057,1,-1,-1,-1
170,58,1081.7887834907042,680.0493766119704,1169.3737376388972,890.2328405620517,1,-1,-1,-1
171,57,835.8894983290566,182.4014662009725,915.5958615535545,392.23717541800755,1,-1,-1,-1
171,58,1084.998855927781,678.6494406430031,1173.0310112835177,889.5023827737864,1,-1,-1,-1
172,57,836.9093811619723,183.4981811421038,916.491347432098,393.41551373638345,1,-1,-1,-1
172,58,1086.634871054901,677.6579090816745,1174.4003669016656,887.967890629214,1,-1,-1,-1
173,57,838.3570053283693,187.1178099832456,916.6190875387308,393.6442172059185,1,-1,-1,-1
173,58,1087.7239651719933,676.8247981829722,1174.9211253542003,886.9180807893192,1,-1,-1,-1
174,57,839.4300789505718,188.7655392748568,917.1299939339107,393.3427538995869,1,-1,-1,-1
174,58,1087.4627389884913,672.2622845601084,1175.9624260752262,885.1926160485962,1,-1,-1,-1
175,57,841.8338161996883,194.7761889905944,919.3131467219022,398.51216375869717,1,-1,-1,-1
175,58,1088.6537189811866,674.6009492676766,1176.1266490544406,886.2576350616847,1,-1,-1,-1
176,57,842.6509444821712,197.06591775902075,921.4773553932537,404.40652433624143,1,-1,-1,-1
176,58,1088.3390790632975,671.2761139721312,1176.6899125364653,885.1911465308472,1,-1,-1,-1
177,57,843.045362890061,198.0728808088543,922.3821110468258,405.945195406542,1,-1,-1,-1
177,58,1088.93866002413,669.0813176533688,1176.953422293268,882.2919716094304,1,-1,-1,-1
178,57,843.4114705141773,198.81064402207073,923.0164313713173,407.05062767556444,1,-1,-1,-1
178,58,1089.7110999730335,668.9403531674146,1176.752216402746,879.9928577943327,1,-1,-1,-1
179,57,844.3392991922619,199.24003308253123,924.091619558692,407.3118338155217,1,-1,-1,-1
179,58,1090.2624291039856,664.030125897089,1177.1502071429716,874.2711385536409,1,-1,-1,-1
180,57,846.029011352138,203.42923083055032,924.6736717524755,408.9340681365105,1,-1,-1,-1
180,58,1094.0046265392598,661.8070101745471,1180.6791773983116,871.7021541097473,1,-1,-1,-1
181,57,846.3330319993647,206.73601330942589,925.554087554716,414.31998344820795,1,-1,-1,-1
181,58,1095.528911806361,657.6842279682351,1182.6292894981168,867.6600747531456,1,-1,-1,-1
182,57,849.0677799747222,207.79588195119675,928.4547842062175,416.07033365620816,1,-1,-1,-1
182,58,1096.6142245565259,655.3429289033847,1183.3523672044932,863.9171080590282,1,-1,-1,-1
183,57,850.3803019936997,212.4025276691383,929.8008655547773,420.6867850876706,1,-1,-1,-1
183,58,1097.2435810454663,654.6807820233778,1184.0576066285162,862.6934186214403,1,-1,-1,-1
184,57,851.2163592526907,217.42969701729442,929.8800727217567,423.7404691380967,1,-1,-1,-1
184,58,1097.752260344339,649.6721844934283,1184.6205850377737,857.8023323799503,1,-1,-1,-1
185,57,851.7848613873427,220.33903405418812,930.0427310577535,425.3447878114897,1,-1,-1,-1
185,58,1098.3412873132074,649.3562366439384,1184.7477838254433,856.4562789821568,1,-1,-1,-1
186,57,852.4445289497327,219.43860576032415,930.9946861043443,425.3942303458424,1,-1,-1,-1
186,58,1098.9337795586948,647.4583851571697,1184.8718838961427,853.6417811773534,1,-1,-1,-1
187,57,852.9124049489669,221.8261119989479,932.2612280137279,429.8051221538284,1,-1,-1,-1
187,58,1101.9207970799118,643.1136659562475,1188.2269879009748,850.1334541604639,1,-1,-1,-1
188,57,855.0985048939152,227.2362946212825,932.5186570234544,431.01608558971293,1,-1,-1,-1
188,58,1103.5185765065662,640.4704331043101,1190.0623760513931,848.3904460034479,1,-1,-1,-1
189,57,855.8374886305924,226.62753144095305,932.8987554908621,430.38883614281553,1,-1,-1,-1
189,58,1104.5518693249726,639.3291753501362,1190.74504585303,847.2074743239575,1,-1,-1,-1
190,57,858.5580790238465,229.8978994118562,936.0772951902945,435.366973991558,1,-1,-1,-1
190,58,1104.806084479942,637.4457862046526,1191.6540137045833,846.7697513563911,1,-1,-1,-1
191,57,859.9164361179912,235.30489886402916,936.5516027960922,438.89983284035713,1,-1,-1,-1
191,58,1105.0789793773604,632.009444033157,1192.1700890777142,841.7575366125712,1,-1,-1,-1
192,57,860.2417530417953,234.05547715794108,937.5904718558594,439.90528160661654,1,-1,-1,-1
192,58,1105.2547005674621,629.9791643992531,1192.6811024822762,840.7032094403604,1,-1,-1,-1
193,57,860.5358807396794,238.43544213003702,938.2832937918017,444.76766203708314,1,-1,-1,-1
193,58,1105.5178361194746,628.2493828237014,1193.4974896834078,839.3984917073186,1,-1,-1,-1
194,57,861.8556232702541,240.14289304708208,939.3697029860053,446.7271530023486,1,-1,-1,-1
194,58,1109.2872762098318,624.7417109573727,1196.6844441187452,835.0104868684643,1,-1,-1,-1
195,57,863.3557630169578,246.0077493129969,940.034726462647,451.4656008849993,1,-1,-1,-1
195,58,1111.0694813547698,623.4566958783578,1198.4208929796137,833.5803661951173,1,-1,-1,-1
196,57,864.2812865000202,248.8569780706004,940.5455417507686,453.33830366533584,1,-1,-1,-1
196,58,1111.9016575478183,622.2652919237794,1199.142927345632,831.7556750954421,1,-1,-1,-1
197,57,866.8565101394465,252.12537751448028,942.6390609835639,455.1918600039727,1,-1,-1,-1
197,58,1112.2046469911413,621.1552858335347,1199.5987531243204,830.4498164926338,1,-1,-1,-1
198,57,867.6320540239863,255.67123839602417,943.7052932345142,459.6800334156686,1,-1,-1,-1
198,58,1113.0718315724378,615.9220593194237,1200.174650844016,824.7611967279381,1,-1,-1,-1
199,57,868.1363571667955,260.037291323236,943.9657057941293,463.30954432933606,1,-1,-1,-1
199,58,1113.7558592924102,610.0313724211464,1200.882063272694,819.1444429834321,1,-1,-1,-1
200,57,868.3340958341278,260.4980774030788,944.0912315355314,463.5756917002791,1,-1,-1,-1
200,58,1114.8950556228183,607.8022659682109,1200.812367325405,814.320739332637,1,-1,-1,-1
201,57,868.6669947502546,261.375118515412,944.5544495065288,464.92863366671264,1,-1,-1,-1
201,58,1114.600935343803,602.6044309152885,1201.081984095132,810.0286195252447,1,-1,-1,-1
202,57,868.8903887643263,267.7613547789624,945.8008457256567,473.9611111357702,1,-1,-1,-1
202,58,1118.2085091370625,604.6390947250005,1204.3265725798533,811.5608437714864,1,-1,-1,-1
203,57,869.9842959526507,272.96187349451054,946.326088540841,477.8175532878821,1,-1,-1,-1
203,58,1119.9221153619055,601.5762890729001,1205.247634648213,807.0537183031985,1,-1,-1,-1
204,57,870.5259919138462,272.7962279081862,947.2986167432011,478.3822785807897,1,-1,-1,-1
204,58,1120.679821052359,599.1179475145644,1205.767180011703,804.9559871276762,1,-1,-1,-1
205,57,871.2518801999792,278.4693720469814,947.7821915868145,482.67498066669657,1,-1,-1,-1
205,58,1121.055007688902,594.1356494586729,1206.347403125171,800.7166218453489,1,-1,-1,-1
206,57,872.3074775895044,283.1069495395477,948.3127416516819,485.8936670147114,1,-1,-1,-1
206,58,1121.5437282219602,591.5002823042172,1206.4900541879615,797.9035387074014,1,-1,-1,-1
207,57,874.8918867920376,284.65533589607196,950.5726851428597,486.58757109381423,1,-1,-1,-1
207,58,1121.9803758839603,590.29756215374,1206.5700773295955,796.7994110359582,1,-1,-1,-1
208,57,875.8596229757106,285.056008548363,951.5033631705742,486.6679900871768,1,-1,-1,-1
208,58,1122.180337261339,584.4377403662864,1207.115728390588,792.0018266908153,1,-1,-1,-1
209,57,877.0866446258284,287.993474891765,952.9265220562121,490.4366381539689,1,-1,-1,-1
209,58,1122.529462597072,582.8119597145726,1207.7297478126122,790.1777817193848,1,-1,-1,-1
210,57,878.43456185173,291.3749752514559,953.5955567603086,492.56916157552956,1,-1,-1,-1
210,58,1122.724573412527,576.9782489783315,1208.3181368894961,784.4232675076812,1,-1,-1,-1
211,57,879.730608091734,293.6671779246052,954.1063767802418,493.2650423419411,1,-1,-1,-1
211,58,1122.6999954407502,570.9023212463536,1208.5182927387336,778.101754275357,1,-1,-1,-1
212,57,880.2103467751773,300.2277639823292,954.7243469348987,500.0406271656609,1,-1,-1,-1
212,58,1127.0757383978305,568.6380206301865,1212.1878418442104,773.7531574040568,1,-1,-1,-1
213,57,881.3167670265179,306.58825115034824,955.3506721968141,505.5195127383697,1,-1,-1,-1
213,58,1128.3523592288243,569.2268360400471,1213.2442096108066,773.6780272435353,1,-1,-1,-1
214,57,881.9286722200686,307.97870554210874,955.8105898992659,506.41938999375583,1,-1,-1,-1
214,58,1129.9620512677552,564.6860994895388,1214.2378615628052,767.8419583502287,1,-1,-1,-1
215,57,883.9627410962186,308.82941300153664,958.1911057302235,507.9618597952003,1,-1,-1,-1
215,58,1131.1820714942269,558.504634710668,1214.6866417442347,760.2867685032629,1,-1,-1,-1
216,57,884.8535897595143,313.8367124588448,959.1375709031778,512.7273124612806,1,-1,-1,-1
216,58,1131.0823227183896,553.9846993938665,1215.5050348246539,757.7818203234286,1,-1,-1,-1
217,57,885.6975871860233,316.7169547679498,960.3230882813398,516.3218100480765,1,-1,-1,-1
217,58,1131.5887724131803,553.3494018317936,1215.783448621713,756.3892192014517,1,-1,-1,-1
218,57,886.1250196091365,321.68117288885554,960.9198074708229,521.2613163811299,1,-1,-1,-1
218,58,1134.6180191165752,547.1455157726309,1219.5106111532573,751.8870511656902,1,-1,-1,-1
219,57,886.9301439125246,323.5387413282382,961.7707468436295,523.3102878911566,1,-1,-1,-1
219,58,1136.0965257332855,547.0177820596734,1220.0604935367116,750.0993552145026,1,-1,-1,-1
220,57,888.0503401641151,328.90294400345533,962.5989374559133,528.0581930620211,1,-1,-1,-1
220,58,1136.9646162540946,544.6557335672313,1220.8936886194,748.1348358530809,1,-1,-1,-1
221,57,888.4319404163592,330.83666941441334,963.2450664712068,530.0087004814602,1,-1,-1,-1
221,58,1137.2908852554108,538.8497706701253,1221.970534395307,743.860663279999,1,-1,-1,-1
222,57,889.0062219599613,337.0954132572465,963.7096838795674,536.0930200769814,1,-1,-1,-1
222,58,1137.6560365442244,535.6719581973838,1222.3570862064098,741.3843795225682,1,-1,-1,-1
223,57,891.2040656482212,338.5729818095974,966.3361586274825,538.915059269613,1,-1,-1,-1
223,58,1138.6331129448245,530.7857707995997,1223.4094288759318,736.8796804079655,1,-1,-1,-1
224,57,892.1011758078548,342.2496145813888,967.1763159169768,542.6251120974944,1,-1,-1,-1
224,58,1138.6744823790905,527.1461346677551,1223.5733349581085,734.0857132505806,1,-1,-1,-1
225,57,893.001043418359,346.67915143138885,967.9937139132077,546.3439453156668,1,-1,-1,-1
225,58,1138.9630457078413,526.0823112167482,1224.0763636774868,733.1630472764512,1,-1,-1,-1
226,57,893.1113760864009,348.73226680240305,968.6284126964349,549.5337178660272,1,-1,-1,-1
226,58,1142.7240249420477,520.7944712883852,1227.6217057104,727.3281106305327,1,-1,-1,-1
227,57,893.8805910153459,352.935525963211,969.8112376261292,554.657403928379,1,-1,-1,-1
227,58,1144.4850994739395,514.29793558051,1229.686956487183,721.4538887992694,1,-1,-1,-1
228,57,895.2514555689122,354.5096726972116,971.0069525959966,556.351527124111,1,-1,-1,-1
228,58,1145.4725176423792,511.1573837060648,1230.6801632600307,718.7482261853247,1,-1,-1,-1
229,57,896.0855264772733,356.5906235554652,971.7945414467472,558.3665585677682,1,-1,-1,-1
229,58,1146.377135214678,510.0983969513054,1231.1285936645932,717.2464987746746,1,-1,-1,-1
230,57,898.7739710980785,359.9739786996487,974.8545882537251,562.6944393054544,1,-1,-1,-1
230,58,1147.2828292050885,505.78496038336925,1231.146951129681,710.6981979567029,1,-1,-1,-1
231,57,899.3777095258367,366.8131423740074,976.1743091867439,571.7258351853827,1,-1,-1,-1
231,58,1147.9256841279855,504.85216898094717,1231.3877669988246,708.8706096682208,1,-1,-1,-1
232,57,900.2017119247425,369.81021083069277,976.9885452561861,575.2875145398002,1,-1,-1,-1
232,58,1148.1586821839765,500.9449729145276,1231.4221288297979,703.6359409470738,1,-1,-1,-1
233,57,900.9905286606341,372.32504913056283,977.2692381164668,576.9854521927306,1,-1,-1,-1
233,58,1148.369495802849,494.2478660889904,1231.5517503420026,695.7199910149207,1,-1,-1,-1
234,57,901.8310922062467,376.24176363452125,977.9804217543049,580.9430145319606,1,-1,-1,-1
234,58,1151.485494476781,489.85110512197343,1235.1603574644412,692.9718682331138,1,-1,-1,-1
235,57,902.8641396749598,380.2961304730159,978.5977991280157,584.163774013787,1,-1,-1,-1
235,58,1153.2134639755511,485.8062830031539,1236.3204505439828,687.4022182375563,1,-1,-1,-1
236,57,903.869679672005,387.30262046001525,978.9569073417532,589.2264491806164,1,-1,-1,-1
236,58,1153.8074507797642,486.24351313622884,1237.3277651019882,689.3361006056329,1,-1,-1,-1
237,57,904.3162752283995,389.2556571250026,979.3836838895611,590.2939424243513,1,-1,-1,-1
237,58,1154.3839004787856,480.9605589574257,1238.3719288686918,686.0609908195538,1,-1,-1,-1
238,57,904.6287804491575,394.80690002903077,980.0712427860124,595.9662942403152,1,-1,-1,-1
238,58,1154.7305599010278,478.7088279736349,1239.2719121479563,685.5191994112583,1,-1,-1,-1
239,57,906.9158022606247,398.24934823442425,982.4397321653266,598.846438737555,1,-1,-1,-1
239,58,1155.1891917099924,474.2608430617289,1239.113617966847,679.8377522436407,1,-1,-1,-1
240,57,907.4287346500383,401.4232687206794,983.7819137908334,603.3937917443626,1,-1,-1,-1
240,58,1155.9253648470794,469.9583373066037,1238.9523712506616,672.4845562531211,1,-1,-1,-1
241,57,908.0134891992631,404.3506804370017,984.3819742483565,606.028474968553,1,-1,-1,-1
241,58,1159.120730548573,464.1705855924777,1243.5318176951462,670.3673533077546,1,-1,-1,-1
242,57,909.023299571737,404.453977992295,985.591391903862,606.1972969042456,1,-1,-1,-1
242,58,1160.6393290627652,458.96846380366594,1244.9501370267885,665.3073325391537,1,-1,-1,-1
243,57,909.7776971247764,407.789090677435,986.8685228462439,610.6197617715343,1,-1,-1,-1
243,58,1161.8764640374309,458.1400818213043,1245.6637127674996,662.9849493827724,1,-1,-1,-1
244,57,910.7439596408931,411.27320845315444,987.8158442170854,613.4364229405821,1,-1,-1,-1
244,58,1161.6588190226087,451.99269332350025,1245.9711778028307,657.8181170617851,1,-1,-1,-1
245,57,911.8359797183281,418.9020821797261,988.5002623436551,619.460048161753,1,-1,-1,-1
245,58,1162.2504416506656,451.2459411748675,1245.543591176478,654.8580342516474,1,-1,-1,-1
246,57,912.4182847000329,421.48350276027384,989.0343919838341,621.2568307757309,1,-1,-1,-1
246,58,1162.5648232888504,449.0394217463669,1245.862066328375,652.852531135754,1,-1,-1,-1
247,57,914.6661403761194,423.03506753461363,991.6819491340307,623.7179384545083,1,-1,-1,-1
247,58,1162.389010571194,446.82734898424155,1246.2536889742182,651.8916995042753,1,-1,-1,-1
248,57,915.3412907818579,427.28138408275237,992.9600069698201,629.1653334765499,1,-1,-1,-1
248,58,1163.2057359317696,444.80068346015105,1245.8444071386768,646.6478942549857,1,-1,-1,-1
249,57,916.1931483928288,434.0419898070618,993.9340168764622,635.6717265496404,1,-1,-1,-1
249,58,1164.2359806911916,439.4860379101792,1246.450046129473,639.5195416452057,1,-1,-1,-1
250,57,916.53821154466,434.5098078502602,995.325632432005,637.3369324141767,1,-1,-1,-1
250,58,1167.4156684226655,433.6807329961752,1250.9183816870986,637.8830772686838,1,-1,-1,-1
251,57,917.207051447288,437.4510702918003,995.9389380844744,639.2748135871759,1,-1,-1,-1
251,58,1168.7605983847286,430.858589668377,1252.4576543617047,636.5038807926041,1,-1,-1,-1
252,57,918.2435694426796,442.1092168526644,997.4385156844588,645.0105953419179,1,-1,-1,-1
252,58,1170.1997093534392,428.1597980481249,1252.4167603698352,630.8303838650866,1,-1,-1,-1
253,57,918.4036507992239,447.296753749557,998.0929177143312,650.701452359443,1,-1,-1,-1
253,58,1170.8221994110206,426.3202768992375,1252.3520156972427,627.9125410336967,1,-1,-1,-1
254,57,921.0255395730462,449.2062915169806,1001.1886888314011,652.975017980574,1,-1,-1,-1
254,58,1170.919640266388,418.9154392206716,1253.2850219844279,622.6922520492471,1,-1,-1,-1
255,57,922.4711174639954,450.2535755050611,1003.0311498465878,654.2414018819103,1,-1,-1,-1
255,58,1171.4534438643163,413.26877150874645,1253.1803786994292,615.7549493468831,1,-1,-1,-1
256,57,923.5084589805663,458.0239430338267,1003.6906962249022,660.6696483786853,1,-1,-1,-1
256,58,1172.053556575678,412.32526185761293,1253.130214036562,613.4449240974773,1,-1,-1,-1
257,57,924.1968701683718,460.7795001238173,1004.45468726689,663.4535765082297,1,-1,-1,-1
257,58,1172.4410127343442,410.00821414650545,1254.0766140684377,612.2767889569224,1,-1,-1,-1
258,57,924.2605861388465,465.06289666556324,1005.3209682313694,668.8994626096412,1,-1,-1,-1
258,58,1175.738989215204,402.2091932415742,1258.4581285279426,607.7324199843706,1,-1,-1,-1
259,57,925.0007106471201,468.76148004969355,1005.9720301489249,671.689732037978,1,-1,-1,-1
259,58,1177.375313144296,399.76772538803493,1260.1886982303452,605.825840282057,1,-1,-1,-1
260,57,925.2201359759101,472.9768239983334,1006.6919505853973,677.2839577039533,1,-1,-1,-1
260,58,1178.2908262296826,393.7929032014241,1260.3883657366396,599.3330476562012,1,-1,-1,-1
261,57,928.127964334435,474.4837427363285,1009.4856276178824,679.0425093851866,1,-1,-1,-1
261,58,1179.3572215536244,394.1825383941051,1260.1848055438468,597.203087995017,1,-1,-1,-1
262,57,929.7023768779237,477.28832237013813,1010.4531305668094,680.1831804878123,1,-1,-1,-1
262,58,1179.518798213772,387.8719517866907,1260.6452075159925,592.4222060972781,1,-1,-1,-1
263,57,930.1481205316187,480.40230814264,1011.4807226108255,685.1517878798311,1,-1,-1,-1
263,58,1179.8994424289062,385.4523763719328,1261.0082137888046,590.06101683832,1,-1,-1,-1
264,57,930.5188302571885,488.05592333161144,1011.6325914266206,693.0840537499964,1,-1,-1,-1
264,58,1180.5995715987779,379.9683389711152,1261.050814784066,582.7850370092015,1,-1,-1,-1
265,57,931.0410037903964,491.7170729182193,1011.5728582495022,695.4686302366423,1,-1,-1,-1
265,58,1181.4067269617797,377.08973468143665,1261.3985825684183,579.5602472064766,1,-1,-1,-1
266,57,931.1686383505096,495.5573801334248,1012.4981973672567,701.7312167241723,1,-1,-1,-1
266,58,1181.579077159175,373.3649548208411,1260.9781710924344,574.0518781930717,1,-1,-1,-1
267,57,931.7181307748438,498.9772191502079,1012.7266500857444,703.9702743900971,1,-1,-1,-1
267,58,1185.2798835348963,368.62580371818535,1265.1262040331328,571.6009034490846,1,-1,-1,-1
268,57,932.9655089220771,501.86632323418127,1012.8951106340807,704.3055199452822,1,-1,-1,-1
268,58,1187.3072182980754,365.62990234371534,1265.9698546514458,566.5224799261803,1,-1,-1,-1
269,57,933.5400806603166,506.13543015576647,1013.4953062282167,709.1844688276406,1,-1,-1,-1
269,58,1187.8215366735158,364.19108605743327,1266.2640553035253,564.7852568348269,1,-1,-1,-1
270,57,934.6767382388297,510.8731547170887,1012.9154315172476,710.1024370666016,1,-1,-1,-1
270,58,1188.7420470683862,359.52721522241785,1266.1086605664275,558.4381499244671,1,-1,-1,-1
271,57,937.4312853179943,515.6468494832487,1016.2522741462425,716.508198784042,1,-1,-1,-1
271,58,1189.2016699942446,358.1031511580218,1266.092332152379,556.236011159643,1,-1,-1,-1
272,57,939.4814904602244,513.521535244792,1017.99329191245,712.7723549195792,1,-1,-1,-1
272,58,1189.327177245933,354.0688089248474,1267.6159886053392,555.9083254871135,1,-1,-1,-1
273,57,939.5166563219213,519.5992196920016,1019.093567864994,723.0086859331516,1,-1,-1,-1
273,58,1189.1209603846505,347.96830372618064,1267.7596525320014,550.6126672634468,1,-1,-1,-1
274,57,939.5833940453556,520.9757275990653,1020.0523373015384,727.1699723416455,1,-1,-1,-1
274,58,1189.8053591797727,341.9882116188225,1268.038755423268,543.9900468870238,1,-1,-1,-1
275,57,940.4678654069656,523.0849934551196,1020.6343689867281,729.1107694775844,1,-1,-1,-1
275,58,1190.464400662974,339.43228113600185,1268.4380049010895,540.9479332160288,1,-1,-1,-1
276,57,940.9414549938397,524.5975618755987,1020.8371385599547,729.6436483696135,1,-1,-1,-1
276,58,1193.9952385389956,336.7308209828032,1272.2709907148856,540.1852318438036,1,-1,-1,-1
277,57,940.5193678573676,532.5280467432309,1021.7097428671193,740.3039571771529,1,-1,-1,-1
277,58,1195.4443020776755,331.9979588803239,1273.7207175930187,536.0828218271322,1,-1,-1,-1
278,57,940.8339115512125,536.087591693591,1022.0069475118445,744.2268977208803,1,-1,-1,-1
278,58,1196.4526946985318,328.93337648527654,1274.2398717741366,533.0735363827671,1,-1,-1,-1
279,57,941.1359703556715,539.2798368740216,1022.1622829225826,745.8958343407744,1,-1,-1,-1
279,58,1197.3761794954592,329.1953166532664,1274.3984443254699,532.5287354146885,1,-1,-1,-1
280,57,944.3607290161344,544.4512476186131,1025.7115051473827,752.0193732591133,1,-1,-1,-1
280,58,1198.2176299832934,323.99620237347517,1275.1901724949435,527.886427716053,1,-1,-1,-1
281,57,945.2990440659648,549.565237494125,1027.5794343539671,759.9763671065797,1,-1,-1,-1
281,58,1198.925540981787,317.9286303470781,1275.2924340433738,520.8470218475462,1,-1,-1,-1
282,57,946.1377236311982,548.127550259791,1028.1149316031417,757.402761697906,1,-1,-1,-1
282,58,1202.6935395050648,314.9936692600583,1278.2270155649433,517.1483778013288,1,-1,-1,-1
283,57,946.3501622779006,554.8586216499483,1028.931175527162,765.9201863762523,1,-1,-1,-1
283,58,1204.337142890373,314.7871043620328,1279.49694575698,516.9212276200791,1,-1,-1,-1
284,57,946.7528757686823,554.8148320610508,1029.110521732611,765.4558151639952,1,-1,-1,-1
284,58,1205.107672740459,312.33772394256516,1280.291266027407,515.1198948943447,1,-1,-1,-1
285,57,947.9071301779732,562.6241940978741,1029.9193734315284,773.3018478563465,1,-1,-1,-1
285,58,1206.3264919381838,304.3049389908292,1280.8904203293926,506.082810038551,1,-1,-1,-1
286,57,948.5007458343549,567.7670303705471,1030.3353629960216,778.4234269178885,1,-1,-1,-1
286,58,1206.711041948054,302.1569415120587,1282.2596205282518,506.5927186244255,1,-1,-1,-1
287,57,949.4672659977076,568.5677207739202,1030.5588236591102,778.0913194298522,1,-1,-1,-1
287,58,1207.4176313485784,298.58510329759207,1282.4931210316163,502.46346320151036,1,-1,-1,-1
288,57,952.2995618960111,569.8415605300805,1033.524775560556,780.2992268727711,1,-1,-1,-1
288,58,1207.7630129408983,293.49541516689834,1282.7921400417606,497.1713580121772,1,-1,-1,-1
289,57,953.7288282701383,574.707672480712,1035.106143942976,785.536017853102,1,-1,-1,-1
289,58,1208.3599766546497,291.0390811192377,1283.2747128702745,494.453121718513,1,-1,-1,-1
290,57,954.6610119524521,577.2800920230183,1036.1543548413995,787.3762045042716,1,-1,-1,-1
290,58,1211.055520847213,287.2832346588528,1286.8031357935183,493.2867437607496,1,-1,-1,-1
291,57,955.112782372581,582.5260600587261,1036.8798594174361,793.7582612680243,1,-1,-1,-1
291,58,1213.0438909605189,282.5932182435288,1288.2451115847098,488.13037213482215,1,-1,-1,-1
292,57,956.1016306688186,588.8346283558651,1037.5140189780093,799.4281703203806,1,-1,-1,-1
292,58,1213.4570887082027,280.0182274204843,1289.0118549128617,486.629657609834,1,-1,-1,-1
293,57,956.5499822779142,590.8474774418358,1038.0669840965752,801.7483027400943,1,-1,-1,-1
293,58,1214.4723352721658,275.39485090379173,1289.3658209445598,480.4838484701739,1,-1,-1,-1
294,57,957.3557655888619,592.0735019779908,1038.2282613762084,801.6726868666527,1,-1,-1,-1
294,58,1215.2173616830903,272.8773138785698,1290.0486258081535,477.70319570963665,1,-1,-1,-1
295,57,960.7707819488784,597.8725471192076,1041.230070143914,806.8882295050579,1,-1,-1,-1
295,58,1215.7686059616988,270.351916252247,1291.0251275549062,475.81155047339706,1,-1,-1,-1
296,57,962.3038090103321,604.2381906632047,1042.3762081817908,813.536838231814,1,-1,-1,-1
296,58,1216.305997412657,265.91470713768183,1291.6758578939869,470.744872491002,1,-1,-1,-1
297,57,962.4771601109918,605.7122157441779,1043.3891133508903,817.2114164439778,1,-1,-1,-1
297,58,1218.9121293436278,264.65736731448203,1294.8113683282227,470.6469162538614,1,-1,-1,-1
298,57,963.1757265737416,608.1731964617367,1043.888941401525,819.7231105971031,1,-1,-1,-1
298,58,1220.1253367678007,258.6698691958247,1296.6064143196681,465.6953235093589,1,-1,-1,-1
299,57,963.8462245545458,608.1516046479945,1044.1401177837495,819.007626452576,1,-1,-1,-1
299,58,1221.183987845527,260.047183652959,1297.447794817464,466.52272065191767,1,-1,-1,-1
300,57,964.5776808695401,609.4890040249184,1044.3998489933483,819.7290563099609,1,-1,-1,-1
300,58,1221.8264523908615,256.2107236849094,1298.2676337933556,462.9410412377973,1,-1,-1,-1
301,57,965.0292663547264,614.9562700665347,1044.8057588538,824.9030416602782,1,-1,-1,-1
301,58,1222.0710584897863,250.04733694752733,1298.386344543579,456.4937632000317,1,-1,-1,-1
302,57,965.4777707510971,620.62054190672,1045.2779661259551,830.1134639823141,1,-1,-1,-1
302,58,1222.015208240513,249.38075605981498,1298.6182237412163,456.52485755121745,1,-1,-1,-1
303,57,965.920447808714,619.6373751755418,1045.5863835569983,828.5115286248232,1,-1,-1,-1
303,58,1222.8590804363068,247.42183677643962,1298.99330828017,453.73508814451077,1,-1,-1,-1
304,57,969.1998866612133,623.3622180715068,1048.8101604932917,831.7547831699917,1,-1,-1,-1
304,58,1223.3839665001144,241.24679719453601,1300.0724270878272,448.9419889228076,1,-1,-1,-1
305,57,970.2220802508655,624.9118567559599,1050.1990194764867,833.8927802126002,1,-1,-1,-1
305,58,1223.7967262795355,241.34942514623216,1300.3853686486611,448.2142655425596,1,-1,-1,-1
306,57,970.8930870839167,630.9097275488285,1051.209202839322,841.0373912057069,1,-1,-1,-1
306,58,1226.2017143907956,235.62210238409705,1303.4395532265448,443.60993323758896,1,-1,-1,-1
307,57,971.2486011306007,635.5934057516562,1052.3082037341635,847.6807704413593,1,-1,-1,-1
307,58,1227.4476137067595,231.44679196631603,1304.8294294033656,439.86464595572625,1,-1,-1,-1
308,57,971.7348379705045,633.5598737526993,1053.088264985346,845.913334676729,1,-1,-1,-1
308,58,1228.2624323711298,230.53672831307964,1305.6540788110765,438.8837112791556,1,-1,-1,-1
309,57,972.2639060431944,636.5769153444718,1053.668963511735,848.7155581789642,1,-1,-1,-1
309,58,1229.2211544764489,231.05399157769315,1305.9334082021314,438.20162649230986,1,-1,-1,-1
310,57,972.8681215189877,638.3233065411205,1054.0606003254568,849.5543093250698,1,-1,-1,-1
310,58,1230.0169678800457,230.0721895693997,1307.0122806651605,437.9447491283362,1,-1,-1,-1
311,57,976.0096071622885,644.2111932364559,1057.4456790496315,855.7469866576929,1,-1,-1,-1
311,58,1230.4691773314332,225.52224470312564,1307.9797364058377,434.26970974869636,1,-1,-1,-1
312,57,977.5150999265843,647.2586296744292,1058.5921361192165,858.2981144142426,1,-1,-1,-1
312,58,1231.2496128904959,222.6166101974655,1308.885966015361,431.2854905616775,1,-1,-1,-1
313,57,978.5975357283372,648.9838645795953,1059.8664781911218,860.0849704894248,1,-1,-1,-1
313,58,1234.0508266933764,217.9714906093833,1311.6437645744024,426.54113218348664,1,-1,-1,-1
314,57,978.7761576452131,652.6948565121457,1060.835538648889,865.494435459266,1,-1,-1,-1
314,58,1235.6783227976312,216.57426333714216,1312.8154146869479,424.6958013658833,1,-1,-1,-1
315,57,979.4848080194467,655.4616109591806,1061.1410718883608,867.4266208252413,1,-1,-1,-1
315,58,1237.3600817411746,215.65871279223953,1313.6667008835254,422.7029977563908,1,-1,-1,-1
316,57,980.0009422903009,659.9275588765265,1061.6310243450966,871.8833265337704,1,-1,-1,-1
316,58,1237.6104422118206,213.60186347727432,1314.0039849903899,421.1619918667627,1,-1,-1,-1
317,57,980.9892009555329,662.801017009463,1061.8942602825177,873.0230907352619,1,-1,-1,-1
317,58,1238.2394843577792,208.1842945066933,1315.0142947021013,416.4185206466731,1,-1,-1,-1
318,57,981.6184715716269,663.8915022882601,1062.1642490699692,873.0297179906844,1,-1,-1,-1
318,58,1238.568378283046,205.12223595937405,1315.7295491031189,414.1273148277962,1,-1,-1,-1
319,57,984.1594760801751,663.1810622613103,1065.8028252864274,874.2177952381587,1,-1,-1,-1
319,58,1239.0630854658168,202.19773491214357,1315.8097697060864,410.54734781790853,1,-1,-1,-1
320,57,985.4844914019292,668.3230768250755,1067.5009265458152,879.9043047982631,1,-1,-1,-1
320,58,1239.319724127722,200.18505820635468,1315.921850829884,408.2357262094863,1,-1,-1,-1
321,57,986.3990316628913,670.392024840717,1068.8010120427787,882.1515986095176,1,-1,-1,-1
321,58,1239.8637178223448,198.70178533515144,1316.448424478263,406.74048201049015,1,-1,-1,-1
322,57,986.7999818641871,670.2878264119545,1069.6964518735317,882.9591283089234,1,-1,-1,-1
322,58,1243.1856716008829,197.37131537754266,1319.8313780421388,405.8635117760422,1,-1,-1,-1
323,57,987.0275834203134,671.3183210832794,1070.2397662033075,884.759025336142,1,-1,-1,-1
323,58,1244.5556998110703,191.62121799712477,1322.2080511230613,402.077349622504,1,-1,-1,-1
324,57,987.6034067223977,672.7998581777454,1070.6635150272655,884.6281949698531,1,-1,-1,-1
324,58,1245.5342844531967,191.79455134687146,1323.0198645926075,401.8672968441401,1,-1,-1,-1
325,57,987.9947305518294,677.5245960237537,1071.2525873239356,889.2026827790694,1,-1,-1,-1
325,58,1246.991564639163,190.8726368299083,1323.6630353470828,399.51133186282016,1,-1,-1,-1
326,57,991.1924118311517,678.5006602713613,1074.3732817481928,890.0574529332681,1,-1,-1,-1
326,58,1247.7172128619559,190.75318855375036,1324.034197608359,398.9245834641848,1,-1,-1,-1
327,57,992.1691609410206,679.3018227386958,1075.8365791165436,891.7819603827045,1,-1,-1,-1
327,58,1248.3014487569153,189.2387332754671,1324.377451930913,397.34859296187165,1,-1,-1,-1
328,57,993.2569045639034,684.1177864609164,1076.4945175316516,895.9685399512895,1,-1,-1,-1
328,58,1251.062357183076,184.419842709208,1327.1573004364059,392.1822761050554,1,-1,-1,-1
329,57,993.5389679610211,685.4050006545808,1077.0837348954553,898.5198612618202,1,-1,-1,-1
329,58,1252.1313092103237,182.99182553622896,1328.4990518884777,391.4073048413363,1,-1,-1,-1
330,57,993.6085107598108,685.872228300377,1077.7454786767032,900.0959064741838,1,-1,-1,-1
330,58,1252.5788328661822,180.50176162125422,1329.4796716283008,390.0326418592365,1,-1,-1,-1
331,57,994.0465741288706,690.870569326012,1078.059717502251,904.9274986377687,1,-1,-1,-1
331,58,1253.3625527858283,179.7003989452425,1330.2739876911533,389.5543553886019,1,-1,-1,-1
332,57,994.6637465899321,693.2175661826794,1078.3152201173912,906.1933335544256,1,-1,-1,-1
332,58,1253.9454450435228,172.8326408244861,1330.3714923302775,381.5819842051402,1,-1,-1,-1
333,57,995.4917895733626,694.7353529033167,1078.5456757559932,906.158433269176,1,-1,-1,-1
333,58,1254.5658714285616,169.58329000895162,1330.2722906084473,376.6455853621901,1,-1,-1,-1
334,57,995.5538271171911,695.2767884588703,1079.3144104129608,907.809401458894,1,-1,-1,-1
334,58,1255.0716635485055,168.78706676831615,1330.674204361018,375.96999525094157,1,-1,-1,-1
335,57,998.7382418187414,699.2993091837134,1082.9209468560948,912.3783980671033,1,-1,-1,-1
335,58,1255.4685675266394,166.69919144097133,1330.989992553581,373.8624636391298,1,-1,-1,-1
336,57,1000.0967120717874,701.6202080925123,1084.4781038182164,914.9496293823283,1,-1,-1,-1
336,58,1255.7465448848004,162.46918355009004,1331.7196364964896,370.3156729341978,1,-1,-1,-1
337,57,1000.8822228786371,702.7298119486715,1085.5396758062516,916.097957063759,1,-1,-1,-1
337,58,1256.3220306524765,161.60168723444627,1331.9575624083702,368.8486026451868,1,-1,-1,-1
338,57,1001.4452144428712,703.4829880470684,1085.6709944165611,916.3184136372529,1,-1,-1,-1
338,58,1258.7297788181966,159.20405493481888,1335.0014388924344,367.93304879817885,1,-1,-1,-1
339,57,1002.0005594905942,702.551197074665,1086.500932133822,916.2399244510916,1,-1,-1,-1
339,58,1260.242050471401,157.9553756435581,1336.4129849888811,366.7919259012431,1,-1,-1,-1
340,57,1002.5508440637757,703.4751264384312,1086.9172783097904,916.4623699542508,1,-1,-1,-1
340,58,1261.078087660497,157.86980862326698,1337.0031094634514,366.1145207950434,1,-1,-1,-1
341,57,1003.7352246152009,705.403700846268,1087.03536001875,915.526858961565,1,-1,-1,-1
341,58,1261.4612068609306,159.24563329120605,1337.6832010978615,367.93192163373436,1,-1,-1,-1
342,57,1006.9665091180592,710.4451819268054,1090.4914297376313,921.1432158954203,1,-1,-1,-1
342,58,1262.5066375064791,159.58109357902833,1338.01067176795,366.69370007971077,1,-1,-1,-1
343,57,1008.3979852981939,712.0271490016542,1092.0524469485954,923.28652201701,1,-1,-1,-1
343,58,1263.4544453310507,154.6154375318447,1338.6575040178454,360.5004854542708,1,-1,-1,-1
344,57,1009.1663729053615,715.7366231387774,1093.4967121641841,928.2896887859222,1,-1,-1,-1
344,58,1264.0952783317791,154.33279596405663,1339.0837325121352,359.9215022712643,1,-1,-1,-1
345,57,1009.573052786967,717.6685096746373,1094.2514859893215,930.9001533394834,1,-1,-1,-1
345,58,1264.5532133198492,152.49638188153816,1339.678624362295,357.98670953862063,1,-1,-1,-1
346,57,1010.156514565893,718.107072211638,1094.7135835566583,931.0692850014165,1,-1,-1,-1
346,58,1267.2911795043342,152.27827750598752,1342.5136635960948,357.8479113975234,1,-1,-1,-1
347,57,1011.0398216040841,718.412274819757,1094.9821965999017,930.514237723903,1,-1,-1,-1
347,58,1269.13284600409,146.83654188604794,1344.409164530136,353.0374233833596,1,-1,-1,-1
348,57,1012.0031120488662,720.7432804013397,1095.0969744267225,931.2721179660219,1,-1,-1,-1
348,58,1269.8932302438764,144.50415909619238,1345.472237792679,351.56501006956887,1,-1,-1,-1
349,57,1012.5748734602655,722.0116269815089,1095.1357678402444,931.1667157093624,1,-1,-1,-1
349,58,1270.43723661862,143.7530165206304,1345.7174364022978,350.0921806614547,1,-1,-1,-1
350,57,1015.7540540551364,721.8506901942465,1098.3008314718209,930.9801136072357,1,-1,-1,-1
350,58,1270.9291238585017,143.85613379340856,1346.2257170190774,350.1673648413945,1,-1,-1,-1
351,57,1017.1356844889436,722.0842870237518,1099.5345036949461,930.9068360935071,1,-1,-1,-1
351,58,1271.352066481945,140.75537658478933,1346.7440321496003,345.9072647397727,1,-1,-1,-1
352,57,1017.9844129548583,722.2024049052914,1100.230541562194,931.0461010080446,1,-1,-1,-1
352,58,1271.4207307789404,143.24962623314264,1347.5189627538764,350.2436040295481,1,-1,-1,-1
353,57,1018.2050247526917,725.7155766768029,1101.4887378068256,936.7150965665344,1,-1,-1,-1
353,58,1271.8399297860576,140.2562207034635,1347.9772366150514,346.6156672270341,1,-1,-1,-1
354,57,1018.6079233248211,722.9539517069876,1102.100278282845,933.639248846831,1,-1,-1,-1
354,58,1274.8609463642283,140.35680245424777,1351.63016452865,348.70928284746003,1,-1,-1,-1
355,57,1019.061024823028,724.2588090929215,1103.1082738056677,936.5817152663437,1,-1,-1,-1
355,58,1276.1564219788424,138.82007671814551,1353.16552579705,346.70132956142913,1,-1,-1,-1
356,57,1020.0394276282611,728.1779190761548,1103.1016928317083,938.5101491865939,1,-1,-1,-1
356,58,1277.4772446939512,137.40204523731722,1354.13622575461,344.5482201922164,1,-1,-1,-1
357,57,1023.4602061772259,732.6081545069079,1106.3175686155382,942.858309299402,1,-1,-1,-1
357,58,1278.3881471540046,136.49630557284567,1354.5519731441398,342.1973843906236,1,-1,-1,-1
358,57,1025.0868055744093,734.2513356031515,1107.6442979817255,944.2891500512812,1,-1,-1,-1
358,58,1278.819237388333,137.89546846515643,1354.8677200314794,343.2038910205157,1,-1,-1,-1
359,57,1025.843356371786,731.675556328003,1108.1901842726684,941.1104790870223,1,-1,-1,-1
359,58,1279.4760661909543,138.40170412373539,1355.778126718357,343.2939448057514,1,-1,-1,-1
360,57,1025.7951063467344,729.4165077632607,1109.1985701878991,940.9124295369237,1,-1,-1,-1
360,58,1279.8170694089717,137.1859481714517,1356.3693286999835,341.8381913758267,1,-1,-1,-1
361,57,1025.8414533855953,731.2951890956522,1110.3521277925531,945.2804511361697,1,-1,-1,-1
361,58,1282.422266494333,135.20859690220146,1360.1406299499902,342.3323551081081,1,-1,-1,-1
362,57,1026.352113053953,732.5644647163065,1110.847925190527,946.5084596230766,1,-1,-1,-1
362,58,1283.7037171624486,133.37007768057026,1361.9668811115546,342.00707146844087,1,-1,-1,-1
363,57,1027.0018612340073,733.2504427843112,1111.0894122793998,946.7717709037896,1,-1,-1,-1
363,58,1284.6025238067994,131.07920663255888,1362.7211001666617,339.085985504315,1,-1,-1,-1
364,57,1027.0240369017272,732.6227349224608,1111.5135392616917,946.8959268092135,1,-1,-1,-1
364,58,1284.8895402719393,133.4685089350175,1362.7186102199985,340.43532830124286,1,-1,-1,-1
365,57,1030.7503692350356,733.9501775320776,1114.8962499134366,947.2119636924884,1,-1,-1,-1
365,58,1285.4743548113565,131.75506806054196,1363.1065280503262,337.74385570373806,1,-1,-1,-1
366,57,1032.4869854190836,736.3087459438973,1115.9729854485527,947.25800311628,1,-1,-1,-1
366,58,1285.9245963583933,134.74630921097815,1363.410359981452,340.0917759976,1,-1,-1,-1
367,57,1033.5120638823666,737.5226087126877,1116.1141993123895,946.678837759709,1,-1,-1,-1
367,58,1286.252924746147,135.328951709054,1363.883324970468,340.63854373516233,1,-1,-1,-1
368,57,1033.7242209773094,735.9137666426155,1116.9166872233359,946.6512920665489,1,-1,-1,-1
368,58,1286.7261284829417,131.78566156496458,1364.4966752938674,337.5429948095158,1,-1,-1,-1
369,57,1034.2323997052486,736.5527640168292,1117.4338202103904,947.0017721037291,1,-1,-1,-1
369,58,1286.8523941540082,133.0779120609775,1365.0658215911992,339.55027885817975,1,-1,-1,-1
370,57,1034.7175179869757,735.0549534184239,1118.4136242668815,947.0122220120434,1,-1,-1,-1
370,58,1289.8888640310652,130.27786151940103,1368.2664490897284,337.51588750236374,1,-1,-1,-1
371,57,1035.2884648551837,735.4399924087737,1119.047105346132,946.6877960913079,1,-1,-1,-1
371,58,1291.4962211564593,127.93359990891477,1369.8143350256491,335.2194999878707,1,-1,-1,-1
372,57,1035.869517740657,737.1025122022743,1119.3945965742416,946.264028047896,1,-1,-1,-1
372,58,1292.8118058439202,128.29264120009327,1370.7604298921112,335.0809959963958,1,-1,-1,-1
373,57,1038.7555881681315,739.5957673488299,1123.1994567195404,951.7247509239429,1,-1,-1,-1
373,58,1293.4541272369934,127.094347486121,1371.0360292750931,333.6262334853932,1,-1,-1,-1
374,57,1040.5047779763863,738.7835129497761,1124.0713015946183,948.3833306689124,1,-1,-1,-1
374,58,1294.4172711019398,127.92665243654803,1371.3907115794616,333.1142919694768,1,-1,-1,-1
375,57,1041.3332950647891,740.6863203478706,1125.013723932335,951.1414347417137,1,-1,-1,-1
375,58,1294.9973885374582,130.58694896418052,1371.7573424085415,334.720233280907,1,-1,-1,-1
376,57,1041.5285352285898,735.9289953246705,1126.321099517507,948.4621225297043,1,-1,-1,-1
376,58,1295.260280096065,129.18522808608316,1372.568063467117,334.58695891896696,1,-1,-1,-1
377,57,1042.1504807217889,739.4862439284003,1126.5308659090613,951.3492087772125,1,-1,-1,-1
377,58,1298.0615314363815,127.58251666705267,1375.9069803766172,334.2960882731113,1,-1,-1,-1
378,57,1042.5377427336778,738.1752345320275,1126.7071890910331,948.7196631035999,1,-1,-1,-1
378,58,1299.718273875779,127.26097815945576,1377.4109819596981,334.2037487549918,1,-1,-1,-1
379,57,1043.4730740409339,741.0164496498409,1127.2206485252007,951.3881734661584,1,-1,-1,-1
379,58,1300.7519139483943,128.22154777644226,1378.183293725037,334.6758760273367,1,-1,-1,-1
380,57,1043.79639837906,737.3533311180198,1127.5896322208478,948.2333482011517,1,-1,-1,-1
380,58,1301.1982608452713,130.85837680959952,1377.9702650323568,335.570857919359,1,-1,-1,-1
381,57,1047.2040629909554,737.2730458878667,1130.6399204748654,947.3680310723489,1,-1,-1,-1
381,58,1301.9801892608323,131.72188485960964,1378.3717043668246,336.0319804880246,1,-1,-1,-1
382,57,1048.2481709079557,739.2847582940204,1132.6526267642141,951.4481667610265,1,-1,-1,-1
382,58,1302.4843202187424,131.4951629388039,1379.2716341493895,336.6915590727317,1,-1,-1,-1
383,57,1049.0700179419955,737.9349724067869,1132.8282048269577,948.6402224833636,1,-1,-1,-1
383,58,1302.8881728354718,134.98489935430592,1379.3066884148839,339.72056757540173,1,-1,-1,-1
384,57,1049.6449070618003,736.0661935695111,1133.653630476249,947.1558456103904,1,-1,-1,-1
384,58,1303.3881994459796,132.2739746056877,1380.1463105652947,338.0056104660008,1,-1,-1,-1
385,57,1050.124561056024,734.2893258795978,1134.4153354390617,946.2984775022503,1,-1,-1,-1
385,58,1303.8914658994731,135.4756211167077,1380.5622282389422,341.1313501577051,1,-1,-1,-1
386,57,1050.5075873846636,735.3701573018229,1134.7398563440695,947.3946648057332,1,-1,-1,-1
386,58,1306.5821505619053,136.43993758300502,1383.872026734332,343.0817048159618,1,-1,-1,-1
387,57,1050.918226968377,733.5766669709316,1135.2957941137047,946.0992716407113,1,-1,-1,-1
387,58,1308.070608357606,135.5060866856081,1385.3594891140756,342.2964250220565,1,-1,-1,-1
388,57,1051.384181858193,733.4055658255768,1135.5886222257582,945.7873588958877,1,-1,-1,-1
388,58,1309.2504641503704,131.99923608167353,1386.536537602862,339.42760405150835,1,-1,-1,-1
389,57,1055.095131389408,734.149413041125,1138.470860569303,945.2089694933819,1,-1,-1,-1
389,58,1310.1354618115015,134.79829390673814,1386.8685529365905,341.02448450407087,1,-1,-1,-1
390,57,1056.3611490252847,733.245304428116,1140.0289678462814,945.3666761002021,1,-1,-1,-1
390,58,1311.001951477437,135.66426654277768,1387.6703851102213,341.8272495669271,1,-1,-1,-1
391,57,1056.969021843617,729.6353340469848,1140.7088803127513,941.7613098912664,1,-1,-1,-1
391,58,1311.4033704036397,134.54945951635443,1388.1760109432587,341.63807152002516,1,-1,-1,-1
392,57,1057.3926963381848,731.0409780156756,1141.5419621872502,944.1138897585788,1,-1,-1,-1
392,58,1311.933848692432,135.63144947387474,1388.5897967260782,342.4020311005396,1,-1,-1,-1
393,57,1057.777677877414,732.2878872047727,1142.071422007147,945.7447134947035,1,-1,-1,-1
393,58,1314.9019895239976,136.07275534203302,1391.32789460155,342.9858765833435,1,-1,-1,-1
394,57,1058.1430470022387,732.3724555310289,1142.567429956069,946.0252917456556,1,-1,-1,-1
394,58,1316.1378647550398,139.9162353836214,1393.1135881913112,347.9568891069554,1,-1,-1,-1
395,57,1058.1574109206642,728.7206528275976,1142.916567223371,942.5441579629673,1,-1,-1,-1
395,58,1317.1266018539188,141.78911121015744,1393.9117584814776,349.60316153529203,1,-1,-1,-1
396,57,1058.8085623903476,727.8093893439495,1143.250028083185,940.7315233482315,1,-1,-1,-1
396,58,1318.001773303153,143.04323254346053,1394.6055206800995,350.9238191039017,1,-1,-1,-1
397,57,1058.8999179212806,727.6574836302553,1143.4481795205238,939.972761401257,1,-1,-1,-1
397,58,1318.523282299943,140.15186707321442,1394.4359752384926,346.5486842458304,1,-1,-1,-1
398,57,1059.8276297660036,726.8608545071039,1143.596089202454,937.4162597712511,1,-1,-1,-1
398,58,1318.7158506272426,141.17450697906457,1395.4112473189775,349.64070480535395,1,-1,-1,-1
399,57,1063.2283063507857,726.4768113780372,1146.5306429944,936.278974879272,1,-1,-1,-1
399,58,1319.1702668430535,141.53931034010878,1396.4478289489493,351.03228948850915,1,-1,-1,-1
400,57,1064.685148442108,721.9931315429786,1148.003338816494,932.4121376470355,1,-1,-1,-1
400,58,1319.590865712588,143.4043227438743,1396.8530643258034,352.44814227693166,1,-1,-1,-1
401,57,1064.8988452630228,718.4222770016927,1149.9378838447321,932.1292417402595,1,-1,-1,-1
401,58,1320.106267610046,144.5993261099156,1396.8499825465863,352.80974009522583,1,-1,-1,-1
402,57,1065.4807061200165,718.368151979994,1150.3414842937298,932.0430985413882,1,-1,-1,-1
402,58,1322.7041426865726,143.6234122694535,1400.0333327379408,353.05901903896313,1,-1,-1,-1
403,57,1066.3708092055285,718.4102579490816,1151.193841928166,931.4765787284383,1,-1,-1,-1
403,58,1324.0126850533063,145.6440247933583,1400.78635124865,353.7596466154665,1,-1,-1,-1
404,57,1066.894361144685,716.8293719987792,1151.5289142810434,929.5566706670486,1,-1,-1,-1
404,58,1324.7928680201385,145.95872700629576,1401.444524758066,353.76307021999173,1,-1,-1,-1
405,57,1067.8225681181355,718.9268344006146,1151.785404813588,930.092100895348,1,-1,-1,-1
405,58,1325.42451382895,148.97558437716438,1402.1198715107444,356.76950523928144,1,-1,-1,-1
406,57,1071.302915348807,717.9763507676327,1154.8586824430076,929.072387703516,1,-1,-1,-1
406,58,1326.4108500982534,149.6588733561896,1403.054347770412,357.6016808634246,1,-1,-1,-1
407,57,1072.815532752351,717.725523038949,1156.1017269508961,929.1999357087543,1,-1,-1,-1
407,58,1327.3870682301933,150.23174328692107,1403.481361432951,357.55045729800787,1,-1,-1,-1
408,57,1073.6431853428694,717.3282833591182,1156.9092434465033,929.2529886853904,1,-1,-1,-1
408,58,1327.6012768348414,153.9228225609452,1403.8276489182158,360.60517503315066,1,-1,-1,-1
409,57,1074.028214551846,713.1082648174283,1157.7798157887084,926.0735817898411,1,-1,-1,-1
409,58,1330.437120840187,154.64598355809434,1406.702382593802,361.5998925197416,1,-1,-1,-1
410,57,1074.486848789153,709.6785523136284,1158.2094946892767,922.6904263383487,1,-1,-1,-1
410,58,1331.6478840694622,154.4812855809882,1408.0232314447321,361.7923539152771,1,-1,-1,-1
411,57,1075.0919843088943,710.2705477010924,1158.8964419152362,923.262139701885,1,-1,-1,-1
411,58,1332.919992629095,158.03889123312263,1409.2342795563707,365.69287214748124,1,-1,-1,-1
412,57,1075.1834311222635,708.5836749988564,1159.3899920693514,922.4642018164342,1,-1,-1,-1
412,58,1333.6093571815513,158.18580022724296,1409.883448290151,366.553324205278,1,-1,-1,-1
413,57,1078.8928333467413,703.9936363345473,1162.7600180268,917.1391318904605,1,-1,-1,-1
413,58,1334.2212447694628,162.10929075914692,1409.8522080962566,369.0988490744372,1,-1,-1,-1
414,57,1080.128985314085,705.7683596924895,1164.2044324404997,919.8046708252999,1,-1,-1,-1
414,58,1334.626659307346,166.43019925111773,1409.975083228953,373.04857504634197,1,-1,-1,-1
415,57,1081.0508889867542,702.327791462112,1164.9335074681485,915.8523340300666,1,-1,-1,-1
415,58,1335.5152315044834,165.06604598503753,1410.763944471193,371.504731532968,1,-1,-1,-1
416,57,1081.5822743202614,701.9393814591562,1165.414750692935,915.796672442309,1,-1,-1,-1
416,58,1335.7370970338345,167.67792396231988,1411.4108883703627,375.0178918314031,1,-1,-1,-1
417,57,1081.6849418577674,700.1173822772989,1166.4851497225002,915.1690344868728,1,-1,-1,-1
417,58,1338.4872989321896,168.6825510403459,1414.8668735183035,377.2568782660373,1,-1,-1,-1
418,57,1082.18832077917,699.6453771347025,1166.7474054161326,913.8146681526023,1,-1,-1,-1
418,58,1339.8341824480137,168.66348192754043,1416.7636023758998,377.83700422388375,1,-1,-1,-1
419,57,1082.216945581001,695.5596372035145,1167.2328227895687,909.9599518518459,1,-1,-1,-1
419,58,1340.9888297992704,170.13060898753213,1417.4756917306672,378.53543818341177,1,-1,-1,-1
420,57,1083.6075805525418,694.277786467675,1167.3398282498151,905.934970515927,1,-1,-1,-1
420,58,1342.1564667829336,174.71376070246578,1418.4799760842316,382.8733034223652,1,-1,-1,-1
421,57,1083.497929321924,694.2001643896954,1167.603624088129,906.0761003288283,1,-1,-1,-1
421,58,1342.6807577301433,174.79360231668173,1418.6044913030412,382.42948370127147,1,-1,-1,-1
422,57,1086.8088408036615,692.4481959853769,1170.9380865383514,904.8800066874909,1,-1,-1,-1
422,58,1343.5087717021238,178.63463375495024,1418.8624053639155,384.73404321649787,1,-1,-1,-1
423,57,1088.2995094049,688.873474559969,1172.1964246563975,900.9993698583152,1,-1,-1,-1
423,58,1344.4395947456346,182.26929772813463,1419.760922140642,388.06558459284054,1,-1,-1,-1
424,57,1089.2217035138808,686.571151919331,1173.0829528890545,899.4103260131501,1,-1,-1,-1
424,58,1347.1620064245533,183.7402873030859,1422.9301328345462,390.3352013682055,1,-1,-1,-1
425,57,1089.8592845679398,685.6800439600414,1173.7130191568267,899.0596141789333,1,-1,-1,-1
425,58,1348.381515409494,186.1334646609145,1424.0914946463545,392.83375136753546,1,-1,-1,-1
426,57,1090.9962946038231,685.6387975556131,1173.8089922845054,897.3508769693599,1,-1,-1,-1
426,58,1349.6586595758122,186.08072289543418,1425.289581833389,392.51977227433395,1,-1,-1,-1
427,57,1091.037124514425,681.2829185402115,1174.261748163728,893.1034455995037,1,-1,-1,-1
427,58,1350.2527558880643,186.36260369861526,1426.095723866733,392.9238456268803,1,-1,-1,-1
428,57,1092.1962805184212,679.6052096731778,1174.4189592652324,889.6181733020784,1,-1,-1,-1
428,58,1350.1282876666573,189.55161546561476,1426.4528878555793,397.04727861687763,1,-1,-1,-1
429,57,1092.7732054613787,674.7486565418541,1174.4794158313332,884.1215837126889,1,-1,-1,-1
429,58,1350.4994332056513,190.43192002167166,1427.2375479593018,398.57335395511825,1,-1,-1,-1
430,57,1096.3492694281908,676.8468839024412,1177.2539365236762,885.3025142056337,1,-1,-1,-1
430,58,1351.1469199379374,192.12425852461803,1427.9378259390355,399.8957726796125,1,-1,-1,-1
431,57,1097.8430722127475,674.1101232696827,1178.3478160359323,881.9402727031335,1,-1,-1,-1
431,58,1351.421145214271,197.6667214692206,1428.253015385785,404.55332510866924,1,-1,-1,-1
432,57,1098.2307511530291,670.7083830291633,1179.7905304999751,880.8164704402307,1,-1,-1,-1
432,58,1351.378790335196,198.61860679961836,1428.605340031035,405.7485012479801,1,-1,-1,-1
433,57,1098.688564710234,666.1624406357745,1180.654216908874,876.1872334322837,1,-1,-1,-1
433,58,1353.962319365301,201.20982960560514,1432.1990005072357,409.6138277155509,1,-1,-1,-1
434,57,1099.0244335810373,663.7957856366912,1181.0551286265886,874.5881093958161,1,-1,-1,-1
434,58,1355.3224680818248,204.35979223786683,1434.1779685532606,414.66133093016344,1,-1,-1,-1
435,57,1100.6958156656835,659.0605878366224,1181.2507380720272,867.3533911005909,1,-1,-1,-1
435,58,1356.328567003123,206.7584009917953,1435.1896738146468,416.95860391515134,1,-1,-1,-1
436,57,1101.0956430802353,657.2664080132402,1181.6299485881489,865.3310267898173,1,-1,-1,-1
436,58,1356.7448551904042,206.70210794995205,1435.6468811538805,416.66010349886005,1,-1,-1,-1
437,57,1101.5574406240776,655.6397114174952,1182.158777356666,863.717669768863,1,-1,-1,-1
437,58,1357.1572404812907,212.63538603742222,1435.828364634622,422.2474070125256,1,-1,-1,-1
438,57,1104.7808460129354,654.9459729610633,1185.1001012428526,862.6724137616404,1,-1,-1,-1
438,58,1358.0430670747583,213.67933079493537,1436.5995292256728,423.1306786916732,1,-1,-1,-1
439,57,1105.9588699759186,653.9794801823967,1186.862847313241,863.141328470158,1,-1,-1,-1
439,58,1358.4303327070133,216.66935656697,1437.1551921555706,425.84207629828734,1,-1,-1,-1
440,57,1106.8415769264118,648.1670174109527,1187.8484462957024,858.0143298437256,1,-1,-1,-1
440,58,1358.7732162662078,220.02053547682772,1437.7877912669776,429.57306927791876,1,-1,-1,-1
441,57,1107.6013794091477,645.767970633671,1188.5099041122623,855.7231221218943,1,-1,-1,-1
441,58,1361.5146662656007,222.11979957320412,1440.763921599501,432.1251134714546,1,-1,-1,-1
442,57,1108.2334010848624,645.6167979971815,1188.8273188507678,855.1427043376498,1,-1,-1,-1
442,58,1362.9793107753549,228.7743372916336,1441.569084772072,436.7176251969695,1,-1,-1,-1
443,57,1108.5051950379602,640.1234526367251,1189.571619889467,850.473964074634,1,-1,-1,-1
443,58,1364.1101796096389,232.0474706434626,1442.0223918603874,438.22917774734253,1,-1,-1,-1
444,57,1109.2333245841241,638.3907290671549,1189.9425404957096,848.091092676886,1,-1,-1,-1
444,58,1364.6438475330942,233.87212303852488,1442.4519337312393,439.7627157533482,1,-1,-1,-1
445,57,1109.2725338560854,633.7724336415555,1190.2607507324624,843.5042907688597,1,-1,-1,-1
445,58,1364.998552503158,236.05700289857077,1442.6711323626396,441.75103332658273,1,-1,-1,-1
446,57,1112.766784516492,632.3424237349108,1193.1490345533027,841.0442058369789,1,-1,-1,-1
446,58,1365.5893157573587,236.27753268270664,1443.3747136119746,442.25823541080626,1,-1,-1,-1
447,57,1114.1083911173862,627.4020355325472,1194.014270665513,834.7244784673517,1,-1,-1,-1
447,58,1366.1875124224484,238.24500316510427,1443.8662179575292,444.6859561873712,1,-1,-1,-1
448,57,1115.30996449692,628.8853220303013,1195.1656678516902,836.2987828596438,1,-1,-1,-1
448,58,1366.5843373343118,245.59930649777704,1444.145530876809,451.7722403581063,1,-1,-1,-1
449,57,1115.5135524524019,623.0126337377457,1196.1641108135466,832.8542261370931,1,-1,-1,-1
449,58,1369.5770491728708,249.0841384037755,1447.9371811404483,456.2782740185578,1,-1,-1,-1
450,57,1115.555645602586,616.2719854483448,1196.589951951323,827.6052408182893,1,-1,-1,-1
450,58,1370.6025506742849,252.33320415053257,1449.7220962556635,461.07166790842393,1,-1,-1,-1
451,57,1116.194966631501,614.6706706222791,1197.2953299525443,826.0815785344828,1,-1,-1,-1
451,58,1371.412057628093,253.57881703790642,1450.8563975533573,462.7007500915978,1,-1,-1,-1
452,57,1118.0897161384603,614.6112038563214,1197.6077350718215,822.5544597202413,1,-1,-1,-1
452,58,1371.8897523246383,254.31060375144068,1451.507278281429,463.7191239865997,1,-1,-1,-1
453,57,1120.6866269935385,612.9774387301785,1200.9611410910638,822.9420585552965,1,-1,-1,-1
453,58,1372.6958536104516,258.03657652084814,1451.636180762515,466.04060081601995,1,-1,-1,-1
454,57,1122.2978431416584,609.2372881149889,1202.0668540028698,818.3504564363698,1,-1,-1,-1
454,58,1373.9152040426568,259.19110886344237,1452.3114553780667,466.10944519054397,1,-1,-1,-1
455,57,1123.0974535583073,608.0469782576644,1202.7573724041526,816.7787565538696,1,-1,-1,-1
455,58,1374.5179941620715,264.89549966909715,1452.9430474325402,471.8910686640276,1,-1,-1,-1
456,57,1123.355552316367,601.294080272899,1203.6387852899973,811.0152783326738,1,-1,-1,-1
456,58,1377.5083127854327,269.15384228308255,1456.1443458028714,477.247155057357,1,-1,-1,-1
457,57,1123.8177023814944,594.884358893842,1204.3939900576697,804.6204344457036,1,-1,-1,-1
457,58,1379.0768805048356,270.5518875474512,1457.8673778424888,478.951761106936,1,-1,-1,-1
458,57,1123.8017933745962,591.5378186431693,1205.1920145933295,802.5839544411363,1,-1,-1,-1
458,58,1380.499967623988,277.5170017094658,1458.501350419237,484.7344820200931,1,-1,-1,-1
459,57,1124.1308491769166,589.8616041643834,1205.4683322854498,800.7879760552217,1,-1,-1,-1
459,58,1381.6275576090625,280.38439273265016,1459.1201628870376,487.1117685449562,1,-1,-1,-1
460,57,1124.5613523029297,586.0491647582435,1205.6528846084252,795.7899333370584,1,-1,-1,-1
460,58,1382.0157906826719,281.1846497281353,1459.023892206474,486.94324688399456,1,-1,-1,-1
461,57,1125.1027367258348,582.849833370439,1206.162104136673,791.8225850471711,1,-1,-1,-1
461,58,1381.7173579655903,282.58300192749044,1459.2979267886517,489.82761451285893,1,-1,-1,-1
462,57,1125.5692406652315,578.1457720006159,1206.4420989690327,786.3590057165674,1,-1,-1,-1
462,58,1382.2206317404073,285.368628197234,1460.0922039838738,493.68867350237787,1,-1,-1,-1
463,57,1128.6427720507857,576.1616004155169,1209.1324539593732,783.8700057593452,1,-1,-1,-1
463,58,1382.70539644349,292.19632743622765,1460.5335111380157,499.91591016387144,1,-1,-1,-1
464,57,1130.7551856427135,574.6435387998359,1210.7961969555472,781.0171233024005,1,-1,-1,-1
464,58,1383.050805328945,296.13382025985857,1461.317890713798,504.72479592874845,1,-1,-1,-1
465,57,1130.9282639194162,573.78131585237,1211.975675031188,781.7600007425217,1,-1,-1,-1
465,58,1385.881822473103,296.8881647087724,1464.3207386591127,506.570782889044,1,-1,-1,-1
466,57,1131.092266326866,564.2438958869911,1212.521804475951,773.2119710812274,1,-1,-1,-1
466,58,1387.534761518968,301.3316673154037,1466.1343406128185,511.7367725846741,1,-1,-1,-1
467,57,1131.8486590663601,564.9471237768917,1213.2443133017712,773.6529203390219,1,-1,-1,-1
467,58,1389.3875166246817,304.2703268217791,1467.535259774389,514.1834836078838,1,-1,-1,-1
468,57,1133.0141279731254,561.1892109331848,1213.7893316189206,768.8555802801452,1,-1,-1,-1
468,58,1390.707069539214,309.92494196100176,1467.9257485339588,517.9211968255343,1,-1,-1,-1
469,57,1133.1418675961158,558.689613977642,1214.2801400953656,766.8652845216293,1,-1,-1,-1
469,58,1391.1194049327542,313.358934690024,1468.005076841878,520.7399965546367,1,-1,-1,-1
470,57,1136.0867232406413,556.8990648336973,1217.382024158329,766.1782117115949,1,-1,-1,-1
470,58,1391.7247415102431,314.2745374851963,1468.2723183762982,521.1088239140915,1,-1,-1,-1
471,57,1138.0883222638613,552.4691859961354,1218.4766656710806,760.3862905999794,1,-1,-1,-1
471,58,1392.2408235429423,319.51156697120973,1468.6107772318596,526.3946015692536,1,-1,-1,-1
472,57,1138.8664564153235,545.3318894876314,1219.474718529377,753.7609897114057,1,-1,-1,-1
472,58,1394.475323315502,322.1766585795833,1471.330905145048,530.0001759365862,1,-1,-1,-1
473,57,1139.7875411292728,543.6256848142742,1220.1477651113544,751.9138574536337,1,-1,-1,-1
473,58,1395.8759110696953,327.6850236943054,1472.2042194291923,534.6832502028003,1,-1,-1,-1
474,57,1140.501293590594,542.299549080053,1220.4684612373997,749.9382802090972,1,-1,-1,-1
474,58,1396.999639842801,334.0039458590261,1473.32572297564,540.7178367833158,1,-1,-1,-1
475,57,1141.5830389121863,539.1130257813035,1220.9151308719622,745.4304158333299,1,-1,-1,-1
475,58,1397.3926775065727,336.1637632500433,1474.0379038854273,543.5054301637894,1,-1,-1,-1
476,57,1141.9187517058017,536.7862906007501,1221.2804191210369,742.8123988119645,1,-1,-1,-1
476,58,1398.2991324433492,336.63471851520114,1474.6588724475068,543.5587462447014,1,-1,-1,-1
477,57,1143.063009758208,531.3706767541456,1221.3618229383806,735.6161405797047,1,-1,-1,-1
477,58,1398.8887379387188,339.5412504613381,1474.8923609473907,544.9748842852896,1,-1,-1,-1
478,57,1145.189821883928,526.7694952015382,1224.8211405405214,734.0152238105704,1,-1,-1,-1
478,58,1399.683363670049,343.6659616341529,1475.2612551372813,547.7049514714626,1,-1,-1,-1
479,57,1146.1067330154149,520.6805354527514,1226.0233340801956,729.0095242138694,1,-1,-1,-1
479,58,1400.126786835602,348.2114454221402,1475.318670936217,551.139618641326,1,-1,-1,-1
480,57,1147.4287525505883,513.4683976963694,1227.328909173189,721.4500576572996,1,-1,-1,-1
480,58,1402.8929621549237,354.2017845784138,1478.4115688518089,558.1350118385296,1,-1,-1,-1
481,57,1147.7211291153767,511.74734719293383,1227.3788838206979,719.3120600029861,1,-1,-1,-1
481,58,1404.3208900798456,356.28944910312697,1479.8059486092588,560.6434798069355,1,-1,-1,-1
482,57,1149.0436442504515,508.51532406258696,1227.4389044102584,712.4537105793632,1,-1,-1,-1
482,58,1405.7916822812294,360.46771706837114,1481.00264592784,564.2958702699316,1,-1,-1,-1
483,57,1149.9432486569804,506.64749697995364,1228.0966335256787,710.4478755966421,1,-1,-1,-1
483,58,1406.1355551284441,363.2061914601904,1481.8641498992138,567.6340842452206,1,-1,-1,-1
484,57,1150.3661210498606,504.2903785454201,1228.8497224746332,709.2310437625797,1,-1,-1,-1
484,58,1406.7185317706687,364.4956109695279,1482.5686291340971,568.6911177430309,1,-1,-1,-1
485,57,1150.5500092445466,498.57849891794024,1229.250305247773,703.225075421254,1,-1,-1,-1
485,58,1406.9988799334835,370.50154382518053,1483.0632943484406,574.3009198135563,1,-1,-1,-1
486,57,1153.1765805076225,491.79359274601484,1232.2573156263293,697.4415900582405,1,-1,-1,-1
486,58,1407.574611631213,373.2245170843916,1483.483398957384,575.9862401694033,1,-1,-1,-1
487,57,1154.897302800074,490.9218619477941,1233.312757784452,695.0239157129214,1,-1,-1,-1
487,58,1408.191216013902,380.22165189931724,1483.6723301580876,581.7267735285419,1,-1,-1,-1
488,57,1155.3293226659553,488.3021269874045,1234.5601070351627,695.0261546004722,1,-1,-1,-1
488,58,1410.7712055170105,381.55554869089116,1486.7844083383875,584.5989687661277,1,-1,-1,-1
489,57,1155.4495061225232,485.4722144674174,1235.5809435014794,694.704768624691,1,-1,-1,-1
489,58,1411.9355812575593,385.29894988015155,1488.7449193109446,590.3216983063182,1,-1,-1,-1
490,57,1155.993473444972,479.89520342529545,1236.2822655339087,689.207012259147,1,-1,-1,-1
490,58,1413.0855759105025,392.27300607771315,1489.7024621883688,597.0741303710056,1,-1,-1,-1
491,57,1156.8113084873369,478.652081586202,1236.5990125270398,686.6744849965019,1,-1,-1,-1
491,58,1413.4472569461025,396.52352627209234,1489.5768131930015,599.8905943706586,1,-1,-1,-1
492,57,1157.8701800950637,473.8156986655632,1237.0388939612503,680.5053380130556,1,-1,-1,-1
492,58,1413.9164334863497,398.05023416550955,1489.8700440215903,600.8253155494547,1,-1,-1,-1
493,57,1158.6565982400869,471.54883013948205,1237.5324420804318,677.1354701386626,1,-1,-1,-1
493,58,1414.1578878830978,401.3327392766496,1490.6127142581038,605.4048308974518,1,-1,-1,-1
494,57,1162.0697509438307,464.27891904015763,1239.455101551874,665.9634603185723,1,-1,-1,-1
494,58,1414.4584966677016,403.6296694622677,1491.0540862034002,607.6542223840821,1,-1,-1,-1
495,57,1162.9360706180453,458.9240104813295,1240.5003629580856,661.8990699443215,1,-1,-1,-1
495,58,1415.2797642087173,408.7468073618219,1491.5353503011138,611.6581832546271,1,-1,-1,-1
496,57,1163.3048706997633,456.6748791874454,1241.3945726361144,661.1610902110463,1,-1,-1,-1
496,58,1415.5359017903702,412.33561116286666,1491.817230325571,615.1382311494294,1,-1,-1,-1
497,57,1163.8325467488446,450.86765775800416,1241.6167416570204,655.1832123785739,1,-1,-1,-1
497,58,1415.3798005940612,413.3387434599776,1492.3777430995374,616.5520025359307,1,-1,-1,-1
498,57,1164.214357050788,447.34937661308714,1242.6521992974524,653.2984559825802,1,-1,-1,-1
498,58,1418.3831004649642,421.8369864578486,1496.170366074952,626.2516591390473,1,-1,-1,-1
499,57,1165.5883343081166,447.3986340730565,1243.5625549777985,652.8420675039843,1,-1,-1,-1
499,58,1419.9403177178278,421.41958382741984,1497.8666400585792,626.5177871358707,1,-1,-1,-1
500,57,1166.503019984256,441.927270912827,1244.2484310045138,647.5438627257254,1,-1,-1,-1
500,58,1421.0121840851757,425.03191366607314,1498.6170157442066,629.500912227602,1,-1,-1,-1
