1,14,614.9869384765625,435.0589599609375,692.9093627929688,638.6168823242188,1,-1,-1,-1
1,15,1220.046142578125,429.197021484375,1298.8172607421875,631.4893188476562,1,-1,-1,-1
2,14,617.91492817434,433.11853002122615,696.8854404578267,639.5462485069086,1,-1,-1,-1
2,15,1219.7304488418788,431.9414508914159,1299.6367517731135,637.2720770717652,1,-1,-1,-1
3,14,618.4847674274592,430.9277188983196,697.836322483017,638.4443744098365,1,-1,-1,-1
3,15,1219.8935216694804,433.1895787916983,1299.7356856722208,638.4806530473807,1,-1,-1,-1
4,14,618.4715115018777,426.75511158608833,697.8802774763325,634.5478217902566,1,-1,-1,-1
4,15,1219.5458029889417,438.51984457222557,1299.4357572375307,643.8315295792008,1,-1,-1,-1
5,14,618.6269384106647,426.40118918265057,697.712498790393,633.5436281454861,1,-1,-1,-1
5,15,1219.6749863627317,443.45120524432434,1299.070733854453,647.5927910030307,1,-1,-1,-1
6,14,618.7794156939539,419.40415527871585,697.3965327629166,625.8512924166582,1,-1,-1,-1
6,15,1219.7337556711293,444.95251742635537,1298.9187350443942,648.6705361345419,1,-1,-1,-1
7,14,618.6223122575705,416.91818059240046,697.2651475524526,623.7590712647898,1,-1,-1,-1
7,15,1219.714165415933,447.98863699845504,1299.7410591155776,653.8912063913808,1,-1,-1,-1
8,14,619.134215565399,415.14902967377714,697.6804490656798,622.2366076590903,1,-1,-1,-1
8,15,1219.4707996585676,455.7554434702103,1299.4740356163556,660.9694916722931,1,-1,-1,-1
9,14,619.4806858732113,409.2615731738231,698.0356552402163,616.5170826560766,1,-1,-1,-1
9,15,1219.3140637159718,458.98586309045083,1299.3744608102988,664.1058555506328,1,-1,-1,-1
10,14,620.009072312469,403.8201483088387,697.8625984101687,609.26129247385,1,-1,-1,-1
10,15,1219.3125222303115,464.027161865852,1299.752827604253,669.8518907502227,1,-1,-1,-1
11,14,620.4402277884533,401.31939618877755,698.3215915568612,607.1163821383551,1,-1,-1,-1
11,15,1218.678377271249,465.6157851919603,1299.8474971679193,672.2596666615407,1,-1,-1,-1
12,14,620.8007628738721,396.15747818895676,698.5389790897943,601.4939209188983,1,-1,-1,-1
12,15,1218.6544852539794,472.3430707076694,1299.4821800319578,677.3921856936739,1,-1,-1,-1
13,14,621.7279264935901,391.81365479374074,699.4498619585052,597.4589349813803,1,-1,-1,-1
13,15,1214.9613839732547,472.0642145626608,1295.328065827445,673.9179474844552,1,-1,-1,-1
14,14,622.5677317043834,391.4041321997787,699.6606480309403,596.906801368395,1,-1,-1,-1
14,15,1213.1044760901582,475.0893400444132,1294.412887889127,677.7496928286932,1,-1,-1,-1
15,14,623.4955256251571,386.8756719679985,699.6829726484074,590.1587528787336,1,-1,-1,-1
15,15,1212.3006822012487,480.76324252250083,1294.3155176147882,684.3381257492247,1,-1,-1,-1
16,14,626.4666441648936,384.8307474953151,702.81739829354,588.6461404856957,1,-1,-1,-1
16,15,1212.0646079003375,488.320778776891,1293.8184256305842,690.6923170974537,1,-1,-1,-1
17,14,627.9556728970491,381.07428383648147,703.567309539797,583.4564963181897,1,-1,-1,-1
17,15,1211.1118890507516,490.90538522327927,1293.278147886311,693.619241335465,1,-1,-1,-1
18,14,628.6934363029482,373.81264569665234,703.8157080513726,575.0920679954027,1,-1,-1,-1
18,15,1211.000909062796,493.8534543435249,1293.055764505328,695.1498584157231,1,-1,-1,-1
19,14,629.1092541752192,374.4054610431567,704.4262749761518,576.3845188124234,1,-1,-1,-1
19,15,1210.4066420876454,494.4994080542807,1293.1564993808333,696.2750572364307,1,-1,-1,-1
20,14,629.1170363402134,367.08147099771566,704.4738546504295,569.4220356995687,1,-1,-1,-1
20,15,1210.0345614919293,499.1995453138111,1293.0431801298569,701.5513703213014,1,-1,-1,-1
21,14,629.288812292727,362.822941471043,705.2508544351316,566.8129200972091,1,-1,-1,-1
21,15,1209.2224332942744,504.23850882799843,1293.1263426169312,708.1362568134291,1,-1,-1,-1
22,14,630.498537203711,360.81357685331466,705.638052026991,563.1395070910412,1,-1,-1,-1
22,15,1208.189238327041,510.2978939127294,1293.0420625326904,716.3616738437212,1,-1,-1,-1
23,14,631.5746452167389,361.00752703194075,706.3460905849706,563.2619221237119,1,-1,-1,-1
23,15,1203.931923270486,513.3833883210656,1289.4046652085885,719.5293933151596,1,-1,-1,-1
24,14,632.5074025250194,357.853022876866,706.3823875021498,557.3501680713143,1,-1,-1,-1
24,15,1202.1833913865607,511.48686189480344,1287.2086992736401,715.5880429095338,1,-1,-1,-1
25,14,635.889702159197,351.003822289629,709.6783535604146,550.2275140522055,1,-1,-1,-1
25,15,1201.4723966366378,519.1949183963175,1286.2627618737026,722.9105747728338,1,-1,-1,-1
26,14,637.3664384917641,348.64054923525566,710.9429739775667,547.5198477024303,1,-1,-1,-1
26,15,1200.9929555332333,523.4854479026828,1285.77071166451,726.5987171232209,1,-1,-1,-1
27,14,637.9878179808081,343.0923292219286,711.4630958391425,541.0847644024686,1,-1,-1,-1
27,15,1200.5199869726343,524.3497679058179,1285.7803194830738,727.9464420826183,1,-1,-1,-1
28,14,638.7309330545131,340.33892118946784,712.2671185799346,538.7249239774533,1,-1,-1,-1
28,15,1199.9821355774222,529.0736189347642,1285.3579641173553,733.2879646902402,1,-1,-1,-1
29,14,639.0175013102156,333.9949645035523,713.2407910503287,534.4707661259779,1,-1,-1,-1
29,15,1199.5137189581526,531.8516906394186,1284.9198721858686,736.1170726057824,1,-1,-1,-1
30,14,639.9236060984312,330.77352089626623,714.2347181604636,531.8339653383131,1,-1,-1,-1
30,15,1196.3692646493837,536.9325229813045,1281.0316985229597,739.9728192710384,1,-1,-1,-1
31,14,640.8283655077003,329.72869321001326,715.1577141502547,530.296778731842,1,-1,-1,-1
31,15,1194.2197558036926,538.8282496841051,1279.3181070865521,742.7484754883344,1,-1,-1,-1
32,14,644.3653956397884,326.5394059276895,718.0995360443009,525.4097138907903,1,-1,-1,-1
32,15,1193.1302264179335,543.4858094388374,1278.3628809489828,748.3353720903335,1,-1,-1,-1
33,14,645.8117449293728,323.5538964954453,719.8917151389333,523.3569604258641,1,-1,-1,-1
33,15,1192.3086436069718,545.9176089284499,1278.1389952039685,752.3702243286826,1,-1,-1,-1
34,14,646.8625531959186,322.9336060443218,721.0891979017954,523.120812843342,1,-1,-1,-1
34,15,1191.3326489800147,547.1246427537129,1277.5404317138439,754.6984608786663,1,-1,-1,-1
35,14,647.0490424075227,316.76150839582186,722.1537837029222,518.9770564769599,1,-1,-1,-1
35,15,1190.9416309276053,552.6051670452251,1277.0780936259807,760.0635612814949,1,-1,-1,-1
36,14,648.0057518596684,314.12255788603557,723.0683188722879,515.9770741428966,1,-1,-1,-1
36,15,1187.4596380123949,558.9424539389953,1273.4470532263472,766.67536791138,1,-1,-1,-1
37,14,651.4277255905707,310.087594959282,725.9338603709256,510.5519587162558,1,-1,-1,-1
37,15,1185.6013747330533,562.1825755117935,1271.5598335952159,769.8951348875164,1,-1,-1,-1
38,14,652.9819634824531,306.22318976632033,727.7037881324687,507.4284204644457,1,-1,-1,-1
38,15,1184.6190007088874,567.3707202207498,1270.601748956377,774.7798310224964,1,-1,-1,-1
39,14,654.1177328725405,305.3294162947046,729.1368944621393,507.2586430207981,1,-1,-1,-1
39,15,1184.4891616134191,570.3978562046623,1268.9885945976212,775.2983854952291,1,-1,-1,-1
40,14,655.6804613187348,301.93296207053896,730.3778346407857,503.2225375677489,1,-1,-1,-1
40,15,1183.8174147380378,572.1715249269398,1268.10348020092,777.4450970489124,1,-1,-1,-1
41,14,659.7472685186576,297.610227892539,734.7089871589878,499.18866775725974,1,-1,-1,-1
41,15,1180.471353454772,572.8595221692707,1264.358010932067,777.9469738391631,1,-1,-1,-1
42,14,660.996470354299,296.16666295419736,736.107803006689,498.65742195240387,1,-1,-1,-1
42,15,1178.337696180895,572.7487829223403,1262.6457924336687,778.3140831232246,1,-1,-1,-1
43,14,661.617067773421,288.8886497151361,737.7308719738953,494.2915641042153,1,-1,-1,-1
43,15,1177.3391300962194,580.7383063277368,1261.7324779900093,786.7716139050622,1,-1,-1,-1
44,14,662.498690433227,286.6871508472054,738.8001859300294,491.9710936641761,1,-1,-1,-1
44,15,1172.4136678495495,585.2315943111574,1257.3691193148707,791.5569567472098,1,-1,-1,-1
45,14,664.3718630362541,284.82373576506063,739.4924464000217,487.340415644209,1,-1,-1,-1
45,15,1169.8995544878348,587.3745828787878,1255.0608954935983,793.507938021718,1,-1,-1,-1
46,14,668.1350644306408,278.9697937465079,742.6877391494002,479.20126322233864,1,-1,-1,-1
46,15,1168.6943998330241,588.2834525491123,1253.5284461643882,793.856241877794,1,-1,-1,-1
47,14,670.0592219579956,275.32134730466663,744.7654560433615,475.9499481417113,1,-1,-1,-1
47,15,1168.0116735623105,589.0005937328141,1252.567053214912,793.5641456201519,1,-1,-1,-1
48,14,671.3843808316136,274.12035190096594,746.4723942913532,475.5058447736093,1,-1,-1,-1
48,15,1167.3028492672518,596.9698697404132,1252.1605537218834,802.3805553943059,1,-1,-1,-1
49,14,674.3885678879813,268.96349894383957,750.7692784135461,472.1242149177548,1,-1,-1,-1
49,15,1163.7094279474757,601.3847591149312,1248.154190508489,805.7440933598349,1,-1,-1,-1
50,14,675.8687587345879,264.42118756490675,753.4069952260018,470.3139251184025,1,-1,-1,-1
50,15,1160.6588687912263,603.6013293789315,1245.5747495566964,808.8644159190353,1,-1,-1,-1
51,14,676.9635364303294,260.27589589018964,753.8299773020694,464.3320048716378,1,-1,-1,-1
51,15,1156.0632802834903,607.5481274692337,1240.9759753724545,813.2316271953233,1,-1,-1,-1
52,14,678.1802766346382,261.22700582795187,755.8330061093313,467.0863571179134,1,-1,-1,-1
52,15,1153.79307523769,613.1091275146622,1239.5065872380926,820.7690303425932,1,-1,-1,-1
53,14,679.502124456716,257.96250418840003,756.7901963797773,462.3754170780428,1,-1,-1,-1
53,15,1152.64600882017,610.9878600841045,1238.2145937409848,818.5316033174839,1,-1,-1,-1
54,14,683.151396390689,255.88471711397918,760.5471079570697,460.51380102667736,1,-1,-1,-1
54,15,1151.5202415059414,616.1883320944228,1236.6091484515796,822.9131962774998,1,-1,-1,-1
55,14,685.3866398607703,252.84646030219662,762.6006026785562,456.58584813102937,1,-1,-1,-1
55,15,1147.6181241483341,618.1306883350408,1232.7076297200956,824.251939318296,1,-1,-1,-1
56,14,687.1815485066452,247.97831418271338,764.7014996242768,452.51020019082364,1,-1,-1,-1
56,15,1146.0205822356477,623.5186890801938,1231.1209588055194,829.1600466970206,1,-1,-1,-1
57,14,690.8765959284211,243.32934395076867,767.9289777033664,446.9462601159398,1,-1,-1,-1
57,15,1144.501137533735,624.9489748560243,1229.544750678167,830.5957906728873,1,-1,-1,-1
58,14,692.9674051188106,243.0024233022149,769.4174035735879,444.94589015738427,1,-1,-1,-1
58,15,1142.9258332758616,626.4162807773239,1228.9407976177004,834.0773873180256,1,-1,-1,-1
59,14,694.4989573632636,237.47195454394668,771.8068392151437,441.17684915600387,1,-1,-1,-1
59,15,1137.9769427683427,625.4091038199975,1225.06704146924,835.6888369407955,1,-1,-1,-1
60,14,697.9344312146344,234.13881901853773,775.5874553211489,438.5285956908291,1,-1,-1,-1
60,15,1135.7532530481037,630.1867101949334,1222.7643686580373,840.0421462257315,1,-1,-1,-1
61,14,700.7424791441845,233.48142979757924,778.2935504392182,438.5807221914257,1,-1,-1,-1
61,15,1131.554170017803,634.1772497795369,1217.7630178445074,841.9917600978803,1,-1,-1,-1
62,14,701.8988097477071,228.2952401359857,780.2307851100521,434.2285308722443,1,-1,-1,-1
62,15,1129.5448007949785,635.563051663727,1215.6816594445886,842.5776762046693,1,-1,-1,-1
63,14,705.9182165568081,227.7145714764452,784.9142495830666,435.89356268186197,1,-1,-1,-1
63,15,1127.975384538899,639.6391764970501,1214.3001366186872,847.2102096170457,1,-1,-1,-1
64,14,708.2374211985344,227.77095075399194,787.3920753926892,436.57587110406877,1,-1,-1,-1
64,15,1126.3899284737563,641.254840560803,1213.1822901034775,850.1392815194923,1,-1,-1,-1
65,14,710.495130527433,221.3521379607389,788.4033868875349,427.6174723916881,1,-1,-1,-1
65,15,1122.1925500794698,644.7882836541108,1208.9759298795575,854.5678518431046,1,-1,-1,-1
66,14,714.9615261802771,220.33694559616364,791.5659768670002,423.25462437244437,1,-1,-1,-1
66,15,1119.6554816002035,645.6834550375656,1207.2156413856865,857.0298523041533,1,-1,-1,-1
67,14,717.2812828692142,216.95883116450602,794.4903076359383,421.55893200541016,1,-1,-1,-1
67,15,1118.5158350301256,648.3180314234085,1205.2284730991887,857.9861399953529,1,-1,-1,-1
68,14,722.2046845865143,213.46915246931155,798.5612311419374,416.88282820500126,1,-1,-1,-1
68,15,1114.4545393726914,650.0061366999429,1200.9247408455808,859.4822669818709,1,-1,-1,-1
69,14,725.0316318017883,210.9278294486642,801.8470590316069,415.57337778734006,1,-1,-1,-1
69,15,1112.2072199443508,654.8636375891167,1198.9037151585999,864.7417245996161,1,-1,-1,-1
70,14,726.5146998986257,210.3855035335976,803.3314538794074,415.3849626131755,1,-1,-1,-1
70,15,1110.2545012459377,656.2028037574341,1197.899780494042,868.0496366524861,1,-1,-1,-1
71,14,727.8560804861823,207.2700284017261,805.2918062716956,413.1987094444386,1,-1,-1,-1
71,15,1105.8125847459642,660.4012147531054,1193.3714768398197,872.4281489050267,1,-1,-1,-1
72,14,731.831740535363,206.49849110749426,809.2082933091154,412.71179514092626,1,-1,-1,-1
72,15,1102.9832910573462,663.523823954232,1190.7538308119647,875.526437204887,1,-1,-1,-1
73,14,734.2326555927863,203.38002543023887,811.7795701203615,409.87464824858546,1,-1,-1,-1
73,15,1098.4782582965793,665.3449615008873,1185.885400785385,876.0045578726936,1,-1,-1,-1
74,14,738.2199969992538,202.18637035022425,815.6294031406563,407.8806441077743,1,-1,-1,-1
74,15,1096.4481718102315,666.2240314767856,1183.2257069878917,875.3380024475514,1,-1,-1,-1
75,14,740.306166971352,201.88769661490215,817.6148850684889,407.11015971840163,1,-1,-1,-1
75,15,1094.8851665838483,669.2695191234104,1181.510481830773,878.6231779638083,1,-1,-1,-1
76,14,742.1337102793063,199.9880350438105,819.9932940254587,406.8541014566321,1,-1,-1,-1
76,15,1089.8771142493542,669.3906868088743,1177.5331148675969,881.1124122609581,1,-1,-1,-1
77,14,743.8622055107522,198.69356873684688,821.578080597834,404.65797334969966,1,-1,-1,-1
77,15,1087.514259455487,675.0629373414463,1175.0782724043036,886.9874205581143,1,-1,-1,-1
78,14,747.5200443961962,191.58571444083054,824.5170897608062,395.304910576392,1,-1,-1,-1
78,15,1083.292169349892,678.9059906970876,1169.898793266002,888.9220335577326,1,-1,-1,-1
79,14,750.8906404720473,188.66428703707248,827.4108152573303,392.1224058182265,1,-1,-1,-1
79,15,1081.1815478160904,679.4164347772954,1167.7847090627745,889.1792827008381,1,-1,-1,-1
80,14,755.2718185407117,186.0039361773975,831.7624647048765,389.9599607198055,1,-1,-1,-1
80,15,1078.8656245413213,679.0669929146105,1166.0377288893253,890.0582495951609,1,-1,-1,-1
81,14,758.5837573017857,184.89687516387042,835.0845389723739,389.9005226242465,1,-1,-1,-1
81,15,1073.651893030674,679.4926745830903,1161.2041592819237,891.1220310370805,1,-1,-1,-1
82,14,762.8485939824883,185.08528025353047,839.2375289008392,389.6028125113455,1,-1,-1,-1
82,15,1071.3107501883628,680.8623480168644,1158.5425608875858,891.2510863004562,1,-1,-1,-1
83,14,765.1191771877251,180.70473162987784,841.876636137881,385.99295595247463,1,-1,-1,-1
83,15,1070.2141718956545,685.3726991064715,1156.80680347604,894.4222590010676,1,-1,-1,-1
84,14,767.4791945388058,177.7027092766769,844.5130795041639,383.84588028509984,1,-1,-1,-1
84,15,1065.7879724400939,688.1273233870777,1152.7241820368731,897.5695231382913,1,-1,-1,-1
85,14,770.6297686239604,174.60762431474848,848.9051879289739,383.4753720886034,1,-1,-1,-1
85,15,1062.8899724757853,688.804735242355,1150.021671492778,898.831150164826,1,-1,-1,-1
86,14,774.1172444749127,175.84083112916895,851.5603123168004,383.05486093028185,1,-1,-1,-1
86,15,1057.9376262390197,688.627388672077,1145.4139431058566,899.6135742231194,1,-1,-1,-1
87,14,776.8590169500704,172.741364801438,853.0865753039608,376.5191379821574,1,-1,-1,-1
87,15,1055.5773200603426,693.2814950840859,1142.3344087573919,903.24435686014,1,-1,-1,-1
88,14,780.4622492548953,173.76554577525087,857.6899783876254,380.2196405223442,1,-1,-1,-1
88,15,1050.8317842235201,691.4171349744994,1137.3367000036903,901.0432792706905,1,-1,-1,-1
89,14,783.426337489254,173.60152014934965,860.9035531325425,380.60815595623353,1,-1,-1,-1
89,15,1048.4927529705653,698.2300606955278,1135.4581716072953,908.7272118828996,1,-1,-1,-1
90,14,787.977259544164,172.24022736248827,864.7651132406945,377.5173751593809,1,-1,-1,-1
90,15,1046.7002607785814,700.8301751580083,1134.1782374684788,912.7565465177211,1,-1,-1,-1
91,14,791.9863587149237,167.11377335021024,867.3213059087001,368.93175053725327,1,-1,-1,-1
91,15,1041.4916605029516,697.1775272952184,1129.0844104245189,908.7360134863366,1,-1,-1,-1
92,14,795.5763565285764,164.31159342243615,871.4326771386465,367.38281809854305,1,-1,-1,-1
92,15,1039.0690183105885,701.1527698694848,1126.6591022923558,912.0939675765267,1,-1,-1,-1
93,14,797.9958425016509,163.40763953563192,876.3839313858834,371.9419697779506,1,-1,-1,-1
93,15,1033.976510073033,698.9535719511698,1121.486124171617,909.3297249014247,1,-1,-1,-1
94,14,801.8644918182721,159.08333336776664,880.8941422204042,369.1593556821183,1,-1,-1,-1
94,15,1031.4126343836872,706.4525585024041,1119.130774282285,916.9026839869884,1,-1,-1,-1
95,14,804.0943292015278,156.98735090951527,883.0143345763862,366.93414476853866,1,-1,-1,-1
95,15,1026.1065627172993,704.2895492937557,1114.2030366415684,915.3393125612754,1,-1,-1,-1
96,14,807.7180171571564,159.51089441736076,885.0168921072896,365.6913712760917,1,-1,-1,-1
96,15,1023.9391706706031,708.6671568630431,1111.2733862035982,918.3593671395929,1,-1,-1,-1
97,14,810.9567954840976,158.59236090305484,888.9777540908439,366.21680588515085,1,-1,-1,-1
97,15,1022.4569337694952,711.3383695599626,1109.1683923371766,919.5237380766232,1,-1,-1,-1
98,14,814.1813935712134,158.83664826731194,891.9181303684834,366.2987556003983,1,-1,-1,-1
98,15,1018.2947575752582,710.7706885808093,1105.203036522933,919.7456625196979,1,-1,-1,-1
99,14,818.3172336252959,157.61317948370197,896.6851514317269,366.56043812006953,1,-1,-1,-1
99,15,1015.2976195233896,712.657409688951,1102.3471476491668,921.60025411121,1,-1,-1,-1
100,14,822.1120733159066,155.96273469120314,899.3230030400057,362.1988209015923,1,-1,-1,-1
100,15,1009.5157793815388,711.6771325090308,1098.0189808312653,922.7529576319805,1,-1,-1,-1
101,14,826.7332310094669,152.263601365504,904.2031671067454,359.64119962973496,1,-1,-1,-1
101,15,1007.131975164468,713.6048694398938,1094.0910897168535,921.6417630348186,1,-1,-1,-1
102,14,828.7224845618067,151.73652065867293,906.6514777222147,359.41966868789507,1,-1,-1,-1
102,15,1002.3668452235665,714.3473242639992,1089.322351545904,922.2114674108508,1,-1,-1,-1
103,14,831.837544812544,148.03706767232853,909.0869698628533,353.6506165090112,1,-1,-1,-1
103,15,999.8860446475331,718.8827731646614,1086.6522175784605,926.554679253368,1,-1,-1,-1
104,14,835.9366266216927,148.3726404708743,914.4722821930279,358.19785347533684,1,-1,-1,-1
104,15,994.3605790259434,720.2230037023236,1082.0135095932849,929.4763832413671,1,-1,-1,-1
105,14,839.6936724810449,147.33699446147676,916.4283902269539,352.59292667661856,1,-1,-1,-1
105,15,991.8936447852151,719.9149811540171,1079.2157558074023,929.5450338694669,1,-1,-1,-1
106,14,844.3142034909403,146.97492841810552,920.774962433616,351.9699780667129,1,-1,-1,-1
106,15,990.4858237100001,721.0965737025311,1076.8263627261742,929.4789869951738,1,-1,-1,-1
107,14,847.5846285385861,145.01017180607337,924.6009434321433,351.4284809210253,1,-1,-1,-1
107,15,985.9562691703195,720.493903947166,1072.455617631938,928.8043405924889,1,-1,-1,-1
108,14,851.6770534180916,145.62742003729062,928.0878488744038,351.006875894151,1,-1,-1,-1
108,15,983.5027360805727,724.2468070653033,1070.3343369270212,933.8268367603497,1,-1,-1,-1
109,14,854.839889078111,147.20247717652302,931.2904133421417,351.80715978394494,1,-1,-1,-1
109,15,978.0495886358784,722.1639084008098,1065.0295854822164,931.8448609543211,1,-1,-1,-1
110,14,858.6305145729654,143.3259721925356,936.1194643848801,350.8364105297426,1,-1,-1,-1
110,15,975.0274549794773,724.727922151775,1062.114590842103,934.6643611783609,1,-1,-1,-1
111,14,861.9324265605096,142.29946344217402,939.5052402606274,350.79518692811837,1,-1,-1,-1
111,15,969.9293401407865,726.3891322998462,1057.219098604109,936.0277048965256,1,-1,-1,-1
112,14,866.1179865154667,140.51271310682984,944.7732574870591,351.7923228183863,1,-1,-1,-1
112,15,967.0271884560347,725.7604572420792,1055.0380732828396,936.9132312922479,1,-1,-1,-1
113,14,869.9893218251083,142.0357899198553,947.6022373256166,351.47825090181095,1,-1,-1,-1
113,15,962.2376117658414,722.6664236689162,1049.2414148215564,932.1991465232608,1,-1,-1,-1
114,14,872.3534487159191,140.1373349683696,949.4890238858907,347.38651996797194,1,-1,-1,-1
114,15,959.8657909924962,721.76145543592,1046.486412829208,930.8242656854911,1,-1,-1,-1
115,14,876.1746859913208,141.4145478918966,954.0257811936683,350.7675901091857,1,-1,-1,-1
115,15,955.3371416251257,726.4869305496868,1040.663343217483,933.0494606327607,1,-1,-1,-1
116,14,878.6723622216653,139.71269803914117,957.8078662351968,351.75681782732045,1,-1,-1,-1
116,15,952.5045124849257,727.1023646419014,1038.1173247434226,934.4833226971549,1,-1,-1,-1
117,14,882.6617118756985,139.641396084051,962.1013756789358,351.79692683450685,1,-1,-1,-1
117,15,947.1554891496044,723.9241034183669,1032.8193886346535,931.7888525974446,1,-1,-1,-1
118,14,886.6581907850116,142.08405857977814,964.7178753610078,351.0253732869156,1,-1,-1,-1
118,15,944.410275129478,726.8937691472825,1030.1315948897354,934.840695236839,1,-1,-1,-1
119,14,891.3022950164104,139.156956524098,968.8894404231883,347.2742358350615,1,-1,-1,-1
119,15,939.233544425231,729.074666048584,1024.8042315089403,935.7435199028716,1,-1,-1,-1
120,14,895.1757701676304,138.33064582080493,972.8235851835158,346.2866919827173,1,-1,-1,-1
120,15,936.4508673581624,727.661233437663,1022.3908417444211,935.2375245529421,1,-1,-1,-1
121,14,899.2437779151887,137.7375170288447,976.8179555692124,345.044233088703,1,-1,-1,-1
121,15,931.2809411042479,724.9795688144735,1016.1375720720833,930.4928585973089,1,-1,-1,-1
122,14,902.7829741365042,141.10825406909854,980.0739346564105,348.1939870779578,1,-1,-1,-1
122,15,928.5205263687103,723.1715786286783,1013.6509049907194,929.516577591647,1,-1,-1,-1
123,14,907.0879777446703,139.6520937068076,984.3538432760901,345.9940064154397,1,-1,-1,-1
123,15,927.2622786386504,727.9832980502651,1011.6424365937562,933.3578420909558,1,-1,-1,-1
124,14,910.3690329054266,140.9215943071365,988.3313446696734,349.3984067818236,1,-1,-1,-1
124,15,923.1487652173103,729.9715800102423,1006.7606492843453,933.3911063669357,1,-1,-1,-1
125,14,914.2593069708935,140.08553497698796,993.3555442382196,351.14513981437545,1,-1,-1,-1
125,15,916.437720172674,729.8347539725851,1000.4543292196278,934.0271633932192,1,-1,-1,-1
126,14,917.3626695575912,138.86612065615196,995.5849777022249,347.3386398003755,1,-1,-1,-1
126,15,913.2466031588403,729.4364522140542,998.3348422719962,935.9263919486134,1,-1,-1,-1
127,14,920.2239175954522,141.33889012842502,997.6498467831855,348.1996585401549,1,-1,-1,-1
127,15,911.8632858617688,728.0820148818467,997.0797404836785,935.2352396898518,1,-1,-1,-1
128,14,924.9576029599924,140.59889103578826,1002.1559474358033,345.91150543504045,1,-1,-1,-1
128,15,907.3802881566381,724.6714842652689,992.2054549942036,931.0703076669882,1,-1,-1,-1
129,14,930.5428622439315,139.1359871885141,1008.3855291267586,345.6420470378491,1,-1,-1,-1
129,15,905.0232038403398,723.438797263982,989.424097946965,929.2892422794811,1,-1,-1,-1
130,14,933.429583196749,138.28770721194147,1011.6836395207941,345.6718271314544,1,-1,-1,-1
130,15,899.4516781283289,725.8190380101055,984.2901957019399,933.2643894596306,1,-1,-1,-1
131,14,937.6871465254278,139.53953301342284,1016.8521848169186,349.0857854505624,1,-1,-1,-1
131,15,897.361986857467,727.8514481401896,981.2446973763771,934.27097136813,1,-1,-1,-1
132,14,941.7205316415918,138.4487807866334,1019.980225763929,346.1855207084786,1,-1,-1,-1
132,15,892.2556066292976,728.9877648215831,975.5922217065274,934.839721338665,1,-1,-1,-1
133,14,946.5020447187884,139.9489190370574,1023.9306982127929,345.4579668340823,1,-1,-1,-1
133,15,889.9135410992224,729.7296183884104,972.704738375427,934.9504319687102,1,-1,-1,-1
134,14,949.4945804865029,139.76631739617704,1026.49417804664,344.7683055935907,1,-1,-1,-1
134,15,884.153122835667,724.3437772488659,967.3654900605125,930.4415409966518,1,-1,-1,-1
135,14,952.1929023231737,144.18381138524205,1028.2583905292008,347.37583462515147,1,-1,-1,-1
135,15,881.3896866995902,721.8038519973207,965.3955976279365,929.5656393408392,1,-1,-1,-1
136,14,955.2939286859764,143.12674026722792,1032.20698280622,349.15258297210744,1,-1,-1,-1
136,15,876.4571867246805,726.5421866478362,959.5935828408708,931.9798297184111,1,-1,-1,-1
137,14,959.1620287721182,144.31848571792955,1036.4690678671777,350.82248309151555,1,-1,-1,-1
137,15,873.469844764581,723.387844520981,957.1764586097922,929.8055263026623,1,-1,-1,-1
138,14,963.1705761886445,142.88627623414885,1040.8941851076477,351.2534712773612,1,-1,-1,-1
138,15,867.7067938365918,721.6953274889917,952.0446536433351,929.5972895575711,1,-1,-1,-1
139,14,966.8573501238334,144.03072030010458,1043.8509118814745,351.1915747239401,1,-1,-1,-1
139,15,864.9598594321152,724.8897917154409,949.8116600760163,933.8590817355418,1,-1,-1,-1
140,14,971.2472493008135,144.26106665126593,1048.0196946973685,351.13640599983637,1,-1,-1,-1
140,15,863.4482259711049,722.7030905428493,948.0622917668442,931.2643792066492,1,-1,-1,-1
141,14,974.8426984784346,143.4140474232765,1051.7106380653852,351.75452084884364,1,-1,-1,-1
141,15,858.7810927411688,725.5021761512525,943.3696029905145,933.5145828128544,1,-1,-1,-1
142,14,979.5331766384852,146.93770102994984,1055.5127022675306,352.62214833222043,1,-1,-1,-1
142,15,856.3967875298035,725.6750857377908,941.3358079087265,934.9441802085182,1,-1,-1,-1
143,14,981.9622359860716,147.35224883341743,1058.089451744005,353.0531859362109,1,-1,-1,-1
143,15,851.0933634680971,725.5902134780287,936.3198284018046,935.66312708813,1,-1,-1,-1
144,14,986.6930666509808,147.93354101996312,1062.6346670506534,352.90020449202405,1,-1,-1,-1
144,15,848.4066629056769,720.4985272654189,933.8236138420356,931.0553602480921,1,-1,-1,-1
145,14,990.0627339869988,149.42203598536219,1067.0439467629424,357.886360595983,1,-1,-1,-1
145,15,847.3771829853599,720.7418080975492,932.2722735136344,929.9367751384041,1,-1,-1,-1
146,14,994.6426354435455,148.85125260491108,1071.2230545574328,355.2585820104616,1,-1,-1,-1
146,15,842.3138885342096,715.8961135792391,926.9085635279114,924.5640136802646,1,-1,-1,-1
147,14,996.7991806958764,148.9388514431618,1074.7071654249592,358.50664341192225,1,-1,-1,-1
147,15,839.8424266038637,713.0552755482253,924.9159051180281,923.1562699912332,1,-1,-1,-1
148,14,999.5537651828358,151.5512013479392,1076.9101633051055,359.13033174651525,1,-1,-1,-1
148,15,834.7132432023818,715.6704453303721,920.0245338770386,926.8179355996583,1,-1,-1,-1
149,14,1003.4829711313396,150.48126213740727,1081.611856387034,359.61485912485114,1,-1,-1,-1
149,15,832.3067032066912,717.514381301869,917.4281120834872,928.6957580731594,1,-1,-1,-1
150,14,1007.7731922873309,154.61233265097377,1084.3427163890651,359.89026288886294,1,-1,-1,-1
150,15,827.4870106476502,714.865871505715,911.3558566192506,923.1206453789894,1,-1,-1,-1
151,14,1012.1835812567583,153.5948549271395,1088.8607345896721,360.45081844550464,1,-1,-1,-1
151,15,825.1147689064035,713.3454962651915,908.7538404231234,921.9178051684704,1,-1,-1,-1
152,14,1015.8391647860751,155.52056196564268,1091.6269408209157,360.72718932573923,1,-1,-1,-1
152,15,819.1105320270681,710.0946842223427,903.6958160933627,921.4124624777445,1,-1,-1,-1
153,14,1020.0244828529184,155.89524446003372,1095.6749432450554,360.7742317809093,1,-1,-1,-1
153,15,816.9575552617094,714.0406696119893,901.4674290498409,925.8185891163627,1,-1,-1,-1
154,14,1022.6420593736465,157.76162679591494,1099.2349227878885,365.43857862832203,1,-1,-1,-1
154,15,811.7743875132556,711.1472982363296,896.0519695932812,922.615823846357,1,-1,-1,-1
155,14,1026.996097996185,156.36472985926753,1103.0951591355265,362.4116060283701,1,-1,-1,-1
155,15,809.1831752488358,709.5988953424201,893.7166187279373,921.7345094039385,1,-1,-1,-1
156,14,1029.2806289910018,160.90206584642,1105.4013256810204,366.65313868362784,1,-1,-1,-1
156,15,807.9912372901961,709.082657649879,892.4348007725555,921.6126554480406,1,-1,-1,-1
157,14,1031.6709811396388,159.99013034834798,1107.8086349383234,366.6260756323418,1,-1,-1,-1
157,15,802.3994647677416,702.0254253507087,888.2134719001515,918.6423828095409,1,-1,-1,-1
158,14,1036.2544253174747,164.0865591234953,1112.7294514324287,372.4255145081719,1,-1,-1,-1
158,15,800.4479439197625,701.3778968423488,885.5576658157573,917.2710139595201,1,-1,-1,-1
159,14,1039.7099034714374,163.99658857766553,1115.1719891290302,369.9456583111371,1,-1,-1,-1
159,15,795.5336678385286,700.1095657229547,880.5036240328568,915.9147422516156,1,-1,-1,-1
160,14,1043.7893602448257,167.34508441150814,1119.74485227406,375.4346655680237,1,-1,-1,-1
160,15,793.165227415677,699.3112819882366,877.7644738232744,914.7917657291324,1,-1,-1,-1
161,14,1046.1584531711655,168.68518817746616,1122.2339746420384,377.2886941946888,1,-1,-1,-1
161,15,791.829153040563,698.2599659019139,876.8281213037956,915.1976503060569,1,-1,-1,-1
162,14,1050.9764111684633,170.58433345193248,1126.6593420922163,377.8181387456094,1,-1,-1,-1
162,15,786.7935445721394,694.5982626219741,871.3271408653438,911.1081943836265,1,-1,-1,-1
163,14,1054.9430220482436,170.81961139786975,1130.1684224040666,377.6839097081513,1,-1,-1,-1
163,15,785.080033586632,692.6685633815301,868.9502209669552,907.3997950663096,1,-1,-1,-1
164,14,1057.0354605006812,172.97406999721719,1132.5829215357223,381.24561390083386,1,-1,-1,-1
164,15,780.1552329369179,691.9150196165629,863.7059284673013,905.665196487564,1,-1,-1,-1
165,14,1061.217066615088,174.91725151414863,1137.2641934133485,384.27090487941626,1,-1,-1,-1
165,15,777.6144597454794,691.3504728412794,861.2074861031846,906.0716336404782,1,-1,-1,-1
166,14,1063.9011193195224,178.17341186140987,1139.0187289053854,384.77974640221896,1,-1,-1,-1
166,15,776.1208231213167,690.0975464790478,860.3803220836159,906.9294423354067,1,-1,-1,-1
167,14,1067.9557758657884,180.31526495854004,1142.79584527781,385.4257411355319,1,-1,-1,-1
167,15,771.7665041862675,682.8988246321171,854.5141773726797,895.9201804445772,1,-1,-1,-1
168,14,1070.8836742768174,181.92508581825237,1146.7618461179004,390.2934518957949,1,-1,-1,-1
168,15,769.7595258268649,683.457941419357,852.2969949770595,896.3403510144185,1,-1,-1,-1
169,14,1073.2768532488546,185.2561346149179,1148.6534109768816,391.82795715791815,1,-1,-1,-1
169,15,764.9508476107844,680.4460632423105,846.4511972602414,890.955684923297,1,-1,-1,-1
170,14,1076.2640645573717,186.98410562766645,1151.6790260261346,393.5069973070519,1,-1,-1,-1
171,14,1079.3078751567289,186.38352863488882,1154.5863682325787,393.23282747052696,1,-1,-1,-1
172,14,1083.7659195556387,186.22416540119272,1159.08583462089,393.13654253813206,1,-1,-1,-1
172,15,755.0117935479796,672.7417329411684,836.3188421592871,882.9061804830312,1,-1,-1,-1
173,14,1086.4135539564477,190.1270920567709,1162.4522137098231,398.94201047575336,1,-1,-1,-1
173,15,749.678938119103,672.9123553837536,830.2202711411644,880.1235000067965,1,-1,-1,-1
174,14,1090.8011103397746,192.45459893273778,1167.0390565436312,401.00626915061844,1,-1,-1,-1
174,15,747.8485570227488,677.3665549174398,827.5961170975544,883.2844288129298,1,-1,-1,-1
175,14,1092.729680951421,193.26051335284518,1169.2542075876117,402.27841084536715,1,-1,-1,-1
175,15,745.8242953599635,667.9821808102904,827.0707354226263,877.156509144488,1,-1,-1,-1
176,14,1095.0486826143967,195.44942933302485,1171.3101885022302,402.5021917721093,1,-1,-1,-1
176,15,744.6565731477149,662.9725846156093,826.9756307357761,875.5406870370464,1,-1,-1,-1
177,14,1099.2848037644799,196.14285405739594,1175.08414632497,401.95323624431376,1,-1,-1,-1
177,15,739.8649953678433,661.5850522153193,822.066944289568,873.875220614527,1,-1,-1,-1
178,14,1101.3354118523491,197.9502885587433,1178.4386520391045,406.79806613979224,1,-1,-1,-1
178,15,737.6621388803416,660.0098614557365,820.1878533295228,872.6807765502584,1,-1,-1,-1
179,14,1104.00685748195,200.85930057624643,1180.380561832403,408.4872370831052,1,-1,-1,-1
179,15,736.6961241369482,659.6059973700025,819.4218817148711,873.2924874674729,1,-1,-1,-1
180,14,1107.3196475590032,205.20974325830065,1184.223131358917,413.95898661346405,1,-1,-1,-1
180,15,731.7624660017191,655.4878612400233,814.6092752377323,868.8732438178183,1,-1,-1,-1
180,16,765.7332707435882,566.4304443359375,891.0348322837558,810.2256103515625,1,-1,-1,-1
181,14,1109.7494521729159,209.62302829619645,1186.1796959859648,416.6928380733758,1,-1,-1,-1
181,15,729.8362301858614,654.5923810145376,812.0624724425545,866.8368569027087,1,-1,-1,-1
181,16,765.0847503149015,566.2975481432188,890.7063932381299,810.6916517228937,1,-1,-1,-1
182,14,1112.795602028382,211.46035057168524,1188.4964013947506,416.45927115484517,1,-1,-1,-1
182,15,724.6757343165743,653.1500385538127,806.4705896596513,864.8044363398632,1,-1,-1,-1
182,16,764.5535540010449,571.8180099578884,890.7296742601175,817.3665061498068,1,-1,-1,-1
183,14,1116.2972140114264,212.33774867372568,1192.0005220371613,417.47263994822185,1,-1,-1,-1
183,15,722.4107366153004,652.1925795615066,804.3079781920776,864.5695503901826,1,-1,-1,-1
183,16,759.5657140618008,574.5203919010559,884.9208430845902,818.3115190757471,1,-1,-1,-1
184,14,1118.7022599187005,211.57960129215283,1195.012095723609,417.8524208679247,1,-1,-1,-1
184,15,721.3313924326164,647.5530860953297,803.130855439402,859.4240529705777,1,-1,-1,-1
184,16,757.5981872737041,574.8098948322215,883.2039995913469,818.9844755373151,1,-1,-1,-1
185,14,1122.4751267484846,218.81656378104248,1199.5049227476375,426.9749508577719,1,-1,-1,-1
185,15,716.6962662154921,646.3805678232177,798.3947300636773,857.0539132084276,1,-1,-1,-1
185,16,756.8557178104976,574.8150060478408,882.6284016806901,819.1177476994384,1,-1,-1,-1
186,14,1124.3476758426036,221.60388400710326,1201.643217238735,430.5202752506341,1,-1,-1,-1
186,15,714.5829623764171,645.8525908328461,796.0942727591836,856.3616651740781,1,-1,-1,-1
186,16,755.7961560385969,573.6579693276254,882.7647266345112,820.0739816114714,1,-1,-1,-1
187,14,1126.3986452747517,223.06651783488533,1203.6593493033265,431.65732848846903,1,-1,-1,-1
187,15,708.8742644211655,639.3114846556545,790.8754326392163,850.836066478461,1,-1,-1,-1
187,16,757.0982354385592,571.4024604569631,881.1448162948889,811.6613930940919,1,-1,-1,-1
188,14,1129.1572911586022,225.661691978551,1204.958265700616,430.8503583891063,1,-1,-1,-1
188,15,706.5047698419974,636.9032955172415,788.7642818805789,848.692010463811,1,-1,-1,-1
188,16,757.6553725855786,570.6482920535283,880.4553761025638,808.148358889558,1,-1,-1,-1
189,14,1132.753762795667,230.86595217799817,1208.6160594666537,436.33357928596865,1,-1,-1,-1
189,15,705.2838965512203,636.2754907404101,787.425177678432,848.1044064028926,1,-1,-1,-1
189,16,757.7381922117077,570.6527273439898,880.0644126537725,806.7212855152604,1,-1,-1,-1
190,14,1135.4992076442195,233.8746041497733,1211.6243818760968,439.7083182011106,1,-1,-1,-1
190,15,700.88312106563,632.1378886547749,782.2093491670519,842.2395169541741,1,-1,-1,-1
190,16,752.9977923175169,571.1059679960092,875.2296965688001,805.7519868847615,1,-1,-1,-1
191,14,1139.7427011026582,235.31099795236838,1215.0735054435404,439.91730023531454,1,-1,-1,-1
191,15,698.7788557941619,629.5592837041349,780.370316861497,840.8841064920055,1,-1,-1,-1
191,16,751.1589342743423,571.5827512206872,873.3988654452253,805.0429998815342,1,-1,-1,-1
192,14,1141.6500434211741,239.08031034618122,1217.3417450698828,444.9803219869302,1,-1,-1,-1
192,15,697.7515296719791,628.8852825513619,779.1190629369675,840.3496305811634,1,-1,-1,-1
192,16,750.1443643052482,571.6518155144104,872.9111344884166,805.0429876778522,1,-1,-1,-1
193,14,1143.3926911426115,239.9886602056643,1219.1332694339114,446.370155837886,1,-1,-1,-1
193,15,692.8200168164299,625.2459613313026,774.1443106794118,835.7736751195637,1,-1,-1,-1
193,16,749.729181767542,571.7227618995686,872.9813048401355,804.9600310577284,1,-1,-1,-1
194,14,1147.4396943205072,243.46618211808732,1222.441857905389,447.6477609634337,1,-1,-1,-1
194,15,690.8418945713859,623.800817608617,771.7729824004883,833.2232348265395,1,-1,-1,-1
194,16,749.4040172666612,572.1264672117073,873.0777508090473,804.6120683891722,1,-1,-1,-1
195,14,1149.7872934772042,243.90366911864595,1224.470120970879,447.520849445273,1,-1,-1,-1
195,15,689.9417069229379,621.6672865567256,771.0136820620074,831.9906125896231,1,-1,-1,-1
195,16,749.3432241453219,572.7289905829754,873.3520350475601,804.0942014569175,1,-1,-1,-1
196,14,1152.5787646081967,245.30982782459046,1226.678555580115,448.17122667359104,1,-1,-1,-1
196,15,689.0295115175779,616.881307285971,770.6336253512819,828.4093427533539,1,-1,-1,-1
196,16,749.9051585816197,573.8655384547513,873.2067502655444,802.9713731760874,1,-1,-1,-1
197,14,1155.9636117121263,248.93656646236684,1230.0693000158506,452.71866274220497,1,-1,-1,-1
197,15,684.4084426018512,610.2510312243197,766.4077636130429,821.6214795309759,1,-1,-1,-1
197,16,749.879986768093,574.1300007917841,873.3517403212784,802.5998340388065,1,-1,-1,-1
198,14,1157.3165197461535,253.58657775823656,1232.1000148930298,459.56123741506303,1,-1,-1,-1
198,15,682.3310452054974,607.3667074790843,764.1900133796681,818.2573722318152,1,-1,-1,-1
198,16,749.5492370177119,574.2811590689597,873.6369356781515,802.3731149018633,1,-1,-1,-1
199,14,1158.6079507593072,258.0886624092077,1233.2405386777086,463.51181542520305,1,-1,-1,-1
199,15,680.8792253531266,604.6595275594703,763.4544681879794,816.9912573042009,1,-1,-1,-1
199,16,749.3433974301572,574.4924971315895,873.9398437867022,802.0901031814099,1,-1,-1,-1
200,14,1159.731292424369,262.5615818060402,1234.831398783394,469.0219708876487,1,-1,-1,-1
200,15,676.2501552501631,599.8645889962349,759.4106984213043,813.1320652235336,1,-1,-1,-1
200,16,751.7632315056927,574.051161777227,872.07296262656,792.0816549443842,1,-1,-1,-1
201,14,1163.461503950902,266.44198402088,1238.1990657797069,472.31488790619056,1,-1,-1,-1
201,15,674.4003094722602,601.3309114503894,757.5131443557406,814.7980702760296,1,-1,-1,-1
201,16,752.0805829586604,573.6631402578304,871.7814750914209,788.5083864887251,1,-1,-1,-1
202,14,1165.5881329496447,264.90702561863696,1240.632855107642,471.91644041174686,1,-1,-1,-1
202,15,673.6504200037996,602.8286141389164,756.1266578918105,814.6385176109145,1,-1,-1,-1
202,16,751.1359702307562,576.942435910006,873.0038255762325,794.2418889955034,1,-1,-1,-1
203,14,1168.4128169632813,270.14915133459743,1242.6751314426062,476.356053616465,1,-1,-1,-1
203,15,673.082170872835,599.0781679975116,755.1836488561701,809.6250914964696,1,-1,-1,-1
203,16,751.4180839706428,575.3310214555123,872.7422055582531,788.9694320585454,1,-1,-1,-1
204,14,1169.8588186279785,272.8930654349899,1243.7575776374756,478.23959206132065,1,-1,-1,-1
204,15,669.2478210984639,598.2018815831693,751.1062867632527,807.7158081827625,1,-1,-1,-1
204,16,749.7666749262771,577.722123307379,874.104906641241,794.1909832091997,1,-1,-1,-1
205,14,1172.7001558545458,273.28052006712073,1246.7142605955673,479.06919731692483,1,-1,-1,-1
205,15,666.9338105343263,591.9078649505295,749.3818504805221,802.0254679218899,1,-1,-1,-1
205,16,750.179156965613,576.5876490254154,873.401557732648,787.7302876590539,1,-1,-1,-1
206,14,1174.1167794090156,280.0388800919012,1247.9717673882053,485.7255979599396,1,-1,-1,-1
206,15,665.6676179529247,589.4160087133815,748.7274311424003,800.8357443082704,1,-1,-1,-1
206,16,750.2910478330467,576.842381190566,873.278134006558,784.5172837693243,1,-1,-1,-1
207,14,1175.3481543160565,282.7445223740814,1249.2691498674853,488.4806558346724,1,-1,-1,-1
207,15,664.2184634293579,583.9551665607797,748.2190367143075,797.585105247955,1,-1,-1,-1
207,16,749.7826684470114,577.1566790873402,873.661779022246,783.2458552393794,1,-1,-1,-1
208,14,1177.5529708597176,289.3791665922767,1250.248205634202,492.51780840223347,1,-1,-1,-1
208,15,659.823831048185,580.9457184476415,744.0568496221952,794.5961226221366,1,-1,-1,-1
208,16,748.8429116968869,577.1324406024725,874.3140744627358,782.8057538635463,1,-1,-1,-1
209,14,1179.1703958582168,291.6942911362951,1251.0485355505552,492.6075704525357,1,-1,-1,-1
209,15,657.6380830121376,576.8091280526759,741.8387467054628,789.0532084747465,1,-1,-1,-1
210,14,1182.3687960595012,295.2771156909539,1255.0321917755302,499.0482064929557,1,-1,-1,-1
210,15,656.644021870589,575.7601200796145,740.5129883769755,786.2070387664528,1,-1,-1,-1
211,14,1183.9149042823155,298.3234568785009,1256.6039598806751,502.45561911697257,1,-1,-1,-1
211,15,656.1668786959186,569.5429603893587,740.1007183440629,779.2248456940732,1,-1,-1,-1
212,14,1185.6620843973567,301.5871233596366,1257.5859155911266,504.0256588104877,1,-1,-1,-1
212,15,652.3862573669363,568.0792275097665,736.0338312101708,775.517353131778,1,-1,-1,-1
213,14,1188.6012745094329,301.3133011174554,1261.0171649723798,504.9406215062156,1,-1,-1,-1
213,15,650.0659944108772,562.293562890847,734.718099856057,770.9223022101501,1,-1,-1,-1
214,14,1189.9904834924434,305.0003480121657,1262.5748594021006,509.12123774144123,1,-1,-1,-1
214,15,648.4814440044952,560.1186070065659,733.9600216526948,769.3942127954276,1,-1,-1,-1
215,14,1191.2497806362783,308.4045076336165,1263.38333074549,511.34622716698016,1,-1,-1,-1
215,15,648.0984097000331,558.788355052322,733.4365383620388,767.7845782215301,1,-1,-1,-1
216,14,1191.972981149945,309.10086508951787,1264.1122314252796,511.6974304591985,1,-1,-1,-1
216,15,646.9148356996927,552.5164414881026,733.1741800301313,763.7068280541996,1,-1,-1,-1
217,14,1193.521496852825,315.0673355696207,1265.4697084456186,517.2484097056335,1,-1,-1,-1
217,15,642.4034224747519,549.6393308367307,728.9758198588777,761.2215631411896,1,-1,-1,-1
218,14,1194.4475795078397,321.54775969824595,1265.9752984997494,522.3350424209896,1,-1,-1,-1
218,15,640.7316169587684,548.1425287626097,727.1544217886202,759.7422119967797,1,-1,-1,-1
219,14,1197.2540512309604,323.8606923194939,1268.6541838198905,524.4305766568143,1,-1,-1,-1
219,15,639.8783722005982,544.1718620359561,726.0499795380678,755.005790138217,1,-1,-1,-1
220,14,1198.3002710169283,328.1892262467927,1270.2297317378752,530.358249062615,1,-1,-1,-1
220,15,639.4614683300557,542.9810058608385,725.5433759758786,752.8730794506242,1,-1,-1,-1
221,14,1199.6241105429428,330.70194278866677,1271.3534645140398,533.1491326577648,1,-1,-1,-1
221,15,639.9049453767304,537.9042330658708,724.9518152419244,745.2650814610121,1,-1,-1,-1
222,14,1200.7107344582244,333.73934371143906,1272.390874676162,535.902648146734,1,-1,-1,-1
222,15,639.7082451902182,535.3580317193474,724.7132712293559,742.9420490952216,1,-1,-1,-1
223,14,1201.9752248495308,338.60012184268606,1273.5073966796028,540.234246110611,1,-1,-1,-1
223,15,639.5261621486773,534.4311210010958,724.3036336302788,741.9701218345759,1,-1,-1,-1
224,14,1202.7807099028287,342.2033593830309,1273.9567259271848,542.3898670203606,1,-1,-1,-1
224,15,636.1388877548792,526.4401343452747,720.1906570746304,731.9181258872811,1,-1,-1,-1
225,14,1205.5098636286946,345.2419953255828,1277.3399965991284,547.5460174445794,1,-1,-1,-1
225,15,634.5806539832082,522.8890531499194,718.2775017305725,727.9060086268767,1,-1,-1,-1
226,14,1206.9708174188193,349.7454781005333,1278.1532909917037,550.2701375761734,1,-1,-1,-1
226,15,633.8029765445957,520.1681726907175,717.7433201220615,725.9937477286934,1,-1,-1,-1
227,14,1207.5800174195188,351.41179738747144,1278.5369122580075,551.3756057156666,1,-1,-1,-1
227,15,633.1392619240683,514.1777501548725,717.4555723293714,721.668682266843,1,-1,-1,-1
228,14,1208.2492794997067,351.59196547093495,1279.2250453255126,551.5044326325688,1,-1,-1,-1
228,15,632.8121538606188,511.67871801646345,717.2137471230416,719.4304786457909,1,-1,-1,-1
229,14,1208.977144236466,359.6980503862062,1280.3735688271752,559.9277481917725,1,-1,-1,-1
229,15,633.5168688960397,507.0362752974813,716.2696896102846,711.6070857256714,1,-1,-1,-1
230,14,1210.3910095610906,360.911284252668,1280.9037390815247,558.3954713335414,1,-1,-1,-1
230,15,633.6034909388504,504.9890923533301,715.6389720373863,708.5375359695718,1,-1,-1,-1
231,14,1210.597781888522,364.2146127936227,1282.0715179794688,563.6396538389233,1,-1,-1,-1
231,15,629.8785811886611,500.11841387563686,711.6756353854521,702.7244448986748,1,-1,-1,-1
232,14,1213.2240162115763,366.5420714267972,1284.6594702488749,565.7530820384245,1,-1,-1,-1
232,15,628.3678205010903,498.43882044636916,709.8437748706947,700.387944453734,1,-1,-1,-1
233,14,1214.1617318460658,370.87602587237393,1286.207410199076,571.5636650916747,1,-1,-1,-1
233,15,627.6935951409051,496.8406969840744,709.3500355632302,699.0435191692422,1,-1,-1,-1
234,14,1214.6265511549273,373.8953586011353,1286.8431519500164,574.2246928364332,1,-1,-1,-1
234,15,627.0948983442254,487.98684305653956,708.6138248051274,689.1994197438287,1,-1,-1,-1
235,14,1214.2744406225845,381.1854708383254,1288.3158953877728,585.7107692986752,1,-1,-1,-1
235,15,627.2748733752768,488.998992749623,708.3879667512997,689.2698730780885,1,-1,-1,-1
236,14,1214.2065923468472,385.7570860478879,1288.6925300054486,591.2091760277679,1,-1,-1,-1
236,15,627.0635647871952,485.494288484861,708.0437522757977,685.3727054312455,1,-1,-1,-1
237,14,1214.424313444803,386.8970063146753,1289.2416297145037,592.8951364700456,1,-1,-1,-1
237,15,626.3194622783271,482.4882043406871,707.8084750897771,683.6209344411043,1,-1,-1,-1
238,14,1215.7880642086316,392.5077005888744,1290.4703483542169,598.9228292138846,1,-1,-1,-1
238,15,625.8131460772478,475.58168488005157,707.4862978270958,677.2354603298702,1,-1,-1,-1
239,14,1215.536823834961,393.44059992400173,1290.6312215673577,600.6111904442407,1,-1,-1,-1
239,15,625.1728142416418,469.99039063666606,707.1461279587442,671.5568114707141,1,-1,-1,-1
240,14,1216.7273122361912,401.39969832358594,1291.0176648483475,606.3655503143057,1,-1,-1,-1
240,15,621.8567522760673,468.23043590381593,703.8643789114552,668.9168459854424,1,-1,-1,-1
241,14,1216.7863063253571,403.69132961227785,1291.3491023978722,609.0559893083861,1,-1,-1,-1
241,15,620.6814264571892,466.1523429106227,702.6970826105913,666.586683100565,1,-1,-1,-1
242,14,1217.4436422506235,405.8740015899671,1291.4917560153463,609.6099664573949,1,-1,-1,-1
242,15,620.2525700388857,460.42096583133747,701.8321539795331,660.4544084495038,1,-1,-1,-1
243,14,1217.280684833133,411.26004657910437,1291.5576835338998,615.4987419927597,1,-1,-1,-1
243,15,619.6322800588515,454.9253390861971,701.2360775719985,654.4833037953622,1,-1,-1,-1
244,14,1217.1510661847908,412.6459481486459,1291.7269549224577,617.8111221493882,1,-1,-1,-1
244,15,618.8239016643428,452.05951921608676,701.1820677951241,652.8521081222634,1,-1,-1,-1
245,14,1219.2151435573942,418.1643479714521,1294.2116409642567,624.1254615267856,1,-1,-1,-1
245,15,618.5751968886198,448.7414218397408,701.1789250656947,650.6682896633529,1,-1,-1,-1
246,14,1219.99675160267,422.65651249457795,1295.683252927311,630.0222384591236,1,-1,-1,-1
246,15,618.2350469206812,445.3529714227141,700.4299987342515,646.529017603505,1,-1,-1,-1
247,14,1220.1884754781508,423.8358805354557,1296.2524526296963,632.2984906209936,1,-1,-1,-1
247,15,618.4143598831337,441.38756307227857,700.5604501883932,643.1438801001266,1,-1,-1,-1
248,14,1220.3137452915175,429.81073084438674,1296.6915952767256,638.3737079151736,1,-1,-1,-1
248,15,618.0719616830277,437.67164000415937,700.1920122122056,638.9312417128745,1,-1,-1,-1
249,14,1220.0768809200906,431.21212354442446,1296.6486118130315,639.7530885453996,1,-1,-1,-1
249,15,618.2198944101681,436.076760182589,700.1964363799054,637.2122641199036,1,-1,-1,-1
250,14,1220.1189120794072,437.3081283582012,1296.9934920196522,645.8549025924644,1,-1,-1,-1
250,15,618.0614512695822,432.3882755744866,700.6080955460694,635.0632181299519,1,-1,-1,-1
251,14,1220.1492835746012,440.02845827405156,1297.1803259467663,648.1763957881006,1,-1,-1,-1
251,15,617.7446561484844,429.31827805301543,699.7040424462158,630.8608317874262,1,-1,-1,-1
252,14,1219.767287987333,440.78763664844706,1297.1352346637805,649.1523100187151,1,-1,-1,-1
252,15,617.9735033748628,427.2583434984858,699.8912904369029,628.8653081038166,1,-1,-1,-1
253,14,1219.617371506171,446.0807690791104,1297.0709905316764,654.4029962020243,1,-1,-1,-1
253,15,618.4002997171625,424.3629628127836,700.2419008495754,626.6319157456368,1,-1,-1,-1
254,14,1219.4992390758725,450.18482145910434,1296.770450556408,657.4917526580205,1,-1,-1,-1
254,15,618.8186552012013,418.1310474897158,700.4987014635575,621.3993259434528,1,-1,-1,-1
255,14,1219.430678816368,451.4539125931528,1296.756976568828,658.6622273028242,1,-1,-1,-1
255,15,619.052090577324,415.75362891371736,700.4310240605915,619.5274042248508,1,-1,-1,-1
256,14,1218.9939564180486,454.86393021917223,1297.0093261311733,663.0509647731024,1,-1,-1,-1
256,15,619.0349138405954,411.2375424730745,699.8853240531171,614.1326550532311,1,-1,-1,-1
257,14,1219.4878073687046,458.96343030486287,1297.081197140002,666.0329613954657,1,-1,-1,-1
257,15,619.2856419000548,409.6417897886018,699.7672914622246,612.4064382906977,1,-1,-1,-1
258,14,1219.4372934154915,464.5363064177833,1297.1441349040301,671.6141719614733,1,-1,-1,-1
258,15,619.6330780441901,405.3626137095405,699.9412465571041,607.8544741123636,1,-1,-1,-1
259,14,1219.07927579861,467.12493674966674,1297.0399013692324,674.0470879740018,1,-1,-1,-1
259,15,619.9903130026103,401.18073700223727,700.6941302544182,604.8075289634916,1,-1,-1,-1
260,14,1218.9177785917043,473.6144291232847,1297.0377582044005,680.3195598525642,1,-1,-1,-1
260,15,619.8433167120728,399.17025899335187,700.7191320241583,603.7071187831305,1,-1,-1,-1
261,14,1216.030580095835,478.18213087852644,1294.5795924817585,685.2923569567763,1,-1,-1,-1
261,15,620.6637195087301,391.6171092197905,700.6847945655018,593.7490682387813,1,-1,-1,-1
262,14,1214.6928982204638,482.20895785139385,1293.4884223843103,688.8481813067281,1,-1,-1,-1
262,15,620.8994923289049,388.8298873793001,700.6474274624081,590.0448231640139,1,-1,-1,-1
263,14,1213.8984492970626,482.4841981030206,1292.965689586626,689.5817155822349,1,-1,-1,-1
263,15,621.6807156802414,382.8039741156585,701.0284424107243,583.2208632823119,1,-1,-1,-1
264,14,1213.365839948598,486.73691361825684,1292.7422750667472,693.9679639664957,1,-1,-1,-1
264,15,621.9347618860911,379.2569157152555,701.1566453894807,579.4379746670952,1,-1,-1,-1
265,14,1212.6332291155943,489.4037394559175,1292.1971825504406,696.1155732591174,1,-1,-1,-1
265,15,625.1573079011484,377.1091787787958,704.3754796325029,578.1616388361704,1,-1,-1,-1
266,14,1212.0681197579272,492.00552847993794,1291.5469920971266,696.8507179001753,1,-1,-1,-1
266,15,627.1932371708104,371.7639006475134,706.194345347102,573.588318032319,1,-1,-1,-1
267,14,1211.025944162258,497.44163222642993,1291.3820622152978,702.2679864163421,1,-1,-1,-1
267,15,628.212467696228,369.67517684063995,706.9260386181921,571.8425186556045,1,-1,-1,-1
268,14,1210.3629830213956,497.9336319671071,1291.3109895353414,703.5037036010663,1,-1,-1,-1
268,15,628.7223408601216,363.88102274441616,706.7154349588923,565.4392541201801,1,-1,-1,-1
269,14,1210.1924451332584,500.40703400937423,1291.2077507238112,704.8303288582515,1,-1,-1,-1
269,15,629.2588424563768,363.0506975347811,706.5673235265697,563.12935974936,1,-1,-1,-1
270,14,1206.0851536619346,509.1323627598985,1288.3036456956522,715.1935533773192,1,-1,-1,-1
270,15,629.8202268048201,358.8348040951156,706.5926934609797,557.5674084805341,1,-1,-1,-1
271,14,1204.6002058865988,512.2373600977965,1287.159204489039,718.7771929951018,1,-1,-1,-1
271,15,630.8258946070507,355.5266624344627,707.1202952422373,553.892380263471,1,-1,-1,-1
272,14,1203.8457597898685,515.9808344905659,1286.1767638402732,721.059704598323,1,-1,-1,-1
272,15,631.4855055350911,350.29703166463935,707.6050827646602,547.7605302905121,1,-1,-1,-1
273,14,1202.788885317124,519.5768604949926,1286.2927467604632,727.2462537013679,1,-1,-1,-1
273,15,634.9447351138501,348.48787258218533,711.0223911181351,546.7107678014253,1,-1,-1,-1
274,14,1202.3086556892451,525.7471057148937,1285.8646554706727,734.239934415564,1,-1,-1,-1
274,15,636.5997716050762,346.4827128344099,712.7045994785408,545.7622753882235,1,-1,-1,-1
275,14,1201.8255208452983,527.5227708991042,1285.6519452618095,736.6585597093197,1,-1,-1,-1
275,15,637.2444297911421,339.54342429226335,713.8242838782884,540.4405311940959,1,-1,-1,-1
276,14,1200.96412482331,527.8750832128891,1285.3965963390758,737.8804915223748,1,-1,-1,-1
276,15,638.0778135980519,337.38689224228784,714.2786881875695,538.1536467625612,1,-1,-1,-1
277,14,1200.3299928403055,534.0355254511124,1284.6669939850462,744.0130773755919,1,-1,-1,-1
277,15,638.5697965724953,333.0238730569272,714.3579074450834,532.9258546233217,1,-1,-1,-1
278,14,1196.9981737567225,538.0612452919903,1280.8481402949446,746.3248980347831,1,-1,-1,-1
278,15,639.4666661950441,330.8447732430838,714.8670077356402,529.5855771490992,1,-1,-1,-1
279,14,1195.789204740266,542.2991587667494,1279.3889079426388,750.7275269090087,1,-1,-1,-1
279,15,639.806389727856,327.5618122437106,714.9911903137976,524.6954668748317,1,-1,-1,-1
280,14,1195.2672515292911,546.6385308029577,1277.7798861001413,753.1041740016019,1,-1,-1,-1
280,15,643.3258421745292,323.5836357208876,718.8077422380767,521.781180336923,1,-1,-1,-1
281,14,1193.6192594720035,551.3604920009284,1276.810469776811,759.533313318764,1,-1,-1,-1
281,15,644.9750735613679,318.4024674969013,720.2815046932824,516.5990055204188,1,-1,-1,-1
282,14,1192.6232477002075,552.7961533708416,1276.255703269259,762.3725347351644,1,-1,-1,-1
282,15,645.96229099743,316.7370990998132,720.8616817741934,514.593701682877,1,-1,-1,-1
283,14,1192.6322620679055,558.7231200110299,1275.7425118964393,766.9814905103606,1,-1,-1,-1
283,15,646.5577677203479,311.3010231354043,721.149799097969,508.9607006607367,1,-1,-1,-1
284,14,1189.4761936674684,560.3898856592683,1272.3597557491846,768.1143203290111,1,-1,-1,-1
284,15,647.2890875037666,307.61849469996565,722.3917350691503,506.7851157204212,1,-1,-1,-1
285,14,1188.616751062685,563.1256576935376,1270.7341562570953,769.4855630673026,1,-1,-1,-1
285,15,647.7989507780057,307.13121029297895,722.6592278647547,506.2277512171312,1,-1,-1,-1
286,14,1187.1038363330676,563.0712930857045,1269.503355403908,770.482404748464,1,-1,-1,-1
286,15,651.526662348967,300.8723802225177,726.9667393561153,502.14639553261884,1,-1,-1,-1
287,14,1185.375989020149,571.5807888919178,1268.6434412277354,780.8769027102337,1,-1,-1,-1
287,15,653.5573758997516,297.2903218586959,729.3780720324277,500.0090168297959,1,-1,-1,-1
288,14,1184.708055822628,571.267441582625,1268.0128547292297,780.5008736073679,1,-1,-1,-1
288,15,654.8295834603899,296.2658742217412,730.2148677301801,498.4240366991539,1,-1,-1,-1
289,14,1184.4440286853082,576.9840393997199,1266.791045624773,784.5059800212927,1,-1,-1,-1
289,15,656.2404015814468,291.8512816395483,731.1131851256623,493.0918494977616,1,-1,-1,-1
290,14,1180.855834045653,582.380766570901,1263.1673747259633,789.6807917733468,1,-1,-1,-1
290,15,659.7636347039963,289.108426280477,734.9320513778415,491.6257153895425,1,-1,-1,-1
291,14,1178.50036915821,585.3912185835619,1261.270235815207,793.4935361085836,1,-1,-1,-1
291,15,661.9024866791092,284.2283743658689,736.4137425634618,485.13201059404054,1,-1,-1,-1
292,14,1177.9513549147944,588.5129311322621,1259.2861058383442,793.9562662423247,1,-1,-1,-1
292,15,663.1596152800566,279.865172881067,736.7717742147706,477.8331539474172,1,-1,-1,-1
293,14,1177.2469519260248,593.6915053663785,1258.2382892573223,799.1109789716955,1,-1,-1,-1
293,15,663.9624908841506,281.01455735426737,737.8133329443417,479.71754313457916,1,-1,-1,-1
294,14,1174.1029376700349,595.2821279957088,1254.4786904705381,800.2859203990447,1,-1,-1,-1
294,15,667.8546845044006,272.28513321109654,742.8303886847822,472.5660399703164,1,-1,-1,-1
295,14,1171.7366389179308,596.1451107808807,1252.4129137683167,801.8844785491001,1,-1,-1,-1
295,15,669.9578570552408,273.7467778746296,744.9857879443354,473.4094761242853,1,-1,-1,-1
296,14,1169.8730790117493,598.5894899630094,1251.8538126418068,807.4804584457236,1,-1,-1,-1
296,15,671.1120666443101,270.32554751756345,746.4410425726448,470.21228834081387,1,-1,-1,-1
297,14,1166.4456882287636,605.893215131192,1247.6852384611109,813.1087706088297,1,-1,-1,-1
297,15,671.6995087679156,268.29603776861916,747.031764134512,468.05120451528677,1,-1,-1,-1
298,14,1164.9328089217506,608.9533966932543,1245.554100190948,815.2562024916557,1,-1,-1,-1
298,15,675.1231898367834,262.95569765531945,751.2703732551266,463.2883526140266,1,-1,-1,-1
299,14,1162.981138790489,610.1374257779887,1244.2340300001983,817.3891502701675,1,-1,-1,-1
299,15,676.7520732506,258.2093702876301,753.8616143990749,460.8714467765681,1,-1,-1,-1
300,14,1161.1663805192925,614.2616981112775,1242.91541452005,822.6806856638773,1,-1,-1,-1
300,15,677.5275707220666,253.2537788488334,754.9779874599262,456.68935152609197,1,-1,-1,-1
301,14,1158.3359928310767,617.7014422925622,1238.78039975277,823.8627546522673,1,-1,-1,-1
301,15,678.6134909257896,250.0450256555242,756.486812118906,454.06676091375107,1,-1,-1,-1
302,14,1156.0650364752876,622.1884047949668,1237.1142309714896,830.0916627407287,1,-1,-1,-1
302,15,679.4630791062823,247.73694422410426,757.0045296517025,451.30625306511183,1,-1,-1,-1
303,14,1154.9748953403225,623.9532390540883,1236.2068793881635,832.763078477144,1,-1,-1,-1
303,15,683.1855818349735,244.73435538238732,760.7507241893247,447.5341380102343,1,-1,-1,-1
304,14,1153.45944603365,625.7878184871975,1234.610492658699,834.5503082878168,1,-1,-1,-1
304,15,685.3725296327758,242.7000508158946,763.0628174595156,446.1148238316459,1,-1,-1,-1
305,14,1150.7017255085634,627.929009491322,1230.6174474633044,834.4597992126847,1,-1,-1,-1
305,15,686.5550005688686,239.45222568594602,764.9916574697121,443.9522988554927,1,-1,-1,-1
306,14,1147.885986169189,627.9485123471627,1228.149319930683,835.0145340717728,1,-1,-1,-1
306,15,690.2719692905142,236.2339947375482,768.3823513831779,439.84288935667416,1,-1,-1,-1
307,14,1145.8190312690774,632.1596026092501,1227.0375836867256,840.8265533688617,1,-1,-1,-1
307,15,692.3759939446353,236.9850125766097,771.0217953829543,441.7246693906138,1,-1,-1,-1
308,14,1144.9239265219298,637.2592520645736,1226.0254334803433,846.0376642501265,1,-1,-1,-1
308,15,693.9706747345995,233.1702062708024,772.2208417932504,436.2670993755976,1,-1,-1,-1
309,14,1140.6905044741684,638.3227620333164,1222.1235270226616,848.3303155757992,1,-1,-1,-1
309,15,698.2248282410824,227.02524110260956,777.2656816305729,432.0485892667351,1,-1,-1,-1
310,14,1138.6600899692583,641.7191086072869,1219.395420575303,850.4448466362103,1,-1,-1,-1
310,15,700.5307678494156,226.75136387617113,779.2251748388584,431.3388731656365,1,-1,-1,-1
311,14,1134.980753163638,646.6336544151303,1215.1050562239361,854.4243237235468,1,-1,-1,-1
311,15,702.166233548413,225.3792631520614,781.022600178567,430.363733521732,1,-1,-1,-1
312,14,1132.7297434599373,648.0121444670917,1212.734334501394,856.4105407189023,1,-1,-1,-1
312,15,705.8893145485304,220.46097852154588,784.8141936126584,425.8241504536512,1,-1,-1,-1
313,14,1130.0491836617646,648.6177666019029,1210.745717600899,858.8118609416777,1,-1,-1,-1
313,15,708.0410470033397,215.57503615473115,786.9341677146184,421.17244194866805,1,-1,-1,-1
314,14,1126.7358965544183,655.0440879242199,1206.3369990562828,862.6056902809023,1,-1,-1,-1
314,15,709.6348152397364,213.9471201055199,788.5669968236853,419.8970701666617,1,-1,-1,-1
315,14,1124.091839602862,655.420025597899,1204.962499017925,865.5543366436822,1,-1,-1,-1
315,15,713.647357812378,208.63952741890148,793.3291788151605,415.7149220821931,1,-1,-1,-1
316,14,1121.9058719344084,659.3859942216246,1203.811087556792,872.1391630222973,1,-1,-1,-1
316,15,715.6306333604964,206.91073310514747,795.5425074180571,414.3172580549124,1,-1,-1,-1
317,14,1120.9428512339755,662.0261046808527,1202.088767351147,872.9633267543883,1,-1,-1,-1
317,15,718.0426446653055,207.59384057723997,797.1851672754054,413.1729647412279,1,-1,-1,-1
318,14,1116.7442661895452,664.5187899782982,1198.296452891643,875.6973907737224,1,-1,-1,-1
318,15,721.8445227773664,203.87676709127436,801.1135639199289,409.31582142931575,1,-1,-1,-1
319,14,1114.6663147754962,669.7267263612275,1195.4231027267956,879.0025052530425,1,-1,-1,-1
319,15,724.4154789672905,201.5796018977552,803.3201551123136,406.4174527193346,1,-1,-1,-1
320,14,1112.5909240008891,667.2237193995929,1194.3479076502445,878.2426322127749,1,-1,-1,-1
320,15,725.9048205638493,200.180727211472,804.6351540610985,404.6551884052993,1,-1,-1,-1
321,14,1108.4435691653812,669.5837219864361,1190.6170447880859,881.6158248655794,1,-1,-1,-1
321,15,730.7339546575623,199.28782969059748,809.0211682951967,403.55052225327063,1,-1,-1,-1
322,14,1106.0076101207899,672.5930947732759,1187.4865998134417,882.9831784355371,1,-1,-1,-1
322,15,733.5278562170994,194.57434582837476,811.6832400017148,399.30872688074726,1,-1,-1,-1
323,14,1101.6748303977593,673.1097008271084,1182.9616173166169,883.4517318424623,1,-1,-1,-1
323,15,734.605934697005,191.2134062143361,813.2420473442855,397.03825370532905,1,-1,-1,-1
324,14,1098.8108184209852,673.6170209715053,1179.6683993983725,883.5854369169905,1,-1,-1,-1
324,15,738.2603089136944,189.81595434599404,817.7684816757662,397.2179724809289,1,-1,-1,-1
325,14,1094.2054512776187,677.2942687766258,1175.3060085204286,887.5075507607297,1,-1,-1,-1
325,15,740.3283073893977,187.65847212544085,819.208238427198,393.4846480671848,1,-1,-1,-1
326,14,1090.9300102861591,678.3067297496929,1173.5361991867837,891.5737670458353,1,-1,-1,-1
326,15,742.4727151023455,186.19648585422425,820.9326744500792,391.69862864066175,1,-1,-1,-1
327,14,1089.2094896315477,683.2355312275837,1171.8480550409035,896.9727893676366,1,-1,-1,-1
327,15,746.5322278686028,183.8200669393528,824.894190827594,389.32852599458647,1,-1,-1,-1
328,14,1085.2149595753624,685.5408966215642,1167.5991756365815,898.2006573089375,1,-1,-1,-1
328,15,749.4816388230305,180.68693291258015,827.3201187111565,384.9933872673977,1,-1,-1,-1
329,14,1082.4996128410405,687.9378462130549,1164.8973403542282,900.6579753904757,1,-1,-1,-1
329,15,753.9358046829573,178.37507904660328,831.9016520372215,383.8650429680812,1,-1,-1,-1
330,14,1077.7509402943156,689.5611193075887,1159.9534568219015,900.6740094852054,1,-1,-1,-1
330,15,756.9872411787563,175.87210817981472,834.9806059789424,381.99354737848194,1,-1,-1,-1
331,14,1075.7648696931064,692.8553339851258,1157.5693919519108,903.711075036352,1,-1,-1,-1
331,15,758.7408045890561,172.12318724252538,836.9304245810009,377.71888765373546,1,-1,-1,-1
332,14,1073.0003861879693,689.820644458525,1156.2088411488232,902.9610417894412,1,-1,-1,-1
332,15,762.7544322172481,173.69668208162287,841.6598879394043,381.13463209457484,1,-1,-1,-1
333,14,1068.540771972111,689.2652615926754,1152.0066026991042,901.9346825240199,1,-1,-1,-1
333,15,765.6984105945986,174.3186069687714,844.334288825685,380.2678997918663,1,-1,-1,-1
334,14,1065.960026903008,693.39263252949,1149.6004979393742,906.5702297839259,1,-1,-1,-1
334,15,769.813337726226,173.22308122801698,849.1975970515265,380.7081919929353,1,-1,-1,-1
335,14,1064.0496526450468,699.5110637493342,1147.2241313707282,911.2675460414504,1,-1,-1,-1
335,15,772.3463238017507,169.01096344802843,851.9246046903428,377.4586230407692,1,-1,-1,-1
336,14,1059.1263822773478,697.3742592554136,1143.3813157468835,910.9487984592165,1,-1,-1,-1
336,15,774.3827085772155,166.66418910689615,853.6915366059475,374.7273897189805,1,-1,-1,-1
337,14,1056.5037817627317,702.0143956021956,1140.7405463887226,915.5485916118478,1,-1,-1,-1
337,15,778.3836752411602,166.02632360595254,857.7262256187147,374.19132276533213,1,-1,-1,-1
338,14,1052.7779668925411,702.5702007564416,1136.001025091803,914.3250629326789,1,-1,-1,-1
338,15,781.190218761307,162.78204076473435,860.5572270875768,370.84517153962815,1,-1,-1,-1
339,14,1049.6634615926184,703.4374295957286,1133.3205326992363,916.2638946209437,1,-1,-1,-1
339,15,785.9855294513259,159.95692900980154,865.2767591680166,368.1263117367487,1,-1,-1,-1
340,14,1047.734435029874,707.7908596284433,1131.7544815507024,920.7801032893415,1,-1,-1,-1
340,15,788.5576404075144,159.37978669333762,868.346548984469,368.44449704635974,1,-1,-1,-1
341,14,1043.0949035490087,706.1315709002985,1127.1707909946904,918.5115401260634,1,-1,-1,-1
341,15,793.8567118512109,157.08125552084957,873.4300845724446,366.3233238798625,1,-1,-1,-1
342,14,1040.7050951588042,709.41700780981,1124.2703631906875,920.9519601386759,1,-1,-1,-1
342,15,796.4388586442985,155.20117036182435,875.3611369510377,362.7150378944664,1,-1,-1,-1
343,14,1035.5176841548255,708.4287979882863,1120.2902247609663,922.9684571350706,1,-1,-1,-1
343,15,801.4419244342591,151.70378942943887,880.7727473984819,360.07092310112796,1,-1,-1,-1
344,14,1032.5914833343263,710.1051776965298,1117.2396732671589,923.6708392307543,1,-1,-1,-1
344,15,803.7849948890207,152.90953459687896,882.8377441118415,360.4062335862676,1,-1,-1,-1
345,14,1027.4939998612301,711.4481566511708,1112.2998824385618,924.7331371992424,1,-1,-1,-1
345,15,805.9569378973272,148.8073279764106,884.9511216734477,355.03257627209246,1,-1,-1,-1
346,14,1024.7382130760689,712.4175640161765,1109.3485641343152,924.9882187385454,1,-1,-1,-1
346,15,809.8005934237603,148.76877169908278,889.6417607588952,356.8910234815611,1,-1,-1,-1
347,14,1023.0926486591104,718.5111896382741,1107.1155106170793,929.4919536112836,1,-1,-1,-1
347,15,812.8034693093857,144.8312515527631,892.8437358159559,353.36484154090704,1,-1,-1,-1
348,14,1018.8722309808901,718.0052633610793,1103.2594947516402,930.1619820101016,1,-1,-1,-1
348,15,817.5728399092752,144.66547381564095,897.2177719311771,352.3274424858082,1,-1,-1,-1
349,14,1015.6931384648184,718.7835570709029,1100.392034682903,930.7802407523471,1,-1,-1,-1
349,15,820.4914124799413,142.32811465893082,900.080870316,350.5097496142936,1,-1,-1,-1
350,14,1011.0449197132887,719.6962656748017,1095.9836314227916,931.7579461171979,1,-1,-1,-1
350,15,822.2764273444893,139.40330790430943,901.9840917868011,346.95255880064576,1,-1,-1,-1
351,14,1008.1281719290001,719.8012451451641,1093.055294305799,931.3667003134099,1,-1,-1,-1
351,15,826.9659542250766,140.6553324084033,906.9403121562409,349.3657839031872,1,-1,-1,-1
352,14,1003.1272163018965,722.7033346915216,1088.9107449004614,935.8981752024088,1,-1,-1,-1
352,15,830.0161225755945,142.10163063405736,910.0288581174608,350.4538044887962,1,-1,-1,-1
353,14,999.9167479809241,724.7460397051378,1085.369769916568,937.0704568399491,1,-1,-1,-1
353,15,834.6562048345172,138.92376492555553,914.6585646869195,347.73454312312447,1,-1,-1,-1
354,14,995.3743709118381,725.8454704771576,1080.1267255228827,937.2399168579294,1,-1,-1,-1
354,15,837.4812124406344,140.18076893514205,917.4647536942609,349.55889874155105,1,-1,-1,-1
355,14,992.3459161570308,727.9111342994925,1077.3656823872593,939.7907841563947,1,-1,-1,-1
355,15,841.5590910997049,138.13842798593436,921.3939052680445,347.2495914958199,1,-1,-1,-1
356,14,987.7703200742505,727.2905919776713,1072.6361398447636,939.5692599770638,1,-1,-1,-1
356,15,844.6535640545683,136.06340898094206,924.4002889582765,344.72202555952276,1,-1,-1,-1
357,14,984.5706198355899,727.773480130374,1069.4394516180762,940.2554031786556,1,-1,-1,-1
357,15,849.745531022341,134.71435377558362,929.4910667597019,343.61695430141975,1,-1,-1,-1
358,14,982.6866348797889,726.4878984142607,1067.6345236225807,939.456863488725,1,-1,-1,-1
358,15,852.3709193346871,133.97384771843207,931.7022993677417,341.93694304705025,1,-1,-1,-1
359,14,978.2607248064312,727.239487102631,1063.1720541881307,940.1409303684411,1,-1,-1,-1
359,15,857.6225026557717,135.80555321082352,937.3396789034463,344.81025238499944,1,-1,-1,-1
360,14,975.6772888622189,732.5622924251427,1059.9267741585384,944.3994172029702,1,-1,-1,-1
360,15,860.9947734512641,136.37393070986857,940.3188674477011,344.6114428430101,1,-1,-1,-1
361,14,970.9110787348284,733.9399273118306,1055.5192426323215,946.3064903682903,1,-1,-1,-1
361,15,865.611850056551,134.3733105495538,945.3000095280488,344.248161034908,1,-1,-1,-1
362,14,967.598532098796,733.257086849622,1052.6690940234512,946.5941484137164,1,-1,-1,-1
362,15,868.5154119209097,132.64629638618533,948.1396586884596,343.3249257825486,1,-1,-1,-1
363,14,962.2139252815088,731.8144697951637,1048.1336453306649,947.3537019080381,1,-1,-1,-1
363,15,870.6894997681334,133.4652815867471,950.218160116924,343.4326984376175,1,-1,-1,-1
364,14,960.0685749278307,734.6666196412784,1044.6620462948272,947.2708386975851,1,-1,-1,-1
364,15,874.63870943895,133.9992830671091,954.3154735518826,344.3474575728393,1,-1,-1,-1
365,14,955.5324350130157,735.4306226820731,1039.7717497659728,947.1403838889385,1,-1,-1,-1
365,15,877.198705872796,129.30277048298137,957.1496526303669,340.3646455850072,1,-1,-1,-1
366,14,952.7792257319339,735.6869936645306,1036.5328449396409,946.9725443710566,1,-1,-1,-1
366,15,882.2846856398139,128.0031548021281,962.2069858945409,339.6567708185406,1,-1,-1,-1
367,14,947.6576205860905,733.1594545715853,1032.0977255658183,946.7414771073336,1,-1,-1,-1
367,15,885.5651062069917,126.39872235969608,965.5172918580862,337.5887284393546,1,-1,-1,-1
368,14,944.7409693090932,732.7619150006469,1029.5711100850065,947.1249585362856,1,-1,-1,-1
368,15,890.2397887516584,126.72096065809339,970.5467747088092,338.79936138447397,1,-1,-1,-1
369,14,940.2411928439006,733.5071712981653,1024.273702214727,945.8566420789824,1,-1,-1,-1
369,15,893.3463498689039,127.4174748305982,973.5073921256202,339.13834858946416,1,-1,-1,-1
370,14,937.6013977150293,736.3636744652878,1020.604608343821,946.0538430323163,1,-1,-1,-1
370,15,898.3071705629428,130.11986888702202,978.5513098231946,342.2301804808012,1,-1,-1,-1
371,14,932.4564497684967,739.8812934349821,1015.4123798445733,949.8442065621261,1,-1,-1,-1
371,15,901.6137447760592,127.23526442174825,981.4925545851818,338.20741343092675,1,-1,-1,-1
372,14,929.0549129041342,740.1408086857416,1013.039083183284,952.8603524019848,1,-1,-1,-1
372,15,905.8609173910229,128.27992370847153,985.5701529444486,338.1335190396163,1,-1,-1,-1
373,14,927.4155528453069,737.0935381344397,1010.7659882450895,947.868121817785,1,-1,-1,-1
373,15,908.4413518969117,129.65084399015564,987.5781476680254,338.177545542199,1,-1,-1,-1
374,14,922.7921811306287,735.1457755908642,1006.659966962916,946.3229853853148,1,-1,-1,-1
374,15,913.4454458122257,128.91147590545654,992.6433798963956,338.10356517888056,1,-1,-1,-1
375,14,920.0533072704247,734.4949312633519,1003.8653213101771,945.4110936738695,1,-1,-1,-1
375,15,917.2283553969411,127.49375912115278,995.8769305600508,336.2795876529028,1,-1,-1,-1
376,14,915.5448505310555,735.686943085192,999.2885183328418,946.0196897161612,1,-1,-1,-1
376,15,921.9006609607137,128.00542104300558,1000.7966034804751,337.4392703631903,1,-1,-1,-1
377,14,913.0227519117301,735.7631838376118,996.8731616069742,946.6843705393266,1,-1,-1,-1
377,15,924.4672486288235,128.4786664450253,1003.4618826529493,338.4758065405698,1,-1,-1,-1
378,14,907.9868249063294,735.7803995219791,991.950509395964,947.2655215951166,1,-1,-1,-1
378,15,927.021584853842,130.9728139553672,1005.8873324838266,341.3466838576452,1,-1,-1,-1
379,14,904.4934661128303,735.4298965768451,988.9762691244438,947.9807162687091,1,-1,-1,-1
379,15,931.9397502733582,130.9481776028028,1009.8857221411372,339.3980635442474,1,-1,-1,-1
380,14,899.6469237795591,735.4132628637952,983.6860393123756,947.3511959267225,1,-1,-1,-1
380,15,935.0836768571172,130.94725767601287,1012.4915428203345,338.309127541915,1,-1,-1,-1
381,14,896.1389132967528,731.4526675552327,982.0627342660028,948.3964106138145,1,-1,-1,-1
381,15,939.1276153501797,130.16931113053892,1017.0583624193512,338.2049801896627,1,-1,-1,-1
382,14,891.5949922062019,731.8642267166229,976.4890762576985,946.9003693040643,1,-1,-1,-1
382,15,942.5523639563497,132.88444883171104,1020.0928153531372,340.1021822260285,1,-1,-1,-1
383,14,888.8435163888596,731.6036820150407,973.7353665127486,947.2031230549146,1,-1,-1,-1
383,15,947.2925712845603,134.24279917872906,1025.0572839417407,342.3935298949312,1,-1,-1,-1
384,14,884.3352059341294,734.57745677041,967.8595438128084,947.1356021475482,1,-1,-1,-1
384,15,950.3482631055648,134.64032418982976,1028.0230354360797,342.1250957997664,1,-1,-1,-1
385,14,881.2985618385069,732.5404605203694,965.6894994046784,947.0367900195608,1,-1,-1,-1
385,15,954.9166109560028,129.26292260809763,1034.076507738958,340.55396053000777,1,-1,-1,-1
386,14,876.2517212695085,729.0557112264033,960.2004486525944,942.2606985179841,1,-1,-1,-1
386,15,958.6955313525247,133.56926240588155,1037.0149332267779,343.13456509413527,1,-1,-1,-1
387,14,873.2312684010982,727.4439735559164,957.3894622109997,940.7120403990642,1,-1,-1,-1
387,15,963.2482899227789,131.85428257404527,1042.4807242884192,343.59449685796426,1,-1,-1,-1
388,14,867.9454580844977,729.8436421567415,952.3417376932308,944.2023146074324,1,-1,-1,-1
388,15,965.9837184750484,132.46583953467228,1044.6447979101445,343.62470298780113,1,-1,-1,-1
389,14,864.6494352633658,729.7910580965166,950.0105535636701,946.5438076047901,1,-1,-1,-1
389,15,967.7128687643244,133.57010406814473,1046.072884769139,343.4571873030251,1,-1,-1,-1
390,14,862.9680103073787,727.6668529369076,947.581442310466,942.8414546222459,1,-1,-1,-1
390,15,972.9376330054564,135.21422608029954,1050.7866961467741,344.25609147265027,1,-1,-1,-1
391,14,858.3439421932301,726.6825198009959,942.7012991453294,941.8538606587491,1,-1,-1,-1
391,15,978.3273109771573,133.43027304794202,1056.447264594022,343.33158400075865,1,-1,-1,-1
392,14,855.3483434385143,728.5890668229719,940.9676663963768,945.8081507646336,1,-1,-1,-1
392,15,981.2362683386308,133.44581985688268,1058.9166824951371,342.3246081839204,1,-1,-1,-1
393,14,850.3288711643413,725.2687282165617,936.0205453697006,942.5024364538572,1,-1,-1,-1
393,15,983.2068528018473,135.4968493106133,1061.0148684630215,343.46388402500327,1,-1,-1,-1
394,14,847.9193865261941,726.1517235944846,932.7073548456572,941.4460858696987,1,-1,-1,-1
394,15,988.2333943163462,135.75271786654855,1066.1369066078182,343.8678786001509,1,-1,-1,-1
395,14,843.4277258743742,728.9205196855132,928.1012630661376,944.8351923459799,1,-1,-1,-1
395,15,991.7138168178584,136.82066914714454,1068.8629102512498,343.85162581554204,1,-1,-1,-1
396,14,840.3393529704036,724.635228430811,925.3278614503153,941.997939163763,1,-1,-1,-1
396,15,995.8630026316495,138.54175852247698,1073.201908641469,345.0453205329469,1,-1,-1,-1
397,14,835.3510323736198,720.6812106040943,919.3025377532601,935.7413828382665,1,-1,-1,-1
397,15,998.4812029417318,140.43982222481208,1076.5767882321131,348.9154005790079,1,-1,-1,-1
398,14,832.4264631213979,721.372681192467,917.0531902105818,938.6434022465311,1,-1,-1,-1
398,15,1002.7133134632254,140.69333817270075,1081.559518224201,350.98854104896554,1,-1,-1,-1
399,14,828.0167020841166,719.1478193270575,911.7674254974439,933.8187226420364,1,-1,-1,-1
399,15,1006.3089656586886,143.410686355194,1084.463048820481,352.0558510462735,1,-1,-1,-1
400,14,825.0475303813721,717.1916231701018,908.9969458748847,933.3936909912122,1,-1,-1,-1
400,15,1011.074224540843,141.3574673127552,1088.5384687950634,347.6551058170111,1,-1,-1,-1
401,14,820.0014388452403,720.612009519026,904.1940733480147,937.0085430914356,1,-1,-1,-1
401,15,1013.8192483369305,142.88715541627795,1090.9961137930588,348.75058376300456,1,-1,-1,-1
402,14,817.4945169408941,718.4143788879684,901.1374212269228,933.9303450410534,1,-1,-1,-1
402,15,1016.2131301871618,145.21876367927385,1093.0235061876974,350.29828275813657,1,-1,-1,-1
403,14,815.5799230872817,715.994227803433,899.3114795782844,932.5630907256298,1,-1,-1,-1
403,15,1020.4871956138977,145.95388810545148,1097.775291259285,352.52393169224615,1,-1,-1,-1
404,14,811.4190844777725,716.2912317360003,894.7373004300612,931.8557225003075,1,-1,-1,-1
404,15,1025.9162707377143,146.4945675438259,1103.674155130467,353.25402391106104,1,-1,-1,-1
405,14,808.826393555629,715.0051667991622,892.5764868075883,931.3939792164566,1,-1,-1,-1
405,15,1028.3694364641378,149.4533972038315,1106.6853105647942,357.3721050718706,1,-1,-1,-1
406,14,803.8135796199266,711.7671164125446,887.0813217237159,926.6452716087157,1,-1,-1,-1
406,15,1030.5444582042721,151.74334770620277,1108.9149018639162,359.2343802785887,1,-1,-1,-1
407,14,801.2704493449711,710.1139437359341,884.5072041305389,924.7266239076416,1,-1,-1,-1
407,15,1034.6170145748258,148.30121013756465,1112.932465315326,355.0106427902524,1,-1,-1,-1
408,14,795.7961047864627,703.3387514392548,879.9603412824399,920.3153144704256,1,-1,-1,-1
408,15,1037.6857539360697,148.70664257726378,1115.017670084447,353.3768683976418,1,-1,-1,-1
409,14,792.9433566358373,703.7174640073495,877.9660121868907,923.4729642976005,1,-1,-1,-1
409,15,1042.028859132577,155.28688531376707,1120.8145988452923,363.4486114052146,1,-1,-1,-1
410,14,791.5707401067191,701.2629556737648,875.797423706975,919.0015474833472,1,-1,-1,-1
410,15,1044.8727060157626,157.95703003556824,1123.9784270549617,366.74679360622304,1,-1,-1,-1
411,14,787.5139437616926,700.0115572831619,871.5898578297575,916.9618551680031,1,-1,-1,-1
411,15,1049.5078847736079,159.48508058911358,1129.211590595322,369.4290486175806,1,-1,-1,-1
412,14,784.9561118090636,698.0361649626227,869.2235145018678,916.2158379492597,1,-1,-1,-1
412,15,1052.6940797971658,159.36216922223332,1132.6844952871654,370.37235768664846,1,-1,-1,-1
413,14,782.9497386170109,696.2849647586437,868.0853188875932,917.0595807410313,1,-1,-1,-1
413,15,1057.515549520689,161.48918779681526,1137.2391820260993,371.08006545793114,1,-1,-1,-1
414,14,778.7229376059676,697.3424716701949,863.0170392430158,915.9563484825303,1,-1,-1,-1
414,15,1060.3472209822119,161.34914274506667,1139.8778550103643,371.2412213442597,1,-1,-1,-1
415,14,776.7298428086067,694.0895078153233,860.1037485589017,910.1089213083537,1,-1,-1,-1
415,15,1062.6276090770796,162.69960723195442,1141.2822730656126,370.7617142218773,1,-1,-1,-1
416,14,771.7040554191443,692.1429140159295,855.1810032642549,907.7409611747481,1,-1,-1,-1
416,15,1063.4718563470142,165.19859912647217,1142.5010180504464,373.86475849363484,1,-1,-1,-1
417,14,769.3768108720458,692.7923790626062,852.2332275130478,906.889574404918,1,-1,-1,-1
417,15,1067.5858792918575,167.12588915220505,1146.1690280498326,375.12050645454923,1,-1,-1,-1
418,14,765.1317357332903,689.9020186186049,846.7739552756211,900.2398120622781,1,-1,-1,-1
418,15,1070.4518814855924,168.55348339722886,1148.9452416747815,376.49499614807564,1,-1,-1,-1
419,14,762.1383534049747,687.5996706381343,844.2621378359556,898.4240694873404,1,-1,-1,-1
419,15,1074.580917538393,168.2628404964398,1153.459622171713,376.99431235689485,1,-1,-1,-1
420,14,759.9255101837336,684.800988203244,843.6961351211204,900.3993379160644,1,-1,-1,-1
420,15,1077.4878842881703,172.3038542339832,1156.1674160113155,381.49469635573166,1,-1,-1,-1
421,14,755.2061036051872,683.5309678658225,839.07468917683,898.6860307608125,1,-1,-1,-1
421,15,1081.7849915075985,173.43888432784405,1161.625123348335,385.1813012162035,1,-1,-1,-1
422,14,752.5877723010826,679.3190101788056,836.5078964757207,894.5935079848996,1,-1,-1,-1
422,15,1084.1688384446406,175.1135044010769,1164.0386900426886,386.6030700803602,1,-1,-1,-1
423,14,747.3818249390757,678.0733744196617,831.1108857004135,892.812931755289,1,-1,-1,-1
423,15,1086.8009014212848,181.10948069588096,1166.095325401096,391.731704268263,1,-1,-1,-1
424,14,744.5346914892497,677.4376057664781,828.8281649338396,892.4116713874511,1,-1,-1,-1
424,15,1091.1712887435508,181.5962403139816,1170.5554892961545,392.50816102032945,1,-1,-1,-1
425,14,743.2851959868956,677.3281179939423,827.6710326691186,892.3552143908489,1,-1,-1,-1
425,15,1094.0084362566213,182.86999185023578,1173.0063032832463,392.9208336983386,1,-1,-1,-1
426,14,737.9352648503278,675.8089075130474,823.3090026586549,893.3615751075574,1,-1,-1,-1
426,15,1098.193474011696,183.40488066184196,1177.3016362566154,393.5821857353254,1,-1,-1,-1
427,14,735.1121918663425,673.7962446450136,821.4792856280728,893.6900276405084,1,-1,-1,-1
427,15,1101.2568854181513,184.74012168185214,1180.1567122160386,395.13413028848834,1,-1,-1,-1
428,14,734.187828059569,669.1004397265581,820.3417805048317,888.5258315075724,1,-1,-1,-1
428,15,1103.5002150879625,190.69960936308732,1181.669511835441,399.70689154249374,1,-1,-1,-1
429,14,729.1596530419922,665.8425038096993,815.9863007560677,886.6999059523743,1,-1,-1,-1
429,15,1107.241701241077,191.5076703084881,1185.6671821153898,401.4635724350337,1,-1,-1,-1
429,17,762.1765437677986,560.9017822265625,894.6114567204826,816.23681640625,1,-1,-1,-1
430,14,727.078001274118,661.3163024063141,813.5467387452529,880.8088657762909,1,-1,-1,-1
430,15,1109.5452118798598,195.8234953823153,1187.6732993067687,404.9610068180393,1,-1,-1,-1
430,17,762.7387094236634,562.0627199878655,893.9865404594428,815.1911604978129,1,-1,-1,-1
431,14,722.288876597304,663.1884966677139,808.4528245504157,882.7790539087978,1,-1,-1,-1
431,15,1111.1515868515262,195.2464618521612,1189.5382861070975,404.0366019427105,1,-1,-1,-1
431,17,762.0620800319215,567.0954134789279,894.2714021048366,822.3375420670695,1,-1,-1,-1
432,14,719.6892578492534,658.4235033274608,805.9994068513263,879.4528293312918,1,-1,-1,-1
432,15,1115.488875397051,198.789522015052,1194.7302766928672,409.81975866727873,1,-1,-1,-1
432,17,762.4412419852105,570.2397585749637,893.2438713788792,822.9464162109607,1,-1,-1,-1
433,14,718.9015196514481,654.1873551233147,804.2935339665735,872.4468324033292,1,-1,-1,-1
433,15,1117.8397378272819,199.69060073681248,1197.1763294959337,410.3233878184283,1,-1,-1,-1
433,17,763.0175451704557,571.4271186152046,892.7633653017723,822.4561929457566,1,-1,-1,-1
434,14,714.6315034779687,651.5954176029028,800.1070591351748,869.9452677121308,1,-1,-1,-1
434,15,1121.7509835285573,201.0017924075559,1201.3811072912813,411.7931792009866,1,-1,-1,-1
434,17,762.9881618278923,571.3615880023226,892.5626689614323,822.3856767150661,1,-1,-1,-1
435,14,712.2940604043981,652.0455141934704,797.2568053134086,868.5795406171096,1,-1,-1,-1
435,15,1124.5334169711423,207.90672379392933,1203.3467471824708,416.48106087452936,1,-1,-1,-1
435,17,763.0185114114083,571.3938373210743,892.2611803893313,822.265814106518,1,-1,-1,-1
436,14,710.9042013690641,646.8819040345527,796.16580217211,864.1969252826602,1,-1,-1,-1
436,15,1126.6480062696667,208.6376040745988,1205.3287481941804,416.70959382590377,1,-1,-1,-1
436,17,759.1303598501796,567.9637622370556,886.1703524938807,814.769972352409,1,-1,-1,-1
437,14,706.1464844403995,644.7651881998565,791.3612937676388,862.6271240031127,1,-1,-1,-1
437,15,1130.3094351198447,209.27493420771827,1209.3474343848222,418.2438749437341,1,-1,-1,-1
437,17,757.3477637603579,567.4831711610698,883.1665724549596,811.4962759675512,1,-1,-1,-1
438,14,703.5316369213677,643.1253212703864,789.5772340485353,863.0366652824364,1,-1,-1,-1
438,15,1131.757202287967,209.9421997185827,1211.0616250500395,419.08847226063847,1,-1,-1,-1
438,17,755.7743697602198,570.4548656171451,883.0646874902537,817.156505305202,1,-1,-1,-1
439,14,698.9225626028773,642.5489373808205,784.8186334666441,861.8680443101881,1,-1,-1,-1
439,15,1134.049755943805,218.6274617809887,1213.101906961829,427.252050968964,1,-1,-1,-1
439,17,754.9214716157321,570.9063947533157,883.4639326250907,819.9621874324804,1,-1,-1,-1
440,14,696.1894029069364,637.766875368777,782.1632673983938,856.8997134177639,1,-1,-1,-1
440,15,1138.196268464076,222.69239054805988,1217.223590407095,430.8263118786334,1,-1,-1,-1
440,17,755.2916706776662,568.0090643186621,882.6383797001868,814.1869621318085,1,-1,-1,-1
441,14,694.2945189498548,632.8824196415696,781.4760474271981,854.8692776954387,1,-1,-1,-1
441,15,1140.3876504420193,223.62254332871402,1218.9004561666443,431.03954518042383,1,-1,-1,-1
441,17,751.5596214147948,568.3504370779435,877.1009429985212,810.2265152707606,1,-1,-1,-1
442,14,690.4195996063901,633.4080599076419,776.6412929136529,852.5414217410391,1,-1,-1,-1
442,15,1142.3478003384714,229.8039019881434,1220.0327763160496,435.83145835827986,1,-1,-1,-1
442,17,749.032767599292,571.3834917363313,876.281037106235,816.0469646155912,1,-1,-1,-1
443,14,688.1708320791697,629.2557159512444,774.2720871091924,847.3074198763866,1,-1,-1,-1
443,15,1143.7015547494138,229.60286428718678,1220.8985372335444,434.6598016336354,1,-1,-1,-1
443,17,748.6905452314737,573.8876198522547,875.3589523055614,816.6706948121384,1,-1,-1,-1
444,14,686.9977291153394,627.116032194065,772.941754667313,845.1294302066514,1,-1,-1,-1
444,15,1147.4808094516113,230.2419107681436,1225.5498064985989,437.5005571768471,1,-1,-1,-1
444,17,748.0827561726147,574.2857940670309,875.5287294690984,817.5274615902013,1,-1,-1,-1
445,14,685.9430964237717,625.3210030480902,772.883877508905,845.9696104190982,1,-1,-1,-1
445,15,1150.4809883653538,233.38481018845349,1227.878485248612,439.5209110888386,1,-1,-1,-1
445,17,747.715696239103,574.6162491173083,875.7504642862601,818.0175765493635,1,-1,-1,-1
446,14,681.924842262853,624.9278977581532,768.6487965904303,844.6920186148625,1,-1,-1,-1
446,15,1154.4330992718858,235.02346606325415,1231.6588103238453,441.65241823010643,1,-1,-1,-1
446,17,747.8179730571674,575.021502043938,875.8141040647087,817.8342153464802,1,-1,-1,-1
447,14,680.2545379982605,617.4747974494184,765.7310025406256,833.9323378707325,1,-1,-1,-1
447,15,1156.7648046138133,238.83143620862222,1233.8623895407882,444.93514115106007,1,-1,-1,-1
447,17,749.4614211741276,573.4658402202517,874.3596773177717,809.2341922839217,1,-1,-1,-1
448,14,679.5176326289376,619.140576216988,764.3878533695955,833.9682421313117,1,-1,-1,-1
448,15,1158.1909977509843,241.42465093745108,1234.766142477167,446.0116538372921,1,-1,-1,-1
448,17,749.6414132016221,572.4828439680205,874.1199859275711,806.3196970276473,1,-1,-1,-1
449,14,675.4082667335495,615.7135432739015,760.1346007697197,829.649394534167,1,-1,-1,-1
449,15,1159.234825869375,242.487292793902,1236.154673524915,448.0174784525792,1,-1,-1,-1
449,17,749.8275241258211,577.1388687817073,874.202300785537,810.197869388342,1,-1,-1,-1
450,14,672.655163675436,611.2840295718231,758.374108574327,827.7906201369589,1,-1,-1,-1
450,15,1162.6826659948454,248.29796169935025,1239.9753824775999,454.71296738800856,1,-1,-1,-1
450,17,750.773389850643,576.6394963190407,873.181248422148,803.8052820615437,1,-1,-1,-1
451,14,671.992906852991,608.439626297446,756.60018332587,821.293397467752,1,-1,-1,-1
451,15,1164.999822854727,250.76442332457157,1242.0427000184168,457.20354093510275,1,-1,-1,-1
451,17,751.2885170152855,576.9786593834987,872.8017951743201,800.7552686385651,1,-1,-1,-1
452,14,671.2862276343002,606.1071400027163,756.0153489369357,818.9396288983742,1,-1,-1,-1
452,15,1166.4177378781555,257.1959087392829,1242.8605488015799,462.5849780054562,1,-1,-1,-1
452,17,751.1085675154965,577.178843727552,872.8953184788298,799.4988223099352,1,-1,-1,-1
453,14,667.2967600641923,605.1206224044495,752.4623526416076,818.447393595098,1,-1,-1,-1
453,15,1168.0520788787032,259.8186554254156,1244.1340281677417,464.3758971072579,1,-1,-1,-1
453,17,750.6296078595809,577.2036650119095,873.3046438086928,798.9400937681684,1,-1,-1,-1
454,14,665.0003243640041,598.6459786849306,750.6792368447473,814.0126152623764,1,-1,-1,-1
454,15,1171.6704778704502,259.00365643036014,1247.9397824219313,464.6800791536586,1,-1,-1,-1
454,17,751.7380167071648,575.7502062372364,872.0357004141343,789.5849605989359,1,-1,-1,-1
455,14,663.7450642683071,596.9811841168853,749.4076072209715,812.8431698194202,1,-1,-1,-1
455,15,1174.0637871830477,266.9511608416957,1249.0688874960856,468.9799934822719,1,-1,-1,-1
455,17,752.320978810665,576.1857746712484,871.5898929134199,785.1081139462632,1,-1,-1,-1
456,14,662.5371972835691,594.7216994090866,748.4927243038906,811.0545622278322,1,-1,-1,-1
456,15,1175.8069706822118,269.4743567212158,1250.435862277066,470.77419986105366,1,-1,-1,-1
456,17,751.2765592584378,575.3920040230995,872.410061617189,784.4794577589957,1,-1,-1,-1
457,14,658.5494432792366,589.9559077346971,744.6032780460814,806.5459022191712,1,-1,-1,-1
457,15,1177.150057512507,274.6935100013241,1251.333258103813,474.8705085219242,1,-1,-1,-1
457,17,750.7604860620042,575.7687094556132,872.8562124301789,783.5547378077432,1,-1,-1,-1
458,14,656.4677371327134,586.8860779549415,742.6308542304942,804.095902694304,1,-1,-1,-1
458,15,1180.8948581726754,275.3374046580646,1255.238282420823,476.7015330534708,1,-1,-1,-1
458,17,749.7045683704464,575.8781269917324,873.4250920020434,783.3361405730656,1,-1,-1,-1
459,14,654.667988011725,581.5575176917677,741.5008386727798,799.818340141107,1,-1,-1,-1
459,15,1183.333873042706,281.1982693854896,1257.2038196701483,482.3814959229833,1,-1,-1,-1
460,14,650.9982268944505,579.0026691787713,737.6238920286144,796.33045072081,1,-1,-1,-1
460,15,1184.7300690655284,284.81187709058634,1258.1494907959295,485.12661770290714,1,-1,-1,-1
461,14,649.1818144827743,576.6082369648086,736.3941453773236,795.0710281219784,1,-1,-1,-1
461,15,1185.625738259661,285.1109301365991,1258.7317122282918,485.333346637694,1,-1,-1,-1
462,14,647.7926418013649,571.6204906053813,735.2804905216741,790.5494299398944,1,-1,-1,-1
462,15,1188.5475537554523,288.86232712257214,1262.5376596332917,491.27585428148643,1,-1,-1,-1
463,14,646.5422943779574,566.5168768301463,734.0965219506138,784.6145729047739,1,-1,-1,-1
463,15,1190.2958275517615,291.6411062857454,1264.0196497669688,493.0568434302644,1,-1,-1,-1
464,14,645.9967292853548,567.7963825000437,733.417395019419,784.9900098601636,1,-1,-1,-1
464,15,1191.6944509532962,296.9822116429313,1265.1584859112586,497.9614821120117,1,-1,-1,-1
465,14,642.6897742402488,565.1093398007441,729.9768478144475,781.3880187391086,1,-1,-1,-1
465,15,1192.631773690751,299.49903500619536,1265.5760438157404,499.8692959544511,1,-1,-1,-1
466,14,640.9065000268887,561.9769644954024,728.7494805038815,779.4308944065845,1,-1,-1,-1
466,15,1193.3445087076507,301.5936038921636,1266.3505643227336,502.04991585522805,1,-1,-1,-1
467,14,639.7381618874266,556.8325189837043,727.2739767927625,773.8935244536636,1,-1,-1,-1
467,15,1196.9729230999628,303.1855734816711,1269.879203621129,503.2822474690333,1,-1,-1,-1
468,14,638.7651406089913,555.8439121681256,726.5111987878004,772.8920107145899,1,-1,-1,-1
468,15,1198.6142873742808,310.8636447154481,1271.312250312527,511.28911130121224,1,-1,-1,-1
469,14,634.8793885103487,550.9973580064213,722.5836965844738,767.406801370914,1,-1,-1,-1
469,15,1199.9500668711726,314.7561716761729,1271.9472694554254,514.4025527447044,1,-1,-1,-1
470,14,633.4005757575061,549.7132460060147,720.857681135856,765.2882267561142,1,-1,-1,-1
470,15,1200.2359540402579,318.298602454953,1272.122472875096,518.252826117509,1,-1,-1,-1
471,14,632.7113621586432,546.1196931021174,720.7096001043349,763.6221048664358,1,-1,-1,-1
471,15,1201.4190827960292,319.6375938156972,1273.0336740091616,518.5824652967708,1,-1,-1,-1
472,14,632.1239892657039,542.3943429291826,719.7045838299231,758.1227817596332,1,-1,-1,-1
472,15,1202.1100385822706,322.44168241693313,1274.055472935371,522.1463487032693,1,-1,-1,-1
473,14,631.7287016629358,539.6136661179182,719.1554287535843,755.3408210392804,1,-1,-1,-1
473,15,1205.2660317491498,328.8218744975773,1277.2696029377803,528.6382501782657,1,-1,-1,-1
474,14,631.1093575665044,532.66409918201,718.4278059369551,748.6637463672412,1,-1,-1,-1
474,15,1207.1743389253484,333.0543970384035,1278.5841772880203,531.9836127607377,1,-1,-1,-1
475,14,631.1127713340222,527.9892489121037,717.1420985737783,740.6422596883709,1,-1,-1,-1
475,15,1207.9701820483565,335.37138572721653,1279.2197815439474,533.3329461404344,1,-1,-1,-1
476,14,627.8543614499721,529.9146357548051,713.6449714563514,742.1046365322577,1,-1,-1,-1
476,15,1208.7312002820183,336.7761454775083,1279.799197615504,534.0606742063409,1,-1,-1,-1
477,14,627.1210591735979,528.1202068483437,711.599424587103,737.4450179449991,1,-1,-1,-1
477,15,1209.1912472148774,345.16026141716986,1280.3606830880203,542.7146883516805,1,-1,-1,-1
478,14,626.150591348071,522.6997800758788,710.5153079127457,732.0591471641017,1,-1,-1,-1
478,15,1209.880307630416,344.7665007025294,1280.9254205603338,541.2271536759526,1,-1,-1,-1
479,14,625.1453466069083,515.2149276971803,709.7749947072224,724.9694092121044,1,-1,-1,-1
479,15,1209.3513387180956,350.7394867441242,1282.297506777724,551.41601743605,1,-1,-1,-1
480,14,624.3192077077211,511.94809645612753,709.7120070885849,722.6997006111958,1,-1,-1,-1
480,15,1212.3580023140933,350.39758857535605,1285.942799481431,552.3459508278304,1,-1,-1,-1
481,14,624.060022949447,509.4836152143198,709.5490631290011,721.3542970002936,1,-1,-1,-1
481,15,1214.3600439213683,353.8935631263389,1287.9603169825841,556.0919534252935,1,-1,-1,-1
482,14,623.4073988094563,502.15007657848525,709.3578213271893,715.307264963515,1,-1,-1,-1
482,15,1214.9004951150994,356.16912936997204,1288.9321787708147,559.3208397274964,1,-1,-1,-1
483,14,623.0504235102821,499.1579407210486,709.2946961011129,713.0675467666204,1,-1,-1,-1
483,15,1215.3866929651113,363.34794328760324,1289.018517145003,565.2131744467375,1,-1,-1,-1
484,14,623.5310612224688,496.79314716311944,708.2170746391587,706.565762968956,1,-1,-1,-1
484,15,1216.0603613118797,369.24137896518414,1290.0446262353387,571.2723190829748,1,-1,-1,-1
485,14,624.0769808247934,496.44327258084473,707.5784447923363,703.1628835898625,1,-1,-1,-1
485,15,1216.009263576196,371.262772710607,1289.9987075677527,573.1450182208642,1,-1,-1,-1
486,14,620.9316587374367,491.38977787488136,704.167066224354,697.6257975528009,1,-1,-1,-1
486,15,1216.0565580585003,377.05711038674815,1290.5659518775344,579.5129421417337,1,-1,-1,-1
487,14,619.8852155005258,489.62039533891976,702.3394280826823,694.1991869140026,1,-1,-1,-1
487,15,1216.2642198940855,376.3918711399001,1290.5156073133467,577.7105423912406,1,-1,-1,-1
488,14,618.5896725991366,484.207528138591,701.5101039917078,689.223541872062,1,-1,-1,-1
488,15,1216.5766713058579,380.54801236722227,1291.138096679821,582.7133684041316,1,-1,-1,-1
489,14,618.7853274884975,476.88946834549415,701.0781411187122,680.1656625866647,1,-1,-1,-1
489,15,1219.1073876232153,384.83613651922644,1295.2335412571942,591.2711876209826,1,-1,-1,-1
490,14,617.9120252542951,472.7328057793138,700.5937459012723,676.550536090039,1,-1,-1,-1
490,15,1220.3171709512635,389.11488646406735,1297.384421681743,597.9418032304209,1,-1,-1,-1
491,14,617.7962824734319,468.9096260950955,699.9881566788938,671.016345115424,1,-1,-1,-1
491,15,1220.7134685817975,393.07302607981234,1297.4829413307154,600.0723509199553,1,-1,-1,-1
492,14,617.4513344541355,466.01914082546904,699.7862568526957,668.9916510226119,1,-1,-1,-1
492,15,1220.9070322033604,395.2479378318366,1297.5850221442465,601.0783913145076,1,-1,-1,-1
493,14,617.4720073549626,465.8460355158528,699.7212603363935,668.1957028691098,1,-1,-1,-1
493,15,1220.4619086540206,398.7838037725284,1297.9649210455034,606.1704876003214,1,-1,-1,-1
494,14,617.4059882711548,462.8204192313448,700.6248411181282,668.366845321791,1,-1,-1,-1
494,15,1220.9649444848808,402.04229153639653,1298.3029872640427,609.3277931133152,1,-1,-1,-1
495,14,616.7147951572875,459.0640708539065,699.7377583508677,664.4555668352755,1,-1,-1,-1
495,15,1221.2717682468624,404.053046805931,1298.2036204405117,609.7087596024138,1,-1,-1,-1
496,14,616.7702430165222,456.69413030642704,699.7216703307274,662.9606128790608,1,-1,-1,-1
496,15,1221.1423943542045,412.8385809612331,1297.9468596524607,617.8233003724766,1,-1,-1,-1
497,14,616.4859993715978,453.95507449214426,699.7807358946105,662.2547507366022,1,-1,-1,-1
497,15,1220.9566963927562,416.42412777889496,1297.921899621954,621.5038287749586,1,-1,-1,-1
498,14,616.6113102591582,445.6672199382461,698.8494940857062,651.4214892292734,1,-1,-1,-1
498,15,1220.9233399159539,418.607466328509,1297.9715718496223,623.5731880517335,1,-1,-1,-1
499,14,616.5494275594845,444.66771962068253,699.0888932103495,652.357008133528,1,-1,-1,-1
499,15,1220.8237467748645,423.89085709526194,1297.971007385855,628.3468192953399,1,-1,-1,-1
500,14,614.3862391747532,442.16188066004656,696.0892387450372,647.5875111210619,1,-1,-1,-1
500,15,1220.8115677427438,428.5029875606646,1297.9007425153998,631.9929311654777,1,-1,-1,-1
