1,1,918.02,437.97,77.73,199.60,-1,-1,-1,-1
2,1,922.93,435.59,80.33,202.73,-1,-1,-1,-1
3,1,923.59,431.37,81.15,208.31,-1,-1,-1,-1
4,1,930.01,427.73,81.19,215.81,-1,-1,-1,-1
5,1,932.07,424.21,79.83,222.75,-1,-1,-1,-1
6,1,932.11,420.70,80.83,228.38,-1,-1,-1,-1
7,1,939.92,416.66,79.03,236.84,-1,-1,-1,-1
8,1,941.38,413.59,79.12,243.13,-1,-1,-1,-1
11,2,948.52,400.76,79.74,191.41,-1,-1,-1,-1
12,2,954.97,397.85,80.74,194.94,-1,-1,-1,-1
13,2,957.46,393.73,77.26,189.31,-1,-1,-1,-1
14,2,963.46,390.51,79.94,194.25,-1,-1,-1,-1
15,2,964.15,381.52,80.32,198.00,-1,-1,-1,-1
16,2,968.51,379.29,84.67,199.87,-1,-1,-1,-1
17,2,969.90,374.74,84.32,196.03,-1,-1,-1,-1
18,2,975.15,372.18,87.40,198.86,-1,-1,-1,-1
19,2,978.60,367.61,82.98,205.46,-1,-1,-1,-1
20,2,979.94,363.09,82.36,202.67,-1,-1,-1,-1
21,2,985.71,363.05,82.77,199.29,-1,-1,-1,-1
22,2,986.87,358.55,83.20,197.57,-1,-1,-1,-1
23,2,991.96,356.08,85.50,201.30,-1,-1,-1,-1
24,2,994.68,351.46,81.98,206.70,-1,-1,-1,-1
25,2,996.16,351.05,81.25,205.87,-1,-1,-1,-1
26,2,1001.95,345.77,82.79,206.52,-1,-1,-1,-1
27,2,1003.43,342.23,81.45,209.30,-1,-1,-1,-1
28,2,1010.00,340.15,80.70,211.93,-1,-1,-1,-1
29,2,1011.13,333.64,81.48,213.47,-1,-1,-1,-1
30,2,1012.14,332.67,79.49,212.04,-1,-1,-1,-1
31,2,1018.18,330.42,80.86,215.93,-1,-1,-1,-1
32,2,1019.11,325.54,82.06,212.63,-1,-1,-1,-1
33,2,1025.96,324.02,81.70,213.01,-1,-1,-1,-1
34,2,1026.14,318.40,83.00,211.66,-1,-1,-1,-1
35,2,1027.30,313.28,81.75,207.80,-1,-1,-1,-1
36,2,1026.13,310.34,84.38,210.91,-1,-1,-1,-1
37,2,1027.10,307.12,83.31,215.42,-1,-1,-1,-1
38,2,1034.87,302.61,81.36,211.59,-1,-1,-1,-1
39,2,1035.50,301.67,81.71,212.23,-1,-1,-1,-1
40,2,1043.02,297.00,79.81,207.91,-1,-1,-1,-1
41,2,1043.57,294.97,80.06,209.85,-1,-1,-1,-1
42,2,1043.49,292.65,80.88,211.82,-1,-1,-1,-1
43,2,1043.76,285.89,81.05,212.48,-1,-1,-1,-1
44,2,1043.81,284.56,82.11,212.07,-1,-1,-1,-1
45,2,1050.34,280.25,81.76,208.10,-1,-1,-1,-1
46,2,1048.80,277.78,84.96,211.36,-1,-1,-1,-1
47,2,1049.70,271.72,84.98,209.63,-1,-1,-1,-1
48,2,1049.13,272.02,85.21,207.31,-1,-1,-1,-1
49,2,1048.43,268.39,88.34,200.67,-1,-1,-1,-1
50,2,1045.81,265.86,92.95,202.55,-1,-1,-1,-1
51,2,1045.95,260.04,93.38,201.47,-1,-1,-1,-1
52,2,1044.83,257.02,94.92,205.50,-1,-1,-1,-1
53,2,1050.05,251.91,98.54,201.75,-1,-1,-1,-1
54,2,1048.64,250.78,101.17,202.60,-1,-1,-1,-1
55,2,1049.39,248.28,99.71,206.20,-1,-1,-1,-1
56,2,1049.12,242.47,100.89,204.96,-1,-1,-1,-1
57,2,1048.66,239.51,101.75,208.13,-1,-1,-1,-1
58,2,1048.64,235.36,101.94,203.30,-1,-1,-1,-1
59,2,1049.59,234.67,100.79,203.92,-1,-1,-1,-1
60,2,1049.46,233.18,99.73,205.47,-1,-1,-1,-1
61,2,1050.11,230.45,98.19,209.91,-1,-1,-1,-1
62,2,1048.87,225.60,101.41,206.01,-1,-1,-1,-1
63,2,1050.25,223.35,98.58,209.00,-1,-1,-1,-1
64,2,1051.39,222.44,95.62,210.07,-1,-1,-1,-1
65,2,1050.38,218.33,98.53,204.91,-1,-1,-1,-1
66,2,1050.29,215.97,98.49,208.78,-1,-1,-1,-1
67,2,1050.04,213.77,98.75,212.13,-1,-1,-1,-1
68,2,1051.20,211.96,96.23,215.22,-1,-1,-1,-1
69,2,1050.87,208.89,96.37,221.21,-1,-1,-1,-1
70,2,1050.15,206.02,98.33,213.04,-1,-1,-1,-1
71,2,1052.16,203.89,93.46,215.96,-1,-1,-1,-1
72,2,1043.82,200.16,97.85,222.80,-1,-1,-1,-1
73,2,1044.28,197.01,95.83,215.76,-1,-1,-1,-1
74,2,1043.53,194.74,96.65,218.35,-1,-1,-1,-1
75,2,1043.77,192.76,95.17,220.61,-1,-1,-1,-1
76,2,1043.24,188.88,96.29,215.75,-1,-1,-1,-1
77,2,1043.36,187.63,95.35,217.33,-1,-1,-1,-1
78,2,1035.94,184.25,97.68,223.60,-1,-1,-1,-1
79,2,1035.12,182.17,97.53,225.26,-1,-1,-1,-1
80,2,1035.64,181.11,96.45,227.47,-1,-1,-1,-1
81,2,1036.35,175.55,94.13,234.96,-1,-1,-1,-1
82,2,1035.77,174.68,95.21,236.58,-1,-1,-1,-1
83,2,1035.40,172.95,95.55,227.86,-1,-1,-1,-1
84,2,1036.62,172.01,92.14,228.37,-1,-1,-1,-1
85,2,1030.07,169.85,93.25,232.90,-1,-1,-1,-1
86,2,1029.50,170.64,92.40,232.96,-1,-1,-1,-1
87,2,1028.24,169.37,93.49,233.58,-1,-1,-1,-1
88,2,1028.21,165.27,93.17,226.56,-1,-1,-1,-1
89,2,1019.78,161.69,97.13,232.46,-1,-1,-1,-1
90,2,1017.50,156.63,99.81,238.48,-1,-1,-1,-1
91,2,1017.16,156.32,99.59,238.35,-1,-1,-1,-1
92,2,1009.59,155.11,102.18,231.40,-1,-1,-1,-1
93,2,1008.95,154.95,101.02,229.81,-1,-1,-1,-1
94,2,1009.74,155.48,98.51,231.19,-1,-1,-1,-1
95,2,1001.30,150.96,102.11,238.52,-1,-1,-1,-1
96,2,999.55,151.92,103.77,237.17,-1,-1,-1,-1
97,2,998.50,150.17,104.99,239.50,-1,-1,-1,-1
98,2,991.24,147.52,106.81,232.90,-1,-1,-1,-1
99,2,991.18,146.04,104.70,232.43,-1,-1,-1,-1
100,2,989.65,145.28,106.48,235.10,-1,-1,-1,-1
101,2,982.47,141.58,107.96,240.15,-1,-1,-1,-1
102,2,982.93,139.30,105.54,244.00,-1,-1,-1,-1
103,2,981.97,136.58,105.90,245.59,-1,-1,-1,-1
104,2,974.85,133.83,106.71,250.62,-1,-1,-1,-1
105,2,972.65,132.23,108.79,242.99,-1,-1,-1,-1
106,2,966.31,132.76,107.73,240.27,-1,-1,-1,-1
107,2,964.90,132.62,107.87,242.40,-1,-1,-1,-1
108,2,959.00,129.28,106.78,246.63,-1,-1,-1,-1
109,2,959.39,133.62,103.66,240.04,-1,-1,-1,-1
110,2,949.80,131.80,107.95,242.69,-1,-1,-1,-1
111,2,939.64,130.23,112.91,243.52,-1,-1,-1,-1
112,2,938.89,130.55,112.75,245.32,-1,-1,-1,-1
113,2,928.33,127.08,119.67,250.86,-1,-1,-1,-1
23,3,993.59,512.20,84.11,208.34,-1,-1,-1,-1
24,3,996.42,510.40,82.06,214.17,-1,-1,-1,-1
25,3,1002.77,508.50,80.44,219.08,-1,-1,-1,-1
26,3,1004.18,514.74,82.78,217.27,-1,-1,-1,-1
27,3,1010.59,524.21,79.66,212.58,-1,-1,-1,-1
28,3,1013.03,526.66,80.38,212.29,-1,-1,-1,-1
29,3,1016.85,532.54,82.42,211.24,-1,-1,-1,-1
30,3,1018.39,534.80,82.77,211.92,-1,-1,-1,-1
31,3,1019.18,539.36,82.78,211.90,-1,-1,-1,-1
32,3,1025.85,542.96,81.42,209.43,-1,-1,-1,-1
33,3,1027.05,545.68,83.64,208.92,-1,-1,-1,-1
34,3,1026.80,551.48,85.63,208.03,-1,-1,-1,-1
35,3,1031.31,553.23,85.59,209.15,-1,-1,-1,-1
36,3,1033.05,555.56,86.09,213.49,-1,-1,-1,-1
37,3,1031.42,558.23,91.02,213.24,-1,-1,-1,-1
38,3,1037.64,563.57,89.62,213.09,-1,-1,-1,-1
39,3,1039.06,564.50,89.57,213.81,-1,-1,-1,-1
40,3,1038.82,565.33,90.85,216.75,-1,-1,-1,-1
41,3,1039.78,569.14,90.17,217.99,-1,-1,-1,-1
42,3,1045.27,574.12,89.62,213.16,-1,-1,-1,-1
43,3,1047.45,579.72,87.68,214.01,-1,-1,-1,-1
44,3,1047.46,580.27,89.76,214.89,-1,-1,-1,-1
45,3,1047.95,582.19,90.93,214.70,-1,-1,-1,-1
46,3,1048.90,587.19,88.62,215.73,-1,-1,-1,-1
47,3,1054.88,589.72,87.44,215.12,-1,-1,-1,-1
48,3,1056.12,595.22,86.58,215.63,-1,-1,-1,-1
49,3,1056.09,596.76,87.66,217.11,-1,-1,-1,-1
50,3,1056.88,600.25,87.47,220.21,-1,-1,-1,-1
51,3,1056.66,602.84,88.32,217.79,-1,-1,-1,-1
52,3,1058.74,608.40,85.31,218.92,-1,-1,-1,-1
53,3,1063.00,611.69,86.62,215.79,-1,-1,-1,-1
54,3,1063.95,613.53,86.98,213.93,-1,-1,-1,-1
55,3,1063.46,613.95,88.26,214.89,-1,-1,-1,-1
56,3,1063.20,619.14,89.63,216.77,-1,-1,-1,-1
57,3,1064.66,620.71,87.27,216.35,-1,-1,-1,-1
58,3,1064.68,625.32,86.79,217.85,-1,-1,-1,-1
59,3,1064.89,628.60,87.19,214.50,-1,-1,-1,-1
60,3,1064.72,629.57,87.11,214.49,-1,-1,-1,-1
61,3,1064.56,635.08,87.29,216.04,-1,-1,-1,-1
62,3,1063.66,636.00,88.98,216.22,-1,-1,-1,-1
63,3,1064.25,641.69,87.90,217.22,-1,-1,-1,-1
64,3,1063.75,644.61,89.07,213.74,-1,-1,-1,-1
65,3,1063.07,646.22,89.32,212.41,-1,-1,-1,-1
66,3,1062.79,647.27,90.31,212.45,-1,-1,-1,-1
67,3,1063.07,651.30,89.80,215.01,-1,-1,-1,-1
68,3,1062.36,653.11,90.70,213.40,-1,-1,-1,-1
69,3,1062.23,654.62,90.69,213.27,-1,-1,-1,-1
70,3,1063.07,660.20,88.77,213.14,-1,-1,-1,-1
71,3,1061.43,661.19,91.18,214.42,-1,-1,-1,-1
72,3,1061.55,662.72,90.41,213.93,-1,-1,-1,-1
73,3,1061.85,667.81,89.91,212.89,-1,-1,-1,-1
74,3,1061.39,668.80,89.95,212.64,-1,-1,-1,-1
75,3,1056.74,671.09,89.21,209.66,-1,-1,-1,-1
76,3,1054.83,672.04,91.27,209.66,-1,-1,-1,-1
77,3,1055.00,676.09,90.70,212.40,-1,-1,-1,-1
78,3,1053.08,678.66,92.62,210.89,-1,-1,-1,-1
79,3,1050.14,678.30,97.53,213.15,-1,-1,-1,-1
80,3,1049.13,679.36,99.48,211.94,-1,-1,-1,-1
81,3,1050.37,683.60,95.97,213.91,-1,-1,-1,-1
82,3,1044.97,684.28,96.22,214.02,-1,-1,-1,-1
83,3,1043.94,685.42,96.02,214.62,-1,-1,-1,-1
84,3,1044.56,689.90,93.04,216.62,-1,-1,-1,-1
85,3,1042.94,692.45,94.99,213.65,-1,-1,-1,-1
86,3,1036.74,692.74,96.79,214.39,-1,-1,-1,-1
87,3,1034.63,693.70,97.58,214.05,-1,-1,-1,-1
88,3,1034.41,694.80,97.11,213.04,-1,-1,-1,-1
89,3,1034.63,698.03,96.41,216.64,-1,-1,-1,-1
90,3,1030.24,698.80,93.58,216.13,-1,-1,-1,-1
91,3,1027.59,700.18,95.79,215.95,-1,-1,-1,-1
92,3,1027.58,702.16,94.61,214.20,-1,-1,-1,-1
93,3,1026.89,703.25,94.61,211.74,-1,-1,-1,-1
94,3,1022.17,707.04,93.08,215.39,-1,-1,-1,-1
95,3,1019.74,708.99,95.42,212.52,-1,-1,-1,-1
96,3,1013.99,708.38,94.17,214.60,-1,-1,-1,-1
97,3,1012.31,709.28,94.18,213.93,-1,-1,-1,-1
98,3,1012.29,710.70,92.93,213.64,-1,-1,-1,-1
99,3,1006.35,709.71,93.10,215.68,-1,-1,-1,-1
100,3,1005.11,714.56,93.12,216.23,-1,-1,-1,-1
101,3,1005.17,715.40,92.08,214.68,-1,-1,-1,-1
102,3,998.94,714.80,92.69,215.70,-1,-1,-1,-1
103,3,996.33,715.81,94.48,215.60,-1,-1,-1,-1
104,3,996.24,716.23,92.19,214.53,-1,-1,-1,-1
105,3,989.61,717.68,93.66,214.30,-1,-1,-1,-1
106,3,989.27,719.31,91.81,211.28,-1,-1,-1,-1
107,3,985.90,722.40,85.86,215.67,-1,-1,-1,-1
108,3,983.24,723.08,87.94,214.88,-1,-1,-1,-1
109,3,976.96,724.44,88.27,213.20,-1,-1,-1,-1
110,3,975.25,724.90,88.99,212.37,-1,-1,-1,-1
111,3,974.32,725.20,88.74,211.62,-1,-1,-1,-1
112,3,966.92,725.49,91.19,214.47,-1,-1,-1,-1
113,3,966.68,726.74,88.67,210.24,-1,-1,-1,-1
114,3,960.90,726.49,88.21,211.85,-1,-1,-1,-1
115,3,958.73,728.61,88.61,208.56,-1,-1,-1,-1
116,3,952.66,727.12,88.42,212.29,-1,-1,-1,-1
117,3,951.22,727.75,87.99,212.06,-1,-1,-1,-1
118,3,945.43,727.67,87.06,213.43,-1,-1,-1,-1
119,3,943.22,728.55,88.16,210.42,-1,-1,-1,-1
120,3,937.89,732.94,86.98,209.97,-1,-1,-1,-1
121,3,936.34,732.32,86.63,211.97,-1,-1,-1,-1
122,3,934.95,732.08,86.62,212.07,-1,-1,-1,-1
123,3,929.37,731.05,87.26,214.18,-1,-1,-1,-1
124,3,927.82,733.25,86.33,209.33,-1,-1,-1,-1
125,3,921.29,731.85,87.52,214.05,-1,-1,-1,-1
126,3,920.68,732.07,85.97,212.72,-1,-1,-1,-1
127,3,914.39,731.87,86.38,214.96,-1,-1,-1,-1
128,3,912.48,733.67,86.34,210.01,-1,-1,-1,-1
129,3,906.52,732.31,86.13,212.54,-1,-1,-1,-1
130,3,905.35,732.16,84.77,214.29,-1,-1,-1,-1
131,3,904.08,733.13,84.52,211.95,-1,-1,-1,-1
132,3,899.36,733.51,82.63,211.00,-1,-1,-1,-1
133,3,897.65,733.62,81.37,210.72,-1,-1,-1,-1
134,3,890.77,730.94,84.75,214.99,-1,-1,-1,-1
135,3,887.55,730.36,87.01,217.44,-1,-1,-1,-1
136,3,881.34,730.97,87.40,215.23,-1,-1,-1,-1
137,3,880.54,732.13,86.13,212.22,-1,-1,-1,-1
138,3,873.78,730.69,86.98,215.87,-1,-1,-1,-1
139,3,872.55,731.49,86.09,213.24,-1,-1,-1,-1
140,3,870.09,726.56,88.95,213.18,-1,-1,-1,-1
141,3,863.76,726.36,89.36,212.82,-1,-1,-1,-1
142,3,862.57,726.66,89.21,211.54,-1,-1,-1,-1
143,3,855.23,726.17,90.21,213.05,-1,-1,-1,-1
144,3,855.78,725.18,87.36,213.09,-1,-1,-1,-1
145,3,849.68,726.01,86.86,211.30,-1,-1,-1,-1
146,3,849.67,726.23,84.43,209.84,-1,-1,-1,-1
147,3,844.59,727.76,80.69,208.17,-1,-1,-1,-1
59,4,552.17,799.49,264.23,412.99,-1,-1,-1,-1
60,4,552.16,799.49,264.24,412.34,-1,-1,-1,-1
66,5,552.47,799.47,263.61,412.03,-1,-1,-1,-1
67,5,552.50,799.53,263.57,411.90,-1,-1,-1,-1
68,5,552.58,799.56,263.37,410.78,-1,-1,-1,-1
69,5,552.61,799.59,263.29,410.98,-1,-1,-1,-1
70,5,552.61,799.61,263.32,413.06,-1,-1,-1,-1
71,5,552.69,799.60,263.17,412.75,-1,-1,-1,-1
72,5,552.61,799.62,263.33,413.87,-1,-1,-1,-1
73,5,552.70,799.53,263.11,410.84,-1,-1,-1,-1
74,5,552.87,799.47,262.73,409.66,-1,-1,-1,-1
75,5,553.06,799.44,262.34,409.42,-1,-1,-1,-1
76,5,553.11,799.30,262.22,407.70,-1,-1,-1,-1
77,5,553.10,799.30,262.26,408.22,-1,-1,-1,-1
78,5,553.25,799.26,261.92,407.68,-1,-1,-1,-1
79,5,553.11,799.24,262.23,407.94,-1,-1,-1,-1
80,5,553.13,799.20,262.14,405.87,-1,-1,-1,-1
81,5,553.24,799.15,261.90,405.57,-1,-1,-1,-1
82,5,553.10,799.09,262.16,405.37,-1,-1,-1,-1
83,5,553.11,799.12,262.12,404.96,-1,-1,-1,-1
84,5,553.37,799.17,261.60,405.23,-1,-1,-1,-1
85,5,553.38,799.08,261.55,403.36,-1,-1,-1,-1
86,5,552.86,799.06,262.66,405.96,-1,-1,-1,-1
87,5,553.17,799.09,261.98,404.63,-1,-1,-1,-1
88,5,553.31,798.95,261.69,402.73,-1,-1,-1,-1
89,5,553.24,798.93,261.82,403.05,-1,-1,-1,-1
90,5,553.30,798.90,261.68,402.14,-1,-1,-1,-1
91,5,553.56,798.87,261.15,402.47,-1,-1,-1,-1
92,5,553.59,798.91,261.07,402.20,-1,-1,-1,-1
93,5,553.68,798.79,260.80,399.18,-1,-1,-1,-1
94,5,553.73,798.79,260.73,399.16,-1,-1,-1,-1
95,5,553.66,798.83,260.84,398.64,-1,-1,-1,-1
96,5,553.74,798.87,260.67,397.66,-1,-1,-1,-1
97,5,554.10,798.88,259.90,395.79,-1,-1,-1,-1
98,5,554.15,798.97,259.80,395.37,-1,-1,-1,-1
99,5,554.18,798.97,259.69,393.45,-1,-1,-1,-1
100,5,554.17,799.00,259.72,392.86,-1,-1,-1,-1
101,5,546.40,798.94,259.56,395.79,-1,-1,-1,-1
102,5,546.57,798.89,259.23,394.71,-1,-1,-1,-1
103,5,554.45,798.98,259.12,389.59,-1,-1,-1,-1
104,5,554.46,798.92,259.12,389.67,-1,-1,-1,-1
105,5,554.00,799.02,260.10,389.68,-1,-1,-1,-1
106,5,553.99,798.99,260.10,388.48,-1,-1,-1,-1
107,5,553.81,799.07,260.42,388.16,-1,-1,-1,-1
108,5,553.99,799.15,260.13,387.60,-1,-1,-1,-1
109,5,553.87,799.10,260.39,387.82,-1,-1,-1,-1
110,5,553.77,799.15,260.62,390.21,-1,-1,-1,-1
111,5,546.07,798.91,260.39,394.65,-1,-1,-1,-1
112,5,553.72,799.06,260.69,387.61,-1,-1,-1,-1
113,5,546.00,798.91,260.47,392.60,-1,-1,-1,-1
114,5,546.11,798.87,260.29,393.43,-1,-1,-1,-1
115,5,553.84,798.89,260.49,387.08,-1,-1,-1,-1
116,5,546.00,798.79,260.53,394.34,-1,-1,-1,-1
117,5,546.43,799.01,259.63,392.60,-1,-1,-1,-1
118,5,546.82,799.05,258.79,392.58,-1,-1,-1,-1
119,5,546.44,799.07,259.59,393.16,-1,-1,-1,-1
120,5,546.75,799.08,258.87,389.35,-1,-1,-1,-1
121,5,547.17,798.95,258.02,391.85,-1,-1,-1,-1
122,5,547.46,798.81,257.38,388.00,-1,-1,-1,-1
123,5,547.49,798.76,257.29,387.32,-1,-1,-1,-1
124,5,547.77,798.79,256.66,384.46,-1,-1,-1,-1
125,5,548.11,798.89,255.99,383.96,-1,-1,-1,-1
126,5,548.46,798.71,255.17,380.60,-1,-1,-1,-1
127,5,548.64,798.93,254.77,379.68,-1,-1,-1,-1
128,5,548.41,798.84,255.30,380.56,-1,-1,-1,-1
129,5,548.97,798.66,254.08,377.05,-1,-1,-1,-1
130,5,548.51,798.60,255.08,380.48,-1,-1,-1,-1
131,5,549.07,798.36,253.88,378.69,-1,-1,-1,-1
132,5,548.64,798.35,254.82,381.57,-1,-1,-1,-1
133,5,548.61,798.32,254.91,382.72,-1,-1,-1,-1
134,5,548.69,798.27,254.68,383.62,-1,-1,-1,-1
135,5,548.79,798.38,254.43,382.02,-1,-1,-1,-1
136,5,556.29,798.41,255.28,381.74,-1,-1,-1,-1
137,5,548.50,798.22,255.01,386.03,-1,-1,-1,-1
138,5,542.88,799.32,266.52,374.51,-1,-1,-1,-1
139,5,537.57,798.33,277.05,380.11,-1,-1,-1,-1
140,5,532.14,797.59,287.97,385.24,-1,-1,-1,-1
141,5,527.26,797.12,297.71,386.84,-1,-1,-1,-1
142,5,527.42,796.97,297.35,383.91,-1,-1,-1,-1
143,5,527.14,797.19,297.91,382.72,-1,-1,-1,-1
144,5,527.71,796.88,296.76,382.04,-1,-1,-1,-1
145,5,528.02,797.08,296.10,382.45,-1,-1,-1,-1
146,5,527.53,796.85,297.10,382.42,-1,-1,-1,-1
147,5,527.57,796.95,297.01,382.00,-1,-1,-1,-1
148,5,527.90,796.74,296.35,382.12,-1,-1,-1,-1
149,5,527.67,796.70,296.82,382.48,-1,-1,-1,-1
150,5,527.82,796.48,296.52,383.22,-1,-1,-1,-1
151,5,528.02,796.70,296.13,382.81,-1,-1,-1,-1
152,5,527.76,796.85,296.70,379.97,-1,-1,-1,-1
153,5,527.61,797.30,297.06,380.47,-1,-1,-1,-1
154,5,527.61,797.28,297.07,379.87,-1,-1,-1,-1
155,5,527.28,797.73,297.76,377.08,-1,-1,-1,-1
156,5,526.76,798.15,298.83,378.60,-1,-1,-1,-1
157,5,526.80,798.33,298.76,379.82,-1,-1,-1,-1
158,5,526.63,798.55,299.14,381.67,-1,-1,-1,-1
159,5,526.44,798.83,299.49,380.92,-1,-1,-1,-1
160,5,526.52,798.31,299.35,382.26,-1,-1,-1,-1
161,5,527.00,798.42,298.38,377.55,-1,-1,-1,-1
162,5,526.99,798.54,298.46,374.86,-1,-1,-1,-1
163,5,526.68,798.65,299.13,371.71,-1,-1,-1,-1
164,5,526.38,798.51,299.77,370.32,-1,-1,-1,-1
165,5,526.19,798.61,300.16,370.68,-1,-1,-1,-1
166,5,521.65,798.14,309.38,369.24,-1,-1,-1,-1
167,5,521.38,798.27,309.89,367.48,-1,-1,-1,-1
168,5,521.76,798.04,309.04,367.37,-1,-1,-1,-1
169,5,521.63,798.16,309.35,365.68,-1,-1,-1,-1
170,5,522.09,797.92,308.36,364.25,-1,-1,-1,-1
171,5,521.86,797.94,308.85,363.91,-1,-1,-1,-1
172,5,522.01,798.02,308.52,363.60,-1,-1,-1,-1
173,5,521.52,797.80,309.44,370.52,-1,-1,-1,-1
174,5,521.65,797.83,309.15,371.19,-1,-1,-1,-1
175,5,521.84,797.73,308.72,371.20,-1,-1,-1,-1
176,5,521.77,797.43,308.74,375.81,-1,-1,-1,-1
177,5,521.70,797.30,308.84,377.31,-1,-1,-1,-1
178,5,521.17,797.09,309.89,381.05,-1,-1,-1,-1
179,5,521.54,797.24,309.17,376.77,-1,-1,-1,-1
180,5,521.56,797.53,309.25,372.43,-1,-1,-1,-1
181,5,521.17,797.45,309.98,372.53,-1,-1,-1,-1
182,5,521.34,797.30,309.67,373.31,-1,-1,-1,-1
183,5,521.81,797.06,308.71,372.06,-1,-1,-1,-1
184,5,521.83,796.96,308.71,372.11,-1,-1,-1,-1
185,5,521.18,797.31,310.06,374.94,-1,-1,-1,-1
186,5,520.77,797.29,310.83,379.45,-1,-1,-1,-1
187,5,521.28,797.39,309.78,376.78,-1,-1,-1,-1
188,5,521.26,797.76,309.86,373.74,-1,-1,-1,-1
189,5,521.98,797.69,308.40,374.96,-1,-1,-1,-1
190,5,521.43,797.89,309.55,375.25,-1,-1,-1,-1
191,5,521.36,797.92,309.70,376.12,-1,-1,-1,-1
192,5,522.03,798.38,308.44,368.81,-1,-1,-1,-1
193,5,521.90,798.65,308.72,368.49,-1,-1,-1,-1
194,5,528.39,798.75,311.38,366.34,-1,-1,-1,-1
195,5,527.65,798.82,313.13,366.66,-1,-1,-1,-1
196,5,527.45,799.12,313.56,365.16,-1,-1,-1,-1
197,5,527.73,799.44,313.00,361.06,-1,-1,-1,-1
198,5,527.03,799.74,314.46,360.97,-1,-1,-1,-1
199,5,528.30,800.10,311.91,352.91,-1,-1,-1,-1
200,5,527.61,799.96,313.27,360.36,-1,-1,-1,-1
201,5,528.11,799.92,312.24,360.75,-1,-1,-1,-1
202,5,527.80,800.11,312.90,359.38,-1,-1,-1,-1
203,5,527.91,799.74,312.60,364.52,-1,-1,-1,-1
204,5,528.07,799.61,312.22,366.51,-1,-1,-1,-1
205,5,527.84,799.64,312.69,367.12,-1,-1,-1,-1
206,5,527.27,799.96,313.82,372.43,-1,-1,-1,-1
207,5,526.91,799.92,314.58,373.99,-1,-1,-1,-1
208,5,526.32,799.97,315.75,379.99,-1,-1,-1,-1
209,5,526.01,799.99,316.40,381.17,-1,-1,-1,-1
210,5,522.04,799.53,324.47,383.86,-1,-1,-1,-1
211,5,521.46,799.54,325.72,387.93,-1,-1,-1,-1
212,5,521.39,799.53,325.90,391.34,-1,-1,-1,-1
213,5,520.86,799.30,326.97,393.50,-1,-1,-1,-1
214,5,520.59,799.30,327.47,394.55,-1,-1,-1,-1
215,5,520.51,799.38,327.62,397.66,-1,-1,-1,-1
216,5,520.49,799.24,327.65,398.95,-1,-1,-1,-1
217,5,520.59,799.25,327.39,400.05,-1,-1,-1,-1
218,5,520.03,799.28,328.56,405.41,-1,-1,-1,-1
219,5,519.90,799.30,328.85,405.75,-1,-1,-1,-1
220,5,519.71,799.57,329.20,411.97,-1,-1,-1,-1
221,5,519.41,799.77,329.80,415.20,-1,-1,-1,-1
222,5,519.19,800.02,330.25,418.81,-1,-1,-1,-1
223,5,519.51,800.04,329.62,420.21,-1,-1,-1,-1
224,5,519.00,800.09,330.64,423.30,-1,-1,-1,-1
225,5,519.36,800.21,329.95,426.12,-1,-1,-1,-1
226,5,519.46,800.27,329.78,428.34,-1,-1,-1,-1
227,5,525.93,800.19,332.83,429.80,-1,-1,-1,-1
228,5,528.54,799.85,327.77,430.34,-1,-1,-1,-1
229,5,534.91,800.20,330.60,429.70,-1,-1,-1,-1
230,5,537.65,800.08,325.51,433.16,-1,-1,-1,-1
231,5,537.65,800.05,325.51,433.00,-1,-1,-1,-1
232,5,537.86,800.17,325.09,433.32,-1,-1,-1,-1
233,5,538.17,800.29,324.49,432.26,-1,-1,-1,-1
234,5,538.43,800.23,323.95,432.71,-1,-1,-1,-1
235,5,538.40,800.23,324.03,436.31,-1,-1,-1,-1
236,5,538.52,800.13,323.78,436.19,-1,-1,-1,-1
237,5,538.68,800.11,323.45,436.17,-1,-1,-1,-1
238,5,538.80,800.10,323.21,436.09,-1,-1,-1,-1
239,5,538.81,800.19,323.19,436.20,-1,-1,-1,-1
240,5,538.77,800.12,323.27,436.85,-1,-1,-1,-1
241,5,538.77,800.13,323.28,438.04,-1,-1,-1,-1
242,5,538.75,800.09,323.32,440.01,-1,-1,-1,-1
243,5,538.80,800.08,323.21,440.02,-1,-1,-1,-1
244,5,538.85,800.03,323.10,439.87,-1,-1,-1,-1
245,5,538.91,799.94,322.99,440.04,-1,-1,-1,-1
246,5,538.99,799.95,322.84,440.05,-1,-1,-1,-1
247,5,539.00,800.00,322.82,439.96,-1,-1,-1,-1
248,5,539.05,800.02,322.74,440.29,-1,-1,-1,-1
249,5,539.00,800.00,322.85,441.17,-1,-1,-1,-1
250,5,539.06,800.07,322.74,440.78,-1,-1,-1,-1
251,5,539.03,800.10,322.81,440.19,-1,-1,-1,-1
252,5,539.05,800.09,322.76,439.89,-1,-1,-1,-1
253,5,539.05,800.10,322.75,440.58,-1,-1,-1,-1
254,5,539.08,800.14,322.71,440.69,-1,-1,-1,-1
255,5,539.06,800.18,322.74,441.23,-1,-1,-1,-1
256,5,539.03,800.20,322.80,441.17,-1,-1,-1,-1
257,5,539.06,800.20,322.74,441.17,-1,-1,-1,-1
258,5,539.04,800.23,322.77,441.00,-1,-1,-1,-1
259,5,539.02,800.25,322.82,440.34,-1,-1,-1,-1
260,5,539.00,800.32,322.86,439.08,-1,-1,-1,-1
261,5,538.95,800.28,322.97,438.50,-1,-1,-1,-1
262,5,538.94,800.29,322.99,438.76,-1,-1,-1,-1
263,5,538.89,800.28,323.09,438.97,-1,-1,-1,-1
264,5,538.80,800.29,323.29,439.15,-1,-1,-1,-1
265,5,538.74,800.27,323.41,438.82,-1,-1,-1,-1
266,5,538.72,800.29,323.43,439.18,-1,-1,-1,-1
267,5,538.69,800.36,323.51,437.93,-1,-1,-1,-1
268,5,538.59,800.35,323.70,436.19,-1,-1,-1,-1
269,5,538.55,800.30,323.78,433.29,-1,-1,-1,-1
270,5,538.51,800.29,323.87,433.29,-1,-1,-1,-1
271,5,538.47,800.29,323.93,432.82,-1,-1,-1,-1
272,5,538.37,800.32,324.13,432.91,-1,-1,-1,-1
273,5,538.45,800.24,323.97,429.75,-1,-1,-1,-1
274,5,538.43,800.12,324.02,429.31,-1,-1,-1,-1
275,5,538.46,800.13,323.96,428.85,-1,-1,-1,-1
276,5,538.39,800.18,324.11,429.41,-1,-1,-1,-1
277,5,538.46,800.16,323.96,428.34,-1,-1,-1,-1
278,5,538.68,800.07,323.53,425.92,-1,-1,-1,-1
279,5,538.70,800.07,323.50,425.73,-1,-1,-1,-1
280,5,538.71,800.10,323.47,426.02,-1,-1,-1,-1
281,5,538.66,800.02,323.58,425.20,-1,-1,-1,-1
282,5,538.83,799.90,323.21,425.63,-1,-1,-1,-1
283,5,538.88,799.81,323.10,425.08,-1,-1,-1,-1
284,5,538.76,799.85,323.35,425.07,-1,-1,-1,-1
285,5,538.81,799.86,323.26,424.64,-1,-1,-1,-1
286,5,538.94,799.79,322.98,424.10,-1,-1,-1,-1
287,5,538.99,799.81,322.87,423.05,-1,-1,-1,-1
288,5,538.97,799.80,322.92,422.33,-1,-1,-1,-1
289,5,539.00,799.80,322.85,421.79,-1,-1,-1,-1
290,5,539.18,799.71,322.49,420.07,-1,-1,-1,-1
291,5,539.29,799.69,322.25,419.58,-1,-1,-1,-1
292,5,539.47,799.56,321.87,418.38,-1,-1,-1,-1
293,5,539.52,799.53,321.77,418.42,-1,-1,-1,-1
294,5,539.62,799.55,321.57,416.44,-1,-1,-1,-1
295,5,539.62,799.58,321.57,416.10,-1,-1,-1,-1
296,5,539.82,799.44,321.13,414.86,-1,-1,-1,-1
297,5,540.09,799.38,320.56,413.28,-1,-1,-1,-1
298,5,540.08,799.39,320.57,412.50,-1,-1,-1,-1
299,5,540.16,799.27,320.39,412.49,-1,-1,-1,-1
300,5,540.19,799.26,320.32,410.92,-1,-1,-1,-1
301,5,540.30,799.25,320.09,410.38,-1,-1,-1,-1
302,5,540.49,799.21,319.70,410.27,-1,-1,-1,-1
303,5,540.51,799.18,319.66,409.97,-1,-1,-1,-1
304,5,540.53,799.19,319.60,408.59,-1,-1,-1,-1
305,5,540.62,799.21,319.42,406.76,-1,-1,-1,-1
306,5,540.75,799.19,319.14,405.58,-1,-1,-1,-1
307,5,540.82,799.11,319.00,405.58,-1,-1,-1,-1
308,5,540.75,799.15,319.14,406.06,-1,-1,-1,-1
309,5,540.88,799.06,318.85,404.45,-1,-1,-1,-1
310,5,540.91,799.09,318.80,404.33,-1,-1,-1,-1
311,5,540.96,799.15,318.68,405.26,-1,-1,-1,-1
312,5,541.01,799.09,318.55,403.74,-1,-1,-1,-1
313,5,541.12,799.08,318.32,404.27,-1,-1,-1,-1
314,5,541.20,799.07,318.16,403.81,-1,-1,-1,-1
315,5,541.21,799.12,318.13,403.90,-1,-1,-1,-1
316,5,541.22,799.15,318.12,404.18,-1,-1,-1,-1
317,5,541.41,799.16,317.72,404.33,-1,-1,-1,-1
318,5,541.45,799.07,317.63,403.63,-1,-1,-1,-1
319,5,541.55,799.11,317.43,405.36,-1,-1,-1,-1
320,5,541.56,799.07,317.40,405.11,-1,-1,-1,-1
321,5,541.67,799.01,317.18,404.87,-1,-1,-1,-1
322,5,541.70,798.94,317.10,403.70,-1,-1,-1,-1
323,5,541.66,798.90,317.19,403.59,-1,-1,-1,-1
324,5,541.80,798.80,316.87,401.50,-1,-1,-1,-1
325,5,541.89,798.75,316.69,401.97,-1,-1,-1,-1
326,5,541.95,798.76,316.57,402.41,-1,-1,-1,-1
327,5,541.98,798.72,316.52,402.47,-1,-1,-1,-1
328,5,542.00,798.68,316.45,401.96,-1,-1,-1,-1
329,5,542.03,798.55,316.36,401.10,-1,-1,-1,-1
330,5,542.08,798.47,316.26,399.33,-1,-1,-1,-1
331,5,542.10,798.36,316.19,398.40,-1,-1,-1,-1
332,5,542.22,798.35,315.97,399.63,-1,-1,-1,-1
333,5,538.67,798.66,306.87,396.32,-1,-1,-1,-1
334,5,536.92,798.82,310.71,395.88,-1,-1,-1,-1
335,5,536.98,798.75,310.59,396.09,-1,-1,-1,-1
336,5,537.05,798.73,310.45,396.25,-1,-1,-1,-1
337,5,537.26,798.75,310.00,394.30,-1,-1,-1,-1
338,5,537.07,798.82,310.41,395.31,-1,-1,-1,-1
339,5,537.10,798.70,310.35,395.01,-1,-1,-1,-1
340,5,537.16,798.66,310.24,395.25,-1,-1,-1,-1
341,5,537.31,798.60,309.91,394.11,-1,-1,-1,-1
342,5,537.40,798.47,309.73,393.93,-1,-1,-1,-1
343,5,537.34,798.53,309.87,393.12,-1,-1,-1,-1
344,5,537.25,798.53,310.03,392.95,-1,-1,-1,-1
345,5,537.19,798.44,310.16,393.22,-1,-1,-1,-1
346,5,537.14,798.49,310.29,392.95,-1,-1,-1,-1
347,5,537.16,798.45,310.23,392.99,-1,-1,-1,-1
348,5,536.97,798.49,310.63,393.36,-1,-1,-1,-1
349,5,537.01,798.62,310.57,391.48,-1,-1,-1,-1
350,5,536.95,798.57,310.68,391.12,-1,-1,-1,-1
351,5,537.00,798.62,310.60,391.60,-1,-1,-1,-1
352,5,536.91,798.61,310.78,391.32,-1,-1,-1,-1
353,5,536.92,798.53,310.74,390.85,-1,-1,-1,-1
354,5,536.61,798.39,311.35,391.17,-1,-1,-1,-1
355,5,536.37,798.27,311.86,392.88,-1,-1,-1,-1
356,5,536.50,798.29,311.63,392.33,-1,-1,-1,-1
357,5,536.15,798.42,312.35,394.67,-1,-1,-1,-1
358,5,536.11,798.26,312.43,392.71,-1,-1,-1,-1
359,5,536.19,798.29,312.25,390.75,-1,-1,-1,-1
360,5,535.85,798.28,312.91,391.44,-1,-1,-1,-1
361,5,535.81,798.09,313.06,393.39,-1,-1,-1,-1
362,5,535.81,798.15,313.03,392.77,-1,-1,-1,-1
363,5,535.82,797.95,312.97,389.75,-1,-1,-1,-1
364,5,535.64,797.81,313.35,390.95,-1,-1,-1,-1
365,5,535.65,797.58,313.28,390.14,-1,-1,-1,-1
366,5,535.40,797.74,313.83,389.54,-1,-1,-1,-1
367,5,535.47,797.61,313.71,390.42,-1,-1,-1,-1
368,5,535.45,797.73,313.79,387.39,-1,-1,-1,-1
369,5,535.37,797.59,313.95,388.24,-1,-1,-1,-1
370,5,535.24,797.38,314.25,387.97,-1,-1,-1,-1
371,5,531.93,796.81,320.96,387.30,-1,-1,-1,-1
372,5,532.25,796.63,320.26,386.61,-1,-1,-1,-1
373,5,532.54,796.64,319.66,384.06,-1,-1,-1,-1
374,5,532.56,796.39,319.56,384.51,-1,-1,-1,-1
375,5,532.90,796.37,318.87,382.19,-1,-1,-1,-1
376,5,532.92,796.14,318.78,382.61,-1,-1,-1,-1
377,5,533.20,796.17,318.18,379.11,-1,-1,-1,-1
378,5,533.24,795.88,318.08,380.11,-1,-1,-1,-1
379,5,533.06,795.83,318.39,379.56,-1,-1,-1,-1
380,5,533.54,795.57,317.40,378.14,-1,-1,-1,-1
381,5,533.81,795.47,316.87,373.68,-1,-1,-1,-1
382,5,534.09,795.49,316.31,375.57,-1,-1,-1,-1
383,5,534.03,795.67,316.45,376.29,-1,-1,-1,-1
384,5,534.10,795.67,316.32,372.98,-1,-1,-1,-1
385,5,533.87,795.60,316.79,376.35,-1,-1,-1,-1
386,5,533.89,795.75,316.75,379.07,-1,-1,-1,-1
387,5,533.72,795.70,317.08,382.99,-1,-1,-1,-1
388,5,534.05,795.70,316.45,386.51,-1,-1,-1,-1
389,5,534.18,795.65,316.13,386.14,-1,-1,-1,-1
390,5,534.61,795.60,315.23,386.24,-1,-1,-1,-1
391,5,528.49,795.79,311.15,386.08,-1,-1,-1,-1
392,5,529.67,796.27,308.86,384.56,-1,-1,-1,-1
393,5,529.85,796.46,308.51,384.38,-1,-1,-1,-1
394,5,530.20,796.61,307.78,383.44,-1,-1,-1,-1
395,5,523.97,796.96,304.18,381.99,-1,-1,-1,-1
396,5,523.90,796.38,304.44,390.93,-1,-1,-1,-1
397,5,523.55,796.37,305.16,390.69,-1,-1,-1,-1
398,5,523.79,796.46,304.63,387.63,-1,-1,-1,-1
399,5,523.58,796.51,305.08,388.59,-1,-1,-1,-1
400,5,523.79,796.68,304.70,390.92,-1,-1,-1,-1
401,5,523.39,796.88,305.48,389.94,-1,-1,-1,-1
402,5,523.39,796.90,305.51,391.91,-1,-1,-1,-1
403,5,522.70,796.88,306.94,392.37,-1,-1,-1,-1
404,5,522.57,796.90,307.19,391.04,-1,-1,-1,-1
405,5,522.69,797.26,306.98,389.66,-1,-1,-1,-1
406,5,522.54,797.16,307.27,389.94,-1,-1,-1,-1
407,5,522.49,797.15,307.40,390.22,-1,-1,-1,-1
408,5,522.46,796.98,307.45,393.38,-1,-1,-1,-1
409,5,522.26,797.30,307.85,386.86,-1,-1,-1,-1
410,5,522.35,797.32,307.63,382.55,-1,-1,-1,-1
411,5,522.33,797.26,307.66,382.82,-1,-1,-1,-1
412,5,522.11,796.92,308.04,380.34,-1,-1,-1,-1
413,5,522.86,797.03,306.58,379.58,-1,-1,-1,-1
414,5,522.50,796.78,307.24,377.21,-1,-1,-1,-1
415,5,523.04,796.77,306.13,374.88,-1,-1,-1,-1
416,5,522.71,796.89,306.77,370.68,-1,-1,-1,-1
417,5,522.88,796.87,306.38,373.08,-1,-1,-1,-1
418,5,523.24,796.74,305.58,372.73,-1,-1,-1,-1
419,5,523.30,796.60,305.47,373.69,-1,-1,-1,-1
420,5,523.11,796.57,305.79,371.77,-1,-1,-1,-1
421,5,522.86,796.77,306.41,370.19,-1,-1,-1,-1
422,5,523.30,796.57,305.43,370.53,-1,-1,-1,-1
423,5,523.34,796.54,305.36,368.90,-1,-1,-1,-1
424,5,523.17,796.67,305.72,366.08,-1,-1,-1,-1
425,5,522.84,796.89,306.41,364.95,-1,-1,-1,-1
426,5,523.12,796.77,305.83,363.64,-1,-1,-1,-1
427,5,523.37,796.71,305.29,361.41,-1,-1,-1,-1
428,5,523.31,796.79,305.45,355.63,-1,-1,-1,-1
429,5,523.20,796.91,305.66,355.54,-1,-1,-1,-1
430,5,523.13,796.79,305.78,358.40,-1,-1,-1,-1
431,5,523.36,796.80,305.31,356.13,-1,-1,-1,-1
432,5,524.01,796.86,304.01,356.69,-1,-1,-1,-1
433,5,524.80,796.91,302.41,351.96,-1,-1,-1,-1
434,5,524.29,796.79,303.42,353.06,-1,-1,-1,-1
435,5,523.68,796.49,304.64,356.08,-1,-1,-1,-1
436,5,524.20,797.43,303.82,350.52,-1,-1,-1,-1
437,5,524.21,797.46,303.79,347.52,-1,-1,-1,-1
438,5,524.39,797.40,303.42,346.87,-1,-1,-1,-1
439,5,524.69,797.48,302.82,347.65,-1,-1,-1,-1
440,5,524.79,797.70,302.65,346.74,-1,-1,-1,-1
441,5,524.42,798.00,303.48,343.17,-1,-1,-1,-1
442,5,524.92,798.51,302.64,342.50,-1,-1,-1,-1
443,5,524.27,798.61,303.91,345.17,-1,-1,-1,-1
444,5,524.11,798.89,304.27,348.23,-1,-1,-1,-1
445,5,524.02,799.06,304.49,345.60,-1,-1,-1,-1
446,5,530.08,798.94,307.98,346.30,-1,-1,-1,-1
447,5,528.80,799.53,310.90,344.74,-1,-1,-1,-1
448,5,528.27,799.76,311.97,351.15,-1,-1,-1,-1
449,5,527.52,799.89,313.49,355.41,-1,-1,-1,-1
450,5,527.43,800.11,313.67,357.17,-1,-1,-1,-1
451,5,527.69,800.33,313.21,355.74,-1,-1,-1,-1
452,5,527.15,800.52,314.28,357.97,-1,-1,-1,-1
453,5,527.40,800.55,313.76,359.86,-1,-1,-1,-1
454,5,526.94,800.46,314.67,358.94,-1,-1,-1,-1
455,5,527.12,800.51,314.31,361.41,-1,-1,-1,-1
456,5,526.56,800.74,315.50,362.91,-1,-1,-1,-1
457,5,532.63,800.75,319.14,362.72,-1,-1,-1,-1
458,5,534.86,800.34,314.86,361.49,-1,-1,-1,-1
459,5,534.50,800.41,315.55,366.95,-1,-1,-1,-1
460,5,534.13,800.36,316.22,374.74,-1,-1,-1,-1
461,5,533.83,800.21,316.85,381.38,-1,-1,-1,-1
462,5,533.85,800.09,316.80,381.52,-1,-1,-1,-1
463,5,533.60,799.95,317.33,385.19,-1,-1,-1,-1
464,5,529.27,799.39,326.18,390.83,-1,-1,-1,-1
465,5,529.26,799.32,326.21,391.25,-1,-1,-1,-1
466,5,529.18,799.30,326.39,392.19,-1,-1,-1,-1
467,5,529.25,799.24,326.25,395.43,-1,-1,-1,-1
468,5,528.88,799.16,327.01,398.29,-1,-1,-1,-1
469,5,528.28,799.34,328.20,403.24,-1,-1,-1,-1
470,5,528.10,799.49,328.62,406.90,-1,-1,-1,-1
471,5,527.77,799.64,329.33,408.93,-1,-1,-1,-1
472,5,527.73,799.64,329.42,408.98,-1,-1,-1,-1
473,5,527.51,799.75,329.88,411.52,-1,-1,-1,-1
474,5,527.57,799.78,329.77,414.29,-1,-1,-1,-1
475,5,527.65,799.99,329.62,418.87,-1,-1,-1,-1
476,5,527.82,800.01,329.28,422.20,-1,-1,-1,-1
477,5,527.87,799.97,329.17,422.61,-1,-1,-1,-1
478,5,528.18,800.01,328.56,425.24,-1,-1,-1,-1
479,5,528.33,800.08,328.27,426.71,-1,-1,-1,-1
480,5,528.21,800.21,328.51,429.91,-1,-1,-1,-1
481,5,528.27,800.23,328.41,428.38,-1,-1,-1,-1
482,5,534.48,800.58,331.52,428.89,-1,-1,-1,-1
483,5,537.78,800.36,325.29,430.73,-1,-1,-1,-1
484,5,537.87,800.27,325.12,430.95,-1,-1,-1,-1
485,5,537.92,800.26,325.03,432.75,-1,-1,-1,-1
486,5,538.00,800.17,324.86,433.87,-1,-1,-1,-1
487,5,538.17,800.14,324.51,434.72,-1,-1,-1,-1
488,5,538.37,800.08,324.09,434.91,-1,-1,-1,-1
489,5,538.48,800.03,323.87,436.00,-1,-1,-1,-1
490,5,538.73,799.94,323.39,435.88,-1,-1,-1,-1
491,5,538.66,799.90,323.51,436.02,-1,-1,-1,-1
492,5,538.89,799.91,323.05,436.13,-1,-1,-1,-1
493,5,538.84,799.92,323.14,437.53,-1,-1,-1,-1
494,5,538.91,799.92,323.02,437.85,-1,-1,-1,-1
495,5,538.90,799.94,323.06,438.82,-1,-1,-1,-1
496,5,539.00,799.96,322.85,438.93,-1,-1,-1,-1
497,5,539.02,800.01,322.82,439.34,-1,-1,-1,-1
498,5,539.03,799.99,322.79,439.95,-1,-1,-1,-1
499,5,539.04,800.01,322.78,439.94,-1,-1,-1,-1
500,5,539.05,800.05,322.76,439.69,-1,-1,-1,-1
132,6,891.62,134.32,79.42,212.85,-1,-1,-1,-1
149,7,834.54,148.11,81.10,213.54,-1,-1,-1,-1
158,8,805.48,158.18,76.28,211.06,-1,-1,-1,-1
159,8,803.69,160.83,79.13,207.51,-1,-1,-1,-1
160,8,796.39,161.94,79.98,217.44,-1,-1,-1,-1
161,8,796.32,163.41,79.11,215.46,-1,-1,-1,-1
162,8,793.23,166.80,83.63,211.18,-1,-1,-1,-1
163,8,786.44,165.47,85.62,214.05,-1,-1,-1,-1
164,8,782.39,169.59,90.53,218.49,-1,-1,-1,-1
165,8,783.49,171.35,87.35,217.44,-1,-1,-1,-1
166,8,784.43,173.09,84.90,214.31,-1,-1,-1,-1
167,8,784.62,174.61,84.02,212.17,-1,-1,-1,-1
168,8,776.68,177.47,88.39,218.64,-1,-1,-1,-1
169,8,775.73,179.37,88.28,217.22,-1,-1,-1,-1
170,8,775.27,180.77,88.15,215.74,-1,-1,-1,-1
171,8,776.01,181.47,86.39,215.17,-1,-1,-1,-1
172,8,774.98,185.46,87.55,218.97,-1,-1,-1,-1
173,8,775.03,188.11,87.72,215.50,-1,-1,-1,-1
174,8,767.62,187.45,88.77,217.92,-1,-1,-1,-1
175,8,767.47,191.38,87.47,211.21,-1,-1,-1,-1
176,8,766.75,195.68,88.10,213.78,-1,-1,-1,-1
177,8,766.91,197.15,87.51,212.57,-1,-1,-1,-1
178,8,760.44,198.05,88.84,211.35,-1,-1,-1,-1
179,8,758.44,199.87,91.43,210.32,-1,-1,-1,-1
180,8,756.89,204.46,93.74,213.28,-1,-1,-1,-1
181,8,755.76,204.36,95.00,214.49,-1,-1,-1,-1
182,8,755.39,206.01,95.75,212.70,-1,-1,-1,-1
183,8,756.04,206.62,95.46,213.26,-1,-1,-1,-1
184,8,754.74,211.73,96.81,214.52,-1,-1,-1,-1
185,8,756.91,214.01,93.08,211.20,-1,-1,-1,-1
186,8,755.14,215.40,96.76,210.15,-1,-1,-1,-1
187,8,755.30,216.34,96.94,209.87,-1,-1,-1,-1
188,8,756.22,220.51,94.34,214.26,-1,-1,-1,-1
189,8,756.64,221.67,94.13,214.17,-1,-1,-1,-1
190,8,755.32,224.08,96.66,221.90,-1,-1,-1,-1
191,8,756.42,228.16,94.96,216.14,-1,-1,-1,-1
192,8,756.63,229.97,94.01,226.70,-1,-1,-1,-1
193,8,756.23,230.84,95.15,226.34,-1,-1,-1,-1
194,8,757.02,233.79,94.91,221.69,-1,-1,-1,-1
195,8,756.71,234.47,94.88,221.14,-1,-1,-1,-1
196,8,755.26,241.61,98.64,219.31,-1,-1,-1,-1
197,8,760.25,243.80,101.85,217.40,-1,-1,-1,-1
198,8,760.94,249.87,100.60,218.97,-1,-1,-1,-1
199,8,760.80,250.82,101.66,218.41,-1,-1,-1,-1
200,8,761.45,255.32,100.50,223.53,-1,-1,-1,-1
201,8,759.90,257.92,103.55,219.22,-1,-1,-1,-1
202,8,760.52,260.26,103.09,215.22,-1,-1,-1,-1
203,8,761.49,261.35,102.00,214.56,-1,-1,-1,-1
204,8,761.26,264.61,102.77,221.75,-1,-1,-1,-1
205,8,769.54,266.79,99.29,219.05,-1,-1,-1,-1
206,8,769.03,274.16,102.61,217.92,-1,-1,-1,-1
207,8,770.58,275.36,99.75,217.61,-1,-1,-1,-1
208,8,779.19,277.41,95.53,215.44,-1,-1,-1,-1
209,8,781.56,283.35,92.10,216.35,-1,-1,-1,-1
210,8,780.34,286.02,95.18,212.88,-1,-1,-1,-1
211,8,780.12,292.19,96.40,213.73,-1,-1,-1,-1
212,8,780.77,293.32,95.79,214.02,-1,-1,-1,-1
213,8,787.40,300.08,95.43,214.69,-1,-1,-1,-1
214,8,788.71,301.70,94.66,213.52,-1,-1,-1,-1
215,8,787.66,302.65,98.06,212.86,-1,-1,-1,-1
216,8,787.62,310.47,98.21,211.11,-1,-1,-1,-1
217,8,794.84,312.04,96.83,209.85,-1,-1,-1,-1
218,8,796.61,317.04,94.71,212.96,-1,-1,-1,-1
219,8,796.74,318.88,95.01,211.49,-1,-1,-1,-1
220,8,803.55,326.44,94.64,209.69,-1,-1,-1,-1
221,8,806.05,326.77,92.15,211.34,-1,-1,-1,-1
222,8,805.40,332.10,94.27,212.85,-1,-1,-1,-1
223,8,806.57,332.52,92.45,213.02,-1,-1,-1,-1
224,8,812.01,332.77,94.28,214.43,-1,-1,-1,-1
225,8,812.67,335.15,95.40,212.05,-1,-1,-1,-1
226,8,821.17,342.23,91.99,209.82,-1,-1,-1,-1
227,8,822.29,344.79,91.42,207.92,-1,-1,-1,-1
228,8,822.59,345.80,92.28,206.82,-1,-1,-1,-1
229,8,828.56,352.12,92.89,206.21,-1,-1,-1,-1
230,8,828.00,353.78,96.17,205.07,-1,-1,-1,-1
231,8,825.63,356.69,101.52,200.54,-1,-1,-1,-1
232,8,832.80,362.81,101.33,201.20,-1,-1,-1,-1
233,8,832.39,363.52,103.77,201.04,-1,-1,-1,-1
234,8,841.44,369.51,99.31,203.15,-1,-1,-1,-1
235,8,840.94,370.23,102.54,204.19,-1,-1,-1,-1
236,8,845.34,372.04,107.91,201.74,-1,-1,-1,-1
237,8,846.36,378.98,107.83,201.24,-1,-1,-1,-1
238,8,854.69,381.85,105.57,197.13,-1,-1,-1,-1
239,8,856.67,384.73,103.57,192.90,-1,-1,-1,-1
240,8,867.11,389.83,96.90,194.96,-1,-1,-1,-1
241,8,866.53,392.28,99.86,193.10,-1,-1,-1,-1
242,8,873.85,397.70,99.14,197.41,-1,-1,-1,-1
243,8,884.52,404.51,92.84,198.37,-1,-1,-1,-1
244,8,893.91,406.70,77.18,242.80,-1,-1,-1,-1
245,8,900.78,411.80,77.59,233.28,-1,-1,-1,-1
246,8,903.02,417.81,73.84,220.88,-1,-1,-1,-1
247,8,902.15,419.52,77.12,218.78,-1,-1,-1,-1
248,8,907.09,424.87,80.37,218.62,-1,-1,-1,-1
249,8,909.29,429.42,79.06,210.57,-1,-1,-1,-1
250,8,914.02,432.84,82.12,207.15,-1,-1,-1,-1
251,8,914.88,435.72,83.55,203.25,-1,-1,-1,-1
252,8,915.71,441.15,83.00,201.27,-1,-1,-1,-1
253,8,922.79,440.54,81.70,206.88,-1,-1,-1,-1
254,8,923.76,446.88,82.65,205.72,-1,-1,-1,-1
255,8,929.68,446.53,83.34,209.35,-1,-1,-1,-1
256,8,930.68,448.80,83.64,207.95,-1,-1,-1,-1
257,8,937.73,455.19,82.37,207.04,-1,-1,-1,-1
258,8,938.82,462.75,83.56,204.80,-1,-1,-1,-1
259,8,944.62,464.26,83.20,208.92,-1,-1,-1,-1
260,8,947.16,471.90,82.49,204.12,-1,-1,-1,-1
261,8,952.94,474.97,82.56,205.65,-1,-1,-1,-1
262,8,954.30,480.65,83.60,204.54,-1,-1,-1,-1
263,8,960.15,483.09,83.39,206.23,-1,-1,-1,-1
264,8,962.08,488.78,83.04,201.68,-1,-1,-1,-1
265,8,964.00,491.19,83.61,202.15,-1,-1,-1,-1
266,8,969.82,494.89,83.31,204.51,-1,-1,-1,-1
267,8,972.44,497.11,82.11,204.48,-1,-1,-1,-1
268,8,975.48,499.04,84.87,206.64,-1,-1,-1,-1
269,8,978.59,504.96,82.92,204.13,-1,-1,-1,-1
270,8,983.35,506.69,84.77,205.20,-1,-1,-1,-1
271,8,986.86,510.91,82.44,205.70,-1,-1,-1,-1
272,8,987.49,514.40,85.58,206.16,-1,-1,-1,-1
273,8,991.35,520.25,85.31,202.94,-1,-1,-1,-1
274,8,994.63,524.34,82.97,202.81,-1,-1,-1,-1
275,8,995.41,527.32,84.96,204.11,-1,-1,-1,-1
276,8,1001.63,529.36,82.86,203.66,-1,-1,-1,-1
277,8,1003.99,531.66,84.28,205.01,-1,-1,-1,-1
278,8,1007.16,537.38,86.05,203.00,-1,-1,-1,-1
279,8,1008.16,539.95,89.63,204.90,-1,-1,-1,-1
280,8,1008.47,543.84,90.37,203.43,-1,-1,-1,-1
281,8,1014.12,546.62,89.23,204.21,-1,-1,-1,-1
282,8,1015.70,551.01,90.60,204.30,-1,-1,-1,-1
283,8,1020.46,553.28,91.47,207.04,-1,-1,-1,-1
284,8,1022.20,557.69,90.32,207.53,-1,-1,-1,-1
285,8,1023.58,559.23,91.31,206.96,-1,-1,-1,-1
286,8,1027.29,561.50,93.80,207.93,-1,-1,-1,-1
287,8,1028.29,566.24,93.82,207.93,-1,-1,-1,-1
288,8,1030.95,567.54,91.77,209.65,-1,-1,-1,-1
289,8,1032.56,572.58,89.38,210.34,-1,-1,-1,-1
290,8,1038.07,574.12,89.72,212.83,-1,-1,-1,-1
291,8,1038.54,580.92,90.27,209.44,-1,-1,-1,-1
292,8,1038.75,581.56,91.35,211.52,-1,-1,-1,-1
293,8,1040.14,586.19,89.87,215.04,-1,-1,-1,-1
294,8,1039.59,588.28,90.96,213.37,-1,-1,-1,-1
295,8,1046.40,588.72,89.38,215.65,-1,-1,-1,-1
296,8,1048.40,595.18,87.38,214.17,-1,-1,-1,-1
297,8,1049.41,596.43,87.29,216.72,-1,-1,-1,-1
298,8,1049.42,601.80,86.99,218.59,-1,-1,-1,-1
299,8,1055.00,603.64,87.32,219.70,-1,-1,-1,-1
300,8,1054.97,605.52,88.86,218.75,-1,-1,-1,-1
301,8,1055.37,612.80,88.50,213.91,-1,-1,-1,-1
302,8,1054.46,614.16,90.13,215.21,-1,-1,-1,-1
303,8,1055.27,618.34,89.60,216.25,-1,-1,-1,-1
304,8,1055.24,621.04,89.99,214.48,-1,-1,-1,-1
305,8,1055.52,622.93,90.28,216.28,-1,-1,-1,-1
306,8,1055.26,628.13,90.81,215.58,-1,-1,-1,-1
307,8,1055.39,629.80,91.08,215.29,-1,-1,-1,-1
308,8,1054.44,631.14,92.59,214.54,-1,-1,-1,-1
309,8,1058.98,636.51,95.12,214.84,-1,-1,-1,-1
310,8,1058.77,637.62,96.29,214.26,-1,-1,-1,-1
311,8,1057.68,639.60,99.06,213.77,-1,-1,-1,-1
312,8,1057.26,644.61,99.43,214.21,-1,-1,-1,-1
313,8,1057.68,645.37,98.36,214.41,-1,-1,-1,-1
314,8,1057.89,647.23,97.80,213.03,-1,-1,-1,-1
315,8,1058.25,653.14,97.18,212.46,-1,-1,-1,-1
316,8,1058.49,653.83,96.39,213.41,-1,-1,-1,-1
317,8,1057.87,654.95,98.11,214.97,-1,-1,-1,-1
318,8,1058.09,659.71,97.76,214.43,-1,-1,-1,-1
319,8,1058.66,661.88,95.41,213.10,-1,-1,-1,-1
320,8,1058.91,663.51,94.25,212.28,-1,-1,-1,-1
321,8,1052.87,665.22,96.51,212.33,-1,-1,-1,-1
322,8,1052.56,670.06,95.78,210.83,-1,-1,-1,-1
323,8,1053.52,671.77,93.66,209.34,-1,-1,-1,-1
324,8,1054.67,673.67,90.91,208.18,-1,-1,-1,-1
325,8,1054.42,678.72,90.42,207.20,-1,-1,-1,-1
326,8,1053.83,679.91,90.30,207.88,-1,-1,-1,-1
327,8,1052.72,681.38,91.17,207.51,-1,-1,-1,-1
328,8,1052.14,682.48,92.11,207.81,-1,-1,-1,-1
329,8,1048.79,686.44,89.10,210.12,-1,-1,-1,-1
330,8,1047.45,687.85,89.34,209.30,-1,-1,-1,-1
331,8,1046.39,688.95,89.81,207.94,-1,-1,-1,-1
332,8,1045.74,690.22,90.74,207.98,-1,-1,-1,-1
333,8,1044.84,694.26,91.77,208.77,-1,-1,-1,-1
334,8,1039.79,695.31,90.58,210.37,-1,-1,-1,-1
335,8,1038.80,697.50,89.69,207.33,-1,-1,-1,-1
336,8,1037.93,698.33,89.89,206.43,-1,-1,-1,-1
337,8,1038.28,702.38,88.77,207.88,-1,-1,-1,-1
338,8,1033.15,703.27,87.91,210.03,-1,-1,-1,-1
339,8,1030.92,704.78,89.50,206.29,-1,-1,-1,-1
340,8,1030.15,705.70,89.59,204.26,-1,-1,-1,-1
341,8,1023.63,706.64,90.28,206.84,-1,-1,-1,-1
342,8,1022.38,708.72,91.11,202.80,-1,-1,-1,-1
343,8,1023.13,712.22,88.00,205.99,-1,-1,-1,-1
344,8,1022.37,713.47,88.16,205.48,-1,-1,-1,-1
345,8,1016.62,713.22,87.82,208.81,-1,-1,-1,-1
346,8,1014.68,714.91,88.90,205.92,-1,-1,-1,-1
347,8,1007.63,715.29,90.53,205.18,-1,-1,-1,-1
348,8,1007.25,716.16,89.77,204.21,-1,-1,-1,-1
349,8,1007.73,719.42,87.55,207.38,-1,-1,-1,-1
350,8,1006.19,719.69,88.31,209.92,-1,-1,-1,-1
351,8,1000.74,721.04,87.75,208.17,-1,-1,-1,-1
352,8,998.44,721.72,89.04,205.93,-1,-1,-1,-1
353,8,991.68,722.47,90.35,206.80,-1,-1,-1,-1
354,8,990.58,724.22,89.60,203.39,-1,-1,-1,-1
355,8,990.55,727.13,87.65,206.41,-1,-1,-1,-1
356,8,986.36,727.26,85.17,207.60,-1,-1,-1,-1
357,8,985.14,727.82,83.10,206.87,-1,-1,-1,-1
358,8,979.40,728.39,83.91,206.49,-1,-1,-1,-1
359,8,977.92,729.65,83.23,203.99,-1,-1,-1,-1
360,8,971.23,729.58,84.38,206.93,-1,-1,-1,-1
361,8,970.23,730.52,82.70,203.64,-1,-1,-1,-1
362,8,968.48,730.75,84.03,203.63,-1,-1,-1,-1
363,8,962.72,730.46,83.99,206.62,-1,-1,-1,-1
364,8,960.68,731.19,84.62,204.97,-1,-1,-1,-1
365,8,954.36,730.80,85.57,207.00,-1,-1,-1,-1
366,8,952.35,731.30,85.25,205.59,-1,-1,-1,-1
367,8,946.99,730.63,84.48,207.76,-1,-1,-1,-1
368,8,945.16,734.38,83.78,208.26,-1,-1,-1,-1
369,8,940.00,733.79,82.91,209.82,-1,-1,-1,-1
370,8,937.24,734.98,84.42,207.65,-1,-1,-1,-1
371,8,936.87,735.05,82.45,207.77,-1,-1,-1,-1
372,8,932.71,735.22,80.92,207.21,-1,-1,-1,-1
373,8,929.26,735.32,82.94,208.08,-1,-1,-1,-1
374,8,922.43,733.87,85.23,211.01,-1,-1,-1,-1
375,8,921.16,734.70,83.32,209.22,-1,-1,-1,-1
376,8,921.44,736.53,81.68,206.66,-1,-1,-1,-1
377,8,915.47,735.37,82.28,208.68,-1,-1,-1,-1
378,8,912.94,736.20,82.91,207.15,-1,-1,-1,-1
379,8,906.29,735.91,84.78,207.55,-1,-1,-1,-1
380,8,906.00,737.01,81.31,205.63,-1,-1,-1,-1
381,8,900.64,735.77,80.76,207.71,-1,-1,-1,-1
382,8,898.01,736.16,81.40,207.93,-1,-1,-1,-1
383,8,891.52,735.03,83.20,209.97,-1,-1,-1,-1
384,8,890.88,735.80,81.69,207.42,-1,-1,-1,-1
385,8,884.82,734.85,81.46,209.95,-1,-1,-1,-1
386,8,882.03,734.49,82.35,210.21,-1,-1,-1,-1
387,8,881.45,736.27,81.92,205.73,-1,-1,-1,-1
388,8,874.21,734.59,84.67,208.70,-1,-1,-1,-1
389,8,873.48,734.70,82.49,207.83,-1,-1,-1,-1
390,8,867.81,733.28,81.66,210.98,-1,-1,-1,-1
391,8,866.47,734.49,80.84,208.03,-1,-1,-1,-1
392,8,860.31,729.10,81.77,208.58,-1,-1,-1,-1
393,8,857.87,729.51,82.67,206.93,-1,-1,-1,-1
394,8,852.19,727.92,81.69,209.87,-1,-1,-1,-1
395,8,851.21,731.18,80.29,203.49,-1,-1,-1,-1
396,8,845.40,730.38,79.53,204.10,-1,-1,-1,-1
397,8,844.54,727.78,78.29,207.22,-1,-1,-1,-1
398,8,842.70,727.27,80.76,208.21,-1,-1,-1,-1
194,9,757.23,600.85,108.70,223.67,-1,-1,-1,-1
195,9,756.41,600.40,110.60,224.29,-1,-1,-1,-1
196,9,755.16,598.34,113.06,226.32,-1,-1,-1,-1
197,9,755.18,593.67,113.07,223.27,-1,-1,-1,-1
198,9,754.87,594.24,113.58,220.88,-1,-1,-1,-1
199,9,756.63,597.91,111.19,213.70,-1,-1,-1,-1
200,9,756.00,598.13,113.28,211.31,-1,-1,-1,-1
201,9,763.36,598.57,110.77,209.68,-1,-1,-1,-1
202,9,764.43,593.29,110.26,209.01,-1,-1,-1,-1
203,9,764.42,593.07,110.61,207.58,-1,-1,-1,-1
204,9,765.46,593.49,109.48,204.79,-1,-1,-1,-1
205,9,768.08,591.83,104.29,206.30,-1,-1,-1,-1
206,9,770.58,587.10,101.21,205.32,-1,-1,-1,-1
207,9,779.34,585.82,94.30,206.95,-1,-1,-1,-1
208,9,778.36,583.59,97.76,208.40,-1,-1,-1,-1
209,9,779.19,582.77,97.52,208.72,-1,-1,-1,-1
210,9,780.12,578.27,96.58,205.82,-1,-1,-1,-1
211,9,780.67,575.52,96.95,209.04,-1,-1,-1,-1
212,9,787.52,571.74,95.03,214.90,-1,-1,-1,-1
213,9,788.95,567.31,94.85,211.39,-1,-1,-1,-1
214,9,788.69,563.82,97.40,215.59,-1,-1,-1,-1
215,9,795.99,562.84,94.64,216.36,-1,-1,-1,-1
216,9,795.45,556.49,97.46,215.80,-1,-1,-1,-1
217,9,797.07,554.02,96.73,218.05,-1,-1,-1,-1
218,9,803.44,549.53,95.80,214.91,-1,-1,-1,-1
219,9,804.42,546.64,95.80,215.72,-1,-1,-1,-1
220,9,806.49,542.49,94.14,212.04,-1,-1,-1,-1
221,9,813.09,539.39,91.03,214.13,-1,-1,-1,-1
222,9,816.08,534.47,89.27,210.51,-1,-1,-1,-1
223,9,816.66,529.09,89.86,208.51,-1,-1,-1,-1
224,9,823.66,525.25,87.33,211.55,-1,-1,-1,-1
225,9,825.74,518.95,85.78,212.46,-1,-1,-1,-1
226,9,830.96,514.71,88.16,215.81,-1,-1,-1,-1
227,9,831.61,511.34,90.18,222.21,-1,-1,-1,-1
228,9,834.67,507.39,96.84,218.79,-1,-1,-1,-1
229,9,837.39,507.29,93.53,217.16,-1,-1,-1,-1
230,9,838.47,508.92,93.05,213.49,-1,-1,-1,-1
268,10,980.83,363.35,77.77,200.54,-1,-1,-1,-1
269,10,988.63,360.24,77.29,206.66,-1,-1,-1,-1
270,10,990.22,360.93,76.57,203.04,-1,-1,-1,-1
271,10,996.35,358.18,76.03,197.77,-1,-1,-1,-1
272,10,997.46,355.35,76.98,198.87,-1,-1,-1,-1
273,10,997.47,351.65,78.40,206.14,-1,-1,-1,-1
274,10,995.92,347.69,82.12,202.26,-1,-1,-1,-1
275,10,1002.52,343.65,81.74,207.78,-1,-1,-1,-1
276,10,1003.50,340.64,82.43,211.15,-1,-1,-1,-1
277,10,1010.13,336.11,81.34,209.42,-1,-1,-1,-1
278,10,1011.73,334.15,80.57,211.05,-1,-1,-1,-1
279,10,1013.31,331.93,79.22,214.05,-1,-1,-1,-1
280,10,1018.85,325.86,79.66,215.21,-1,-1,-1,-1
281,10,1019.87,323.50,80.47,216.24,-1,-1,-1,-1
282,10,1026.10,318.34,82.01,213.60,-1,-1,-1,-1
283,10,1027.31,318.39,81.36,208.74,-1,-1,-1,-1
284,10,1028.17,312.52,79.93,209.00,-1,-1,-1,-1
285,10,1027.82,309.41,82.05,212.04,-1,-1,-1,-1
286,10,1033.00,307.76,84.18,213.77,-1,-1,-1,-1
287,10,1032.28,300.47,88.01,214.91,-1,-1,-1,-1
288,10,1041.07,300.53,83.57,212.56,-1,-1,-1,-1
289,10,1043.46,295.09,80.35,211.36,-1,-1,-1,-1
290,10,1043.59,294.06,80.18,209.32,-1,-1,-1,-1
291,10,1044.68,289.61,79.36,205.41,-1,-1,-1,-1
292,10,1051.32,288.63,79.33,204.84,-1,-1,-1,-1
293,10,1052.28,281.83,79.37,207.35,-1,-1,-1,-1
294,10,1051.79,277.93,80.74,211.92,-1,-1,-1,-1
295,10,1051.40,275.01,82.80,215.69,-1,-1,-1,-1
296,10,1051.36,269.36,83.32,215.11,-1,-1,-1,-1
297,10,1058.30,268.99,81.68,212.76,-1,-1,-1,-1
298,10,1057.09,263.04,84.08,211.11,-1,-1,-1,-1
299,10,1056.11,261.63,87.27,211.62,-1,-1,-1,-1
300,10,1054.42,255.07,91.43,211.74,-1,-1,-1,-1
301,10,1053.88,253.67,92.14,211.49,-1,-1,-1,-1
302,10,1051.91,247.44,96.68,211.49,-1,-1,-1,-1
303,10,1052.16,245.83,96.39,212.67,-1,-1,-1,-1
304,10,1050.49,243.57,99.93,215.56,-1,-1,-1,-1
305,10,1052.02,237.44,96.97,215.32,-1,-1,-1,-1
306,10,1059.63,235.94,95.11,216.77,-1,-1,-1,-1
307,10,1059.82,233.18,95.43,220.46,-1,-1,-1,-1
308,10,1059.33,230.53,96.30,225.44,-1,-1,-1,-1
309,10,1061.12,227.08,93.25,219.11,-1,-1,-1,-1
310,10,1061.81,223.92,91.26,223.94,-1,-1,-1,-1
311,10,1058.93,222.75,96.81,225.35,-1,-1,-1,-1
312,10,1060.22,216.30,94.75,224.89,-1,-1,-1,-1
313,10,1061.52,216.88,91.92,221.71,-1,-1,-1,-1
314,10,1061.14,215.69,92.68,222.63,-1,-1,-1,-1
315,10,1061.71,211.32,91.23,218.63,-1,-1,-1,-1
316,10,1064.36,210.05,86.24,219.44,-1,-1,-1,-1
317,10,1061.97,208.16,90.78,222.04,-1,-1,-1,-1
318,10,1061.06,202.48,92.80,220.77,-1,-1,-1,-1
319,10,1061.72,200.07,90.57,224.10,-1,-1,-1,-1
320,10,1061.51,198.68,92.00,226.24,-1,-1,-1,-1
321,10,1061.05,196.19,91.76,230.63,-1,-1,-1,-1
322,10,1060.52,194.11,92.18,233.98,-1,-1,-1,-1
323,10,1060.86,190.58,91.34,227.28,-1,-1,-1,-1
324,10,1052.62,186.14,95.31,234.00,-1,-1,-1,-1
325,10,1050.98,183.68,97.66,226.61,-1,-1,-1,-1
326,10,1053.72,183.57,90.68,224.82,-1,-1,-1,-1
327,10,1053.49,181.52,90.69,226.93,-1,-1,-1,-1
328,10,1052.09,178.81,93.01,229.47,-1,-1,-1,-1
329,10,1045.23,171.60,94.91,231.33,-1,-1,-1,-1
330,10,1047.90,171.96,89.31,230.49,-1,-1,-1,-1
331,10,1046.28,167.93,91.03,234.78,-1,-1,-1,-1
332,10,1046.60,167.34,89.55,236.31,-1,-1,-1,-1
333,10,1044.85,165.45,91.94,239.73,-1,-1,-1,-1
334,10,1037.86,160.92,93.47,237.45,-1,-1,-1,-1
335,10,1038.04,159.03,91.41,237.83,-1,-1,-1,-1
336,10,1038.29,158.68,89.63,237.64,-1,-1,-1,-1
337,10,1037.51,156.25,90.11,240.59,-1,-1,-1,-1
338,10,1029.77,151.72,93.42,248.32,-1,-1,-1,-1
339,10,1032.61,154.26,87.56,235.26,-1,-1,-1,-1
340,10,1031.91,152.32,86.79,235.61,-1,-1,-1,-1
341,10,1030.64,148.99,88.11,240.24,-1,-1,-1,-1
342,10,1027.98,148.66,93.82,240.68,-1,-1,-1,-1
343,10,1019.86,144.63,96.64,246.06,-1,-1,-1,-1
344,10,1017.84,144.11,99.07,236.55,-1,-1,-1,-1
345,10,1018.06,141.75,97.14,237.86,-1,-1,-1,-1
346,10,1010.55,140.27,99.43,241.77,-1,-1,-1,-1
347,10,1010.41,137.75,97.35,245.98,-1,-1,-1,-1
348,10,1010.49,136.99,96.33,246.74,-1,-1,-1,-1
349,10,1002.87,136.17,98.64,247.55,-1,-1,-1,-1
350,10,1001.78,136.61,99.16,238.45,-1,-1,-1,-1
351,10,1002.69,135.63,95.88,237.43,-1,-1,-1,-1
352,10,998.10,133.63,92.49,240.01,-1,-1,-1,-1
353,10,997.36,131.58,91.04,243.11,-1,-1,-1,-1
354,10,989.70,131.35,94.00,233.64,-1,-1,-1,-1
355,10,988.96,129.94,92.65,233.55,-1,-1,-1,-1
356,10,988.68,127.52,91.95,236.04,-1,-1,-1,-1
357,10,979.76,125.22,96.54,239.93,-1,-1,-1,-1
358,10,976.90,120.57,99.81,246.37,-1,-1,-1,-1
359,10,969.78,120.76,100.81,245.88,-1,-1,-1,-1
360,10,967.74,119.98,101.94,244.68,-1,-1,-1,-1
361,10,962.45,120.66,99.82,244.85,-1,-1,-1,-1
362,10,962.18,118.75,98.24,248.84,-1,-1,-1,-1
363,10,953.80,114.06,100.63,255.68,-1,-1,-1,-1
364,10,949.37,113.49,107.89,255.46,-1,-1,-1,-1
365,10,938.12,105.60,116.69,256.10,-1,-1,-1,-1
366,10,937.71,108.02,115.85,253.06,-1,-1,-1,-1
367,10,936.28,108.12,117.47,266.10,-1,-1,-1,-1
368,10,927.62,108.10,120.65,265.98,-1,-1,-1,-1
370,11,938.34,120.25,83.86,233.93,-1,-1,-1,-1
371,11,937.32,114.75,84.71,240.84,-1,-1,-1,-1
373,12,930.33,116.38,82.44,237.84,-1,-1,-1,-1
374,12,920.21,115.96,89.28,241.82,-1,-1,-1,-1
375,12,915.40,115.07,95.71,241.22,-1,-1,-1,-1
376,12,906.69,116.90,99.26,242.41,-1,-1,-1,-1
377,12,905.43,117.86,99.90,239.30,-1,-1,-1,-1
378,12,897.97,114.64,101.12,242.98,-1,-1,-1,-1
379,12,899.07,118.44,96.54,238.30,-1,-1,-1,-1
380,12,891.23,118.09,98.61,239.91,-1,-1,-1,-1
381,12,888.65,118.45,101.38,237.47,-1,-1,-1,-1
382,12,880.15,116.26,104.73,240.97,-1,-1,-1,-1
383,12,879.72,121.02,103.21,235.46,-1,-1,-1,-1
384,12,873.85,121.03,101.51,237.40,-1,-1,-1,-1
385,12,873.73,123.89,98.87,233.14,-1,-1,-1,-1
386,12,864.62,122.91,103.75,236.14,-1,-1,-1,-1
387,12,863.58,120.27,104.60,239.91,-1,-1,-1,-1
388,12,854.99,122.02,106.51,250.31,-1,-1,-1,-1
389,12,855.74,123.35,103.70,246.01,-1,-1,-1,-1
390,12,845.53,125.43,109.79,242.63,-1,-1,-1,-1
391,12,846.68,124.89,106.68,242.00,-1,-1,-1,-1
392,12,844.71,124.94,109.71,242.06,-1,-1,-1,-1
393,12,836.84,125.56,110.96,244.45,-1,-1,-1,-1
394,12,836.61,128.74,110.24,239.28,-1,-1,-1,-1
395,12,834.32,128.35,114.56,239.85,-1,-1,-1,-1
399,13,840.72,135.41,85.98,226.17,-1,-1,-1,-1
419,14,788.40,170.04,79.32,222.39,-1,-1,-1,-1
420,14,786.96,175.77,80.36,222.52,-1,-1,-1,-1
421,14,787.76,178.23,78.21,219.05,-1,-1,-1,-1
422,14,781.10,179.09,79.71,218.26,-1,-1,-1,-1
423,14,780.91,180.91,79.37,217.17,-1,-1,-1,-1
424,14,777.87,184.24,82.99,221.64,-1,-1,-1,-1
425,14,778.68,186.71,81.07,218.48,-1,-1,-1,-1
426,14,772.29,186.50,81.39,220.02,-1,-1,-1,-1
427,14,771.42,187.90,82.42,218.29,-1,-1,-1,-1
428,14,770.98,189.59,82.76,215.92,-1,-1,-1,-1
429,14,770.16,194.92,83.25,217.16,-1,-1,-1,-1
430,14,770.66,196.81,81.84,215.88,-1,-1,-1,-1
431,14,771.21,197.97,80.28,215.36,-1,-1,-1,-1
432,14,769.85,202.23,83.11,218.80,-1,-1,-1,-1
433,14,771.23,203.77,79.73,217.42,-1,-1,-1,-1
434,14,771.20,205.83,80.49,215.94,-1,-1,-1,-1
435,14,770.71,211.32,81.37,215.11,-1,-1,-1,-1
436,14,770.41,214.31,81.97,211.36,-1,-1,-1,-1
437,14,769.67,215.44,83.02,210.41,-1,-1,-1,-1
438,14,770.46,215.93,81.51,211.16,-1,-1,-1,-1
439,14,769.59,220.72,83.81,213.02,-1,-1,-1,-1
440,14,770.01,222.86,82.66,210.01,-1,-1,-1,-1
441,14,770.72,223.99,81.90,210.59,-1,-1,-1,-1
442,14,769.74,229.13,82.82,211.83,-1,-1,-1,-1
443,14,769.59,231.02,83.19,211.64,-1,-1,-1,-1
444,14,770.22,233.81,82.68,218.20,-1,-1,-1,-1
445,14,770.49,236.60,82.45,214.10,-1,-1,-1,-1
446,14,770.68,239.17,83.22,210.67,-1,-1,-1,-1
447,14,771.16,243.93,83.09,212.56,-1,-1,-1,-1
448,14,771.34,246.72,82.75,209.27,-1,-1,-1,-1
449,14,777.80,248.99,81.77,207.71,-1,-1,-1,-1
450,14,778.08,253.09,82.88,212.13,-1,-1,-1,-1
451,14,779.87,255.48,79.76,209.99,-1,-1,-1,-1
452,14,780.74,255.97,78.71,211.24,-1,-1,-1,-1
453,14,780.24,261.59,80.83,211.18,-1,-1,-1,-1
454,14,779.45,263.44,83.29,210.13,-1,-1,-1,-1
455,14,779.37,268.10,82.89,214.55,-1,-1,-1,-1
456,14,786.90,270.12,81.03,213.06,-1,-1,-1,-1
457,14,787.19,272.61,81.73,209.44,-1,-1,-1,-1
458,14,786.82,278.49,83.10,208.56,-1,-1,-1,-1
459,14,786.86,280.74,83.67,206.48,-1,-1,-1,-1
460,14,793.68,281.69,82.54,206.59,-1,-1,-1,-1
461,14,794.48,287.47,82.77,207.10,-1,-1,-1,-1
462,14,795.62,290.17,81.02,205.13,-1,-1,-1,-1
463,14,795.43,296.30,82.42,205.62,-1,-1,-1,-1
464,14,795.58,296.84,82.34,208.03,-1,-1,-1,-1
465,14,801.39,302.57,83.99,208.77,-1,-1,-1,-1
466,14,801.81,304.21,84.00,209.08,-1,-1,-1,-1
467,14,803.01,311.05,82.02,208.33,-1,-1,-1,-1
468,14,809.53,313.33,82.05,206.30,-1,-1,-1,-1
469,14,810.27,318.92,82.81,206.87,-1,-1,-1,-1
470,14,812.05,319.87,81.66,209.54,-1,-1,-1,-1
471,14,818.66,320.09,81.32,210.65,-1,-1,-1,-1
472,14,819.88,326.88,81.35,209.23,-1,-1,-1,-1
473,14,819.98,329.06,81.52,207.61,-1,-1,-1,-1
474,14,825.30,334.39,82.62,208.21,-1,-1,-1,-1
475,14,827.03,336.39,82.03,205.90,-1,-1,-1,-1
476,14,834.10,337.73,81.74,204.89,-1,-1,-1,-1
477,14,834.05,340.90,83.64,200.03,-1,-1,-1,-1
478,14,833.97,347.16,84.76,199.30,-1,-1,-1,-1
479,14,840.36,349.37,84.96,197.59,-1,-1,-1,-1
480,14,841.34,349.90,85.60,197.18,-1,-1,-1,-1
481,14,842.07,355.87,85.59,198.93,-1,-1,-1,-1
482,14,849.87,359.19,83.62,194.19,-1,-1,-1,-1
483,14,850.29,362.51,84.45,200.54,-1,-1,-1,-1
484,14,857.56,362.97,83.71,201.65,-1,-1,-1,-1
485,14,857.34,366.91,86.16,192.95,-1,-1,-1,-1
486,14,864.20,370.78,85.76,185.72,-1,-1,-1,-1
487,14,863.42,374.08,89.56,179.11,-1,-1,-1,-1
488,14,871.22,374.59,87.73,164.62,-1,-1,-1,-1
489,14,875.74,378.94,81.60,155.34,-1,-1,-1,-1
490,14,884.09,382.43,78.73,148.78,-1,-1,-1,-1
491,14,884.81,387.02,79.21,152.87,-1,-1,-1,-1
492,14,892.34,390.42,78.26,146.26,-1,-1,-1,-1
443,15,762.39,607.06,98.72,226.10,-1,-1,-1,-1
444,15,765.13,611.11,93.54,217.45,-1,-1,-1,-1
445,15,765.06,611.88,93.61,216.60,-1,-1,-1,-1
446,15,762.04,603.05,100.38,220.18,-1,-1,-1,-1
447,15,759.32,602.94,105.99,219.29,-1,-1,-1,-1
448,15,758.56,606.74,107.74,210.77,-1,-1,-1,-1
449,15,758.47,608.86,108.60,205.03,-1,-1,-1,-1
450,15,757.60,604.89,110.22,201.29,-1,-1,-1,-1
451,15,765.19,603.74,107.37,202.58,-1,-1,-1,-1
452,15,765.46,602.13,108.01,203.51,-1,-1,-1,-1
453,15,766.02,602.73,107.33,201.27,-1,-1,-1,-1
454,15,767.05,602.10,106.25,201.31,-1,-1,-1,-1
455,15,768.55,595.23,103.30,203.56,-1,-1,-1,-1
456,15,770.54,597.09,100.19,197.61,-1,-1,-1,-1
457,15,770.73,595.12,99.22,199.60,-1,-1,-1,-1
458,15,772.53,589.73,96.76,200.36,-1,-1,-1,-1
459,15,771.42,588.84,99.53,200.31,-1,-1,-1,-1
460,15,779.57,586.53,94.82,201.78,-1,-1,-1,-1
461,15,782.26,584.92,91.64,203.06,-1,-1,-1,-1
462,15,783.40,579.42,91.34,204.15,-1,-1,-1,-1
463,15,783.57,578.04,91.62,203.78,-1,-1,-1,-1
464,15,790.41,572.81,90.10,201.70,-1,-1,-1,-1
465,15,791.24,569.55,91.66,205.97,-1,-1,-1,-1
466,15,796.90,567.42,91.76,208.58,-1,-1,-1,-1
467,15,797.84,563.45,91.88,213.64,-1,-1,-1,-1
468,15,799.59,559.59,90.47,207.30,-1,-1,-1,-1
469,15,797.53,555.14,94.86,203.79,-1,-1,-1,-1
470,15,795.30,552.42,99.70,204.95,-1,-1,-1,-1
471,15,802.94,548.78,97.30,200.12,-1,-1,-1,-1
472,15,804.27,543.97,98.51,206.45,-1,-1,-1,-1
473,15,809.81,540.78,97.57,201.35,-1,-1,-1,-1
474,15,812.06,536.42,98.08,204.22,-1,-1,-1,-1
475,15,813.31,533.58,96.69,199.44,-1,-1,-1,-1
476,15,819.87,526.82,95.08,207.26,-1,-1,-1,-1
477,15,820.91,522.79,97.42,206.16,-1,-1,-1,-1
478,15,824.90,522.20,100.85,204.46,-1,-1,-1,-1
479,15,827.84,519.50,99.30,204.81,-1,-1,-1,-1
480,15,835.98,516.49,95.57,201.44,-1,-1,-1,-1
481,15,841.33,511.59,88.75,206.09,-1,-1,-1,-1
482,15,846.13,507.34,89.61,203.94,-1,-1,-1,-1
483,15,847.86,504.90,89.62,205.17,-1,-1,-1,-1
484,15,848.59,503.50,89.90,204.12,-1,-1,-1,-1
485,15,855.99,497.86,87.09,205.54,-1,-1,-1,-1
486,15,857.53,495.06,87.82,205.83,-1,-1,-1,-1
487,15,862.48,489.80,88.80,206.45,-1,-1,-1,-1
488,15,864.82,488.69,87.73,202.70,-1,-1,-1,-1
489,15,870.89,484.20,87.64,203.35,-1,-1,-1,-1
490,15,872.92,481.10,87.88,204.60,-1,-1,-1,-1
491,15,880.54,476.12,83.90,203.54,-1,-1,-1,-1
492,15,883.19,473.95,81.98,202.95,-1,-1,-1,-1
493,15,884.07,472.10,83.01,202.83,-1,-1,-1,-1
494,15,890.66,464.35,82.23,205.07,-1,-1,-1,-1
495,15,891.59,406.99,82.00,258.92,-1,-1,-1,-1
495,16,892.39,453.87,81.65,212.42,-1,-1,-1,-1
496,16,898.01,456.33,82.15,204.29,-1,-1,-1,-1
497,16,899.60,446.84,82.57,211.06,-1,-1,-1,-1
498,16,906.02,445.72,82.57,208.34,-1,-1,-1,-1
499,16,908.29,425.91,80.83,222.92,-1,-1,-1,-1
500,16,913.15,438.67,84.20,206.86,-1,-1,-1,-1
