1,1,560.69,796.72,245.56,349.75,-1,-1,-1,-1
2,1,549.77,796.15,268.30,354.73,-1,-1,-1,-1
3,1,544.31,795.77,279.31,361.35,-1,-1,-1,-1
4,1,539.22,795.63,289.54,362.18,-1,-1,-1,-1
5,1,534.46,795.37,299.10,363.11,-1,-1,-1,-1
6,1,530.58,795.00,306.91,364.64,-1,-1,-1,-1
7,1,530.47,795.14,307.12,367.25,-1,-1,-1,-1
8,1,531.21,794.85,305.60,366.68,-1,-1,-1,-1
9,1,531.71,794.80,304.59,365.12,-1,-1,-1,-1
10,1,532.07,794.64,303.87,366.57,-1,-1,-1,-1
11,1,532.30,794.74,303.42,367.33,-1,-1,-1,-1
12,1,531.89,794.67,304.25,372.79,-1,-1,-1,-1
13,1,531.94,794.83,304.16,371.62,-1,-1,-1,-1
14,1,531.67,794.88,304.70,373.04,-1,-1,-1,-1
15,1,531.59,795.10,304.88,377.22,-1,-1,-1,-1
16,1,530.82,795.39,306.47,382.65,-1,-1,-1,-1
17,1,530.78,795.53,306.51,382.00,-1,-1,-1,-1
18,1,530.89,795.67,306.30,380.10,-1,-1,-1,-1
19,1,525.93,796.09,300.17,374.65,-1,-1,-1,-1
20,1,525.01,795.53,302.07,381.96,-1,-1,-1,-1
21,1,524.63,795.69,302.90,380.94,-1,-1,-1,-1
22,1,524.63,796.16,303.01,375.96,-1,-1,-1,-1
23,1,524.09,796.24,304.08,382.04,-1,-1,-1,-1
24,1,523.60,796.39,305.10,380.24,-1,-1,-1,-1
25,1,522.18,796.65,307.95,386.85,-1,-1,-1,-1
26,1,522.60,796.58,307.14,376.46,-1,-1,-1,-1
27,1,522.79,796.77,306.73,373.77,-1,-1,-1,-1
28,1,522.31,796.69,307.73,372.39,-1,-1,-1,-1
29,1,521.72,796.82,308.93,371.79,-1,-1,-1,-1
30,1,520.86,796.83,310.68,371.46,-1,-1,-1,-1
31,1,521.32,797.01,309.80,361.57,-1,-1,-1,-1
32,1,521.09,796.87,310.20,364.84,-1,-1,-1,-1
33,1,520.52,796.96,311.42,356.69,-1,-1,-1,-1
34,1,520.50,796.58,311.38,357.05,-1,-1,-1,-1
35,1,520.79,796.35,310.76,355.69,-1,-1,-1,-1
36,1,521.16,796.19,309.98,353.24,-1,-1,-1,-1
37,1,521.90,795.94,308.47,358.13,-1,-1,-1,-1
38,1,521.90,795.97,308.40,354.37,-1,-1,-1,-1
39,1,520.64,796.13,311.14,352.88,-1,-1,-1,-1
40,1,520.54,796.04,311.36,351.45,-1,-1,-1,-1
41,1,521.31,795.85,309.66,350.34,-1,-1,-1,-1
42,1,520.90,795.46,310.44,354.48,-1,-1,-1,-1
43,1,521.10,795.47,310.19,346.11,-1,-1,-1,-1
44,1,521.46,795.56,309.52,344.68,-1,-1,-1,-1
45,1,522.66,795.49,307.40,337.31,-1,-1,-1,-1
46,1,523.76,795.45,305.03,336.97,-1,-1,-1,-1
47,1,524.74,782.50,303.17,350.00,-1,-1,-1,-1
48,1,521.89,781.88,308.73,347.89,-1,-1,-1,-1
49,1,521.46,782.47,309.39,351.65,-1,-1,-1,-1
50,1,523.35,782.65,305.76,350.08,-1,-1,-1,-1
51,1,523.63,795.54,305.15,336.07,-1,-1,-1,-1
52,1,527.91,795.49,296.55,336.13,-1,-1,-1,-1
53,1,528.09,795.59,296.15,338.03,-1,-1,-1,-1
54,1,530.55,782.40,291.14,353.77,-1,-1,-1,-1
55,1,531.77,782.61,288.63,350.11,-1,-1,-1,-1
56,1,532.06,782.60,287.98,347.64,-1,-1,-1,-1
57,1,534.13,783.17,283.91,343.67,-1,-1,-1,-1
58,1,538.86,783.11,274.27,344.86,-1,-1,-1,-1
59,1,538.13,782.73,275.49,349.76,-1,-1,-1,-1
60,1,538.66,782.88,274.37,349.64,-1,-1,-1,-1
61,1,540.13,782.24,271.53,345.47,-1,-1,-1,-1
62,1,543.82,783.00,264.12,339.78,-1,-1,-1,-1
63,1,544.09,782.82,263.58,339.36,-1,-1,-1,-1
64,1,544.69,782.49,262.16,341.02,-1,-1,-1,-1
65,1,543.54,782.28,264.57,343.61,-1,-1,-1,-1
66,1,543.61,783.27,264.47,340.20,-1,-1,-1,-1
67,1,543.52,783.35,264.71,336.70,-1,-1,-1,-1
68,1,543.18,784.03,265.60,337.32,-1,-1,-1,-1
69,1,541.42,797.21,269.06,320.64,-1,-1,-1,-1
70,1,545.61,798.59,261.00,320.59,-1,-1,-1,-1
71,1,544.23,799.86,263.87,321.98,-1,-1,-1,-1
72,1,542.00,813.34,268.53,312.74,-1,-1,-1,-1
73,1,545.96,813.05,260.84,308.54,-1,-1,-1,-1
74,1,546.50,812.94,259.69,303.37,-1,-1,-1,-1
75,1,546.44,813.37,259.88,307.54,-1,-1,-1,-1
76,1,547.36,812.37,257.93,307.29,-1,-1,-1,-1
77,1,547.53,812.25,257.51,310.65,-1,-1,-1,-1
78,1,549.61,799.61,253.04,330.64,-1,-1,-1,-1
79,1,550.69,798.71,250.78,334.56,-1,-1,-1,-1
80,1,551.52,797.32,249.23,334.19,-1,-1,-1,-1
81,1,552.06,795.85,248.10,333.21,-1,-1,-1,-1
82,1,551.83,795.34,248.17,341.66,-1,-1,-1,-1
83,1,551.73,795.52,248.33,343.49,-1,-1,-1,-1
84,1,553.57,783.13,244.67,353.66,-1,-1,-1,-1
85,1,551.46,795.89,248.28,351.16,-1,-1,-1,-1
86,1,549.95,795.72,251.74,350.96,-1,-1,-1,-1
87,1,549.69,796.17,252.20,351.37,-1,-1,-1,-1
88,1,548.96,796.45,253.77,353.76,-1,-1,-1,-1
89,1,548.67,795.96,254.54,351.13,-1,-1,-1,-1
90,1,543.28,795.79,265.23,355.82,-1,-1,-1,-1
91,1,542.70,795.80,266.30,358.20,-1,-1,-1,-1
92,1,542.25,795.48,267.34,356.65,-1,-1,-1,-1
93,1,542.29,795.23,267.16,363.47,-1,-1,-1,-1
94,1,542.05,794.99,267.55,364.66,-1,-1,-1,-1
95,1,541.85,795.54,268.01,365.81,-1,-1,-1,-1
96,1,536.43,795.92,278.78,371.30,-1,-1,-1,-1
97,1,542.66,796.52,281.91,371.76,-1,-1,-1,-1
98,1,541.59,796.73,284.53,369.04,-1,-1,-1,-1
99,1,537.09,796.17,293.56,372.38,-1,-1,-1,-1
100,1,537.25,795.84,293.20,369.07,-1,-1,-1,-1
101,1,536.95,795.73,293.86,367.58,-1,-1,-1,-1
102,1,537.54,795.40,292.69,363.44,-1,-1,-1,-1
103,1,537.03,794.91,293.73,359.93,-1,-1,-1,-1
104,1,537.27,795.37,293.28,358.68,-1,-1,-1,-1
105,1,537.11,795.22,293.66,355.06,-1,-1,-1,-1
106,1,537.30,795.07,293.51,352.58,-1,-1,-1,-1
107,1,535.64,795.46,296.81,354.19,-1,-1,-1,-1
108,1,531.24,795.86,305.63,359.56,-1,-1,-1,-1
109,1,530.68,796.64,306.86,359.60,-1,-1,-1,-1
110,1,531.12,796.63,306.04,353.23,-1,-1,-1,-1
111,1,531.37,796.28,305.50,353.51,-1,-1,-1,-1
112,1,530.95,796.55,306.35,358.22,-1,-1,-1,-1
113,1,531.19,796.56,305.89,359.05,-1,-1,-1,-1
114,1,531.16,796.30,305.91,360.86,-1,-1,-1,-1
115,1,531.05,796.54,306.20,356.24,-1,-1,-1,-1
116,1,531.18,796.43,305.95,356.84,-1,-1,-1,-1
117,1,531.30,796.77,305.73,355.19,-1,-1,-1,-1
118,1,531.25,796.72,305.84,355.94,-1,-1,-1,-1
119,1,530.89,796.68,306.53,359.83,-1,-1,-1,-1
120,1,531.54,796.52,305.19,354.71,-1,-1,-1,-1
121,1,531.68,796.12,304.85,356.14,-1,-1,-1,-1
122,1,531.73,795.95,304.72,356.50,-1,-1,-1,-1
123,1,531.54,795.97,305.12,353.31,-1,-1,-1,-1
124,1,531.96,795.81,304.23,351.72,-1,-1,-1,-1
125,1,531.88,795.93,304.41,351.85,-1,-1,-1,-1
126,1,531.99,795.94,304.17,352.25,-1,-1,-1,-1
127,1,532.03,795.80,304.04,354.31,-1,-1,-1,-1
128,1,531.90,796.08,304.31,352.73,-1,-1,-1,-1
129,1,531.89,795.87,304.32,352.66,-1,-1,-1,-1
130,1,531.91,795.77,304.22,353.15,-1,-1,-1,-1
131,1,531.95,795.54,304.12,354.24,-1,-1,-1,-1
132,1,531.82,795.64,304.36,355.02,-1,-1,-1,-1
133,1,531.95,795.55,304.07,357.71,-1,-1,-1,-1
134,1,531.06,795.79,305.83,361.54,-1,-1,-1,-1
135,1,531.30,795.51,305.30,359.97,-1,-1,-1,-1
136,1,530.95,795.81,306.00,363.14,-1,-1,-1,-1
137,1,530.75,796.07,306.45,362.40,-1,-1,-1,-1
138,1,530.65,796.18,306.63,364.20,-1,-1,-1,-1
139,1,530.85,795.83,306.19,367.25,-1,-1,-1,-1
140,1,531.12,795.83,305.62,367.55,-1,-1,-1,-1
141,1,531.34,795.75,305.16,363.59,-1,-1,-1,-1
142,1,530.93,795.70,305.96,364.62,-1,-1,-1,-1
143,1,524.63,796.71,302.80,361.64,-1,-1,-1,-1
144,1,525.92,795.66,300.16,360.13,-1,-1,-1,-1
145,1,525.54,795.71,300.94,360.91,-1,-1,-1,-1
146,1,526.00,795.59,300.00,358.04,-1,-1,-1,-1
147,1,525.51,795.76,300.97,358.70,-1,-1,-1,-1
148,1,525.77,795.28,300.51,355.61,-1,-1,-1,-1
149,1,525.91,795.34,300.21,357.07,-1,-1,-1,-1
150,1,525.95,795.36,300.22,352.97,-1,-1,-1,-1
151,1,525.42,795.74,301.29,351.67,-1,-1,-1,-1
152,1,526.05,796.06,300.25,343.48,-1,-1,-1,-1
153,1,525.64,796.01,301.01,344.34,-1,-1,-1,-1
154,1,524.80,796.76,302.79,344.12,-1,-1,-1,-1
155,1,524.97,796.99,302.54,341.21,-1,-1,-1,-1
156,1,525.25,797.19,301.88,342.50,-1,-1,-1,-1
157,1,524.67,796.89,303.11,343.09,-1,-1,-1,-1
158,1,524.93,797.04,302.80,338.36,-1,-1,-1,-1
159,1,524.99,797.06,302.77,336.43,-1,-1,-1,-1
160,1,524.55,797.30,303.71,335.07,-1,-1,-1,-1
161,1,524.82,797.12,303.10,334.23,-1,-1,-1,-1
162,1,525.43,797.33,301.77,332.33,-1,-1,-1,-1
163,1,524.84,797.67,302.98,326.98,-1,-1,-1,-1
164,1,524.56,797.25,303.51,329.13,-1,-1,-1,-1
165,1,524.47,797.52,303.71,326.89,-1,-1,-1,-1
166,1,525.19,797.44,302.11,326.69,-1,-1,-1,-1
167,1,525.21,797.16,302.12,326.64,-1,-1,-1,-1
168,1,526.00,797.05,300.48,322.83,-1,-1,-1,-1
169,1,525.69,796.79,300.99,319.86,-1,-1,-1,-1
170,1,525.78,796.71,300.79,316.61,-1,-1,-1,-1
171,1,527.87,795.99,296.30,312.68,-1,-1,-1,-1
172,1,528.31,795.73,295.35,312.15,-1,-1,-1,-1
173,1,531.95,795.75,287.91,308.74,-1,-1,-1,-1
174,1,534.02,796.06,283.68,304.95,-1,-1,-1,-1
175,1,538.49,796.62,274.72,302.00,-1,-1,-1,-1
176,1,539.64,796.49,272.33,300.01,-1,-1,-1,-1
177,1,540.33,796.72,270.95,299.89,-1,-1,-1,-1
178,1,539.25,797.59,273.33,302.27,-1,-1,-1,-1
179,1,539.32,797.62,273.31,306.12,-1,-1,-1,-1
180,1,539.48,797.65,272.93,310.01,-1,-1,-1,-1
181,1,540.28,797.39,271.23,309.27,-1,-1,-1,-1
182,1,541.83,796.88,267.94,315.02,-1,-1,-1,-1
183,1,549.14,784.74,253.25,325.97,-1,-1,-1,-1
184,1,549.79,784.24,251.96,326.42,-1,-1,-1,-1
185,1,551.17,783.14,249.32,332.89,-1,-1,-1,-1
186,1,550.51,783.70,250.64,333.46,-1,-1,-1,-1
187,1,551.63,782.66,248.27,338.26,-1,-1,-1,-1
188,1,551.41,782.74,248.81,335.95,-1,-1,-1,-1
189,1,550.47,782.40,250.79,332.25,-1,-1,-1,-1
190,1,549.84,782.05,252.07,336.14,-1,-1,-1,-1
191,1,549.81,782.90,252.14,328.50,-1,-1,-1,-1
192,1,549.21,783.68,253.38,327.76,-1,-1,-1,-1
193,1,548.01,784.33,255.73,328.70,-1,-1,-1,-1
194,1,547.19,784.16,257.14,332.13,-1,-1,-1,-1
195,1,545.74,797.40,259.99,320.53,-1,-1,-1,-1
196,1,545.32,797.56,261.09,327.45,-1,-1,-1,-1
197,1,545.53,797.58,260.69,327.12,-1,-1,-1,-1
198,1,544.71,799.23,262.25,324.85,-1,-1,-1,-1
199,1,544.10,799.83,263.51,323.17,-1,-1,-1,-1
200,1,543.18,811.83,265.11,318.59,-1,-1,-1,-1
201,1,545.75,811.83,260.27,318.12,-1,-1,-1,-1
202,1,545.32,812.05,261.24,320.52,-1,-1,-1,-1
203,1,545.19,810.83,261.38,322.18,-1,-1,-1,-1
204,1,545.27,810.86,261.33,324.33,-1,-1,-1,-1
205,1,545.38,810.58,260.91,326.89,-1,-1,-1,-1
206,1,545.11,810.53,261.34,329.05,-1,-1,-1,-1
207,1,546.97,798.28,258.00,339.41,-1,-1,-1,-1
208,1,542.60,797.79,266.37,342.55,-1,-1,-1,-1
209,1,542.66,798.37,266.20,346.35,-1,-1,-1,-1
210,1,543.04,797.92,265.53,345.65,-1,-1,-1,-1
211,1,543.29,797.93,265.01,346.37,-1,-1,-1,-1
212,1,542.91,797.72,265.74,349.25,-1,-1,-1,-1
213,1,542.38,797.83,266.79,349.10,-1,-1,-1,-1
214,1,542.29,797.92,266.95,353.17,-1,-1,-1,-1
215,1,542.27,798.05,267.03,352.33,-1,-1,-1,-1
216,1,542.22,797.67,267.15,355.61,-1,-1,-1,-1
217,1,542.38,797.01,266.63,360.40,-1,-1,-1,-1
218,1,542.31,797.16,266.75,358.41,-1,-1,-1,-1
219,1,542.53,797.60,266.36,356.67,-1,-1,-1,-1
220,1,542.29,797.70,266.86,357.74,-1,-1,-1,-1
221,1,541.83,797.41,267.76,357.91,-1,-1,-1,-1
222,1,541.41,797.06,268.54,358.89,-1,-1,-1,-1
223,1,541.06,796.83,269.27,360.94,-1,-1,-1,-1
224,1,541.22,796.90,268.95,361.48,-1,-1,-1,-1
225,1,540.99,796.72,269.47,357.26,-1,-1,-1,-1
226,1,540.96,797.11,269.60,353.15,-1,-1,-1,-1
227,1,540.53,797.28,270.49,355.92,-1,-1,-1,-1
228,1,536.18,797.14,279.38,353.10,-1,-1,-1,-1
229,1,536.48,797.15,278.91,349.05,-1,-1,-1,-1
230,1,536.04,797.05,279.70,350.80,-1,-1,-1,-1
231,1,535.92,797.01,280.00,350.13,-1,-1,-1,-1
232,1,535.61,797.12,280.57,354.10,-1,-1,-1,-1
233,1,535.77,797.16,280.31,358.67,-1,-1,-1,-1
234,1,535.83,796.91,280.15,353.98,-1,-1,-1,-1
235,1,535.84,796.97,280.14,351.43,-1,-1,-1,-1
236,1,535.62,797.00,280.64,354.27,-1,-1,-1,-1
237,1,535.64,797.13,280.63,354.14,-1,-1,-1,-1
238,1,535.85,796.97,280.19,354.90,-1,-1,-1,-1
239,1,535.74,796.94,280.43,357.10,-1,-1,-1,-1
240,1,535.65,796.91,280.59,357.36,-1,-1,-1,-1
241,1,535.20,797.09,281.55,361.29,-1,-1,-1,-1
242,1,534.92,797.37,282.13,360.46,-1,-1,-1,-1
243,1,534.91,797.39,282.20,359.02,-1,-1,-1,-1
244,1,534.66,797.71,282.78,359.71,-1,-1,-1,-1
245,1,534.23,797.60,283.64,363.12,-1,-1,-1,-1
246,1,534.18,797.70,283.79,361.00,-1,-1,-1,-1
247,1,534.05,797.58,284.06,360.98,-1,-1,-1,-1
248,1,530.53,797.23,291.15,361.13,-1,-1,-1,-1
249,1,530.72,796.96,290.77,359.31,-1,-1,-1,-1
250,1,530.69,796.91,290.80,358.25,-1,-1,-1,-1
251,1,530.53,796.85,291.12,358.14,-1,-1,-1,-1
252,1,530.49,796.50,291.15,358.98,-1,-1,-1,-1
253,1,530.24,796.47,291.64,360.16,-1,-1,-1,-1
254,1,530.16,796.41,291.77,360.69,-1,-1,-1,-1
255,1,530.47,796.11,291.09,359.09,-1,-1,-1,-1
256,1,530.67,795.94,290.67,357.56,-1,-1,-1,-1
257,1,530.89,795.92,290.24,358.04,-1,-1,-1,-1
258,1,530.61,796.24,290.88,358.97,-1,-1,-1,-1
259,1,530.33,796.29,291.44,361.47,-1,-1,-1,-1
260,1,530.20,796.10,291.64,359.52,-1,-1,-1,-1
261,1,529.85,796.49,292.39,365.51,-1,-1,-1,-1
262,1,529.48,796.64,293.13,368.43,-1,-1,-1,-1
263,1,529.86,796.55,292.32,371.24,-1,-1,-1,-1
264,1,530.19,796.24,291.58,368.97,-1,-1,-1,-1
265,1,530.78,796.10,290.34,367.40,-1,-1,-1,-1
266,1,530.88,795.97,290.11,367.78,-1,-1,-1,-1
267,1,530.55,795.96,290.72,367.73,-1,-1,-1,-1
268,1,530.97,796.08,289.88,367.73,-1,-1,-1,-1
269,1,530.98,796.27,289.85,364.79,-1,-1,-1,-1
270,1,530.93,796.35,289.96,364.41,-1,-1,-1,-1
271,1,530.74,796.11,290.35,361.80,-1,-1,-1,-1
272,1,530.61,796.17,290.60,359.87,-1,-1,-1,-1
273,1,530.47,796.22,290.87,357.59,-1,-1,-1,-1
274,1,530.33,796.48,291.11,359.39,-1,-1,-1,-1
275,1,530.07,796.40,291.65,358.07,-1,-1,-1,-1
276,1,529.94,796.44,291.90,358.41,-1,-1,-1,-1
277,1,529.86,796.46,292.09,360.03,-1,-1,-1,-1
278,1,529.33,796.69,293.18,361.24,-1,-1,-1,-1
279,1,529.28,796.86,293.27,358.12,-1,-1,-1,-1
280,1,529.28,796.85,293.30,358.57,-1,-1,-1,-1
281,1,529.56,796.95,292.77,355.54,-1,-1,-1,-1
282,1,529.71,797.07,292.46,352.05,-1,-1,-1,-1
283,1,530.13,796.77,291.57,347.33,-1,-1,-1,-1
284,1,530.38,796.80,291.25,342.00,-1,-1,-1,-1
285,1,530.89,797.04,290.27,340.33,-1,-1,-1,-1
286,1,530.70,797.05,290.65,337.27,-1,-1,-1,-1
287,1,530.43,796.90,291.17,336.56,-1,-1,-1,-1
288,1,531.10,796.60,289.72,333.85,-1,-1,-1,-1
289,1,523.80,796.76,288.52,338.21,-1,-1,-1,-1
290,1,522.92,796.47,289.92,342.55,-1,-1,-1,-1
291,1,522.83,796.72,290.25,336.49,-1,-1,-1,-1
292,1,522.85,796.32,290.12,332.26,-1,-1,-1,-1
293,1,523.34,796.68,289.11,325.25,-1,-1,-1,-1
294,1,523.54,796.44,288.66,320.76,-1,-1,-1,-1
295,1,523.95,796.78,287.80,314.95,-1,-1,-1,-1
296,1,524.07,796.75,287.52,309.27,-1,-1,-1,-1
297,1,525.19,796.47,285.11,302.84,-1,-1,-1,-1
298,1,526.24,795.84,283.01,304.36,-1,-1,-1,-1
299,1,526.97,795.70,281.43,304.21,-1,-1,-1,-1
300,1,532.00,796.04,271.35,302.04,-1,-1,-1,-1
301,1,533.16,796.04,269.06,300.64,-1,-1,-1,-1
302,1,537.69,796.83,260.08,297.62,-1,-1,-1,-1
303,1,538.04,796.65,259.40,298.25,-1,-1,-1,-1
304,1,538.51,796.96,258.52,300.41,-1,-1,-1,-1
305,1,538.93,796.77,257.69,302.71,-1,-1,-1,-1
306,1,539.65,796.78,256.40,304.55,-1,-1,-1,-1
307,1,539.78,797.12,256.20,306.19,-1,-1,-1,-1
308,1,539.82,797.40,256.12,309.31,-1,-1,-1,-1
309,1,542.22,784.59,251.50,320.39,-1,-1,-1,-1
310,1,543.80,784.49,248.26,321.98,-1,-1,-1,-1
311,1,544.16,784.60,247.58,328.91,-1,-1,-1,-1
312,1,544.74,784.15,246.47,330.35,-1,-1,-1,-1
313,1,544.16,783.75,247.65,333.13,-1,-1,-1,-1
314,1,544.55,783.64,246.94,332.15,-1,-1,-1,-1
315,1,544.50,782.82,247.05,334.05,-1,-1,-1,-1
316,1,545.05,782.06,245.96,334.12,-1,-1,-1,-1
317,1,549.17,782.27,237.66,330.78,-1,-1,-1,-1
318,1,549.90,782.88,236.22,326.83,-1,-1,-1,-1
319,1,548.50,782.41,238.93,330.94,-1,-1,-1,-1
320,1,549.40,783.29,237.02,331.91,-1,-1,-1,-1
321,1,548.81,783.44,238.22,329.83,-1,-1,-1,-1
322,1,548.98,783.62,237.83,338.54,-1,-1,-1,-1
323,1,545.79,798.19,244.08,326.63,-1,-1,-1,-1
324,1,543.80,799.53,248.46,320.95,-1,-1,-1,-1
325,1,541.31,812.18,253.25,317.59,-1,-1,-1,-1
326,1,546.29,812.57,243.52,317.25,-1,-1,-1,-1
327,1,545.92,812.98,244.53,313.84,-1,-1,-1,-1
328,1,545.49,812.80,245.37,317.82,-1,-1,-1,-1
329,1,552.59,812.28,246.20,312.65,-1,-1,-1,-1
330,1,552.20,810.97,247.57,314.32,-1,-1,-1,-1
331,1,552.30,811.07,247.40,315.75,-1,-1,-1,-1
332,1,552.01,811.08,247.98,316.08,-1,-1,-1,-1
333,1,551.17,811.55,249.74,321.44,-1,-1,-1,-1
334,1,551.29,810.95,249.16,326.43,-1,-1,-1,-1
335,1,553.44,798.20,244.69,341.15,-1,-1,-1,-1
336,1,549.20,796.65,253.45,337.69,-1,-1,-1,-1
337,1,549.25,797.03,253.54,336.63,-1,-1,-1,-1
338,1,547.85,796.97,256.08,342.77,-1,-1,-1,-1
339,1,543.95,796.38,263.67,344.51,-1,-1,-1,-1
340,1,543.48,796.46,264.52,347.46,-1,-1,-1,-1
341,1,543.37,796.78,264.64,351.37,-1,-1,-1,-1
342,1,542.41,797.14,266.62,356.52,-1,-1,-1,-1
343,1,542.38,797.08,266.73,355.68,-1,-1,-1,-1
344,1,542.43,797.60,266.70,354.97,-1,-1,-1,-1
345,1,542.17,797.84,267.37,350.56,-1,-1,-1,-1
346,1,541.81,797.95,268.19,354.36,-1,-1,-1,-1
347,1,540.30,810.28,270.97,348.57,-1,-1,-1,-1
348,1,547.43,797.20,272.26,366.89,-1,-1,-1,-1
349,1,541.25,797.35,285.20,361.43,-1,-1,-1,-1
350,1,536.58,797.12,294.59,369.30,-1,-1,-1,-1
351,1,535.97,796.53,295.86,369.11,-1,-1,-1,-1
352,1,536.03,796.67,295.74,367.26,-1,-1,-1,-1
353,1,536.00,796.62,295.82,362.71,-1,-1,-1,-1
354,1,535.62,797.12,296.62,360.23,-1,-1,-1,-1
355,1,535.59,797.26,296.74,357.25,-1,-1,-1,-1
356,1,535.43,797.50,297.10,360.46,-1,-1,-1,-1
357,1,535.37,797.36,297.24,361.97,-1,-1,-1,-1
358,1,535.68,797.28,296.60,361.40,-1,-1,-1,-1
359,1,535.57,796.71,296.74,364.01,-1,-1,-1,-1
360,1,535.49,796.33,296.88,368.19,-1,-1,-1,-1
361,1,535.37,796.14,297.10,370.14,-1,-1,-1,-1
362,1,535.30,796.02,297.27,366.77,-1,-1,-1,-1
363,1,535.38,796.16,297.14,362.37,-1,-1,-1,-1
364,1,535.30,796.10,297.33,365.73,-1,-1,-1,-1
365,1,535.12,796.30,297.70,367.76,-1,-1,-1,-1
366,1,534.96,796.50,298.06,364.44,-1,-1,-1,-1
367,1,530.61,796.57,306.85,368.16,-1,-1,-1,-1
368,1,530.39,796.26,307.26,370.69,-1,-1,-1,-1
369,1,530.16,796.01,307.67,373.68,-1,-1,-1,-1
370,1,530.27,796.12,307.44,373.11,-1,-1,-1,-1
371,1,530.19,795.92,307.61,374.52,-1,-1,-1,-1
372,1,530.00,795.77,307.95,376.41,-1,-1,-1,-1
373,1,530.06,795.69,307.78,378.07,-1,-1,-1,-1
374,1,530.26,795.50,307.39,373.64,-1,-1,-1,-1
375,1,530.37,795.36,307.17,370.81,-1,-1,-1,-1
376,1,530.08,795.45,307.73,372.37,-1,-1,-1,-1
377,1,532.16,783.68,303.81,383.83,-1,-1,-1,-1
378,1,527.70,783.56,312.77,382.90,-1,-1,-1,-1
379,1,527.43,783.82,313.32,381.21,-1,-1,-1,-1
380,1,527.40,783.83,313.40,381.77,-1,-1,-1,-1
381,1,526.98,783.79,314.25,387.12,-1,-1,-1,-1
382,1,523.96,783.48,320.36,386.89,-1,-1,-1,-1
383,1,523.93,783.44,320.47,382.36,-1,-1,-1,-1
384,1,523.42,783.56,321.50,384.97,-1,-1,-1,-1
385,1,522.94,783.56,322.44,385.52,-1,-1,-1,-1
386,1,522.82,783.41,322.63,389.54,-1,-1,-1,-1
387,1,523.02,783.52,322.21,391.07,-1,-1,-1,-1
388,1,522.90,783.55,322.45,393.11,-1,-1,-1,-1
389,1,523.53,783.43,321.17,395.37,-1,-1,-1,-1
390,1,522.72,795.42,322.65,393.43,-1,-1,-1,-1
391,1,526.65,795.35,314.65,389.67,-1,-1,-1,-1
392,1,526.59,795.48,314.88,386.51,-1,-1,-1,-1
393,1,526.82,795.48,314.34,388.47,-1,-1,-1,-1
394,1,526.41,795.50,315.27,386.75,-1,-1,-1,-1
395,1,526.32,795.43,315.38,385.05,-1,-1,-1,-1
396,1,526.62,795.24,314.81,381.02,-1,-1,-1,-1
397,1,526.65,795.12,314.70,378.66,-1,-1,-1,-1
398,1,526.71,795.00,314.58,379.43,-1,-1,-1,-1
399,1,526.03,795.34,316.09,379.05,-1,-1,-1,-1
400,1,526.25,794.96,315.60,375.20,-1,-1,-1,-1
401,1,526.06,795.09,315.98,375.15,-1,-1,-1,-1
402,1,525.52,795.03,317.09,373.44,-1,-1,-1,-1
403,1,525.31,795.39,317.55,369.34,-1,-1,-1,-1
404,1,524.95,795.40,318.26,368.51,-1,-1,-1,-1
405,1,524.21,795.69,319.82,369.77,-1,-1,-1,-1
406,1,523.86,795.44,320.51,366.34,-1,-1,-1,-1
407,1,523.35,795.36,321.46,367.22,-1,-1,-1,-1
408,1,522.64,795.40,322.90,366.39,-1,-1,-1,-1
409,1,516.00,795.69,320.10,368.65,-1,-1,-1,-1
410,1,516.05,795.11,320.09,368.94,-1,-1,-1,-1
411,1,515.17,795.26,321.87,369.17,-1,-1,-1,-1
412,1,515.58,795.36,321.10,365.21,-1,-1,-1,-1
413,1,515.53,795.36,321.15,364.38,-1,-1,-1,-1
414,1,516.08,795.16,319.93,362.41,-1,-1,-1,-1
415,1,515.84,794.67,320.28,363.28,-1,-1,-1,-1
416,1,515.32,794.40,321.29,369.65,-1,-1,-1,-1
417,1,516.49,794.41,318.93,367.15,-1,-1,-1,-1
418,1,517.45,781.44,317.20,379.52,-1,-1,-1,-1
419,1,512.61,781.31,326.95,376.32,-1,-1,-1,-1
420,1,513.50,781.21,325.14,371.55,-1,-1,-1,-1
421,1,513.98,780.65,324.13,367.39,-1,-1,-1,-1
422,1,515.67,780.64,320.71,359.82,-1,-1,-1,-1
423,1,517.23,780.57,317.72,353.18,-1,-1,-1,-1
424,1,516.86,780.92,318.52,354.71,-1,-1,-1,-1
425,1,517.52,781.17,317.14,354.64,-1,-1,-1,-1
426,1,518.34,781.53,315.58,352.14,-1,-1,-1,-1
427,1,518.66,781.90,314.69,357.50,-1,-1,-1,-1
428,1,518.17,782.52,315.67,360.83,-1,-1,-1,-1
429,1,517.24,795.56,317.32,352.55,-1,-1,-1,-1
430,1,521.37,795.52,309.22,350.92,-1,-1,-1,-1
431,1,525.29,796.42,301.41,350.26,-1,-1,-1,-1
432,1,527.00,796.51,297.80,351.93,-1,-1,-1,-1
433,1,530.53,796.97,290.63,358.98,-1,-1,-1,-1
434,1,531.00,796.91,289.59,359.72,-1,-1,-1,-1
435,1,531.93,796.44,287.55,356.76,-1,-1,-1,-1
436,1,532.51,796.60,286.34,358.06,-1,-1,-1,-1
437,1,535.51,783.68,280.65,372.05,-1,-1,-1,-1
438,1,536.02,783.45,279.42,370.00,-1,-1,-1,-1
439,1,536.69,783.19,278.04,367.07,-1,-1,-1,-1
440,1,537.14,782.53,277.05,367.69,-1,-1,-1,-1
441,1,537.75,782.45,276.02,361.66,-1,-1,-1,-1
442,1,537.20,782.39,277.20,359.42,-1,-1,-1,-1
443,1,537.51,782.51,276.26,365.09,-1,-1,-1,-1
444,1,537.59,782.77,276.05,365.14,-1,-1,-1,-1
445,1,537.09,783.30,277.08,365.41,-1,-1,-1,-1
446,1,536.71,783.69,277.77,365.83,-1,-1,-1,-1
447,1,535.62,797.03,279.66,359.41,-1,-1,-1,-1
448,1,538.54,797.91,274.08,360.37,-1,-1,-1,-1
449,1,537.30,798.75,276.82,362.17,-1,-1,-1,-1
450,1,537.31,799.13,277.03,359.30,-1,-1,-1,-1
451,1,537.36,799.21,277.01,357.20,-1,-1,-1,-1
452,1,535.58,811.82,280.40,348.58,-1,-1,-1,-1
453,1,539.82,811.83,272.08,351.01,-1,-1,-1,-1
454,1,539.93,811.81,271.83,349.48,-1,-1,-1,-1
455,1,541.86,799.92,268.25,357.14,-1,-1,-1,-1
456,1,543.07,798.76,265.72,357.36,-1,-1,-1,-1
457,1,542.83,798.69,266.15,360.54,-1,-1,-1,-1
458,1,542.29,798.44,267.23,358.88,-1,-1,-1,-1
459,1,542.42,797.92,266.86,361.61,-1,-1,-1,-1
460,1,543.16,796.80,265.28,357.64,-1,-1,-1,-1
461,1,543.25,796.22,265.06,354.99,-1,-1,-1,-1
462,1,542.52,796.68,266.57,356.96,-1,-1,-1,-1
463,1,541.77,796.51,268.06,358.24,-1,-1,-1,-1
464,1,540.74,797.47,270.22,360.50,-1,-1,-1,-1
465,1,535.92,797.39,279.83,366.33,-1,-1,-1,-1
466,1,536.52,797.03,278.64,367.43,-1,-1,-1,-1
467,1,537.14,796.60,277.47,365.69,-1,-1,-1,-1
468,1,537.22,796.74,277.43,367.62,-1,-1,-1,-1
469,1,536.79,796.92,278.38,364.92,-1,-1,-1,-1
470,1,536.18,797.14,279.63,367.79,-1,-1,-1,-1
471,1,535.49,797.59,280.93,372.15,-1,-1,-1,-1
472,1,534.51,797.88,282.89,379.80,-1,-1,-1,-1
473,1,534.44,797.74,282.99,383.37,-1,-1,-1,-1
474,1,534.36,797.97,283.20,380.73,-1,-1,-1,-1
475,1,533.80,797.98,284.34,380.87,-1,-1,-1,-1
476,1,528.52,797.79,295.06,384.89,-1,-1,-1,-1
477,1,535.10,797.95,297.67,389.27,-1,-1,-1,-1
478,1,533.74,798.24,300.56,385.77,-1,-1,-1,-1
479,1,529.42,797.69,309.32,382.06,-1,-1,-1,-1
480,1,529.16,797.39,309.81,378.31,-1,-1,-1,-1
481,1,528.89,797.73,310.50,374.29,-1,-1,-1,-1
482,1,528.73,797.86,310.82,374.43,-1,-1,-1,-1
483,1,528.70,798.09,310.91,375.20,-1,-1,-1,-1
484,1,528.84,797.97,310.67,372.96,-1,-1,-1,-1
485,1,528.75,797.83,310.81,374.73,-1,-1,-1,-1
486,1,528.27,797.86,311.74,374.34,-1,-1,-1,-1
487,1,528.52,797.55,311.23,375.37,-1,-1,-1,-1
488,1,528.10,797.60,312.05,378.52,-1,-1,-1,-1
489,1,528.34,797.27,311.56,381.48,-1,-1,-1,-1
490,1,528.26,797.28,311.69,382.14,-1,-1,-1,-1
491,1,528.41,797.06,311.43,379.38,-1,-1,-1,-1
492,1,528.43,797.09,311.42,377.92,-1,-1,-1,-1
493,1,528.18,797.11,311.93,379.38,-1,-1,-1,-1
494,1,528.26,796.88,311.73,379.01,-1,-1,-1,-1
495,1,527.83,796.81,312.59,380.32,-1,-1,-1,-1
496,1,528.61,796.87,310.99,378.25,-1,-1,-1,-1
497,1,528.87,796.49,310.40,379.62,-1,-1,-1,-1
498,1,528.95,796.33,310.20,377.59,-1,-1,-1,-1
499,1,530.01,795.47,307.99,373.36,-1,-1,-1,-1
500,1,530.73,795.16,306.50,367.18,-1,-1,-1,-1
1,2,1217.62,429.48,85.50,213.50,-1,-1,-1,-1
2,2,1218.29,431.55,84.14,212.96,-1,-1,-1,-1
3,2,1217.40,437.76,85.67,211.67,-1,-1,-1,-1
4,2,1217.21,440.59,86.24,209.54,-1,-1,-1,-1
5,2,1213.73,444.75,93.45,211.28,-1,-1,-1,-1
6,2,1212.41,446.50,96.20,212.79,-1,-1,-1,-1
7,2,1212.74,452.24,95.53,211.83,-1,-1,-1,-1
8,2,1211.71,454.83,96.17,211.56,-1,-1,-1,-1
9,2,1211.00,459.76,98.30,212.98,-1,-1,-1,-1
10,2,1212.22,462.07,96.35,213.00,-1,-1,-1,-1
11,2,1212.94,467.30,94.86,213.76,-1,-1,-1,-1
12,2,1212.39,470.40,95.57,212.07,-1,-1,-1,-1
13,2,1211.40,474.95,96.90,213.55,-1,-1,-1,-1
14,2,1210.89,476.78,97.61,213.98,-1,-1,-1,-1
15,2,1212.31,479.49,94.34,212.62,-1,-1,-1,-1
16,2,1211.24,485.47,94.89,211.67,-1,-1,-1,-1
17,2,1210.39,487.34,96.91,211.99,-1,-1,-1,-1
18,2,1210.19,492.38,97.82,213.26,-1,-1,-1,-1
19,2,1210.73,495.80,95.33,211.95,-1,-1,-1,-1
20,2,1210.35,501.02,95.73,211.86,-1,-1,-1,-1
21,2,1206.31,503.89,94.50,210.96,-1,-1,-1,-1
22,2,1204.82,508.48,95.24,212.03,-1,-1,-1,-1
23,2,1204.63,511.22,94.04,210.39,-1,-1,-1,-1
24,2,1204.98,516.03,92.00,211.01,-1,-1,-1,-1
25,2,1205.98,520.37,87.88,207.77,-1,-1,-1,-1
26,2,1205.96,524.84,87.32,209.24,-1,-1,-1,-1
27,2,1201.64,527.24,87.92,209.09,-1,-1,-1,-1
28,2,1200.68,529.73,87.20,208.60,-1,-1,-1,-1
29,2,1199.64,534.19,87.89,209.45,-1,-1,-1,-1
30,2,1198.84,536.34,87.45,209.40,-1,-1,-1,-1
31,2,1192.70,540.43,90.07,211.86,-1,-1,-1,-1
32,2,1192.80,543.65,88.49,209.48,-1,-1,-1,-1
33,2,1191.89,549.09,89.07,208.81,-1,-1,-1,-1
34,2,1190.54,550.73,89.59,208.22,-1,-1,-1,-1
35,2,1188.35,552.79,92.53,208.71,-1,-1,-1,-1
36,2,1188.22,555.44,91.37,212.77,-1,-1,-1,-1
37,2,1184.16,558.75,89.89,210.07,-1,-1,-1,-1
38,2,1183.51,560.83,89.53,209.15,-1,-1,-1,-1
39,2,1182.32,565.19,90.18,211.17,-1,-1,-1,-1
40,2,1180.42,566.73,92.70,212.21,-1,-1,-1,-1
41,2,1172.52,569.51,97.63,216.40,-1,-1,-1,-1
42,2,1172.47,572.21,96.66,214.94,-1,-1,-1,-1
43,2,1172.14,574.42,96.15,214.09,-1,-1,-1,-1
44,2,1171.98,579.97,95.08,214.19,-1,-1,-1,-1
45,2,1169.45,580.53,98.89,216.36,-1,-1,-1,-1
46,2,1170.24,584.39,96.67,219.47,-1,-1,-1,-1
47,2,1170.75,586.89,94.92,217.93,-1,-1,-1,-1
48,2,1165.12,592.24,94.82,220.30,-1,-1,-1,-1
49,2,1163.95,595.48,95.05,217.13,-1,-1,-1,-1
50,2,1157.30,595.38,95.59,219.58,-1,-1,-1,-1
51,2,1157.27,601.33,93.26,219.01,-1,-1,-1,-1
52,2,1156.29,604.45,94.20,216.68,-1,-1,-1,-1
53,2,1156.73,609.49,91.67,218.30,-1,-1,-1,-1
54,2,1152.21,612.59,89.21,215.27,-1,-1,-1,-1
55,2,1150.09,613.66,91.94,215.77,-1,-1,-1,-1
56,2,1148.82,618.72,93.37,216.99,-1,-1,-1,-1
57,2,1141.92,619.39,94.29,218.90,-1,-1,-1,-1
58,2,1142.34,625.30,91.51,217.95,-1,-1,-1,-1
59,2,1142.05,628.46,90.60,214.59,-1,-1,-1,-1
60,2,1140.79,629.65,91.48,214.94,-1,-1,-1,-1
61,2,1134.93,634.49,91.36,217.19,-1,-1,-1,-1
62,2,1134.00,637.22,90.60,214.34,-1,-1,-1,-1
63,2,1129.26,637.84,87.97,215.03,-1,-1,-1,-1
64,2,1127.28,644.91,88.38,212.48,-1,-1,-1,-1
65,2,1125.21,646.17,91.26,212.43,-1,-1,-1,-1
66,2,1119.37,646.54,91.39,214.06,-1,-1,-1,-1
67,2,1116.53,651.53,93.98,215.53,-1,-1,-1,-1
68,2,1114.77,652.94,95.59,214.83,-1,-1,-1,-1
69,2,1109.09,656.83,94.77,218.52,-1,-1,-1,-1
70,2,1107.82,659.50,94.60,215.58,-1,-1,-1,-1
71,2,1106.08,661.60,96.23,213.90,-1,-1,-1,-1
72,2,1101.02,665.34,94.98,217.46,-1,-1,-1,-1
73,2,1099.66,667.59,95.17,214.57,-1,-1,-1,-1
74,2,1094.09,669.39,94.50,212.79,-1,-1,-1,-1
75,2,1091.20,670.30,96.31,212.82,-1,-1,-1,-1
76,2,1090.64,672.20,95.36,210.81,-1,-1,-1,-1
77,2,1085.68,675.94,94.91,213.62,-1,-1,-1,-1
78,2,1082.04,677.81,98.41,213.43,-1,-1,-1,-1
79,2,1081.80,680.10,96.23,210.54,-1,-1,-1,-1
80,2,1076.29,683.36,95.50,213.89,-1,-1,-1,-1
81,2,1074.67,684.28,95.44,213.61,-1,-1,-1,-1
82,2,1068.13,684.33,97.50,215.54,-1,-1,-1,-1
83,2,1067.31,686.61,95.49,213.33,-1,-1,-1,-1
84,2,1063.78,691.67,91.41,213.10,-1,-1,-1,-1
85,2,1062.17,693.74,89.85,212.18,-1,-1,-1,-1
86,2,1060.88,694.40,90.24,210.99,-1,-1,-1,-1
87,2,1055.70,694.07,90.14,213.79,-1,-1,-1,-1
88,2,1053.06,696.19,91.06,210.51,-1,-1,-1,-1
89,2,1048.51,699.58,89.23,213.04,-1,-1,-1,-1
90,2,1047.39,700.41,88.06,213.35,-1,-1,-1,-1
91,2,1045.41,703.08,89.43,210.23,-1,-1,-1,-1
92,2,1039.96,703.88,89.84,211.35,-1,-1,-1,-1
93,2,1039.06,705.24,87.30,209.29,-1,-1,-1,-1
94,2,1033.16,707.24,87.90,214.48,-1,-1,-1,-1
95,2,1030.41,710.00,89.54,211.94,-1,-1,-1,-1
96,2,1025.44,710.27,88.13,210.93,-1,-1,-1,-1
97,2,1023.34,712.15,88.28,208.52,-1,-1,-1,-1
98,2,1022.34,713.29,87.81,207.78,-1,-1,-1,-1
99,2,1015.95,713.60,88.99,216.96,-1,-1,-1,-1
100,2,1015.71,715.96,86.56,212.96,-1,-1,-1,-1
101,2,1010.05,716.01,86.46,214.54,-1,-1,-1,-1
102,2,1008.27,716.99,86.91,212.54,-1,-1,-1,-1
103,2,1006.29,717.39,87.39,212.73,-1,-1,-1,-1
104,2,999.54,717.31,89.07,213.42,-1,-1,-1,-1
105,2,998.72,718.78,87.33,212.15,-1,-1,-1,-1
106,2,992.86,719.46,87.81,212.53,-1,-1,-1,-1
107,2,991.30,723.17,86.01,213.42,-1,-1,-1,-1
108,2,984.25,722.62,89.15,215.59,-1,-1,-1,-1
109,2,982.69,724.40,87.99,213.67,-1,-1,-1,-1
110,2,977.16,724.28,87.58,214.65,-1,-1,-1,-1
111,2,974.91,724.77,88.68,212.58,-1,-1,-1,-1
112,2,967.87,725.50,90.35,213.71,-1,-1,-1,-1
113,2,967.17,726.85,87.57,210.06,-1,-1,-1,-1
114,2,961.86,726.06,87.13,212.48,-1,-1,-1,-1
115,2,959.26,728.26,88.32,209.15,-1,-1,-1,-1
116,2,953.12,727.45,88.24,212.12,-1,-1,-1,-1
117,2,951.51,727.99,87.79,211.77,-1,-1,-1,-1
118,2,946.12,727.76,86.65,213.08,-1,-1,-1,-1
119,2,943.53,728.45,87.85,211.14,-1,-1,-1,-1
120,2,938.48,732.73,86.30,211.02,-1,-1,-1,-1
121,2,936.56,732.80,86.31,211.17,-1,-1,-1,-1
122,2,935.57,732.32,85.92,212.17,-1,-1,-1,-1
123,2,929.24,731.36,87.76,214.13,-1,-1,-1,-1
124,2,927.83,733.22,86.50,209.65,-1,-1,-1,-1
125,2,921.40,731.88,87.46,213.53,-1,-1,-1,-1
126,2,920.97,732.65,85.28,211.80,-1,-1,-1,-1
127,2,917.36,732.36,81.25,212.02,-1,-1,-1,-1
128,2,914.83,733.45,82.01,209.46,-1,-1,-1,-1
129,2,913.39,734.00,81.00,210.08,-1,-1,-1,-1
130,2,907.47,732.46,81.90,212.37,-1,-1,-1,-1
131,2,906.26,733.46,80.04,211.08,-1,-1,-1,-1
132,2,899.14,732.75,83.16,211.32,-1,-1,-1,-1
133,2,897.01,732.14,82.20,212.53,-1,-1,-1,-1
134,2,891.21,730.90,83.24,214.91,-1,-1,-1,-1
135,2,890.55,731.14,81.30,213.99,-1,-1,-1,-1
136,2,884.13,730.87,82.65,214.33,-1,-1,-1,-1
137,2,882.07,733.16,81.83,209.73,-1,-1,-1,-1
138,2,875.57,730.50,83.50,214.75,-1,-1,-1,-1
139,2,874.10,728.75,82.43,210.16,-1,-1,-1,-1
140,2,868.50,726.91,82.40,213.99,-1,-1,-1,-1
141,2,865.43,728.98,83.53,208.34,-1,-1,-1,-1
142,2,859.38,726.44,84.32,212.33,-1,-1,-1,-1
143,2,856.14,727.35,87.16,210.75,-1,-1,-1,-1
144,2,855.04,724.92,87.33,213.99,-1,-1,-1,-1
145,2,849.12,727.06,86.97,209.19,-1,-1,-1,-1
146,2,847.68,726.00,86.62,210.48,-1,-1,-1,-1
147,2,841.82,725.39,84.84,211.70,-1,-1,-1,-1
148,2,842.05,719.23,82.64,212.02,-1,-1,-1,-1
149,2,837.07,724.69,79.56,211.60,-1,-1,-1,-1
150,2,835.15,720.96,80.14,208.99,-1,-1,-1,-1
151,2,829.38,719.51,79.34,210.44,-1,-1,-1,-1
152,2,828.08,719.06,79.02,210.26,-1,-1,-1,-1
153,2,821.03,717.13,79.96,213.61,-1,-1,-1,-1
154,2,820.18,719.35,78.92,207.80,-1,-1,-1,-1
155,2,812.61,712.48,80.78,209.54,-1,-1,-1,-1
156,2,811.42,711.89,79.91,209.41,-1,-1,-1,-1
157,2,804.47,710.55,80.63,211.31,-1,-1,-1,-1
158,2,802.95,709.59,81.46,211.53,-1,-1,-1,-1
159,2,802.72,703.74,80.34,210.90,-1,-1,-1,-1
160,2,797.79,703.26,77.86,211.27,-1,-1,-1,-1
161,2,798.36,702.85,73.16,210.93,-1,-1,-1,-1
162,2,792.64,700.21,71.91,215.95,-1,-1,-1,-1
163,2,791.44,700.34,71.08,214.53,-1,-1,-1,-1
164,2,785.45,691.39,71.18,219.68,-1,-1,-1,-1
15,3,963.41,138.82,80.98,216.95,-1,-1,-1,-1
19,4,980.05,139.28,79.51,216.96,-1,-1,-1,-1
20,4,978.17,141.07,85.69,216.08,-1,-1,-1,-1
21,4,984.60,143.87,86.48,221.99,-1,-1,-1,-1
22,4,989.98,146.13,90.23,220.16,-1,-1,-1,-1
23,4,989.20,144.60,94.95,223.21,-1,-1,-1,-1
24,4,995.62,146.33,94.40,220.57,-1,-1,-1,-1
25,4,998.25,144.99,92.28,223.37,-1,-1,-1,-1
26,4,997.45,147.49,94.86,229.68,-1,-1,-1,-1
27,4,1003.93,149.41,95.01,227.46,-1,-1,-1,-1
28,4,1004.58,151.03,95.78,226.55,-1,-1,-1,-1
29,4,1013.55,151.42,91.49,225.80,-1,-1,-1,-1
30,4,1013.15,152.35,94.84,224.18,-1,-1,-1,-1
31,4,1019.28,154.48,95.38,220.75,-1,-1,-1,-1
32,4,1021.23,156.48,93.44,216.71,-1,-1,-1,-1
33,4,1020.03,157.96,96.84,225.88,-1,-1,-1,-1
34,4,1028.47,160.02,93.85,222.80,-1,-1,-1,-1
35,4,1028.64,159.98,96.28,224.63,-1,-1,-1,-1
36,4,1036.86,162.59,92.82,219.86,-1,-1,-1,-1
37,4,1037.67,164.25,93.49,217.34,-1,-1,-1,-1
38,4,1036.98,165.55,95.17,228.07,-1,-1,-1,-1
61,5,1113.97,219.06,83.33,200.75,-1,-1,-1,-1
62,5,1112.05,220.23,89.92,200.09,-1,-1,-1,-1
63,5,1117.08,221.65,91.75,198.92,-1,-1,-1,-1
64,5,1117.10,225.85,94.27,202.29,-1,-1,-1,-1
65,5,1122.07,227.53,98.11,200.55,-1,-1,-1,-1
66,5,1123.38,228.30,97.17,201.04,-1,-1,-1,-1
67,5,1122.14,234.09,99.93,202.71,-1,-1,-1,-1
68,5,1124.13,234.29,97.09,204.55,-1,-1,-1,-1
69,5,1131.96,238.72,94.21,209.45,-1,-1,-1,-1
70,5,1132.08,239.21,95.62,210.54,-1,-1,-1,-1
71,5,1132.58,243.48,95.93,215.49,-1,-1,-1,-1
72,5,1140.98,247.48,93.13,208.56,-1,-1,-1,-1
73,5,1143.68,250.40,89.25,204.94,-1,-1,-1,-1
74,5,1149.37,255.28,91.50,208.63,-1,-1,-1,-1
75,5,1150.28,256.47,91.17,208.14,-1,-1,-1,-1
76,5,1150.21,260.41,91.89,201.45,-1,-1,-1,-1
77,5,1150.23,265.90,92.51,201.82,-1,-1,-1,-1
78,5,1157.03,268.54,92.74,198.75,-1,-1,-1,-1
79,5,1158.71,268.97,91.07,200.16,-1,-1,-1,-1
80,5,1167.07,274.11,87.60,203.48,-1,-1,-1,-1
81,5,1167.10,275.29,89.37,203.33,-1,-1,-1,-1
82,5,1168.39,280.69,87.09,205.26,-1,-1,-1,-1
83,5,1168.45,282.49,87.33,204.17,-1,-1,-1,-1
84,5,1169.32,285.82,86.47,209.65,-1,-1,-1,-1
85,5,1174.44,288.45,89.28,208.08,-1,-1,-1,-1
86,5,1175.81,295.15,88.04,207.57,-1,-1,-1,-1
87,5,1176.30,295.71,88.03,208.20,-1,-1,-1,-1
88,5,1181.70,302.09,90.12,209.33,-1,-1,-1,-1
89,5,1182.06,301.17,91.44,214.50,-1,-1,-1,-1
90,5,1182.50,303.42,91.08,211.24,-1,-1,-1,-1
91,5,1183.95,310.17,89.29,211.95,-1,-1,-1,-1
92,5,1184.24,312.46,89.04,209.29,-1,-1,-1,-1
93,5,1184.60,319.12,88.44,210.01,-1,-1,-1,-1
94,5,1190.72,320.18,88.92,209.72,-1,-1,-1,-1
95,5,1190.66,326.38,90.52,209.95,-1,-1,-1,-1
96,5,1190.73,327.56,90.69,208.58,-1,-1,-1,-1
97,5,1191.34,329.72,90.51,206.19,-1,-1,-1,-1
98,5,1191.42,335.37,90.30,207.22,-1,-1,-1,-1
99,5,1191.53,336.70,90.54,207.23,-1,-1,-1,-1
100,5,1196.85,337.88,92.89,206.05,-1,-1,-1,-1
101,5,1198.79,345.95,90.48,202.98,-1,-1,-1,-1
102,5,1199.74,347.30,88.45,203.03,-1,-1,-1,-1
103,5,1200.02,351.80,87.89,205.51,-1,-1,-1,-1
104,5,1199.16,354.56,89.51,203.35,-1,-1,-1,-1
105,5,1198.55,355.88,91.21,202.84,-1,-1,-1,-1
106,5,1198.24,362.55,91.53,202.88,-1,-1,-1,-1
107,5,1198.36,362.04,91.67,206.12,-1,-1,-1,-1
108,5,1199.35,367.32,89.63,207.71,-1,-1,-1,-1
109,5,1198.23,369.84,92.69,206.21,-1,-1,-1,-1
110,5,1197.24,375.60,93.75,208.12,-1,-1,-1,-1
111,5,1198.83,377.32,91.59,207.50,-1,-1,-1,-1
112,5,1205.77,382.45,90.13,208.89,-1,-1,-1,-1
113,5,1206.30,384.21,90.98,209.53,-1,-1,-1,-1
114,5,1206.14,390.41,90.56,209.52,-1,-1,-1,-1
115,5,1205.87,391.87,91.60,209.67,-1,-1,-1,-1
116,5,1205.66,397.14,91.57,211.48,-1,-1,-1,-1
117,5,1206.87,399.09,90.23,211.32,-1,-1,-1,-1
118,5,1206.31,405.48,90.72,210.05,-1,-1,-1,-1
119,5,1205.59,406.82,92.53,211.57,-1,-1,-1,-1
120,5,1201.32,406.55,101.89,214.34,-1,-1,-1,-1
121,5,1197.46,412.33,109.43,216.85,-1,-1,-1,-1
122,5,1194.56,412.30,115.48,219.25,-1,-1,-1,-1
123,5,1194.03,419.30,116.29,219.71,-1,-1,-1,-1
124,5,1191.59,418.86,121.42,224.16,-1,-1,-1,-1
125,5,1192.31,426.34,119.66,223.94,-1,-1,-1,-1
126,5,1193.01,427.97,118.98,220.73,-1,-1,-1,-1
127,5,1192.80,435.89,118.58,216.08,-1,-1,-1,-1
128,5,1192.72,436.64,119.16,217.89,-1,-1,-1,-1
129,5,1192.45,437.17,120.08,220.13,-1,-1,-1,-1
130,5,1192.17,444.09,120.37,217.15,-1,-1,-1,-1
131,5,1192.09,445.63,120.70,216.13,-1,-1,-1,-1
132,5,1191.94,451.58,120.50,218.32,-1,-1,-1,-1
133,5,1192.97,453.09,118.48,216.73,-1,-1,-1,-1
134,5,1193.84,458.87,117.18,217.33,-1,-1,-1,-1
135,5,1193.05,460.86,118.89,216.19,-1,-1,-1,-1
136,5,1193.59,467.04,117.19,217.58,-1,-1,-1,-1
137,5,1194.06,469.59,117.03,215.28,-1,-1,-1,-1
138,5,1194.28,475.29,115.82,215.48,-1,-1,-1,-1
139,5,1197.58,479.34,110.09,210.39,-1,-1,-1,-1
140,5,1197.63,484.97,109.33,211.31,-1,-1,-1,-1
141,5,1201.08,489.56,102.04,207.64,-1,-1,-1,-1
142,5,1200.26,494.02,103.64,208.48,-1,-1,-1,-1
143,5,1201.04,497.13,101.70,207.94,-1,-1,-1,-1
144,5,1203.05,504.64,96.31,203.13,-1,-1,-1,-1
145,5,1203.63,507.27,94.10,202.57,-1,-1,-1,-1
146,5,1202.75,512.02,94.67,203.26,-1,-1,-1,-1
147,5,1197.83,513.96,94.73,204.49,-1,-1,-1,-1
148,5,1195.86,517.15,96.20,202.01,-1,-1,-1,-1
149,5,1195.73,522.23,95.00,203.12,-1,-1,-1,-1
150,5,1196.45,527.92,92.82,203.67,-1,-1,-1,-1
151,5,1197.34,530.49,90.13,202.37,-1,-1,-1,-1
152,5,1195.97,532.60,91.58,203.61,-1,-1,-1,-1
153,5,1193.17,537.21,89.09,203.33,-1,-1,-1,-1
154,5,1191.93,538.89,90.05,205.67,-1,-1,-1,-1
155,5,1191.55,543.24,89.26,204.93,-1,-1,-1,-1
156,5,1190.18,544.93,90.43,205.03,-1,-1,-1,-1
157,5,1188.95,547.79,92.28,203.68,-1,-1,-1,-1
158,5,1187.94,553.17,93.36,204.51,-1,-1,-1,-1
159,5,1183.22,554.98,92.77,205.18,-1,-1,-1,-1
160,5,1183.97,558.72,90.18,206.26,-1,-1,-1,-1
161,5,1182.61,561.26,91.32,206.32,-1,-1,-1,-1
162,5,1181.41,565.23,90.92,209.62,-1,-1,-1,-1
163,5,1180.83,566.94,91.20,210.02,-1,-1,-1,-1
164,5,1180.54,568.84,91.12,209.66,-1,-1,-1,-1
165,5,1176.74,572.06,88.94,213.17,-1,-1,-1,-1
166,5,1174.03,574.75,90.90,210.82,-1,-1,-1,-1
167,5,1172.21,577.19,94.13,209.94,-1,-1,-1,-1
168,5,1170.38,580.99,96.99,213.85,-1,-1,-1,-1
169,5,1169.81,582.48,97.56,214.32,-1,-1,-1,-1
170,5,1165.95,587.77,94.45,215.27,-1,-1,-1,-1
171,5,1163.61,590.51,96.02,214.16,-1,-1,-1,-1
172,5,1163.61,595.71,95.43,214.47,-1,-1,-1,-1
173,5,1163.35,597.59,95.44,215.67,-1,-1,-1,-1
174,5,1163.38,603.40,94.44,215.37,-1,-1,-1,-1
175,5,1157.40,604.61,93.71,216.50,-1,-1,-1,-1
176,5,1153.60,606.92,98.71,213.43,-1,-1,-1,-1
177,5,1148.27,611.91,97.12,215.13,-1,-1,-1,-1
178,5,1147.59,613.85,96.57,214.62,-1,-1,-1,-1
179,5,1147.16,619.49,96.38,214.39,-1,-1,-1,-1
180,5,1147.47,621.85,94.26,213.09,-1,-1,-1,-1
181,5,1141.54,623.38,95.02,213.58,-1,-1,-1,-1
182,5,1139.10,629.14,96.89,212.31,-1,-1,-1,-1
183,5,1138.73,630.23,95.91,211.19,-1,-1,-1,-1
184,5,1131.80,630.21,97.34,214.80,-1,-1,-1,-1
185,5,1131.29,637.00,96.39,213.06,-1,-1,-1,-1
186,5,1131.00,638.62,95.41,212.70,-1,-1,-1,-1
187,5,1123.89,641.48,97.71,209.38,-1,-1,-1,-1
188,5,1121.48,646.04,99.51,210.83,-1,-1,-1,-1
189,5,1116.60,647.63,97.02,210.83,-1,-1,-1,-1
190,5,1115.47,652.45,97.03,211.76,-1,-1,-1,-1
191,5,1114.65,654.75,96.45,209.97,-1,-1,-1,-1
192,5,1114.62,655.96,95.70,210.58,-1,-1,-1,-1
193,5,1109.22,660.63,95.21,210.87,-1,-1,-1,-1
194,5,1106.87,662.41,96.19,210.39,-1,-1,-1,-1
195,5,1101.48,663.42,95.78,210.51,-1,-1,-1,-1
196,5,1099.62,668.22,95.84,211.62,-1,-1,-1,-1
197,5,1098.37,670.00,96.15,210.51,-1,-1,-1,-1
198,5,1092.84,672.26,96.89,208.52,-1,-1,-1,-1
199,5,1089.93,674.15,98.60,206.67,-1,-1,-1,-1
200,5,1083.71,677.39,99.04,209.82,-1,-1,-1,-1
201,5,1083.65,679.83,96.69,207.62,-1,-1,-1,-1
202,5,1081.80,681.65,97.42,206.63,-1,-1,-1,-1
203,5,1077.65,685.29,95.47,209.77,-1,-1,-1,-1
204,5,1076.11,687.03,94.95,207.92,-1,-1,-1,-1
205,5,1074.32,688.24,95.80,207.42,-1,-1,-1,-1
206,5,1070.38,688.60,93.27,209.37,-1,-1,-1,-1
207,5,1069.82,691.28,89.88,206.22,-1,-1,-1,-1
208,5,1066.44,695.16,86.36,207.91,-1,-1,-1,-1
209,5,1063.78,697.49,87.83,205.28,-1,-1,-1,-1
210,5,1061.70,698.41,88.72,205.04,-1,-1,-1,-1
211,5,1056.09,699.18,89.28,204.65,-1,-1,-1,-1
212,5,1054.44,703.08,88.47,205.86,-1,-1,-1,-1
213,5,1049.34,703.60,87.51,207.87,-1,-1,-1,-1
214,5,1046.52,705.72,89.11,204.31,-1,-1,-1,-1
215,5,1046.07,705.86,88.28,205.10,-1,-1,-1,-1
216,5,1039.59,706.78,89.78,206.09,-1,-1,-1,-1
217,5,1038.55,711.73,88.54,205.93,-1,-1,-1,-1
218,5,1033.25,712.32,87.28,206.84,-1,-1,-1,-1
219,5,1031.18,713.51,87.64,204.63,-1,-1,-1,-1
220,5,1024.76,713.76,88.43,205.91,-1,-1,-1,-1
221,5,1022.49,715.24,89.56,203.87,-1,-1,-1,-1
222,5,1016.98,718.37,88.37,208.21,-1,-1,-1,-1
223,5,1015.51,718.40,88.10,208.78,-1,-1,-1,-1
224,5,1014.72,719.26,88.08,207.27,-1,-1,-1,-1
225,5,1009.64,720.98,86.67,206.43,-1,-1,-1,-1
226,5,1007.59,721.15,86.52,208.23,-1,-1,-1,-1
227,5,1001.68,722.54,86.74,206.73,-1,-1,-1,-1
228,5,998.51,722.61,88.63,206.12,-1,-1,-1,-1
229,5,991.79,723.35,90.22,205.39,-1,-1,-1,-1
230,5,991.13,725.16,88.56,201.55,-1,-1,-1,-1
231,5,991.09,726.93,86.12,207.82,-1,-1,-1,-1
232,5,985.16,727.70,86.14,207.15,-1,-1,-1,-1
233,5,983.28,728.17,86.40,206.25,-1,-1,-1,-1
234,5,975.99,728.12,89.27,207.49,-1,-1,-1,-1
235,5,974.68,729.21,87.50,205.96,-1,-1,-1,-1
236,5,968.83,729.22,87.70,206.09,-1,-1,-1,-1
237,5,966.42,730.66,88.53,205.39,-1,-1,-1,-1
238,5,960.15,729.90,89.52,207.59,-1,-1,-1,-1
239,5,958.80,731.03,88.83,205.08,-1,-1,-1,-1
240,5,951.91,729.99,90.74,208.12,-1,-1,-1,-1
241,5,950.14,730.50,90.17,207.00,-1,-1,-1,-1
242,5,944.14,730.06,90.15,208.67,-1,-1,-1,-1
243,5,942.89,734.43,88.98,207.97,-1,-1,-1,-1
244,5,937.25,732.95,88.47,211.05,-1,-1,-1,-1
245,5,934.33,734.20,90.49,209.17,-1,-1,-1,-1
246,5,934.82,734.42,86.98,209.18,-1,-1,-1,-1
247,5,929.01,734.56,87.70,208.42,-1,-1,-1,-1
248,5,926.95,734.54,88.06,209.27,-1,-1,-1,-1
249,5,919.71,733.52,90.52,211.22,-1,-1,-1,-1
250,5,918.05,734.20,89.77,210.01,-1,-1,-1,-1
251,5,918.65,736.14,87.17,206.97,-1,-1,-1,-1
252,5,912.53,734.91,88.03,209.44,-1,-1,-1,-1
253,5,910.64,735.70,88.02,207.71,-1,-1,-1,-1
254,5,904.09,735.23,89.17,208.42,-1,-1,-1,-1
255,5,903.34,736.07,86.64,207.03,-1,-1,-1,-1
256,5,897.68,735.26,86.56,209.44,-1,-1,-1,-1
257,5,896.34,735.45,85.30,209.37,-1,-1,-1,-1
258,5,891.72,735.12,83.14,209.52,-1,-1,-1,-1
259,5,890.57,736.08,81.22,206.62,-1,-1,-1,-1
260,5,890.21,737.28,79.74,204.18,-1,-1,-1,-1
261,5,882.37,733.85,83.08,210.94,-1,-1,-1,-1
262,5,876.26,735.17,82.50,207.61,-1,-1,-1,-1
263,5,874.41,734.61,81.84,207.88,-1,-1,-1,-1
264,5,873.80,735.00,80.87,207.04,-1,-1,-1,-1
265,5,867.17,733.59,81.68,210.52,-1,-1,-1,-1
266,5,866.09,734.44,80.22,207.54,-1,-1,-1,-1
267,5,860.17,731.00,81.27,205.32,-1,-1,-1,-1
268,5,857.91,730.65,81.52,204.73,-1,-1,-1,-1
269,5,850.84,731.15,82.48,204.30,-1,-1,-1,-1
270,5,851.23,732.64,78.72,200.58,-1,-1,-1,-1
271,5,846.82,732.18,75.96,199.37,-1,-1,-1,-1
272,5,844.95,731.38,75.67,200.01,-1,-1,-1,-1
273,5,838.70,728.92,76.31,205.32,-1,-1,-1,-1
274,5,838.05,729.95,73.68,203.87,-1,-1,-1,-1
275,5,831.97,727.69,73.79,207.67,-1,-1,-1,-1
276,5,829.79,726.30,74.97,209.00,-1,-1,-1,-1
88,6,790.89,165.05,73.83,213.43,-1,-1,-1,-1
110,7,867.11,137.81,81.63,220.14,-1,-1,-1,-1
111,7,867.74,138.99,80.58,216.68,-1,-1,-1,-1
112,7,867.60,138.29,82.04,218.05,-1,-1,-1,-1
113,7,874.81,135.90,82.24,221.61,-1,-1,-1,-1
147,8,1000.88,144.61,72.03,207.71,-1,-1,-1,-1
148,8,1008.43,145.52,71.39,206.71,-1,-1,-1,-1
149,8,1008.50,146.90,72.85,216.79,-1,-1,-1,-1
150,8,1016.15,148.39,72.18,214.73,-1,-1,-1,-1
151,8,1016.72,150.38,71.93,211.52,-1,-1,-1,-1
152,8,1024.25,152.37,70.62,208.00,-1,-1,-1,-1
153,8,1026.79,153.94,69.09,205.27,-1,-1,-1,-1
154,8,1032.96,154.43,69.72,204.99,-1,-1,-1,-1
155,8,1033.44,155.62,71.42,202.98,-1,-1,-1,-1
156,8,1038.55,157.58,73.93,210.84,-1,-1,-1,-1
157,8,1040.16,158.05,73.74,210.72,-1,-1,-1,-1
158,8,1046.40,157.94,74.20,211.50,-1,-1,-1,-1
159,8,1046.56,158.16,76.38,212.58,-1,-1,-1,-1
160,8,1052.85,160.00,76.84,209.04,-1,-1,-1,-1
161,8,1055.05,161.76,74.75,206.30,-1,-1,-1,-1
162,8,1061.75,163.54,74.50,202.81,-1,-1,-1,-1
163,8,1061.95,165.74,76.08,210.58,-1,-1,-1,-1
164,8,1062.64,167.95,76.06,206.95,-1,-1,-1,-1
165,8,1068.95,170.02,77.13,203.69,-1,-1,-1,-1
166,8,1070.50,172.07,76.08,200.98,-1,-1,-1,-1
167,8,1078.29,171.75,73.73,201.29,-1,-1,-1,-1
168,8,1078.50,173.99,75.52,209.67,-1,-1,-1,-1
169,8,1084.95,175.23,75.88,208.55,-1,-1,-1,-1
170,8,1086.68,176.34,75.34,208.12,-1,-1,-1,-1
171,8,1093.84,179.12,73.94,203.81,-1,-1,-1,-1
172,8,1094.71,182.43,73.81,209.70,-1,-1,-1,-1
173,8,1095.04,184.06,75.02,208.50,-1,-1,-1,-1
174,8,1101.06,185.49,75.80,206.21,-1,-1,-1,-1
175,8,1101.60,189.67,77.32,210.76,-1,-1,-1,-1
176,8,1109.34,192.35,74.99,207.00,-1,-1,-1,-1
177,8,1110.10,191.85,75.60,207.66,-1,-1,-1,-1
178,8,1110.80,193.15,75.12,206.87,-1,-1,-1,-1
179,8,1111.54,194.64,74.71,204.40,-1,-1,-1,-1
180,8,1118.21,197.33,73.66,199.26,-1,-1,-1,-1
181,8,1119.42,202.65,73.60,201.46,-1,-1,-1,-1
182,8,1119.55,202.78,74.71,202.03,-1,-1,-1,-1
183,8,1119.40,203.18,75.21,202.73,-1,-1,-1,-1
184,8,1126.41,209.90,73.91,202.69,-1,-1,-1,-1
185,8,1127.23,211.64,74.61,199.83,-1,-1,-1,-1
186,8,1133.87,214.32,74.27,197.16,-1,-1,-1,-1
187,8,1135.44,219.14,73.53,199.34,-1,-1,-1,-1
188,8,1135.31,219.84,74.97,199.52,-1,-1,-1,-1
189,8,1141.36,221.03,74.87,199.78,-1,-1,-1,-1
190,8,1142.27,225.71,75.29,202.09,-1,-1,-1,-1
191,8,1142.69,229.00,75.15,197.89,-1,-1,-1,-1
192,8,1148.84,233.62,76.21,190.27,-1,-1,-1,-1
193,8,1150.97,238.69,74.01,193.24,-1,-1,-1,-1
194,8,1151.12,239.43,75.71,194.07,-1,-1,-1,-1
195,8,1157.68,239.42,74.28,194.53,-1,-1,-1,-1
196,8,1158.28,243.47,76.16,200.31,-1,-1,-1,-1
197,8,1158.90,246.86,75.92,195.33,-1,-1,-1,-1
198,8,1159.53,253.38,75.03,194.91,-1,-1,-1,-1
199,8,1165.65,256.57,75.11,191.23,-1,-1,-1,-1
200,8,1167.09,256.91,74.87,191.53,-1,-1,-1,-1
201,8,1172.99,261.78,75.91,194.31,-1,-1,-1,-1
202,8,1173.69,263.86,76.20,192.17,-1,-1,-1,-1
203,8,1173.91,268.39,77.37,196.49,-1,-1,-1,-1
204,8,1174.09,271.26,77.66,192.17,-1,-1,-1,-1
205,8,1179.90,272.49,78.09,191.80,-1,-1,-1,-1
206,8,1180.18,273.26,79.96,190.46,-1,-1,-1,-1
207,8,1180.18,278.18,80.55,194.86,-1,-1,-1,-1
208,8,1180.78,278.95,80.26,196.04,-1,-1,-1,-1
209,8,1186.52,284.55,80.76,197.22,-1,-1,-1,-1
210,8,1187.36,284.44,81.12,199.60,-1,-1,-1,-1
211,8,1187.66,285.82,79.98,197.60,-1,-1,-1,-1
212,8,1190.45,294.01,75.38,193.89,-1,-1,-1,-1
213,8,1190.49,296.76,76.72,191.11,-1,-1,-1,-1
214,8,1190.71,300.65,76.82,196.97,-1,-1,-1,-1
215,8,1190.95,301.47,76.48,198.19,-1,-1,-1,-1
216,8,1196.66,307.17,77.17,200.38,-1,-1,-1,-1
217,8,1199.53,310.26,74.08,197.04,-1,-1,-1,-1
218,8,1199.52,315.70,74.66,198.52,-1,-1,-1,-1
219,8,1205.38,316.84,75.35,199.48,-1,-1,-1,-1
220,8,1206.07,322.97,75.83,199.76,-1,-1,-1,-1
221,8,1206.74,324.43,74.36,198.56,-1,-1,-1,-1
222,8,1206.98,331.03,74.94,198.70,-1,-1,-1,-1
223,8,1206.59,332.57,75.81,197.18,-1,-1,-1,-1
224,8,1206.68,335.37,76.14,194.08,-1,-1,-1,-1
225,8,1212.99,338.50,76.28,188.37,-1,-1,-1,-1
226,8,1213.44,345.50,77.33,187.46,-1,-1,-1,-1
227,8,1214.14,349.30,76.21,181.50,-1,-1,-1,-1
228,8,1214.52,354.36,75.82,185.49,-1,-1,-1,-1
229,8,1216.46,357.84,72.47,180.66,-1,-1,-1,-1
230,8,1222.78,359.49,71.97,177.96,-1,-1,-1,-1
231,8,1222.74,363.15,73.11,184.14,-1,-1,-1,-1
232,8,1223.29,366.49,72.02,179.53,-1,-1,-1,-1
233,8,1224.05,369.51,70.64,187.19,-1,-1,-1,-1
234,8,1223.83,372.01,72.10,183.38,-1,-1,-1,-1
235,8,1222.95,377.61,72.26,186.37,-1,-1,-1,-1
236,8,1223.64,378.93,71.45,186.47,-1,-1,-1,-1
237,8,1223.79,383.36,71.59,191.81,-1,-1,-1,-1
238,8,1223.43,385.48,72.99,189.68,-1,-1,-1,-1
239,8,1222.99,388.97,72.69,195.76,-1,-1,-1,-1
240,8,1222.44,393.20,74.72,190.17,-1,-1,-1,-1
241,8,1220.03,394.91,78.67,200.32,-1,-1,-1,-1
242,8,1220.21,396.04,79.41,200.82,-1,-1,-1,-1
243,8,1219.78,396.36,79.42,201.16,-1,-1,-1,-1
244,8,1220.00,403.32,79.17,201.25,-1,-1,-1,-1
245,8,1220.65,408.43,79.24,204.87,-1,-1,-1,-1
246,8,1218.29,409.29,83.69,204.88,-1,-1,-1,-1
247,8,1218.43,410.82,83.57,202.59,-1,-1,-1,-1
248,8,1218.38,415.23,83.83,208.73,-1,-1,-1,-1
249,8,1217.61,417.30,85.52,207.18,-1,-1,-1,-1
250,8,1218.34,422.74,83.69,209.72,-1,-1,-1,-1
251,8,1219.10,424.57,82.80,208.32,-1,-1,-1,-1
252,8,1218.76,430.32,82.81,208.55,-1,-1,-1,-1
253,8,1219.44,433.09,82.39,206.84,-1,-1,-1,-1
254,8,1220.23,437.94,81.02,209.21,-1,-1,-1,-1
255,8,1219.65,439.11,81.63,209.45,-1,-1,-1,-1
256,8,1219.49,447.21,82.12,206.60,-1,-1,-1,-1
257,8,1218.32,449.71,84.37,204.99,-1,-1,-1,-1
258,8,1218.43,449.22,83.02,206.90,-1,-1,-1,-1
259,8,1218.70,455.97,82.65,206.15,-1,-1,-1,-1
260,8,1218.40,458.47,83.30,203.75,-1,-1,-1,-1
261,8,1217.14,463.73,85.77,206.17,-1,-1,-1,-1
262,8,1217.17,465.20,86.01,206.71,-1,-1,-1,-1
263,8,1214.62,469.85,90.24,211.17,-1,-1,-1,-1
264,8,1214.22,472.52,91.17,207.41,-1,-1,-1,-1
265,8,1213.92,478.85,91.11,207.52,-1,-1,-1,-1
266,8,1213.36,481.48,91.61,205.94,-1,-1,-1,-1
267,8,1213.38,488.49,92.03,206.74,-1,-1,-1,-1
190,9,705.39,628.49,84.12,213.54,-1,-1,-1,-1
191,9,705.31,624.28,83.50,207.86,-1,-1,-1,-1
192,9,697.16,624.11,86.47,208.31,-1,-1,-1,-1
193,9,695.06,623.04,88.87,209.52,-1,-1,-1,-1
194,9,694.94,618.13,88.18,218.03,-1,-1,-1,-1
195,9,694.74,612.57,88.09,215.90,-1,-1,-1,-1
196,9,685.91,611.11,92.81,218.14,-1,-1,-1,-1
197,9,683.35,608.67,96.60,220.35,-1,-1,-1,-1
198,9,682.27,605.18,97.14,215.32,-1,-1,-1,-1
199,9,676.17,602.24,97.21,220.39,-1,-1,-1,-1
200,9,676.58,601.56,94.08,219.67,-1,-1,-1,-1
201,9,675.26,600.22,95.33,221.10,-1,-1,-1,-1
202,9,674.72,599.80,95.55,221.46,-1,-1,-1,-1
203,9,666.79,596.78,99.28,216.13,-1,-1,-1,-1
204,9,665.59,596.21,99.06,215.37,-1,-1,-1,-1
205,9,659.92,589.40,97.83,215.44,-1,-1,-1,-1
206,9,659.64,587.17,96.52,216.72,-1,-1,-1,-1
207,9,659.64,585.38,95.36,219.84,-1,-1,-1,-1
208,9,658.75,584.56,96.16,220.91,-1,-1,-1,-1
209,9,651.77,578.71,98.07,220.94,-1,-1,-1,-1
210,9,648.53,575.46,102.49,224.34,-1,-1,-1,-1
211,9,649.16,573.60,100.83,225.78,-1,-1,-1,-1
212,9,647.83,569.03,103.03,223.04,-1,-1,-1,-1
213,9,646.73,566.94,103.32,224.53,-1,-1,-1,-1
214,9,641.12,561.19,103.40,223.57,-1,-1,-1,-1
215,9,641.19,560.18,101.94,222.29,-1,-1,-1,-1
216,9,640.63,554.17,102.06,219.91,-1,-1,-1,-1
217,9,640.91,551.44,100.21,223.39,-1,-1,-1,-1
218,9,640.98,547.60,99.36,218.08,-1,-1,-1,-1
219,9,634.33,544.03,100.85,223.85,-1,-1,-1,-1
220,9,633.76,538.46,100.68,220.62,-1,-1,-1,-1
221,9,633.97,536.09,100.24,223.56,-1,-1,-1,-1
222,9,634.10,534.37,98.73,225.27,-1,-1,-1,-1
223,9,633.33,530.66,100.02,220.83,-1,-1,-1,-1
224,9,632.62,527.69,100.79,224.54,-1,-1,-1,-1
225,9,632.09,524.75,101.06,228.62,-1,-1,-1,-1
226,9,632.15,519.83,101.02,225.82,-1,-1,-1,-1
227,9,627.40,516.89,98.66,228.76,-1,-1,-1,-1
228,9,626.89,511.61,98.77,225.71,-1,-1,-1,-1
229,9,625.86,508.14,100.19,230.76,-1,-1,-1,-1
230,9,626.04,503.05,99.41,228.10,-1,-1,-1,-1
231,9,625.80,501.29,99.28,229.64,-1,-1,-1,-1
232,9,625.08,497.86,100.57,235.48,-1,-1,-1,-1
233,9,624.90,493.62,100.98,229.73,-1,-1,-1,-1
190,10,753.83,584.69,149.58,270.04,-1,-1,-1,-1
191,10,753.66,584.41,149.87,270.42,-1,-1,-1,-1
192,10,753.38,584.47,150.01,269.70,-1,-1,-1,-1
193,10,753.11,581.74,149.93,261.40,-1,-1,-1,-1
225,11,821.61,149.51,92.67,215.15,-1,-1,-1,-1
230,12,837.56,148.12,92.51,215.03,-1,-1,-1,-1
234,13,846.92,142.96,91.09,213.44,-1,-1,-1,-1
239,14,868.80,140.70,93.63,215.20,-1,-1,-1,-1
240,14,869.32,140.03,93.47,217.28,-1,-1,-1,-1
241,14,877.52,140.03,92.47,215.72,-1,-1,-1,-1
242,14,882.17,138.15,98.37,216.94,-1,-1,-1,-1
243,14,882.45,135.73,100.54,220.30,-1,-1,-1,-1
244,14,886.98,135.39,105.33,221.02,-1,-1,-1,-1
245,14,895.77,134.24,102.67,222.06,-1,-1,-1,-1
246,14,895.92,134.20,104.81,223.37,-1,-1,-1,-1
247,14,896.31,135.43,104.83,222.05,-1,-1,-1,-1
248,14,903.74,135.99,104.03,222.55,-1,-1,-1,-1
249,14,905.04,137.03,103.48,220.66,-1,-1,-1,-1
250,14,913.24,136.61,101.02,221.93,-1,-1,-1,-1
251,14,911.82,133.10,105.37,227.26,-1,-1,-1,-1
252,14,920.07,133.61,102.94,225.75,-1,-1,-1,-1
253,14,920.86,133.45,103.40,225.68,-1,-1,-1,-1
254,14,928.96,131.75,101.21,228.13,-1,-1,-1,-1
255,14,928.32,130.02,104.41,232.36,-1,-1,-1,-1
256,14,933.76,128.89,107.23,236.03,-1,-1,-1,-1
257,14,934.64,130.49,107.53,234.02,-1,-1,-1,-1
258,14,942.53,130.00,105.81,234.21,-1,-1,-1,-1
259,14,941.07,128.67,110.61,237.89,-1,-1,-1,-1
260,14,947.65,128.55,111.65,238.87,-1,-1,-1,-1
261,14,948.36,129.75,112.22,235.15,-1,-1,-1,-1
262,14,956.21,129.77,111.07,234.28,-1,-1,-1,-1
263,14,957.97,131.46,108.65,229.81,-1,-1,-1,-1
264,14,965.51,128.07,107.55,234.61,-1,-1,-1,-1
265,14,968.42,134.31,103.51,225.90,-1,-1,-1,-1
266,14,978.36,138.59,97.91,218.30,-1,-1,-1,-1
267,14,980.85,142.39,94.64,211.54,-1,-1,-1,-1
268,14,980.81,142.02,95.48,212.53,-1,-1,-1,-1
269,14,987.56,143.45,95.66,210.56,-1,-1,-1,-1
270,14,989.32,145.35,93.80,208.00,-1,-1,-1,-1
271,14,998.68,148.47,89.06,211.95,-1,-1,-1,-1
272,14,999.85,147.78,88.93,213.53,-1,-1,-1,-1
273,14,1000.65,149.96,88.70,210.78,-1,-1,-1,-1
274,14,1007.94,150.72,86.93,211.15,-1,-1,-1,-1
275,14,1008.82,151.21,87.68,210.83,-1,-1,-1,-1
276,14,1009.06,152.11,87.64,208.05,-1,-1,-1,-1
277,14,1015.81,150.79,87.94,213.26,-1,-1,-1,-1
278,14,1015.70,155.54,90.21,214.72,-1,-1,-1,-1
279,14,1023.29,156.68,89.15,213.38,-1,-1,-1,-1
280,14,1024.32,157.27,89.36,212.61,-1,-1,-1,-1
281,14,1032.33,156.36,86.78,216.32,-1,-1,-1,-1
282,14,1032.82,157.66,88.30,214.66,-1,-1,-1,-1
283,14,1038.60,161.28,89.57,218.62,-1,-1,-1,-1
284,14,1040.07,162.00,87.91,217.98,-1,-1,-1,-1
285,14,1046.80,162.04,88.48,216.64,-1,-1,-1,-1
286,14,1047.82,166.04,88.73,210.75,-1,-1,-1,-1
287,14,1047.98,166.37,90.14,211.76,-1,-1,-1,-1
288,14,1054.54,167.15,89.31,210.49,-1,-1,-1,-1
289,14,1054.85,169.09,90.90,207.69,-1,-1,-1,-1
290,14,1062.11,169.04,90.35,208.10,-1,-1,-1,-1
291,14,1062.82,173.40,90.59,211.94,-1,-1,-1,-1
292,14,1070.12,175.18,89.75,210.02,-1,-1,-1,-1
293,14,1071.24,175.71,89.29,210.03,-1,-1,-1,-1
294,14,1071.13,177.10,90.19,207.75,-1,-1,-1,-1
295,14,1078.23,182.67,89.47,208.67,-1,-1,-1,-1
296,14,1078.48,182.71,91.08,209.60,-1,-1,-1,-1
297,14,1078.67,184.59,91.90,207.26,-1,-1,-1,-1
298,14,1086.33,185.04,89.95,207.74,-1,-1,-1,-1
299,14,1086.28,191.55,92.07,207.37,-1,-1,-1,-1
300,14,1086.12,193.34,93.06,204.70,-1,-1,-1,-1
301,14,1092.85,192.26,93.09,208.67,-1,-1,-1,-1
302,14,1093.76,193.52,93.35,207.49,-1,-1,-1,-1
303,14,1094.18,197.18,92.87,211.53,-1,-1,-1,-1
304,14,1099.28,198.52,96.23,211.01,-1,-1,-1,-1
305,14,1099.46,199.16,97.13,210.11,-1,-1,-1,-1
306,14,1106.92,205.99,96.32,210.14,-1,-1,-1,-1
307,14,1106.71,207.18,98.38,208.81,-1,-1,-1,-1
308,14,1107.59,207.82,96.62,208.06,-1,-1,-1,-1
309,14,1116.75,208.67,92.91,208.88,-1,-1,-1,-1
310,14,1119.49,214.26,90.15,208.94,-1,-1,-1,-1
311,14,1126.61,215.75,89.13,208.38,-1,-1,-1,-1
312,14,1127.45,216.67,89.52,208.10,-1,-1,-1,-1
313,14,1127.27,221.99,90.52,209.56,-1,-1,-1,-1
314,14,1135.04,223.32,88.28,209.31,-1,-1,-1,-1
315,14,1136.01,222.28,88.07,211.76,-1,-1,-1,-1
316,14,1135.59,228.63,89.94,212.16,-1,-1,-1,-1
317,14,1142.60,231.05,89.02,210.26,-1,-1,-1,-1
318,14,1143.24,230.34,89.33,212.29,-1,-1,-1,-1
319,14,1143.78,236.74,89.16,212.32,-1,-1,-1,-1
320,14,1145.16,240.11,87.07,207.21,-1,-1,-1,-1
321,14,1152.71,240.42,85.46,208.97,-1,-1,-1,-1
322,14,1154.82,246.10,82.92,209.82,-1,-1,-1,-1
323,14,1155.36,248.24,83.05,207.64,-1,-1,-1,-1
324,14,1161.33,248.28,83.57,209.23,-1,-1,-1,-1
325,14,1162.51,255.87,83.42,206.58,-1,-1,-1,-1
326,14,1163.52,258.29,83.16,204.53,-1,-1,-1,-1
327,14,1163.00,257.09,84.07,208.36,-1,-1,-1,-1
328,14,1168.97,262.97,84.67,208.69,-1,-1,-1,-1
329,14,1169.26,263.51,85.81,209.07,-1,-1,-1,-1
330,14,1168.67,270.42,87.16,209.06,-1,-1,-1,-1
331,14,1166.80,271.76,91.39,209.11,-1,-1,-1,-1
332,14,1173.86,278.89,90.81,207.63,-1,-1,-1,-1
333,14,1174.23,279.20,91.37,208.22,-1,-1,-1,-1
334,14,1175.33,279.97,89.80,209.01,-1,-1,-1,-1
335,14,1176.15,287.90,88.70,205.85,-1,-1,-1,-1
336,14,1176.23,288.94,88.62,205.52,-1,-1,-1,-1
337,14,1182.89,289.19,88.70,207.00,-1,-1,-1,-1
338,14,1182.73,295.31,91.05,207.47,-1,-1,-1,-1
339,14,1182.94,294.83,91.24,211.39,-1,-1,-1,-1
340,14,1182.82,303.71,91.13,207.34,-1,-1,-1,-1
341,14,1190.18,305.41,90.26,206.76,-1,-1,-1,-1
342,14,1190.99,312.74,90.65,204.33,-1,-1,-1,-1
343,14,1191.32,314.26,90.30,204.67,-1,-1,-1,-1
344,14,1191.76,322.33,89.59,203.44,-1,-1,-1,-1
345,14,1190.02,322.86,93.15,204.08,-1,-1,-1,-1
346,14,1197.23,323.07,91.61,203.89,-1,-1,-1,-1
347,14,1197.17,333.15,93.64,196.87,-1,-1,-1,-1
348,14,1196.99,334.03,93.64,196.60,-1,-1,-1,-1
349,14,1196.51,341.91,94.41,195.28,-1,-1,-1,-1
350,14,1197.09,340.50,94.27,199.12,-1,-1,-1,-1
351,14,1198.83,348.48,91.30,197.21,-1,-1,-1,-1
352,14,1205.48,351.62,91.21,192.66,-1,-1,-1,-1
353,14,1206.52,352.50,90.27,191.40,-1,-1,-1,-1
354,14,1206.39,358.94,90.80,192.52,-1,-1,-1,-1
355,14,1205.88,358.22,91.85,195.38,-1,-1,-1,-1
356,14,1206.17,358.43,91.32,196.56,-1,-1,-1,-1
357,14,1206.65,365.53,90.50,196.04,-1,-1,-1,-1
358,14,1207.43,365.13,88.99,198.35,-1,-1,-1,-1
359,14,1206.48,371.13,91.19,200.55,-1,-1,-1,-1
360,14,1207.08,372.01,89.55,200.55,-1,-1,-1,-1
361,14,1206.86,371.85,90.73,202.18,-1,-1,-1,-1
362,14,1206.88,378.12,91.35,203.10,-1,-1,-1,-1
363,14,1213.96,380.30,90.29,201.37,-1,-1,-1,-1
364,14,1213.51,387.06,91.61,201.11,-1,-1,-1,-1
365,14,1213.68,386.95,91.99,202.91,-1,-1,-1,-1
366,14,1213.24,393.13,92.66,204.82,-1,-1,-1,-1
367,14,1213.84,394.37,92.01,204.76,-1,-1,-1,-1
368,14,1213.53,400.66,92.02,205.58,-1,-1,-1,-1
369,14,1213.63,400.40,91.82,208.05,-1,-1,-1,-1
370,14,1214.43,406.23,91.05,210.94,-1,-1,-1,-1
371,14,1212.83,407.92,93.48,209.36,-1,-1,-1,-1
372,14,1213.05,416.32,92.89,206.06,-1,-1,-1,-1
373,14,1213.39,415.75,92.28,209.89,-1,-1,-1,-1
374,14,1213.59,422.56,91.93,209.43,-1,-1,-1,-1
375,14,1212.34,424.30,94.29,208.49,-1,-1,-1,-1
376,14,1210.07,430.41,99.99,209.32,-1,-1,-1,-1
377,14,1210.34,430.72,98.45,210.87,-1,-1,-1,-1
378,14,1210.00,437.50,99.64,211.00,-1,-1,-1,-1
379,14,1209.39,438.78,101.07,211.38,-1,-1,-1,-1
380,14,1207.09,445.83,105.82,210.69,-1,-1,-1,-1
381,14,1207.61,445.86,104.94,211.95,-1,-1,-1,-1
382,14,1208.86,446.40,103.54,213.55,-1,-1,-1,-1
383,14,1206.75,453.13,106.44,212.63,-1,-1,-1,-1
384,14,1206.50,455.02,107.14,211.76,-1,-1,-1,-1
385,14,1206.87,462.17,106.76,210.56,-1,-1,-1,-1
386,14,1207.84,462.19,104.20,212.26,-1,-1,-1,-1
387,14,1207.19,468.85,105.74,212.41,-1,-1,-1,-1
388,14,1206.97,471.48,105.96,210.16,-1,-1,-1,-1
389,14,1207.00,470.85,106.27,212.63,-1,-1,-1,-1
390,14,1207.64,477.36,104.59,212.59,-1,-1,-1,-1
391,14,1208.26,477.80,102.99,214.75,-1,-1,-1,-1
392,14,1206.90,486.48,104.84,211.14,-1,-1,-1,-1
393,14,1206.71,493.95,105.89,210.34,-1,-1,-1,-1
394,14,1207.69,494.22,103.24,212.63,-1,-1,-1,-1
395,14,1208.01,503.44,102.13,207.54,-1,-1,-1,-1
396,14,1200.94,505.30,102.86,208.13,-1,-1,-1,-1
397,14,1200.29,512.09,102.56,206.76,-1,-1,-1,-1
398,14,1198.97,512.26,104.88,209.05,-1,-1,-1,-1
399,14,1199.28,519.27,103.75,208.48,-1,-1,-1,-1
400,14,1199.09,519.05,103.67,211.39,-1,-1,-1,-1
401,14,1191.29,526.44,105.99,208.31,-1,-1,-1,-1
402,14,1192.41,526.36,102.41,211.34,-1,-1,-1,-1
403,14,1192.71,526.97,100.75,212.00,-1,-1,-1,-1
404,14,1192.35,530.60,101.59,216.49,-1,-1,-1,-1
405,14,1192.19,535.65,101.84,209.49,-1,-1,-1,-1
406,14,1188.19,536.06,96.22,211.30,-1,-1,-1,-1
407,14,1187.48,541.06,96.32,213.43,-1,-1,-1,-1
408,14,1186.94,549.86,96.72,209.63,-1,-1,-1,-1
409,14,1186.09,551.71,97.54,208.63,-1,-1,-1,-1
410,14,1185.93,551.25,98.11,211.61,-1,-1,-1,-1
411,14,1177.76,555.90,101.25,215.58,-1,-1,-1,-1
412,14,1175.34,556.12,104.52,217.36,-1,-1,-1,-1
413,14,1175.15,554.66,104.80,221.22,-1,-1,-1,-1
414,14,1173.34,561.22,107.02,221.50,-1,-1,-1,-1
415,14,1162.85,559.30,115.12,226.58,-1,-1,-1,-1
416,14,1159.94,557.10,119.91,232.54,-1,-1,-1,-1
417,14,1159.04,564.91,121.74,230.30,-1,-1,-1,-1
418,14,1156.24,558.64,126.71,243.09,-1,-1,-1,-1
419,14,1152.39,553.00,134.40,253.68,-1,-1,-1,-1
251,15,611.28,421.95,82.33,211.92,-1,-1,-1,-1
252,15,609.14,415.44,86.75,210.46,-1,-1,-1,-1
253,15,609.50,413.31,85.24,212.91,-1,-1,-1,-1
254,15,609.23,407.11,85.94,211.19,-1,-1,-1,-1
255,15,609.56,406.33,85.22,210.22,-1,-1,-1,-1
256,15,616.66,400.78,85.05,208.54,-1,-1,-1,-1
257,15,608.32,399.65,87.60,208.40,-1,-1,-1,-1
258,15,614.75,395.18,88.60,203.85,-1,-1,-1,-1
259,15,615.13,391.94,88.73,207.60,-1,-1,-1,-1
260,15,614.93,391.03,89.31,208.31,-1,-1,-1,-1
261,15,615.40,386.24,89.75,205.09,-1,-1,-1,-1
262,15,616.03,384.22,87.87,206.47,-1,-1,-1,-1
263,15,616.94,378.29,86.55,204.90,-1,-1,-1,-1
264,15,616.91,377.38,86.48,204.22,-1,-1,-1,-1
265,15,624.11,371.82,86.04,202.21,-1,-1,-1,-1
266,15,623.76,369.79,87.32,204.44,-1,-1,-1,-1
267,15,623.53,366.46,88.20,209.15,-1,-1,-1,-1
268,15,623.70,359.70,87.35,208.53,-1,-1,-1,-1
269,15,623.45,354.91,88.78,203.87,-1,-1,-1,-1
270,15,624.29,353.96,87.61,204.26,-1,-1,-1,-1
271,15,624.62,351.00,87.06,207.55,-1,-1,-1,-1
272,15,624.56,344.80,88.00,206.58,-1,-1,-1,-1
273,15,624.67,342.51,87.72,208.62,-1,-1,-1,-1
274,15,624.68,337.80,88.10,206.22,-1,-1,-1,-1
275,15,624.09,336.05,88.65,206.91,-1,-1,-1,-1
276,15,630.78,333.58,88.63,210.48,-1,-1,-1,-1
277,15,631.78,326.93,87.74,210.46,-1,-1,-1,-1
278,15,632.47,326.35,87.62,209.44,-1,-1,-1,-1
279,15,632.80,320.78,87.81,208.09,-1,-1,-1,-1
280,15,632.48,319.62,88.16,208.73,-1,-1,-1,-1
281,15,639.89,318.66,87.15,208.97,-1,-1,-1,-1
282,15,640.28,312.75,87.97,208.93,-1,-1,-1,-1
283,15,639.75,311.97,89.37,207.78,-1,-1,-1,-1
284,15,641.10,311.14,87.56,206.83,-1,-1,-1,-1
285,15,646.41,304.00,89.10,208.78,-1,-1,-1,-1
286,15,648.14,302.11,87.89,210.88,-1,-1,-1,-1
287,15,649.40,295.37,86.61,212.01,-1,-1,-1,-1
288,15,649.17,293.71,86.45,212.80,-1,-1,-1,-1
289,15,650.11,291.93,85.41,214.52,-1,-1,-1,-1
290,15,657.24,283.18,84.24,219.46,-1,-1,-1,-1
291,15,658.42,282.48,83.99,220.06,-1,-1,-1,-1
292,15,659.48,282.46,81.88,218.58,-1,-1,-1,-1
293,15,666.47,281.30,80.97,219.66,-1,-1,-1,-1
294,15,666.46,275.40,82.92,219.27,-1,-1,-1,-1
295,15,666.47,272.79,83.16,222.08,-1,-1,-1,-1
296,15,666.80,271.16,83.82,225.01,-1,-1,-1,-1
297,15,664.41,269.24,88.87,227.31,-1,-1,-1,-1
298,15,671.21,262.48,88.36,228.10,-1,-1,-1,-1
299,15,672.07,259.86,88.36,232.49,-1,-1,-1,-1
300,15,669.42,257.18,94.97,236.83,-1,-1,-1,-1
301,15,677.43,254.67,91.74,242.28,-1,-1,-1,-1
302,15,677.39,252.15,93.81,247.95,-1,-1,-1,-1
303,15,677.39,249.77,94.63,253.56,-1,-1,-1,-1
304,15,673.67,247.50,102.09,257.19,-1,-1,-1,-1
305,15,679.90,245.66,102.70,262.41,-1,-1,-1,-1
306,15,679.62,242.83,104.54,268.31,-1,-1,-1,-1
307,15,677.23,239.61,109.89,273.67,-1,-1,-1,-1
308,15,677.64,238.22,109.88,275.89,-1,-1,-1,-1
309,15,684.79,236.12,108.81,280.85,-1,-1,-1,-1
310,15,684.93,232.68,109.59,286.69,-1,-1,-1,-1
311,15,682.51,229.76,115.10,292.65,-1,-1,-1,-1
313,16,707.33,221.27,80.51,212.32,-1,-1,-1,-1
314,16,706.88,219.85,83.09,214.19,-1,-1,-1,-1
315,16,708.78,215.98,80.84,210.30,-1,-1,-1,-1
316,16,714.05,213.61,81.82,211.74,-1,-1,-1,-1
317,16,716.69,208.53,79.50,210.70,-1,-1,-1,-1
318,16,724.61,208.29,76.27,210.15,-1,-1,-1,-1
319,16,725.80,206.45,76.43,212.23,-1,-1,-1,-1
320,16,725.77,204.46,78.30,214.45,-1,-1,-1,-1
321,16,730.86,201.48,80.14,219.50,-1,-1,-1,-1
322,16,731.87,195.98,80.17,219.19,-1,-1,-1,-1
323,16,732.38,194.63,81.29,219.54,-1,-1,-1,-1
324,16,739.66,194.38,78.63,219.12,-1,-1,-1,-1
325,16,738.92,192.50,82.31,220.42,-1,-1,-1,-1
326,16,745.60,190.20,82.04,214.47,-1,-1,-1,-1
327,16,746.92,188.53,81.88,216.85,-1,-1,-1,-1
328,16,748.11,186.68,81.34,217.97,-1,-1,-1,-1
329,16,755.28,185.97,79.55,218.91,-1,-1,-1,-1
330,16,755.22,184.88,82.62,219.42,-1,-1,-1,-1
331,16,761.29,180.61,82.58,216.89,-1,-1,-1,-1
332,16,760.84,177.36,85.59,221.18,-1,-1,-1,-1
333,16,759.54,175.13,89.89,223.13,-1,-1,-1,-1
334,16,767.36,170.10,87.67,221.75,-1,-1,-1,-1
335,16,768.45,169.49,88.07,221.57,-1,-1,-1,-1
336,16,775.27,168.84,86.87,221.86,-1,-1,-1,-1
337,16,775.62,166.22,88.23,226.21,-1,-1,-1,-1
338,16,777.56,162.47,87.51,222.04,-1,-1,-1,-1
339,16,784.56,161.55,85.72,221.88,-1,-1,-1,-1
340,16,784.11,161.51,88.62,220.54,-1,-1,-1,-1
341,16,790.87,159.83,88.74,222.43,-1,-1,-1,-1
342,16,790.89,155.70,90.77,219.39,-1,-1,-1,-1
343,16,799.62,155.03,87.19,218.32,-1,-1,-1,-1
344,16,799.83,153.42,88.44,220.50,-1,-1,-1,-1
345,16,807.30,153.66,87.31,218.69,-1,-1,-1,-1
346,16,807.90,151.29,87.91,223.25,-1,-1,-1,-1
347,16,809.50,148.35,87.12,218.27,-1,-1,-1,-1
348,16,816.33,146.60,87.06,221.24,-1,-1,-1,-1
349,16,822.78,148.20,88.23,217.21,-1,-1,-1,-1
350,16,822.79,144.92,90.42,222.09,-1,-1,-1,-1
351,16,826.28,142.46,97.39,225.47,-1,-1,-1,-1
352,16,827.84,141.21,96.05,226.46,-1,-1,-1,-1
353,16,828.47,140.87,96.30,227.46,-1,-1,-1,-1
354,16,835.11,138.56,97.10,220.07,-1,-1,-1,-1
355,16,835.50,135.98,97.73,225.21,-1,-1,-1,-1
356,16,843.67,136.96,95.11,222.06,-1,-1,-1,-1
357,16,844.60,135.08,96.00,225.51,-1,-1,-1,-1
358,16,851.03,134.16,96.05,227.41,-1,-1,-1,-1
359,16,851.27,132.25,97.90,230.11,-1,-1,-1,-1
360,16,849.01,130.85,103.71,232.51,-1,-1,-1,-1
361,16,857.54,130.78,99.14,230.89,-1,-1,-1,-1
362,16,856.68,130.07,102.37,233.39,-1,-1,-1,-1
363,16,857.10,128.62,102.94,236.31,-1,-1,-1,-1
364,16,861.75,126.29,107.25,242.36,-1,-1,-1,-1
365,16,862.08,123.98,108.54,244.39,-1,-1,-1,-1
366,16,867.16,124.10,112.34,246.82,-1,-1,-1,-1
367,16,867.54,123.15,112.89,247.72,-1,-1,-1,-1
368,16,869.83,121.88,109.52,238.49,-1,-1,-1,-1
369,16,880.66,123.34,102.21,233.72,-1,-1,-1,-1
370,16,889.91,123.85,98.57,231.62,-1,-1,-1,-1
371,16,889.77,123.75,101.05,232.04,-1,-1,-1,-1
372,16,899.01,124.32,95.69,230.96,-1,-1,-1,-1
373,16,902.18,124.00,92.05,231.81,-1,-1,-1,-1
374,16,910.35,124.18,89.54,231.41,-1,-1,-1,-1
375,16,910.08,124.06,92.49,231.92,-1,-1,-1,-1
376,16,917.86,122.65,90.26,234.26,-1,-1,-1,-1
377,16,917.70,120.82,92.71,236.24,-1,-1,-1,-1
378,16,924.94,118.93,91.73,237.57,-1,-1,-1,-1
379,16,926.01,120.69,92.53,236.96,-1,-1,-1,-1
380,16,932.09,120.45,93.89,235.05,-1,-1,-1,-1
381,16,933.82,119.34,92.27,235.95,-1,-1,-1,-1
382,16,934.56,121.31,92.69,234.29,-1,-1,-1,-1
383,16,942.26,122.85,90.86,233.71,-1,-1,-1,-1
384,16,942.98,125.96,91.30,229.63,-1,-1,-1,-1
385,16,948.70,122.89,93.01,232.76,-1,-1,-1,-1
386,16,950.30,122.20,93.24,234.95,-1,-1,-1,-1
387,16,957.00,120.03,93.18,236.19,-1,-1,-1,-1
388,16,957.09,124.23,94.46,241.28,-1,-1,-1,-1
389,16,961.98,122.93,97.84,243.66,-1,-1,-1,-1
390,16,963.23,122.99,98.26,243.09,-1,-1,-1,-1
391,16,971.05,126.63,96.45,236.22,-1,-1,-1,-1
392,16,970.86,126.53,98.82,237.12,-1,-1,-1,-1
393,16,977.29,127.95,99.02,234.72,-1,-1,-1,-1
394,16,978.24,126.04,100.02,239.16,-1,-1,-1,-1
395,16,980.11,128.79,97.57,234.55,-1,-1,-1,-1
396,16,987.49,130.77,96.13,232.88,-1,-1,-1,-1
397,16,988.70,134.89,96.16,227.21,-1,-1,-1,-1
398,16,998.16,136.00,89.59,226.26,-1,-1,-1,-1
399,16,1001.49,139.26,86.38,231.30,-1,-1,-1,-1
400,16,1008.66,141.89,85.03,227.60,-1,-1,-1,-1
401,16,1009.22,141.87,86.11,227.86,-1,-1,-1,-1
402,16,1015.39,141.96,86.50,227.20,-1,-1,-1,-1
403,16,1016.58,141.82,86.65,229.15,-1,-1,-1,-1
404,16,1023.49,144.50,86.13,222.90,-1,-1,-1,-1
405,16,1024.79,145.18,85.55,222.14,-1,-1,-1,-1
406,16,1025.22,150.42,86.97,224.51,-1,-1,-1,-1
407,16,1031.96,152.25,86.05,223.44,-1,-1,-1,-1
408,16,1033.61,152.61,86.40,223.49,-1,-1,-1,-1
409,16,1041.15,152.61,83.15,225.19,-1,-1,-1,-1
410,16,1041.20,153.79,85.68,223.67,-1,-1,-1,-1
411,16,1041.47,156.58,87.09,228.52,-1,-1,-1,-1
412,16,1047.66,157.84,86.79,227.16,-1,-1,-1,-1
413,16,1049.62,157.71,85.36,227.20,-1,-1,-1,-1
414,16,1056.71,159.14,84.01,224.83,-1,-1,-1,-1
415,16,1055.92,162.86,87.10,220.08,-1,-1,-1,-1
416,16,1056.56,166.13,87.27,225.68,-1,-1,-1,-1
417,16,1063.50,168.44,86.67,222.51,-1,-1,-1,-1
418,16,1065.31,169.29,86.79,220.85,-1,-1,-1,-1
419,16,1072.02,171.05,85.58,220.38,-1,-1,-1,-1
420,16,1072.81,171.81,86.24,219.94,-1,-1,-1,-1
421,16,1073.14,177.26,86.51,219.28,-1,-1,-1,-1
422,16,1079.24,178.68,87.34,219.03,-1,-1,-1,-1
423,16,1080.27,179.49,88.66,218.82,-1,-1,-1,-1
424,16,1087.63,184.51,86.22,220.55,-1,-1,-1,-1
425,16,1088.14,185.42,87.56,221.29,-1,-1,-1,-1
426,16,1088.33,187.15,88.81,218.62,-1,-1,-1,-1
427,16,1095.00,189.04,88.18,216.64,-1,-1,-1,-1
428,16,1097.01,189.15,86.82,217.27,-1,-1,-1,-1
429,16,1104.92,194.32,84.14,218.74,-1,-1,-1,-1
430,16,1104.38,196.52,86.05,217.08,-1,-1,-1,-1
431,16,1104.61,196.61,87.08,217.48,-1,-1,-1,-1
432,16,1104.85,200.45,87.60,220.31,-1,-1,-1,-1
433,16,1112.17,203.09,85.79,217.25,-1,-1,-1,-1
434,16,1112.21,203.68,88.70,218.40,-1,-1,-1,-1
435,16,1119.64,205.87,87.07,215.43,-1,-1,-1,-1
436,16,1119.45,211.87,88.90,214.55,-1,-1,-1,-1
437,16,1119.39,212.93,89.78,213.80,-1,-1,-1,-1
438,16,1120.83,214.08,88.47,213.73,-1,-1,-1,-1
439,16,1127.41,218.93,88.38,215.94,-1,-1,-1,-1
440,16,1129.76,220.24,86.44,215.49,-1,-1,-1,-1
441,16,1137.00,221.81,84.09,214.13,-1,-1,-1,-1
442,16,1136.65,227.71,86.53,215.07,-1,-1,-1,-1
443,16,1136.81,229.85,87.24,212.41,-1,-1,-1,-1
444,16,1144.03,234.95,85.49,215.47,-1,-1,-1,-1
445,16,1144.69,236.17,86.56,215.02,-1,-1,-1,-1
446,16,1145.07,237.23,87.89,214.12,-1,-1,-1,-1
447,16,1152.25,242.80,86.34,215.97,-1,-1,-1,-1
448,16,1151.70,246.27,88.39,211.29,-1,-1,-1,-1
449,16,1152.90,247.84,87.45,209.86,-1,-1,-1,-1
450,16,1159.49,252.78,87.23,212.13,-1,-1,-1,-1
451,16,1160.24,254.81,87.12,209.94,-1,-1,-1,-1
452,16,1161.03,256.87,86.09,207.53,-1,-1,-1,-1
453,16,1161.00,262.29,87.97,208.17,-1,-1,-1,-1
454,16,1167.55,265.56,87.04,204.60,-1,-1,-1,-1
455,16,1166.52,266.11,91.41,206.86,-1,-1,-1,-1
456,16,1166.34,271.22,92.51,208.47,-1,-1,-1,-1
457,16,1174.77,275.11,87.86,203.04,-1,-1,-1,-1
458,16,1176.15,279.29,87.14,207.30,-1,-1,-1,-1
459,16,1175.71,281.44,88.68,205.82,-1,-1,-1,-1
460,16,1176.47,282.45,88.80,206.10,-1,-1,-1,-1
461,16,1177.46,287.10,86.64,208.65,-1,-1,-1,-1
462,16,1183.67,288.82,86.69,207.77,-1,-1,-1,-1
463,16,1183.31,294.96,89.04,209.49,-1,-1,-1,-1
464,16,1183.28,296.62,89.59,208.41,-1,-1,-1,-1
465,16,1182.87,301.76,91.31,210.61,-1,-1,-1,-1
466,16,1190.04,303.75,89.42,209.05,-1,-1,-1,-1
467,16,1192.52,308.68,86.89,211.97,-1,-1,-1,-1
468,16,1192.20,311.27,87.12,210.40,-1,-1,-1,-1
469,16,1192.35,317.17,87.96,211.85,-1,-1,-1,-1
470,16,1199.52,318.77,86.46,211.42,-1,-1,-1,-1
471,16,1200.68,318.96,85.22,212.61,-1,-1,-1,-1
472,16,1200.62,324.65,86.49,213.91,-1,-1,-1,-1
473,16,1200.31,326.62,87.46,212.17,-1,-1,-1,-1
474,16,1199.26,331.86,90.16,214.58,-1,-1,-1,-1
475,16,1206.52,334.85,88.53,210.28,-1,-1,-1,-1
476,16,1207.74,336.20,87.66,208.86,-1,-1,-1,-1
477,16,1208.75,344.57,85.21,205.19,-1,-1,-1,-1
478,16,1210.77,346.26,81.73,204.71,-1,-1,-1,-1
479,16,1210.95,351.26,81.38,207.47,-1,-1,-1,-1
480,16,1211.26,352.24,80.54,207.89,-1,-1,-1,-1
481,16,1211.82,358.70,79.76,207.43,-1,-1,-1,-1
482,16,1209.61,359.63,84.34,208.84,-1,-1,-1,-1
483,16,1209.88,360.40,84.05,208.89,-1,-1,-1,-1
484,16,1209.32,365.25,85.12,211.93,-1,-1,-1,-1
485,16,1210.36,367.09,82.75,211.27,-1,-1,-1,-1
486,16,1210.49,373.76,82.84,210.05,-1,-1,-1,-1
487,16,1209.20,374.31,86.32,211.99,-1,-1,-1,-1
488,16,1207.62,378.99,89.77,215.27,-1,-1,-1,-1
489,16,1208.11,379.47,88.58,216.47,-1,-1,-1,-1
490,16,1207.15,382.02,91.34,214.07,-1,-1,-1,-1
491,16,1213.69,388.98,90.49,213.00,-1,-1,-1,-1
492,16,1213.04,389.73,93.16,214.79,-1,-1,-1,-1
493,16,1210.01,395.32,99.00,216.64,-1,-1,-1,-1
494,16,1210.77,396.99,97.58,215.77,-1,-1,-1,-1
495,16,1210.69,404.03,97.95,215.69,-1,-1,-1,-1
496,16,1211.19,404.92,97.81,217.35,-1,-1,-1,-1
497,16,1210.77,411.90,98.64,216.21,-1,-1,-1,-1
498,16,1212.16,412.76,96.59,217.40,-1,-1,-1,-1
499,16,1210.95,420.09,98.13,216.00,-1,-1,-1,-1
500,16,1211.26,421.67,98.32,216.34,-1,-1,-1,-1
317,17,689.97,637.95,83.84,195.60,-1,-1,-1,-1
318,17,689.58,635.61,84.15,198.88,-1,-1,-1,-1
319,17,690.05,635.34,82.45,199.37,-1,-1,-1,-1
320,17,743.69,581.94,153.78,260.55,-1,-1,-1,-1
323,18,680.86,622.54,84.72,195.08,-1,-1,-1,-1
324,18,674.81,622.11,83.33,195.16,-1,-1,-1,-1
325,18,673.02,618.65,85.78,200.61,-1,-1,-1,-1
326,18,672.99,613.85,84.80,197.98,-1,-1,-1,-1
327,18,672.51,610.29,84.73,203.03,-1,-1,-1,-1
328,18,666.61,609.28,84.64,202.76,-1,-1,-1,-1
329,18,665.82,610.06,83.72,200.63,-1,-1,-1,-1
330,18,664.31,603.08,85.18,201.52,-1,-1,-1,-1
331,18,656.78,595.09,88.43,204.42,-1,-1,-1,-1
332,18,654.19,592.06,91.32,208.07,-1,-1,-1,-1
333,18,654.46,590.94,89.65,209.42,-1,-1,-1,-1
334,18,653.26,590.67,91.34,209.43,-1,-1,-1,-1
335,18,648.51,585.49,88.80,218.36,-1,-1,-1,-1
336,18,647.13,581.36,90.23,214.68,-1,-1,-1,-1
337,18,647.64,579.50,88.66,216.64,-1,-1,-1,-1
338,18,646.70,576.25,89.63,223.59,-1,-1,-1,-1
339,18,645.53,573.75,91.24,227.41,-1,-1,-1,-1
340,18,643.73,568.73,94.60,221.71,-1,-1,-1,-1
341,18,636.24,564.04,96.93,215.96,-1,-1,-1,-1
342,18,635.78,560.19,95.72,208.71,-1,-1,-1,-1
343,18,635.02,559.37,96.23,208.82,-1,-1,-1,-1
344,18,635.33,557.34,95.14,211.50,-1,-1,-1,-1
345,18,630.63,551.86,92.58,208.97,-1,-1,-1,-1
346,18,631.36,552.17,90.05,205.75,-1,-1,-1,-1
347,18,631.22,545.72,90.02,206.85,-1,-1,-1,-1
348,18,630.22,546.62,91.88,202.75,-1,-1,-1,-1
349,18,630.77,543.44,90.12,207.05,-1,-1,-1,-1
350,18,629.89,537.90,90.60,205.42,-1,-1,-1,-1
351,18,629.02,536.88,92.26,205.31,-1,-1,-1,-1
352,18,629.08,535.23,92.17,207.82,-1,-1,-1,-1
353,18,629.11,530.32,91.74,204.18,-1,-1,-1,-1
354,18,623.26,525.97,90.27,210.59,-1,-1,-1,-1
355,18,624.54,521.53,86.44,207.17,-1,-1,-1,-1
356,18,622.72,517.68,89.50,212.69,-1,-1,-1,-1
357,18,621.71,512.77,91.47,208.32,-1,-1,-1,-1
358,18,622.92,510.46,88.76,210.24,-1,-1,-1,-1
359,18,623.22,505.09,87.99,207.01,-1,-1,-1,-1
360,18,616.57,500.34,87.98,214.27,-1,-1,-1,-1
394,19,612.97,362.93,93.28,201.16,-1,-1,-1,-1
395,19,612.37,357.35,95.00,199.36,-1,-1,-1,-1
396,19,612.80,358.30,95.43,195.70,-1,-1,-1,-1
397,19,621.19,356.70,92.02,196.98,-1,-1,-1,-1
398,19,621.04,350.39,93.47,197.17,-1,-1,-1,-1
399,19,621.29,348.45,93.27,197.48,-1,-1,-1,-1
400,19,620.97,342.96,93.63,196.56,-1,-1,-1,-1
401,19,621.63,343.23,93.24,192.72,-1,-1,-1,-1
402,19,621.18,341.12,94.08,194.45,-1,-1,-1,-1
403,19,629.28,334.47,91.07,196.48,-1,-1,-1,-1
404,19,630.31,331.92,90.15,199.16,-1,-1,-1,-1
405,19,630.03,331.64,91.10,197.59,-1,-1,-1,-1
406,19,630.21,326.26,92.75,197.03,-1,-1,-1,-1
407,19,629.75,324.01,93.29,198.17,-1,-1,-1,-1
408,19,631.29,317.71,90.62,200.01,-1,-1,-1,-1
409,19,636.31,315.66,94.20,201.07,-1,-1,-1,-1
410,19,637.69,314.63,92.09,200.21,-1,-1,-1,-1
411,19,638.06,308.97,93.29,200.29,-1,-1,-1,-1
412,19,638.78,305.67,92.29,202.49,-1,-1,-1,-1
413,19,639.01,298.99,91.52,205.00,-1,-1,-1,-1
414,19,645.57,298.30,92.07,204.64,-1,-1,-1,-1
415,19,648.22,296.39,88.63,206.61,-1,-1,-1,-1
416,19,655.14,294.62,87.63,209.01,-1,-1,-1,-1
417,19,654.99,287.55,89.21,210.60,-1,-1,-1,-1
418,19,655.29,285.29,89.24,213.66,-1,-1,-1,-1
419,19,655.27,284.40,89.80,214.48,-1,-1,-1,-1
420,19,655.50,281.79,89.92,218.31,-1,-1,-1,-1
421,19,655.89,275.98,90.02,218.16,-1,-1,-1,-1
422,19,662.10,273.23,90.22,221.65,-1,-1,-1,-1
423,19,660.68,270.28,94.53,227.26,-1,-1,-1,-1
424,19,661.12,268.73,94.44,230.67,-1,-1,-1,-1
425,19,670.24,266.74,90.59,235.16,-1,-1,-1,-1
426,19,671.33,265.71,89.59,236.87,-1,-1,-1,-1
427,19,671.13,262.72,90.71,242.00,-1,-1,-1,-1
428,19,671.34,259.18,91.35,249.15,-1,-1,-1,-1
429,19,677.44,258.30,91.68,251.72,-1,-1,-1,-1
430,19,677.91,255.56,92.69,256.41,-1,-1,-1,-1
431,19,676.53,253.10,96.49,260.14,-1,-1,-1,-1
432,19,682.97,251.00,96.96,263.82,-1,-1,-1,-1
433,19,683.78,245.35,96.56,263.88,-1,-1,-1,-1
434,19,690.71,243.90,96.38,265.93,-1,-1,-1,-1
435,19,690.99,241.69,96.73,270.10,-1,-1,-1,-1
436,19,687.41,237.97,104.03,276.65,-1,-1,-1,-1
437,19,684.68,234.73,109.69,283.22,-1,-1,-1,-1
438,19,681.51,231.66,116.45,288.01,-1,-1,-1,-1
439,19,679.93,223.40,119.64,290.66,-1,-1,-1,-1
440,19,680.27,221.17,118.83,294.28,-1,-1,-1,-1
441,19,682.30,218.35,115.41,298.77,-1,-1,-1,-1
442,19,682.40,217.88,116.27,299.85,-1,-1,-1,-1
409,20,726.04,579.00,170.88,314.53,-1,-1,-1,-1
410,20,714.30,577.27,179.11,317.74,-1,-1,-1,-1
435,21,726.27,581.62,171.41,293.51,-1,-1,-1,-1
436,21,725.80,581.34,171.70,293.46,-1,-1,-1,-1
444,22,716.14,210.79,79.09,203.68,-1,-1,-1,-1
450,23,732.62,198.22,78.78,212.66,-1,-1,-1,-1
451,23,733.08,197.59,79.24,212.16,-1,-1,-1,-1
452,23,738.45,196.99,81.28,211.49,-1,-1,-1,-1
453,23,738.85,194.88,83.96,216.16,-1,-1,-1,-1
454,23,745.90,191.79,83.03,210.81,-1,-1,-1,-1
455,23,745.38,187.53,87.37,217.98,-1,-1,-1,-1
456,23,750.76,187.35,88.36,217.19,-1,-1,-1,-1
457,23,751.67,184.91,88.97,220.56,-1,-1,-1,-1
458,23,759.06,185.42,87.33,219.70,-1,-1,-1,-1
459,23,758.78,178.48,90.57,220.19,-1,-1,-1,-1
460,23,763.35,176.79,95.01,222.23,-1,-1,-1,-1
461,23,765.40,175.86,92.49,221.78,-1,-1,-1,-1
462,23,765.67,172.41,92.94,216.83,-1,-1,-1,-1
463,23,772.83,171.93,92.34,216.82,-1,-1,-1,-1
464,23,772.64,168.89,94.98,220.83,-1,-1,-1,-1
465,23,779.87,167.87,94.23,223.16,-1,-1,-1,-1
466,23,781.62,164.69,93.06,216.88,-1,-1,-1,-1
467,23,781.49,163.77,94.34,217.03,-1,-1,-1,-1
468,23,788.26,162.90,94.28,216.47,-1,-1,-1,-1
469,23,787.65,157.73,97.62,214.33,-1,-1,-1,-1
470,23,795.57,159.10,95.62,210.08,-1,-1,-1,-1
471,23,796.84,157.64,94.22,211.88,-1,-1,-1,-1
472,23,803.42,158.52,95.07,210.07,-1,-1,-1,-1
473,23,802.87,154.67,98.27,217.71,-1,-1,-1,-1
474,23,809.37,155.08,99.74,216.57,-1,-1,-1,-1
475,23,811.86,152.29,96.38,210.20,-1,-1,-1,-1
476,23,819.89,152.68,94.30,207.70,-1,-1,-1,-1
477,23,821.16,148.81,94.13,215.81,-1,-1,-1,-1
478,23,827.83,148.84,94.79,215.40,-1,-1,-1,-1
479,23,828.04,149.11,96.50,214.26,-1,-1,-1,-1
480,23,827.83,147.78,97.34,215.19,-1,-1,-1,-1
481,23,836.06,148.65,94.62,212.94,-1,-1,-1,-1
482,23,835.65,144.62,97.73,221.76,-1,-1,-1,-1
483,23,843.71,145.06,95.65,221.23,-1,-1,-1,-1
484,23,845.06,142.19,94.62,226.64,-1,-1,-1,-1
485,23,852.30,141.46,93.87,228.16,-1,-1,-1,-1
486,23,852.59,139.83,94.92,230.71,-1,-1,-1,-1
487,23,851.97,139.00,97.68,233.49,-1,-1,-1,-1
488,23,857.05,138.31,100.85,235.29,-1,-1,-1,-1
489,23,857.59,136.50,101.67,239.60,-1,-1,-1,-1
496,24,890.56,136.27,82.57,209.43,-1,-1,-1,-1
497,24,890.34,136.13,83.76,208.74,-1,-1,-1,-1
