1,1,915,439,90,200,1,1,1.0
1,2,1098,773,86,200,1,1,1.0
1,3,762,799,94,200,1,1,1.0
2,1,923,451,94,200,1,1,1.0
2,2,1100,781,74,200,1,1,1.0
2,3,752,802,102,200,1,1,1.0
3,1,933,461,94,200,1,1,1.0
3,2,1094,786,76,200,1,1,1.0
3,3,747,792,100,200,1,1,1.0
4,1,944,470,92,200,1,1,1.0
4,2,1089,795,76,200,1,1,1.0
4,3,741,792,100,200,1,1,1.0
5,1,957,476,84,200,1,1,1.0
5,2,1077,797,88,200,1,1,1.0
5,3,740,786,92,200,1,1,1.0
6,1,965,486,88,200,1,1,1.0
6,2,1078,804,74,200,1,1,1.0
6,3,730,779,102,200,1,1,1.0
7,1,971,502,96,200,1,1,1.0
7,2,1064,803,88,200,1,1,1.0
7,3,726,775,102,200,1,1,1.0
8,1,986,511,84,200,1,1,1.0
8,2,1061,811,82,200,1,1,1.0
8,3,723,769,100,200,1,1,1.0
9,1,992,520,92,200,1,1,1.0
9,2,1056,816,76,200,1,1,1.0
9,3,723,764,94,200,1,1,1.0
10,1,1003,525,88,200,1,1,1.0
10,2,1048,820,78,200,1,1,1.0
10,3,720,760,94,200,1,1,1.0
11,1,1013,537,86,200,1,1,1.0
11,2,1034,816,90,200,1,1,1.0
11,3,716,746,98,200,1,1,1.0
12,1,1018,553,94,200,1,1,1.0
12,2,1033,819,76,200,1,1,1.0
12,3,714,745,98,200,1,1,1.0
13,1,1027,560,92,200,1,1,1.0
13,2,1019,829,86,200,1,1,1.0
13,3,710,737,104,200,1,1,1.0
14,1,1038,568,86,200,1,1,1.0
14,2,1015,825,76,200,1,1,1.0
14,3,711,733,100,200,1,1,1.0
15,1,1047,577,84,200,1,1,1.0
15,2,1005,829,78,200,1,1,1.0
15,3,711,723,100,200,1,1,1.0
16,1,1047,585,98,200,1,1,1.0
16,2,993,831,84,200,1,1,1.0
16,3,711,717,100,200,1,1,1.0
17,1,1062,597,84,200,1,1,1.0
17,2,982,833,88,200,1,1,1.0
17,3,714,708,94,200,1,1,1.0
18,1,1064,608,92,200,1,1,1.0
18,2,974,834,84,200,1,1,1.0
18,3,714,701,98,200,1,1,1.0
19,1,1069,617,96,200,1,1,1.0
19,2,965,838,82,200,1,1,1.0
19,3,714,695,100,200,1,1,1.0
20,1,1080,626,86,200,1,1,1.0
20,2,958,834,78,200,1,1,1.0
20,3,720,683,92,200,1,1,1.0
21,1,1079,636,98,200,1,1,1.0
21,2,943,841,88,200,1,1,1.0
21,3,723,678,92,200,1,1,1.0
22,1,1090,644,88,200,1,1,1.0
22,2,934,837,86,200,1,1,1.0
22,3,723,670,98,200,1,1,1.0
23,1,1094,648,88,200,1,1,1.0
23,2,923,842,88,200,1,1,1.0
23,3,724,661,104,200,1,1,1.0
24,1,1095,661,96,200,1,1,1.0
24,2,914,836,88,200,1,1,1.0
24,3,730,655,100,200,1,1,1.0
25,1,1096,670,100,200,1,1,1.0
25,2,907,841,82,200,1,1,1.0
25,3,736,641,96,200,1,1,1.0
26,1,1103,678,94,200,1,1,1.0
26,2,898,839,80,200,1,1,1.0
26,3,739,632,100,200,1,1,1.0
27,1,1108,685,90,200,1,1,1.0
27,2,884,839,88,200,1,1,1.0
27,3,748,629,94,200,1,1,1.0
28,1,1112,693,86,200,1,1,1.0
28,2,877,836,82,200,1,1,1.0
28,3,754,620,94,200,1,1,1.0
29,1,1111,699,92,200,1,1,1.0
29,2,866,834,84,200,1,1,1.0
29,3,761,611,92,200,1,1,1.0
30,1,1110,704,96,200,1,1,1.0
30,2,859,832,78,200,1,1,1.0
30,3,767,600,94,200,1,1,1.0
31,1,1113,710,92,200,1,1,1.0
31,2,845,832,88,200,1,1,1.0
31,3,769,594,104,200,1,1,1.0
32,1,1110,721,98,200,1,1,1.0
32,2,840,833,80,200,1,1,1.0
32,3,782,581,92,200,1,1,1.0
33,1,1114,729,90,200,1,1,1.0
33,2,833,831,74,200,1,1,1.0
33,3,791,571,90,200,1,1,1.0
34,1,1117,732,84,200,1,1,1.0
34,2,822,828,80,200,1,1,1.0
34,3,797,561,94,200,1,1,1.0
35,1,1113,739,90,200,1,1,1.0
35,2,813,822,80,200,1,1,1.0
35,3,801,551,102,200,1,1,1.0
36,1,1110,750,92,200,1,1,1.0
36,2,807,822,76,200,1,1,1.0
36,3,811,547,98,200,1,1,1.0
37,1,1107,751,94,200,1,1,1.0
37,2,796,821,82,200,1,1,1.0
37,3,817,537,104,200,1,1,1.0
38,1,1105,756,92,200,1,1,1.0
38,2,791,812,76,200,1,1,1.0
38,3,831,520,94,200,1,1,1.0
39,1,1105,768,86,200,1,1,1.0
39,2,783,813,76,200,1,1,1.0
39,3,835,516,106,200,1,1,1.0
40,1,1096,773,98,200,1,1,1.0
40,2,776,807,76,200,1,1,1.0
40,3,851,504,92,200,1,1,1.0
41,1,1093,776,94,200,1,1,1.0
41,2,767,801,82,200,1,1,1.0
41,3,860,497,94,200,1,1,1.0
42,1,1086,786,100,200,1,1,1.0
42,2,758,799,86,200,1,1,1.0
42,3,867,483,98,200,1,1,1.0
43,1,1086,787,90,200,1,1,1.0
43,2,756,796,80,200,1,1,1.0
43,3,879,478,94,200,1,1,1.0
44,1,1081,789,90,200,1,1,1.0
44,2,751,787,78,200,1,1,1.0
44,3,884,460,104,200,1,1,1.0
45,1,1076,801,88,200,1,1,1.0
45,2,745,780,80,200,1,1,1.0
45,3,896,451,100,200,1,1,1.0
46,1,1072,805,84,200,1,1,1.0
46,2,743,777,74,200,1,1,1.0
46,3,906,442,100,200,1,1,1.0
47,1,1058,809,98,200,1,1,1.0
47,2,739,774,74,200,1,1,1.0
47,3,917,436,96,200,1,1,1.0
48,1,1055,808,90,200,1,1,1.0
48,2,732,763,82,200,1,1,1.0
48,3,923,424,104,200,1,1,1.0
49,1,1048,812,90,200,1,1,1.0
49,2,727,758,84,200,1,1,1.0
49,3,938,418,94,200,1,1,1.0
50,1,1036,820,98,200,1,1,1.0
50,2,726,755,82,200,1,1,1.0
50,3,943,404,104,200,1,1,1.0
51,1,1029,818,96,200,1,1,1.0
51,2,720,753,88,200,1,1,1.0
51,3,956,392,98,200,1,1,1.0
52,1,1025,823,88,200,1,1,1.0
52,2,719,741,88,200,1,1,1.0
52,3,965,382,100,200,1,1,1.0
53,1,1017,825,86,200,1,1,1.0
53,2,722,737,78,200,1,1,1.0
53,3,978,371,92,200,1,1,1.0
54,1,1005,827,92,200,1,1,1.0
54,2,723,729,76,200,1,1,1.0
54,3,982,368,104,200,1,1,1.0
55,1,999,827,86,200,1,1,1.0
55,2,723,720,76,200,1,1,1.0
55,3,998,351,90,200,1,1,1.0
56,1,991,836,84,200,1,1,1.0
56,2,717,711,88,200,1,1,1.0
56,3,1006,345,92,200,1,1,1.0
57,1,977,836,94,200,1,1,1.0
57,2,719,706,86,200,1,1,1.0
57,3,1011,333,100,200,1,1,1.0
58,1,971,835,86,200,1,1,1.0
58,2,725,698,76,200,1,1,1.0
58,3,1020,329,98,200,1,1,1.0
59,1,960,841,88,200,1,1,1.0
59,2,728,691,74,200,1,1,1.0
59,3,1031,313,94,200,1,1,1.0
60,1,953,840,84,200,1,1,1.0
60,2,723,683,88,200,1,1,1.0
60,3,1040,306,92,200,1,1,1.0
61,1,943,836,84,200,1,1,1.0
61,2,730,673,80,200,1,1,1.0
61,3,1042,297,102,200,1,1,1.0
62,1,931,843,88,200,1,1,1.0
62,2,733,665,80,200,1,1,1.0
62,3,1049,287,104,200,1,1,1.0
63,1,918,837,94,200,1,1,1.0
63,2,738,657,78,200,1,1,1.0
63,3,1058,280,100,200,1,1,1.0
64,1,912,839,86,200,1,1,1.0
64,2,739,650,84,200,1,1,1.0
64,3,1064,270,100,200,1,1,1.0
65,1,899,842,92,200,1,1,1.0
65,2,743,646,84,200,1,1,1.0
65,3,1075,262,90,200,1,1,1.0
66,1,889,842,92,200,1,1,1.0
66,2,746,638,90,200,1,1,1.0
66,3,1078,252,96,200,1,1,1.0
67,1,881,835,88,200,1,1,1.0
67,2,759,626,74,200,1,1,1.0
67,3,1079,242,104,200,1,1,1.0
68,1,868,835,96,200,1,1,1.0
68,2,763,612,78,200,1,1,1.0
68,3,1086,236,100,200,1,1,1.0
69,1,861,835,90,200,1,1,1.0
69,2,765,608,86,200,1,1,1.0
69,3,1088,224,106,200,1,1,1.0
70,1,852,836,88,200,1,1,1.0
70,2,772,598,86,200,1,1,1.0
70,3,1093,220,104,200,1,1,1.0
71,1,839,836,96,200,1,1,1.0
71,2,782,585,80,200,1,1,1.0
71,3,1096,205,104,200,1,1,1.0
72,1,829,831,98,200,1,1,1.0
72,2,792,582,74,200,1,1,1.0
72,3,1103,204,96,200,1,1,1.0
73,1,826,825,86,200,1,1,1.0
73,2,795,567,84,200,1,1,1.0
73,3,1106,195,96,200,1,1,1.0
74,1,811,829,98,200,1,1,1.0
74,2,802,563,86,200,1,1,1.0
74,3,1107,184,98,200,1,1,1.0
75,1,803,821,96,200,1,1,1.0
75,2,817,549,74,200,1,1,1.0
75,3,1108,173,100,200,1,1,1.0
76,1,797,823,92,200,1,1,1.0
76,2,824,539,76,200,1,1,1.0
76,3,1107,168,104,200,1,1,1.0
77,1,786,813,98,200,1,1,1.0
77,2,833,532,76,200,1,1,1.0
77,3,1110,164,98,200,1,1,1.0
78,1,783,811,88,200,1,1,1.0
78,2,839,524,82,200,1,1,1.0
78,3,1106,156,106,200,1,1,1.0
79,1,774,812,92,200,1,1,1.0
79,2,848,511,84,200,1,1,1.0
79,3,1108,145,102,200,1,1,1.0
80,1,771,805,84,200,1,1,1.0
80,2,857,500,84,200,1,1,1.0
80,3,1108,140,100,200,1,1,1.0
81,1,762,799,88,200,1,1,1.0
81,2,866,489,86,200,1,1,1.0
81,3,1111,133,92,200,1,1,1.0
82,1,754,797,92,200,1,1,1.0
82,2,876,479,84,200,1,1,1.0
82,3,1106,129,98,200,1,1,1.0
83,1,746,792,96,200,1,1,1.0
83,2,887,475,82,200,1,1,1.0
83,3,1104,119,96,200,1,1,1.0
84,1,740,788,98,200,1,1,1.0
84,2,900,465,76,200,1,1,1.0
84,3,1101,115,96,200,1,1,1.0
85,1,736,786,96,200,1,1,1.0
85,2,904,452,88,200,1,1,1.0
85,3,1097,111,98,200,1,1,1.0
86,1,736,779,88,200,1,1,1.0
86,2,915,442,86,200,1,1,1.0
86,3,1090,104,104,200,1,1,1.0
87,1,732,773,86,200,1,1,1.0
87,2,928,437,78,200,1,1,1.0
87,3,1090,104,96,200,1,1,1.0
88,1,727,766,90,200,1,1,1.0
88,2,933,422,88,200,1,1,1.0
88,3,1083,95,100,200,1,1,1.0
89,1,720,764,98,200,1,1,1.0
89,2,942,409,90,200,1,1,1.0
89,3,1076,88,104,200,1,1,1.0
90,1,719,750,94,200,1,1,1.0
90,2,957,403,80,200,1,1,1.0
90,3,1070,83,104,200,1,1,1.0
91,1,717,744,94,200,1,1,1.0
91,2,962,393,90,200,1,1,1.0
91,3,1063,82,106,200,1,1,1.0
92,1,717,745,90,200,1,1,1.0
92,2,980,379,74,200,1,1,1.0
92,3,1061,79,98,200,1,1,1.0
93,1,714,737,94,200,1,1,1.0
93,2,986,370,80,200,1,1,1.0
93,3,1050,73,106,200,1,1,1.0
94,1,716,728,90,200,1,1,1.0
94,2,996,360,80,200,1,1,1.0
94,3,1049,71,94,200,1,1,1.0
95,1,719,720,84,200,1,1,1.0
95,2,1001,356,88,200,1,1,1.0
95,3,1042,68,92,200,1,1,1.0
96,1,712,712,98,200,1,1,1.0
96,2,1016,345,76,200,1,1,1.0
96,3,1033,65,94,200,1,1,1.0
97,1,720,704,84,200,1,1,1.0
97,2,1020,336,86,200,1,1,1.0
97,3,1027,55,90,200,1,1,1.0
98,1,713,699,100,200,1,1,1.0
98,2,1032,320,78,200,1,1,1.0
98,3,1015,52,98,200,1,1,1.0
99,1,717,693,96,200,1,1,1.0
99,2,1036,311,86,200,1,1,1.0
99,3,1008,52,94,200,1,1,1.0
100,1,721,680,92,200,1,1,1.0
100,2,1047,307,80,200,1,1,1.0
100,3,999,50,94,200,1,1,1.0
101,1,721,678,98,200,1,1,1.0
101,2,1056,294,78,200,1,1,1.0
101,3,985,46,104,200,1,1,1.0
102,1,729,666,90,200,1,1,1.0
102,2,1058,288,88,200,1,1,1.0
102,3,977,44,102,200,1,1,1.0
103,1,730,656,94,200,1,1,1.0
103,2,1071,273,76,200,1,1,1.0
103,3,966,45,104,200,1,1,1.0
104,1,737,647,90,200,1,1,1.0
104,2,1072,266,86,200,1,1,1.0
104,3,956,41,104,200,1,1,1.0
105,1,738,639,96,200,1,1,1.0
105,2,1079,259,86,200,1,1,1.0
105,3,953,41,92,200,1,1,1.0
106,1,743,630,98,200,1,1,1.0
106,2,1083,247,88,200,1,1,1.0
106,3,940,39,98,200,1,1,1.0
107,1,753,625,88,200,1,1,1.0
107,2,1092,241,80,200,1,1,1.0
107,3,927,44,104,200,1,1,1.0
108,1,757,615,92,200,1,1,1.0
108,2,1097,234,80,200,1,1,1.0
108,3,921,41,96,200,1,1,1.0
109,1,760,609,100,200,1,1,1.0
109,2,1098,220,88,200,1,1,1.0
109,3,912,40,96,200,1,1,1.0
110,1,771,599,90,200,1,1,1.0
110,2,1102,218,88,200,1,1,1.0
110,3,902,41,96,200,1,1,1.0
111,1,778,589,92,200,1,1,1.0
111,2,1108,211,82,200,1,1,1.0
111,3,891,39,98,200,1,1,1.0
112,1,782,577,98,200,1,1,1.0
112,2,1114,202,76,200,1,1,1.0
112,3,881,40,98,200,1,1,1.0
113,1,792,566,94,200,1,1,1.0
113,2,1112,188,84,200,1,1,1.0
113,3,872,39,96,200,1,1,1.0
114,1,801,562,92,200,1,1,1.0
114,2,1115,181,82,200,1,1,1.0
114,3,857,47,106,200,1,1,1.0
115,1,809,546,92,200,1,1,1.0
115,2,1120,177,76,200,1,1,1.0
115,3,848,47,104,200,1,1,1.0
116,1,818,539,92,200,1,1,1.0
116,2,1116,165,86,200,1,1,1.0
116,3,845,50,92,200,1,1,1.0
117,1,824,527,98,200,1,1,1.0
117,2,1120,161,78,200,1,1,1.0
117,3,834,48,96,200,1,1,1.0
118,1,833,521,98,200,1,1,1.0
118,2,1120,153,78,200,1,1,1.0
118,3,823,49,98,200,1,1,1.0
119,1,848,508,88,200,1,1,1.0
119,2,1120,147,78,200,1,1,1.0
119,3,812,53,102,200,1,1,1.0
120,1,852,502,98,200,1,1,1.0
120,2,1117,144,82,200,1,1,1.0
120,3,806,52,98,200,1,1,1.0
121,1,868,489,86,200,1,1,1.0
121,2,1115,135,82,200,1,1,1.0
121,3,801,56,90,200,1,1,1.0
122,1,876,482,90,200,1,1,1.0
122,2,1115,130,78,200,1,1,1.0
122,3,787,58,102,200,1,1,1.0
123,1,887,472,86,200,1,1,1.0
123,2,1108,118,88,200,1,1,1.0
123,3,779,63,102,200,1,1,1.0
124,1,897,458,86,200,1,1,1.0
124,2,1104,114,90,200,1,1,1.0
124,3,770,72,106,200,1,1,1.0
125,1,905,451,90,200,1,1,1.0
125,2,1107,108,76,200,1,1,1.0
125,3,767,75,98,200,1,1,1.0
126,1,914,439,92,200,1,1,1.0
126,2,1101,104,80,200,1,1,1.0
126,3,763,75,92,200,1,1,1.0
127,1,928,429,84,200,1,1,1.0
127,2,1096,99,82,200,1,1,1.0
127,3,751,82,104,200,1,1,1.0
128,1,936,418,88,200,1,1,1.0
128,2,1091,96,82,200,1,1,1.0
128,3,745,84,104,200,1,1,1.0
129,1,947,410,86,200,1,1,1.0
129,2,1086,89,82,200,1,1,1.0
129,3,745,87,92,200,1,1,1.0
130,1,956,400,86,200,1,1,1.0
130,2,1077,84,88,200,1,1,1.0
130,3,737,91,98,200,1,1,1.0
131,1,964,393,90,200,1,1,1.0
131,2,1070,81,90,200,1,1,1.0
131,3,731,97,100,200,1,1,1.0
132,1,976,382,86,200,1,1,1.0
132,2,1065,72,86,200,1,1,1.0
132,3,729,103,96,200,1,1,1.0
133,1,986,371,84,200,1,1,1.0
133,2,1061,72,82,200,1,1,1.0
133,3,723,113,100,200,1,1,1.0
134,1,990,363,96,200,1,1,1.0
134,2,1052,64,84,200,1,1,1.0
134,3,724,119,92,200,1,1,1.0
135,1,1000,350,94,200,1,1,1.0
135,2,1047,63,80,200,1,1,1.0
135,3,714,120,106,200,1,1,1.0
136,1,1010,340,92,200,1,1,1.0
136,2,1034,61,90,200,1,1,1.0
136,3,712,130,106,200,1,1,1.0
137,1,1016,331,98,200,1,1,1.0
137,2,1031,60,80,200,1,1,1.0
137,3,714,134,98,200,1,1,1.0
138,1,1025,325,96,200,1,1,1.0
138,2,1025,52,74,200,1,1,1.0
138,3,716,143,92,200,1,1,1.0
139,1,1034,311,94,200,1,1,1.0
139,2,1011,52,84,200,1,1,1.0
139,3,713,148,96,200,1,1,1.0
140,1,1042,302,94,200,1,1,1.0
140,2,1006,46,76,200,1,1,1.0
140,3,709,155,104,200,1,1,1.0
141,1,1050,293,92,200,1,1,1.0
141,2,993,47,84,200,1,1,1.0
141,3,715,160,92,200,1,1,1.0
142,1,1060,283,88,200,1,1,1.0
142,2,988,46,76,200,1,1,1.0
142,3,709,172,104,200,1,1,1.0
143,1,1067,279,86,200,1,1,1.0
143,2,979,46,74,200,1,1,1.0
143,3,711,177,104,200,1,1,1.0
144,1,1070,267,94,200,1,1,1.0
144,2,962,42,88,200,1,1,1.0
144,3,712,184,104,200,1,1,1.0
145,1,1074,257,98,200,1,1,1.0
145,2,957,41,80,200,1,1,1.0
145,3,718,193,96,200,1,1,1.0
146,1,1085,245,86,200,1,1,1.0
146,2,944,42,86,200,1,1,1.0
146,3,721,205,96,200,1,1,1.0
147,1,1087,237,94,200,1,1,1.0
147,2,933,42,88,200,1,1,1.0
147,3,723,207,98,200,1,1,1.0
148,1,1094,228,88,200,1,1,1.0
148,2,927,43,80,200,1,1,1.0
148,3,723,215,106,200,1,1,1.0
149,1,1096,226,94,200,1,1,1.0
149,2,920,42,76,200,1,1,1.0
149,3,732,224,96,200,1,1,1.0
150,1,1098,213,96,200,1,1,1.0
150,2,906,38,84,200,1,1,1.0
150,3,737,235,94,200,1,1,1.0
151,1,1106,205,88,200,1,1,1.0
151,2,899,41,78,200,1,1,1.0
151,3,738,243,102,200,1,1,1.0
152,1,1108,196,90,200,1,1,1.0
152,2,883,40,90,200,1,1,1.0
152,3,747,250,96,200,1,1,1.0
153,1,1108,189,94,200,1,1,1.0
153,2,878,44,80,200,1,1,1.0
153,3,753,258,96,200,1,1,1.0
154,1,1114,179,86,200,1,1,1.0
154,2,863,47,90,200,1,1,1.0
154,3,759,269,96,200,1,1,1.0
155,1,1114,173,88,200,1,1,1.0
155,2,859,42,78,200,1,1,1.0
155,3,766,279,96,200,1,1,1.0
156,1,1109,170,100,200,1,1,1.0
156,2,852,50,74,200,1,1,1.0
156,3,775,293,92,200,1,1,1.0
157,1,1113,158,92,200,1,1,1.0
157,2,837,50,86,200,1,1,1.0
157,3,776,301,104,200,1,1,1.0
158,1,1111,154,96,200,1,1,1.0
158,2,827,55,86,200,1,1,1.0
158,3,787,305,98,200,1,1,1.0
159,1,1111,147,96,200,1,1,1.0
159,2,822,53,80,200,1,1,1.0
159,3,796,316,96,200,1,1,1.0
160,1,1109,138,98,200,1,1,1.0
160,2,815,54,76,200,1,1,1.0
160,3,803,331,98,200,1,1,1.0
161,1,1107,133,98,200,1,1,1.0
161,2,801,60,88,200,1,1,1.0
161,3,809,335,102,200,1,1,1.0
162,1,1111,130,86,200,1,1,1.0
162,2,800,62,74,200,1,1,1.0
162,3,820,350,98,200,1,1,1.0
163,1,1104,117,94,200,1,1,1.0
163,2,784,67,90,200,1,1,1.0
163,3,827,357,102,200,1,1,1.0
164,1,1106,113,84,200,1,1,1.0
164,2,778,67,86,200,1,1,1.0
164,3,835,370,106,200,1,1,1.0
165,1,1096,110,98,200,1,1,1.0
165,2,771,74,86,200,1,1,1.0
165,3,851,374,92,200,1,1,1.0
166,1,1098,101,84,200,1,1,1.0
166,2,769,75,78,200,1,1,1.0
166,3,862,389,90,200,1,1,1.0
167,1,1086,96,100,200,1,1,1.0
167,2,764,83,74,200,1,1,1.0
167,3,868,395,96,200,1,1,1.0
168,1,1086,95,90,200,1,1,1.0
168,2,755,85,82,200,1,1,1.0
168,3,873,406,106,200,1,1,1.0
169,1,1078,89,96,200,1,1,1.0
169,2,751,92,78,200,1,1,1.0
169,3,884,416,104,200,1,1,1.0
170,1,1075,86,90,200,1,1,1.0
170,2,742,97,86,200,1,1,1.0
170,3,897,428,98,200,1,1,1.0
171,1,1068,79,92,200,1,1,1.0
171,2,737,102,86,200,1,1,1.0
171,3,911,433,90,200,1,1,1.0
172,1,1060,76,94,200,1,1,1.0
172,2,733,108,86,200,1,1,1.0
172,3,916,442,98,200,1,1,1.0
173,1,1056,74,88,200,1,1,1.0
173,2,733,115,80,200,1,1,1.0
173,3,928,458,94,200,1,1,1.0
174,1,1050,67,86,200,1,1,1.0
174,2,726,120,86,200,1,1,1.0
174,3,938,468,94,200,1,1,1.0
175,1,1038,64,94,200,1,1,1.0
175,2,730,124,74,200,1,1,1.0
175,3,945,476,100,200,1,1,1.0
176,1,1034,64,86,200,1,1,1.0
176,2,721,129,86,200,1,1,1.0
176,3,955,483,100,200,1,1,1.0
177,1,1026,54,86,200,1,1,1.0
177,2,723,134,80,200,1,1,1.0
177,3,968,492,94,200,1,1,1.0
178,1,1011,57,98,200,1,1,1.0
178,2,720,144,82,200,1,1,1.0
178,3,975,504,98,200,1,1,1.0
179,1,1001,49,100,200,1,1,1.0
179,2,720,152,82,200,1,1,1.0
179,3,983,517,102,200,1,1,1.0
180,1,994,48,96,200,1,1,1.0
180,2,720,156,82,200,1,1,1.0
180,3,993,526,100,200,1,1,1.0
181,1,990,46,86,200,1,1,1.0
181,2,724,169,74,200,1,1,1.0
181,3,1004,536,96,200,1,1,1.0
182,1,979,46,90,200,1,1,1.0
182,2,723,176,78,200,1,1,1.0
182,3,1010,544,102,200,1,1,1.0
183,1,970,43,88,200,1,1,1.0
183,2,718,177,90,200,1,1,1.0
183,3,1024,555,90,200,1,1,1.0
184,1,957,46,94,200,1,1,1.0
184,2,726,186,78,200,1,1,1.0
184,3,1027,561,102,200,1,1,1.0
185,1,951,42,88,200,1,1,1.0
185,2,726,197,82,200,1,1,1.0
185,3,1036,571,100,200,1,1,1.0
186,1,936,40,98,200,1,1,1.0
186,2,731,202,78,200,1,1,1.0
186,3,1043,579,100,200,1,1,1.0
187,1,932,43,86,200,1,1,1.0
187,2,733,211,80,200,1,1,1.0
187,3,1053,593,96,200,1,1,1.0
188,1,919,37,92,200,1,1,1.0
188,2,738,222,78,200,1,1,1.0
188,3,1057,603,102,200,1,1,1.0
189,1,908,42,94,200,1,1,1.0
189,2,739,227,84,200,1,1,1.0
189,3,1069,609,90,200,1,1,1.0
190,1,900,37,90,200,1,1,1.0
190,2,745,233,80,200,1,1,1.0
190,3,1068,617,104,200,1,1,1.0
191,1,892,44,86,200,1,1,1.0
191,2,750,243,82,200,1,1,1.0
191,3,1080,631,92,200,1,1,1.0
192,1,877,39,96,200,1,1,1.0
192,2,756,254,80,200,1,1,1.0
192,3,1084,633,94,200,1,1,1.0
193,1,870,46,92,200,1,1,1.0
193,2,764,267,76,200,1,1,1.0
193,3,1089,646,94,200,1,1,1.0
194,1,859,43,94,200,1,1,1.0
194,2,767,273,82,200,1,1,1.0
194,3,1090,657,102,200,1,1,1.0
195,1,853,50,86,200,1,1,1.0
195,2,774,281,82,200,1,1,1.0
195,3,1097,660,96,200,1,1,1.0
196,1,843,49,88,200,1,1,1.0
196,2,777,289,90,200,1,1,1.0
196,3,1101,672,94,200,1,1,1.0
197,1,831,50,94,200,1,1,1.0
197,2,790,300,78,200,1,1,1.0
197,3,1103,682,96,200,1,1,1.0
198,1,825,52,88,200,1,1,1.0
198,2,795,307,84,200,1,1,1.0
198,3,1102,690,104,200,1,1,1.0
199,1,810,51,100,200,1,1,1.0
199,2,805,323,80,200,1,1,1.0
199,3,1109,692,94,200,1,1,1.0
200,1,806,58,90,200,1,1,1.0
200,2,816,332,76,200,1,1,1.0
200,3,1105,704,106,200,1,1,1.0
201,1,798,59,90,200,1,1,1.0
201,2,818,338,88,200,1,1,1.0
201,3,1112,708,94,200,1,1,1.0
202,1,787,60,96,200,1,1,1.0
202,2,831,352,80,200,1,1,1.0
202,3,1111,715,96,200,1,1,1.0
203,1,784,69,86,200,1,1,1.0
203,2,839,355,82,200,1,1,1.0
203,3,1114,724,90,200,1,1,1.0
204,1,771,67,98,200,1,1,1.0
204,2,851,372,78,200,1,1,1.0
204,3,1114,733,90,200,1,1,1.0
205,1,767,76,92,200,1,1,1.0
205,2,854,376,90,200,1,1,1.0
205,3,1110,742,96,200,1,1,1.0
206,1,762,75,88,200,1,1,1.0
206,2,871,387,76,200,1,1,1.0
206,3,1108,741,98,200,1,1,1.0
207,1,754,79,92,200,1,1,1.0
207,2,876,400,84,200,1,1,1.0
207,3,1108,750,94,200,1,1,1.0
208,1,745,85,98,200,1,1,1.0
208,2,887,408,82,200,1,1,1.0
208,3,1106,754,92,200,1,1,1.0
209,1,745,92,88,200,1,1,1.0
209,2,899,416,78,200,1,1,1.0
209,3,1102,766,94,200,1,1,1.0
210,1,741,99,86,200,1,1,1.0
210,2,903,431,90,200,1,1,1.0
210,3,1095,767,102,200,1,1,1.0
211,1,737,104,86,200,1,1,1.0
211,2,919,439,78,200,1,1,1.0
211,3,1095,776,94,200,1,1,1.0
212,1,727,108,96,200,1,1,1.0
212,2,926,449,82,200,1,1,1.0
212,3,1093,780,90,200,1,1,1.0
213,1,729,114,86,200,1,1,1.0
213,2,933,460,88,200,1,1,1.0
213,3,1086,789,94,200,1,1,1.0
214,1,721,121,96,200,1,1,1.0
214,2,943,471,88,200,1,1,1.0
214,3,1079,789,98,200,1,1,1.0
215,1,720,128,92,200,1,1,1.0
215,2,955,475,84,200,1,1,1.0
215,3,1072,797,100,200,1,1,1.0
216,1,716,136,96,200,1,1,1.0
216,2,969,489,76,200,1,1,1.0
216,3,1068,798,96,200,1,1,1.0
217,1,719,137,86,200,1,1,1.0
217,2,974,496,86,200,1,1,1.0
217,3,1060,801,100,200,1,1,1.0
218,1,715,143,92,200,1,1,1.0
218,2,983,511,86,200,1,1,1.0
218,3,1054,811,98,200,1,1,1.0
219,1,716,150,90,200,1,1,1.0
219,2,991,515,90,200,1,1,1.0
219,3,1050,810,92,200,1,1,1.0
220,1,712,163,98,200,1,1,1.0
220,2,1001,527,88,200,1,1,1.0
220,3,1042,812,92,200,1,1,1.0
221,1,719,164,84,200,1,1,1.0
221,2,1011,536,86,200,1,1,1.0
221,3,1028,818,104,200,1,1,1.0
222,1,717,173,90,200,1,1,1.0
222,2,1023,546,80,200,1,1,1.0
222,3,1020,820,104,200,1,1,1.0
223,1,718,178,90,200,1,1,1.0
223,2,1034,559,74,200,1,1,1.0
223,3,1016,827,96,200,1,1,1.0
224,1,723,186,84,200,1,1,1.0
224,2,1036,568,86,200,1,1,1.0
224,3,1003,831,104,200,1,1,1.0
225,1,718,195,98,200,1,1,1.0
225,2,1045,572,84,200,1,1,1.0
225,3,997,829,98,200,1,1,1.0
226,1,728,205,84,200,1,1,1.0
226,2,1050,582,90,200,1,1,1.0
226,3,986,832,102,200,1,1,1.0
227,1,726,210,96,200,1,1,1.0
227,2,1060,594,84,200,1,1,1.0
227,3,983,837,90,200,1,1,1.0
228,1,728,222,98,200,1,1,1.0
228,2,1069,606,80,200,1,1,1.0
228,3,973,834,90,200,1,1,1.0
229,1,736,231,92,200,1,1,1.0
229,2,1077,610,76,200,1,1,1.0
229,3,962,834,92,200,1,1,1.0
230,1,743,236,86,200,1,1,1.0
230,2,1080,620,84,200,1,1,1.0
230,3,950,841,98,200,1,1,1.0
231,1,746,246,92,200,1,1,1.0
231,2,1084,628,86,200,1,1,1.0
231,3,943,836,92,200,1,1,1.0
232,1,751,259,92,200,1,1,1.0
232,2,1092,636,80,200,1,1,1.0
232,3,930,838,98,200,1,1,1.0
233,1,761,269,84,200,1,1,1.0
233,2,1095,644,84,200,1,1,1.0
233,3,917,838,104,200,1,1,1.0
234,1,768,273,84,200,1,1,1.0
234,2,1102,655,80,200,1,1,1.0
234,3,915,838,90,200,1,1,1.0
235,1,770,284,92,200,1,1,1.0
235,2,1106,661,80,200,1,1,1.0
235,3,902,843,96,200,1,1,1.0
236,1,774,296,100,200,1,1,1.0
236,2,1109,675,80,200,1,1,1.0
236,3,894,843,92,200,1,1,1.0
237,1,788,305,86,200,1,1,1.0
237,2,1109,683,86,200,1,1,1.0
237,3,881,841,98,200,1,1,1.0
238,1,793,312,92,200,1,1,1.0
238,2,1115,687,78,200,1,1,1.0
238,3,871,841,98,200,1,1,1.0
239,1,799,322,96,200,1,1,1.0
239,2,1116,699,80,200,1,1,1.0
239,3,858,838,104,200,1,1,1.0
240,1,810,332,90,200,1,1,1.0
240,2,1115,702,86,200,1,1,1.0
240,3,852,834,96,200,1,1,1.0
241,1,822,340,84,200,1,1,1.0
241,2,1119,710,80,200,1,1,1.0
241,3,839,830,104,200,1,1,1.0
242,1,827,350,92,200,1,1,1.0
242,2,1115,716,88,200,1,1,1.0
242,3,836,829,92,200,1,1,1.0
243,1,834,363,96,200,1,1,1.0
243,2,1115,726,88,200,1,1,1.0
243,3,826,832,92,200,1,1,1.0
244,1,847,368,90,200,1,1,1.0
244,2,1116,732,86,200,1,1,1.0
244,3,817,829,92,200,1,1,1.0
245,1,851,379,100,200,1,1,1.0
245,2,1115,739,86,200,1,1,1.0
245,3,805,826,100,200,1,1,1.0
246,1,864,387,94,200,1,1,1.0
246,2,1114,749,84,200,1,1,1.0
246,3,801,825,90,200,1,1,1.0
247,1,874,397,94,200,1,1,1.0
247,2,1112,756,84,200,1,1,1.0
247,3,785,819,106,200,1,1,1.0
248,1,884,411,92,200,1,1,1.0
248,2,1109,760,86,200,1,1,1.0
248,3,785,814,90,200,1,1,1.0
249,1,895,422,90,200,1,1,1.0
249,2,1109,763,80,200,1,1,1.0
249,3,774,810,98,200,1,1,1.0
250,1,904,433,92,200,1,1,1.0
250,2,1100,768,90,200,1,1,1.0
250,3,763,810,106,200,1,1,1.0
