1,1,1218.89,429.23,81.55,214.21,-1,-1,-1,-1
2,1,1217.92,433.03,83.75,218.35,-1,-1,-1,-1
3,1,1217.61,434.87,83.89,217.77,-1,-1,-1,-1
4,1,1217.23,436.22,84.44,218.05,-1,-1,-1,-1
5,1,1216.52,441.79,86.77,218.96,-1,-1,-1,-1
6,1,1216.30,443.02,87.30,220.10,-1,-1,-1,-1
7,1,1216.34,449.09,87.54,218.95,-1,-1,-1,-1
8,1,1215.71,450.16,88.44,219.75,-1,-1,-1,-1
9,1,1216.14,457.44,87.58,217.78,-1,-1,-1,-1
10,1,1216.00,457.71,87.60,219.46,-1,-1,-1,-1
11,1,1215.79,457.46,87.42,222.87,-1,-1,-1,-1
12,1,1215.47,464.59,88.47,220.13,-1,-1,-1,-1
13,1,1214.90,465.72,88.20,221.77,-1,-1,-1,-1
14,1,1215.33,472.75,87.93,220.19,-1,-1,-1,-1
15,1,1215.38,473.58,87.75,222.84,-1,-1,-1,-1
16,1,1214.38,481.01,89.15,219.05,-1,-1,-1,-1
17,1,1214.68,481.56,88.59,220.76,-1,-1,-1,-1
18,1,1214.82,481.68,88.25,222.71,-1,-1,-1,-1
19,1,1214.10,488.26,89.18,222.99,-1,-1,-1,-1
20,1,1213.85,488.62,89.74,224.65,-1,-1,-1,-1
21,1,1213.11,496.48,91.00,221.72,-1,-1,-1,-1
22,1,1206.33,496.27,93.72,225.56,-1,-1,-1,-1
23,1,1204.40,503.76,95.06,223.43,-1,-1,-1,-1
24,1,1203.98,502.64,95.50,228.89,-1,-1,-1,-1
25,1,1203.50,510.41,95.18,225.57,-1,-1,-1,-1
26,1,1203.31,511.92,95.42,225.08,-1,-1,-1,-1
27,1,1203.81,518.72,93.65,224.97,-1,-1,-1,-1
28,1,1198.99,518.87,92.37,227.84,-1,-1,-1,-1
29,1,1197.63,526.17,92.85,225.01,-1,-1,-1,-1
30,1,1196.58,526.79,93.42,226.14,-1,-1,-1,-1
31,1,1195.27,534.61,94.42,223.87,-1,-1,-1,-1
32,1,1194.88,536.55,94.64,222.33,-1,-1,-1,-1
33,1,1190.99,536.10,92.36,225.54,-1,-1,-1,-1
34,1,1187.92,542.72,95.37,224.80,-1,-1,-1,-1
35,1,1187.87,543.68,95.17,226.64,-1,-1,-1,-1
36,1,1187.14,550.70,95.41,225.75,-1,-1,-1,-1
37,1,1186.49,552.49,95.27,225.26,-1,-1,-1,-1
38,1,1187.15,559.17,94.40,223.87,-1,-1,-1,-1
39,1,1185.66,561.02,96.16,222.22,-1,-1,-1,-1
40,1,1182.08,567.44,93.90,222.45,-1,-1,-1,-1
41,1,1179.99,569.22,94.03,221.99,-1,-1,-1,-1
42,1,1178.08,574.91,96.87,223.00,-1,-1,-1,-1
43,1,1176.08,575.68,97.42,223.81,-1,-1,-1,-1
44,1,1173.22,575.86,95.27,225.45,-1,-1,-1,-1
45,1,1170.38,581.55,97.26,227.09,-1,-1,-1,-1
46,1,1171.30,582.84,94.93,226.37,-1,-1,-1,-1
47,1,1166.74,584.86,92.45,223.73,-1,-1,-1,-1
48,1,1166.23,592.37,91.90,221.16,-1,-1,-1,-1
49,1,1165.61,594.24,92.26,219.15,-1,-1,-1,-1
50,1,1163.70,599.08,92.82,223.38,-1,-1,-1,-1
51,1,1158.76,600.18,92.71,222.39,-1,-1,-1,-1
52,1,1156.73,601.87,93.45,221.90,-1,-1,-1,-1
53,1,1154.71,606.83,95.30,224.69,-1,-1,-1,-1
54,1,1150.96,608.24,92.30,224.76,-1,-1,-1,-1
55,1,1149.31,615.04,93.80,223.80,-1,-1,-1,-1
56,1,1149.90,615.26,91.91,225.64,-1,-1,-1,-1
57,1,1149.24,615.81,91.03,226.32,-1,-1,-1,-1
58,1,1147.13,621.23,95.31,227.31,-1,-1,-1,-1
59,1,1142.58,623.35,91.94,223.13,-1,-1,-1,-1
60,1,1140.41,625.94,93.06,219.37,-1,-1,-1,-1
61,1,1136.01,625.45,89.89,222.24,-1,-1,-1,-1
62,1,1135.75,631.67,87.45,222.25,-1,-1,-1,-1
63,1,1134.06,631.75,88.68,223.98,-1,-1,-1,-1
64,1,1128.53,639.47,88.82,221.69,-1,-1,-1,-1
65,1,1125.95,639.45,90.38,223.85,-1,-1,-1,-1
66,1,1119.75,639.70,91.25,225.66,-1,-1,-1,-1
67,1,1117.82,645.91,92.69,227.07,-1,-1,-1,-1
68,1,1117.61,645.93,91.43,228.90,-1,-1,-1,-1
69,1,1112.31,651.88,89.85,229.84,-1,-1,-1,-1
70,1,1110.79,652.80,90.93,229.18,-1,-1,-1,-1
71,1,1108.50,651.99,93.66,232.43,-1,-1,-1,-1
72,1,1103.63,659.81,91.13,229.97,-1,-1,-1,-1
73,1,1100.67,660.48,94.29,229.05,-1,-1,-1,-1
74,1,1099.77,659.65,93.64,232.87,-1,-1,-1,-1
75,1,1095.10,660.52,92.26,231.73,-1,-1,-1,-1
76,1,1092.17,663.03,94.64,227.38,-1,-1,-1,-1
77,1,1085.98,668.76,94.31,228.16,-1,-1,-1,-1
78,1,1085.07,669.73,93.17,229.51,-1,-1,-1,-1
79,1,1082.74,675.36,96.04,231.07,-1,-1,-1,-1
80,1,1077.18,674.93,95.80,233.23,-1,-1,-1,-1
81,1,1074.92,676.77,96.59,229.54,-1,-1,-1,-1
82,1,1072.14,674.48,100.77,236.45,-1,-1,-1,-1
83,1,1066.79,681.31,99.39,234.46,-1,-1,-1,-1
84,1,1064.26,680.38,101.15,238.18,-1,-1,-1,-1
85,1,1058.56,682.17,99.86,234.77,-1,-1,-1,-1
86,1,1055.50,684.08,103.66,234.31,-1,-1,-1,-1
87,1,1050.38,683.46,101.85,234.27,-1,-1,-1,-1
88,1,1049.23,685.49,101.45,232.77,-1,-1,-1,-1
89,1,1047.80,691.32,102.23,232.98,-1,-1,-1,-1
90,1,1047.74,692.20,102.09,230.48,-1,-1,-1,-1
91,1,1042.18,694.01,99.44,227.12,-1,-1,-1,-1
92,1,1034.38,698.53,100.03,232.30,-1,-1,-1,-1
93,1,1034.16,696.37,97.46,225.31,-1,-1,-1,-1
94,1,1029.78,695.85,94.86,226.48,-1,-1,-1,-1
95,1,1026.54,701.96,97.68,225.13,-1,-1,-1,-1
96,1,1021.45,703.87,96.54,222.32,-1,-1,-1,-1
97,1,1019.34,703.04,96.79,226.85,-1,-1,-1,-1
98,1,1018.09,703.53,97.76,227.20,-1,-1,-1,-1
99,1,1014.52,704.36,93.93,225.20,-1,-1,-1,-1
100,1,1009.80,710.08,99.51,225.02,-1,-1,-1,-1
101,1,1002.26,708.70,101.51,228.97,-1,-1,-1,-1
102,1,1000.31,709.74,103.29,227.92,-1,-1,-1,-1
103,1,995.80,708.76,98.61,230.35,-1,-1,-1,-1
104,1,991.65,710.09,103.15,229.01,-1,-1,-1,-1
105,1,986.29,709.17,101.39,231.97,-1,-1,-1,-1
106,1,985.96,710.97,99.62,229.16,-1,-1,-1,-1
107,1,980.33,715.66,98.64,230.00,-1,-1,-1,-1
108,1,976.94,717.72,103.39,225.68,-1,-1,-1,-1
109,1,976.01,716.96,102.71,227.70,-1,-1,-1,-1
110,1,971.03,718.68,99.27,224.44,-1,-1,-1,-1
111,1,968.85,718.65,100.78,225.19,-1,-1,-1,-1
112,1,963.76,718.00,98.27,227.89,-1,-1,-1,-1
113,1,960.36,718.50,101.49,228.20,-1,-1,-1,-1
114,1,955.45,718.97,100.14,226.54,-1,-1,-1,-1
115,1,953.21,719.55,100.70,228.52,-1,-1,-1,-1
116,1,952.34,719.20,100.22,228.39,-1,-1,-1,-1
117,1,947.21,719.68,99.30,227.11,-1,-1,-1,-1
118,1,940.45,720.77,98.18,224.76,-1,-1,-1,-1
119,1,938.56,720.62,97.83,226.07,-1,-1,-1,-1
120,1,934.96,724.04,92.63,230.18,-1,-1,-1,-1
121,1,931.01,724.44,96.94,232.21,-1,-1,-1,-1
122,1,927.06,724.18,103.31,233.88,-1,-1,-1,-1
123,1,922.49,725.44,99.68,233.23,-1,-1,-1,-1
124,1,921.05,726.21,100.45,230.31,-1,-1,-1,-1
125,1,921.30,721.17,98.57,227.50,-1,-1,-1,-1
126,1,914.71,722.55,99.57,221.50,-1,-1,-1,-1
127,1,912.93,722.41,99.89,221.59,-1,-1,-1,-1
128,1,908.55,722.17,96.60,222.19,-1,-1,-1,-1
129,1,907.86,720.60,93.17,225.89,-1,-1,-1,-1
130,1,902.66,720.74,92.64,224.74,-1,-1,-1,-1
131,1,899.91,721.61,93.10,223.71,-1,-1,-1,-1
132,1,894.68,721.66,93.06,223.96,-1,-1,-1,-1
133,1,891.68,722.02,94.24,223.01,-1,-1,-1,-1
134,1,885.70,721.44,95.30,222.92,-1,-1,-1,-1
135,1,882.90,722.56,96.57,220.07,-1,-1,-1,-1
136,1,878.47,721.90,93.20,220.85,-1,-1,-1,-1
137,1,875.65,720.62,94.61,223.84,-1,-1,-1,-1
138,1,869.65,719.74,94.43,225.08,-1,-1,-1,-1
139,1,865.93,720.43,97.84,225.87,-1,-1,-1,-1
140,1,861.72,720.50,93.74,223.29,-1,-1,-1,-1
141,1,858.85,718.91,95.80,227.80,-1,-1,-1,-1
142,1,853.52,718.22,95.62,228.47,-1,-1,-1,-1
143,1,850.66,719.52,96.92,224.30,-1,-1,-1,-1
144,1,846.96,719.35,92.62,224.57,-1,-1,-1,-1
145,1,845.37,719.06,92.47,224.95,-1,-1,-1,-1
146,1,843.82,716.08,93.67,230.98,-1,-1,-1,-1
147,1,838.18,716.23,93.79,230.15,-1,-1,-1,-1
148,1,835.50,710.89,95.05,228.87,-1,-1,-1,-1
149,1,831.14,710.68,91.94,229.23,-1,-1,-1,-1
150,1,829.46,710.78,91.80,233.36,-1,-1,-1,-1
151,1,829.01,710.55,91.18,230.12,-1,-1,-1,-1
152,1,823.11,711.17,92.23,227.47,-1,-1,-1,-1
153,1,820.10,710.14,94.38,227.52,-1,-1,-1,-1
154,1,819.81,706.48,94.10,221.76,-1,-1,-1,-1
155,1,815.29,705.10,89.70,224.22,-1,-1,-1,-1
156,1,814.61,704.83,88.39,225.80,-1,-1,-1,-1
157,1,808.32,704.12,88.56,224.73,-1,-1,-1,-1
158,1,806.59,704.25,88.59,225.07,-1,-1,-1,-1
159,1,801.39,698.61,87.06,222.80,-1,-1,-1,-1
160,1,799.14,699.08,88.17,220.79,-1,-1,-1,-1
161,1,797.53,699.62,90.59,217.21,-1,-1,-1,-1
162,1,790.67,694.79,91.20,212.97,-1,-1,-1,-1
163,1,789.60,695.33,90.58,210.93,-1,-1,-1,-1
164,1,784.23,692.96,88.21,214.27,-1,-1,-1,-1
165,1,783.29,690.82,87.01,219.01,-1,-1,-1,-1
166,1,776.91,690.28,87.21,218.61,-1,-1,-1,-1
167,1,774.80,690.64,88.69,218.33,-1,-1,-1,-1
168,1,769.45,684.24,87.02,218.11,-1,-1,-1,-1
169,1,767.20,683.40,88.72,218.60,-1,-1,-1,-1
170,1,766.19,681.87,89.60,220.83,-1,-1,-1,-1
171,1,760.00,676.19,89.89,217.78,-1,-1,-1,-1
172,1,757.90,677.39,90.95,213.64,-1,-1,-1,-1
173,1,753.14,675.45,87.73,216.73,-1,-1,-1,-1
174,1,751.39,673.55,88.58,220.29,-1,-1,-1,-1
175,1,750.46,667.11,89.41,219.56,-1,-1,-1,-1
176,1,743.81,665.80,89.32,221.45,-1,-1,-1,-1
177,1,742.51,664.70,89.86,223.15,-1,-1,-1,-1
178,1,742.13,663.25,90.11,224.95,-1,-1,-1,-1
179,1,733.17,656.20,94.87,225.20,-1,-1,-1,-1
180,1,731.72,655.57,95.55,225.83,-1,-1,-1,-1
181,1,730.83,645.18,97.18,231.96,-1,-1,-1,-1
182,1,723.91,644.86,96.99,231.42,-1,-1,-1,-1
183,1,721.90,643.94,99.39,232.37,-1,-1,-1,-1
184,1,715.25,635.20,98.50,235.87,-1,-1,-1,-1
185,1,714.19,632.20,99.01,240.73,-1,-1,-1,-1
186,1,713.47,634.94,99.86,234.35,-1,-1,-1,-1
187,1,713.82,623.06,99.18,243.20,-1,-1,-1,-1
188,1,707.96,625.76,97.15,236.67,-1,-1,-1,-1
189,1,705.30,629.57,100.51,228.66,-1,-1,-1,-1
190,1,698.39,629.47,100.44,228.20,-1,-1,-1,-1
191,1,696.24,622.93,102.92,226.92,-1,-1,-1,-1
192,1,696.45,615.70,102.05,225.92,-1,-1,-1,-1
193,1,690.12,615.62,101.09,225.63,-1,-1,-1,-1
194,1,689.34,615.00,100.59,226.96,-1,-1,-1,-1
195,1,688.89,615.45,101.11,225.23,-1,-1,-1,-1
196,1,682.09,615.37,100.75,225.03,-1,-1,-1,-1
197,1,680.02,606.05,102.79,229.88,-1,-1,-1,-1
198,1,680.05,606.22,102.26,228.11,-1,-1,-1,-1
199,1,673.02,604.30,102.69,231.34,-1,-1,-1,-1
200,1,671.12,597.05,104.50,231.80,-1,-1,-1,-1
201,1,670.25,595.92,105.93,232.78,-1,-1,-1,-1
202,1,663.64,595.95,105.53,232.51,-1,-1,-1,-1
203,1,661.61,595.30,107.93,233.01,-1,-1,-1,-1
204,1,662.14,587.93,106.44,233.08,-1,-1,-1,-1
205,1,662.92,586.84,104.68,234.27,-1,-1,-1,-1
206,1,657.05,578.62,102.82,236.45,-1,-1,-1,-1
207,1,654.25,578.18,106.70,236.28,-1,-1,-1,-1
208,1,653.80,577.94,107.11,236.03,-1,-1,-1,-1
209,1,654.98,572.17,104.68,233.65,-1,-1,-1,-1
210,1,648.30,572.26,104.68,231.87,-1,-1,-1,-1
211,1,646.82,566.39,105.83,229.24,-1,-1,-1,-1
212,1,645.60,566.73,107.59,227.07,-1,-1,-1,-1
213,1,646.94,558.89,104.89,228.41,-1,-1,-1,-1
214,1,640.56,557.02,104.08,230.55,-1,-1,-1,-1
215,1,638.56,556.21,106.99,232.14,-1,-1,-1,-1
216,1,638.84,548.68,105.97,234.12,-1,-1,-1,-1
217,1,638.37,547.68,106.63,233.24,-1,-1,-1,-1
218,1,638.66,546.29,105.81,237.33,-1,-1,-1,-1
219,1,634.13,541.62,100.62,233.70,-1,-1,-1,-1
220,1,633.70,542.43,100.45,228.14,-1,-1,-1,-1
221,1,634.23,536.13,98.71,225.13,-1,-1,-1,-1
222,1,633.69,534.54,99.54,227.13,-1,-1,-1,-1
223,1,634.10,528.27,98.61,224.76,-1,-1,-1,-1
224,1,634.75,526.85,97.51,226.10,-1,-1,-1,-1
225,1,637.95,521.54,90.69,222.43,-1,-1,-1,-1
226,1,636.49,519.18,93.95,224.86,-1,-1,-1,-1
227,1,637.01,513.74,92.66,222.15,-1,-1,-1,-1
228,1,636.79,511.96,93.29,223.22,-1,-1,-1,-1
229,1,636.78,507.39,93.31,218.63,-1,-1,-1,-1
230,1,635.86,505.75,95.34,218.77,-1,-1,-1,-1
231,1,629.90,499.33,93.34,216.97,-1,-1,-1,-1
232,1,629.91,491.40,92.49,219.57,-1,-1,-1,-1
233,1,630.09,490.34,91.65,218.91,-1,-1,-1,-1
234,1,631.53,485.97,88.27,214.52,-1,-1,-1,-1
235,1,631.82,483.98,87.57,215.89,-1,-1,-1,-1
236,1,632.00,482.46,86.58,217.92,-1,-1,-1,-1
237,1,631.28,475.60,88.14,218.88,-1,-1,-1,-1
238,1,624.99,473.14,88.02,221.21,-1,-1,-1,-1
239,1,623.67,466.81,88.80,220.88,-1,-1,-1,-1
240,1,624.21,465.02,87.21,221.61,-1,-1,-1,-1
241,1,624.30,464.09,86.54,221.40,-1,-1,-1,-1
242,1,623.32,456.83,88.03,223.01,-1,-1,-1,-1
243,1,623.57,455.06,87.55,224.06,-1,-1,-1,-1
244,1,623.62,449.31,87.38,222.84,-1,-1,-1,-1
245,1,624.35,448.21,85.75,221.49,-1,-1,-1,-1
246,1,623.89,441.50,86.54,221.28,-1,-1,-1,-1
247,1,623.82,440.02,86.34,222.51,-1,-1,-1,-1
248,1,623.79,433.79,86.36,223.36,-1,-1,-1,-1
249,1,624.41,432.63,85.09,223.25,-1,-1,-1,-1
250,1,624.02,430.77,85.87,224.77,-1,-1,-1,-1
251,1,616.80,424.34,88.62,225.65,-1,-1,-1,-1
252,1,616.11,423.62,89.62,224.91,-1,-1,-1,-1
253,1,616.60,423.81,88.46,222.52,-1,-1,-1,-1
254,1,615.64,417.17,89.86,223.44,-1,-1,-1,-1
255,1,616.15,411.76,88.79,219.97,-1,-1,-1,-1
256,1,616.42,409.59,88.77,221.57,-1,-1,-1,-1
257,1,616.39,409.08,88.66,219.88,-1,-1,-1,-1
258,1,616.62,402.65,88.33,219.74,-1,-1,-1,-1
259,1,616.98,396.39,87.55,218.66,-1,-1,-1,-1
260,1,617.24,394.80,87.32,219.19,-1,-1,-1,-1
261,1,622.90,393.97,88.22,218.87,-1,-1,-1,-1
262,1,624.19,387.41,86.95,219.29,-1,-1,-1,-1
263,1,624.37,386.52,86.97,217.32,-1,-1,-1,-1
264,1,624.29,381.34,86.61,215.67,-1,-1,-1,-1
265,1,624.20,379.20,87.91,215.96,-1,-1,-1,-1
266,1,625.29,373.89,86.50,213.97,-1,-1,-1,-1
267,1,625.37,372.08,86.80,215.00,-1,-1,-1,-1
268,1,625.43,370.55,86.21,216.41,-1,-1,-1,-1
269,1,625.37,364.55,86.83,215.51,-1,-1,-1,-1
270,1,625.06,362.37,87.66,217.38,-1,-1,-1,-1
271,1,625.65,356.33,86.84,216.82,-1,-1,-1,-1
272,1,624.93,353.95,88.46,218.18,-1,-1,-1,-1
273,1,625.16,348.83,87.90,216.43,-1,-1,-1,-1
274,1,631.62,348.13,86.94,214.59,-1,-1,-1,-1
275,1,632.10,346.09,87.68,217.22,-1,-1,-1,-1
276,1,632.03,339.07,87.86,217.78,-1,-1,-1,-1
277,1,632.35,336.47,87.58,220.96,-1,-1,-1,-1
278,1,632.33,334.11,88.77,225.35,-1,-1,-1,-1
279,1,632.91,327.61,88.35,224.65,-1,-1,-1,-1
280,1,632.50,323.00,88.98,219.82,-1,-1,-1,-1
281,1,638.48,321.24,89.27,219.08,-1,-1,-1,-1
282,1,639.13,319.20,89.32,222.51,-1,-1,-1,-1
283,1,639.36,313.49,89.38,220.69,-1,-1,-1,-1
284,1,639.64,311.46,89.61,222.29,-1,-1,-1,-1
285,1,639.27,305.73,91.13,220.93,-1,-1,-1,-1
286,1,642.61,302.24,96.56,225.61,-1,-1,-1,-1
287,1,644.27,299.26,94.62,230.71,-1,-1,-1,-1
288,1,645.10,294.59,93.68,227.68,-1,-1,-1,-1
289,1,645.48,293.15,93.76,229.24,-1,-1,-1,-1
290,1,645.57,288.44,94.73,237.08,-1,-1,-1,-1
291,1,652.40,286.82,93.07,239.83,-1,-1,-1,-1
292,1,653.95,282.78,92.08,235.17,-1,-1,-1,-1
293,1,654.59,278.82,91.71,241.49,-1,-1,-1,-1
294,1,654.18,274.39,93.58,236.92,-1,-1,-1,-1
295,1,660.36,271.36,93.03,240.87,-1,-1,-1,-1
296,1,661.28,268.95,92.58,244.51,-1,-1,-1,-1
297,1,662.72,267.44,91.41,247.35,-1,-1,-1,-1
298,1,669.86,261.43,90.04,246.94,-1,-1,-1,-1
299,1,670.96,257.87,89.61,253.23,-1,-1,-1,-1
300,1,671.74,255.69,88.82,256.17,-1,-1,-1,-1
301,1,671.55,250.42,89.98,265.88,-1,-1,-1,-1
1,2,626.22,443.56,82.45,201.73,-1,-1,-1,-1
2,2,625.12,435.06,85.35,217.55,-1,-1,-1,-1
3,2,623.81,427.24,87.71,219.74,-1,-1,-1,-1
4,2,623.60,426.89,88.23,218.56,-1,-1,-1,-1
5,2,622.93,428.39,89.65,214.18,-1,-1,-1,-1
6,2,623.41,420.17,88.55,216.33,-1,-1,-1,-1
7,2,623.82,413.94,87.79,213.73,-1,-1,-1,-1
8,2,624.32,412.54,87.13,214.39,-1,-1,-1,-1
9,2,624.57,408.89,86.19,208.56,-1,-1,-1,-1
10,2,623.87,409.28,87.80,209.17,-1,-1,-1,-1
11,2,625.02,399.77,85.56,215.35,-1,-1,-1,-1
12,2,624.37,398.11,87.04,217.82,-1,-1,-1,-1
13,2,625.75,392.84,84.20,213.20,-1,-1,-1,-1
14,2,624.79,390.75,86.36,215.20,-1,-1,-1,-1
15,2,625.20,388.89,86.26,217.10,-1,-1,-1,-1
16,2,632.07,383.69,86.23,211.86,-1,-1,-1,-1
17,2,631.97,381.82,87.82,213.44,-1,-1,-1,-1
18,2,633.07,376.23,85.51,210.89,-1,-1,-1,-1
19,2,635.06,375.80,81.79,209.57,-1,-1,-1,-1
20,2,635.50,370.57,80.45,205.27,-1,-1,-1,-1
21,2,634.54,368.11,82.80,207.74,-1,-1,-1,-1
22,2,634.81,362.27,82.53,205.59,-1,-1,-1,-1
23,2,639.88,360.15,86.59,208.02,-1,-1,-1,-1
24,2,638.57,357.74,90.82,211.78,-1,-1,-1,-1
25,2,638.39,351.48,91.12,210.77,-1,-1,-1,-1
1,3,918.12,733.74,90.54,212.09,-1,-1,-1,-1
2,3,918.02,732.29,90.83,214.47,-1,-1,-1,-1
3,3,909.28,731.61,93.01,215.59,-1,-1,-1,-1
4,3,897.68,728.15,101.17,222.08,-1,-1,-1,-1
5,3,894.46,729.26,106.24,220.54,-1,-1,-1,-1
6,3,891.29,728.64,112.09,222.65,-1,-1,-1,-1
7,3,883.54,728.83,112.81,223.75,-1,-1,-1,-1
8,3,875.85,727.93,112.64,225.11,-1,-1,-1,-1
9,3,875.49,728.60,111.77,225.10,-1,-1,-1,-1
10,3,875.39,727.37,111.75,229.24,-1,-1,-1,-1
11,3,869.35,728.11,109.65,224.87,-1,-1,-1,-1
12,3,868.51,729.01,110.20,225.53,-1,-1,-1,-1
13,3,862.34,729.29,108.09,227.84,-1,-1,-1,-1
14,3,860.87,728.54,109.36,232.46,-1,-1,-1,-1
15,3,854.27,728.66,108.46,225.88,-1,-1,-1,-1
16,3,852.87,729.24,109.07,221.56,-1,-1,-1,-1
17,3,853.13,721.42,107.65,223.62,-1,-1,-1,-1
18,3,848.65,720.71,104.14,223.53,-1,-1,-1,-1
19,3,848.25,720.40,101.68,224.09,-1,-1,-1,-1
20,3,841.78,721.24,101.43,221.02,-1,-1,-1,-1
21,3,840.14,721.21,102.04,221.13,-1,-1,-1,-1
22,3,833.79,722.19,101.10,218.82,-1,-1,-1,-1
23,3,831.72,721.93,103.30,220.30,-1,-1,-1,-1
24,3,824.66,712.93,103.40,223.83,-1,-1,-1,-1
25,3,823.79,710.80,102.94,228.44,-1,-1,-1,-1
26,3,818.30,712.30,100.41,224.56,-1,-1,-1,-1
27,3,818.38,712.64,98.95,222.95,-1,-1,-1,-1
28,3,816.99,711.52,100.49,224.27,-1,-1,-1,-1
29,3,809.21,702.76,102.48,228.64,-1,-1,-1,-1
30,3,808.01,704.20,103.00,225.30,-1,-1,-1,-1
31,3,802.26,707.24,100.13,221.43,-1,-1,-1,-1
32,3,800.68,706.29,101.35,225.21,-1,-1,-1,-1
33,3,792.92,707.09,102.02,220.20,-1,-1,-1,-1
34,3,792.36,703.66,101.83,228.73,-1,-1,-1,-1
35,3,786.17,705.04,100.22,222.36,-1,-1,-1,-1
36,3,784.74,693.69,101.72,235.13,-1,-1,-1,-1
37,3,778.49,693.41,100.20,235.28,-1,-1,-1,-1
38,3,776.89,682.34,102.14,246.29,-1,-1,-1,-1
39,3,775.18,669.36,105.65,259.57,-1,-1,-1,-1
40,3,775.74,697.27,88.46,209.53,-1,-1,-1,-1
41,3,772.89,692.72,92.95,226.42,-1,-1,-1,-1
42,3,771.15,692.57,96.05,227.98,-1,-1,-1,-1
43,3,764.51,691.34,95.62,234.96,-1,-1,-1,-1
44,3,764.08,681.54,95.00,240.83,-1,-1,-1,-1
45,3,761.29,682.58,100.28,239.81,-1,-1,-1,-1
46,3,759.47,681.23,104.18,239.42,-1,-1,-1,-1
47,3,750.65,679.48,107.28,237.39,-1,-1,-1,-1
48,3,750.42,667.73,106.77,242.14,-1,-1,-1,-1
49,3,749.74,643.65,108.28,267.74,-1,-1,-1,-1
50,3,741.50,677.77,93.11,215.78,-1,-1,-1,-1
51,3,740.18,673.34,95.17,222.37,-1,-1,-1,-1
52,3,739.30,675.46,96.86,217.46,-1,-1,-1,-1
38,4,774.24,602.22,124.11,320.50,-1,-1,-1,-1
39,4,774.63,603.29,122.92,320.11,-1,-1,-1,-1
44,5,761.00,600.71,118.75,311.55,-1,-1,-1,-1
48,6,763.47,588.91,128.71,310.04,-1,-1,-1,-1
49,6,753.76,602.03,117.01,300.00,-1,-1,-1,-1
64,7,777.95,586.41,131.60,314.39,-1,-1,-1,-1
65,7,772.47,587.76,126.79,314.00,-1,-1,-1,-1
68,8,693.71,622.74,92.50,232.27,-1,-1,-1,-1
69,8,693.82,624.87,92.08,225.89,-1,-1,-1,-1
70,8,685.79,626.18,92.66,221.17,-1,-1,-1,-1
71,8,686.10,624.65,92.03,223.43,-1,-1,-1,-1
72,8,677.86,616.46,92.95,225.03,-1,-1,-1,-1
73,8,678.56,616.05,90.90,224.77,-1,-1,-1,-1
74,8,678.50,609.70,90.67,223.19,-1,-1,-1,-1
75,8,665.29,605.78,101.63,231.00,-1,-1,-1,-1
76,8,661.93,603.84,107.06,234.11,-1,-1,-1,-1
77,8,659.07,601.21,112.27,239.39,-1,-1,-1,-1
78,8,647.67,592.59,120.54,251.41,-1,-1,-1,-1
79,8,637.38,590.78,125.74,264.57,-1,-1,-1,-1
80,8,634.83,588.98,129.55,261.27,-1,-1,-1,-1
81,8,634.85,587.47,129.15,263.40,-1,-1,-1,-1
82,8,631.25,580.57,136.27,264.45,-1,-1,-1,-1
83,8,629.06,578.60,140.61,263.56,-1,-1,-1,-1
84,8,628.10,578.71,142.28,264.95,-1,-1,-1,-1
85,8,628.98,577.31,140.66,266.88,-1,-1,-1,-1
86,8,620.77,571.98,141.94,266.30,-1,-1,-1,-1
87,8,620.91,571.38,141.29,267.68,-1,-1,-1,-1
88,8,622.66,564.96,137.42,265.03,-1,-1,-1,-1
89,8,620.99,563.01,141.00,271.86,-1,-1,-1,-1
90,8,621.60,555.24,139.75,268.03,-1,-1,-1,-1
91,8,614.47,550.15,138.51,272.64,-1,-1,-1,-1
92,8,614.62,550.91,137.46,266.28,-1,-1,-1,-1
93,8,615.34,551.41,136.42,266.22,-1,-1,-1,-1
94,8,615.34,548.77,136.23,267.66,-1,-1,-1,-1
95,8,612.24,544.84,142.34,267.17,-1,-1,-1,-1
96,8,612.10,543.55,142.99,271.73,-1,-1,-1,-1
97,8,605.55,538.41,140.38,263.77,-1,-1,-1,-1
98,8,607.40,536.21,136.23,253.10,-1,-1,-1,-1
99,8,610.11,529.22,131.03,249.02,-1,-1,-1,-1
100,8,611.72,529.82,127.54,243.64,-1,-1,-1,-1
101,8,613.62,523.42,124.15,241.41,-1,-1,-1,-1
102,8,615.67,517.77,120.53,233.96,-1,-1,-1,-1
103,8,615.00,515.69,121.60,234.20,-1,-1,-1,-1
104,8,615.49,508.75,120.55,232.37,-1,-1,-1,-1
105,8,614.15,509.18,123.04,229.72,-1,-1,-1,-1
106,8,615.62,500.01,120.23,232.53,-1,-1,-1,-1
107,8,609.52,489.53,117.27,238.11,-1,-1,-1,-1
108,8,611.47,491.99,112.80,231.36,-1,-1,-1,-1
109,8,610.36,483.54,114.74,233.74,-1,-1,-1,-1
110,8,610.36,485.72,114.72,229.66,-1,-1,-1,-1
111,8,609.96,485.97,115.31,227.84,-1,-1,-1,-1
112,8,610.26,478.38,114.77,229.00,-1,-1,-1,-1
113,8,609.91,478.53,115.33,230.66,-1,-1,-1,-1
114,8,610.20,471.10,115.24,234.67,-1,-1,-1,-1
115,8,609.53,471.21,116.27,231.66,-1,-1,-1,-1
116,8,609.19,469.39,116.91,230.50,-1,-1,-1,-1
117,8,609.41,461.10,116.35,233.33,-1,-1,-1,-1
118,8,610.53,451.65,114.49,239.72,-1,-1,-1,-1
119,8,609.99,453.76,115.48,233.72,-1,-1,-1,-1
120,8,609.96,445.43,115.42,230.82,-1,-1,-1,-1
121,8,609.88,446.22,115.60,227.93,-1,-1,-1,-1
122,8,609.73,445.56,115.83,227.13,-1,-1,-1,-1
123,8,609.65,438.94,116.12,230.55,-1,-1,-1,-1
124,8,610.45,438.19,114.40,226.67,-1,-1,-1,-1
125,8,610.81,431.31,113.75,227.76,-1,-1,-1,-1
126,8,613.73,432.01,107.74,224.49,-1,-1,-1,-1
127,8,614.22,424.09,106.95,227.45,-1,-1,-1,-1
128,8,614.29,424.46,106.79,224.84,-1,-1,-1,-1
129,8,614.58,422.64,106.50,226.43,-1,-1,-1,-1
130,8,614.34,416.12,106.86,226.46,-1,-1,-1,-1
131,8,614.21,415.07,107.02,225.08,-1,-1,-1,-1
132,8,614.51,410.42,106.74,222.33,-1,-1,-1,-1
133,8,614.53,408.60,106.79,222.27,-1,-1,-1,-1
134,8,614.46,402.11,106.90,222.39,-1,-1,-1,-1
135,8,614.05,402.86,107.80,218.40,-1,-1,-1,-1
136,8,617.85,397.75,100.43,215.55,-1,-1,-1,-1
137,8,616.90,397.58,102.61,215.36,-1,-1,-1,-1
138,8,615.60,394.36,105.33,220.82,-1,-1,-1,-1
139,8,616.68,389.83,103.10,216.39,-1,-1,-1,-1
74,9,572.51,826.83,159.54,354.90,-1,-1,-1,-1
83,10,1178.90,289.65,66.73,203.13,-1,-1,-1,-1
92,11,1193.45,321.82,68.60,201.14,-1,-1,-1,-1
93,11,1194.05,322.12,68.18,204.09,-1,-1,-1,-1
94,11,1193.53,326.00,69.91,209.06,-1,-1,-1,-1
95,11,1193.21,334.27,70.78,207.99,-1,-1,-1,-1
96,11,1198.12,335.09,73.35,207.06,-1,-1,-1,-1
97,11,1198.61,335.58,73.75,209.10,-1,-1,-1,-1
98,11,1196.07,336.00,79.46,210.41,-1,-1,-1,-1
99,11,1194.38,341.71,83.13,211.70,-1,-1,-1,-1
100,11,1195.46,343.48,82.33,210.42,-1,-1,-1,-1
101,11,1195.69,349.28,82.62,210.39,-1,-1,-1,-1
102,11,1200.41,351.69,83.84,208.80,-1,-1,-1,-1
103,11,1201.00,356.63,85.07,211.35,-1,-1,-1,-1
104,11,1201.79,358.19,84.65,211.64,-1,-1,-1,-1
105,11,1203.36,364.46,83.51,210.70,-1,-1,-1,-1
106,11,1203.62,365.98,83.20,209.72,-1,-1,-1,-1
107,11,1208.90,368.48,82.62,208.79,-1,-1,-1,-1
108,11,1209.17,374.45,83.76,208.82,-1,-1,-1,-1
109,11,1208.96,375.51,84.83,209.91,-1,-1,-1,-1
110,11,1209.71,381.68,83.78,208.24,-1,-1,-1,-1
111,11,1209.49,382.55,84.34,209.29,-1,-1,-1,-1
112,11,1209.51,384.55,85.17,209.92,-1,-1,-1,-1
113,11,1211.23,390.91,82.31,208.68,-1,-1,-1,-1
114,11,1210.51,392.52,84.48,209.70,-1,-1,-1,-1
115,11,1210.94,397.93,83.97,209.81,-1,-1,-1,-1
116,11,1209.89,399.39,86.06,211.30,-1,-1,-1,-1
117,11,1209.66,404.51,87.79,212.42,-1,-1,-1,-1
118,11,1214.95,407.98,86.68,209.15,-1,-1,-1,-1
119,11,1215.11,413.05,87.30,210.19,-1,-1,-1,-1
120,11,1214.80,413.40,88.15,213.28,-1,-1,-1,-1
121,11,1215.09,420.67,87.80,211.03,-1,-1,-1,-1
122,11,1214.62,422.35,88.20,210.95,-1,-1,-1,-1
123,11,1214.35,423.02,88.39,213.41,-1,-1,-1,-1
124,11,1214.58,428.70,87.86,212.80,-1,-1,-1,-1
125,11,1213.77,429.00,89.77,216.81,-1,-1,-1,-1
126,11,1215.12,436.16,87.81,212.64,-1,-1,-1,-1
127,11,1214.06,436.47,89.49,215.59,-1,-1,-1,-1
128,11,1214.20,442.52,89.57,215.22,-1,-1,-1,-1
129,11,1213.46,442.93,90.72,218.90,-1,-1,-1,-1
130,11,1214.90,450.52,88.22,214.77,-1,-1,-1,-1
131,11,1214.80,452.07,88.38,214.26,-1,-1,-1,-1
132,11,1214.31,452.84,88.87,216.51,-1,-1,-1,-1
133,11,1213.37,458.18,90.01,217.44,-1,-1,-1,-1
134,11,1214.08,458.50,88.96,220.81,-1,-1,-1,-1
135,11,1213.89,464.64,89.64,220.23,-1,-1,-1,-1
136,11,1213.32,465.62,90.86,221.18,-1,-1,-1,-1
137,11,1211.96,471.92,93.66,221.59,-1,-1,-1,-1
138,11,1211.82,473.37,93.79,222.13,-1,-1,-1,-1
139,11,1212.07,481.41,93.48,217.64,-1,-1,-1,-1
140,11,1211.88,482.71,93.25,217.71,-1,-1,-1,-1
141,11,1210.99,483.79,94.24,218.93,-1,-1,-1,-1
142,11,1206.93,489.45,92.50,218.71,-1,-1,-1,-1
143,11,1206.79,491.15,91.62,219.59,-1,-1,-1,-1
144,11,1208.38,498.68,87.76,216.10,-1,-1,-1,-1
145,11,1208.26,500.33,87.07,215.91,-1,-1,-1,-1
146,11,1207.19,506.13,87.29,216.66,-1,-1,-1,-1
147,11,1206.43,507.85,88.80,217.91,-1,-1,-1,-1
148,11,1206.78,515.32,87.37,213.75,-1,-1,-1,-1
149,11,1207.12,516.21,86.74,215.41,-1,-1,-1,-1
150,11,1202.45,522.31,85.92,215.54,-1,-1,-1,-1
151,11,1200.71,522.63,87.16,217.74,-1,-1,-1,-1
152,11,1201.02,530.97,85.46,213.91,-1,-1,-1,-1
153,11,1200.03,531.45,85.95,215.20,-1,-1,-1,-1
154,11,1199.99,531.01,85.42,218.83,-1,-1,-1,-1
155,11,1198.39,537.10,87.25,218.97,-1,-1,-1,-1
156,11,1194.27,540.12,85.98,217.15,-1,-1,-1,-1
157,11,1193.82,547.97,84.45,213.26,-1,-1,-1,-1
158,11,1193.66,549.45,84.42,213.95,-1,-1,-1,-1
159,11,1192.72,556.12,84.16,212.11,-1,-1,-1,-1
160,11,1191.72,557.84,86.34,212.47,-1,-1,-1,-1
161,11,1191.97,564.14,84.78,212.09,-1,-1,-1,-1
162,11,1187.20,564.84,84.02,213.30,-1,-1,-1,-1
163,11,1185.16,566.38,85.56,213.53,-1,-1,-1,-1
164,11,1184.15,570.56,86.35,216.32,-1,-1,-1,-1
165,11,1183.93,572.72,86.28,216.69,-1,-1,-1,-1
166,11,1183.43,581.55,85.85,210.10,-1,-1,-1,-1
167,11,1180.31,582.39,82.48,211.17,-1,-1,-1,-1
168,11,1178.62,583.95,81.90,210.76,-1,-1,-1,-1
169,11,1177.67,590.28,81.98,209.25,-1,-1,-1,-1
170,11,1176.71,590.88,83.12,211.96,-1,-1,-1,-1
171,11,1171.40,597.20,82.28,210.20,-1,-1,-1,-1
172,11,1169.70,598.37,82.46,211.54,-1,-1,-1,-1
173,11,1169.89,603.71,80.75,213.34,-1,-1,-1,-1
174,11,1169.55,604.19,81.08,214.72,-1,-1,-1,-1
175,11,1164.74,612.95,80.35,210.99,-1,-1,-1,-1
176,11,1162.30,614.07,81.74,210.56,-1,-1,-1,-1
177,11,1161.88,614.65,81.05,212.08,-1,-1,-1,-1
178,11,1156.16,614.53,81.80,213.62,-1,-1,-1,-1
179,11,1153.68,620.66,82.41,212.46,-1,-1,-1,-1
180,11,1152.66,622.62,84.08,212.98,-1,-1,-1,-1
181,11,1151.63,628.81,85.94,213.32,-1,-1,-1,-1
182,11,1146.49,628.80,84.93,213.68,-1,-1,-1,-1
183,11,1144.54,631.13,85.44,212.02,-1,-1,-1,-1
184,11,1139.93,635.98,83.89,213.48,-1,-1,-1,-1
185,11,1137.86,636.69,83.11,214.59,-1,-1,-1,-1
186,11,1137.77,644.38,82.12,212.10,-1,-1,-1,-1
187,11,1137.43,644.81,82.25,212.87,-1,-1,-1,-1
188,11,1132.76,645.30,80.07,212.56,-1,-1,-1,-1
189,11,1130.04,647.43,81.52,210.93,-1,-1,-1,-1
190,11,1124.93,652.72,81.68,211.23,-1,-1,-1,-1
191,11,1121.12,653.38,83.91,212.83,-1,-1,-1,-1
192,11,1120.62,659.85,84.16,213.90,-1,-1,-1,-1
193,11,1118.55,661.24,87.69,213.55,-1,-1,-1,-1
194,11,1114.17,661.77,84.79,213.02,-1,-1,-1,-1
195,11,1111.59,663.71,86.26,211.36,-1,-1,-1,-1
196,11,1106.93,666.82,84.90,217.38,-1,-1,-1,-1
197,11,1103.19,668.34,87.14,217.18,-1,-1,-1,-1
198,11,1097.64,674.13,88.23,217.08,-1,-1,-1,-1
199,11,1096.98,676.93,86.96,213.57,-1,-1,-1,-1
200,11,1095.54,677.54,86.64,211.96,-1,-1,-1,-1
201,11,1089.98,676.63,87.21,214.36,-1,-1,-1,-1
202,11,1086.87,678.32,88.29,212.75,-1,-1,-1,-1
203,11,1086.13,683.71,88.67,214.36,-1,-1,-1,-1
204,11,1081.19,683.60,89.18,216.77,-1,-1,-1,-1
205,11,1078.82,684.80,88.59,215.39,-1,-1,-1,-1
206,11,1076.31,685.54,91.60,215.93,-1,-1,-1,-1
207,11,1071.13,691.35,90.49,213.58,-1,-1,-1,-1
208,11,1069.25,691.85,90.96,213.91,-1,-1,-1,-1
209,11,1064.24,691.36,90.00,216.70,-1,-1,-1,-1
210,11,1062.26,693.07,88.81,215.40,-1,-1,-1,-1
211,11,1057.55,694.28,87.51,214.52,-1,-1,-1,-1
212,11,1054.64,699.84,88.64,212.25,-1,-1,-1,-1
213,11,1047.91,700.27,91.65,214.21,-1,-1,-1,-1
214,11,1046.42,701.61,91.34,213.42,-1,-1,-1,-1
215,11,1045.48,703.31,90.85,212.01,-1,-1,-1,-1
216,11,1040.34,707.90,89.62,212.50,-1,-1,-1,-1
217,11,1038.15,708.24,89.57,212.79,-1,-1,-1,-1
218,11,1033.50,707.56,88.90,214.73,-1,-1,-1,-1
219,11,1030.68,708.78,90.13,214.17,-1,-1,-1,-1
220,11,1030.00,709.95,88.53,213.40,-1,-1,-1,-1
221,11,1025.13,711.19,87.07,212.78,-1,-1,-1,-1
222,11,1021.86,716.21,89.48,211.77,-1,-1,-1,-1
223,11,1016.01,714.75,91.82,215.95,-1,-1,-1,-1
224,11,1013.58,715.58,90.94,214.44,-1,-1,-1,-1
225,11,1006.63,716.76,93.92,214.61,-1,-1,-1,-1
226,11,1002.66,716.73,97.33,216.18,-1,-1,-1,-1
227,11,1001.62,717.37,97.64,215.88,-1,-1,-1,-1
228,11,997.07,716.72,94.80,217.37,-1,-1,-1,-1
229,11,995.51,724.36,93.87,211.84,-1,-1,-1,-1
230,11,989.24,723.43,94.96,214.24,-1,-1,-1,-1
231,11,987.67,724.66,94.57,213.87,-1,-1,-1,-1
232,11,982.53,724.58,93.76,214.34,-1,-1,-1,-1
233,11,979.87,725.72,94.93,213.27,-1,-1,-1,-1
234,11,974.10,724.75,94.61,216.10,-1,-1,-1,-1
235,11,971.84,726.19,94.11,214.18,-1,-1,-1,-1
236,11,966.77,724.44,93.64,217.14,-1,-1,-1,-1
237,11,965.56,725.78,91.32,215.97,-1,-1,-1,-1
238,11,961.43,731.86,87.93,212.14,-1,-1,-1,-1
239,11,958.05,732.23,89.60,211.48,-1,-1,-1,-1
240,11,952.82,731.52,90.02,214.57,-1,-1,-1,-1
241,11,951.28,731.54,88.34,213.81,-1,-1,-1,-1
242,11,949.28,733.50,89.75,211.95,-1,-1,-1,-1
243,11,943.61,732.05,90.14,214.05,-1,-1,-1,-1
244,11,941.74,732.80,89.53,213.43,-1,-1,-1,-1
245,11,937.78,731.96,86.89,215.33,-1,-1,-1,-1
246,11,935.37,733.52,86.41,212.80,-1,-1,-1,-1
247,11,929.19,732.62,88.48,214.18,-1,-1,-1,-1
248,11,925.33,731.93,90.87,215.71,-1,-1,-1,-1
249,11,920.45,731.28,89.84,217.27,-1,-1,-1,-1
250,11,918.99,732.46,88.26,215.45,-1,-1,-1,-1
251,11,916.51,732.80,91.25,216.88,-1,-1,-1,-1
252,11,912.06,733.06,88.82,215.28,-1,-1,-1,-1
253,11,909.85,732.75,88.47,216.02,-1,-1,-1,-1
254,11,906.66,733.41,84.06,215.11,-1,-1,-1,-1
255,11,903.48,732.98,85.76,215.55,-1,-1,-1,-1
256,11,898.29,733.60,85.78,214.96,-1,-1,-1,-1
257,11,895.21,732.95,86.40,216.73,-1,-1,-1,-1
258,11,890.43,732.36,85.03,216.43,-1,-1,-1,-1
259,11,886.15,732.09,88.35,217.39,-1,-1,-1,-1
260,11,879.97,731.60,88.90,217.82,-1,-1,-1,-1
261,11,877.35,730.17,90.17,219.63,-1,-1,-1,-1
262,11,872.97,730.23,87.38,218.75,-1,-1,-1,-1
263,11,870.01,730.01,88.54,217.66,-1,-1,-1,-1
264,11,865.09,730.56,88.12,217.20,-1,-1,-1,-1
265,11,862.57,731.20,88.14,215.50,-1,-1,-1,-1
266,11,857.21,730.26,88.15,217.05,-1,-1,-1,-1
267,11,854.32,730.35,89.56,216.85,-1,-1,-1,-1
268,11,848.62,729.40,89.71,219.34,-1,-1,-1,-1
269,11,846.43,728.77,88.40,220.42,-1,-1,-1,-1
270,11,841.88,728.14,87.74,221.11,-1,-1,-1,-1
271,11,838.76,727.29,88.51,223.61,-1,-1,-1,-1
272,11,833.10,724.62,88.56,216.75,-1,-1,-1,-1
273,11,831.67,723.84,87.70,217.34,-1,-1,-1,-1
274,11,830.65,722.88,87.87,225.90,-1,-1,-1,-1
275,11,825.37,721.60,88.87,224.04,-1,-1,-1,-1
276,11,822.85,720.09,89.23,226.99,-1,-1,-1,-1
277,11,816.70,721.07,89.25,221.92,-1,-1,-1,-1
278,11,814.49,716.53,89.14,217.63,-1,-1,-1,-1
279,11,808.11,714.61,90.04,221.40,-1,-1,-1,-1
280,11,806.97,712.98,89.67,228.32,-1,-1,-1,-1
281,11,803.28,713.96,85.36,222.35,-1,-1,-1,-1
282,11,801.23,714.67,86.22,219.66,-1,-1,-1,-1
283,11,799.65,715.63,86.56,220.97,-1,-1,-1,-1
284,11,798.27,708.02,88.23,219.33,-1,-1,-1,-1
285,11,792.93,706.37,87.56,220.93,-1,-1,-1,-1
286,11,790.35,707.24,89.20,220.14,-1,-1,-1,-1
287,11,783.81,705.63,89.30,221.13,-1,-1,-1,-1
288,11,782.23,704.37,89.21,226.13,-1,-1,-1,-1
289,11,777.32,696.92,87.47,227.00,-1,-1,-1,-1
290,11,775.25,699.20,87.56,218.82,-1,-1,-1,-1
291,11,769.20,698.49,88.45,219.68,-1,-1,-1,-1
292,11,767.69,699.76,87.73,216.48,-1,-1,-1,-1
293,11,767.02,693.08,87.20,216.66,-1,-1,-1,-1
294,11,762.14,690.79,86.52,221.58,-1,-1,-1,-1
295,11,759.18,690.91,88.92,218.90,-1,-1,-1,-1
296,11,758.16,689.15,89.54,221.66,-1,-1,-1,-1
297,11,752.80,682.24,87.05,221.74,-1,-1,-1,-1
298,11,751.00,681.18,87.49,222.99,-1,-1,-1,-1
299,11,745.07,679.28,87.31,227.20,-1,-1,-1,-1
300,11,743.16,674.05,88.35,221.91,-1,-1,-1,-1
301,11,742.40,673.33,88.89,222.39,-1,-1,-1,-1
302,11,735.49,673.51,89.81,220.59,-1,-1,-1,-1
303,11,734.64,665.10,89.34,224.19,-1,-1,-1,-1
304,11,726.41,662.99,93.54,227.50,-1,-1,-1,-1
305,11,723.07,662.04,96.69,228.87,-1,-1,-1,-1
306,11,719.70,652.21,103.22,233.42,-1,-1,-1,-1
307,11,713.85,654.02,100.44,229.10,-1,-1,-1,-1
308,11,713.25,654.68,100.08,227.63,-1,-1,-1,-1
309,11,707.90,645.00,97.44,233.13,-1,-1,-1,-1
310,11,705.70,643.28,100.42,236.12,-1,-1,-1,-1
311,11,705.95,643.57,98.68,234.23,-1,-1,-1,-1
312,11,705.41,642.42,99.79,236.88,-1,-1,-1,-1
313,11,705.55,642.45,99.12,235.78,-1,-1,-1,-1
314,11,698.93,636.50,98.18,233.52,-1,-1,-1,-1
315,11,697.88,632.86,98.88,239.97,-1,-1,-1,-1
316,11,690.70,634.66,99.96,234.96,-1,-1,-1,-1
317,11,689.46,629.38,100.05,231.72,-1,-1,-1,-1
318,11,682.43,630.31,100.59,228.40,-1,-1,-1,-1
319,11,681.64,630.63,99.91,226.57,-1,-1,-1,-1
320,11,681.65,629.54,99.42,228.83,-1,-1,-1,-1
321,11,674.48,622.65,100.50,229.49,-1,-1,-1,-1
322,11,673.99,620.69,100.14,232.36,-1,-1,-1,-1
323,11,673.70,620.20,100.21,232.37,-1,-1,-1,-1
324,11,672.78,616.24,101.11,224.93,-1,-1,-1,-1
325,11,671.86,615.10,102.98,225.77,-1,-1,-1,-1
326,11,666.89,609.81,99.53,221.82,-1,-1,-1,-1
327,11,666.17,608.61,99.72,223.78,-1,-1,-1,-1
328,11,664.73,608.08,100.97,223.87,-1,-1,-1,-1
329,11,658.49,600.40,100.66,225.01,-1,-1,-1,-1
330,11,658.09,599.30,99.91,227.05,-1,-1,-1,-1
331,11,658.02,591.70,99.50,227.55,-1,-1,-1,-1
332,11,656.72,590.01,101.30,231.42,-1,-1,-1,-1
333,11,656.75,588.18,100.33,234.54,-1,-1,-1,-1
334,11,651.30,587.97,98.53,233.63,-1,-1,-1,-1
335,11,651.79,582.98,95.92,229.79,-1,-1,-1,-1
336,11,653.00,578.23,92.86,224.22,-1,-1,-1,-1
337,11,651.64,574.18,94.71,229.86,-1,-1,-1,-1
338,11,646.04,573.00,93.38,229.87,-1,-1,-1,-1
339,11,644.13,568.83,95.14,223.22,-1,-1,-1,-1
340,11,643.96,568.45,95.11,222.85,-1,-1,-1,-1
341,11,643.24,561.29,96.22,221.95,-1,-1,-1,-1
342,11,637.74,559.39,93.94,224.90,-1,-1,-1,-1
343,11,638.22,554.49,91.27,220.73,-1,-1,-1,-1
344,11,637.71,553.36,92.16,221.55,-1,-1,-1,-1
345,11,637.33,547.70,92.75,218.75,-1,-1,-1,-1
346,11,636.26,545.95,94.41,220.87,-1,-1,-1,-1
347,11,635.35,543.14,95.51,225.80,-1,-1,-1,-1
348,11,635.90,537.42,94.56,223.02,-1,-1,-1,-1
349,11,635.35,537.10,95.92,221.09,-1,-1,-1,-1
350,11,635.70,532.12,95.28,217.62,-1,-1,-1,-1
351,11,636.38,529.62,94.22,220.29,-1,-1,-1,-1
352,11,636.14,521.24,94.37,223.69,-1,-1,-1,-1
353,11,630.55,520.03,91.85,224.30,-1,-1,-1,-1
354,11,629.89,513.07,91.76,224.27,-1,-1,-1,-1
355,11,629.88,511.90,91.50,224.22,-1,-1,-1,-1
356,11,629.86,505.62,90.99,222.16,-1,-1,-1,-1
357,11,630.80,504.87,89.18,220.22,-1,-1,-1,-1
358,11,632.57,499.92,85.42,217.44,-1,-1,-1,-1
359,11,626.61,498.41,84.94,217.27,-1,-1,-1,-1
360,11,624.73,491.33,86.59,219.09,-1,-1,-1,-1
361,11,624.50,490.58,86.74,219.11,-1,-1,-1,-1
362,11,624.04,488.81,86.77,220.45,-1,-1,-1,-1
363,11,623.44,482.30,87.20,220.83,-1,-1,-1,-1
364,11,623.75,480.35,86.90,222.36,-1,-1,-1,-1
365,11,622.53,475.43,88.68,218.06,-1,-1,-1,-1
366,11,623.33,473.33,87.19,219.20,-1,-1,-1,-1
367,11,623.50,467.99,86.65,216.29,-1,-1,-1,-1
368,11,623.35,467.86,86.68,214.83,-1,-1,-1,-1
369,11,623.35,460.03,86.82,216.73,-1,-1,-1,-1
370,11,624.04,459.91,85.04,213.08,-1,-1,-1,-1
371,11,623.43,453.07,86.28,213.72,-1,-1,-1,-1
372,11,618.15,452.26,85.73,212.31,-1,-1,-1,-1
373,11,616.56,443.58,86.91,218.10,-1,-1,-1,-1
374,11,617.06,442.75,86.31,216.84,-1,-1,-1,-1
375,11,616.54,436.64,86.95,217.20,-1,-1,-1,-1
376,11,616.43,435.91,86.90,215.54,-1,-1,-1,-1
377,11,616.60,433.78,87.04,217.58,-1,-1,-1,-1
378,11,616.45,426.78,86.94,219.10,-1,-1,-1,-1
379,11,616.75,425.47,86.11,218.77,-1,-1,-1,-1
380,11,617.11,419.90,85.27,217.07,-1,-1,-1,-1
381,11,617.22,418.89,85.17,216.32,-1,-1,-1,-1
382,11,616.53,411.87,86.36,218.51,-1,-1,-1,-1
383,11,616.81,410.99,86.25,216.93,-1,-1,-1,-1
384,11,617.03,405.25,85.16,215.66,-1,-1,-1,-1
385,11,616.64,403.90,85.98,215.69,-1,-1,-1,-1
386,11,616.82,399.71,86.98,221.30,-1,-1,-1,-1
387,11,617.50,394.77,85.92,218.97,-1,-1,-1,-1
388,11,617.21,391.97,86.49,221.91,-1,-1,-1,-1
389,11,618.16,387.75,84.75,218.31,-1,-1,-1,-1
390,11,623.62,386.44,86.26,216.98,-1,-1,-1,-1
391,11,624.34,382.38,85.82,212.14,-1,-1,-1,-1
392,11,624.28,380.63,85.55,213.03,-1,-1,-1,-1
393,11,624.65,375.54,84.87,211.12,-1,-1,-1,-1
394,11,626.12,373.99,82.35,211.64,-1,-1,-1,-1
395,11,625.50,371.54,83.59,214.24,-1,-1,-1,-1
396,11,626.81,366.20,82.17,213.36,-1,-1,-1,-1
397,11,627.40,362.99,81.50,216.51,-1,-1,-1,-1
398,11,626.95,357.19,83.50,216.00,-1,-1,-1,-1
399,11,626.29,355.89,85.51,215.19,-1,-1,-1,-1
400,11,631.53,349.27,86.45,215.99,-1,-1,-1,-1
401,11,631.50,348.31,87.68,214.10,-1,-1,-1,-1
402,11,631.83,345.59,87.24,217.96,-1,-1,-1,-1
403,11,631.44,340.21,89.49,216.15,-1,-1,-1,-1
404,11,631.93,337.26,89.20,219.15,-1,-1,-1,-1
405,11,632.39,331.48,88.21,218.54,-1,-1,-1,-1
406,11,633.65,332.12,86.41,213.64,-1,-1,-1,-1
144,12,633.13,379.96,84.55,199.17,-1,-1,-1,-1
145,12,633.76,378.89,83.22,200.29,-1,-1,-1,-1
147,13,631.95,368.56,86.89,205.00,-1,-1,-1,-1
148,13,632.62,362.83,85.76,202.20,-1,-1,-1,-1
180,14,569.95,823.53,164.80,378.79,-1,-1,-1,-1
185,15,572.35,823.90,160.00,365.21,-1,-1,-1,-1
186,15,571.04,824.56,162.52,371.63,-1,-1,-1,-1
187,15,570.84,825.20,162.87,373.20,-1,-1,-1,-1
188,15,570.20,824.92,164.20,366.78,-1,-1,-1,-1
189,15,575.48,823.20,168.69,358.72,-1,-1,-1,-1
190,15,571.22,823.44,177.53,357.50,-1,-1,-1,-1
191,15,571.28,823.13,177.37,354.76,-1,-1,-1,-1
192,15,571.75,822.48,176.55,358.13,-1,-1,-1,-1
193,15,571.23,823.18,177.73,356.04,-1,-1,-1,-1
194,15,570.55,824.44,179.04,350.73,-1,-1,-1,-1
195,15,567.43,824.08,185.20,357.99,-1,-1,-1,-1
196,15,567.65,824.14,184.82,361.33,-1,-1,-1,-1
197,15,567.66,823.89,184.95,366.76,-1,-1,-1,-1
198,15,567.99,824.12,184.24,365.72,-1,-1,-1,-1
199,15,567.84,824.42,184.53,365.27,-1,-1,-1,-1
200,15,567.85,824.70,184.57,366.06,-1,-1,-1,-1
201,15,567.67,825.25,184.88,371.39,-1,-1,-1,-1
202,15,567.62,825.20,185.04,378.24,-1,-1,-1,-1
203,15,567.70,825.24,184.90,380.55,-1,-1,-1,-1
204,15,567.65,824.98,185.06,379.94,-1,-1,-1,-1
205,15,567.66,825.07,185.01,378.28,-1,-1,-1,-1
206,15,567.61,825.07,185.03,377.26,-1,-1,-1,-1
207,15,567.34,825.15,185.61,379.68,-1,-1,-1,-1
208,15,567.28,825.20,185.65,373.77,-1,-1,-1,-1
209,15,567.25,825.20,185.63,366.07,-1,-1,-1,-1
210,15,567.92,825.49,184.37,364.38,-1,-1,-1,-1
211,15,567.97,825.49,184.25,358.92,-1,-1,-1,-1
212,15,568.04,825.61,184.27,365.30,-1,-1,-1,-1
213,15,568.01,825.23,184.40,371.81,-1,-1,-1,-1
214,15,567.76,825.11,184.87,381.32,-1,-1,-1,-1
215,15,568.01,825.14,184.35,375.77,-1,-1,-1,-1
216,15,567.94,824.94,184.48,376.03,-1,-1,-1,-1
217,15,567.92,824.76,184.51,377.99,-1,-1,-1,-1
218,15,567.80,824.52,184.65,378.81,-1,-1,-1,-1
219,15,567.90,824.43,184.45,375.19,-1,-1,-1,-1
220,15,567.77,824.61,184.64,378.10,-1,-1,-1,-1
221,15,567.46,824.76,185.20,380.63,-1,-1,-1,-1
222,15,567.04,824.88,186.00,382.00,-1,-1,-1,-1
223,15,563.15,826.97,193.69,388.08,-1,-1,-1,-1
224,15,560.47,844.36,198.66,379.39,-1,-1,-1,-1
185,16,772.70,584.20,126.02,299.80,-1,-1,-1,-1
186,16,773.27,581.50,125.14,285.00,-1,-1,-1,-1
190,17,772.11,585.91,127.30,299.47,-1,-1,-1,-1
191,17,772.67,583.07,126.20,289.14,-1,-1,-1,-1
192,17,770.97,586.34,129.51,297.31,-1,-1,-1,-1
193,17,771.50,582.71,128.64,287.85,-1,-1,-1,-1
195,18,771.43,584.29,128.56,288.93,-1,-1,-1,-1
196,18,767.27,585.71,136.51,304.99,-1,-1,-1,-1
197,18,769.28,583.29,132.92,291.23,-1,-1,-1,-1
198,18,770.02,583.46,131.33,290.63,-1,-1,-1,-1
199,18,762.42,585.39,130.72,288.89,-1,-1,-1,-1
200,18,761.00,585.41,133.53,291.48,-1,-1,-1,-1
201,18,761.35,584.73,132.89,291.76,-1,-1,-1,-1
222,19,571.63,773.67,177.81,393.90,-1,-1,-1,-1
223,19,566.70,759.33,187.10,403.24,-1,-1,-1,-1
224,19,563.81,759.69,192.73,401.83,-1,-1,-1,-1
225,19,562.20,744.13,196.05,423.58,-1,-1,-1,-1
226,19,558.43,743.88,203.50,424.71,-1,-1,-1,-1
227,19,555.38,744.04,209.46,428.92,-1,-1,-1,-1
228,19,555.50,744.43,209.11,429.95,-1,-1,-1,-1
229,19,555.92,744.27,208.28,430.70,-1,-1,-1,-1
230,19,555.84,744.29,208.43,432.62,-1,-1,-1,-1
231,19,556.24,744.51,207.59,433.96,-1,-1,-1,-1
232,19,556.25,744.78,207.51,435.85,-1,-1,-1,-1
233,19,556.51,745.08,207.02,440.67,-1,-1,-1,-1
234,19,556.92,744.69,206.12,441.01,-1,-1,-1,-1
235,19,556.61,744.69,206.62,438.68,-1,-1,-1,-1
236,19,556.50,744.83,206.87,439.82,-1,-1,-1,-1
237,19,556.80,745.18,206.23,440.11,-1,-1,-1,-1
238,19,557.01,744.99,205.85,441.29,-1,-1,-1,-1
239,19,557.16,744.97,205.56,443.86,-1,-1,-1,-1
240,19,557.31,744.92,205.19,439.08,-1,-1,-1,-1
241,19,557.70,745.21,204.38,443.13,-1,-1,-1,-1
242,19,557.39,745.19,204.96,443.50,-1,-1,-1,-1
243,19,557.47,745.03,204.79,442.57,-1,-1,-1,-1
244,19,557.46,745.05,204.76,441.77,-1,-1,-1,-1
245,19,557.64,744.94,204.49,441.66,-1,-1,-1,-1
246,19,557.84,745.18,204.08,439.82,-1,-1,-1,-1
247,19,558.14,744.83,203.51,438.25,-1,-1,-1,-1
248,19,560.38,744.77,199.03,432.45,-1,-1,-1,-1
249,19,560.32,745.04,199.13,433.66,-1,-1,-1,-1
250,19,561.01,760.05,197.86,426.29,-1,-1,-1,-1
251,19,563.60,760.03,192.93,429.47,-1,-1,-1,-1
252,19,563.86,760.01,192.51,424.05,-1,-1,-1,-1
253,19,564.11,759.66,192.02,425.49,-1,-1,-1,-1
254,19,564.40,759.73,191.47,421.96,-1,-1,-1,-1
255,19,564.97,759.66,190.33,425.75,-1,-1,-1,-1
256,19,565.18,759.72,189.89,426.14,-1,-1,-1,-1
257,19,568.05,759.45,184.22,423.60,-1,-1,-1,-1
258,19,568.03,759.50,184.27,424.23,-1,-1,-1,-1
259,19,568.08,759.37,184.15,424.47,-1,-1,-1,-1
260,19,567.85,759.07,184.59,423.43,-1,-1,-1,-1
261,19,567.78,758.88,184.67,420.18,-1,-1,-1,-1
262,19,567.67,758.78,184.86,419.02,-1,-1,-1,-1
263,19,568.26,758.93,183.66,414.91,-1,-1,-1,-1
264,19,568.03,758.36,184.11,413.85,-1,-1,-1,-1
265,19,568.24,758.14,183.71,413.31,-1,-1,-1,-1
266,19,568.02,757.94,184.12,407.71,-1,-1,-1,-1
267,19,568.14,757.67,183.91,401.21,-1,-1,-1,-1
268,19,568.38,758.06,183.44,401.49,-1,-1,-1,-1
269,19,568.58,757.95,183.00,400.03,-1,-1,-1,-1
270,19,568.46,757.90,183.27,401.29,-1,-1,-1,-1
271,19,568.54,757.80,183.10,396.47,-1,-1,-1,-1
272,19,568.88,757.77,182.41,402.63,-1,-1,-1,-1
273,19,568.80,757.51,182.64,404.45,-1,-1,-1,-1
274,19,568.72,757.65,182.87,407.69,-1,-1,-1,-1
275,19,568.18,757.43,184.00,410.47,-1,-1,-1,-1
276,19,567.89,757.86,184.60,418.19,-1,-1,-1,-1
277,19,567.99,758.31,184.33,412.01,-1,-1,-1,-1
278,19,567.85,758.17,184.67,406.16,-1,-1,-1,-1
279,19,567.81,757.88,184.79,404.39,-1,-1,-1,-1
280,19,567.90,757.58,184.57,405.92,-1,-1,-1,-1
281,19,568.28,757.32,183.67,397.02,-1,-1,-1,-1
282,19,568.25,757.01,183.71,394.18,-1,-1,-1,-1
283,19,568.07,756.89,184.05,396.28,-1,-1,-1,-1
284,19,567.81,756.55,184.60,395.22,-1,-1,-1,-1
285,19,567.66,756.77,184.86,399.22,-1,-1,-1,-1
286,19,567.83,757.28,184.57,400.53,-1,-1,-1,-1
287,19,567.11,757.69,185.96,401.90,-1,-1,-1,-1
288,19,567.56,758.13,185.13,410.19,-1,-1,-1,-1
289,19,567.51,758.21,185.27,411.49,-1,-1,-1,-1
290,19,567.63,773.36,184.80,396.27,-1,-1,-1,-1
291,19,570.43,772.99,179.37,395.51,-1,-1,-1,-1
292,19,570.19,772.80,179.89,396.67,-1,-1,-1,-1
293,19,570.41,772.79,179.49,399.08,-1,-1,-1,-1
294,19,567.65,772.96,184.83,412.07,-1,-1,-1,-1
232,20,1213.67,367.10,76.77,210.16,-1,-1,-1,-1
233,20,1215.24,372.31,75.73,213.30,-1,-1,-1,-1
234,20,1221.49,373.02,74.58,214.57,-1,-1,-1,-1
235,20,1221.03,379.74,76.82,213.89,-1,-1,-1,-1
236,20,1221.11,380.67,76.87,213.37,-1,-1,-1,-1
237,20,1220.89,383.20,77.30,211.96,-1,-1,-1,-1
238,20,1221.13,388.87,77.18,211.87,-1,-1,-1,-1
239,20,1220.07,390.33,79.10,213.89,-1,-1,-1,-1
240,20,1218.04,395.52,84.26,216.96,-1,-1,-1,-1
241,20,1215.98,396.69,88.39,218.94,-1,-1,-1,-1
242,20,1216.77,402.23,87.58,218.45,-1,-1,-1,-1
243,20,1216.40,402.86,88.22,219.01,-1,-1,-1,-1
244,20,1215.92,404.88,88.81,218.14,-1,-1,-1,-1
245,20,1216.33,410.93,88.83,216.24,-1,-1,-1,-1
246,20,1216.19,411.98,88.95,218.27,-1,-1,-1,-1
247,20,1216.66,418.06,88.10,216.60,-1,-1,-1,-1
248,20,1215.71,419.88,89.64,217.36,-1,-1,-1,-1
249,20,1216.02,426.36,89.01,216.19,-1,-1,-1,-1
250,20,1215.97,427.58,88.91,217.44,-1,-1,-1,-1
251,20,1216.29,428.20,88.78,218.15,-1,-1,-1,-1
252,20,1216.66,434.18,88.12,217.07,-1,-1,-1,-1
253,20,1215.68,435.37,89.23,219.02,-1,-1,-1,-1
254,20,1216.31,442.08,87.71,217.54,-1,-1,-1,-1
255,20,1215.78,443.38,88.33,218.22,-1,-1,-1,-1
256,20,1215.36,443.66,88.84,219.20,-1,-1,-1,-1
257,20,1215.60,451.11,88.05,216.44,-1,-1,-1,-1
258,20,1215.33,451.92,88.27,218.10,-1,-1,-1,-1
259,20,1216.07,459.62,87.06,215.11,-1,-1,-1,-1
260,20,1216.55,461.21,86.44,215.17,-1,-1,-1,-1
261,20,1216.03,467.29,87.27,215.15,-1,-1,-1,-1
262,20,1215.40,467.52,88.25,218.23,-1,-1,-1,-1
263,20,1215.56,474.59,88.17,216.15,-1,-1,-1,-1
264,20,1216.01,476.76,87.46,214.93,-1,-1,-1,-1
265,20,1215.43,477.82,88.37,215.04,-1,-1,-1,-1
266,20,1215.80,483.77,87.30,214.93,-1,-1,-1,-1
267,20,1216.37,491.74,86.12,213.41,-1,-1,-1,-1
268,20,1216.52,492.48,85.73,215.39,-1,-1,-1,-1
269,20,1215.77,493.06,86.73,215.85,-1,-1,-1,-1
270,20,1216.27,498.81,85.92,216.34,-1,-1,-1,-1
271,20,1216.48,499.38,84.73,218.75,-1,-1,-1,-1
272,20,1217.24,507.05,83.50,216.57,-1,-1,-1,-1
273,20,1213.78,508.48,77.99,215.74,-1,-1,-1,-1
274,20,1214.43,517.46,73.94,211.01,-1,-1,-1,-1
275,20,1213.19,516.86,75.00,216.01,-1,-1,-1,-1
276,20,1213.10,522.91,75.28,214.86,-1,-1,-1,-1
277,20,1212.12,522.92,76.73,218.84,-1,-1,-1,-1
278,20,1210.65,530.81,80.27,215.05,-1,-1,-1,-1
279,20,1205.46,531.39,80.08,218.22,-1,-1,-1,-1
280,20,1203.59,539.07,80.67,214.14,-1,-1,-1,-1
281,20,1202.60,538.85,81.08,217.43,-1,-1,-1,-1
282,20,1202.58,541.25,80.49,215.87,-1,-1,-1,-1
283,20,1202.76,548.38,80.38,213.46,-1,-1,-1,-1
284,20,1201.81,550.76,81.32,212.47,-1,-1,-1,-1
285,20,1202.79,556.67,79.67,212.32,-1,-1,-1,-1
286,20,1197.46,556.73,79.65,215.02,-1,-1,-1,-1
287,20,1195.63,565.18,78.88,210.50,-1,-1,-1,-1
288,20,1194.10,565.43,80.99,212.85,-1,-1,-1,-1
289,20,1193.81,572.21,81.57,211.97,-1,-1,-1,-1
290,20,1188.27,571.92,82.40,215.53,-1,-1,-1,-1
291,20,1185.96,574.26,83.01,213.10,-1,-1,-1,-1
292,20,1186.06,582.29,81.95,209.15,-1,-1,-1,-1
293,20,1185.30,581.97,82.33,212.24,-1,-1,-1,-1
294,20,1180.40,588.97,81.19,210.42,-1,-1,-1,-1
295,20,1179.57,588.01,79.17,214.98,-1,-1,-1,-1
296,20,1178.89,589.10,79.26,215.33,-1,-1,-1,-1
297,20,1178.08,596.96,80.82,211.63,-1,-1,-1,-1
298,20,1171.63,599.05,82.50,211.96,-1,-1,-1,-1
299,20,1170.05,606.47,82.68,208.60,-1,-1,-1,-1
300,20,1169.52,604.51,82.29,214.52,-1,-1,-1,-1
301,20,1164.74,605.53,81.12,215.10,-1,-1,-1,-1
302,20,1163.30,612.96,80.80,212.21,-1,-1,-1,-1
303,20,1161.85,611.94,81.90,216.92,-1,-1,-1,-1
304,20,1160.48,618.26,84.53,216.67,-1,-1,-1,-1
305,20,1152.88,619.15,88.68,218.69,-1,-1,-1,-1
306,20,1153.06,626.32,86.83,216.23,-1,-1,-1,-1
307,20,1151.54,627.77,87.57,213.93,-1,-1,-1,-1
308,20,1151.10,628.10,87.51,215.21,-1,-1,-1,-1
309,20,1145.15,626.51,87.05,219.47,-1,-1,-1,-1
310,20,1143.63,632.96,87.08,218.84,-1,-1,-1,-1
311,20,1136.51,633.87,89.20,221.22,-1,-1,-1,-1
312,20,1135.69,636.47,88.65,217.84,-1,-1,-1,-1
313,20,1136.21,642.83,86.50,215.51,-1,-1,-1,-1
314,20,1128.95,642.82,87.07,219.74,-1,-1,-1,-1
315,20,1128.11,649.39,86.34,217.41,-1,-1,-1,-1
316,20,1121.03,648.96,88.03,220.34,-1,-1,-1,-1
317,20,1118.43,656.67,90.45,220.21,-1,-1,-1,-1
318,20,1116.24,657.29,94.86,219.69,-1,-1,-1,-1
319,20,1115.70,658.49,94.59,219.09,-1,-1,-1,-1
320,20,1111.06,658.15,92.36,220.47,-1,-1,-1,-1
321,20,1108.18,657.45,93.99,223.21,-1,-1,-1,-1
322,20,1101.07,664.46,95.95,223.52,-1,-1,-1,-1
323,20,1099.24,665.51,97.30,226.59,-1,-1,-1,-1
324,20,1100.31,664.87,93.80,229.40,-1,-1,-1,-1
325,20,1099.66,671.02,94.71,234.45,-1,-1,-1,-1
326,20,1094.56,672.23,91.75,237.59,-1,-1,-1,-1
327,20,1091.63,672.92,95.12,241.34,-1,-1,-1,-1
328,20,1080.91,673.60,103.08,245.75,-1,-1,-1,-1
329,20,1077.15,679.94,109.68,242.43,-1,-1,-1,-1
330,20,1078.01,680.89,106.99,235.20,-1,-1,-1,-1
331,20,1071.51,678.71,106.49,239.75,-1,-1,-1,-1
332,20,1070.04,678.68,107.67,242.48,-1,-1,-1,-1
333,20,1067.73,685.55,111.33,240.19,-1,-1,-1,-1
334,20,1066.12,687.09,114.58,241.17,-1,-1,-1,-1
335,20,1060.63,687.01,110.94,237.23,-1,-1,-1,-1
336,20,1051.88,686.16,113.82,243.26,-1,-1,-1,-1
293,21,569.39,806.73,181.34,393.49,-1,-1,-1,-1
294,21,564.10,808.08,191.73,409.43,-1,-1,-1,-1
295,21,564.00,808.03,191.78,417.74,-1,-1,-1,-1
296,21,566.61,823.42,186.81,402.23,-1,-1,-1,-1
297,21,568.54,823.39,183.27,388.62,-1,-1,-1,-1
298,21,568.53,823.49,183.40,378.77,-1,-1,-1,-1
299,21,568.49,823.51,183.52,381.24,-1,-1,-1,-1
300,21,568.28,823.22,184.05,377.47,-1,-1,-1,-1
301,21,568.12,823.30,184.40,372.53,-1,-1,-1,-1
302,21,568.22,822.82,184.27,373.32,-1,-1,-1,-1
303,21,568.94,822.90,182.89,375.75,-1,-1,-1,-1
304,21,569.04,823.24,182.67,378.35,-1,-1,-1,-1
305,21,569.67,823.48,181.34,369.47,-1,-1,-1,-1
306,21,569.21,823.58,182.17,377.01,-1,-1,-1,-1
307,21,569.02,823.66,182.52,377.82,-1,-1,-1,-1
308,21,568.66,823.81,183.26,380.81,-1,-1,-1,-1
309,21,568.58,823.77,183.42,382.83,-1,-1,-1,-1
310,21,568.50,823.72,183.48,382.18,-1,-1,-1,-1
311,21,568.80,823.67,182.70,375.43,-1,-1,-1,-1
312,21,568.20,823.64,183.89,377.39,-1,-1,-1,-1
313,21,568.11,823.59,184.01,375.81,-1,-1,-1,-1
314,21,567.67,823.64,184.81,368.49,-1,-1,-1,-1
315,21,567.61,823.22,184.99,370.28,-1,-1,-1,-1
316,21,567.61,822.59,184.95,369.32,-1,-1,-1,-1
317,21,567.62,823.03,184.82,363.59,-1,-1,-1,-1
318,21,567.24,823.09,185.47,369.28,-1,-1,-1,-1
319,21,567.04,823.54,185.68,367.23,-1,-1,-1,-1
320,21,566.65,823.80,186.47,367.67,-1,-1,-1,-1
321,21,566.86,823.91,186.09,372.16,-1,-1,-1,-1
322,21,567.02,823.95,185.79,381.09,-1,-1,-1,-1
323,21,566.81,824.20,186.20,375.83,-1,-1,-1,-1
324,21,567.21,824.77,185.32,368.01,-1,-1,-1,-1
325,21,567.16,824.87,185.46,373.32,-1,-1,-1,-1
326,21,567.26,825.07,185.23,377.08,-1,-1,-1,-1
327,21,567.33,825.06,185.18,383.42,-1,-1,-1,-1
328,21,567.88,824.99,184.11,384.98,-1,-1,-1,-1
329,21,567.93,825.11,184.02,383.87,-1,-1,-1,-1
330,21,567.94,824.97,183.98,377.45,-1,-1,-1,-1
331,21,567.88,824.96,184.12,375.37,-1,-1,-1,-1
332,21,567.88,824.81,184.17,375.24,-1,-1,-1,-1
333,21,567.91,824.72,184.04,366.94,-1,-1,-1,-1
334,21,567.76,824.92,184.35,368.45,-1,-1,-1,-1
335,21,567.36,825.16,185.20,371.35,-1,-1,-1,-1
336,21,567.61,824.83,184.75,380.32,-1,-1,-1,-1
337,21,567.99,824.64,184.04,377.91,-1,-1,-1,-1
338,21,568.05,824.27,184.11,373.64,-1,-1,-1,-1
339,21,567.82,824.55,184.56,372.30,-1,-1,-1,-1
340,21,567.77,824.44,184.73,375.02,-1,-1,-1,-1
341,21,568.02,824.18,184.21,376.99,-1,-1,-1,-1
342,21,568.08,824.02,184.16,376.29,-1,-1,-1,-1
343,21,568.22,824.03,183.84,373.10,-1,-1,-1,-1
344,21,568.22,824.08,183.83,374.49,-1,-1,-1,-1
345,21,567.77,824.20,184.70,385.26,-1,-1,-1,-1
346,21,567.62,824.41,184.93,387.48,-1,-1,-1,-1
347,21,567.08,824.44,185.95,392.04,-1,-1,-1,-1
348,21,562.96,826.36,194.13,399.39,-1,-1,-1,-1
304,22,766.83,578.57,137.78,310.95,-1,-1,-1,-1
308,23,769.32,577.34,132.89,304.43,-1,-1,-1,-1
309,23,770.11,582.75,131.30,307.99,-1,-1,-1,-1
310,23,769.54,581.46,132.10,313.68,-1,-1,-1,-1
311,23,771.64,583.34,128.26,308.45,-1,-1,-1,-1
313,24,772.35,583.58,126.51,313.39,-1,-1,-1,-1
314,24,769.93,581.75,131.60,314.09,-1,-1,-1,-1
315,24,768.70,580.96,133.88,318.22,-1,-1,-1,-1
316,24,769.14,582.59,132.91,314.28,-1,-1,-1,-1
317,24,767.59,582.72,136.15,316.55,-1,-1,-1,-1
318,24,767.98,584.44,135.49,313.08,-1,-1,-1,-1
319,24,766.93,584.58,137.51,313.94,-1,-1,-1,-1
320,24,767.19,584.41,137.04,312.10,-1,-1,-1,-1
321,24,766.40,583.53,138.38,313.87,-1,-1,-1,-1
322,24,757.91,583.69,139.63,314.23,-1,-1,-1,-1
323,24,759.23,585.31,137.03,310.31,-1,-1,-1,-1
324,24,759.87,583.94,135.95,295.56,-1,-1,-1,-1
325,24,760.62,584.47,134.37,295.55,-1,-1,-1,-1
339,25,1061.83,700.30,75.52,215.38,-1,-1,-1,-1
344,26,1044.76,708.30,76.64,213.19,-1,-1,-1,-1
345,26,1037.25,706.67,78.95,217.56,-1,-1,-1,-1
346,26,1033.77,706.75,82.19,220.86,-1,-1,-1,-1
347,26,1025.33,707.36,86.88,221.44,-1,-1,-1,-1
348,26,1021.58,713.56,92.37,219.72,-1,-1,-1,-1
349,26,1018.28,713.06,97.96,225.12,-1,-1,-1,-1
350,26,1013.73,712.30,94.25,222.15,-1,-1,-1,-1
351,26,1010.81,712.02,96.87,231.57,-1,-1,-1,-1
352,26,1007.22,711.73,103.85,234.20,-1,-1,-1,-1
353,26,1002.63,713.02,99.53,225.35,-1,-1,-1,-1
354,26,1000.50,712.55,101.42,227.70,-1,-1,-1,-1
355,26,994.57,718.74,99.21,224.54,-1,-1,-1,-1
356,26,990.14,719.27,106.11,234.93,-1,-1,-1,-1
357,26,982.30,720.57,108.35,228.08,-1,-1,-1,-1
358,26,980.97,720.19,109.62,230.77,-1,-1,-1,-1
359,26,973.76,717.68,109.63,234.81,-1,-1,-1,-1
347,27,571.37,773.83,178.29,399.82,-1,-1,-1,-1
348,27,566.83,759.78,186.86,410.03,-1,-1,-1,-1
349,27,564.96,759.10,190.46,403.44,-1,-1,-1,-1
350,27,561.70,744.54,196.71,417.42,-1,-1,-1,-1
351,27,558.41,744.07,203.31,421.26,-1,-1,-1,-1
352,27,557.68,743.83,204.78,423.25,-1,-1,-1,-1
353,27,555.22,743.91,209.62,423.60,-1,-1,-1,-1
354,27,555.31,743.80,209.39,427.35,-1,-1,-1,-1
355,27,555.67,744.21,208.57,430.41,-1,-1,-1,-1
356,27,555.82,744.20,208.28,432.36,-1,-1,-1,-1
357,27,556.21,744.14,207.44,438.10,-1,-1,-1,-1
358,27,556.08,744.02,207.73,439.01,-1,-1,-1,-1
359,27,556.72,744.05,206.33,442.92,-1,-1,-1,-1
360,27,556.62,743.99,206.58,443.35,-1,-1,-1,-1
361,27,556.44,744.38,206.89,442.10,-1,-1,-1,-1
362,27,556.39,744.54,206.92,442.32,-1,-1,-1,-1
363,27,556.99,744.42,205.78,446.56,-1,-1,-1,-1
364,27,557.16,744.39,205.46,451.50,-1,-1,-1,-1
365,27,557.48,744.45,204.83,451.33,-1,-1,-1,-1
366,27,557.61,744.65,204.57,450.55,-1,-1,-1,-1
367,27,557.46,744.35,204.83,450.56,-1,-1,-1,-1
368,27,557.39,744.56,204.99,455.50,-1,-1,-1,-1
369,27,557.55,744.48,204.67,453.34,-1,-1,-1,-1
370,27,557.56,744.54,204.60,451.52,-1,-1,-1,-1
371,27,557.35,744.38,205.02,450.13,-1,-1,-1,-1
372,27,557.59,744.21,204.59,449.56,-1,-1,-1,-1
373,27,557.66,744.31,204.42,448.49,-1,-1,-1,-1
374,27,557.92,744.50,203.86,443.98,-1,-1,-1,-1
375,27,561.02,759.25,197.88,435.37,-1,-1,-1,-1
376,27,563.58,759.34,192.92,436.95,-1,-1,-1,-1
377,27,563.68,759.44,192.85,438.22,-1,-1,-1,-1
378,27,563.98,759.43,192.29,430.96,-1,-1,-1,-1
379,27,564.09,759.61,192.03,431.31,-1,-1,-1,-1
380,27,564.03,759.34,192.14,436.36,-1,-1,-1,-1
381,27,563.95,759.34,192.34,437.82,-1,-1,-1,-1
382,27,563.80,759.17,192.66,433.79,-1,-1,-1,-1
383,27,564.14,759.11,191.97,431.84,-1,-1,-1,-1
384,27,564.26,759.03,191.71,435.12,-1,-1,-1,-1
385,27,564.42,758.87,191.44,440.05,-1,-1,-1,-1
386,27,564.00,758.79,192.20,435.91,-1,-1,-1,-1
387,27,564.44,758.67,191.36,429.67,-1,-1,-1,-1
388,27,564.63,758.59,190.97,432.78,-1,-1,-1,-1
389,27,564.63,758.29,191.04,436.36,-1,-1,-1,-1
390,27,564.37,758.17,191.60,439.51,-1,-1,-1,-1
391,27,564.68,758.30,190.94,431.57,-1,-1,-1,-1
392,27,564.75,758.14,190.83,428.80,-1,-1,-1,-1
393,27,564.65,758.09,190.98,429.66,-1,-1,-1,-1
394,27,564.76,757.85,190.76,429.19,-1,-1,-1,-1
395,27,564.56,757.77,191.21,430.53,-1,-1,-1,-1
396,27,565.04,757.66,190.21,425.51,-1,-1,-1,-1
397,27,565.08,757.50,190.22,426.76,-1,-1,-1,-1
398,27,564.96,757.15,190.51,430.85,-1,-1,-1,-1
399,27,564.89,757.39,190.74,436.78,-1,-1,-1,-1
400,27,565.07,757.45,190.37,433.41,-1,-1,-1,-1
401,27,565.01,757.22,190.56,440.14,-1,-1,-1,-1
402,27,565.27,756.75,189.98,430.78,-1,-1,-1,-1
403,27,567.56,756.61,185.56,435.96,-1,-1,-1,-1
404,27,567.53,756.57,185.66,437.39,-1,-1,-1,-1
405,27,567.68,756.62,185.36,438.13,-1,-1,-1,-1
406,27,567.94,756.63,184.83,437.88,-1,-1,-1,-1
407,27,567.67,756.24,185.34,444.13,-1,-1,-1,-1
408,27,568.00,756.21,184.67,439.38,-1,-1,-1,-1
409,27,568.03,756.37,184.57,435.43,-1,-1,-1,-1
410,27,567.93,756.82,184.71,434.68,-1,-1,-1,-1
411,27,567.90,756.94,184.73,438.84,-1,-1,-1,-1
412,27,568.06,757.02,184.39,442.98,-1,-1,-1,-1
413,27,568.52,757.17,183.45,437.59,-1,-1,-1,-1
414,27,568.44,757.19,183.53,435.48,-1,-1,-1,-1
415,27,568.04,772.46,183.98,427.59,-1,-1,-1,-1
416,27,570.19,772.18,179.93,430.20,-1,-1,-1,-1
417,27,570.23,772.26,179.86,429.45,-1,-1,-1,-1
418,27,570.71,771.89,179.04,419.75,-1,-1,-1,-1
419,27,569.81,788.47,180.66,419.15,-1,-1,-1,-1
420,27,569.87,805.93,180.65,414.10,-1,-1,-1,-1
421,27,568.44,805.86,183.45,408.89,-1,-1,-1,-1
422,27,568.93,805.62,182.46,406.70,-1,-1,-1,-1
423,27,568.74,805.22,182.96,409.11,-1,-1,-1,-1
424,27,568.43,805.73,183.79,405.54,-1,-1,-1,-1
425,27,568.72,806.02,183.31,400.33,-1,-1,-1,-1
426,27,568.40,805.68,184.04,407.14,-1,-1,-1,-1
427,27,568.21,805.65,184.45,403.77,-1,-1,-1,-1
428,27,568.55,804.95,183.89,406.85,-1,-1,-1,-1
429,27,568.50,805.24,183.95,404.89,-1,-1,-1,-1
430,27,568.61,805.10,183.67,389.76,-1,-1,-1,-1
431,27,568.56,805.57,183.73,392.95,-1,-1,-1,-1
432,27,568.28,805.83,184.12,391.66,-1,-1,-1,-1
433,27,567.99,806.24,184.59,392.31,-1,-1,-1,-1
434,27,567.71,806.04,185.15,398.21,-1,-1,-1,-1
435,27,567.89,806.56,184.66,396.80,-1,-1,-1,-1
436,27,567.74,806.58,184.93,398.61,-1,-1,-1,-1
437,27,567.35,805.99,185.73,404.64,-1,-1,-1,-1
438,27,567.36,806.04,185.66,403.44,-1,-1,-1,-1
439,27,566.92,805.95,186.55,400.82,-1,-1,-1,-1
440,27,567.27,805.72,185.83,394.38,-1,-1,-1,-1
441,27,566.50,820.92,187.59,386.57,-1,-1,-1,-1
442,27,568.63,822.26,183.14,383.91,-1,-1,-1,-1
443,27,568.30,822.60,183.74,386.74,-1,-1,-1,-1
444,27,567.88,822.74,184.47,382.73,-1,-1,-1,-1
445,27,567.54,822.95,185.13,383.41,-1,-1,-1,-1
446,27,567.45,823.06,185.27,385.90,-1,-1,-1,-1
447,27,567.58,823.40,184.95,388.02,-1,-1,-1,-1
448,27,567.37,823.63,185.35,389.99,-1,-1,-1,-1
449,27,567.18,823.81,185.84,402.31,-1,-1,-1,-1
450,27,566.97,823.52,186.29,406.42,-1,-1,-1,-1
451,27,566.89,823.85,186.48,399.64,-1,-1,-1,-1
452,27,566.69,824.27,186.85,397.80,-1,-1,-1,-1
453,27,566.70,824.30,186.83,393.79,-1,-1,-1,-1
454,27,566.52,824.40,187.16,390.37,-1,-1,-1,-1
455,27,566.81,824.44,186.55,388.74,-1,-1,-1,-1
456,27,566.86,824.55,186.52,389.71,-1,-1,-1,-1
457,27,566.98,824.34,186.32,390.76,-1,-1,-1,-1
458,27,566.80,824.47,186.70,386.17,-1,-1,-1,-1
459,27,566.63,824.43,187.06,385.50,-1,-1,-1,-1
460,27,566.83,824.46,186.56,390.96,-1,-1,-1,-1
461,27,566.90,824.26,186.43,389.27,-1,-1,-1,-1
462,27,567.13,824.40,186.04,386.27,-1,-1,-1,-1
463,27,566.86,824.58,186.55,389.88,-1,-1,-1,-1
464,27,566.77,824.48,186.81,389.01,-1,-1,-1,-1
465,27,567.12,824.55,186.04,394.18,-1,-1,-1,-1
466,27,566.75,824.28,186.82,396.84,-1,-1,-1,-1
467,27,566.62,824.18,187.10,392.12,-1,-1,-1,-1
468,27,566.44,824.16,187.42,390.58,-1,-1,-1,-1
469,27,566.54,823.90,187.25,388.59,-1,-1,-1,-1
470,27,566.50,823.72,187.33,387.88,-1,-1,-1,-1
471,27,566.28,823.83,187.72,386.15,-1,-1,-1,-1
472,27,565.96,824.18,188.28,390.41,-1,-1,-1,-1
473,27,562.73,826.90,194.63,395.85,-1,-1,-1,-1
350,28,1202.68,354.08,82.37,201.21,-1,-1,-1,-1
351,28,1203.62,354.35,80.87,201.92,-1,-1,-1,-1
352,28,1203.54,354.74,81.03,202.00,-1,-1,-1,-1
353,28,1200.46,360.61,86.67,206.21,-1,-1,-1,-1
354,28,1198.44,360.88,90.61,210.26,-1,-1,-1,-1
355,28,1198.00,367.29,91.45,211.16,-1,-1,-1,-1
356,28,1198.70,368.30,90.44,207.30,-1,-1,-1,-1
357,28,1198.80,374.51,90.57,208.86,-1,-1,-1,-1
358,28,1207.94,376.82,87.10,204.38,-1,-1,-1,-1
359,28,1207.91,377.58,87.20,205.28,-1,-1,-1,-1
360,28,1206.28,382.52,89.92,208.31,-1,-1,-1,-1
361,28,1205.65,383.89,91.55,207.22,-1,-1,-1,-1
362,28,1205.47,385.58,91.67,208.39,-1,-1,-1,-1
363,28,1205.58,391.76,92.09,207.95,-1,-1,-1,-1
364,28,1206.13,393.51,91.34,208.84,-1,-1,-1,-1
365,28,1206.28,400.64,91.68,205.68,-1,-1,-1,-1
366,28,1206.38,400.84,92.05,209.57,-1,-1,-1,-1
367,28,1207.11,407.03,91.37,209.06,-1,-1,-1,-1
368,28,1206.13,407.64,92.97,211.05,-1,-1,-1,-1
369,28,1210.24,414.44,97.26,209.22,-1,-1,-1,-1
370,28,1210.33,415.45,97.97,211.49,-1,-1,-1,-1
371,28,1209.54,420.98,99.67,211.23,-1,-1,-1,-1
372,28,1209.78,421.80,99.68,211.66,-1,-1,-1,-1
373,28,1210.46,422.23,98.58,213.90,-1,-1,-1,-1
374,28,1210.73,428.25,98.32,213.55,-1,-1,-1,-1
375,28,1210.37,429.13,98.46,215.39,-1,-1,-1,-1
376,28,1210.13,436.09,99.93,212.70,-1,-1,-1,-1
377,28,1209.70,436.76,100.27,213.92,-1,-1,-1,-1
378,28,1207.34,435.93,104.82,218.09,-1,-1,-1,-1
379,28,1207.14,441.88,105.40,218.82,-1,-1,-1,-1
380,28,1206.12,441.90,106.95,221.34,-1,-1,-1,-1
381,28,1204.26,447.50,110.88,222.24,-1,-1,-1,-1
382,28,1204.55,448.75,110.54,222.88,-1,-1,-1,-1
383,28,1204.55,453.67,110.53,225.78,-1,-1,-1,-1
384,28,1204.16,452.74,111.23,230.12,-1,-1,-1,-1
385,28,1204.12,453.15,110.99,230.85,-1,-1,-1,-1
386,28,1204.31,460.44,110.34,229.56,-1,-1,-1,-1
387,28,1204.40,460.02,110.48,232.72,-1,-1,-1,-1
388,28,1204.69,466.10,110.22,233.18,-1,-1,-1,-1
389,28,1204.15,467.08,110.86,233.70,-1,-1,-1,-1
390,28,1204.82,465.34,109.11,238.03,-1,-1,-1,-1
391,28,1204.76,473.64,109.55,234.16,-1,-1,-1,-1
392,28,1204.93,472.53,108.74,238.23,-1,-1,-1,-1
393,28,1205.41,481.89,107.89,234.63,-1,-1,-1,-1
394,28,1199.44,483.94,106.48,233.89,-1,-1,-1,-1
395,28,1200.04,491.36,104.05,230.75,-1,-1,-1,-1
396,28,1199.00,490.64,105.55,235.08,-1,-1,-1,-1
397,28,1198.29,498.21,106.51,233.40,-1,-1,-1,-1
398,28,1198.40,500.22,106.02,232.85,-1,-1,-1,-1
399,28,1198.92,507.28,104.79,230.97,-1,-1,-1,-1
400,28,1198.53,508.24,105.28,232.37,-1,-1,-1,-1
401,28,1192.00,512.58,105.24,236.98,-1,-1,-1,-1
402,28,1190.96,514.21,106.06,236.35,-1,-1,-1,-1
403,28,1190.39,521.84,105.94,234.95,-1,-1,-1,-1
404,28,1190.40,521.25,105.90,237.31,-1,-1,-1,-1
405,28,1190.65,519.92,105.45,240.65,-1,-1,-1,-1
406,28,1184.86,529.52,102.75,236.40,-1,-1,-1,-1
407,28,1183.68,539.14,103.61,232.02,-1,-1,-1,-1
408,28,1186.64,542.81,97.45,226.20,-1,-1,-1,-1
409,28,1189.03,545.42,92.42,222.82,-1,-1,-1,-1
410,28,1188.29,551.88,94.25,224.15,-1,-1,-1,-1
411,28,1186.15,557.74,97.63,226.00,-1,-1,-1,-1
412,28,1185.90,560.68,98.00,222.40,-1,-1,-1,-1
413,28,1184.09,562.35,101.50,220.76,-1,-1,-1,-1
414,28,1178.53,569.27,100.51,218.30,-1,-1,-1,-1
415,28,1177.13,569.18,101.24,221.09,-1,-1,-1,-1
416,28,1174.97,576.92,104.21,218.95,-1,-1,-1,-1
417,28,1176.37,578.32,101.61,217.42,-1,-1,-1,-1
418,28,1177.12,579.60,99.72,217.52,-1,-1,-1,-1
419,28,1174.03,587.87,93.68,213.63,-1,-1,-1,-1
420,28,1172.56,587.50,94.03,217.43,-1,-1,-1,-1
421,28,1170.30,594.61,97.08,215.24,-1,-1,-1,-1
422,28,1166.02,595.58,93.67,215.93,-1,-1,-1,-1
423,28,1164.88,595.53,93.73,218.44,-1,-1,-1,-1
424,28,1162.77,601.58,96.18,218.81,-1,-1,-1,-1
425,28,1156.82,602.82,95.67,219.64,-1,-1,-1,-1
426,28,1156.06,610.47,95.02,216.67,-1,-1,-1,-1
427,28,1156.05,611.91,94.40,215.65,-1,-1,-1,-1
428,28,1155.97,612.64,94.47,216.75,-1,-1,-1,-1
429,28,1149.12,620.18,95.52,213.35,-1,-1,-1,-1
430,28,1147.24,620.93,97.41,214.06,-1,-1,-1,-1
431,28,1145.69,621.87,98.83,214.85,-1,-1,-1,-1
432,28,1146.17,628.67,97.48,212.78,-1,-1,-1,-1
433,28,1147.40,629.99,95.03,211.55,-1,-1,-1,-1
434,28,1142.13,631.01,92.96,211.68,-1,-1,-1,-1
435,28,1139.49,636.51,94.94,212.27,-1,-1,-1,-1
436,28,1133.43,637.53,93.97,213.67,-1,-1,-1,-1
437,28,1131.27,644.18,95.87,212.40,-1,-1,-1,-1
438,28,1125.45,643.69,94.61,215.45,-1,-1,-1,-1
439,28,1124.71,644.37,94.50,215.84,-1,-1,-1,-1
440,28,1123.70,652.68,95.58,211.49,-1,-1,-1,-1
441,28,1116.65,653.63,96.67,212.46,-1,-1,-1,-1
442,28,1115.34,654.32,96.73,213.06,-1,-1,-1,-1
443,28,1107.73,659.78,98.71,213.39,-1,-1,-1,-1
444,28,1108.20,661.05,95.23,212.47,-1,-1,-1,-1
445,28,1108.78,661.71,93.05,212.47,-1,-1,-1,-1
446,28,1108.05,662.70,93.40,212.79,-1,-1,-1,-1
447,28,1101.35,668.47,94.76,212.67,-1,-1,-1,-1
448,28,1098.79,669.58,96.55,212.90,-1,-1,-1,-1
449,28,1091.36,668.31,98.71,216.94,-1,-1,-1,-1
450,28,1091.34,674.98,95.85,215.46,-1,-1,-1,-1
451,28,1089.80,675.07,97.97,218.37,-1,-1,-1,-1
452,28,1082.95,676.85,99.16,218.92,-1,-1,-1,-1
453,28,1079.08,677.43,104.92,219.19,-1,-1,-1,-1
454,28,1071.03,682.74,107.39,224.28,-1,-1,-1,-1
455,28,1068.43,683.23,110.22,232.32,-1,-1,-1,-1
456,28,1068.20,682.81,110.40,234.60,-1,-1,-1,-1
457,28,1061.57,683.12,110.23,234.24,-1,-1,-1,-1
458,28,1060.62,689.30,110.86,233.49,-1,-1,-1,-1
459,28,1058.85,688.98,113.07,235.39,-1,-1,-1,-1
460,28,1051.69,689.68,113.44,232.51,-1,-1,-1,-1
461,28,1049.64,689.33,115.71,236.58,-1,-1,-1,-1
462,28,1042.43,697.03,116.27,225.39,-1,-1,-1,-1
463,28,1039.72,696.98,119.29,235.83,-1,-1,-1,-1
464,28,1033.81,697.24,117.78,235.40,-1,-1,-1,-1
465,28,1033.25,697.97,116.93,233.35,-1,-1,-1,-1
466,28,1033.21,697.82,116.36,230.55,-1,-1,-1,-1
467,28,1032.12,697.48,117.76,229.35,-1,-1,-1,-1
468,28,1025.83,703.56,116.81,227.88,-1,-1,-1,-1
469,28,1023.85,703.42,118.59,233.69,-1,-1,-1,-1
470,28,1018.49,703.69,116.03,232.61,-1,-1,-1,-1
471,28,1014.89,704.58,121.34,235.17,-1,-1,-1,-1
472,28,1005.62,704.85,125.74,233.06,-1,-1,-1,-1
473,28,1002.38,703.31,129.85,246.99,-1,-1,-1,-1
474,28,994.13,711.37,132.26,247.21,-1,-1,-1,-1
475,28,992.71,712.28,134.33,250.30,-1,-1,-1,-1
476,28,988.69,711.17,141.28,256.01,-1,-1,-1,-1
477,28,979.16,711.07,146.42,252.85,-1,-1,-1,-1
478,28,977.24,709.44,148.54,252.91,-1,-1,-1,-1
479,28,969.40,711.60,149.25,256.82,-1,-1,-1,-1
480,28,964.52,718.53,158.43,255.41,-1,-1,-1,-1
481,28,954.87,717.35,162.43,257.34,-1,-1,-1,-1
482,28,947.26,716.96,162.42,258.59,-1,-1,-1,-1
483,28,947.28,718.90,160.87,251.97,-1,-1,-1,-1
484,28,947.75,716.80,159.90,249.66,-1,-1,-1,-1
485,28,943.33,717.85,154.04,247.42,-1,-1,-1,-1
486,28,941.66,716.82,156.44,244.21,-1,-1,-1,-1
487,28,934.33,715.76,155.67,244.66,-1,-1,-1,-1
488,28,934.43,718.08,154.47,248.98,-1,-1,-1,-1
489,28,926.36,717.35,155.75,250.47,-1,-1,-1,-1
490,28,916.63,716.32,159.57,265.77,-1,-1,-1,-1
491,28,903.09,722.58,170.20,260.71,-1,-1,-1,-1
492,28,903.06,724.34,169.57,242.56,-1,-1,-1,-1
493,28,949.75,732.86,91.62,212.77,-1,-1,-1,-1
494,28,939.20,730.85,97.96,216.24,-1,-1,-1,-1
495,28,935.32,729.14,103.15,220.28,-1,-1,-1,-1
496,28,927.08,729.88,105.98,218.81,-1,-1,-1,-1
497,28,925.49,729.63,107.90,220.28,-1,-1,-1,-1
498,28,913.87,729.54,116.22,221.56,-1,-1,-1,-1
499,28,901.29,727.70,125.54,227.28,-1,-1,-1,-1
500,28,899.38,728.25,127.97,223.33,-1,-1,-1,-1
398,29,779.81,587.38,160.34,358.38,-1,-1,-1,-1
399,29,776.14,590.99,167.38,367.44,-1,-1,-1,-1
400,29,771.43,590.99,176.58,366.04,-1,-1,-1,-1
401,29,767.21,590.69,185.35,369.59,-1,-1,-1,-1
402,29,767.12,591.04,185.31,374.63,-1,-1,-1,-1
403,29,762.08,587.02,180.35,366.58,-1,-1,-1,-1
404,29,763.00,587.13,177.87,366.50,-1,-1,-1,-1
405,29,757.17,589.13,174.44,359.61,-1,-1,-1,-1
406,29,758.96,589.18,170.19,359.33,-1,-1,-1,-1
407,29,758.35,589.77,171.64,356.55,-1,-1,-1,-1
408,29,757.68,590.74,172.68,371.08,-1,-1,-1,-1
409,29,757.04,591.79,173.79,369.07,-1,-1,-1,-1
410,29,757.13,592.75,173.24,369.44,-1,-1,-1,-1
411,29,758.94,593.08,169.74,370.82,-1,-1,-1,-1
412,29,758.90,592.58,169.67,374.98,-1,-1,-1,-1
413,29,759.44,591.10,168.55,352.11,-1,-1,-1,-1
414,29,760.25,593.48,166.99,346.53,-1,-1,-1,-1
415,29,756.41,596.38,159.52,341.36,-1,-1,-1,-1
416,29,760.00,590.35,151.57,333.96,-1,-1,-1,-1
417,29,758.31,590.72,140.27,332.36,-1,-1,-1,-1
418,29,762.63,591.75,131.17,327.44,-1,-1,-1,-1
419,29,765.66,592.45,124.74,324.92,-1,-1,-1,-1
420,29,768.21,594.42,119.55,317.76,-1,-1,-1,-1
421,29,770.83,593.75,113.88,318.93,-1,-1,-1,-1
422,29,772.23,591.58,110.64,307.77,-1,-1,-1,-1
423,29,774.98,594.36,104.99,299.46,-1,-1,-1,-1
424,29,778.67,596.06,97.03,295.44,-1,-1,-1,-1
425,29,780.59,595.44,92.82,281.37,-1,-1,-1,-1
426,29,783.95,592.70,85.65,271.25,-1,-1,-1,-1
427,29,786.67,594.30,80.09,267.40,-1,-1,-1,-1
428,29,787.88,592.29,78.30,256.51,-1,-1,-1,-1
429,29,787.90,593.34,78.29,254.42,-1,-1,-1,-1
430,29,788.28,595.16,77.77,250.66,-1,-1,-1,-1
431,29,789.98,598.35,74.12,244.36,-1,-1,-1,-1
432,29,789.63,598.74,74.87,243.38,-1,-1,-1,-1
433,29,789.45,598.86,75.54,243.02,-1,-1,-1,-1
434,29,789.29,598.50,75.35,243.80,-1,-1,-1,-1
435,29,788.86,599.82,76.13,240.75,-1,-1,-1,-1
436,29,788.62,600.93,76.39,238.63,-1,-1,-1,-1
437,29,788.34,602.28,77.02,235.74,-1,-1,-1,-1
438,29,788.21,598.33,77.79,228.10,-1,-1,-1,-1
439,29,787.24,598.33,79.77,227.74,-1,-1,-1,-1
440,29,787.67,599.45,78.86,225.43,-1,-1,-1,-1
441,29,787.99,600.29,78.23,223.66,-1,-1,-1,-1
442,29,788.11,598.89,77.86,226.72,-1,-1,-1,-1
443,29,788.11,598.41,77.83,227.70,-1,-1,-1,-1
444,29,787.35,598.21,79.30,227.98,-1,-1,-1,-1
445,29,787.30,598.67,79.53,226.95,-1,-1,-1,-1
446,29,787.63,598.25,78.70,227.73,-1,-1,-1,-1
447,29,787.81,598.20,78.34,227.85,-1,-1,-1,-1
448,29,787.88,598.53,78.51,227.13,-1,-1,-1,-1
449,29,787.58,597.94,79.45,228.26,-1,-1,-1,-1
450,29,787.32,598.24,80.09,227.41,-1,-1,-1,-1
451,29,786.75,593.18,80.77,222.86,-1,-1,-1,-1
452,29,785.64,592.78,83.11,223.13,-1,-1,-1,-1
453,29,785.35,593.05,83.75,222.19,-1,-1,-1,-1
454,29,785.20,592.97,83.78,222.46,-1,-1,-1,-1
455,29,785.33,594.01,83.54,220.22,-1,-1,-1,-1
456,29,785.26,593.88,83.75,220.60,-1,-1,-1,-1
457,29,785.20,593.52,83.88,221.40,-1,-1,-1,-1
458,29,785.18,592.85,83.92,222.93,-1,-1,-1,-1
459,29,785.18,592.11,83.87,224.57,-1,-1,-1,-1
460,29,782.87,591.07,88.61,226.58,-1,-1,-1,-1
461,29,783.09,590.84,88.30,227.14,-1,-1,-1,-1
462,29,783.14,590.17,88.07,228.70,-1,-1,-1,-1
463,29,782.98,590.34,88.65,228.55,-1,-1,-1,-1
464,29,782.99,590.32,88.85,228.80,-1,-1,-1,-1
465,29,783.50,591.33,88.01,226.81,-1,-1,-1,-1
466,29,783.82,590.77,87.46,228.02,-1,-1,-1,-1
467,29,783.87,590.27,87.47,229.16,-1,-1,-1,-1
468,29,784.01,589.99,87.27,229.83,-1,-1,-1,-1
469,29,783.94,589.63,87.53,230.49,-1,-1,-1,-1
470,29,784.38,589.82,86.87,229.99,-1,-1,-1,-1
471,29,784.27,589.57,87.31,230.44,-1,-1,-1,-1
472,29,784.29,590.37,87.34,228.82,-1,-1,-1,-1
473,29,784.56,590.44,87.06,228.65,-1,-1,-1,-1
474,29,792.52,590.92,86.29,227.77,-1,-1,-1,-1
408,30,644.99,326.05,74.94,210.50,-1,-1,-1,-1
409,30,645.20,320.06,75.74,210.06,-1,-1,-1,-1
413,31,648.10,307.73,74.32,214.43,-1,-1,-1,-1
415,32,653.06,299.54,77.41,216.46,-1,-1,-1,-1
437,33,713.65,645.18,84.52,213.06,-1,-1,-1,-1
438,33,712.82,641.66,85.76,219.92,-1,-1,-1,-1
439,33,705.99,637.29,83.93,213.53,-1,-1,-1,-1
440,33,696.94,638.90,86.77,210.44,-1,-1,-1,-1
441,33,696.98,637.34,86.38,213.07,-1,-1,-1,-1
442,33,693.65,628.70,91.23,216.01,-1,-1,-1,-1
443,33,686.96,629.15,90.12,216.09,-1,-1,-1,-1
444,33,685.33,624.83,91.78,222.48,-1,-1,-1,-1
445,33,675.02,617.26,97.42,224.29,-1,-1,-1,-1
446,33,674.75,618.53,96.73,220.27,-1,-1,-1,-1
447,33,674.88,616.72,96.48,222.96,-1,-1,-1,-1
448,33,674.45,610.39,97.37,220.69,-1,-1,-1,-1
449,33,667.66,609.31,96.34,223.94,-1,-1,-1,-1
450,33,665.08,607.59,100.14,225.80,-1,-1,-1,-1
451,33,661.80,605.93,106.69,229.66,-1,-1,-1,-1
452,33,653.58,599.64,108.78,232.07,-1,-1,-1,-1
453,33,651.94,597.88,111.04,232.30,-1,-1,-1,-1
454,33,652.40,589.69,109.88,231.21,-1,-1,-1,-1
455,33,652.21,589.14,110.74,230.69,-1,-1,-1,-1
456,33,652.47,581.38,109.57,231.32,-1,-1,-1,-1
457,33,652.18,581.77,110.01,231.43,-1,-1,-1,-1
458,33,645.62,581.38,108.95,233.68,-1,-1,-1,-1
459,33,644.43,569.88,109.98,239.77,-1,-1,-1,-1
460,33,643.85,570.00,110.85,241.69,-1,-1,-1,-1
461,33,641.96,568.82,114.74,245.82,-1,-1,-1,-1
462,33,635.94,567.75,112.21,249.91,-1,-1,-1,-1
463,33,634.79,560.06,112.96,251.14,-1,-1,-1,-1
464,33,632.55,561.89,117.15,248.37,-1,-1,-1,-1
465,33,630.01,558.98,122.42,258.38,-1,-1,-1,-1
466,33,618.90,555.29,129.18,269.00,-1,-1,-1,-1
467,33,608.78,554.22,133.90,269.07,-1,-1,-1,-1
468,33,607.45,555.82,136.12,264.29,-1,-1,-1,-1
469,33,605.20,548.13,140.30,263.33,-1,-1,-1,-1
470,33,603.82,547.13,143.59,263.50,-1,-1,-1,-1
471,33,606.31,541.54,138.33,258.43,-1,-1,-1,-1
472,33,605.46,544.28,140.30,256.24,-1,-1,-1,-1
473,33,605.46,541.96,140.41,261.66,-1,-1,-1,-1
474,33,606.90,534.88,136.95,257.63,-1,-1,-1,-1
475,33,607.78,531.36,135.22,245.07,-1,-1,-1,-1
476,33,610.07,523.04,131.17,240.27,-1,-1,-1,-1
477,33,612.63,526.82,126.31,231.57,-1,-1,-1,-1
478,33,618.15,518.99,115.42,227.13,-1,-1,-1,-1
479,33,620.02,514.34,111.03,220.05,-1,-1,-1,-1
480,33,622.81,513.33,105.47,220.75,-1,-1,-1,-1
481,33,617.70,508.12,101.21,215.82,-1,-1,-1,-1
482,33,617.63,500.90,100.28,215.50,-1,-1,-1,-1
483,33,616.04,499.38,103.09,217.09,-1,-1,-1,-1
484,33,617.18,491.69,100.95,217.78,-1,-1,-1,-1
485,33,617.38,490.99,100.86,217.38,-1,-1,-1,-1
486,33,615.89,489.28,103.60,220.20,-1,-1,-1,-1
487,33,615.44,482.17,104.39,220.61,-1,-1,-1,-1
488,33,615.61,483.44,104.07,216.26,-1,-1,-1,-1
489,33,616.89,475.61,101.94,221.27,-1,-1,-1,-1
490,33,616.46,474.47,102.77,224.95,-1,-1,-1,-1
491,33,615.43,473.21,105.01,230.70,-1,-1,-1,-1
492,33,607.14,465.82,106.23,230.49,-1,-1,-1,-1
493,33,607.76,458.61,104.58,226.11,-1,-1,-1,-1
494,33,610.67,458.10,99.35,223.57,-1,-1,-1,-1
495,33,611.53,450.08,97.18,223.15,-1,-1,-1,-1
496,33,614.42,451.61,92.34,217.23,-1,-1,-1,-1
497,33,614.03,450.78,93.14,217.34,-1,-1,-1,-1
498,33,613.98,442.97,92.75,220.26,-1,-1,-1,-1
499,33,620.27,441.89,93.86,219.02,-1,-1,-1,-1
500,33,620.38,441.66,94.62,218.57,-1,-1,-1,-1
461,34,1184.54,289.40,71.96,204.29,-1,-1,-1,-1
464,35,1188.70,301.28,77.11,210.47,-1,-1,-1,-1
465,35,1189.72,303.32,76.28,207.37,-1,-1,-1,-1
467,36,570.95,773.82,179.10,403.77,-1,-1,-1,-1
468,36,570.95,773.46,179.11,401.46,-1,-1,-1,-1
469,36,570.69,773.27,179.54,399.50,-1,-1,-1,-1
470,36,570.65,773.07,179.66,399.87,-1,-1,-1,-1
471,36,570.43,772.91,180.12,399.06,-1,-1,-1,-1
472,36,570.53,773.91,179.91,399.32,-1,-1,-1,-1
473,36,566.68,759.90,187.24,407.89,-1,-1,-1,-1
474,36,565.16,758.96,190.27,415.10,-1,-1,-1,-1
475,36,561.96,744.72,196.61,439.85,-1,-1,-1,-1
476,36,558.50,745.29,203.28,439.23,-1,-1,-1,-1
477,36,558.19,744.94,203.92,439.98,-1,-1,-1,-1
478,36,558.33,744.85,203.60,441.27,-1,-1,-1,-1
479,36,558.93,744.52,202.30,436.77,-1,-1,-1,-1
480,36,559.13,744.46,201.93,440.34,-1,-1,-1,-1
481,36,559.42,744.23,201.23,445.61,-1,-1,-1,-1
482,36,559.45,744.23,201.16,448.92,-1,-1,-1,-1
483,36,559.69,744.53,200.66,450.91,-1,-1,-1,-1
484,36,559.31,744.69,201.40,449.32,-1,-1,-1,-1
485,36,559.36,744.80,201.27,453.68,-1,-1,-1,-1
486,36,559.16,744.99,201.51,456.74,-1,-1,-1,-1
487,36,559.38,744.99,201.01,453.77,-1,-1,-1,-1
488,36,560.29,760.21,199.21,443.32,-1,-1,-1,-1
489,36,562.88,760.16,194.17,444.31,-1,-1,-1,-1
490,36,562.76,760.39,194.44,442.14,-1,-1,-1,-1
491,36,562.61,760.31,194.71,437.92,-1,-1,-1,-1
492,36,562.93,760.19,194.14,440.76,-1,-1,-1,-1
493,36,562.89,760.23,194.29,444.93,-1,-1,-1,-1
494,36,562.53,760.28,194.97,447.69,-1,-1,-1,-1
495,36,562.64,760.36,194.74,447.13,-1,-1,-1,-1
496,36,563.11,760.00,193.93,443.57,-1,-1,-1,-1
497,36,563.36,759.91,193.50,443.56,-1,-1,-1,-1
498,36,562.76,759.77,194.73,442.32,-1,-1,-1,-1
499,36,562.39,759.80,195.52,439.70,-1,-1,-1,-1
500,36,563.08,759.72,194.19,439.96,-1,-1,-1,-1
469,37,1197.82,318.03,75.18,209.79,-1,-1,-1,-1
470,37,1197.41,319.67,75.94,209.28,-1,-1,-1,-1
471,37,1196.63,322.24,78.27,218.18,-1,-1,-1,-1
472,37,1196.85,328.34,78.83,221.36,-1,-1,-1,-1
473,37,1203.24,331.17,79.41,216.66,-1,-1,-1,-1
474,37,1202.63,337.07,81.04,219.00,-1,-1,-1,-1
475,37,1203.34,338.48,80.63,218.38,-1,-1,-1,-1
476,37,1203.52,340.72,81.10,214.92,-1,-1,-1,-1
477,37,1203.69,346.31,81.75,216.13,-1,-1,-1,-1
478,37,1203.26,349.60,83.10,212.07,-1,-1,-1,-1
479,37,1204.19,350.83,81.65,212.35,-1,-1,-1,-1
480,37,1209.44,355.82,82.12,212.57,-1,-1,-1,-1
481,37,1211.30,358.07,81.57,212.04,-1,-1,-1,-1
482,37,1212.58,364.99,81.13,210.68,-1,-1,-1,-1
483,37,1212.16,366.02,82.09,212.75,-1,-1,-1,-1
484,37,1212.21,372.22,82.44,211.60,-1,-1,-1,-1
485,37,1211.48,373.57,83.46,212.80,-1,-1,-1,-1
486,37,1212.03,374.65,82.63,213.74,-1,-1,-1,-1
487,37,1212.37,382.13,81.89,210.60,-1,-1,-1,-1
488,37,1211.92,382.57,82.79,213.47,-1,-1,-1,-1
489,37,1211.88,387.93,83.30,212.78,-1,-1,-1,-1
490,37,1217.37,390.72,82.28,211.35,-1,-1,-1,-1
491,37,1217.65,396.76,82.97,211.16,-1,-1,-1,-1
492,37,1217.24,397.93,84.05,211.94,-1,-1,-1,-1
493,37,1217.19,398.95,84.05,213.81,-1,-1,-1,-1
494,37,1215.71,404.36,86.87,214.50,-1,-1,-1,-1
495,37,1215.77,406.61,86.76,213.34,-1,-1,-1,-1
496,37,1215.57,412.20,87.45,214.10,-1,-1,-1,-1
497,37,1215.32,413.31,88.43,214.26,-1,-1,-1,-1
498,37,1216.27,419.11,87.01,215.26,-1,-1,-1,-1
499,37,1215.83,421.29,87.58,214.51,-1,-1,-1,-1
500,37,1216.36,427.14,86.70,216.03,-1,-1,-1,-1
