1,1,914,442,92,200,1,1,1.0
1,2,1543,789,82,200,1,1,1.0
1,3,663,438,98,200,1,1,1.0
1,4,1792,88,80,200,1,1,1.0
2,1,916,445,92,200,1,1,1.0
2,2,1541,788,82,200,1,1,1.0
2,3,665,427,98,200,1,1,1.0
2,4,1790,98,80,200,1,1,1.0
3,1,918,450,92,200,1,1,1.0
3,2,1539,791,82,200,1,1,1.0
3,3,667,416,98,200,1,1,1.0
3,4,1788,84,80,200,1,1,1.0
4,1,920,470,92,200,1,1,1.0
4,2,1537,783,82,200,1,1,1.0
4,3,669,407,98,200,1,1,1.0
4,4,1786,86,80,200,1,1,1.0
5,1,922,479,92,200,1,1,1.0
5,2,1535,780,82,200,1,1,1.0
5,3,671,403,98,200,1,1,1.0
5,4,1784,94,80,200,1,1,1.0
6,1,924,487,92,200,1,1,1.0
6,2,1533,791,82,200,1,1,1.0
6,3,673,381,98,200,1,1,1.0
6,4,1782,93,80,200,1,1,1.0
7,1,926,498,92,200,1,1,1.0
7,2,1531,789,82,200,1,1,1.0
7,3,675,380,98,200,1,1,1.0
7,4,1780,104,80,200,1,1,1.0
8,1,928,501,92,200,1,1,1.0
8,2,1529,779,82,200,1,1,1.0
8,3,677,377,98,200,1,1,1.0
8,4,1778,99,80,200,1,1,1.0
9,1,930,514,92,200,1,1,1.0
9,2,1527,776,82,200,1,1,1.0
9,3,679,361,98,200,1,1,1.0
9,4,1776,94,80,200,1,1,1.0
10,1,932,520,92,200,1,1,1.0
10,2,1525,787,82,200,1,1,1.0
10,3,681,352,98,200,1,1,1.0
10,4,1774,97,80,200,1,1,1.0
11,1,934,533,92,200,1,1,1.0
11,2,1523,777,82,200,1,1,1.0
11,3,683,338,98,200,1,1,1.0
11,4,1772,98,80,200,1,1,1.0
12,1,936,541,92,200,1,1,1.0
12,2,1521,775,82,200,1,1,1.0
12,3,685,330,98,200,1,1,1.0
12,4,1770,108,80,200,1,1,1.0
13,1,938,545,92,200,1,1,1.0
13,2,1519,772,82,200,1,1,1.0
13,3,687,321,98,200,1,1,1.0
13,4,1768,104,80,200,1,1,1.0
14,1,940,558,92,200,1,1,1.0
14,2,1517,767,82,200,1,1,1.0
14,3,689,327,98,200,1,1,1.0
14,4,1766,118,80,200,1,1,1.0
15,1,942,559,92,200,1,1,1.0
15,2,1515,767,82,200,1,1,1.0
15,3,691,313,98,200,1,1,1.0
15,4,1764,118,80,200,1,1,1.0
16,1,944,564,92,200,1,1,1.0
16,2,1513,766,82,200,1,1,1.0
16,3,693,297,98,200,1,1,1.0
16,4,1762,116,80,200,1,1,1.0
17,1,946,572,92,200,1,1,1.0
17,2,1511,760,82,200,1,1,1.0
17,3,695,289,98,200,1,1,1.0
17,4,1760,128,80,200,1,1,1.0
18,1,948,585,92,200,1,1,1.0
18,2,1509,760,82,200,1,1,1.0
18,3,697,292,98,200,1,1,1.0
18,4,1758,132,80,200,1,1,1.0
19,1,950,586,92,200,1,1,1.0
19,2,1507,752,82,200,1,1,1.0
19,3,699,287,98,200,1,1,1.0
19,4,1756,135,80,200,1,1,1.0
20,1,952,594,92,200,1,1,1.0
20,2,1505,741,82,200,1,1,1.0
20,3,701,271,98,200,1,1,1.0
20,4,1754,143,80,200,1,1,1.0
21,1,954,606,92,200,1,1,1.0
21,2,1503,746,82,200,1,1,1.0
21,3,703,268,98,200,1,1,1.0
21,4,1752,137,80,200,1,1,1.0
22,1,956,620,92,200,1,1,1.0
22,2,1501,733,82,200,1,1,1.0
22,3,705,257,98,200,1,1,1.0
22,4,1750,139,80,200,1,1,1.0
23,1,958,617,92,200,1,1,1.0
23,2,1499,734,82,200,1,1,1.0
23,3,707,245,98,200,1,1,1.0
23,4,1748,155,80,200,1,1,1.0
24,1,960,636,92,200,1,1,1.0
24,2,1497,729,82,200,1,1,1.0
24,3,709,235,98,200,1,1,1.0
24,4,1746,160,80,200,1,1,1.0
25,1,962,635,92,200,1,1,1.0
25,2,1495,720,82,200,1,1,1.0
25,3,711,230,98,200,1,1,1.0
25,4,1744,156,80,200,1,1,1.0
26,1,964,653,92,200,1,1,1.0
26,2,1493,725,82,200,1,1,1.0
26,3,713,236,98,200,1,1,1.0
26,4,1742,161,80,200,1,1,1.0
27,1,966,648,92,200,1,1,1.0
27,2,1491,709,82,200,1,1,1.0
27,3,715,225,98,200,1,1,1.0
27,4,1740,176,80,200,1,1,1.0
28,1,968,661,92,200,1,1,1.0
28,2,1489,707,82,200,1,1,1.0
28,3,717,209,98,200,1,1,1.0
28,4,1738,177,80,200,1,1,1.0
29,1,970,664,92,200,1,1,1.0
29,2,1487,708,82,200,1,1,1.0
29,3,719,202,98,200,1,1,1.0
29,4,1736,188,80,200,1,1,1.0
30,1,972,671,92,200,1,1,1.0
30,2,1485,697,82,200,1,1,1.0
30,3,721,208,98,200,1,1,1.0
30,4,1734,188,80,200,1,1,1.0
31,1,974,673,92,200,1,1,1.0
31,2,1483,686,82,200,1,1,1.0
31,3,723,187,98,200,1,1,1.0
31,4,1732,191,80,200,1,1,1.0
32,1,976,689,92,200,1,1,1.0
32,2,1481,689,82,200,1,1,1.0
32,3,725,195,98,200,1,1,1.0
32,4,1730,197,80,200,1,1,1.0
33,1,978,694,92,200,1,1,1.0
33,2,1479,674,82,200,1,1,1.0
33,3,727,185,98,200,1,1,1.0
33,4,1728,208,80,200,1,1,1.0
34,1,980,702,92,200,1,1,1.0
34,2,1477,677,82,200,1,1,1.0
34,3,729,173,98,200,1,1,1.0
34,4,1726,220,80,200,1,1,1.0
35,1,982,708,92,200,1,1,1.0
35,2,1475,667,82,200,1,1,1.0
35,3,731,177,98,200,1,1,1.0
35,4,1724,215,80,200,1,1,1.0
36,1,984,706,92,200,1,1,1.0
36,2,1473,665,82,200,1,1,1.0
36,3,733,168,98,200,1,1,1.0
36,4,1722,220,80,200,1,1,1.0
37,1,986,721,92,200,1,1,1.0
37,2,1471,656,82,200,1,1,1.0
37,3,735,156,98,200,1,1,1.0
37,4,1720,235,80,200,1,1,1.0
38,1,988,712,92,200,1,1,1.0
38,2,1469,648,82,200,1,1,1.0
38,3,737,155,98,200,1,1,1.0
38,4,1718,236,80,200,1,1,1.0
39,1,990,721,92,200,1,1,1.0
39,2,1467,633,82,200,1,1,1.0
39,3,739,151,98,200,1,1,1.0
39,4,1716,250,80,200,1,1,1.0
40,1,992,730,92,200,1,1,1.0
40,2,1465,638,82,200,1,1,1.0
40,3,741,140,98,200,1,1,1.0
40,4,1714,254,80,200,1,1,1.0
41,1,994,736,92,200,1,1,1.0
41,2,1463,627,82,200,1,1,1.0
41,3,743,141,98,200,1,1,1.0
41,4,1712,267,80,200,1,1,1.0
42,1,996,739,92,200,1,1,1.0
42,2,1461,608,82,200,1,1,1.0
42,3,745,134,98,200,1,1,1.0
42,4,1710,272,80,200,1,1,1.0
43,1,998,745,92,200,1,1,1.0
43,2,1459,603,82,200,1,1,1.0
43,3,747,138,98,200,1,1,1.0
43,4,1708,283,80,200,1,1,1.0
44,1,1000,746,92,200,1,1,1.0
44,2,1457,603,82,200,1,1,1.0
44,3,749,130,98,200,1,1,1.0
44,4,1706,282,80,200,1,1,1.0
45,1,1002,748,92,200,1,1,1.0
45,2,1455,588,82,200,1,1,1.0
45,3,751,122,98,200,1,1,1.0
45,4,1704,288,80,200,1,1,1.0
46,1,1004,760,92,200,1,1,1.0
46,2,1453,586,82,200,1,1,1.0
46,3,753,119,98,200,1,1,1.0
46,4,1702,307,80,200,1,1,1.0
47,1,1006,767,92,200,1,1,1.0
47,2,1451,578,82,200,1,1,1.0
47,3,755,110,98,200,1,1,1.0
47,4,1700,311,80,200,1,1,1.0
48,1,1008,757,92,200,1,1,1.0
48,2,1449,569,82,200,1,1,1.0
48,3,757,108,98,200,1,1,1.0
48,4,1698,322,80,200,1,1,1.0
49,1,1010,769,92,200,1,1,1.0
49,2,1447,553,82,200,1,1,1.0
49,3,759,106,98,200,1,1,1.0
49,4,1696,324,80,200,1,1,1.0
50,1,1012,767,92,200,1,1,1.0
50,2,1445,550,82,200,1,1,1.0
50,3,761,107,98,200,1,1,1.0
50,4,1694,333,80,200,1,1,1.0
51,1,1014,778,92,200,1,1,1.0
51,2,1443,539,82,200,1,1,1.0
51,3,763,113,98,200,1,1,1.0
51,4,1692,345,80,200,1,1,1.0
52,1,1016,778,92,200,1,1,1.0
52,2,1441,531,82,200,1,1,1.0
52,3,765,101,98,200,1,1,1.0
52,4,1690,350,80,200,1,1,1.0
53,1,1018,774,92,200,1,1,1.0
53,2,1439,529,82,200,1,1,1.0
53,3,767,92,98,200,1,1,1.0
53,4,1688,357,80,200,1,1,1.0
54,1,1020,781,92,200,1,1,1.0
54,2,1437,522,82,200,1,1,1.0
54,3,769,104,98,200,1,1,1.0
54,4,1686,379,80,200,1,1,1.0
55,1,1022,775,92,200,1,1,1.0
55,2,1435,516,82,200,1,1,1.0
55,3,771,94,98,200,1,1,1.0
55,4,1684,378,80,200,1,1,1.0
56,1,1024,779,92,200,1,1,1.0
56,2,1433,507,82,200,1,1,1.0
56,3,773,90,98,200,1,1,1.0
56,4,1682,386,80,200,1,1,1.0
57,1,1026,785,92,200,1,1,1.0
57,2,1431,491,82,200,1,1,1.0
57,3,775,87,98,200,1,1,1.0
57,4,1680,400,80,200,1,1,1.0
58,1,1028,784,92,200,1,1,1.0
58,2,1429,481,82,200,1,1,1.0
58,3,777,86,98,200,1,1,1.0
58,4,1678,406,80,200,1,1,1.0
59,1,1030,781,92,200,1,1,1.0
59,2,1427,478,82,200,1,1,1.0
59,3,779,96,98,200,1,1,1.0
59,4,1676,416,80,200,1,1,1.0
60,1,1032,783,92,200,1,1,1.0
60,2,1425,464,82,200,1,1,1.0
60,3,781,99,98,200,1,1,1.0
60,4,1674,418,80,200,1,1,1.0
61,1,1034,787,92,200,1,1,1.0
61,2,1423,460,82,200,1,1,1.0
61,3,783,88,98,200,1,1,1.0
61,4,1672,438,80,200,1,1,1.0
62,1,1036,792,92,200,1,1,1.0
62,2,1421,448,82,200,1,1,1.0
62,3,785,93,98,200,1,1,1.0
62,4,1670,434,80,200,1,1,1.0
63,1,1038,785,92,200,1,1,1.0
63,2,1419,439,82,200,1,1,1.0
63,3,787,89,98,200,1,1,1.0
63,4,1668,452,80,200,1,1,1.0
64,1,1040,792,92,200,1,1,1.0
64,2,1417,433,82,200,1,1,1.0
64,3,789,96,98,200,1,1,1.0
64,4,1666,463,80,200,1,1,1.0
65,1,1042,789,92,200,1,1,1.0
65,2,1415,415,82,200,1,1,1.0
65,3,791,86,98,200,1,1,1.0
65,4,1664,459,80,200,1,1,1.0
66,1,1044,796,92,200,1,1,1.0
66,2,1413,412,82,200,1,1,1.0
66,3,793,88,98,200,1,1,1.0
66,4,1662,474,80,200,1,1,1.0
67,1,1046,783,92,200,1,1,1.0
67,2,1411,402,82,200,1,1,1.0
67,3,795,93,98,200,1,1,1.0
67,4,1660,486,80,200,1,1,1.0
68,1,1048,781,92,200,1,1,1.0
68,2,1409,391,82,200,1,1,1.0
68,3,797,91,98,200,1,1,1.0
68,4,1658,495,80,200,1,1,1.0
69,1,1050,794,92,200,1,1,1.0
69,2,1407,392,82,200,1,1,1.0
69,3,799,97,98,200,1,1,1.0
69,4,1656,495,80,200,1,1,1.0
70,1,1052,782,92,200,1,1,1.0
70,2,1405,380,82,200,1,1,1.0
70,3,801,97,98,200,1,1,1.0
70,4,1654,516,80,200,1,1,1.0
71,1,1054,785,92,200,1,1,1.0
71,2,1403,371,82,200,1,1,1.0
71,3,803,99,98,200,1,1,1.0
71,4,1652,516,80,200,1,1,1.0
72,1,1056,789,92,200,1,1,1.0
72,2,1401,357,82,200,1,1,1.0
72,3,805,107,98,200,1,1,1.0
72,4,1650,519,80,200,1,1,1.0
73,1,1058,781,92,200,1,1,1.0
73,2,1399,352,82,200,1,1,1.0
73,3,807,106,98,200,1,1,1.0
73,4,1648,528,80,200,1,1,1.0
74,1,1060,771,92,200,1,1,1.0
74,2,1397,340,82,200,1,1,1.0
74,3,809,110,98,200,1,1,1.0
74,4,1646,540,80,200,1,1,1.0
75,1,1062,782,92,200,1,1,1.0
75,2,1395,344,82,200,1,1,1.0
75,3,811,113,98,200,1,1,1.0
75,4,1644,560,80,200,1,1,1.0
76,1,1064,766,92,200,1,1,1.0
76,2,1393,335,82,200,1,1,1.0
76,3,813,116,98,200,1,1,1.0
76,4,1642,553,80,200,1,1,1.0
77,1,1066,767,92,200,1,1,1.0
77,2,1391,317,82,200,1,1,1.0
77,3,815,108,98,200,1,1,1.0
77,4,1640,572,80,200,1,1,1.0
78,1,1068,771,92,200,1,1,1.0
78,2,1389,312,82,200,1,1,1.0
78,3,817,119,98,200,1,1,1.0
78,4,1638,581,80,200,1,1,1.0
79,1,1070,767,92,200,1,1,1.0
79,2,1387,304,82,200,1,1,1.0
79,3,819,126,98,200,1,1,1.0
79,4,1636,588,80,200,1,1,1.0
80,1,1072,754,92,200,1,1,1.0
80,2,1385,288,82,200,1,1,1.0
80,3,821,128,98,200,1,1,1.0
80,4,1634,590,80,200,1,1,1.0
81,1,1074,751,92,200,1,1,1.0
81,2,1383,284,82,200,1,1,1.0
81,3,823,131,98,200,1,1,1.0
81,4,1632,601,80,200,1,1,1.0
82,1,1076,748,92,200,1,1,1.0
82,2,1381,280,82,200,1,1,1.0
82,3,825,129,98,200,1,1,1.0
82,4,1630,609,80,200,1,1,1.0
83,1,1078,747,92,200,1,1,1.0
83,2,1379,270,82,200,1,1,1.0
83,3,827,137,98,200,1,1,1.0
83,4,1628,619,80,200,1,1,1.0
84,1,1080,745,92,200,1,1,1.0
84,2,1377,263,82,200,1,1,1.0
84,3,829,143,98,200,1,1,1.0
84,4,1626,615,80,200,1,1,1.0
85,1,1082,737,92,200,1,1,1.0
85,2,1375,260,82,200,1,1,1.0
85,3,831,152,98,200,1,1,1.0
85,4,1624,638,80,200,1,1,1.0
86,1,1084,737,92,200,1,1,1.0
86,2,1373,253,82,200,1,1,1.0
86,3,833,144,98,200,1,1,1.0
86,4,1622,637,80,200,1,1,1.0
87,1,1086,738,92,200,1,1,1.0
87,2,1371,247,82,200,1,1,1.0
87,3,835,160,98,200,1,1,1.0
87,4,1620,653,80,200,1,1,1.0
88,1,1088,724,92,200,1,1,1.0
88,2,1369,235,82,200,1,1,1.0
88,3,837,158,98,200,1,1,1.0
88,4,1618,655,80,200,1,1,1.0
89,1,1090,720,92,200,1,1,1.0
89,2,1367,235,82,200,1,1,1.0
89,3,839,159,98,200,1,1,1.0
89,4,1616,666,80,200,1,1,1.0
90,1,1092,709,92,200,1,1,1.0
90,2,1365,225,82,200,1,1,1.0
90,3,841,164,98,200,1,1,1.0
90,4,1614,671,80,200,1,1,1.0
91,1,1094,716,92,200,1,1,1.0
91,2,1363,207,82,200,1,1,1.0
91,3,843,181,98,200,1,1,1.0
91,4,1612,667,80,200,1,1,1.0
92,1,1096,707,92,200,1,1,1.0
92,2,1361,207,82,200,1,1,1.0
92,3,845,185,98,200,1,1,1.0
92,4,1610,686,80,200,1,1,1.0
93,1,1098,693,92,200,1,1,1.0
93,2,1359,200,82,200,1,1,1.0
93,3,847,187,98,200,1,1,1.0
93,4,1608,690,80,200,1,1,1.0
94,1,1100,699,92,200,1,1,1.0
94,2,1357,190,82,200,1,1,1.0
94,3,849,189,98,200,1,1,1.0
94,4,1606,693,80,200,1,1,1.0
95,1,1102,685,92,200,1,1,1.0
95,2,1355,194,82,200,1,1,1.0
95,3,851,198,98,200,1,1,1.0
95,4,1604,694,80,200,1,1,1.0
96,1,1104,679,92,200,1,1,1.0
96,2,1353,185,82,200,1,1,1.0
96,3,853,200,98,200,1,1,1.0
96,4,1602,696,80,200,1,1,1.0
97,1,1106,680,92,200,1,1,1.0
97,2,1351,181,82,200,1,1,1.0
97,3,855,221,98,200,1,1,1.0
97,4,1600,708,80,200,1,1,1.0
98,1,1108,659,92,200,1,1,1.0
98,2,1349,174,82,200,1,1,1.0
98,3,857,216,98,200,1,1,1.0
98,4,1598,717,80,200,1,1,1.0
99,1,1110,666,92,200,1,1,1.0
99,2,1347,159,82,200,1,1,1.0
99,3,859,227,98,200,1,1,1.0
99,4,1596,713,80,200,1,1,1.0
100,1,1112,646,92,200,1,1,1.0
100,2,1345,167,82,200,1,1,1.0
100,3,861,235,98,200,1,1,1.0
100,4,1594,721,80,200,1,1,1.0
101,1,1114,647,92,200,1,1,1.0
101,2,1343,155,82,200,1,1,1.0
101,3,863,236,98,200,1,1,1.0
101,4,1592,726,80,200,1,1,1.0
102,1,1116,637,92,200,1,1,1.0
102,2,1341,157,82,200,1,1,1.0
102,3,865,253,98,200,1,1,1.0
102,4,1590,733,80,200,1,1,1.0
103,1,1118,638,92,200,1,1,1.0
103,2,1339,141,82,200,1,1,1.0
103,3,867,251,98,200,1,1,1.0
103,4,1588,738,80,200,1,1,1.0
104,1,1120,622,92,200,1,1,1.0
104,2,1337,143,82,200,1,1,1.0
104,3,869,271,98,200,1,1,1.0
104,4,1586,752,80,200,1,1,1.0
105,1,1122,613,92,200,1,1,1.0
105,2,1335,129,82,200,1,1,1.0
105,3,871,265,98,200,1,1,1.0
105,4,1584,744,80,200,1,1,1.0
106,1,1124,614,92,200,1,1,1.0
106,2,1333,129,82,200,1,1,1.0
106,3,873,281,98,200,1,1,1.0
106,4,1582,744,80,200,1,1,1.0
107,1,1126,595,92,200,1,1,1.0
107,2,1331,132,82,200,1,1,1.0
107,3,875,288,98,200,1,1,1.0
107,4,1580,761,80,200,1,1,1.0
108,1,1128,585,92,200,1,1,1.0
108,2,1329,125,82,200,1,1,1.0
108,3,877,300,98,200,1,1,1.0
108,4,1578,761,80,200,1,1,1.0
109,1,1130,577,92,200,1,1,1.0
109,2,1327,125,82,200,1,1,1.0
109,3,879,305,98,200,1,1,1.0
109,4,1576,762,80,200,1,1,1.0
110,1,1132,569,92,200,1,1,1.0
110,2,1325,111,82,200,1,1,1.0
110,3,881,314,98,200,1,1,1.0
110,4,1574,772,80,200,1,1,1.0
111,1,1134,563,92,200,1,1,1.0
111,2,1323,118,82,200,1,1,1.0
111,3,883,321,98,200,1,1,1.0
111,4,1572,769,80,200,1,1,1.0
112,1,1136,554,92,200,1,1,1.0
112,2,1321,114,82,200,1,1,1.0
112,3,885,331,98,200,1,1,1.0
112,4,1570,779,80,200,1,1,1.0
113,1,1138,552,92,200,1,1,1.0
113,2,1319,110,82,200,1,1,1.0
113,3,887,340,98,200,1,1,1.0
113,4,1568,782,80,200,1,1,1.0
114,1,1140,537,92,200,1,1,1.0
114,2,1317,110,82,200,1,1,1.0
114,3,889,343,98,200,1,1,1.0
114,4,1566,771,80,200,1,1,1.0
115,1,1142,531,92,200,1,1,1.0
115,2,1315,106,82,200,1,1,1.0
115,3,891,357,98,200,1,1,1.0
115,4,1564,783,80,200,1,1,1.0
116,1,1144,520,92,200,1,1,1.0
116,2,1313,94,82,200,1,1,1.0
116,3,893,358,98,200,1,1,1.0
116,4,1562,778,80,200,1,1,1.0
117,1,1146,515,92,200,1,1,1.0
117,2,1311,95,82,200,1,1,1.0
117,3,895,370,98,200,1,1,1.0
117,4,1560,776,80,200,1,1,1.0
118,1,1148,517,92,200,1,1,1.0
118,2,1309,96,82,200,1,1,1.0
118,3,897,374,98,200,1,1,1.0
118,4,1558,791,80,200,1,1,1.0
119,1,1150,494,92,200,1,1,1.0
119,2,1307,96,82,200,1,1,1.0
119,3,899,389,98,200,1,1,1.0
119,4,1556,792,80,200,1,1,1.0
120,1,1152,496,92,200,1,1,1.0
120,2,1305,90,82,200,1,1,1.0
120,3,901,402,98,200,1,1,1.0
120,4,1554,792,80,200,1,1,1.0
121,1,1154,476,92,200,1,1,1.0
121,2,1303,98,82,200,1,1,1.0
121,3,903,408,98,200,1,1,1.0
121,4,1552,789,80,200,1,1,1.0
122,1,1156,473,92,200,1,1,1.0
122,2,1301,99,82,200,1,1,1.0
122,3,905,416,98,200,1,1,1.0
122,4,1550,794,80,200,1,1,1.0
123,1,1158,469,92,200,1,1,1.0
123,2,1299,87,82,200,1,1,1.0
123,3,907,422,98,200,1,1,1.0
123,4,1548,782,80,200,1,1,1.0
124,1,1160,455,92,200,1,1,1.0
124,2,1297,97,82,200,1,1,1.0
124,3,909,426,98,200,1,1,1.0
124,4,1546,787,80,200,1,1,1.0
125,1,1162,444,92,200,1,1,1.0
125,2,1295,88,82,200,1,1,1.0
125,3,911,440,98,200,1,1,1.0
125,4,1544,795,80,200,1,1,1.0
126,1,1164,439,92,200,1,1,1.0
126,2,1293,92,82,200,1,1,1.0
126,3,913,445,98,200,1,1,1.0
126,4,1542,783,80,200,1,1,1.0
127,1,1166,432,92,200,1,1,1.0
127,2,1291,89,82,200,1,1,1.0
127,3,915,460,98,200,1,1,1.0
127,4,1540,788,80,200,1,1,1.0
128,1,1168,423,92,200,1,1,1.0
128,2,1289,91,82,200,1,1,1.0
128,3,917,461,98,200,1,1,1.0
128,4,1538,781,80,200,1,1,1.0
129,1,1170,414,92,200,1,1,1.0
129,2,1287,85,82,200,1,1,1.0
129,3,919,472,98,200,1,1,1.0
129,4,1536,791,80,200,1,1,1.0
130,1,1172,399,92,200,1,1,1.0
130,2,1285,85,82,200,1,1,1.0
130,3,921,485,98,200,1,1,1.0
130,4,1534,784,80,200,1,1,1.0
131,1,1174,393,92,200,1,1,1.0
131,2,1283,88,82,200,1,1,1.0
131,3,923,487,98,200,1,1,1.0
131,4,1532,789,80,200,1,1,1.0
132,1,1176,393,92,200,1,1,1.0
132,2,1281,100,82,200,1,1,1.0
132,3,925,494,98,200,1,1,1.0
132,4,1530,777,80,200,1,1,1.0
133,1,1178,384,92,200,1,1,1.0
133,2,1279,102,82,200,1,1,1.0
133,3,927,512,98,200,1,1,1.0
133,4,1528,777,80,200,1,1,1.0
134,1,1180,363,92,200,1,1,1.0
134,2,1277,104,82,200,1,1,1.0
134,3,929,522,98,200,1,1,1.0
134,4,1526,787,80,200,1,1,1.0
135,1,1182,360,92,200,1,1,1.0
135,2,1275,106,82,200,1,1,1.0
135,3,931,523,98,200,1,1,1.0
135,4,1524,771,80,200,1,1,1.0
136,1,1184,350,92,200,1,1,1.0
136,2,1273,99,82,200,1,1,1.0
136,3,933,538,98,200,1,1,1.0
136,4,1522,770,80,200,1,1,1.0
137,1,1186,351,92,200,1,1,1.0
137,2,1271,108,82,200,1,1,1.0
137,3,935,549,98,200,1,1,1.0
137,4,1520,771,80,200,1,1,1.0
138,1,1188,334,92,200,1,1,1.0
138,2,1269,115,82,200,1,1,1.0
138,3,937,557,98,200,1,1,1.0
138,4,1518,763,80,200,1,1,1.0
139,1,1190,334,92,200,1,1,1.0
139,2,1267,108,82,200,1,1,1.0
139,3,939,552,98,200,1,1,1.0
139,4,1516,761,80,200,1,1,1.0
140,1,1192,313,92,200,1,1,1.0
140,2,1265,118,82,200,1,1,1.0
140,3,941,576,98,200,1,1,1.0
140,4,1514,757,80,200,1,1,1.0
141,1,1194,319,92,200,1,1,1.0
141,2,1263,118,82,200,1,1,1.0
141,3,943,570,98,200,1,1,1.0
141,4,1512,758,80,200,1,1,1.0
142,1,1196,305,92,200,1,1,1.0
142,2,1261,117,82,200,1,1,1.0
142,3,945,584,98,200,1,1,1.0
142,4,1510,763,80,200,1,1,1.0
143,1,1198,298,92,200,1,1,1.0
143,2,1259,131,82,200,1,1,1.0
143,3,947,600,98,200,1,1,1.0
143,4,1508,759,80,200,1,1,1.0
144,1,1200,285,92,200,1,1,1.0
144,2,1257,125,82,200,1,1,1.0
144,3,949,594,98,200,1,1,1.0
144,4,1506,748,80,200,1,1,1.0
145,1,1202,283,92,200,1,1,1.0
145,2,1255,134,82,200,1,1,1.0
145,3,951,610,98,200,1,1,1.0
145,4,1504,750,80,200,1,1,1.0
146,1,1204,271,92,200,1,1,1.0
146,2,1253,144,82,200,1,1,1.0
146,3,953,620,98,200,1,1,1.0
146,4,1502,739,80,200,1,1,1.0
147,1,1206,271,92,200,1,1,1.0
147,2,1251,141,82,200,1,1,1.0
147,3,955,631,98,200,1,1,1.0
147,4,1500,730,80,200,1,1,1.0
148,1,1208,262,92,200,1,1,1.0
148,2,1249,147,82,200,1,1,1.0
148,3,957,625,98,200,1,1,1.0
148,4,1498,736,80,200,1,1,1.0
149,1,1210,254,92,200,1,1,1.0
149,2,1247,143,82,200,1,1,1.0
149,3,959,632,98,200,1,1,1.0
149,4,1496,727,80,200,1,1,1.0
150,1,1212,236,92,200,1,1,1.0
150,2,1245,162,82,200,1,1,1.0
150,3,961,649,98,200,1,1,1.0
150,4,1494,716,80,200,1,1,1.0
151,1,1214,233,92,200,1,1,1.0
151,2,1243,167,82,200,1,1,1.0
151,3,963,647,98,200,1,1,1.0
151,4,1492,719,80,200,1,1,1.0
152,1,1216,225,92,200,1,1,1.0
152,2,1241,157,82,200,1,1,1.0
152,3,965,660,98,200,1,1,1.0
152,4,1490,710,80,200,1,1,1.0
153,1,1218,225,92,200,1,1,1.0
153,2,1239,165,82,200,1,1,1.0
153,3,967,672,98,200,1,1,1.0
153,4,1488,703,80,200,1,1,1.0
154,1,1220,209,92,200,1,1,1.0
154,2,1237,178,82,200,1,1,1.0
154,3,969,675,98,200,1,1,1.0
154,4,1486,704,80,200,1,1,1.0
155,1,1222,209,92,200,1,1,1.0
155,2,1235,176,82,200,1,1,1.0
155,3,971,671,98,200,1,1,1.0
155,4,1484,696,80,200,1,1,1.0
156,1,1224,203,92,200,1,1,1.0
156,2,1233,191,82,200,1,1,1.0
156,3,973,681,98,200,1,1,1.0
156,4,1482,688,80,200,1,1,1.0
157,1,1226,192,92,200,1,1,1.0
157,2,1231,193,82,200,1,1,1.0
157,3,975,684,98,200,1,1,1.0
157,4,1480,671,80,200,1,1,1.0
158,1,1228,185,92,200,1,1,1.0
158,2,1229,204,82,200,1,1,1.0
158,3,977,697,98,200,1,1,1.0
158,4,1478,676,80,200,1,1,1.0
159,1,1230,180,92,200,1,1,1.0
159,2,1227,202,82,200,1,1,1.0
159,3,979,701,98,200,1,1,1.0
159,4,1476,673,80,200,1,1,1.0
160,1,1232,179,92,200,1,1,1.0
160,2,1225,212,82,200,1,1,1.0
160,3,981,705,98,200,1,1,1.0
160,4,1474,664,80,200,1,1,1.0
161,1,1234,164,92,200,1,1,1.0
161,2,1223,228,82,200,1,1,1.0
161,3,983,718,98,200,1,1,1.0
161,4,1472,651,80,200,1,1,1.0
162,1,1236,172,92,200,1,1,1.0
162,2,1221,229,82,200,1,1,1.0
162,3,985,713,98,200,1,1,1.0
162,4,1470,645,80,200,1,1,1.0
163,1,1238,157,92,200,1,1,1.0
163,2,1219,235,82,200,1,1,1.0
163,3,987,732,98,200,1,1,1.0
163,4,1468,646,80,200,1,1,1.0
164,1,1240,153,92,200,1,1,1.0
164,2,1217,245,82,200,1,1,1.0
164,3,989,738,98,200,1,1,1.0
164,4,1466,629,80,200,1,1,1.0
165,1,1242,154,92,200,1,1,1.0
165,2,1215,253,82,200,1,1,1.0
165,3,991,729,98,200,1,1,1.0
165,4,1464,618,80,200,1,1,1.0
166,1,1244,141,92,200,1,1,1.0
166,2,1213,257,82,200,1,1,1.0
166,3,993,736,98,200,1,1,1.0
166,4,1462,609,80,200,1,1,1.0
167,1,1246,134,92,200,1,1,1.0
167,2,1211,269,82,200,1,1,1.0
167,3,995,740,98,200,1,1,1.0
167,4,1460,613,80,200,1,1,1.0
168,1,1248,131,92,200,1,1,1.0
168,2,1209,267,82,200,1,1,1.0
168,3,997,753,98,200,1,1,1.0
168,4,1458,601,80,200,1,1,1.0
169,1,1250,128,92,200,1,1,1.0
169,2,1207,287,82,200,1,1,1.0
169,3,999,754,98,200,1,1,1.0
169,4,1456,594,80,200,1,1,1.0
170,1,1252,124,92,200,1,1,1.0
170,2,1205,281,82,200,1,1,1.0
170,3,1001,751,98,200,1,1,1.0
170,4,1454,582,80,200,1,1,1.0
171,1,1254,117,92,200,1,1,1.0
171,2,1203,292,82,200,1,1,1.0
171,3,1003,752,98,200,1,1,1.0
171,4,1452,583,80,200,1,1,1.0
172,1,1256,123,92,200,1,1,1.0
172,2,1201,301,82,200,1,1,1.0
172,3,1005,763,98,200,1,1,1.0
172,4,1450,564,80,200,1,1,1.0
173,1,1258,119,92,200,1,1,1.0
173,2,1199,311,82,200,1,1,1.0
173,3,1007,764,98,200,1,1,1.0
173,4,1448,567,80,200,1,1,1.0
174,1,1260,111,92,200,1,1,1.0
174,2,1197,315,82,200,1,1,1.0
174,3,1009,773,98,200,1,1,1.0
174,4,1446,548,80,200,1,1,1.0
175,1,1262,118,92,200,1,1,1.0
175,2,1195,331,82,200,1,1,1.0
175,3,1011,764,98,200,1,1,1.0
175,4,1444,538,80,200,1,1,1.0
176,1,1264,102,92,200,1,1,1.0
176,2,1193,336,82,200,1,1,1.0
176,3,1013,781,98,200,1,1,1.0
176,4,1442,541,80,200,1,1,1.0
177,1,1266,108,92,200,1,1,1.0
177,2,1191,353,82,200,1,1,1.0
177,3,1015,772,98,200,1,1,1.0
177,4,1440,534,80,200,1,1,1.0
178,1,1268,107,92,200,1,1,1.0
178,2,1189,357,82,200,1,1,1.0
178,3,1017,777,98,200,1,1,1.0
178,4,1438,521,80,200,1,1,1.0
179,1,1270,96,92,200,1,1,1.0
179,2,1187,364,82,200,1,1,1.0
179,3,1019,775,98,200,1,1,1.0
179,4,1436,515,80,200,1,1,1.0
180,1,1272,93,92,200,1,1,1.0
180,2,1185,378,82,200,1,1,1.0
180,3,1021,781,98,200,1,1,1.0
180,4,1434,508,80,200,1,1,1.0
181,1,1274,98,92,200,1,1,1.0
181,2,1183,372,82,200,1,1,1.0
181,3,1023,780,98,200,1,1,1.0
181,4,1432,490,80,200,1,1,1.0
182,1,1276,97,92,200,1,1,1.0
182,2,1181,393,82,200,1,1,1.0
182,3,1025,790,98,200,1,1,1.0
182,4,1430,489,80,200,1,1,1.0
183,1,1278,92,92,200,1,1,1.0
183,2,1179,404,82,200,1,1,1.0
183,3,1027,784,98,200,1,1,1.0
183,4,1428,482,80,200,1,1,1.0
184,1,1280,89,92,200,1,1,1.0
184,2,1177,409,82,200,1,1,1.0
184,3,1029,795,98,200,1,1,1.0
184,4,1426,469,80,200,1,1,1.0
185,1,1282,95,92,200,1,1,1.0
185,2,1175,407,82,200,1,1,1.0
185,3,1031,794,98,200,1,1,1.0
185,4,1424,454,80,200,1,1,1.0
186,1,1284,88,92,200,1,1,1.0
186,2,1173,417,82,200,1,1,1.0
186,3,1033,783,98,200,1,1,1.0
186,4,1422,442,80,200,1,1,1.0
187,1,1286,91,92,200,1,1,1.0
187,2,1171,432,82,200,1,1,1.0
187,3,1035,787,98,200,1,1,1.0
187,4,1420,446,80,200,1,1,1.0
188,1,1288,94,92,200,1,1,1.0
188,2,1169,438,82,200,1,1,1.0
188,3,1037,790,98,200,1,1,1.0
188,4,1418,429,80,200,1,1,1.0
189,1,1290,84,92,200,1,1,1.0
189,2,1167,447,82,200,1,1,1.0
189,3,1039,787,98,200,1,1,1.0
189,4,1416,427,80,200,1,1,1.0
190,1,1292,98,92,200,1,1,1.0
190,2,1165,452,82,200,1,1,1.0
190,3,1041,792,98,200,1,1,1.0
190,4,1414,416,80,200,1,1,1.0
191,1,1294,94,92,200,1,1,1.0
191,2,1163,470,82,200,1,1,1.0
191,3,1043,781,98,200,1,1,1.0
191,4,1412,400,80,200,1,1,1.0
192,1,1296,87,92,200,1,1,1.0
192,2,1161,469,82,200,1,1,1.0
192,3,1045,781,98,200,1,1,1.0
192,4,1410,402,80,200,1,1,1.0
193,1,1298,97,92,200,1,1,1.0
193,2,1159,481,82,200,1,1,1.0
193,3,1047,783,98,200,1,1,1.0
193,4,1408,381,80,200,1,1,1.0
194,1,1300,90,92,200,1,1,1.0
194,2,1157,499,82,200,1,1,1.0
194,3,1049,788,98,200,1,1,1.0
194,4,1406,379,80,200,1,1,1.0
195,1,1302,89,92,200,1,1,1.0
195,2,1155,504,82,200,1,1,1.0
195,3,1051,787,98,200,1,1,1.0
195,4,1404,372,80,200,1,1,1.0
196,1,1304,103,92,200,1,1,1.0
196,2,1153,515,82,200,1,1,1.0
196,3,1053,782,98,200,1,1,1.0
196,4,1402,362,80,200,1,1,1.0
197,1,1306,91,92,200,1,1,1.0
197,2,1151,512,82,200,1,1,1.0
197,3,1055,773,98,200,1,1,1.0
197,4,1400,348,80,200,1,1,1.0
198,1,1308,101,92,200,1,1,1.0
198,2,1149,519,82,200,1,1,1.0
198,3,1057,778,98,200,1,1,1.0
198,4,1398,340,80,200,1,1,1.0
199,1,1310,100,92,200,1,1,1.0
199,2,1147,534,82,200,1,1,1.0
199,3,1059,782,98,200,1,1,1.0
199,4,1396,335,80,200,1,1,1.0
200,1,1312,103,92,200,1,1,1.0
200,2,1145,545,82,200,1,1,1.0
200,3,1061,767,98,200,1,1,1.0
200,4,1394,334,80,200,1,1,1.0
201,1,1314,107,92,200,1,1,1.0
201,2,1143,553,82,200,1,1,1.0
201,3,1063,763,98,200,1,1,1.0
201,4,1392,314,80,200,1,1,1.0
202,1,1316,110,92,200,1,1,1.0
202,2,1141,554,82,200,1,1,1.0
202,3,1065,762,98,200,1,1,1.0
202,4,1390,319,80,200,1,1,1.0
203,1,1318,109,92,200,1,1,1.0
203,2,1139,570,82,200,1,1,1.0
203,3,1067,755,98,200,1,1,1.0
203,4,1388,298,80,200,1,1,1.0
204,1,1320,119,92,200,1,1,1.0
204,2,1137,580,82,200,1,1,1.0
204,3,1069,761,98,200,1,1,1.0
204,4,1386,292,80,200,1,1,1.0
205,1,1322,127,92,200,1,1,1.0
205,2,1135,590,82,200,1,1,1.0
205,3,1071,749,98,200,1,1,1.0
205,4,1384,293,80,200,1,1,1.0
206,1,1324,124,92,200,1,1,1.0
206,2,1133,599,82,200,1,1,1.0
206,3,1073,759,98,200,1,1,1.0
206,4,1382,284,80,200,1,1,1.0
207,1,1326,130,92,200,1,1,1.0
207,2,1131,607,82,200,1,1,1.0
207,3,1075,743,98,200,1,1,1.0
207,4,1380,277,80,200,1,1,1.0
208,1,1328,139,92,200,1,1,1.0
208,2,1129,615,82,200,1,1,1.0
208,3,1077,748,98,200,1,1,1.0
208,4,1378,265,80,200,1,1,1.0
209,1,1330,138,92,200,1,1,1.0
209,2,1127,621,82,200,1,1,1.0
209,3,1079,736,98,200,1,1,1.0
209,4,1376,253,80,200,1,1,1.0
210,1,1332,135,92,200,1,1,1.0
210,2,1125,624,82,200,1,1,1.0
210,3,1081,734,98,200,1,1,1.0
210,4,1374,250,80,200,1,1,1.0
211,1,1334,143,92,200,1,1,1.0
211,2,1123,626,82,200,1,1,1.0
211,3,1083,737,98,200,1,1,1.0
211,4,1372,242,80,200,1,1,1.0
212,1,1336,144,92,200,1,1,1.0
212,2,1121,642,82,200,1,1,1.0
212,3,1085,721,98,200,1,1,1.0
212,4,1370,234,80,200,1,1,1.0
213,1,1338,158,92,200,1,1,1.0
213,2,1119,653,82,200,1,1,1.0
213,3,1087,713,98,200,1,1,1.0
213,4,1368,235,80,200,1,1,1.0
214,1,1340,152,92,200,1,1,1.0
214,2,1117,646,82,200,1,1,1.0
214,3,1089,721,98,200,1,1,1.0
214,4,1366,222,80,200,1,1,1.0
215,1,1342,164,92,200,1,1,1.0
215,2,1115,656,82,200,1,1,1.0
215,3,1091,714,98,200,1,1,1.0
215,4,1364,220,80,200,1,1,1.0
216,1,1344,167,92,200,1,1,1.0
216,2,1113,663,82,200,1,1,1.0
216,3,1093,699,98,200,1,1,1.0
216,4,1362,212,80,200,1,1,1.0
217,1,1346,178,92,200,1,1,1.0
217,2,1111,671,82,200,1,1,1.0
217,3,1095,690,98,200,1,1,1.0
217,4,1360,195,80,200,1,1,1.0
218,1,1348,190,92,200,1,1,1.0
218,2,1109,679,82,200,1,1,1.0
218,3,1097,696,98,200,1,1,1.0
218,4,1358,188,80,200,1,1,1.0
219,1,1350,181,92,200,1,1,1.0
219,2,1107,693,82,200,1,1,1.0
219,3,1099,688,98,200,1,1,1.0
219,4,1356,192,80,200,1,1,1.0
220,1,1352,199,92,200,1,1,1.0
220,2,1105,695,82,200,1,1,1.0
220,3,1101,684,98,200,1,1,1.0
220,4,1354,188,80,200,1,1,1.0
221,1,1354,200,92,200,1,1,1.0
221,2,1103,699,82,200,1,1,1.0
221,3,1103,677,98,200,1,1,1.0
221,4,1352,179,80,200,1,1,1.0
222,1,1356,214,92,200,1,1,1.0
222,2,1101,699,82,200,1,1,1.0
222,3,1105,668,98,200,1,1,1.0
222,4,1350,174,80,200,1,1,1.0
223,1,1358,211,92,200,1,1,1.0
223,2,1099,706,82,200,1,1,1.0
223,3,1107,654,98,200,1,1,1.0
223,4,1348,166,80,200,1,1,1.0
224,1,1360,228,92,200,1,1,1.0
224,2,1097,718,82,200,1,1,1.0
224,3,1109,653,98,200,1,1,1.0
224,4,1346,167,80,200,1,1,1.0
225,1,1362,222,92,200,1,1,1.0
225,2,1095,722,82,200,1,1,1.0
225,3,1111,645,98,200,1,1,1.0
225,4,1344,160,80,200,1,1,1.0
226,1,1364,234,92,200,1,1,1.0
226,2,1093,727,82,200,1,1,1.0
226,3,1113,644,98,200,1,1,1.0
226,4,1342,145,80,200,1,1,1.0
227,1,1366,236,92,200,1,1,1.0
227,2,1091,730,82,200,1,1,1.0
227,3,1115,624,98,200,1,1,1.0
227,4,1340,153,80,200,1,1,1.0
228,1,1368,251,92,200,1,1,1.0
228,2,1089,736,82,200,1,1,1.0
228,3,1117,630,98,200,1,1,1.0
228,4,1338,144,80,200,1,1,1.0
229,1,1370,254,92,200,1,1,1.0
229,2,1087,736,82,200,1,1,1.0
229,3,1119,616,98,200,1,1,1.0
229,4,1336,131,80,200,1,1,1.0
230,1,1372,261,92,200,1,1,1.0
230,2,1085,746,82,200,1,1,1.0
230,3,1121,604,98,200,1,1,1.0
230,4,1334,139,80,200,1,1,1.0
231,1,1374,266,92,200,1,1,1.0
231,2,1083,745,82,200,1,1,1.0
231,3,1123,603,98,200,1,1,1.0
231,4,1332,120,80,200,1,1,1.0
232,1,1376,287,92,200,1,1,1.0
232,2,1081,756,82,200,1,1,1.0
232,3,1125,589,98,200,1,1,1.0
232,4,1330,126,80,200,1,1,1.0
233,1,1378,285,92,200,1,1,1.0
233,2,1079,761,82,200,1,1,1.0
233,3,1127,580,98,200,1,1,1.0
233,4,1328,125,80,200,1,1,1.0
234,1,1380,299,92,200,1,1,1.0
234,2,1077,761,82,200,1,1,1.0
234,3,1129,582,98,200,1,1,1.0
234,4,1326,116,80,200,1,1,1.0
235,1,1382,296,92,200,1,1,1.0
235,2,1075,770,82,200,1,1,1.0
235,3,1131,565,98,200,1,1,1.0
235,4,1324,111,80,200,1,1,1.0
236,1,1384,317,92,200,1,1,1.0
236,2,1073,774,82,200,1,1,1.0
236,3,1133,552,98,200,1,1,1.0
236,4,1322,105,80,200,1,1,1.0
237,1,1386,316,92,200,1,1,1.0
237,2,1071,764,82,200,1,1,1.0
237,3,1135,548,98,200,1,1,1.0
237,4,1320,103,80,200,1,1,1.0
238,1,1388,336,92,200,1,1,1.0
238,2,1069,768,82,200,1,1,1.0
238,3,1137,541,98,200,1,1,1.0
238,4,1318,106,80,200,1,1,1.0
239,1,1390,339,92,200,1,1,1.0
239,2,1067,770,82,200,1,1,1.0
239,3,1139,534,98,200,1,1,1.0
239,4,1316,102,80,200,1,1,1.0
240,1,1392,338,92,200,1,1,1.0
240,2,1065,779,82,200,1,1,1.0
240,3,1141,520,98,200,1,1,1.0
240,4,1314,104,80,200,1,1,1.0
241,1,1394,360,92,200,1,1,1.0
241,2,1063,773,82,200,1,1,1.0
241,3,1143,513,98,200,1,1,1.0
241,4,1312,97,80,200,1,1,1.0
242,1,1396,365,92,200,1,1,1.0
242,2,1061,782,82,200,1,1,1.0
242,3,1145,513,98,200,1,1,1.0
242,4,1310,102,80,200,1,1,1.0
243,1,1398,364,92,200,1,1,1.0
243,2,1059,787,82,200,1,1,1.0
243,3,1147,494,98,200,1,1,1.0
243,4,1308,94,80,200,1,1,1.0
244,1,1400,386,92,200,1,1,1.0
244,2,1057,777,82,200,1,1,1.0
244,3,1149,493,98,200,1,1,1.0
244,4,1306,94,80,200,1,1,1.0
245,1,1402,387,92,200,1,1,1.0
245,2,1055,786,82,200,1,1,1.0
245,3,1151,480,98,200,1,1,1.0
245,4,1304,88,80,200,1,1,1.0
246,1,1404,395,92,200,1,1,1.0
246,2,1053,792,82,200,1,1,1.0
246,3,1153,471,98,200,1,1,1.0
246,4,1302,86,80,200,1,1,1.0
247,1,1406,403,92,200,1,1,1.0
247,2,1051,786,82,200,1,1,1.0
247,3,1155,466,98,200,1,1,1.0
247,4,1300,88,80,200,1,1,1.0
248,1,1408,420,92,200,1,1,1.0
248,2,1049,785,82,200,1,1,1.0
248,3,1157,449,98,200,1,1,1.0
248,4,1298,96,80,200,1,1,1.0
249,1,1410,427,92,200,1,1,1.0
249,2,1047,795,82,200,1,1,1.0
249,3,1159,447,98,200,1,1,1.0
249,4,1296,84,80,200,1,1,1.0
250,1,1412,429,92,200,1,1,1.0
250,2,1045,792,82,200,1,1,1.0
250,3,1161,440,98,200,1,1,1.0
250,4,1294,87,80,200,1,1,1.0
