1,1,1798.77,90.77,72.75,202.82,-1,-1,-1,-1
2,1,1797.02,90.13,74.08,204.04,-1,-1,-1,-1
3,1,1796.10,90.30,75.39,204.38,-1,-1,-1,-1
4,1,1792.08,91.12,74.19,203.73,-1,-1,-1,-1
5,1,1789.81,90.61,77.54,204.91,-1,-1,-1,-1
6,1,1789.45,92.41,74.96,202.77,-1,-1,-1,-1
7,1,1785.96,95.77,73.00,204.34,-1,-1,-1,-1
8,1,1784.44,97.05,74.60,202.65,-1,-1,-1,-1
9,1,1783.21,97.23,74.01,204.30,-1,-1,-1,-1
10,1,1780.81,99.10,76.51,205.58,-1,-1,-1,-1
11,1,1780.32,103.07,75.48,206.88,-1,-1,-1,-1
12,1,1778.73,104.63,77.87,206.35,-1,-1,-1,-1
13,1,1774.24,104.91,78.88,207.54,-1,-1,-1,-1
14,1,1772.45,110.52,78.78,207.24,-1,-1,-1,-1
15,1,1769.55,113.34,81.60,207.51,-1,-1,-1,-1
16,1,1765.10,118.85,82.10,206.12,-1,-1,-1,-1
17,1,1764.10,121.29,80.12,205.98,-1,-1,-1,-1
18,1,1762.42,121.58,80.64,208.58,-1,-1,-1,-1
19,1,1760.24,127.28,84.38,208.63,-1,-1,-1,-1
20,1,1756.47,129.97,83.47,207.05,-1,-1,-1,-1
21,1,1754.15,135.95,85.06,208.56,-1,-1,-1,-1
22,1,1755.34,140.27,80.08,213.50,-1,-1,-1,-1
23,1,1754.27,144.34,79.43,209.85,-1,-1,-1,-1
24,1,1749.77,151.80,79.86,207.67,-1,-1,-1,-1
25,1,1746.60,153.49,83.42,208.90,-1,-1,-1,-1
26,1,1746.45,161.45,81.83,207.20,-1,-1,-1,-1
27,1,1742.16,167.62,79.38,207.92,-1,-1,-1,-1
28,1,1740.06,173.40,83.42,209.91,-1,-1,-1,-1
29,1,1739.96,176.33,81.38,209.00,-1,-1,-1,-1
30,1,1739.03,183.03,79.83,208.97,-1,-1,-1,-1
31,1,1736.46,190.58,83.56,211.03,-1,-1,-1,-1
32,1,1731.95,198.03,83.02,209.78,-1,-1,-1,-1
33,1,1731.19,200.24,82.47,210.26,-1,-1,-1,-1
34,1,1731.13,207.01,80.04,208.90,-1,-1,-1,-1
35,1,1725.58,215.97,80.07,205.26,-1,-1,-1,-1
36,1,1723.47,224.63,84.01,203.98,-1,-1,-1,-1
37,1,1723.33,231.93,81.70,205.69,-1,-1,-1,-1
38,1,1721.29,233.05,84.77,209.11,-1,-1,-1,-1
39,1,1718.14,242.79,79.79,205.85,-1,-1,-1,-1
40,1,1716.08,249.60,81.81,208.49,-1,-1,-1,-1
41,1,1713.06,258.25,86.16,207.32,-1,-1,-1,-1
42,1,1710.57,263.66,88.87,210.40,-1,-1,-1,-1
43,1,1709.79,273.13,89.29,207.95,-1,-1,-1,-1
44,1,1705.56,281.59,88.31,205.84,-1,-1,-1,-1
45,1,1704.58,290.87,86.51,203.41,-1,-1,-1,-1
46,1,1703.00,296.28,86.58,207.90,-1,-1,-1,-1
47,1,1702.93,307.22,86.94,203.48,-1,-1,-1,-1
48,1,1697.86,314.11,87.03,203.60,-1,-1,-1,-1
49,1,1698.02,321.74,84.71,204.68,-1,-1,-1,-1
50,1,1697.73,330.48,82.84,204.90,-1,-1,-1,-1
51,1,1698.16,338.58,80.22,203.86,-1,-1,-1,-1
52,1,1691.99,345.88,83.25,205.56,-1,-1,-1,-1
53,1,1690.17,354.86,82.99,205.93,-1,-1,-1,-1
54,1,1689.08,360.91,83.85,209.06,-1,-1,-1,-1
55,1,1688.36,370.72,84.03,206.55,-1,-1,-1,-1
56,1,1682.69,377.43,84.64,208.63,-1,-1,-1,-1
57,1,1681.12,390.64,85.31,206.75,-1,-1,-1,-1
58,1,1681.70,393.55,83.61,209.27,-1,-1,-1,-1
59,1,1676.79,405.86,81.60,209.21,-1,-1,-1,-1
60,1,1673.12,414.41,87.47,209.24,-1,-1,-1,-1
61,1,1670.99,424.91,89.33,206.16,-1,-1,-1,-1
62,1,1671.75,432.15,86.08,206.55,-1,-1,-1,-1
63,1,1665.74,438.94,87.32,208.03,-1,-1,-1,-1
64,1,1663.06,447.83,90.03,208.13,-1,-1,-1,-1
65,1,1663.99,457.13,87.10,205.58,-1,-1,-1,-1
66,1,1662.07,466.79,89.25,204.30,-1,-1,-1,-1
67,1,1657.87,475.25,87.17,203.41,-1,-1,-1,-1
68,1,1656.89,486.10,86.79,208.30,-1,-1,-1,-1
69,1,1656.83,495.73,85.35,206.11,-1,-1,-1,-1
70,1,1658.12,506.94,81.46,201.29,-1,-1,-1,-1
71,1,1653.02,512.31,81.67,205.84,-1,-1,-1,-1
72,1,1652.03,522.55,82.50,204.21,-1,-1,-1,-1
73,1,1652.09,530.31,80.53,203.92,-1,-1,-1,-1
74,1,1650.56,538.11,81.35,204.91,-1,-1,-1,-1
75,1,1651.07,544.21,78.69,208.78,-1,-1,-1,-1
76,1,1643.79,553.56,83.05,207.17,-1,-1,-1,-1
77,1,1644.95,561.08,78.37,208.53,-1,-1,-1,-1
78,1,1642.54,568.45,81.65,210.05,-1,-1,-1,-1
79,1,1641.56,577.38,81.37,209.77,-1,-1,-1,-1
80,1,1638.27,585.76,79.10,206.17,-1,-1,-1,-1
81,1,1635.78,592.58,80.83,208.26,-1,-1,-1,-1
82,1,1633.35,600.98,83.62,208.36,-1,-1,-1,-1
83,1,1634.87,607.95,79.90,208.72,-1,-1,-1,-1
84,1,1628.26,615.72,81.66,208.97,-1,-1,-1,-1
85,1,1627.14,622.35,81.84,211.40,-1,-1,-1,-1
86,1,1626.29,629.56,82.31,212.05,-1,-1,-1,-1
87,1,1624.98,636.49,83.34,212.87,-1,-1,-1,-1
88,1,1619.89,644.08,83.24,213.21,-1,-1,-1,-1
89,1,1619.08,648.55,83.41,210.09,-1,-1,-1,-1
90,1,1616.70,654.75,87.06,213.91,-1,-1,-1,-1
91,1,1614.59,662.27,89.42,213.34,-1,-1,-1,-1
92,1,1609.68,668.67,87.75,214.74,-1,-1,-1,-1
93,1,1608.40,675.16,87.93,215.94,-1,-1,-1,-1
94,1,1606.81,682.47,89.84,215.19,-1,-1,-1,-1
95,1,1606.40,687.01,88.77,213.66,-1,-1,-1,-1
96,1,1601.74,693.48,87.52,212.00,-1,-1,-1,-1
97,1,1599.30,699.77,89.33,213.49,-1,-1,-1,-1
98,1,1598.55,703.85,89.58,212.55,-1,-1,-1,-1
99,1,1598.90,708.20,87.94,214.65,-1,-1,-1,-1
100,1,1593.33,715.71,88.13,213.53,-1,-1,-1,-1
101,1,1591.29,719.46,90.26,212.31,-1,-1,-1,-1
102,1,1590.97,725.74,89.29,211.85,-1,-1,-1,-1
103,1,1590.93,727.51,88.36,212.43,-1,-1,-1,-1
104,1,1586.39,732.39,86.01,214.68,-1,-1,-1,-1
105,1,1584.80,735.59,86.53,212.33,-1,-1,-1,-1
106,1,1583.96,740.63,86.52,214.18,-1,-1,-1,-1
107,1,1581.62,743.33,90.28,213.66,-1,-1,-1,-1
108,1,1575.62,749.31,92.04,213.49,-1,-1,-1,-1
109,1,1573.18,756.40,93.42,212.01,-1,-1,-1,-1
110,1,1572.30,758.08,93.55,212.65,-1,-1,-1,-1
111,1,1568.27,760.23,90.19,210.80,-1,-1,-1,-1
112,1,1568.73,767.38,88.40,206.68,-1,-1,-1,-1
113,1,1568.76,766.78,85.79,211.15,-1,-1,-1,-1
114,1,1568.91,770.07,82.89,208.74,-1,-1,-1,-1
115,1,1564.17,773.49,81.86,210.30,-1,-1,-1,-1
116,1,1562.82,775.05,83.50,209.52,-1,-1,-1,-1
117,1,1561.52,774.19,83.03,212.21,-1,-1,-1,-1
118,1,1561.07,775.49,82.94,212.36,-1,-1,-1,-1
119,1,1556.28,774.92,82.92,212.87,-1,-1,-1,-1
120,1,1555.18,781.29,83.85,209.70,-1,-1,-1,-1
121,1,1554.55,781.55,82.33,209.64,-1,-1,-1,-1
122,1,1553.34,782.00,82.47,210.62,-1,-1,-1,-1
123,1,1548.79,782.04,82.27,210.41,-1,-1,-1,-1
124,1,1546.71,782.40,84.97,209.79,-1,-1,-1,-1
125,1,1545.76,782.05,83.18,209.53,-1,-1,-1,-1
126,1,1544.66,782.04,84.25,209.68,-1,-1,-1,-1
127,1,1539.93,783.22,84.42,207.49,-1,-1,-1,-1
128,1,1538.51,781.90,84.54,208.82,-1,-1,-1,-1
129,1,1538.78,776.06,81.79,212.04,-1,-1,-1,-1
130,1,1536.14,775.04,84.94,213.46,-1,-1,-1,-1
131,1,1532.72,774.74,90.44,213.71,-1,-1,-1,-1
132,1,1527.89,773.19,90.92,213.81,-1,-1,-1,-1
133,1,1526.80,773.27,91.59,212.66,-1,-1,-1,-1
134,1,1527.29,772.69,88.26,211.97,-1,-1,-1,-1
135,1,1526.23,766.93,88.72,214.15,-1,-1,-1,-1
136,1,1521.57,764.28,88.30,216.28,-1,-1,-1,-1
137,1,1520.43,761.91,88.12,217.17,-1,-1,-1,-1
138,1,1520.69,757.81,85.39,216.25,-1,-1,-1,-1
139,1,1518.27,755.80,89.23,217.39,-1,-1,-1,-1
140,1,1513.25,754.70,88.51,215.97,-1,-1,-1,-1
141,1,1512.32,747.95,87.35,217.84,-1,-1,-1,-1
142,1,1510.92,742.30,88.48,215.17,-1,-1,-1,-1
143,1,1509.56,741.13,90.37,214.83,-1,-1,-1,-1
144,1,1505.71,738.79,86.98,215.30,-1,-1,-1,-1
145,1,1503.50,733.85,89.26,214.72,-1,-1,-1,-1
146,1,1504.04,730.57,86.87,216.59,-1,-1,-1,-1
147,1,1503.07,725.31,87.13,215.35,-1,-1,-1,-1
148,1,1499.23,721.47,84.70,217.90,-1,-1,-1,-1
149,1,1497.24,715.84,87.03,215.44,-1,-1,-1,-1
150,1,1495.49,709.81,89.66,214.48,-1,-1,-1,-1
151,1,1494.94,706.23,88.14,217.04,-1,-1,-1,-1
152,1,1494.12,699.39,89.28,217.25,-1,-1,-1,-1
153,1,1490.34,692.44,85.22,217.91,-1,-1,-1,-1
154,1,1488.50,688.73,86.93,220.80,-1,-1,-1,-1
155,1,1487.15,682.47,88.37,219.17,-1,-1,-1,-1
156,1,1485.76,676.30,90.12,216.99,-1,-1,-1,-1
157,1,1480.17,668.54,89.44,218.01,-1,-1,-1,-1
158,1,1478.86,665.76,90.51,217.51,-1,-1,-1,-1
159,1,1478.06,658.39,90.94,216.74,-1,-1,-1,-1
160,1,1478.90,649.61,88.24,219.49,-1,-1,-1,-1
161,1,1472.65,643.89,88.73,215.24,-1,-1,-1,-1
162,1,1473.26,635.64,85.67,216.45,-1,-1,-1,-1
163,1,1471.83,629.53,87.10,214.47,-1,-1,-1,-1
164,1,1465.92,622.96,86.49,212.26,-1,-1,-1,-1
165,1,1463.49,615.80,89.17,211.11,-1,-1,-1,-1
166,1,1463.75,608.12,88.09,211.44,-1,-1,-1,-1
167,1,1462.31,602.64,89.87,214.84,-1,-1,-1,-1
168,1,1458.82,594.16,85.12,216.35,-1,-1,-1,-1
169,1,1456.11,584.11,88.65,210.73,-1,-1,-1,-1
170,1,1456.72,579.94,86.96,213.00,-1,-1,-1,-1
171,1,1456.67,570.77,85.10,215.36,-1,-1,-1,-1
172,1,1455.39,561.22,86.64,209.41,-1,-1,-1,-1
173,1,1448.80,553.51,88.39,207.87,-1,-1,-1,-1
174,1,1450.12,546.01,83.08,216.42,-1,-1,-1,-1
175,1,1450.94,539.77,79.69,213.45,-1,-1,-1,-1
176,1,1446.27,531.03,78.76,204.10,-1,-1,-1,-1
177,1,1443.37,525.06,82.59,201.01,-1,-1,-1,-1
178,1,1441.36,514.02,84.13,205.78,-1,-1,-1,-1
179,1,1441.77,507.75,81.97,202.08,-1,-1,-1,-1
180,1,1435.34,499.43,84.81,201.59,-1,-1,-1,-1
181,1,1434.34,487.88,84.18,206.67,-1,-1,-1,-1
182,1,1435.55,477.80,79.46,209.81,-1,-1,-1,-1
183,1,1433.06,469.95,83.66,208.89,-1,-1,-1,-1
184,1,1427.00,457.10,84.59,209.28,-1,-1,-1,-1
185,1,1425.92,450.10,84.86,207.56,-1,-1,-1,-1
186,1,1425.37,442.41,83.68,207.11,-1,-1,-1,-1
187,1,1424.44,434.96,84.36,206.15,-1,-1,-1,-1
188,1,1416.95,427.40,88.99,204.61,-1,-1,-1,-1
189,1,1416.72,418.08,86.78,207.39,-1,-1,-1,-1
190,1,1415.87,405.85,87.51,212.75,-1,-1,-1,-1
191,1,1415.31,398.39,86.80,211.61,-1,-1,-1,-1
192,1,1409.54,387.89,87.38,214.49,-1,-1,-1,-1
193,1,1408.28,378.87,87.94,216.16,-1,-1,-1,-1
194,1,1409.55,372.56,84.22,213.45,-1,-1,-1,-1
195,1,1406.98,363.22,88.46,214.97,-1,-1,-1,-1
196,1,1403.11,356.42,84.58,213.03,-1,-1,-1,-1
197,1,1400.77,342.44,88.28,212.73,-1,-1,-1,-1
198,1,1400.80,338.61,85.94,205.84,-1,-1,-1,-1
199,1,1401.59,328.90,82.59,209.01,-1,-1,-1,-1
200,1,1395.84,319.43,82.66,210.11,-1,-1,-1,-1
201,1,1395.92,311.80,80.11,210.67,-1,-1,-1,-1
202,1,1395.58,303.58,81.19,211.04,-1,-1,-1,-1
203,1,1392.89,294.94,83.20,212.31,-1,-1,-1,-1
204,1,1387.60,286.66,84.69,213.18,-1,-1,-1,-1
205,1,1384.06,278.51,87.74,212.14,-1,-1,-1,-1
206,1,1383.42,271.67,87.45,211.73,-1,-1,-1,-1
207,1,1382.65,262.47,88.26,214.74,-1,-1,-1,-1
208,1,1378.34,254.81,85.39,213.57,-1,-1,-1,-1
209,1,1377.68,252.35,85.65,211.47,-1,-1,-1,-1
210,1,1378.88,244.54,80.49,211.45,-1,-1,-1,-1
211,1,1372.39,237.33,82.53,211.35,-1,-1,-1,-1
212,1,1373.48,230.31,79.15,211.82,-1,-1,-1,-1
213,1,1371.14,223.11,80.93,211.28,-1,-1,-1,-1
214,1,1370.16,215.49,82.48,211.94,-1,-1,-1,-1
215,1,1364.09,212.59,82.36,211.40,-1,-1,-1,-1
216,1,1361.47,195.57,84.74,220.31,-1,-1,-1,-1
217,1,1357.45,180.54,90.94,232.52,-1,-1,-1,-1
218,1,1356.85,180.73,92.62,227.52,-1,-1,-1,-1
219,1,1355.88,178.94,94.49,221.86,-1,-1,-1,-1
220,1,1356.15,178.49,91.77,217.66,-1,-1,-1,-1
221,1,1353.42,170.12,88.79,222.72,-1,-1,-1,-1
222,1,1352.80,164.68,86.78,218.23,-1,-1,-1,-1
223,1,1352.97,158.68,85.64,226.90,-1,-1,-1,-1
224,1,1352.49,154.23,85.76,233.63,-1,-1,-1,-1
225,1,1353.14,150.91,82.88,225.59,-1,-1,-1,-1
226,1,1346.31,145.44,84.74,219.31,-1,-1,-1,-1
227,1,1345.36,139.47,84.50,216.24,-1,-1,-1,-1
228,1,1339.96,135.23,83.95,211.11,-1,-1,-1,-1
229,1,1340.62,131.30,79.96,215.76,-1,-1,-1,-1
230,1,1340.24,127.99,79.37,209.42,-1,-1,-1,-1
231,1,1340.14,124.41,77.57,213.15,-1,-1,-1,-1
232,1,1335.50,120.43,77.12,208.73,-1,-1,-1,-1
233,1,1335.26,118.42,74.73,209.91,-1,-1,-1,-1
234,1,1335.02,112.90,74.60,208.71,-1,-1,-1,-1
235,1,1332.94,110.65,74.70,210.21,-1,-1,-1,-1
236,1,1326.63,104.06,78.88,210.39,-1,-1,-1,-1
237,1,1324.17,103.35,80.22,208.92,-1,-1,-1,-1
238,1,1323.84,101.80,79.32,210.87,-1,-1,-1,-1
239,1,1323.07,100.03,78.29,212.17,-1,-1,-1,-1
240,1,1318.40,96.30,79.21,209.00,-1,-1,-1,-1
241,1,1317.36,95.19,78.45,208.17,-1,-1,-1,-1
242,1,1314.40,94.22,82.01,208.65,-1,-1,-1,-1
243,1,1311.93,92.42,84.18,210.88,-1,-1,-1,-1
244,1,1308.02,88.97,83.53,209.33,-1,-1,-1,-1
245,1,1306.95,88.77,82.70,210.02,-1,-1,-1,-1
246,1,1305.67,87.50,82.96,212.02,-1,-1,-1,-1
247,1,1305.81,88.07,80.39,211.57,-1,-1,-1,-1
248,1,1301.94,88.80,79.40,209.05,-1,-1,-1,-1
249,1,1301.08,88.97,76.86,208.20,-1,-1,-1,-1
250,1,1300.96,89.03,74.76,208.85,-1,-1,-1,-1
1,2,1531.75,780.49,83.37,213.14,-1,-1,-1,-1
2,2,1532.87,779.79,81.30,215.49,-1,-1,-1,-1
3,2,1530.73,780.35,83.30,213.37,-1,-1,-1,-1
4,2,1530.88,780.82,81.35,211.40,-1,-1,-1,-1
5,2,1529.53,779.29,82.13,214.80,-1,-1,-1,-1
6,2,1528.12,776.75,84.55,212.83,-1,-1,-1,-1
7,2,1522.74,775.98,84.71,212.88,-1,-1,-1,-1
8,2,1520.90,775.03,85.56,213.55,-1,-1,-1,-1
9,2,1520.28,773.35,86.10,214.19,-1,-1,-1,-1
10,2,1519.63,772.47,85.69,213.51,-1,-1,-1,-1
11,2,1515.06,767.57,84.76,213.47,-1,-1,-1,-1
12,2,1514.36,765.51,83.83,215.17,-1,-1,-1,-1
13,2,1512.77,764.50,84.56,211.93,-1,-1,-1,-1
14,2,1511.82,760.79,84.79,211.41,-1,-1,-1,-1
15,2,1508.68,758.22,80.18,213.05,-1,-1,-1,-1
16,2,1507.06,755.16,80.79,214.42,-1,-1,-1,-1
17,2,1504.04,752.11,85.02,209.99,-1,-1,-1,-1
18,2,1500.52,749.12,81.69,210.51,-1,-1,-1,-1
19,2,1500.21,743.93,80.47,210.75,-1,-1,-1,-1
20,2,1500.23,740.41,79.71,212.90,-1,-1,-1,-1
21,2,1498.51,735.90,81.40,211.44,-1,-1,-1,-1
22,2,1495.78,733.24,85.36,211.37,-1,-1,-1,-1
23,2,1491.80,726.99,81.79,213.97,-1,-1,-1,-1
24,2,1489.63,724.11,83.64,212.35,-1,-1,-1,-1
25,2,1488.35,717.68,84.88,211.23,-1,-1,-1,-1
26,2,1485.03,712.90,80.56,210.06,-1,-1,-1,-1
27,2,1483.75,710.21,81.49,208.82,-1,-1,-1,-1
28,2,1482.83,701.80,82.02,211.58,-1,-1,-1,-1
29,2,1481.39,696.13,81.69,211.85,-1,-1,-1,-1
30,2,1477.81,692.51,79.46,211.35,-1,-1,-1,-1
31,2,1475.61,686.21,81.86,210.06,-1,-1,-1,-1
32,2,1473.12,679.53,84.13,209.90,-1,-1,-1,-1
33,2,1474.21,672.46,81.37,209.84,-1,-1,-1,-1
34,2,1467.74,668.79,83.21,210.51,-1,-1,-1,-1
35,2,1466.28,660.60,84.30,212.14,-1,-1,-1,-1
36,2,1463.73,652.81,88.00,212.40,-1,-1,-1,-1
37,2,1462.81,646.05,87.73,211.27,-1,-1,-1,-1
38,2,1456.78,638.70,89.09,210.79,-1,-1,-1,-1
39,2,1456.92,630.48,87.33,214.00,-1,-1,-1,-1
40,2,1457.73,623.46,84.74,213.44,-1,-1,-1,-1
41,2,1455.56,619.49,87.53,212.71,-1,-1,-1,-1
42,2,1448.84,613.80,88.91,208.68,-1,-1,-1,-1
43,2,1448.11,605.49,88.22,208.87,-1,-1,-1,-1
44,2,1448.02,597.68,87.48,207.87,-1,-1,-1,-1
45,2,1446.67,588.20,88.14,204.90,-1,-1,-1,-1
46,2,1442.21,583.05,86.05,206.71,-1,-1,-1,-1
47,2,1441.71,572.61,85.70,211.12,-1,-1,-1,-1
48,2,1444.19,566.03,79.77,208.73,-1,-1,-1,-1
49,2,1442.01,557.93,82.48,208.00,-1,-1,-1,-1
50,2,1436.36,551.21,81.73,205.32,-1,-1,-1,-1
51,2,1435.55,540.97,80.89,202.81,-1,-1,-1,-1
52,2,1434.14,531.73,82.76,204.49,-1,-1,-1,-1
53,2,1433.85,524.25,82.27,203.41,-1,-1,-1,-1
54,2,1434.36,515.04,80.59,203.99,-1,-1,-1,-1
55,2,1429.14,506.45,79.64,203.92,-1,-1,-1,-1
56,2,1429.68,498.86,76.69,201.54,-1,-1,-1,-1
57,2,1428.10,490.39,77.53,201.67,-1,-1,-1,-1
58,2,1421.85,481.03,80.05,203.53,-1,-1,-1,-1
59,2,1417.74,472.81,84.36,204.04,-1,-1,-1,-1
60,2,1417.73,463.58,83.69,204.95,-1,-1,-1,-1
61,2,1416.71,455.96,84.83,203.71,-1,-1,-1,-1
62,2,1412.88,444.85,81.60,202.72,-1,-1,-1,-1
63,2,1412.31,436.38,80.04,203.54,-1,-1,-1,-1
64,2,1411.55,429.42,80.78,201.81,-1,-1,-1,-1
65,2,1411.13,420.31,80.12,202.95,-1,-1,-1,-1
66,2,1403.78,409.21,82.95,206.12,-1,-1,-1,-1
67,2,1404.33,400.84,81.32,205.25,-1,-1,-1,-1
68,2,1402.65,391.69,82.74,207.16,-1,-1,-1,-1
69,2,1400.86,382.88,84.78,206.92,-1,-1,-1,-1
70,2,1394.25,374.14,85.92,208.07,-1,-1,-1,-1
71,2,1394.14,366.86,84.57,206.78,-1,-1,-1,-1
72,2,1393.38,353.44,84.30,208.71,-1,-1,-1,-1
73,2,1392.96,345.91,84.10,207.59,-1,-1,-1,-1
74,2,1392.14,337.21,84.43,208.22,-1,-1,-1,-1
75,2,1388.13,330.38,83.12,205.80,-1,-1,-1,-1
76,2,1386.54,321.95,82.53,205.60,-1,-1,-1,-1
77,2,1383.05,312.67,86.66,208.61,-1,-1,-1,-1
78,2,1380.45,304.24,91.80,208.92,-1,-1,-1,-1
79,2,1375.57,297.29,90.31,208.93,-1,-1,-1,-1
80,2,1374.69,288.50,89.35,209.27,-1,-1,-1,-1
81,2,1374.31,279.96,89.29,211.59,-1,-1,-1,-1
82,2,1368.04,271.17,90.59,212.12,-1,-1,-1,-1
83,2,1368.57,264.26,87.82,210.63,-1,-1,-1,-1
84,2,1367.43,256.51,88.13,210.06,-1,-1,-1,-1
85,2,1364.68,248.43,91.81,212.07,-1,-1,-1,-1
86,2,1366.02,242.01,89.43,215.33,-1,-1,-1,-1
87,2,1360.85,236.44,88.78,210.99,-1,-1,-1,-1
88,2,1358.40,228.26,89.48,211.91,-1,-1,-1,-1
89,2,1359.13,220.57,88.63,211.92,-1,-1,-1,-1
90,2,1353.72,214.45,87.49,211.48,-1,-1,-1,-1
91,2,1353.94,206.99,85.76,211.69,-1,-1,-1,-1
92,2,1353.54,200.79,82.65,211.05,-1,-1,-1,-1
93,2,1348.05,196.19,83.63,212.34,-1,-1,-1,-1
94,2,1347.74,188.93,83.85,212.51,-1,-1,-1,-1
95,2,1348.05,180.57,81.09,215.60,-1,-1,-1,-1
96,2,1345.19,175.01,82.78,212.79,-1,-1,-1,-1
97,2,1339.17,171.93,85.01,212.20,-1,-1,-1,-1
98,2,1336.81,165.09,87.95,213.75,-1,-1,-1,-1
99,2,1334.38,159.42,89.80,212.43,-1,-1,-1,-1
100,2,1333.03,154.59,90.06,213.52,-1,-1,-1,-1
101,2,1334.41,148.19,88.40,213.49,-1,-1,-1,-1
102,2,1328.51,142.64,90.07,212.42,-1,-1,-1,-1
103,2,1328.65,139.26,87.25,212.06,-1,-1,-1,-1
104,2,1326.07,133.19,89.32,212.82,-1,-1,-1,-1
105,2,1327.53,128.55,87.09,211.35,-1,-1,-1,-1
106,2,1322.19,125.27,87.73,210.78,-1,-1,-1,-1
107,2,1322.14,121.49,85.02,210.32,-1,-1,-1,-1
108,2,1322.10,117.83,81.33,210.39,-1,-1,-1,-1
109,2,1320.91,113.39,81.84,209.62,-1,-1,-1,-1
110,2,1316.71,110.08,82.23,210.75,-1,-1,-1,-1
111,2,1314.00,107.69,84.24,210.67,-1,-1,-1,-1
112,2,1313.14,104.04,83.51,208.82,-1,-1,-1,-1
113,2,1310.89,101.71,86.44,209.73,-1,-1,-1,-1
114,2,1306.31,99.57,86.78,211.91,-1,-1,-1,-1
115,2,1304.95,97.66,87.02,208.57,-1,-1,-1,-1
116,2,1301.95,94.79,89.53,208.23,-1,-1,-1,-1
117,2,1301.81,92.13,89.76,210.72,-1,-1,-1,-1
118,2,1299.02,92.23,85.40,209.79,-1,-1,-1,-1
119,2,1297.89,88.99,83.02,209.65,-1,-1,-1,-1
120,2,1297.59,88.15,82.84,208.28,-1,-1,-1,-1
121,2,1297.82,86.54,81.27,209.67,-1,-1,-1,-1
122,2,1297.30,84.94,81.30,211.20,-1,-1,-1,-1
123,2,1289.11,84.62,86.04,210.05,-1,-1,-1,-1
124,2,1287.62,84.27,86.59,211.20,-1,-1,-1,-1
125,2,1287.05,84.70,86.38,210.73,-1,-1,-1,-1
126,2,1280.65,84.76,89.38,210.64,-1,-1,-1,-1
127,2,1279.36,84.30,88.97,211.80,-1,-1,-1,-1
128,2,1279.56,84.29,87.88,212.41,-1,-1,-1,-1
129,2,1272.88,85.29,89.43,210.56,-1,-1,-1,-1
130,2,1270.97,86.15,90.10,210.50,-1,-1,-1,-1
131,2,1270.83,87.69,88.94,209.45,-1,-1,-1,-1
132,2,1270.83,89.40,87.48,208.66,-1,-1,-1,-1
133,2,1271.28,91.80,86.94,210.87,-1,-1,-1,-1
134,2,1265.52,93.38,87.75,207.85,-1,-1,-1,-1
135,2,1265.35,93.94,86.28,208.29,-1,-1,-1,-1
136,2,1264.29,96.73,86.33,207.51,-1,-1,-1,-1
137,2,1264.31,97.82,85.34,209.13,-1,-1,-1,-1
138,2,1261.70,102.17,80.11,208.23,-1,-1,-1,-1
139,2,1258.18,103.76,82.80,209.09,-1,-1,-1,-1
140,2,1256.36,106.33,84.43,207.73,-1,-1,-1,-1
141,2,1258.19,109.68,81.06,210.73,-1,-1,-1,-1
142,2,1255.23,112.68,76.56,207.31,-1,-1,-1,-1
143,2,1254.48,117.94,74.89,208.15,-1,-1,-1,-1
144,2,1251.86,120.23,77.09,207.92,-1,-1,-1,-1
145,2,1246.30,125.32,78.44,209.48,-1,-1,-1,-1
146,2,1242.25,128.80,83.08,207.99,-1,-1,-1,-1
147,2,1233.28,135.87,86.45,204.88,-1,-1,-1,-1
148,2,1232.63,137.59,88.31,205.68,-1,-1,-1,-1
149,2,1231.00,143.21,89.32,209.26,-1,-1,-1,-1
150,2,1229.97,148.15,90.42,230.43,-1,-1,-1,-1
151,2,1221.80,150.79,93.96,241.40,-1,-1,-1,-1
152,2,1221.10,154.72,94.35,236.33,-1,-1,-1,-1
153,2,1220.46,160.99,93.41,238.65,-1,-1,-1,-1
154,2,1219.45,168.22,94.96,239.04,-1,-1,-1,-1
155,2,1217.03,172.42,100.20,229.59,-1,-1,-1,-1
156,2,1212.44,178.03,97.31,221.78,-1,-1,-1,-1
157,2,1215.23,186.52,92.23,215.12,-1,-1,-1,-1
158,2,1215.56,189.81,90.88,216.39,-1,-1,-1,-1
159,2,1219.84,197.76,81.30,214.65,-1,-1,-1,-1
160,2,1218.09,203.74,81.57,216.29,-1,-1,-1,-1
161,2,1211.49,211.93,82.81,213.59,-1,-1,-1,-1
162,2,1207.62,220.27,87.57,211.46,-1,-1,-1,-1
163,2,1207.15,223.45,88.03,213.43,-1,-1,-1,-1
164,2,1208.51,231.13,86.03,213.29,-1,-1,-1,-1
165,2,1207.11,240.68,87.14,210.81,-1,-1,-1,-1
166,2,1202.13,248.55,85.86,210.35,-1,-1,-1,-1
167,2,1203.07,256.56,81.45,208.48,-1,-1,-1,-1
168,2,1202.53,265.00,80.86,207.09,-1,-1,-1,-1
169,2,1201.36,271.70,82.42,208.67,-1,-1,-1,-1
170,2,1197.86,279.60,79.35,208.03,-1,-1,-1,-1
171,2,1195.18,288.54,81.11,206.74,-1,-1,-1,-1
172,2,1192.63,295.91,83.95,207.18,-1,-1,-1,-1
173,2,1192.95,302.31,83.15,209.45,-1,-1,-1,-1
174,2,1186.72,310.70,84.05,208.42,-1,-1,-1,-1
175,2,1187.28,320.21,81.95,205.85,-1,-1,-1,-1
176,2,1184.60,327.83,84.78,208.05,-1,-1,-1,-1
177,2,1185.11,335.19,83.88,209.02,-1,-1,-1,-1
178,2,1178.38,344.31,86.37,206.62,-1,-1,-1,-1
179,2,1177.33,353.19,87.55,205.00,-1,-1,-1,-1
180,2,1176.33,359.93,86.77,210.12,-1,-1,-1,-1
181,2,1175.68,367.78,86.16,211.34,-1,-1,-1,-1
182,2,1170.30,377.20,85.29,208.70,-1,-1,-1,-1
183,2,1168.94,389.91,85.56,207.92,-1,-1,-1,-1
184,2,1171.15,397.79,80.65,208.75,-1,-1,-1,-1
185,2,1170.46,407.07,80.83,207.13,-1,-1,-1,-1
186,2,1167.07,417.59,77.60,203.93,-1,-1,-1,-1
187,2,1165.90,429.31,76.03,199.83,-1,-1,-1,-1
188,2,1165.12,435.59,77.09,201.80,-1,-1,-1,-1
189,2,1163.61,442.68,77.37,202.86,-1,-1,-1,-1
190,2,1158.97,450.41,76.89,204.32,-1,-1,-1,-1
191,2,1158.65,460.93,75.19,202.20,-1,-1,-1,-1
192,2,1157.63,467.25,75.67,205.79,-1,-1,-1,-1
193,2,1157.09,479.86,75.04,203.42,-1,-1,-1,-1
194,2,1152.00,489.04,74.35,201.86,-1,-1,-1,-1
195,2,1149.91,496.77,75.78,202.47,-1,-1,-1,-1
196,2,1149.86,505.62,74.76,201.48,-1,-1,-1,-1
197,2,1148.25,514.00,77.12,200.25,-1,-1,-1,-1
198,2,1144.35,522.61,74.75,201.85,-1,-1,-1,-1
199,2,1140.48,531.48,78.74,200.67,-1,-1,-1,-1
200,2,1139.58,539.43,78.73,200.10,-1,-1,-1,-1
201,2,1140.01,547.52,78.45,199.29,-1,-1,-1,-1
202,2,1135.12,557.16,75.77,197.50,-1,-1,-1,-1
203,2,1133.75,564.55,76.40,199.20,-1,-1,-1,-1
204,2,1132.64,572.20,76.19,199.45,-1,-1,-1,-1
205,2,1126.16,580.33,78.08,200.71,-1,-1,-1,-1
206,2,1125.85,588.46,76.09,201.44,-1,-1,-1,-1
207,2,1126.03,596.14,75.07,212.68,-1,-1,-1,-1
208,2,1125.56,603.44,74.43,204.05,-1,-1,-1,-1
209,2,1120.89,609.37,71.80,206.94,-1,-1,-1,-1
210,2,1119.37,618.60,71.49,204.02,-1,-1,-1,-1
211,2,1120.63,625.33,68.59,220.04,-1,-1,-1,-1
212,2,1113.16,633.06,70.87,206.95,-1,-1,-1,-1
213,2,1113.13,639.91,68.83,206.37,-1,-1,-1,-1
214,2,1110.64,646.58,72.98,210.34,-1,-1,-1,-1
215,2,1101.92,650.29,77.74,203.44,-1,-1,-1,-1
216,2,1091.86,656.47,81.77,240.72,-1,-1,-1,-1
1,3,663.11,434.43,86.56,203.36,-1,-1,-1,-1
2,3,663.57,420.96,87.82,214.38,-1,-1,-1,-1
3,3,664.68,405.80,87.34,214.95,-1,-1,-1,-1
4,3,663.18,396.76,91.14,215.00,-1,-1,-1,-1
5,3,665.91,389.29,87.75,215.45,-1,-1,-1,-1
6,3,670.00,381.16,88.98,215.33,-1,-1,-1,-1
7,3,671.37,371.18,88.63,217.77,-1,-1,-1,-1
8,3,672.57,363.95,88.96,216.59,-1,-1,-1,-1
9,3,671.31,357.53,91.32,212.73,-1,-1,-1,-1
10,3,677.14,349.64,91.91,210.92,-1,-1,-1,-1
11,3,678.73,339.54,90.61,215.36,-1,-1,-1,-1
12,3,678.58,334.42,92.81,210.07,-1,-1,-1,-1
13,3,683.29,325.87,94.31,210.66,-1,-1,-1,-1
14,3,683.18,318.91,96.34,207.82,-1,-1,-1,-1
15,3,683.91,309.34,95.81,210.19,-1,-1,-1,-1
16,3,684.20,303.70,96.89,208.31,-1,-1,-1,-1
17,3,684.95,294.04,97.02,209.00,-1,-1,-1,-1
18,3,688.87,287.83,99.24,205.46,-1,-1,-1,-1
19,3,690.64,278.71,97.91,207.55,-1,-1,-1,-1
20,3,691.20,271.87,97.50,206.64,-1,-1,-1,-1
21,3,691.72,264.33,98.56,205.36,-1,-1,-1,-1
22,3,693.57,256.07,96.45,207.39,-1,-1,-1,-1
23,3,699.21,245.76,94.69,211.57,-1,-1,-1,-1
24,3,699.44,240.19,96.70,207.78,-1,-1,-1,-1
25,3,700.17,232.39,96.44,207.87,-1,-1,-1,-1
26,3,701.94,225.34,95.26,206.76,-1,-1,-1,-1
27,3,708.04,216.96,94.18,209.52,-1,-1,-1,-1
28,3,709.02,209.27,94.52,210.20,-1,-1,-1,-1
29,3,708.70,205.17,97.38,211.62,-1,-1,-1,-1
30,3,715.84,196.88,93.41,213.61,-1,-1,-1,-1
31,3,714.10,189.86,97.62,214.30,-1,-1,-1,-1
32,3,716.37,181.93,95.00,215.51,-1,-1,-1,-1
33,3,716.60,175.39,95.90,212.89,-1,-1,-1,-1
34,3,718.65,174.62,94.60,210.11,-1,-1,-1,-1
35,3,724.49,168.73,92.35,209.25,-1,-1,-1,-1
36,3,727.14,162.24,91.01,207.30,-1,-1,-1,-1
37,3,729.57,159.18,88.72,208.29,-1,-1,-1,-1
38,3,727.34,152.90,92.75,208.08,-1,-1,-1,-1
39,3,734.18,148.73,89.02,210.42,-1,-1,-1,-1
40,3,736.42,144.39,88.71,206.48,-1,-1,-1,-1
41,3,735.02,138.49,92.18,205.34,-1,-1,-1,-1
42,3,736.54,135.89,90.78,205.81,-1,-1,-1,-1
43,3,741.60,129.90,90.60,206.47,-1,-1,-1,-1
44,3,742.61,128.33,92.46,205.81,-1,-1,-1,-1
45,3,742.90,122.36,92.92,205.89,-1,-1,-1,-1
46,3,748.79,121.04,91.54,204.10,-1,-1,-1,-1
47,3,751.36,114.83,90.02,206.47,-1,-1,-1,-1
48,3,752.81,114.32,89.84,203.89,-1,-1,-1,-1
49,3,757.20,112.17,89.23,203.74,-1,-1,-1,-1
50,3,758.25,108.09,89.32,203.74,-1,-1,-1,-1
51,3,758.99,104.93,90.39,205.51,-1,-1,-1,-1
52,3,761.32,104.24,89.18,203.98,-1,-1,-1,-1
53,3,760.60,99.59,91.27,203.86,-1,-1,-1,-1
54,3,767.08,98.44,87.84,204.25,-1,-1,-1,-1
55,3,769.26,97.10,86.95,205.55,-1,-1,-1,-1
56,3,768.63,96.42,89.54,203.81,-1,-1,-1,-1
57,3,768.77,95.44,90.24,205.57,-1,-1,-1,-1
58,3,774.11,94.62,89.25,206.84,-1,-1,-1,-1
59,3,774.91,90.67,90.57,205.84,-1,-1,-1,-1
60,3,777.14,90.53,88.95,205.25,-1,-1,-1,-1
61,3,781.26,89.27,89.68,208.14,-1,-1,-1,-1
62,3,782.01,89.08,91.29,208.60,-1,-1,-1,-1
63,3,783.31,89.60,90.22,207.41,-1,-1,-1,-1
64,3,784.65,89.83,89.53,206.69,-1,-1,-1,-1
65,3,784.26,89.90,91.36,206.25,-1,-1,-1,-1
66,3,790.53,90.35,88.26,206.67,-1,-1,-1,-1
67,3,792.13,90.54,88.29,207.21,-1,-1,-1,-1
68,3,792.71,94.94,89.52,205.89,-1,-1,-1,-1
69,3,797.52,95.21,88.86,207.36,-1,-1,-1,-1
70,3,799.96,96.61,87.49,205.90,-1,-1,-1,-1
71,3,801.10,98.02,86.79,204.39,-1,-1,-1,-1
72,3,799.80,98.87,90.00,203.98,-1,-1,-1,-1
73,3,800.78,103.43,90.43,207.10,-1,-1,-1,-1
74,3,806.06,103.53,88.94,209.02,-1,-1,-1,-1
75,3,806.53,104.18,90.35,210.63,-1,-1,-1,-1
76,3,807.21,109.83,91.29,209.94,-1,-1,-1,-1
77,3,814.01,112.51,88.11,206.64,-1,-1,-1,-1
78,3,813.94,114.47,90.46,207.41,-1,-1,-1,-1
79,3,814.38,118.65,91.80,207.98,-1,-1,-1,-1
80,3,815.25,122.11,91.12,205.79,-1,-1,-1,-1
81,3,815.68,128.41,92.41,204.38,-1,-1,-1,-1
82,3,816.83,130.41,90.65,205.06,-1,-1,-1,-1
83,3,822.31,134.61,89.76,207.70,-1,-1,-1,-1
84,3,823.83,138.50,89.48,204.98,-1,-1,-1,-1
85,3,826.30,144.01,87.71,206.49,-1,-1,-1,-1
86,3,823.96,146.46,92.56,206.71,-1,-1,-1,-1
87,3,829.10,152.10,91.35,208.89,-1,-1,-1,-1
88,3,831.23,157.52,90.29,209.50,-1,-1,-1,-1
89,3,832.45,160.54,89.68,208.88,-1,-1,-1,-1
90,3,838.67,166.58,86.75,210.61,-1,-1,-1,-1
91,3,836.59,173.92,92.62,210.71,-1,-1,-1,-1
92,3,838.58,177.77,91.56,217.01,-1,-1,-1,-1
93,3,840.75,183.21,88.99,211.71,-1,-1,-1,-1
94,3,840.65,191.49,90.73,210.25,-1,-1,-1,-1
95,3,844.63,197.44,92.81,210.62,-1,-1,-1,-1
96,3,847.20,199.96,91.13,211.79,-1,-1,-1,-1
97,3,848.50,208.18,90.39,210.37,-1,-1,-1,-1
98,3,854.35,216.01,88.51,209.06,-1,-1,-1,-1
99,3,854.15,225.38,91.09,204.67,-1,-1,-1,-1
100,3,855.10,233.38,89.91,203.70,-1,-1,-1,-1
101,3,854.33,241.10,93.52,202.94,-1,-1,-1,-1
102,3,861.13,246.54,90.16,206.94,-1,-1,-1,-1
103,3,861.46,255.32,91.46,206.13,-1,-1,-1,-1
104,3,860.66,260.21,93.52,204.46,-1,-1,-1,-1
105,3,861.84,267.98,93.56,204.99,-1,-1,-1,-1
106,3,863.55,274.71,91.80,206.03,-1,-1,-1,-1
107,3,869.20,285.06,91.17,202.84,-1,-1,-1,-1
108,3,869.57,292.93,93.40,202.47,-1,-1,-1,-1
109,3,871.72,304.11,91.22,203.25,-1,-1,-1,-1
110,3,876.29,307.28,91.83,205.72,-1,-1,-1,-1
111,3,877.66,315.60,92.28,205.12,-1,-1,-1,-1
112,3,878.77,324.33,91.08,203.38,-1,-1,-1,-1
113,3,880.37,335.94,90.84,204.13,-1,-1,-1,-1
114,3,880.36,337.38,91.02,208.82,-1,-1,-1,-1
115,3,885.32,345.57,90.56,209.26,-1,-1,-1,-1
116,3,888.84,357.85,87.28,208.89,-1,-1,-1,-1
117,3,889.13,365.74,88.66,209.62,-1,-1,-1,-1
118,3,890.22,372.42,87.29,212.39,-1,-1,-1,-1
119,3,894.73,380.83,88.43,213.03,-1,-1,-1,-1
120,3,894.80,389.77,89.96,211.14,-1,-1,-1,-1
121,3,898.46,398.13,86.49,211.88,-1,-1,-1,-1
122,3,902.77,406.30,87.59,211.80,-1,-1,-1,-1
123,3,903.45,416.44,88.32,210.80,-1,-1,-1,-1
124,3,906.02,432.85,85.49,203.21,-1,-1,-1,-1
125,3,906.70,437.83,86.09,201.07,-1,-1,-1,-1
126,3,912.50,449.73,84.02,202.17,-1,-1,-1,-1
127,3,914.61,457.15,82.61,202.75,-1,-1,-1,-1
128,3,914.99,468.39,83.57,198.39,-1,-1,-1,-1
129,3,914.79,474.20,85.46,202.40,-1,-1,-1,-1
130,3,919.68,483.41,84.97,202.78,-1,-1,-1,-1
131,3,919.69,491.62,86.16,202.90,-1,-1,-1,-1
132,3,919.40,499.22,88.31,205.08,-1,-1,-1,-1
133,3,919.39,508.83,89.99,211.03,-1,-1,-1,-1
134,3,922.29,517.70,87.23,210.48,-1,-1,-1,-1
135,3,925.34,526.13,89.61,210.18,-1,-1,-1,-1
136,3,927.88,533.07,87.84,211.48,-1,-1,-1,-1
137,3,929.70,541.65,87.48,209.85,-1,-1,-1,-1
138,3,930.39,550.02,86.92,211.61,-1,-1,-1,-1
139,3,933.55,558.96,89.58,210.24,-1,-1,-1,-1
140,3,936.19,564.16,87.30,216.00,-1,-1,-1,-1
141,3,936.92,574.20,88.10,210.08,-1,-1,-1,-1
142,3,943.14,580.27,86.09,214.03,-1,-1,-1,-1
143,3,943.99,589.84,85.82,210.38,-1,-1,-1,-1
144,3,947.60,599.32,81.89,205.97,-1,-1,-1,-1
145,3,947.17,606.76,84.93,207.54,-1,-1,-1,-1
146,3,948.10,614.46,83.52,209.31,-1,-1,-1,-1
147,3,952.50,621.64,83.47,211.64,-1,-1,-1,-1
148,3,955.23,626.61,81.68,216.83,-1,-1,-1,-1
149,3,955.01,633.54,83.32,220.78,-1,-1,-1,-1
150,3,956.21,640.00,83.19,222.75,-1,-1,-1,-1
151,3,961.47,646.45,82.20,214.76,-1,-1,-1,-1
152,3,961.73,654.55,84.32,212.97,-1,-1,-1,-1
153,3,959.32,661.19,89.74,214.64,-1,-1,-1,-1
154,3,965.46,669.81,89.38,211.26,-1,-1,-1,-1
155,3,966.87,674.80,87.86,217.20,-1,-1,-1,-1
156,3,968.18,683.24,87.62,215.22,-1,-1,-1,-1
157,3,967.75,688.72,89.68,220.44,-1,-1,-1,-1
158,3,974.34,692.15,87.49,217.75,-1,-1,-1,-1
159,3,973.96,698.51,90.31,217.77,-1,-1,-1,-1
160,3,974.43,704.56,90.89,220.43,-1,-1,-1,-1
161,3,973.11,709.23,93.83,216.49,-1,-1,-1,-1
162,3,974.27,717.96,94.79,212.13,-1,-1,-1,-1
163,3,978.49,720.39,95.38,212.96,-1,-1,-1,-1
164,3,980.62,726.25,94.53,212.42,-1,-1,-1,-1
165,3,981.64,732.16,95.07,214.24,-1,-1,-1,-1
166,3,987.45,735.50,93.07,213.10,-1,-1,-1,-1
167,3,986.90,741.74,95.67,211.57,-1,-1,-1,-1
168,3,988.50,743.18,93.26,212.77,-1,-1,-1,-1
169,3,989.45,749.63,94.64,210.95,-1,-1,-1,-1
170,3,991.15,752.72,93.35,211.17,-1,-1,-1,-1
171,3,995.33,755.77,93.74,215.88,-1,-1,-1,-1
172,3,997.40,757.63,93.41,213.49,-1,-1,-1,-1
173,3,997.41,763.96,95.48,212.78,-1,-1,-1,-1
174,3,998.80,766.13,94.03,212.96,-1,-1,-1,-1
175,3,1003.62,766.08,93.60,214.45,-1,-1,-1,-1
176,3,1005.78,771.02,92.42,215.93,-1,-1,-1,-1
177,3,1007.19,772.63,91.82,214.12,-1,-1,-1,-1
178,3,1010.76,773.13,86.32,214.81,-1,-1,-1,-1
179,3,1013.34,780.07,89.61,212.14,-1,-1,-1,-1
180,3,1015.87,781.39,88.38,209.56,-1,-1,-1,-1
181,3,1016.85,783.64,89.76,207.58,-1,-1,-1,-1
182,3,1022.00,783.29,87.97,208.80,-1,-1,-1,-1
183,3,1022.28,783.08,89.94,209.50,-1,-1,-1,-1
184,3,1021.95,784.34,91.78,208.42,-1,-1,-1,-1
185,3,1023.86,784.47,90.25,209.72,-1,-1,-1,-1
186,3,1026.20,783.99,87.49,210.57,-1,-1,-1,-1
187,3,1028.01,784.25,92.77,210.27,-1,-1,-1,-1
188,3,1028.79,784.02,93.46,210.97,-1,-1,-1,-1
189,3,1030.37,784.34,92.74,210.19,-1,-1,-1,-1
190,3,1031.56,784.63,92.62,209.78,-1,-1,-1,-1
191,3,1037.67,784.87,89.31,209.16,-1,-1,-1,-1
192,3,1038.88,784.44,91.50,207.94,-1,-1,-1,-1
193,3,1039.56,785.10,92.09,206.40,-1,-1,-1,-1
194,3,1044.31,785.12,91.93,205.01,-1,-1,-1,-1
195,3,1045.14,782.99,92.70,207.70,-1,-1,-1,-1
196,3,1045.79,782.91,92.87,207.16,-1,-1,-1,-1
197,3,1048.95,779.65,89.06,213.43,-1,-1,-1,-1
198,3,1054.00,774.48,89.07,212.81,-1,-1,-1,-1
199,3,1053.88,774.51,91.21,209.52,-1,-1,-1,-1
200,3,1055.69,773.50,89.87,208.98,-1,-1,-1,-1
201,3,1058.25,770.14,87.31,205.22,-1,-1,-1,-1
202,3,1061.48,767.08,89.27,207.55,-1,-1,-1,-1
203,3,1062.62,759.66,88.66,211.27,-1,-1,-1,-1
204,3,1063.33,758.18,90.20,209.17,-1,-1,-1,-1
205,3,1065.69,752.18,87.51,209.11,-1,-1,-1,-1
206,3,1065.57,750.75,88.48,209.00,-1,-1,-1,-1
207,3,1069.92,743.54,89.46,211.67,-1,-1,-1,-1
208,3,1070.26,743.01,92.00,208.19,-1,-1,-1,-1
209,3,1072.18,736.94,90.30,208.39,-1,-1,-1,-1
210,3,1077.51,733.65,89.68,210.25,-1,-1,-1,-1
211,3,1080.10,728.29,87.34,206.99,-1,-1,-1,-1
212,3,1079.41,720.05,90.25,209.69,-1,-1,-1,-1
213,3,1080.45,717.65,90.62,211.58,-1,-1,-1,-1
214,3,1080.26,710.97,90.51,211.23,-1,-1,-1,-1
215,3,1085.59,702.32,90.37,214.79,-1,-1,-1,-1
216,3,1086.77,691.62,89.85,220.23,-1,-1,-1,-1
217,3,1086.63,676.44,91.25,232.53,-1,-1,-1,-1
218,3,1087.14,681.20,93.13,223.78,-1,-1,-1,-1
219,3,1092.07,684.22,93.19,214.55,-1,-1,-1,-1
220,3,1094.34,676.77,92.55,219.92,-1,-1,-1,-1
221,3,1095.65,670.79,91.69,229.53,-1,-1,-1,-1
222,3,1096.31,662.50,90.56,245.72,-1,-1,-1,-1
223,3,1100.57,656.05,91.72,255.02,-1,-1,-1,-1
224,3,1102.88,649.75,88.47,267.89,-1,-1,-1,-1
225,3,1101.33,643.29,92.54,279.32,-1,-1,-1,-1
226,3,1099.09,631.86,96.84,292.60,-1,-1,-1,-1
227,3,1097.29,625.22,101.19,302.19,-1,-1,-1,-1
228,3,1096.62,616.30,104.12,304.87,-1,-1,-1,-1
229,3,1103.60,608.69,103.38,303.17,-1,-1,-1,-1
230,3,1106.45,603.97,99.85,264.70,-1,-1,-1,-1
231,3,1113.12,595.26,98.55,266.28,-1,-1,-1,-1
232,3,1116.35,590.04,95.12,245.15,-1,-1,-1,-1
233,3,1117.64,581.94,93.28,261.09,-1,-1,-1,-1
234,3,1122.12,572.50,96.65,263.80,-1,-1,-1,-1
235,3,1124.51,562.67,93.88,284.53,-1,-1,-1,-1
236,3,1124.22,558.18,96.86,278.75,-1,-1,-1,-1
237,3,1124.21,550.31,98.03,277.22,-1,-1,-1,-1
238,3,1131.79,541.96,94.22,227.94,-1,-1,-1,-1
239,3,1134.42,535.91,89.52,209.42,-1,-1,-1,-1
240,3,1135.88,529.55,88.43,206.80,-1,-1,-1,-1
241,3,1137.32,520.85,87.96,205.76,-1,-1,-1,-1
242,3,1137.10,512.45,89.76,205.29,-1,-1,-1,-1
243,3,1140.90,504.56,90.70,207.83,-1,-1,-1,-1
244,3,1144.71,497.28,86.99,206.19,-1,-1,-1,-1
245,3,1145.79,488.87,86.97,207.01,-1,-1,-1,-1
246,3,1146.44,480.34,87.33,208.11,-1,-1,-1,-1
247,3,1150.74,468.55,88.37,205.05,-1,-1,-1,-1
248,3,1150.70,459.53,89.76,205.87,-1,-1,-1,-1
249,3,1153.29,451.26,88.58,205.19,-1,-1,-1,-1
250,3,1158.96,443.83,86.96,206.70,-1,-1,-1,-1
1,4,921.73,435.87,84.04,202.45,-1,-1,-1,-1
2,4,921.41,442.35,86.30,203.51,-1,-1,-1,-1
3,4,926.07,451.14,89.28,203.38,-1,-1,-1,-1
4,4,927.16,455.85,88.56,210.63,-1,-1,-1,-1
5,4,928.51,468.43,88.25,213.71,-1,-1,-1,-1
6,4,928.92,478.49,88.85,209.47,-1,-1,-1,-1
7,4,934.57,487.16,88.62,211.05,-1,-1,-1,-1
8,4,935.84,491.69,86.55,218.66,-1,-1,-1,-1
9,4,935.17,502.78,90.16,212.10,-1,-1,-1,-1
10,4,937.87,510.27,86.08,213.64,-1,-1,-1,-1
11,4,943.30,520.63,86.21,221.22,-1,-1,-1,-1
12,4,941.99,526.68,90.50,213.41,-1,-1,-1,-1
13,4,945.36,536.09,87.09,221.54,-1,-1,-1,-1
14,4,945.66,542.44,87.20,212.47,-1,-1,-1,-1
15,4,947.25,549.62,84.82,228.90,-1,-1,-1,-1
16,4,952.63,558.80,85.48,241.22,-1,-1,-1,-1
17,4,952.74,568.52,87.55,222.47,-1,-1,-1,-1
18,4,952.76,576.52,88.90,209.67,-1,-1,-1,-1
19,4,958.80,587.10,88.39,215.03,-1,-1,-1,-1
20,4,959.57,592.26,88.06,220.75,-1,-1,-1,-1
21,4,960.15,599.89,89.00,210.84,-1,-1,-1,-1
22,4,967.52,608.07,86.20,210.42,-1,-1,-1,-1
23,4,967.82,616.59,87.67,220.46,-1,-1,-1,-1
24,4,968.22,620.25,86.79,217.65,-1,-1,-1,-1
25,4,967.69,627.59,90.28,218.82,-1,-1,-1,-1
26,4,969.95,635.77,86.78,215.71,-1,-1,-1,-1
27,4,974.87,643.16,89.69,218.40,-1,-1,-1,-1
28,4,975.61,649.70,88.90,218.67,-1,-1,-1,-1
29,4,975.26,657.38,91.37,218.29,-1,-1,-1,-1
30,4,982.89,665.82,88.52,217.67,-1,-1,-1,-1
31,4,983.17,670.08,88.83,214.07,-1,-1,-1,-1
32,4,984.88,672.59,86.69,224.07,-1,-1,-1,-1
33,4,982.26,682.34,92.97,218.38,-1,-1,-1,-1
34,4,989.41,687.05,91.90,224.13,-1,-1,-1,-1
35,4,989.53,689.46,91.82,236.47,-1,-1,-1,-1
36,4,988.40,695.11,96.04,226.15,-1,-1,-1,-1
37,4,989.95,702.60,93.42,227.16,-1,-1,-1,-1
38,4,990.14,707.70,93.46,230.92,-1,-1,-1,-1
39,4,995.21,708.72,95.79,230.74,-1,-1,-1,-1
40,4,996.91,715.38,94.09,231.58,-1,-1,-1,-1
41,4,996.43,718.13,96.11,229.24,-1,-1,-1,-1
42,4,1000.09,728.81,102.33,219.83,-1,-1,-1,-1
43,4,1000.83,728.32,102.00,225.95,-1,-1,-1,-1
44,4,1003.60,734.87,97.47,226.09,-1,-1,-1,-1
45,4,1012.04,736.70,93.35,225.36,-1,-1,-1,-1
46,4,1013.98,740.83,90.00,229.91,-1,-1,-1,-1
47,4,1011.48,744.43,96.98,224.44,-1,-1,-1,-1
48,4,1014.77,749.93,91.25,227.81,-1,-1,-1,-1
49,4,1014.00,752.80,94.04,223.71,-1,-1,-1,-1
50,4,1020.06,754.72,94.39,221.19,-1,-1,-1,-1
51,4,1022.62,760.78,89.92,221.00,-1,-1,-1,-1
52,4,1024.80,761.04,86.95,222.33,-1,-1,-1,-1
53,4,1029.96,769.46,90.05,220.64,-1,-1,-1,-1
54,4,1029.37,770.36,91.70,233.83,-1,-1,-1,-1
55,4,1027.89,774.51,96.07,224.77,-1,-1,-1,-1
56,4,1026.69,768.72,99.71,224.50,-1,-1,-1,-1
57,4,1026.85,766.97,100.22,228.67,-1,-1,-1,-1
58,4,1035.04,773.81,95.34,226.73,-1,-1,-1,-1
59,4,1037.15,772.97,93.38,229.27,-1,-1,-1,-1
60,4,1037.60,775.48,94.03,224.25,-1,-1,-1,-1
61,4,1038.72,771.71,92.69,232.71,-1,-1,-1,-1
62,4,1043.89,773.06,94.43,230.55,-1,-1,-1,-1
63,4,1042.99,775.79,98.21,225.29,-1,-1,-1,-1
64,4,1041.47,775.44,102.25,225.96,-1,-1,-1,-1
65,4,1041.73,774.12,102.41,227.70,-1,-1,-1,-1
66,4,1049.32,774.38,99.36,227.36,-1,-1,-1,-1
67,4,1050.39,772.39,97.73,231.53,-1,-1,-1,-1
68,4,1048.74,774.40,103.04,227.19,-1,-1,-1,-1
69,4,1050.77,773.14,100.04,228.74,-1,-1,-1,-1
70,4,1051.78,774.72,98.53,224.47,-1,-1,-1,-1
71,4,1058.99,772.08,95.44,230.10,-1,-1,-1,-1
72,4,1061.07,767.84,93.62,226.09,-1,-1,-1,-1
73,4,1060.37,767.08,96.55,226.81,-1,-1,-1,-1
74,4,1067.69,764.94,94.05,229.19,-1,-1,-1,-1
75,4,1067.20,759.27,96.95,225.83,-1,-1,-1,-1
76,4,1068.94,760.49,94.65,220.69,-1,-1,-1,-1
77,4,1070.39,754.14,93.25,221.41,-1,-1,-1,-1
78,4,1075.37,753.24,95.61,221.74,-1,-1,-1,-1
79,4,1075.21,753.78,97.71,219.24,-1,-1,-1,-1
80,4,1076.93,745.56,95.16,221.47,-1,-1,-1,-1
81,4,1078.11,744.30,93.35,221.80,-1,-1,-1,-1
82,4,1083.41,738.06,94.98,221.55,-1,-1,-1,-1
83,4,1082.93,736.75,97.28,221.53,-1,-1,-1,-1
84,4,1083.13,733.38,98.83,215.25,-1,-1,-1,-1
85,4,1090.97,732.53,95.97,214.62,-1,-1,-1,-1
86,4,1090.62,724.74,96.78,216.76,-1,-1,-1,-1
87,4,1091.15,724.19,97.66,214.10,-1,-1,-1,-1
88,4,1090.57,714.68,99.76,218.57,-1,-1,-1,-1
89,4,1087.75,708.61,106.64,217.60,-1,-1,-1,-1
90,4,1095.50,705.11,102.74,220.58,-1,-1,-1,-1
91,4,1095.81,699.69,103.69,216.47,-1,-1,-1,-1
92,4,1096.75,693.10,103.30,216.77,-1,-1,-1,-1
93,4,1103.74,690.99,101.90,215.76,-1,-1,-1,-1
94,4,1103.37,684.27,103.91,215.80,-1,-1,-1,-1
95,4,1105.12,675.94,100.51,217.96,-1,-1,-1,-1
96,4,1107.17,669.27,97.32,215.56,-1,-1,-1,-1
97,4,1107.82,668.71,98.50,211.95,-1,-1,-1,-1
98,4,1114.68,662.27,97.38,211.46,-1,-1,-1,-1
99,4,1115.88,651.71,95.60,217.17,-1,-1,-1,-1
100,4,1115.23,647.44,98.77,211.38,-1,-1,-1,-1
101,4,1115.88,639.27,98.42,213.42,-1,-1,-1,-1
102,4,1117.70,636.89,95.07,211.54,-1,-1,-1,-1
103,4,1123.61,629.21,95.36,212.29,-1,-1,-1,-1
104,4,1123.86,620.71,96.28,213.72,-1,-1,-1,-1
105,4,1125.92,611.13,93.29,218.61,-1,-1,-1,-1
106,4,1130.65,605.52,96.36,214.93,-1,-1,-1,-1
107,4,1132.25,594.05,94.23,220.61,-1,-1,-1,-1
108,4,1131.88,589.28,96.65,213.46,-1,-1,-1,-1
109,4,1132.62,581.96,96.71,211.47,-1,-1,-1,-1
110,4,1133.61,573.83,95.86,210.25,-1,-1,-1,-1
111,4,1139.78,565.14,93.97,213.19,-1,-1,-1,-1
112,4,1141.21,556.39,92.16,215.40,-1,-1,-1,-1
113,4,1140.98,549.81,94.92,211.61,-1,-1,-1,-1
114,4,1140.57,542.84,97.70,209.08,-1,-1,-1,-1
115,4,1141.51,534.47,96.14,209.21,-1,-1,-1,-1
116,4,1148.06,526.99,94.20,207.87,-1,-1,-1,-1
117,4,1150.15,516.95,92.65,212.12,-1,-1,-1,-1
118,4,1151.17,508.07,91.52,213.54,-1,-1,-1,-1
119,4,1157.91,500.74,89.40,211.74,-1,-1,-1,-1
120,4,1157.47,488.31,91.88,212.48,-1,-1,-1,-1
121,4,1157.13,481.82,94.53,208.00,-1,-1,-1,-1
122,4,1156.14,472.38,97.38,210.69,-1,-1,-1,-1
123,4,1156.84,465.00,96.96,209.38,-1,-1,-1,-1
124,4,1163.10,457.08,95.93,207.34,-1,-1,-1,-1
125,4,1163.49,449.46,97.29,203.75,-1,-1,-1,-1
126,4,1165.73,441.86,94.44,203.34,-1,-1,-1,-1
127,4,1167.81,431.96,91.42,206.90,-1,-1,-1,-1
128,4,1174.68,413.22,88.62,216.00,-1,-1,-1,-1
129,4,1173.50,404.66,92.68,215.30,-1,-1,-1,-1
130,4,1171.36,393.81,98.05,219.24,-1,-1,-1,-1
131,4,1169.56,382.32,102.26,226.08,-1,-1,-1,-1
132,4,1176.10,368.98,101.43,223.67,-1,-1,-1,-1
133,4,1177.52,357.19,99.85,230.42,-1,-1,-1,-1
134,4,1179.37,350.62,97.82,227.35,-1,-1,-1,-1
135,4,1182.33,345.17,93.35,222.69,-1,-1,-1,-1
136,4,1185.55,339.00,99.16,219.30,-1,-1,-1,-1
137,4,1184.25,329.97,103.00,221.83,-1,-1,-1,-1
138,4,1184.38,321.90,103.91,221.74,-1,-1,-1,-1
139,4,1183.71,313.79,105.57,220.78,-1,-1,-1,-1
140,4,1190.60,306.17,105.08,220.99,-1,-1,-1,-1
141,4,1193.75,299.31,99.34,218.78,-1,-1,-1,-1
142,4,1191.84,289.34,105.32,222.57,-1,-1,-1,-1
143,4,1198.52,285.57,104.82,214.74,-1,-1,-1,-1
144,4,1198.32,288.82,106.64,205.58,-1,-1,-1,-1
145,4,1200.09,282.79,103.55,202.47,-1,-1,-1,-1
146,4,1201.25,275.59,101.74,202.46,-1,-1,-1,-1
147,4,1208.35,265.46,101.82,205.63,-1,-1,-1,-1
148,4,1206.62,267.34,106.70,200.75,-1,-1,-1,-1
149,4,1207.80,244.47,105.98,215.80,-1,-1,-1,-1
150,4,1214.53,236.68,104.76,214.93,-1,-1,-1,-1
151,4,1216.67,244.03,102.20,199.58,-1,-1,-1,-1
152,4,1220.15,240.41,96.04,192.88,-1,-1,-1,-1
153,4,1227.55,243.34,81.53,185.70,-1,-1,-1,-1
164,5,1259.42,143.04,80.53,225.83,-1,-1,-1,-1
165,5,1250.87,139.08,83.42,219.93,-1,-1,-1,-1
166,5,1258.29,134.79,81.77,226.22,-1,-1,-1,-1
167,5,1257.97,127.36,82.88,227.02,-1,-1,-1,-1
168,5,1253.20,123.54,93.88,230.85,-1,-1,-1,-1
169,5,1252.83,119.24,94.74,225.92,-1,-1,-1,-1
170,5,1254.26,119.03,92.23,224.70,-1,-1,-1,-1
171,5,1258.53,111.98,97.01,239.95,-1,-1,-1,-1
172,5,1258.03,109.43,99.37,228.61,-1,-1,-1,-1
173,5,1255.75,103.56,105.33,272.51,-1,-1,-1,-1
174,5,1256.46,104.40,104.89,223.20,-1,-1,-1,-1
175,5,1264.44,100.47,102.09,230.08,-1,-1,-1,-1
176,5,1263.47,99.06,105.32,248.73,-1,-1,-1,-1
177,5,1264.89,98.05,102.96,220.56,-1,-1,-1,-1
178,5,1268.69,93.31,96.64,216.11,-1,-1,-1,-1
179,5,1277.49,91.69,90.52,216.51,-1,-1,-1,-1
180,5,1278.72,93.20,90.90,211.79,-1,-1,-1,-1
181,5,1279.51,91.24,91.87,215.06,-1,-1,-1,-1
182,5,1280.14,91.97,90.19,212.55,-1,-1,-1,-1
183,5,1285.06,84.66,91.61,218.00,-1,-1,-1,-1
184,5,1286.80,84.31,89.99,217.99,-1,-1,-1,-1
185,5,1287.89,83.25,89.67,218.08,-1,-1,-1,-1
186,5,1291.96,82.09,93.81,220.17,-1,-1,-1,-1
187,5,1291.45,82.84,95.16,217.02,-1,-1,-1,-1
188,5,1292.98,83.24,95.72,216.85,-1,-1,-1,-1
189,5,1292.56,84.40,97.97,214.76,-1,-1,-1,-1
190,5,1299.34,84.52,95.42,215.07,-1,-1,-1,-1
191,5,1300.25,85.43,94.90,213.16,-1,-1,-1,-1
192,5,1301.69,85.29,92.39,213.97,-1,-1,-1,-1
193,5,1301.28,85.13,95.07,215.54,-1,-1,-1,-1
194,5,1303.06,85.44,92.57,214.75,-1,-1,-1,-1
195,5,1309.32,84.21,91.67,218.17,-1,-1,-1,-1
196,5,1311.48,91.77,89.61,212.80,-1,-1,-1,-1
197,5,1310.03,92.87,93.73,211.47,-1,-1,-1,-1
198,5,1308.17,91.77,97.90,214.79,-1,-1,-1,-1
199,5,1308.79,92.17,97.36,216.41,-1,-1,-1,-1
200,5,1316.36,90.56,93.30,221.25,-1,-1,-1,-1
201,5,1316.89,92.74,95.31,230.46,-1,-1,-1,-1
202,5,1319.28,95.76,92.19,239.03,-1,-1,-1,-1
203,5,1319.67,99.81,90.37,231.26,-1,-1,-1,-1
204,5,1327.25,100.24,88.11,246.66,-1,-1,-1,-1
205,5,1322.17,112.15,101.09,320.08,-1,-1,-1,-1
207,6,1337.44,116.94,84.17,245.45,-1,-1,-1,-1
208,6,1331.52,123.85,97.81,280.60,-1,-1,-1,-1
209,6,1341.30,129.67,92.54,285.32,-1,-1,-1,-1
210,6,1343.28,131.72,88.60,280.83,-1,-1,-1,-1
211,6,1342.90,139.21,89.61,296.98,-1,-1,-1,-1
212,6,1343.47,144.87,90.68,287.28,-1,-1,-1,-1
213,6,1348.94,150.16,91.93,274.79,-1,-1,-1,-1
214,6,1347.83,155.47,96.13,264.34,-1,-1,-1,-1
215,6,1351.79,159.37,89.96,255.90,-1,-1,-1,-1
216,6,1359.17,160.51,88.39,239.43,-1,-1,-1,-1
217,6,1358.52,166.28,89.79,227.22,-1,-1,-1,-1
228,7,1379.00,245.29,81.15,211.03,-1,-1,-1,-1
229,7,1377.66,245.65,84.92,215.49,-1,-1,-1,-1
230,7,1383.71,255.30,86.38,210.67,-1,-1,-1,-1
231,7,1384.05,263.17,86.30,210.05,-1,-1,-1,-1
232,7,1384.03,270.21,87.38,211.24,-1,-1,-1,-1
233,7,1383.02,277.45,90.72,211.05,-1,-1,-1,-1
234,7,1385.32,284.46,87.75,212.50,-1,-1,-1,-1
235,7,1389.45,282.20,91.54,222.59,-1,-1,-1,-1
236,7,1388.89,291.47,93.85,218.85,-1,-1,-1,-1
237,7,1389.50,300.54,94.37,217.15,-1,-1,-1,-1
238,7,1389.87,316.71,94.81,211.81,-1,-1,-1,-1
239,7,1393.26,323.51,99.06,214.91,-1,-1,-1,-1
240,7,1396.00,331.90,94.95,214.39,-1,-1,-1,-1
241,7,1395.67,339.37,96.34,215.63,-1,-1,-1,-1
242,7,1396.72,345.88,95.37,218.24,-1,-1,-1,-1
243,7,1397.03,340.71,95.77,232.36,-1,-1,-1,-1
244,7,1403.31,360.95,94.98,220.87,-1,-1,-1,-1
245,7,1402.38,370.63,98.87,217.91,-1,-1,-1,-1
246,7,1403.82,377.16,97.15,221.39,-1,-1,-1,-1
247,7,1404.82,386.70,96.56,219.88,-1,-1,-1,-1
248,7,1405.68,394.85,94.96,219.66,-1,-1,-1,-1
249,7,1412.02,406.34,95.46,214.03,-1,-1,-1,-1
250,7,1414.22,425.56,92.71,205.42,-1,-1,-1,-1
230,8,1079.24,735.65,87.81,210.36,-1,-1,-1,-1
231,8,1079.44,742.49,86.20,208.36,-1,-1,-1,-1
232,8,1076.03,743.24,82.22,210.95,-1,-1,-1,-1
233,8,1074.73,747.97,81.19,211.46,-1,-1,-1,-1
234,8,1068.28,751.81,82.03,208.61,-1,-1,-1,-1
235,8,1066.49,756.65,81.96,210.06,-1,-1,-1,-1
236,8,1061.73,760.07,80.06,207.86,-1,-1,-1,-1
237,8,1060.42,761.80,81.66,208.65,-1,-1,-1,-1
238,8,1060.07,766.33,81.12,207.35,-1,-1,-1,-1
239,8,1059.75,767.33,80.24,209.33,-1,-1,-1,-1
240,8,1059.54,769.60,78.72,208.11,-1,-1,-1,-1
241,8,1058.41,773.17,80.10,210.00,-1,-1,-1,-1
242,8,1053.93,774.06,79.12,209.90,-1,-1,-1,-1
243,8,1049.92,776.48,83.09,208.14,-1,-1,-1,-1
244,8,1050.50,777.39,80.55,208.60,-1,-1,-1,-1
245,8,1049.51,777.79,81.59,208.77,-1,-1,-1,-1
246,8,1043.76,780.68,82.58,210.08,-1,-1,-1,-1
247,8,1043.45,781.30,81.85,210.50,-1,-1,-1,-1
248,8,1041.50,781.58,83.42,210.73,-1,-1,-1,-1
249,8,1041.82,781.58,81.09,210.86,-1,-1,-1,-1
250,8,1035.85,781.97,82.93,209.74,-1,-1,-1,-1
