1,1,1663.10,437.15,75.52,201.22,-1,-1,-1,-1
2,1,1660.81,442.51,77.89,202.83,-1,-1,-1,-1
3,1,1660.09,450.36,78.89,203.68,-1,-1,-1,-1
4,1,1659.85,458.95,76.82,204.61,-1,-1,-1,-1
5,1,1654.80,466.91,76.66,206.12,-1,-1,-1,-1
6,1,1652.98,476.27,78.04,203.80,-1,-1,-1,-1
7,1,1654.01,488.23,74.57,203.94,-1,-1,-1,-1
8,1,1652.62,495.64,75.73,204.83,-1,-1,-1,-1
9,1,1645.61,505.11,79.12,202.02,-1,-1,-1,-1
10,1,1647.02,513.90,75.25,200.90,-1,-1,-1,-1
11,1,1646.42,522.49,73.68,202.61,-1,-1,-1,-1
12,1,1644.94,529.45,74.77,205.15,-1,-1,-1,-1
13,1,1638.53,537.08,77.88,204.73,-1,-1,-1,-1
14,1,1639.59,546.15,73.82,204.98,-1,-1,-1,-1
15,1,1638.67,554.53,73.62,204.89,-1,-1,-1,-1
16,1,1635.42,561.19,78.28,206.29,-1,-1,-1,-1
17,1,1628.56,568.91,80.37,207.93,-1,-1,-1,-1
18,1,1627.72,577.83,80.95,207.01,-1,-1,-1,-1
19,1,1626.80,586.38,80.81,206.04,-1,-1,-1,-1
20,1,1625.59,591.88,81.84,209.52,-1,-1,-1,-1
21,1,1619.28,600.81,83.88,207.49,-1,-1,-1,-1
22,1,1618.97,609.52,82.56,206.64,-1,-1,-1,-1
23,1,1618.56,615.86,81.25,208.63,-1,-1,-1,-1
24,1,1618.03,620.93,81.71,212.47,-1,-1,-1,-1
25,1,1613.39,629.95,79.33,209.62,-1,-1,-1,-1
26,1,1612.56,636.99,80.19,210.34,-1,-1,-1,-1
27,1,1612.07,645.70,79.11,209.41,-1,-1,-1,-1
28,1,1610.99,648.50,79.12,211.48,-1,-1,-1,-1
29,1,1605.65,656.11,79.14,211.17,-1,-1,-1,-1
30,1,1603.37,665.02,80.95,209.24,-1,-1,-1,-1
31,1,1603.35,670.71,79.71,208.55,-1,-1,-1,-1
32,1,1596.62,677.66,80.65,208.66,-1,-1,-1,-1
33,1,1593.93,685.97,84.04,207.44,-1,-1,-1,-1
34,1,1594.82,690.01,82.05,207.99,-1,-1,-1,-1
35,1,1594.37,696.21,81.03,207.98,-1,-1,-1,-1
36,1,1592.28,701.30,84.32,208.92,-1,-1,-1,-1
37,1,1590.54,705.33,78.27,209.78,-1,-1,-1,-1
38,1,1588.29,713.42,80.02,207.16,-1,-1,-1,-1
39,1,1584.80,717.78,84.34,209.02,-1,-1,-1,-1
40,1,1585.15,721.44,82.69,209.02,-1,-1,-1,-1
41,1,1579.44,727.04,83.63,209.22,-1,-1,-1,-1
42,1,1577.88,734.21,84.09,207.24,-1,-1,-1,-1
43,1,1578.45,737.07,81.76,206.96,-1,-1,-1,-1
44,1,1578.53,741.69,79.80,209.47,-1,-1,-1,-1
45,1,1575.12,744.47,77.32,208.05,-1,-1,-1,-1
46,1,1574.68,750.16,75.38,207.51,-1,-1,-1,-1
47,1,1573.45,753.18,76.11,206.48,-1,-1,-1,-1
48,1,1572.56,757.29,75.57,209.76,-1,-1,-1,-1
49,1,1565.64,758.65,78.73,210.54,-1,-1,-1,-1
50,1,1563.43,761.09,81.40,210.39,-1,-1,-1,-1
51,1,1563.24,765.78,80.92,208.77,-1,-1,-1,-1
52,1,1563.75,766.64,79.24,212.12,-1,-1,-1,-1
53,1,1561.89,768.80,80.74,210.46,-1,-1,-1,-1
54,1,1556.42,774.43,81.46,208.34,-1,-1,-1,-1
55,1,1555.49,775.14,80.34,209.76,-1,-1,-1,-1
56,1,1555.09,774.90,79.10,212.24,-1,-1,-1,-1
57,1,1550.48,775.57,78.44,212.61,-1,-1,-1,-1
58,1,1548.78,776.73,79.59,212.73,-1,-1,-1,-1
59,1,1546.39,776.53,81.01,213.50,-1,-1,-1,-1
60,1,1546.44,779.78,80.33,214.85,-1,-1,-1,-1
61,1,1542.82,779.51,77.95,215.24,-1,-1,-1,-1
62,1,1542.09,780.90,76.23,212.46,-1,-1,-1,-1
63,1,1541.72,781.26,75.41,212.09,-1,-1,-1,-1
64,1,1538.54,780.94,79.92,212.08,-1,-1,-1,-1
65,1,1532.40,780.04,82.10,213.57,-1,-1,-1,-1
66,1,1531.85,780.09,81.71,213.96,-1,-1,-1,-1
67,1,1529.68,780.75,83.28,212.01,-1,-1,-1,-1
68,1,1528.27,780.01,84.67,212.43,-1,-1,-1,-1
69,1,1522.54,775.94,86.15,213.58,-1,-1,-1,-1
70,1,1521.35,775.54,86.05,214.49,-1,-1,-1,-1
71,1,1521.27,774.63,85.16,214.94,-1,-1,-1,-1
72,1,1519.13,773.66,87.70,213.29,-1,-1,-1,-1
73,1,1518.92,772.44,87.10,213.60,-1,-1,-1,-1
74,1,1515.06,767.71,84.84,213.10,-1,-1,-1,-1
75,1,1512.20,765.61,86.80,214.01,-1,-1,-1,-1
76,1,1512.17,764.87,85.31,212.67,-1,-1,-1,-1
77,1,1510.58,760.98,87.65,212.05,-1,-1,-1,-1
78,1,1507.00,758.40,84.04,213.65,-1,-1,-1,-1
79,1,1503.61,755.37,87.36,214.28,-1,-1,-1,-1
80,1,1503.93,751.53,86.39,211.49,-1,-1,-1,-1
81,1,1503.08,748.94,87.38,211.34,-1,-1,-1,-1
82,1,1495.71,744.45,89.70,210.23,-1,-1,-1,-1
83,1,1495.90,741.55,86.88,210.52,-1,-1,-1,-1
84,1,1494.40,736.58,89.04,210.32,-1,-1,-1,-1
85,1,1489.95,733.25,86.98,211.77,-1,-1,-1,-1
86,1,1489.35,727.10,85.82,214.11,-1,-1,-1,-1
87,1,1489.00,723.98,85.50,213.47,-1,-1,-1,-1
88,1,1486.43,717.52,89.42,211.84,-1,-1,-1,-1
89,1,1486.48,712.83,87.94,210.72,-1,-1,-1,-1
90,1,1481.91,709.93,86.23,209.87,-1,-1,-1,-1
91,1,1480.27,701.98,87.16,211.32,-1,-1,-1,-1
92,1,1478.98,695.48,87.26,213.01,-1,-1,-1,-1
93,1,1479.58,691.70,86.19,213.82,-1,-1,-1,-1
94,1,1474.77,685.70,85.19,212.07,-1,-1,-1,-1
95,1,1473.25,678.74,84.66,211.94,-1,-1,-1,-1
96,1,1472.91,672.84,84.10,208.94,-1,-1,-1,-1
97,1,1467.18,668.71,84.12,210.55,-1,-1,-1,-1
98,1,1465.33,661.26,84.89,210.24,-1,-1,-1,-1
99,1,1464.56,653.58,85.30,210.12,-1,-1,-1,-1
100,1,1465.11,646.59,83.14,209.92,-1,-1,-1,-1
101,1,1463.58,638.72,85.97,210.56,-1,-1,-1,-1
102,1,1459.11,630.43,83.34,214.27,-1,-1,-1,-1
103,1,1458.37,625.05,82.79,210.05,-1,-1,-1,-1
104,1,1457.00,619.73,84.65,212.20,-1,-1,-1,-1
105,1,1454.93,612.06,87.89,212.27,-1,-1,-1,-1
106,1,1450.30,605.02,85.92,210.85,-1,-1,-1,-1
107,1,1448.24,598.59,86.43,206.49,-1,-1,-1,-1
108,1,1445.74,588.01,90.38,204.55,-1,-1,-1,-1
109,1,1442.15,582.67,85.77,207.57,-1,-1,-1,-1
110,1,1441.66,573.67,84.40,208.07,-1,-1,-1,-1
111,1,1440.65,565.53,85.12,208.26,-1,-1,-1,-1
112,1,1441.16,557.86,83.63,207.90,-1,-1,-1,-1
113,1,1435.09,551.28,83.60,205.09,-1,-1,-1,-1
114,1,1434.79,540.29,82.19,204.01,-1,-1,-1,-1
115,1,1434.52,531.47,82.45,205.17,-1,-1,-1,-1
116,1,1433.64,523.95,82.30,204.72,-1,-1,-1,-1
117,1,1431.87,515.71,85.44,202.36,-1,-1,-1,-1
118,1,1426.89,507.00,84.22,203.93,-1,-1,-1,-1
119,1,1426.25,499.21,82.79,202.69,-1,-1,-1,-1
120,1,1426.07,490.57,81.47,203.81,-1,-1,-1,-1
121,1,1419.95,481.00,83.07,204.83,-1,-1,-1,-1
122,1,1418.47,472.85,83.79,205.06,-1,-1,-1,-1
123,1,1416.03,463.53,86.38,204.98,-1,-1,-1,-1
124,1,1414.49,455.64,88.53,205.93,-1,-1,-1,-1
125,1,1408.27,447.44,89.81,204.51,-1,-1,-1,-1
126,1,1408.47,435.88,87.37,205.13,-1,-1,-1,-1
127,1,1408.32,431.75,86.92,204.60,-1,-1,-1,-1
128,1,1407.70,419.14,86.91,205.67,-1,-1,-1,-1
129,1,1400.55,408.09,88.11,209.50,-1,-1,-1,-1
130,1,1400.23,400.05,87.73,207.41,-1,-1,-1,-1
131,1,1398.17,390.64,89.73,209.54,-1,-1,-1,-1
132,1,1397.98,382.05,89.40,208.93,-1,-1,-1,-1
133,1,1391.56,373.36,90.14,209.80,-1,-1,-1,-1
134,1,1389.96,365.20,92.24,210.30,-1,-1,-1,-1
135,1,1388.24,356.58,94.53,211.07,-1,-1,-1,-1
136,1,1387.66,344.42,95.25,211.66,-1,-1,-1,-1
137,1,1386.44,335.80,97.04,212.33,-1,-1,-1,-1
138,1,1382.35,329.67,93.80,208.73,-1,-1,-1,-1
139,1,1382.30,321.43,90.57,207.23,-1,-1,-1,-1
140,1,1381.86,312.36,90.68,210.29,-1,-1,-1,-1
141,1,1381.05,304.20,91.11,210.20,-1,-1,-1,-1
142,1,1375.68,297.15,89.87,209.49,-1,-1,-1,-1
143,1,1376.06,288.69,87.54,209.58,-1,-1,-1,-1
144,1,1373.67,280.40,90.21,211.19,-1,-1,-1,-1
145,1,1373.40,271.42,90.43,212.07,-1,-1,-1,-1
146,1,1368.13,264.48,89.41,211.05,-1,-1,-1,-1
147,1,1365.79,255.57,91.11,211.72,-1,-1,-1,-1
148,1,1365.93,248.10,90.54,212.84,-1,-1,-1,-1
149,1,1365.24,238.09,90.91,216.15,-1,-1,-1,-1
150,1,1360.83,236.12,89.24,211.36,-1,-1,-1,-1
151,1,1359.36,227.62,89.19,212.88,-1,-1,-1,-1
152,1,1357.79,220.55,91.22,210.94,-1,-1,-1,-1
153,1,1356.87,213.14,91.47,212.32,-1,-1,-1,-1
154,1,1351.74,206.02,90.38,212.41,-1,-1,-1,-1
155,1,1351.87,198.05,87.66,215.11,-1,-1,-1,-1
156,1,1349.51,195.33,89.59,213.62,-1,-1,-1,-1
157,1,1344.91,188.46,89.50,212.86,-1,-1,-1,-1
158,1,1342.57,181.29,88.78,214.15,-1,-1,-1,-1
159,1,1342.92,174.48,87.54,213.01,-1,-1,-1,-1
160,1,1334.90,172.02,91.29,211.99,-1,-1,-1,-1
161,1,1333.87,164.57,90.67,214.27,-1,-1,-1,-1
162,1,1333.43,158.84,90.69,212.98,-1,-1,-1,-1
163,1,1327.74,155.56,91.04,212.24,-1,-1,-1,-1
164,1,1326.62,148.49,91.29,214.16,-1,-1,-1,-1
165,1,1328.19,143.96,87.90,211.32,-1,-1,-1,-1
166,1,1326.90,140.00,88.57,211.56,-1,-1,-1,-1
167,1,1327.08,134.06,87.41,211.90,-1,-1,-1,-1
168,1,1326.87,129.99,87.09,209.18,-1,-1,-1,-1
169,1,1321.55,126.71,87.59,209.92,-1,-1,-1,-1
170,1,1320.35,124.18,87.48,210.24,-1,-1,-1,-1
171,1,1318.70,118.53,87.62,209.31,-1,-1,-1,-1
172,1,1314.98,114.35,85.36,207.57,-1,-1,-1,-1
173,1,1313.46,112.86,85.38,206.09,-1,-1,-1,-1
174,1,1313.32,110.33,83.72,205.79,-1,-1,-1,-1
175,1,1312.25,105.58,83.13,206.99,-1,-1,-1,-1
176,1,1305.29,102.41,87.16,208.25,-1,-1,-1,-1
177,1,1302.22,101.01,91.13,208.26,-1,-1,-1,-1
178,1,1302.67,98.16,88.47,207.21,-1,-1,-1,-1
179,1,1301.54,95.54,88.50,207.04,-1,-1,-1,-1
180,1,1298.08,91.22,88.04,207.53,-1,-1,-1,-1
181,1,1297.82,91.55,85.57,206.75,-1,-1,-1,-1
182,1,1298.25,89.88,81.27,207.05,-1,-1,-1,-1
183,1,1291.93,87.67,84.62,208.38,-1,-1,-1,-1
184,1,1288.56,86.33,88.12,209.19,-1,-1,-1,-1
185,1,1287.52,85.44,88.84,208.89,-1,-1,-1,-1
186,1,1285.26,85.20,91.26,209.64,-1,-1,-1,-1
187,1,1286.92,85.89,87.06,208.46,-1,-1,-1,-1
188,1,1285.98,83.85,88.62,212.93,-1,-1,-1,-1
189,1,1280.99,84.29,89.03,211.45,-1,-1,-1,-1
190,1,1279.68,85.00,88.43,209.46,-1,-1,-1,-1
191,1,1279.84,84.37,86.70,210.92,-1,-1,-1,-1
192,1,1277.57,84.41,89.99,211.16,-1,-1,-1,-1
193,1,1273.28,84.74,88.88,211.86,-1,-1,-1,-1
194,1,1271.28,86.53,88.88,209.66,-1,-1,-1,-1
195,1,1273.52,89.44,84.69,207.10,-1,-1,-1,-1
196,1,1274.33,92.05,80.04,205.04,-1,-1,-1,-1
197,1,1269.07,91.60,81.29,206.19,-1,-1,-1,-1
198,1,1266.67,95.46,82.37,204.32,-1,-1,-1,-1
199,1,1267.64,98.14,79.14,204.99,-1,-1,-1,-1
200,1,1265.35,100.04,81.13,204.41,-1,-1,-1,-1
201,1,1262.84,103.70,77.84,206.29,-1,-1,-1,-1
202,1,1260.43,106.35,77.51,203.97,-1,-1,-1,-1
203,1,1260.76,109.94,76.21,206.80,-1,-1,-1,-1
204,1,1255.36,110.69,76.49,209.04,-1,-1,-1,-1
205,1,1256.38,113.33,73.89,208.76,-1,-1,-1,-1
206,1,1254.97,118.96,74.86,207.24,-1,-1,-1,-1
207,1,1252.62,121.79,76.51,206.85,-1,-1,-1,-1
208,1,1251.69,126.47,77.98,207.57,-1,-1,-1,-1
209,1,1246.00,130.46,78.38,205.03,-1,-1,-1,-1
210,1,1243.53,134.93,81.84,206.45,-1,-1,-1,-1
211,1,1241.91,138.76,82.78,207.47,-1,-1,-1,-1
212,1,1241.76,143.81,81.40,207.33,-1,-1,-1,-1
213,1,1238.46,150.76,78.45,206.87,-1,-1,-1,-1
214,1,1234.79,154.95,81.32,205.67,-1,-1,-1,-1
215,1,1234.22,159.52,80.78,207.23,-1,-1,-1,-1
216,1,1234.43,165.06,79.21,210.73,-1,-1,-1,-1
217,1,1228.26,172.02,81.94,211.09,-1,-1,-1,-1
218,1,1226.39,175.88,82.40,208.92,-1,-1,-1,-1
219,1,1226.83,180.12,80.02,212.52,-1,-1,-1,-1
220,1,1221.80,188.04,79.31,211.55,-1,-1,-1,-1
221,1,1220.70,196.87,80.37,208.64,-1,-1,-1,-1
222,1,1220.60,199.23,78.14,210.71,-1,-1,-1,-1
223,1,1218.23,205.52,81.31,212.01,-1,-1,-1,-1
224,1,1214.14,211.95,78.77,213.36,-1,-1,-1,-1
225,1,1211.30,221.14,82.39,208.88,-1,-1,-1,-1
226,1,1209.33,225.34,83.24,208.88,-1,-1,-1,-1
227,1,1209.67,231.03,82.59,212.56,-1,-1,-1,-1
228,1,1204.94,238.90,81.34,211.89,-1,-1,-1,-1
229,1,1202.55,248.28,82.63,209.92,-1,-1,-1,-1
230,1,1202.10,256.92,83.26,206.96,-1,-1,-1,-1
231,1,1203.14,263.31,80.07,209.19,-1,-1,-1,-1
232,1,1200.77,271.02,83.56,209.07,-1,-1,-1,-1
233,1,1194.02,280.96,85.10,205.88,-1,-1,-1,-1
234,1,1194.43,288.58,83.22,205.91,-1,-1,-1,-1
235,1,1194.53,295.15,81.12,207.78,-1,-1,-1,-1
236,1,1191.97,303.44,85.12,207.40,-1,-1,-1,-1
237,1,1186.78,310.90,84.61,208.52,-1,-1,-1,-1
238,1,1185.22,320.48,85.45,205.53,-1,-1,-1,-1
239,1,1185.54,328.74,83.14,207.06,-1,-1,-1,-1
240,1,1184.74,335.93,85.25,207.47,-1,-1,-1,-1
241,1,1179.70,344.56,83.81,205.75,-1,-1,-1,-1
242,1,1181.03,353.84,80.70,204.05,-1,-1,-1,-1
243,1,1178.35,361.37,82.81,207.95,-1,-1,-1,-1
244,1,1179.36,368.26,79.72,209.87,-1,-1,-1,-1
245,1,1178.58,377.74,79.59,207.72,-1,-1,-1,-1
246,1,1173.00,385.09,80.50,209.80,-1,-1,-1,-1
247,1,1170.47,398.24,83.23,208.32,-1,-1,-1,-1
248,1,1168.68,406.94,85.07,207.05,-1,-1,-1,-1
249,1,1168.94,416.99,82.97,205.01,-1,-1,-1,-1
250,1,1163.43,428.07,82.12,201.28,-1,-1,-1,-1
1,2,918.44,432.02,91.48,208.38,-1,-1,-1,-1
2,2,920.70,438.43,87.88,210.20,-1,-1,-1,-1
3,2,921.21,447.44,88.06,208.58,-1,-1,-1,-1
4,2,928.34,451.75,85.10,217.09,-1,-1,-1,-1
5,2,929.00,460.54,86.18,216.31,-1,-1,-1,-1
6,2,929.20,476.04,87.58,213.28,-1,-1,-1,-1
7,2,934.98,484.14,88.63,216.71,-1,-1,-1,-1
8,2,935.57,488.88,86.81,223.62,-1,-1,-1,-1
9,2,936.21,502.39,87.68,225.08,-1,-1,-1,-1
10,2,936.60,509.59,88.36,213.88,-1,-1,-1,-1
11,2,943.53,517.21,86.14,229.64,-1,-1,-1,-1
12,2,943.00,525.10,88.89,228.80,-1,-1,-1,-1
13,2,944.45,535.36,88.73,223.96,-1,-1,-1,-1
14,2,944.40,541.67,90.17,213.76,-1,-1,-1,-1
15,2,949.97,550.59,89.33,225.50,-1,-1,-1,-1
16,2,951.40,557.33,89.31,227.74,-1,-1,-1,-1
17,2,952.30,565.95,88.15,226.85,-1,-1,-1,-1
18,2,958.49,574.16,88.64,214.73,-1,-1,-1,-1
19,2,958.71,583.21,87.94,223.26,-1,-1,-1,-1
20,2,957.79,588.08,91.29,218.25,-1,-1,-1,-1
21,2,960.90,597.03,85.96,215.98,-1,-1,-1,-1
22,2,961.69,607.42,86.72,210.52,-1,-1,-1,-1
23,2,967.57,614.33,86.88,224.98,-1,-1,-1,-1
24,2,967.34,617.84,88.37,222.14,-1,-1,-1,-1
25,2,967.59,624.62,89.57,224.72,-1,-1,-1,-1
26,2,974.15,634.12,89.50,218.55,-1,-1,-1,-1
27,2,973.87,642.20,92.70,218.94,-1,-1,-1,-1
28,2,972.02,647.54,96.67,222.54,-1,-1,-1,-1
29,2,974.11,654.37,92.49,224.72,-1,-1,-1,-1
30,2,980.76,663.42,92.19,222.32,-1,-1,-1,-1
31,2,980.36,666.63,94.20,220.78,-1,-1,-1,-1
32,2,981.98,671.59,92.62,225.74,-1,-1,-1,-1
33,2,980.15,679.33,97.32,224.08,-1,-1,-1,-1
34,2,987.83,686.05,95.27,226.03,-1,-1,-1,-1
35,2,988.02,689.78,94.87,234.53,-1,-1,-1,-1
36,2,986.70,696.52,99.46,222.88,-1,-1,-1,-1
37,2,986.69,702.10,101.50,227.23,-1,-1,-1,-1
38,2,992.86,703.68,100.53,227.58,-1,-1,-1,-1
39,2,994.46,706.34,98.22,236.50,-1,-1,-1,-1
40,2,995.69,713.15,96.53,237.22,-1,-1,-1,-1
41,2,994.63,717.10,99.54,231.68,-1,-1,-1,-1
42,2,995.89,728.10,98.08,222.23,-1,-1,-1,-1
43,2,1001.71,728.56,99.24,226.99,-1,-1,-1,-1
44,2,1002.95,736.14,98.39,223.53,-1,-1,-1,-1
45,2,1003.74,735.65,99.01,227.88,-1,-1,-1,-1
46,2,1010.86,743.88,96.66,223.22,-1,-1,-1,-1
47,2,1014.39,747.47,91.46,231.37,-1,-1,-1,-1
48,2,1013.60,750.14,93.92,227.63,-1,-1,-1,-1
49,2,1013.88,751.96,94.30,225.40,-1,-1,-1,-1
50,2,1020.21,754.15,93.92,222.42,-1,-1,-1,-1
51,2,1020.21,761.25,95.03,219.13,-1,-1,-1,-1
52,2,1021.30,761.20,93.74,221.45,-1,-1,-1,-1
53,2,1022.80,760.89,92.24,224.05,-1,-1,-1,-1
54,2,1023.35,767.73,92.37,225.56,-1,-1,-1,-1
55,2,1029.42,768.59,90.96,225.14,-1,-1,-1,-1
56,2,1027.62,767.15,97.52,227.33,-1,-1,-1,-1
57,2,1030.41,774.14,92.28,225.78,-1,-1,-1,-1
58,2,1035.65,774.14,94.54,226.39,-1,-1,-1,-1
59,2,1034.81,775.57,97.98,223.20,-1,-1,-1,-1
60,2,1036.38,776.99,95.72,220.94,-1,-1,-1,-1
61,2,1038.17,772.70,93.78,230.08,-1,-1,-1,-1
62,2,1045.14,774.46,91.02,228.01,-1,-1,-1,-1
63,2,1045.63,774.74,91.54,227.57,-1,-1,-1,-1
64,2,1045.41,774.15,94.03,228.39,-1,-1,-1,-1
65,2,1044.56,775.01,96.77,225.78,-1,-1,-1,-1
66,2,1046.56,773.45,93.49,228.74,-1,-1,-1,-1
67,2,1051.78,776.09,95.32,224.19,-1,-1,-1,-1
68,2,1052.60,775.91,94.95,223.12,-1,-1,-1,-1
69,2,1053.39,774.00,94.87,226.57,-1,-1,-1,-1
70,2,1059.15,775.63,95.38,223.03,-1,-1,-1,-1
71,2,1059.81,767.76,94.98,226.42,-1,-1,-1,-1
72,2,1060.06,767.71,95.99,225.25,-1,-1,-1,-1
73,2,1060.69,765.93,96.11,228.80,-1,-1,-1,-1
74,2,1066.15,762.84,96.96,233.77,-1,-1,-1,-1
75,2,1064.06,758.14,103.46,227.64,-1,-1,-1,-1
76,2,1068.06,750.36,95.93,230.05,-1,-1,-1,-1
77,2,1070.42,751.99,93.00,225.39,-1,-1,-1,-1
78,2,1076.40,752.37,93.06,224.27,-1,-1,-1,-1
79,2,1076.30,750.44,94.94,225.64,-1,-1,-1,-1
80,2,1075.65,745.53,97.41,221.69,-1,-1,-1,-1
81,2,1077.66,743.41,93.82,223.18,-1,-1,-1,-1
82,2,1082.82,738.20,96.21,221.03,-1,-1,-1,-1
83,2,1082.56,737.65,98.90,219.65,-1,-1,-1,-1
84,2,1079.71,731.66,105.88,221.46,-1,-1,-1,-1
85,2,1080.69,731.54,105.19,219.59,-1,-1,-1,-1
86,2,1082.59,723.87,101.32,219.88,-1,-1,-1,-1
87,2,1091.17,721.96,95.98,218.51,-1,-1,-1,-1
88,2,1091.13,714.42,98.64,219.56,-1,-1,-1,-1
89,2,1090.04,706.27,100.61,224.74,-1,-1,-1,-1
90,2,1095.35,705.12,103.28,221.25,-1,-1,-1,-1
91,2,1097.89,697.96,99.67,221.42,-1,-1,-1,-1
92,2,1096.48,692.44,103.81,218.46,-1,-1,-1,-1
93,2,1097.29,689.39,103.87,218.46,-1,-1,-1,-1
94,2,1099.83,681.37,98.33,220.65,-1,-1,-1,-1
95,2,1106.32,673.50,97.33,222.79,-1,-1,-1,-1
96,2,1106.97,668.73,98.17,217.79,-1,-1,-1,-1
97,2,1107.81,666.71,97.23,216.01,-1,-1,-1,-1
98,2,1114.36,660.36,97.51,215.26,-1,-1,-1,-1
99,2,1115.87,650.95,94.88,218.92,-1,-1,-1,-1
100,2,1116.10,643.29,95.27,219.29,-1,-1,-1,-1
101,2,1115.83,637.86,97.91,215.16,-1,-1,-1,-1
102,2,1117.16,635.46,95.39,214.42,-1,-1,-1,-1
103,2,1124.04,627.67,94.14,215.63,-1,-1,-1,-1
104,2,1123.63,619.97,96.00,215.88,-1,-1,-1,-1
105,2,1124.57,610.38,96.06,220.40,-1,-1,-1,-1
106,2,1125.28,604.08,94.41,216.45,-1,-1,-1,-1
107,2,1130.04,594.46,98.11,219.84,-1,-1,-1,-1
108,2,1129.83,587.49,100.03,216.16,-1,-1,-1,-1
109,2,1129.29,581.91,102.29,212.32,-1,-1,-1,-1
110,2,1136.58,573.59,100.79,211.26,-1,-1,-1,-1
111,2,1137.16,563.94,100.10,216.37,-1,-1,-1,-1
112,2,1138.85,555.33,97.03,218.30,-1,-1,-1,-1
113,2,1141.14,547.79,93.87,216.55,-1,-1,-1,-1
114,2,1141.99,540.71,94.03,214.52,-1,-1,-1,-1
115,2,1141.91,531.44,95.06,216.19,-1,-1,-1,-1
116,2,1147.39,525.51,95.76,211.44,-1,-1,-1,-1
117,2,1148.95,514.98,94.50,216.08,-1,-1,-1,-1
118,2,1150.65,507.55,91.71,214.77,-1,-1,-1,-1
119,2,1158.21,500.83,89.12,212.12,-1,-1,-1,-1
120,2,1157.38,487.86,92.54,210.95,-1,-1,-1,-1
121,2,1155.81,481.76,96.70,206.00,-1,-1,-1,-1
122,2,1156.71,472.65,96.19,208.76,-1,-1,-1,-1
123,2,1158.04,463.25,93.38,209.90,-1,-1,-1,-1
124,2,1166.93,456.52,88.49,207.86,-1,-1,-1,-1
125,2,1167.03,448.13,90.74,205.40,-1,-1,-1,-1
126,2,1168.79,441.11,88.16,204.44,-1,-1,-1,-1
127,2,1175.06,433.02,87.67,205.83,-1,-1,-1,-1
128,2,1173.83,417.90,91.92,206.72,-1,-1,-1,-1
129,2,1173.60,407.33,93.34,210.10,-1,-1,-1,-1
130,2,1172.64,395.67,95.86,215.08,-1,-1,-1,-1
131,2,1180.05,385.16,93.73,220.90,-1,-1,-1,-1
132,2,1180.84,372.18,93.89,217.64,-1,-1,-1,-1
133,2,1180.56,371.03,96.14,215.99,-1,-1,-1,-1
134,2,1181.09,355.39,95.79,219.15,-1,-1,-1,-1
135,2,1188.15,347.50,94.06,219.05,-1,-1,-1,-1
136,2,1185.75,341.02,99.88,216.05,-1,-1,-1,-1
137,2,1186.21,332.90,99.87,216.09,-1,-1,-1,-1
138,2,1187.77,326.67,97.38,213.45,-1,-1,-1,-1
139,2,1186.81,318.74,100.50,212.44,-1,-1,-1,-1
140,2,1191.09,311.95,104.43,211.24,-1,-1,-1,-1
141,2,1194.03,302.28,99.87,213.97,-1,-1,-1,-1
142,2,1196.77,304.31,96.15,205.61,-1,-1,-1,-1
143,2,1203.08,297.95,96.17,202.17,-1,-1,-1,-1
144,2,1202.98,289.21,97.57,203.61,-1,-1,-1,-1
145,2,1203.77,280.78,96.84,204.27,-1,-1,-1,-1
146,2,1203.06,272.73,99.25,205.21,-1,-1,-1,-1
147,2,1204.93,255.25,96.17,212.63,-1,-1,-1,-1
148,2,1211.77,255.76,94.73,207.48,-1,-1,-1,-1
149,2,1211.82,245.93,96.05,210.28,-1,-1,-1,-1
150,2,1212.68,238.93,95.24,209.47,-1,-1,-1,-1
151,2,1213.81,230.43,94.83,211.55,-1,-1,-1,-1
152,2,1220.47,223.84,93.09,208.97,-1,-1,-1,-1
153,2,1222.79,216.18,89.49,209.93,-1,-1,-1,-1
154,2,1224.69,208.67,88.45,209.99,-1,-1,-1,-1
155,2,1224.54,204.86,90.00,212.36,-1,-1,-1,-1
156,2,1229.71,198.56,90.22,211.80,-1,-1,-1,-1
157,2,1230.09,198.19,90.89,207.85,-1,-1,-1,-1
158,2,1231.31,188.47,89.97,210.90,-1,-1,-1,-1
159,2,1230.90,181.57,91.30,209.61,-1,-1,-1,-1
160,2,1237.24,175.75,90.22,209.27,-1,-1,-1,-1
161,2,1238.01,171.16,92.17,206.37,-1,-1,-1,-1
162,2,1238.68,167.09,91.62,206.62,-1,-1,-1,-1
163,2,1239.15,161.50,92.79,204.66,-1,-1,-1,-1
164,2,1246.63,154.56,89.18,206.96,-1,-1,-1,-1
165,2,1245.79,151.16,91.69,206.94,-1,-1,-1,-1
166,2,1246.32,144.79,91.49,207.48,-1,-1,-1,-1
167,2,1247.87,142.44,90.77,207.04,-1,-1,-1,-1
168,2,1253.78,136.97,89.25,204.47,-1,-1,-1,-1
169,2,1255.70,129.10,87.49,207.84,-1,-1,-1,-1
170,2,1254.55,126.98,89.77,207.84,-1,-1,-1,-1
171,2,1256.48,120.81,87.34,208.24,-1,-1,-1,-1
172,2,1256.38,118.35,87.56,207.38,-1,-1,-1,-1
173,2,1259.12,114.08,83.10,205.69,-1,-1,-1,-1
174,2,1260.69,113.80,79.52,202.82,-1,-1,-1,-1
175,2,1264.33,104.91,72.45,207.38,-1,-1,-1,-1
176,2,1264.39,103.39,71.49,205.30,-1,-1,-1,-1
177,2,1267.10,96.92,67.02,208.10,-1,-1,-1,-1
178,2,1266.52,95.92,68.59,206.57,-1,-1,-1,-1
179,2,1265.29,89.82,68.46,207.04,-1,-1,-1,-1
180,2,1263.90,87.92,69.66,207.49,-1,-1,-1,-1
181,2,1265.10,87.15,66.96,208.49,-1,-1,-1,-1
182,2,1267.12,88.48,64.64,205.65,-1,-1,-1,-1
183,2,1270.66,88.35,57.76,192.22,-1,-1,-1,-1
195,3,1343.28,87.42,59.96,211.96,-1,-1,-1,-1
196,3,1340.96,95.48,64.83,205.69,-1,-1,-1,-1
197,3,1340.60,95.56,63.80,206.24,-1,-1,-1,-1
198,3,1341.49,96.32,63.85,207.19,-1,-1,-1,-1
199,3,1339.75,103.06,64.09,205.15,-1,-1,-1,-1
200,3,1339.88,104.00,66.51,206.15,-1,-1,-1,-1
201,3,1336.42,103.03,73.59,211.34,-1,-1,-1,-1
202,3,1339.11,101.74,79.17,215.77,-1,-1,-1,-1
203,3,1337.56,108.86,81.44,211.69,-1,-1,-1,-1
204,3,1331.69,113.15,82.57,207.78,-1,-1,-1,-1
205,3,1330.08,118.48,87.16,207.44,-1,-1,-1,-1
206,3,1326.59,119.94,93.22,208.49,-1,-1,-1,-1
207,3,1328.22,125.76,89.73,208.63,-1,-1,-1,-1
208,3,1328.59,127.83,90.20,206.93,-1,-1,-1,-1
209,3,1334.79,130.74,89.54,206.28,-1,-1,-1,-1
210,3,1335.11,135.83,91.10,208.32,-1,-1,-1,-1
211,3,1334.76,143.64,93.56,206.94,-1,-1,-1,-1
212,3,1335.16,145.31,92.60,207.42,-1,-1,-1,-1
213,3,1342.29,152.10,91.48,207.00,-1,-1,-1,-1
214,3,1344.20,157.91,88.73,208.43,-1,-1,-1,-1
215,3,1348.25,159.14,92.69,211.29,-1,-1,-1,-1
216,3,1346.79,165.30,98.26,211.88,-1,-1,-1,-1
217,3,1347.26,171.12,97.54,215.01,-1,-1,-1,-1
218,3,1348.41,173.09,96.92,216.22,-1,-1,-1,-1
219,3,1349.14,177.94,95.92,219.39,-1,-1,-1,-1
220,3,1354.60,187.97,97.36,215.59,-1,-1,-1,-1
221,3,1355.46,196.79,96.84,212.34,-1,-1,-1,-1
222,3,1354.43,196.98,101.50,217.11,-1,-1,-1,-1
223,3,1353.73,205.43,102.54,213.28,-1,-1,-1,-1
224,3,1355.10,211.23,99.95,215.60,-1,-1,-1,-1
225,3,1364.62,222.61,94.04,209.18,-1,-1,-1,-1
226,3,1364.81,228.77,96.50,212.24,-1,-1,-1,-1
227,3,1370.91,229.21,96.26,216.57,-1,-1,-1,-1
228,3,1371.51,238.59,95.99,212.96,-1,-1,-1,-1
229,3,1372.73,245.79,95.00,214.79,-1,-1,-1,-1
230,3,1373.68,256.07,95.05,208.72,-1,-1,-1,-1
231,3,1379.48,263.39,95.53,209.76,-1,-1,-1,-1
232,3,1380.18,271.95,95.16,208.76,-1,-1,-1,-1
233,3,1380.91,279.27,94.26,209.42,-1,-1,-1,-1
234,3,1380.90,287.81,96.40,208.30,-1,-1,-1,-1
235,3,1380.92,295.33,96.23,209.82,-1,-1,-1,-1
236,3,1386.91,299.92,96.26,214.34,-1,-1,-1,-1
237,3,1388.00,309.74,96.60,211.24,-1,-1,-1,-1
238,3,1389.58,321.03,95.89,205.39,-1,-1,-1,-1
239,3,1389.08,328.00,96.01,208.44,-1,-1,-1,-1
240,3,1394.77,332.96,96.09,213.14,-1,-1,-1,-1
241,3,1396.00,342.24,95.07,210.69,-1,-1,-1,-1
242,3,1397.26,349.37,94.27,212.18,-1,-1,-1,-1
243,3,1396.91,355.11,96.42,216.37,-1,-1,-1,-1
244,3,1402.85,365.47,96.86,213.89,-1,-1,-1,-1
245,3,1404.62,370.48,93.49,218.91,-1,-1,-1,-1
246,3,1404.33,379.08,96.80,218.05,-1,-1,-1,-1
247,3,1403.99,388.88,97.93,216.74,-1,-1,-1,-1
248,3,1405.34,395.36,95.11,218.73,-1,-1,-1,-1
249,3,1411.82,406.16,95.77,214.52,-1,-1,-1,-1
250,3,1413.83,425.18,94.06,206.20,-1,-1,-1,-1
