1,1,1320.38,439.46,86.78,208.29,-1,-1,-1,-1
2,1,1317.75,438.28,92.67,209.23,-1,-1,-1,-1
3,1,1321.09,441.62,86.30,222.50,-1,-1,-1,-1
4,1,1320.58,463.82,87.24,206.06,-1,-1,-1,-1
5,1,1319.44,469.97,87.36,209.66,-1,-1,-1,-1
6,1,1314.87,478.90,85.55,210.66,-1,-1,-1,-1
7,1,1316.82,492.33,81.27,215.55,-1,-1,-1,-1
8,1,1315.95,510.87,82.13,210.45,-1,-1,-1,-1
9,1,1315.97,517.63,80.39,213.01,-1,-1,-1,-1
10,1,1312.50,522.93,85.52,217.98,-1,-1,-1,-1
11,1,1311.50,532.66,88.54,245.81,-1,-1,-1,-1
12,1,1301.30,542.97,95.20,225.37,-1,-1,-1,-1
13,1,1302.93,550.98,88.98,240.34,-1,-1,-1,-1
14,1,1301.23,559.48,91.94,241.42,-1,-1,-1,-1
15,1,1294.55,568.13,92.07,224.61,-1,-1,-1,-1
16,1,1292.75,574.03,92.12,214.52,-1,-1,-1,-1
17,1,1287.52,588.23,90.91,215.14,-1,-1,-1,-1
18,1,1287.65,597.40,87.75,210.61,-1,-1,-1,-1
19,1,1279.78,611.16,90.54,218.23,-1,-1,-1,-1
20,1,1279.52,613.74,88.13,214.54,-1,-1,-1,-1
21,1,1272.40,620.45,87.89,216.42,-1,-1,-1,-1
22,1,1272.26,634.18,86.64,221.09,-1,-1,-1,-1
23,1,1263.83,644.00,88.64,212.65,-1,-1,-1,-1
24,1,1255.93,644.75,89.27,228.02,-1,-1,-1,-1
25,1,1254.40,656.39,89.42,222.69,-1,-1,-1,-1
26,1,1247.62,666.82,89.11,218.02,-1,-1,-1,-1
27,1,1236.17,668.67,96.80,230.24,-1,-1,-1,-1
28,1,1236.29,670.63,94.06,276.13,-1,-1,-1,-1
29,1,1236.09,676.65,94.57,264.10,-1,-1,-1,-1
30,1,1235.64,681.24,96.51,252.94,-1,-1,-1,-1
1,2,915.39,34.56,66.47,204.40,-1,-1,-1,-1
2,2,905.86,44.43,71.16,202.89,-1,-1,-1,-1
3,2,895.18,44.55,72.73,201.30,-1,-1,-1,-1
4,2,882.81,47.96,79.31,205.71,-1,-1,-1,-1
5,2,873.65,43.14,82.33,204.43,-1,-1,-1,-1
6,2,860.90,43.51,81.60,204.17,-1,-1,-1,-1
7,2,852.45,42.95,80.58,205.15,-1,-1,-1,-1
8,2,844.12,42.97,79.54,204.35,-1,-1,-1,-1
9,2,831.89,50.17,84.10,205.61,-1,-1,-1,-1
10,2,825.10,49.62,82.22,204.65,-1,-1,-1,-1
11,2,812.07,57.95,80.53,203.73,-1,-1,-1,-1
12,2,804.53,55.67,80.10,205.03,-1,-1,-1,-1
13,2,795.24,59.23,79.32,203.01,-1,-1,-1,-1
14,2,787.31,65.36,77.87,203.44,-1,-1,-1,-1
15,2,779.19,71.98,77.51,206.33,-1,-1,-1,-1
16,2,765.33,68.79,79.23,201.74,-1,-1,-1,-1
17,2,758.32,73.39,76.68,204.81,-1,-1,-1,-1
18,2,748.13,81.06,77.87,205.67,-1,-1,-1,-1
19,2,740.93,88.84,76.39,205.23,-1,-1,-1,-1
20,2,732.88,90.67,77.27,204.41,-1,-1,-1,-1
21,2,723.75,102.80,80.07,208.11,-1,-1,-1,-1
22,2,713.67,98.54,82.75,204.87,-1,-1,-1,-1
23,2,704.59,106.69,84.37,206.42,-1,-1,-1,-1
24,2,698.47,110.39,80.86,208.52,-1,-1,-1,-1
25,2,689.60,108.87,81.77,210.81,-1,-1,-1,-1
26,2,675.65,122.04,83.24,207.56,-1,-1,-1,-1
27,2,666.53,133.47,83.86,208.22,-1,-1,-1,-1
28,2,659.70,129.11,83.43,206.38,-1,-1,-1,-1
29,2,651.04,136.41,84.81,207.34,-1,-1,-1,-1
30,2,642.49,138.99,85.37,218.07,-1,-1,-1,-1
31,2,636.30,154.53,92.20,215.87,-1,-1,-1,-1
32,2,630.50,159.78,93.11,221.05,-1,-1,-1,-1
33,2,623.58,171.84,90.41,213.65,-1,-1,-1,-1
34,2,623.88,167.35,85.43,213.51,-1,-1,-1,-1
35,2,617.35,187.88,83.10,212.48,-1,-1,-1,-1
36,2,611.64,196.56,78.94,211.85,-1,-1,-1,-1
37,2,605.69,200.92,77.06,207.72,-1,-1,-1,-1
38,2,600.44,213.41,72.66,199.52,-1,-1,-1,-1
39,2,591.48,218.97,75.57,199.86,-1,-1,-1,-1
40,2,584.23,228.80,74.27,196.73,-1,-1,-1,-1
41,2,581.03,235.89,76.31,202.56,-1,-1,-1,-1
42,2,574.63,241.28,75.67,202.29,-1,-1,-1,-1
43,2,571.19,257.65,78.44,205.53,-1,-1,-1,-1
44,2,562.91,255.27,84.20,207.74,-1,-1,-1,-1
45,2,561.45,263.08,82.07,206.62,-1,-1,-1,-1
46,2,555.59,280.53,81.36,204.44,-1,-1,-1,-1
47,2,553.83,279.83,82.28,206.52,-1,-1,-1,-1
48,2,547.78,303.47,82.03,206.03,-1,-1,-1,-1
49,2,546.10,302.11,82.28,207.85,-1,-1,-1,-1
50,2,543.49,313.49,85.28,208.86,-1,-1,-1,-1
51,2,541.34,328.04,78.67,207.81,-1,-1,-1,-1
52,2,538.70,334.56,80.96,208.51,-1,-1,-1,-1
53,2,534.99,349.43,77.75,210.74,-1,-1,-1,-1
54,2,534.79,350.31,74.71,209.51,-1,-1,-1,-1
55,2,532.39,363.98,79.44,213.80,-1,-1,-1,-1
56,2,531.75,365.97,79.21,215.37,-1,-1,-1,-1
57,2,528.79,379.87,83.79,217.69,-1,-1,-1,-1
58,2,524.09,385.92,83.07,220.52,-1,-1,-1,-1
59,2,523.57,388.45,83.09,217.09,-1,-1,-1,-1
60,2,522.64,397.59,84.62,215.60,-1,-1,-1,-1
61,2,522.27,410.67,85.50,220.20,-1,-1,-1,-1
62,2,521.25,428.07,87.02,213.92,-1,-1,-1,-1
63,2,520.84,436.52,87.96,213.27,-1,-1,-1,-1
64,2,520.86,439.20,88.28,211.86,-1,-1,-1,-1
65,2,523.98,457.21,83.25,219.85,-1,-1,-1,-1
66,2,525.90,471.12,79.20,211.06,-1,-1,-1,-1
67,2,527.48,474.18,85.45,207.75,-1,-1,-1,-1
68,2,530.34,487.99,82.41,210.54,-1,-1,-1,-1
69,2,529.61,497.53,84.16,206.23,-1,-1,-1,-1
70,2,533.25,512.87,78.99,208.43,-1,-1,-1,-1
71,2,537.60,521.52,81.53,206.47,-1,-1,-1,-1
72,2,537.57,535.87,82.65,209.63,-1,-1,-1,-1
73,2,538.46,540.02,82.77,203.68,-1,-1,-1,-1
74,2,537.97,551.83,86.85,209.32,-1,-1,-1,-1
75,2,541.85,553.56,90.18,208.92,-1,-1,-1,-1
76,2,545.77,572.11,85.25,213.97,-1,-1,-1,-1
77,2,549.85,585.04,89.06,209.37,-1,-1,-1,-1
78,2,552.05,588.42,87.52,212.32,-1,-1,-1,-1
79,2,552.54,598.86,90.11,211.95,-1,-1,-1,-1
80,2,559.64,605.34,87.98,215.72,-1,-1,-1,-1
81,2,562.28,613.41,86.19,213.00,-1,-1,-1,-1
82,2,568.53,622.78,87.67,212.39,-1,-1,-1,-1
83,2,575.33,636.55,87.35,211.88,-1,-1,-1,-1
84,2,578.44,639.01,85.42,209.07,-1,-1,-1,-1
85,2,586.39,652.09,82.38,214.42,-1,-1,-1,-1
86,2,593.57,662.99,83.48,210.54,-1,-1,-1,-1
87,2,595.73,665.67,83.14,221.14,-1,-1,-1,-1
88,2,604.33,676.88,80.08,213.21,-1,-1,-1,-1
89,2,610.18,678.97,82.98,225.04,-1,-1,-1,-1
90,2,615.36,685.32,87.90,227.44,-1,-1,-1,-1
91,2,624.57,685.37,85.46,229.17,-1,-1,-1,-1
92,2,630.45,696.25,90.46,242.11,-1,-1,-1,-1
93,2,632.97,708.21,100.66,232.84,-1,-1,-1,-1
94,2,636.53,711.50,97.38,225.61,-1,-1,-1,-1
95,2,647.44,715.46,89.26,231.33,-1,-1,-1,-1
96,2,656.09,719.07,88.72,242.63,-1,-1,-1,-1
97,2,674.15,736.93,80.06,222.64,-1,-1,-1,-1
98,2,678.92,746.29,77.57,218.58,-1,-1,-1,-1
99,2,684.77,756.70,80.13,213.59,-1,-1,-1,-1
100,2,690.23,759.98,83.65,211.49,-1,-1,-1,-1
101,2,699.57,757.45,80.49,212.95,-1,-1,-1,-1
102,2,706.79,760.58,82.40,210.11,-1,-1,-1,-1
103,2,713.89,767.25,85.16,212.85,-1,-1,-1,-1
104,2,720.11,773.58,89.32,211.72,-1,-1,-1,-1
105,2,727.69,775.71,89.98,210.62,-1,-1,-1,-1
106,2,734.16,781.06,93.30,216.72,-1,-1,-1,-1
107,2,740.86,788.53,96.50,214.43,-1,-1,-1,-1
108,2,755.87,794.24,93.67,218.41,-1,-1,-1,-1
109,2,762.59,804.73,97.67,213.08,-1,-1,-1,-1
110,2,771.64,803.31,94.88,215.28,-1,-1,-1,-1
111,2,781.27,806.52,93.93,213.30,-1,-1,-1,-1
112,2,788.17,807.32,96.25,211.05,-1,-1,-1,-1
113,2,797.84,812.66,94.00,216.53,-1,-1,-1,-1
114,2,810.82,823.38,97.00,211.35,-1,-1,-1,-1
115,2,820.56,814.13,94.50,213.96,-1,-1,-1,-1
116,2,826.79,822.53,99.24,215.45,-1,-1,-1,-1
117,2,840.94,830.02,99.39,217.75,-1,-1,-1,-1
118,2,851.58,831.52,94.07,209.53,-1,-1,-1,-1
119,2,859.66,830.73,95.53,218.73,-1,-1,-1,-1
120,2,870.27,822.44,91.11,213.23,-1,-1,-1,-1
121,2,878.74,829.87,92.77,214.67,-1,-1,-1,-1
122,2,885.83,830.98,94.87,211.49,-1,-1,-1,-1
123,2,899.37,831.05,94.97,212.62,-1,-1,-1,-1
124,2,908.21,836.16,94.22,215.04,-1,-1,-1,-1
125,2,915.95,837.53,95.95,214.86,-1,-1,-1,-1
126,2,925.17,837.30,94.89,212.51,-1,-1,-1,-1
127,2,940.20,828.80,92.80,214.49,-1,-1,-1,-1
128,2,947.87,835.05,95.69,218.51,-1,-1,-1,-1
129,2,957.13,830.30,93.45,212.02,-1,-1,-1,-1
130,2,965.81,821.22,93.57,214.49,-1,-1,-1,-1
131,2,977.41,829.34,99.50,213.54,-1,-1,-1,-1
132,2,987.74,829.92,94.98,211.36,-1,-1,-1,-1
133,2,997.90,820.15,91.15,215.55,-1,-1,-1,-1
134,2,1006.69,822.02,91.66,212.84,-1,-1,-1,-1
135,2,1015.72,821.41,91.02,210.63,-1,-1,-1,-1
136,2,1029.91,808.41,89.98,210.26,-1,-1,-1,-1
137,2,1039.07,814.92,90.63,209.79,-1,-1,-1,-1
138,2,1047.82,814.54,89.32,208.75,-1,-1,-1,-1
139,2,1057.53,810.02,86.36,206.86,-1,-1,-1,-1
140,2,1069.67,807.44,90.19,211.64,-1,-1,-1,-1
141,2,1079.04,791.42,89.09,223.57,-1,-1,-1,-1
142,2,1086.94,791.37,89.01,213.07,-1,-1,-1,-1
143,2,1094.21,780.79,91.85,217.22,-1,-1,-1,-1
144,2,1102.79,781.12,92.53,214.08,-1,-1,-1,-1
145,2,1108.63,780.49,96.41,214.48,-1,-1,-1,-1
146,2,1117.93,771.54,93.87,216.00,-1,-1,-1,-1
147,2,1126.03,765.29,93.09,215.19,-1,-1,-1,-1
148,2,1134.89,772.70,91.37,212.48,-1,-1,-1,-1
149,2,1146.41,766.82,84.72,210.82,-1,-1,-1,-1
150,2,1157.42,760.43,78.05,207.94,-1,-1,-1,-1
151,2,1171.45,745.26,78.76,219.02,-1,-1,-1,-1
152,2,1180.06,742.77,77.40,207.37,-1,-1,-1,-1
153,2,1183.48,738.40,75.89,206.19,-1,-1,-1,-1
154,2,1190.56,721.81,89.12,223.13,-1,-1,-1,-1
1,3,506.03,424.40,86.94,217.52,-1,-1,-1,-1
2,3,504.27,414.06,90.54,219.35,-1,-1,-1,-1
3,3,508.94,395.02,90.67,220.78,-1,-1,-1,-1
4,3,507.65,395.93,94.70,220.25,-1,-1,-1,-1
5,3,509.57,378.68,91.78,221.12,-1,-1,-1,-1
6,3,507.92,368.78,95.64,220.56,-1,-1,-1,-1
7,3,508.94,366.72,95.67,213.64,-1,-1,-1,-1
8,3,515.52,357.83,94.18,213.74,-1,-1,-1,-1
9,3,514.15,334.97,99.04,222.89,-1,-1,-1,-1
10,3,514.05,336.52,100.11,205.70,-1,-1,-1,-1
11,3,518.40,329.11,94.35,206.32,-1,-1,-1,-1
12,3,524.11,319.25,94.41,208.30,-1,-1,-1,-1
13,3,524.10,304.29,97.30,210.44,-1,-1,-1,-1
14,3,529.39,293.01,98.02,211.74,-1,-1,-1,-1
15,3,531.69,287.70,95.53,205.57,-1,-1,-1,-1
16,3,533.41,289.22,95.35,204.62,-1,-1,-1,-1
17,3,533.40,279.36,96.05,206.87,-1,-1,-1,-1
18,3,539.96,270.10,96.04,209.24,-1,-1,-1,-1
19,3,547.60,251.67,94.18,213.83,-1,-1,-1,-1
20,3,550.15,242.13,94.48,206.81,-1,-1,-1,-1
21,3,556.05,241.34,95.19,206.08,-1,-1,-1,-1
22,3,564.36,221.58,92.80,212.56,-1,-1,-1,-1
23,3,567.27,226.35,92.65,203.50,-1,-1,-1,-1
24,3,574.24,217.43,90.05,207.10,-1,-1,-1,-1
25,3,582.93,203.09,87.84,213.66,-1,-1,-1,-1
26,3,586.23,194.91,86.22,215.16,-1,-1,-1,-1
27,3,590.80,179.85,88.82,217.49,-1,-1,-1,-1
28,3,599.81,171.54,85.96,218.64,-1,-1,-1,-1
29,3,603.76,172.67,80.93,214.92,-1,-1,-1,-1
30,3,614.56,156.31,74.83,215.51,-1,-1,-1,-1
1,4,919.01,838.55,75.69,208.67,-1,-1,-1,-1
2,4,926.57,834.69,76.06,206.51,-1,-1,-1,-1
3,4,934.47,826.38,76.35,207.49,-1,-1,-1,-1
4,4,942.17,827.58,78.21,206.30,-1,-1,-1,-1
5,4,953.94,832.32,82.88,207.72,-1,-1,-1,-1
6,4,964.12,834.55,79.78,207.07,-1,-1,-1,-1
7,4,973.40,825.35,78.69,209.75,-1,-1,-1,-1
8,4,979.65,821.94,82.27,210.91,-1,-1,-1,-1
9,4,987.47,826.70,83.10,206.97,-1,-1,-1,-1
10,4,1001.37,831.37,84.38,208.04,-1,-1,-1,-1
11,4,1011.50,825.11,81.53,211.11,-1,-1,-1,-1
12,4,1018.15,812.93,85.80,211.12,-1,-1,-1,-1
13,4,1026.89,809.98,84.84,206.35,-1,-1,-1,-1
14,4,1040.60,814.07,84.94,208.71,-1,-1,-1,-1
15,4,1049.13,814.69,85.33,207.81,-1,-1,-1,-1
16,4,1058.72,797.71,83.08,212.96,-1,-1,-1,-1
17,4,1067.41,801.70,83.65,206.96,-1,-1,-1,-1
18,4,1081.08,798.50,83.31,210.69,-1,-1,-1,-1
19,4,1089.94,790.14,81.80,213.04,-1,-1,-1,-1
20,4,1097.97,789.28,82.07,211.80,-1,-1,-1,-1
21,4,1104.97,788.13,85.43,212.85,-1,-1,-1,-1
22,4,1112.50,781.64,87.13,212.36,-1,-1,-1,-1
23,4,1120.52,776.51,87.50,210.99,-1,-1,-1,-1
24,4,1129.25,758.34,86.01,212.63,-1,-1,-1,-1
25,4,1138.46,757.29,84.67,211.98,-1,-1,-1,-1
26,4,1147.11,758.47,82.61,207.20,-1,-1,-1,-1
27,4,1155.29,748.74,81.61,211.01,-1,-1,-1,-1
28,4,1164.02,746.76,78.97,206.34,-1,-1,-1,-1
29,4,1169.11,733.16,83.95,211.80,-1,-1,-1,-1
30,4,1177.04,727.25,84.41,213.03,-1,-1,-1,-1
31,4,1181.91,712.61,91.22,220.73,-1,-1,-1,-1
32,4,1189.28,709.65,92.11,214.21,-1,-1,-1,-1
33,4,1195.11,705.85,95.27,216.72,-1,-1,-1,-1
34,4,1195.74,695.44,97.09,222.43,-1,-1,-1,-1
35,4,1202.30,690.69,97.72,220.70,-1,-1,-1,-1
36,4,1211.27,688.64,95.54,221.35,-1,-1,-1,-1
37,4,1220.03,675.27,95.24,220.30,-1,-1,-1,-1
38,4,1220.33,675.57,97.34,214.00,-1,-1,-1,-1
39,4,1235.68,658.97,94.95,217.22,-1,-1,-1,-1
40,4,1236.44,662.41,96.79,207.92,-1,-1,-1,-1
41,4,1246.22,643.36,91.76,218.51,-1,-1,-1,-1
42,4,1255.20,639.51,88.11,210.24,-1,-1,-1,-1
43,4,1257.84,630.01,86.07,212.63,-1,-1,-1,-1
44,4,1264.73,623.31,85.43,212.16,-1,-1,-1,-1
45,4,1265.48,604.52,87.39,211.96,-1,-1,-1,-1
46,4,1270.34,598.04,90.28,208.96,-1,-1,-1,-1
47,4,1273.57,590.67,86.90,209.14,-1,-1,-1,-1
48,4,1279.88,590.01,86.81,208.80,-1,-1,-1,-1
49,4,1283.25,576.58,83.27,209.51,-1,-1,-1,-1
50,4,1290.25,566.62,81.36,208.95,-1,-1,-1,-1
51,4,1292.31,550.60,80.11,207.70,-1,-1,-1,-1
52,4,1292.13,553.39,82.42,203.16,-1,-1,-1,-1
53,4,1297.96,543.57,82.73,205.80,-1,-1,-1,-1
54,4,1300.31,531.05,81.14,206.21,-1,-1,-1,-1
55,4,1301.37,524.24,80.14,203.63,-1,-1,-1,-1
56,4,1306.06,511.03,81.20,207.43,-1,-1,-1,-1
57,4,1307.76,495.39,79.99,206.93,-1,-1,-1,-1
58,4,1306.01,481.90,84.37,204.21,-1,-1,-1,-1
59,4,1307.06,473.90,82.22,205.70,-1,-1,-1,-1
60,4,1306.24,472.49,85.58,204.43,-1,-1,-1,-1
61,4,1308.39,452.58,81.69,210.64,-1,-1,-1,-1
62,4,1308.17,448.80,82.89,204.54,-1,-1,-1,-1
63,4,1312.80,430.20,83.55,209.57,-1,-1,-1,-1
64,4,1307.04,432.41,85.08,203.51,-1,-1,-1,-1
65,4,1308.28,423.49,82.57,205.99,-1,-1,-1,-1
66,4,1307.92,398.77,82.29,209.02,-1,-1,-1,-1
67,4,1307.25,391.67,83.77,207.79,-1,-1,-1,-1
68,4,1306.98,384.59,83.91,205.22,-1,-1,-1,-1
69,4,1304.53,367.40,86.35,210.28,-1,-1,-1,-1
70,4,1301.78,362.14,90.82,206.81,-1,-1,-1,-1
71,4,1302.56,350.05,89.16,207.78,-1,-1,-1,-1
72,4,1296.58,343.27,89.88,207.67,-1,-1,-1,-1
73,4,1294.46,329.36,91.14,208.71,-1,-1,-1,-1
74,4,1294.30,329.30,89.78,205.66,-1,-1,-1,-1
75,4,1293.07,318.61,91.57,209.20,-1,-1,-1,-1
76,4,1285.12,310.38,93.18,209.04,-1,-1,-1,-1
77,4,1285.04,293.23,91.12,212.39,-1,-1,-1,-1
78,4,1280.29,278.92,88.05,210.92,-1,-1,-1,-1
79,4,1277.90,271.92,90.18,208.70,-1,-1,-1,-1
80,4,1270.76,264.57,91.31,209.19,-1,-1,-1,-1
81,4,1263.53,264.49,91.45,208.63,-1,-1,-1,-1
82,4,1265.41,244.32,86.14,215.59,-1,-1,-1,-1
83,4,1256.91,238.84,88.68,208.54,-1,-1,-1,-1
84,4,1254.54,225.13,88.96,210.09,-1,-1,-1,-1
85,4,1247.71,223.05,89.03,206.85,-1,-1,-1,-1
86,4,1239.93,217.96,88.81,207.07,-1,-1,-1,-1
87,4,1235.30,199.73,84.71,211.12,-1,-1,-1,-1
88,4,1235.48,196.89,79.43,211.31,-1,-1,-1,-1
89,4,1227.76,188.15,82.95,213.44,-1,-1,-1,-1
90,4,1228.64,182.19,78.30,213.02,-1,-1,-1,-1
33,5,631.37,141.97,90.87,212.64,-1,-1,-1,-1
34,5,637.92,129.42,93.34,220.30,-1,-1,-1,-1
35,5,644.89,131.17,94.26,234.49,-1,-1,-1,-1
36,5,655.31,127.63,91.17,239.35,-1,-1,-1,-1
37,5,663.59,123.72,90.74,231.01,-1,-1,-1,-1
38,5,669.59,109.95,95.03,276.09,-1,-1,-1,-1
39,5,674.57,108.03,100.80,280.44,-1,-1,-1,-1
40,5,691.32,99.46,95.47,216.00,-1,-1,-1,-1
41,5,698.21,94.10,96.21,208.69,-1,-1,-1,-1
42,5,705.41,86.65,97.21,209.18,-1,-1,-1,-1
43,5,715.73,81.73,95.26,206.71,-1,-1,-1,-1
44,5,725.80,82.94,91.25,205.04,-1,-1,-1,-1
45,5,734.61,76.10,89.76,203.66,-1,-1,-1,-1
46,5,742.71,66.43,92.19,204.60,-1,-1,-1,-1
47,5,751.87,72.33,91.26,205.83,-1,-1,-1,-1
48,5,759.35,67.92,92.47,200.09,-1,-1,-1,-1
49,5,767.35,70.67,92.54,208.29,-1,-1,-1,-1
50,5,779.86,65.78,94.48,203.03,-1,-1,-1,-1
51,5,787.63,51.07,96.26,205.05,-1,-1,-1,-1
52,5,798.24,51.75,92.87,202.87,-1,-1,-1,-1
53,5,810.23,50.53,87.24,200.10,-1,-1,-1,-1
54,5,822.81,43.66,86.05,199.47,-1,-1,-1,-1
55,5,832.55,44.46,86.31,200.92,-1,-1,-1,-1
56,5,842.86,50.71,84.63,199.82,-1,-1,-1,-1
57,5,850.39,42.01,86.51,200.26,-1,-1,-1,-1
58,5,862.74,49.77,86.87,201.01,-1,-1,-1,-1
59,5,872.30,42.83,84.81,200.78,-1,-1,-1,-1
60,5,879.86,42.19,88.48,203.43,-1,-1,-1,-1
61,5,888.81,43.71,89.62,202.39,-1,-1,-1,-1
62,5,900.48,33.46,90.30,205.35,-1,-1,-1,-1
63,5,910.41,43.38,89.55,203.93,-1,-1,-1,-1
64,5,919.13,44.41,89.78,200.57,-1,-1,-1,-1
65,5,927.27,43.28,90.83,201.00,-1,-1,-1,-1
66,5,941.58,50.01,88.51,200.43,-1,-1,-1,-1
67,5,951.12,42.35,88.57,201.76,-1,-1,-1,-1
68,5,959.19,33.39,90.54,203.44,-1,-1,-1,-1
69,5,968.15,34.63,90.31,203.88,-1,-1,-1,-1
70,5,976.74,40.27,89.90,204.45,-1,-1,-1,-1
71,5,990.21,43.35,88.61,202.98,-1,-1,-1,-1
72,5,999.74,51.65,89.07,201.25,-1,-1,-1,-1
73,5,1005.63,56.29,94.50,203.72,-1,-1,-1,-1
74,5,1014.74,51.61,94.46,201.11,-1,-1,-1,-1
75,5,1029.29,58.82,89.99,202.63,-1,-1,-1,-1
76,5,1037.55,65.23,92.95,204.38,-1,-1,-1,-1
77,5,1047.99,74.76,89.45,200.82,-1,-1,-1,-1
78,5,1055.59,76.84,89.38,201.70,-1,-1,-1,-1
79,5,1061.59,67.43,95.84,204.21,-1,-1,-1,-1
80,5,1075.25,73.53,93.32,202.23,-1,-1,-1,-1
81,5,1085.79,76.21,90.88,200.12,-1,-1,-1,-1
82,5,1093.86,83.16,90.58,202.77,-1,-1,-1,-1
83,5,1102.88,82.23,90.23,206.88,-1,-1,-1,-1
84,5,1112.10,100.93,86.99,201.24,-1,-1,-1,-1
85,5,1120.25,107.60,87.26,198.66,-1,-1,-1,-1
86,5,1128.03,115.36,86.71,201.15,-1,-1,-1,-1
87,5,1135.93,109.77,88.39,198.85,-1,-1,-1,-1
88,5,1143.99,118.45,88.04,207.80,-1,-1,-1,-1
89,5,1150.69,119.89,90.86,209.70,-1,-1,-1,-1
90,5,1159.91,133.01,86.72,228.14,-1,-1,-1,-1
91,5,1165.21,126.07,94.46,244.38,-1,-1,-1,-1
92,5,1174.31,148.47,93.67,227.93,-1,-1,-1,-1
93,5,1180.90,145.93,94.46,219.62,-1,-1,-1,-1
94,5,1188.55,157.62,93.25,211.20,-1,-1,-1,-1
95,5,1190.60,164.91,94.92,214.63,-1,-1,-1,-1
96,5,1198.76,165.67,93.13,214.29,-1,-1,-1,-1
97,5,1204.49,179.77,95.33,214.46,-1,-1,-1,-1
98,5,1213.21,182.93,93.35,214.06,-1,-1,-1,-1
99,5,1220.44,198.75,92.92,212.09,-1,-1,-1,-1
100,5,1220.71,207.42,97.72,210.56,-1,-1,-1,-1
101,5,1228.57,215.56,95.25,206.84,-1,-1,-1,-1
102,5,1237.54,223.47,93.32,207.82,-1,-1,-1,-1
103,5,1245.65,232.35,90.08,206.86,-1,-1,-1,-1
104,5,1246.83,234.52,92.68,207.31,-1,-1,-1,-1
105,5,1251.86,248.90,94.69,205.78,-1,-1,-1,-1
106,5,1258.48,256.58,95.70,210.15,-1,-1,-1,-1
107,5,1260.64,271.03,96.67,205.92,-1,-1,-1,-1
108,5,1264.25,273.19,100.89,207.35,-1,-1,-1,-1
109,5,1267.80,274.34,98.14,206.85,-1,-1,-1,-1
110,5,1274.16,294.86,96.12,207.25,-1,-1,-1,-1
111,5,1274.84,304.26,99.57,202.69,-1,-1,-1,-1
112,5,1276.87,304.59,97.90,206.85,-1,-1,-1,-1
113,5,1283.57,319.95,95.31,205.33,-1,-1,-1,-1
114,5,1284.98,329.23,96.41,209.64,-1,-1,-1,-1
115,5,1291.01,334.23,96.02,209.59,-1,-1,-1,-1
116,5,1293.12,350.28,93.91,207.96,-1,-1,-1,-1
117,5,1295.33,362.48,92.09,204.48,-1,-1,-1,-1
118,5,1299.59,361.89,93.16,208.49,-1,-1,-1,-1
119,5,1301.91,377.67,90.62,209.36,-1,-1,-1,-1
120,5,1303.52,376.04,88.98,210.84,-1,-1,-1,-1
121,5,1300.53,391.03,93.82,213.08,-1,-1,-1,-1
122,5,1300.37,398.59,96.15,212.95,-1,-1,-1,-1
123,5,1301.98,418.52,93.74,205.05,-1,-1,-1,-1
124,5,1303.66,424.62,90.59,206.77,-1,-1,-1,-1
125,5,1304.42,435.32,90.14,203.34,-1,-1,-1,-1
126,5,1306.16,441.46,86.03,206.78,-1,-1,-1,-1
127,5,1303.73,450.51,90.84,205.97,-1,-1,-1,-1
128,5,1303.12,467.74,88.35,213.38,-1,-1,-1,-1
129,5,1302.07,473.29,90.39,210.78,-1,-1,-1,-1
130,5,1301.75,481.79,90.78,206.90,-1,-1,-1,-1
131,5,1303.00,494.59,87.98,211.30,-1,-1,-1,-1
132,5,1296.87,511.56,89.89,207.71,-1,-1,-1,-1
133,5,1296.63,514.01,89.79,205.67,-1,-1,-1,-1
134,5,1295.15,521.78,89.07,208.43,-1,-1,-1,-1
135,5,1293.08,531.33,91.47,217.54,-1,-1,-1,-1
136,5,1288.34,542.23,90.17,213.66,-1,-1,-1,-1
137,5,1287.49,556.29,88.27,215.07,-1,-1,-1,-1
138,5,1287.52,563.25,86.03,218.49,-1,-1,-1,-1
139,5,1282.28,566.10,85.59,214.12,-1,-1,-1,-1
140,5,1279.23,582.41,87.29,211.56,-1,-1,-1,-1
141,5,1273.17,598.03,88.14,212.28,-1,-1,-1,-1
142,5,1272.76,599.65,84.70,212.53,-1,-1,-1,-1
143,5,1266.06,604.53,86.66,214.96,-1,-1,-1,-1
144,5,1262.94,612.77,88.19,215.00,-1,-1,-1,-1
145,5,1258.22,623.48,85.07,222.97,-1,-1,-1,-1
146,5,1250.29,628.61,86.52,229.16,-1,-1,-1,-1
147,5,1248.88,641.23,86.40,221.08,-1,-1,-1,-1
148,5,1241.54,658.10,87.08,216.73,-1,-1,-1,-1
149,5,1237.80,659.83,90.85,280.64,-1,-1,-1,-1
150,5,1227.11,660.40,96.44,296.16,-1,-1,-1,-1
151,5,1218.51,671.38,101.04,271.74,-1,-1,-1,-1
152,5,1211.05,673.26,99.80,254.98,-1,-1,-1,-1
153,5,1202.21,685.89,100.18,259.51,-1,-1,-1,-1
154,5,1198.80,694.88,105.23,240.47,-1,-1,-1,-1
155,5,1192.79,704.81,102.50,226.34,-1,-1,-1,-1
156,5,1192.91,711.10,102.81,225.33,-1,-1,-1,-1
157,5,1192.74,705.27,103.67,228.52,-1,-1,-1,-1
158,5,1202.66,697.48,100.45,223.45,-1,-1,-1,-1
159,5,1211.99,692.87,96.43,228.44,-1,-1,-1,-1
160,5,1221.63,683.41,93.03,219.73,-1,-1,-1,-1
161,5,1231.92,683.65,89.76,214.59,-1,-1,-1,-1
162,5,1241.50,667.20,84.57,218.27,-1,-1,-1,-1
163,5,1250.75,664.55,81.69,207.28,-1,-1,-1,-1
164,5,1258.34,650.80,80.23,216.43,-1,-1,-1,-1
165,5,1260.13,648.68,82.06,209.76,-1,-1,-1,-1
166,5,1268.56,635.28,79.43,217.16,-1,-1,-1,-1
167,5,1275.10,633.36,80.16,208.94,-1,-1,-1,-1
168,5,1277.29,610.09,79.91,219.85,-1,-1,-1,-1
169,5,1283.91,608.90,79.56,209.30,-1,-1,-1,-1
170,5,1285.25,590.84,80.43,212.71,-1,-1,-1,-1
171,5,1291.97,585.29,79.51,208.11,-1,-1,-1,-1
172,5,1293.42,574.12,80.06,212.83,-1,-1,-1,-1
173,5,1300.96,567.65,77.29,211.04,-1,-1,-1,-1
174,5,1303.49,567.76,74.98,208.46,-1,-1,-1,-1
175,5,1309.04,555.56,75.66,214.17,-1,-1,-1,-1
176,5,1310.21,544.14,76.66,209.74,-1,-1,-1,-1
177,5,1310.34,528.35,79.11,209.34,-1,-1,-1,-1
178,5,1315.00,530.59,79.36,205.87,-1,-1,-1,-1
179,5,1316.55,514.52,79.25,217.45,-1,-1,-1,-1
180,5,1316.83,513.46,79.96,202.98,-1,-1,-1,-1
181,5,1320.06,504.62,74.69,204.03,-1,-1,-1,-1
182,5,1319.27,483.76,77.74,214.65,-1,-1,-1,-1
183,5,1324.62,479.49,75.82,206.76,-1,-1,-1,-1
184,5,1325.05,469.81,76.73,209.15,-1,-1,-1,-1
185,5,1324.85,452.98,77.92,215.13,-1,-1,-1,-1
186,5,1325.23,449.79,77.66,206.36,-1,-1,-1,-1
187,5,1324.84,431.01,79.56,212.89,-1,-1,-1,-1
188,5,1323.05,429.77,81.43,209.50,-1,-1,-1,-1
189,5,1324.79,407.21,79.47,225.16,-1,-1,-1,-1
190,5,1321.87,404.17,84.17,213.07,-1,-1,-1,-1
191,5,1319.48,382.31,88.64,227.53,-1,-1,-1,-1
192,5,1320.28,378.66,85.50,217.19,-1,-1,-1,-1
193,5,1320.44,373.92,84.65,215.54,-1,-1,-1,-1
194,5,1314.72,364.55,85.54,216.41,-1,-1,-1,-1
195,5,1312.99,342.90,86.90,226.89,-1,-1,-1,-1
196,5,1311.90,333.14,86.43,216.05,-1,-1,-1,-1
197,5,1306.06,333.96,86.78,212.29,-1,-1,-1,-1
198,5,1305.29,326.46,86.25,213.73,-1,-1,-1,-1
199,5,1303.21,310.18,87.48,225.75,-1,-1,-1,-1
200,5,1296.33,297.26,88.28,221.52,-1,-1,-1,-1
201,5,1293.95,292.72,91.08,214.39,-1,-1,-1,-1
202,5,1293.94,278.21,89.74,224.91,-1,-1,-1,-1
203,5,1287.01,277.02,90.22,210.97,-1,-1,-1,-1
204,5,1286.90,259.13,88.62,220.78,-1,-1,-1,-1
205,5,1278.76,252.15,90.79,217.50,-1,-1,-1,-1
206,5,1271.23,254.21,91.98,214.37,-1,-1,-1,-1
207,5,1269.03,242.67,92.90,221.26,-1,-1,-1,-1
208,5,1260.36,221.75,96.39,228.51,-1,-1,-1,-1
209,5,1255.66,219.48,103.20,214.72,-1,-1,-1,-1
210,5,1249.42,211.14,100.49,215.04,-1,-1,-1,-1
211,5,1241.89,201.08,100.49,219.10,-1,-1,-1,-1
212,5,1235.76,195.83,98.17,216.75,-1,-1,-1,-1
213,5,1230.81,188.41,93.00,218.32,-1,-1,-1,-1
214,5,1229.19,187.66,92.52,216.98,-1,-1,-1,-1
215,5,1220.11,168.77,97.06,222.37,-1,-1,-1,-1
216,5,1216.54,163.87,91.22,213.89,-1,-1,-1,-1
217,5,1210.64,161.51,85.29,216.44,-1,-1,-1,-1
218,5,1201.15,155.57,88.26,219.09,-1,-1,-1,-1
219,5,1196.33,148.63,92.75,215.94,-1,-1,-1,-1
220,5,1191.51,140.19,92.04,219.39,-1,-1,-1,-1
221,5,1184.15,131.72,89.73,220.48,-1,-1,-1,-1
222,5,1178.14,133.49,84.27,216.41,-1,-1,-1,-1
223,5,1170.70,116.04,85.51,214.83,-1,-1,-1,-1
224,5,1164.03,119.71,82.43,210.55,-1,-1,-1,-1
225,5,1155.20,104.94,83.32,208.53,-1,-1,-1,-1
226,5,1147.05,103.47,81.91,207.85,-1,-1,-1,-1
227,5,1138.91,99.44,82.82,204.03,-1,-1,-1,-1
228,5,1131.48,98.75,80.27,201.44,-1,-1,-1,-1
229,5,1121.71,98.02,83.47,202.89,-1,-1,-1,-1
230,5,1113.74,95.64,82.79,205.23,-1,-1,-1,-1
231,5,1104.67,80.35,85.15,207.17,-1,-1,-1,-1
232,5,1097.99,74.77,82.19,205.61,-1,-1,-1,-1
233,5,1085.41,75.17,80.66,204.05,-1,-1,-1,-1
234,5,1074.98,71.69,84.24,206.29,-1,-1,-1,-1
235,5,1066.58,73.82,83.32,204.15,-1,-1,-1,-1
236,5,1058.46,60.34,84.32,202.59,-1,-1,-1,-1
237,5,1050.49,56.26,81.31,203.77,-1,-1,-1,-1
238,5,1041.72,56.47,82.10,205.49,-1,-1,-1,-1
239,5,1033.40,49.29,81.80,204.25,-1,-1,-1,-1
240,5,1021.39,45.08,79.65,200.28,-1,-1,-1,-1
241,5,1014.25,50.79,74.67,201.10,-1,-1,-1,-1
242,5,1005.22,44.39,75.88,202.66,-1,-1,-1,-1
243,5,989.84,49.64,79.50,203.79,-1,-1,-1,-1
244,5,982.59,47.62,76.64,206.33,-1,-1,-1,-1
245,5,973.41,36.06,78.74,203.53,-1,-1,-1,-1
246,5,963.14,41.91,78.70,203.61,-1,-1,-1,-1
247,5,954.86,35.20,78.85,203.20,-1,-1,-1,-1
248,5,942.74,40.87,76.99,202.20,-1,-1,-1,-1
249,5,934.18,34.67,76.70,202.72,-1,-1,-1,-1
250,5,924.09,40.10,77.12,204.33,-1,-1,-1,-1
36,6,1172.57,735.36,77.91,208.51,-1,-1,-1,-1
37,6,1168.23,742.60,87.22,212.03,-1,-1,-1,-1
38,6,1160.72,757.43,86.45,210.75,-1,-1,-1,-1
39,6,1152.38,758.82,87.37,208.94,-1,-1,-1,-1
40,6,1142.97,761.95,90.35,204.99,-1,-1,-1,-1
41,6,1133.98,760.17,92.69,211.26,-1,-1,-1,-1
42,6,1125.04,770.71,95.08,219.10,-1,-1,-1,-1
43,6,1117.06,770.53,93.47,219.34,-1,-1,-1,-1
44,6,1107.91,775.33,95.97,222.70,-1,-1,-1,-1
45,6,1099.53,776.87,95.92,222.01,-1,-1,-1,-1
46,6,1090.88,782.60,96.72,224.49,-1,-1,-1,-1
47,6,1083.90,787.06,94.88,219.94,-1,-1,-1,-1
48,6,1076.23,798.09,94.00,214.00,-1,-1,-1,-1
49,6,1059.01,804.14,98.73,215.67,-1,-1,-1,-1
50,6,1049.91,804.64,100.61,214.91,-1,-1,-1,-1
51,6,1040.35,804.70,102.26,215.25,-1,-1,-1,-1
52,6,1034.41,806.85,98.45,226.63,-1,-1,-1,-1
53,6,1017.69,809.97,102.28,219.54,-1,-1,-1,-1
54,6,1012.79,817.26,96.29,221.51,-1,-1,-1,-1
55,6,1004.08,821.94,96.18,215.11,-1,-1,-1,-1
56,6,998.45,829.14,89.92,212.67,-1,-1,-1,-1
57,6,991.93,828.51,87.62,214.10,-1,-1,-1,-1
58,6,983.62,829.82,87.60,213.30,-1,-1,-1,-1
59,6,968.14,835.97,88.28,213.75,-1,-1,-1,-1
60,6,958.85,837.78,89.48,212.42,-1,-1,-1,-1
61,6,949.37,830.61,92.39,217.52,-1,-1,-1,-1
62,6,940.11,836.43,94.57,215.35,-1,-1,-1,-1
63,6,923.87,827.41,97.07,217.15,-1,-1,-1,-1
64,6,915.79,829.98,97.51,215.93,-1,-1,-1,-1
65,6,908.68,829.29,94.42,215.85,-1,-1,-1,-1
66,6,900.15,837.09,94.48,212.49,-1,-1,-1,-1
67,6,885.63,827.69,93.76,214.15,-1,-1,-1,-1
68,6,876.22,827.04,96.21,224.54,-1,-1,-1,-1
69,6,866.97,830.32,98.53,220.77,-1,-1,-1,-1
70,6,856.61,818.55,101.34,219.69,-1,-1,-1,-1
71,6,845.87,819.04,106.78,227.45,-1,-1,-1,-1
72,6,831.05,821.43,106.81,217.07,-1,-1,-1,-1
73,6,824.94,820.85,101.93,216.46,-1,-1,-1,-1
74,6,815.02,810.24,105.32,223.16,-1,-1,-1,-1
75,6,805.78,804.26,106.91,218.16,-1,-1,-1,-1
76,6,791.07,809.44,106.59,218.53,-1,-1,-1,-1
77,6,783.24,810.26,105.60,217.94,-1,-1,-1,-1
78,6,774.92,802.93,105.82,217.72,-1,-1,-1,-1
79,6,766.08,797.15,106.37,216.00,-1,-1,-1,-1
80,6,753.47,797.81,102.62,213.11,-1,-1,-1,-1
81,6,744.83,786.92,103.97,220.90,-1,-1,-1,-1
82,6,735.78,777.30,104.66,223.16,-1,-1,-1,-1
83,6,726.92,779.86,106.82,216.35,-1,-1,-1,-1
84,6,720.47,781.09,103.60,213.89,-1,-1,-1,-1
85,6,711.33,778.63,105.29,216.29,-1,-1,-1,-1
86,6,703.70,772.03,102.65,214.45,-1,-1,-1,-1
87,6,696.57,764.35,101.84,215.02,-1,-1,-1,-1
88,6,689.47,763.26,99.82,217.46,-1,-1,-1,-1
89,6,684.61,747.72,93.87,232.40,-1,-1,-1,-1
90,6,678.92,745.43,91.16,237.30,-1,-1,-1,-1
91,6,676.33,741.42,94.71,243.92,-1,-1,-1,-1
92,6,666.33,700.70,100.17,263.25,-1,-1,-1,-1
96,7,1176.31,132.91,70.61,214.97,-1,-1,-1,-1
97,7,1174.59,130.13,72.25,218.34,-1,-1,-1,-1
98,7,1167.52,126.92,72.99,222.57,-1,-1,-1,-1
99,7,1163.79,124.98,76.17,212.43,-1,-1,-1,-1
100,7,1153.67,118.26,81.64,208.30,-1,-1,-1,-1
101,7,1144.36,110.03,85.04,207.54,-1,-1,-1,-1
102,7,1131.71,109.34,83.63,208.94,-1,-1,-1,-1
103,7,1123.71,101.89,83.71,209.57,-1,-1,-1,-1
104,7,1116.21,94.44,82.80,208.91,-1,-1,-1,-1
105,7,1104.49,80.42,87.11,209.10,-1,-1,-1,-1
106,7,1097.07,77.53,88.72,210.67,-1,-1,-1,-1
107,7,1088.30,77.28,88.85,212.30,-1,-1,-1,-1
108,7,1077.09,78.54,92.54,210.38,-1,-1,-1,-1
109,7,1068.39,75.81,94.94,211.08,-1,-1,-1,-1
110,7,1059.25,68.62,95.55,213.22,-1,-1,-1,-1
111,7,1052.71,68.21,93.15,211.75,-1,-1,-1,-1
112,7,1037.16,61.16,96.71,210.32,-1,-1,-1,-1
113,7,1031.42,52.44,91.47,210.74,-1,-1,-1,-1
114,7,1023.05,44.94,89.94,210.55,-1,-1,-1,-1
115,7,1014.32,46.65,90.24,214.60,-1,-1,-1,-1
116,7,1000.15,41.23,91.24,209.50,-1,-1,-1,-1
117,7,996.00,45.12,83.78,211.69,-1,-1,-1,-1
118,7,985.82,38.12,85.55,211.47,-1,-1,-1,-1
119,7,977.54,31.97,85.23,210.81,-1,-1,-1,-1
120,7,967.26,35.26,86.85,212.58,-1,-1,-1,-1
121,7,952.24,31.49,90.71,209.17,-1,-1,-1,-1
122,7,946.01,29.63,87.03,210.29,-1,-1,-1,-1
123,7,936.39,28.64,88.24,211.84,-1,-1,-1,-1
124,7,926.44,29.15,88.86,212.14,-1,-1,-1,-1
125,7,916.88,27.21,90.61,212.48,-1,-1,-1,-1
126,7,908.56,29.19,82.68,211.87,-1,-1,-1,-1
127,7,897.84,31.73,83.85,210.17,-1,-1,-1,-1
128,7,888.98,28.78,83.69,212.47,-1,-1,-1,-1
129,7,874.97,37.26,85.11,212.13,-1,-1,-1,-1
130,7,865.08,37.10,87.90,209.68,-1,-1,-1,-1
131,7,855.45,36.15,89.27,211.94,-1,-1,-1,-1
132,7,848.17,31.28,87.26,213.60,-1,-1,-1,-1
133,7,836.29,43.82,83.18,212.89,-1,-1,-1,-1
134,7,826.96,45.43,84.43,210.97,-1,-1,-1,-1
135,7,816.75,37.91,87.25,211.09,-1,-1,-1,-1
136,7,807.70,50.46,87.04,214.44,-1,-1,-1,-1
137,7,797.29,47.60,89.99,211.77,-1,-1,-1,-1
138,7,789.74,51.17,89.12,213.32,-1,-1,-1,-1
139,7,780.19,60.29,82.83,213.01,-1,-1,-1,-1
140,7,770.64,59.98,83.29,212.01,-1,-1,-1,-1
141,7,762.69,55.28,82.55,213.86,-1,-1,-1,-1
142,7,752.34,62.05,84.40,213.54,-1,-1,-1,-1
143,7,740.23,71.22,84.12,213.95,-1,-1,-1,-1
144,7,731.28,71.70,85.14,211.36,-1,-1,-1,-1
145,7,720.32,75.46,88.27,213.28,-1,-1,-1,-1
146,7,711.55,85.47,88.06,216.79,-1,-1,-1,-1
147,7,706.08,91.18,85.71,212.75,-1,-1,-1,-1
148,7,697.81,97.38,85.76,216.83,-1,-1,-1,-1
149,7,688.98,100.05,87.07,212.00,-1,-1,-1,-1
150,7,678.54,108.67,89.72,216.79,-1,-1,-1,-1
151,7,671.66,106.95,88.36,214.41,-1,-1,-1,-1
152,7,656.60,112.68,88.57,220.71,-1,-1,-1,-1
153,7,648.52,120.79,88.71,218.73,-1,-1,-1,-1
154,7,639.19,132.60,90.28,217.65,-1,-1,-1,-1
155,7,633.21,134.75,88.93,214.33,-1,-1,-1,-1
156,7,629.03,144.10,90.45,224.47,-1,-1,-1,-1
157,7,621.76,147.47,92.53,219.11,-1,-1,-1,-1
158,7,614.18,149.07,94.12,215.30,-1,-1,-1,-1
159,7,610.63,164.07,86.40,213.96,-1,-1,-1,-1
160,7,603.59,171.25,83.53,216.93,-1,-1,-1,-1
161,7,602.00,174.94,81.03,211.69,-1,-1,-1,-1
162,7,595.92,189.66,80.95,216.93,-1,-1,-1,-1
163,7,590.65,197.51,77.42,208.36,-1,-1,-1,-1
164,7,581.90,204.97,78.34,212.34,-1,-1,-1,-1
165,7,573.25,212.58,79.62,210.75,-1,-1,-1,-1
166,7,564.78,215.97,81.27,209.99,-1,-1,-1,-1
167,7,564.37,223.60,79.96,212.64,-1,-1,-1,-1
168,7,563.29,233.73,78.61,207.96,-1,-1,-1,-1
169,7,555.97,253.02,79.53,209.78,-1,-1,-1,-1
170,7,554.65,257.47,80.40,207.91,-1,-1,-1,-1
171,7,545.78,269.76,82.53,207.95,-1,-1,-1,-1
172,7,539.28,271.21,83.51,206.71,-1,-1,-1,-1
173,7,539.56,281.08,80.48,208.92,-1,-1,-1,-1
174,7,538.91,286.39,80.38,209.06,-1,-1,-1,-1
175,7,533.05,304.21,79.84,211.04,-1,-1,-1,-1
176,7,531.96,315.07,80.42,205.51,-1,-1,-1,-1
177,7,529.28,321.41,83.74,209.49,-1,-1,-1,-1
178,7,524.04,335.71,82.90,205.94,-1,-1,-1,-1
179,7,524.27,343.74,80.89,208.50,-1,-1,-1,-1
180,7,521.48,353.16,83.96,209.00,-1,-1,-1,-1
181,7,518.98,365.22,87.02,211.48,-1,-1,-1,-1
182,7,511.80,372.91,90.82,209.74,-1,-1,-1,-1
183,7,513.21,376.92,86.46,207.92,-1,-1,-1,-1
184,7,512.05,387.99,86.65,218.53,-1,-1,-1,-1
185,7,513.45,397.67,85.15,209.15,-1,-1,-1,-1
186,7,516.21,406.36,78.55,211.77,-1,-1,-1,-1
187,7,515.77,422.04,79.18,211.25,-1,-1,-1,-1
188,7,511.69,437.54,85.60,209.59,-1,-1,-1,-1
189,7,515.26,442.30,79.96,207.61,-1,-1,-1,-1
190,7,513.27,446.91,83.18,207.13,-1,-1,-1,-1
191,7,513.91,460.11,82.19,214.27,-1,-1,-1,-1
192,7,515.50,466.74,80.06,206.41,-1,-1,-1,-1
193,7,514.34,482.47,83.02,205.53,-1,-1,-1,-1
194,7,517.61,491.80,77.70,205.18,-1,-1,-1,-1
195,7,519.74,500.47,75.32,203.13,-1,-1,-1,-1
196,7,523.53,514.56,77.53,204.05,-1,-1,-1,-1
197,7,524.73,528.19,77.02,204.03,-1,-1,-1,-1
198,7,526.89,529.83,75.56,202.90,-1,-1,-1,-1
199,7,526.25,536.49,79.04,203.80,-1,-1,-1,-1
200,7,530.80,551.71,79.78,211.81,-1,-1,-1,-1
201,7,533.58,561.67,78.72,208.71,-1,-1,-1,-1
202,7,538.93,573.63,79.78,209.99,-1,-1,-1,-1
203,7,539.22,577.84,82.79,203.67,-1,-1,-1,-1
204,7,541.09,584.79,80.52,205.02,-1,-1,-1,-1
205,7,545.76,600.34,82.59,208.74,-1,-1,-1,-1
206,7,547.62,603.87,82.89,203.51,-1,-1,-1,-1
207,7,553.62,623.26,84.75,206.65,-1,-1,-1,-1
208,7,561.28,627.05,83.11,206.25,-1,-1,-1,-1
209,7,562.98,632.63,83.70,205.97,-1,-1,-1,-1
210,7,570.22,639.97,82.54,206.23,-1,-1,-1,-1
211,7,570.88,647.99,83.36,208.13,-1,-1,-1,-1
212,7,579.66,658.73,79.95,206.90,-1,-1,-1,-1
213,7,586.35,672.87,81.86,203.55,-1,-1,-1,-1
214,7,591.26,683.83,75.74,202.89,-1,-1,-1,-1
215,7,598.66,693.97,73.31,208.92,-1,-1,-1,-1
216,7,605.61,691.82,74.67,231.34,-1,-1,-1,-1
217,7,611.28,699.29,66.40,234.66,-1,-1,-1,-1
97,8,621.05,690.13,91.69,267.71,-1,-1,-1,-1
98,8,614.19,681.55,91.70,285.21,-1,-1,-1,-1
99,8,613.32,671.91,91.40,288.26,-1,-1,-1,-1
100,8,603.65,670.50,95.11,306.70,-1,-1,-1,-1
101,8,593.36,670.88,101.27,274.52,-1,-1,-1,-1
102,8,586.89,651.93,99.32,280.23,-1,-1,-1,-1
102,9,591.41,652.65,89.06,213.73,-1,-1,-1,-1
103,9,580.65,646.00,95.31,227.25,-1,-1,-1,-1
104,9,580.39,637.25,94.07,212.97,-1,-1,-1,-1
105,9,571.37,629.32,98.96,229.18,-1,-1,-1,-1
106,9,569.25,628.39,100.13,216.55,-1,-1,-1,-1
107,9,562.98,614.37,97.96,225.56,-1,-1,-1,-1
108,9,558.81,605.14,92.35,228.51,-1,-1,-1,-1
109,9,555.40,595.32,96.14,231.74,-1,-1,-1,-1
110,9,544.31,581.26,103.04,228.10,-1,-1,-1,-1
111,9,539.96,583.13,98.53,225.89,-1,-1,-1,-1
112,9,541.29,572.22,94.34,216.93,-1,-1,-1,-1
113,9,540.74,558.64,94.52,225.91,-1,-1,-1,-1
114,9,533.59,547.79,95.50,217.94,-1,-1,-1,-1
115,9,534.17,549.00,91.51,212.84,-1,-1,-1,-1
116,9,535.66,534.19,86.99,225.96,-1,-1,-1,-1
117,9,530.42,523.01,85.48,217.98,-1,-1,-1,-1
118,9,529.16,511.20,87.65,212.14,-1,-1,-1,-1
119,9,528.72,511.37,87.39,210.61,-1,-1,-1,-1
120,9,526.16,502.28,90.42,212.03,-1,-1,-1,-1
121,9,524.58,478.07,92.43,214.94,-1,-1,-1,-1
122,9,523.70,467.08,94.51,218.35,-1,-1,-1,-1
123,9,518.80,465.55,92.89,220.83,-1,-1,-1,-1
124,9,518.47,455.11,91.79,225.85,-1,-1,-1,-1
125,9,518.40,445.93,92.57,227.87,-1,-1,-1,-1
126,9,516.94,439.29,93.79,223.94,-1,-1,-1,-1
127,9,517.36,421.28,92.91,229.13,-1,-1,-1,-1
128,9,517.58,399.63,93.44,226.54,-1,-1,-1,-1
129,9,516.34,391.47,96.19,226.70,-1,-1,-1,-1
130,9,516.17,382.60,96.65,228.35,-1,-1,-1,-1
131,9,513.18,371.78,103.80,218.59,-1,-1,-1,-1
132,9,520.17,359.87,101.43,226.96,-1,-1,-1,-1
133,9,521.68,360.16,100.11,224.45,-1,-1,-1,-1
134,9,521.73,351.53,100.96,224.82,-1,-1,-1,-1
135,9,520.21,340.55,105.23,217.36,-1,-1,-1,-1
136,9,529.36,331.77,100.16,215.53,-1,-1,-1,-1
137,9,529.73,323.37,100.42,217.79,-1,-1,-1,-1
138,9,530.06,316.88,100.63,216.70,-1,-1,-1,-1
139,9,537.09,308.30,100.92,217.40,-1,-1,-1,-1
140,9,539.07,298.48,99.10,217.40,-1,-1,-1,-1
141,9,548.51,277.75,92.75,215.61,-1,-1,-1,-1
142,9,549.17,280.18,93.99,210.05,-1,-1,-1,-1
143,9,556.27,270.46,94.19,213.42,-1,-1,-1,-1
144,9,558.87,254.86,91.39,212.75,-1,-1,-1,-1
145,9,565.40,255.12,91.80,207.00,-1,-1,-1,-1
146,9,567.26,247.34,91.34,209.92,-1,-1,-1,-1
147,9,573.41,229.92,92.48,214.44,-1,-1,-1,-1
148,9,578.42,231.32,97.04,208.50,-1,-1,-1,-1
149,9,580.11,221.83,95.87,210.05,-1,-1,-1,-1
150,9,588.90,204.66,93.80,214.90,-1,-1,-1,-1
151,9,595.72,206.56,94.39,209.62,-1,-1,-1,-1
152,9,599.17,187.84,90.98,216.85,-1,-1,-1,-1
153,9,606.67,187.81,88.29,215.68,-1,-1,-1,-1
154,9,608.92,171.26,85.53,215.71,-1,-1,-1,-1
159,10,1174.83,729.60,72.45,206.27,-1,-1,-1,-1
160,10,1166.03,739.74,74.32,202.02,-1,-1,-1,-1
161,10,1158.52,755.19,77.48,200.83,-1,-1,-1,-1
162,10,1155.61,756.87,77.35,200.44,-1,-1,-1,-1
163,10,1146.00,763.07,81.73,202.82,-1,-1,-1,-1
164,10,1130.31,771.20,86.03,204.26,-1,-1,-1,-1
165,10,1122.47,778.17,85.79,206.35,-1,-1,-1,-1
166,10,1114.08,778.70,85.96,205.83,-1,-1,-1,-1
167,10,1107.29,776.41,83.98,209.48,-1,-1,-1,-1
168,10,1097.27,792.93,87.40,206.70,-1,-1,-1,-1
169,10,1086.30,797.97,91.90,213.03,-1,-1,-1,-1
170,10,1076.16,789.13,95.86,214.18,-1,-1,-1,-1
171,10,1067.70,798.68,95.95,215.18,-1,-1,-1,-1
172,10,1059.58,806.18,95.76,212.03,-1,-1,-1,-1
173,10,1050.56,806.51,97.24,210.90,-1,-1,-1,-1
174,10,1038.84,815.06,91.77,208.10,-1,-1,-1,-1
175,10,1030.97,816.66,90.64,211.23,-1,-1,-1,-1
176,10,1022.59,816.34,91.27,207.91,-1,-1,-1,-1
177,10,1013.04,819.58,91.97,216.86,-1,-1,-1,-1
178,10,1003.85,820.84,94.26,218.24,-1,-1,-1,-1
179,10,987.33,820.93,98.12,218.01,-1,-1,-1,-1
180,10,978.45,821.95,99.80,217.99,-1,-1,-1,-1
181,10,973.14,829.62,94.15,225.40,-1,-1,-1,-1
182,10,964.10,835.95,93.79,221.93,-1,-1,-1,-1
183,10,954.69,830.00,96.73,218.99,-1,-1,-1,-1
184,10,940.41,830.06,97.01,227.15,-1,-1,-1,-1
185,10,930.77,829.88,98.75,223.82,-1,-1,-1,-1
186,10,919.95,829.32,103.59,218.16,-1,-1,-1,-1
187,10,906.95,828.38,100.43,223.41,-1,-1,-1,-1
188,10,896.29,829.37,104.99,230.61,-1,-1,-1,-1
189,10,887.89,838.34,105.00,230.13,-1,-1,-1,-1
190,10,880.60,830.08,103.01,221.78,-1,-1,-1,-1
191,10,871.17,831.54,105.33,232.95,-1,-1,-1,-1
192,10,861.00,831.05,109.34,223.65,-1,-1,-1,-1
193,10,848.99,835.93,103.46,233.07,-1,-1,-1,-1
194,10,841.72,828.49,101.05,232.46,-1,-1,-1,-1
195,10,832.88,822.03,101.31,224.18,-1,-1,-1,-1
196,10,824.68,825.09,101.27,221.85,-1,-1,-1,-1
197,10,810.49,820.47,101.33,232.86,-1,-1,-1,-1
198,10,800.93,820.97,102.15,221.25,-1,-1,-1,-1
199,10,790.58,817.01,105.29,217.32,-1,-1,-1,-1
200,10,778.30,820.04,101.19,220.44,-1,-1,-1,-1
201,10,769.36,815.34,102.82,214.53,-1,-1,-1,-1
202,10,760.71,815.12,102.45,211.62,-1,-1,-1,-1
203,10,754.87,807.01,98.28,212.55,-1,-1,-1,-1
204,10,747.43,799.60,95.68,209.81,-1,-1,-1,-1
205,10,737.08,792.30,99.58,209.35,-1,-1,-1,-1
206,10,725.46,789.79,95.05,210.77,-1,-1,-1,-1
207,10,718.14,782.31,93.89,210.88,-1,-1,-1,-1
208,10,708.85,782.20,95.27,211.88,-1,-1,-1,-1
209,10,701.97,775.28,93.57,212.37,-1,-1,-1,-1
210,10,694.11,775.78,92.92,210.28,-1,-1,-1,-1
211,10,683.93,771.23,95.90,213.42,-1,-1,-1,-1
212,10,675.95,761.76,96.12,217.36,-1,-1,-1,-1
213,10,668.20,758.72,95.35,213.29,-1,-1,-1,-1
214,10,661.12,741.40,95.18,229.56,-1,-1,-1,-1
215,10,654.24,736.03,93.44,224.24,-1,-1,-1,-1
216,10,644.86,738.38,95.51,233.41,-1,-1,-1,-1
217,10,636.56,735.02,95.88,223.96,-1,-1,-1,-1
218,10,625.40,726.24,101.39,224.03,-1,-1,-1,-1
219,10,618.10,719.04,100.96,223.40,-1,-1,-1,-1
220,10,617.49,712.57,99.32,225.82,-1,-1,-1,-1
221,10,608.19,708.29,101.94,229.99,-1,-1,-1,-1
222,10,604.08,699.03,97.32,235.99,-1,-1,-1,-1
223,10,603.40,677.68,95.11,261.61,-1,-1,-1,-1
224,10,588.47,671.11,97.04,273.82,-1,-1,-1,-1
225,10,672.03,758.89,86.03,211.55,-1,-1,-1,-1
226,10,672.47,761.67,89.44,205.32,-1,-1,-1,-1
227,10,686.36,766.25,88.96,207.92,-1,-1,-1,-1
228,10,695.24,766.29,87.86,209.08,-1,-1,-1,-1
229,10,702.12,773.37,90.34,216.01,-1,-1,-1,-1
230,10,711.96,788.11,86.29,212.29,-1,-1,-1,-1
231,10,721.25,781.63,85.22,212.41,-1,-1,-1,-1
232,10,727.83,782.93,88.61,209.09,-1,-1,-1,-1
233,10,738.63,791.56,83.61,212.24,-1,-1,-1,-1
234,10,746.64,793.40,84.75,209.63,-1,-1,-1,-1
235,10,761.31,806.17,82.77,213.17,-1,-1,-1,-1
236,10,769.86,802.04,82.28,208.50,-1,-1,-1,-1
237,10,778.59,813.84,80.88,210.21,-1,-1,-1,-1
238,10,786.48,814.74,81.61,210.21,-1,-1,-1,-1
239,10,793.95,814.34,84.23,210.43,-1,-1,-1,-1
240,10,803.72,815.48,81.95,210.63,-1,-1,-1,-1
241,10,811.96,823.37,82.66,213.40,-1,-1,-1,-1
242,10,825.67,832.37,83.40,207.33,-1,-1,-1,-1
243,10,835.56,835.16,81.06,204.80,-1,-1,-1,-1
244,10,843.80,826.56,82.07,211.22,-1,-1,-1,-1
245,10,852.56,832.98,81.09,208.98,-1,-1,-1,-1
246,10,865.66,840.00,82.28,210.01,-1,-1,-1,-1
247,10,875.72,826.77,80.07,207.23,-1,-1,-1,-1
248,10,883.57,831.77,81.96,210.99,-1,-1,-1,-1
249,10,890.70,832.53,84.22,208.17,-1,-1,-1,-1
250,10,905.34,834.36,83.13,207.28,-1,-1,-1,-1
159,11,674.35,131.64,67.74,219.07,-1,-1,-1,-1
160,11,678.58,127.35,74.50,226.32,-1,-1,-1,-1
161,11,678.28,130.80,78.56,220.05,-1,-1,-1,-1
162,11,673.69,112.09,86.61,222.65,-1,-1,-1,-1
163,11,678.65,110.45,91.07,224.24,-1,-1,-1,-1
164,11,684.01,101.24,97.06,215.08,-1,-1,-1,-1
165,11,693.06,100.39,96.08,215.27,-1,-1,-1,-1
166,11,706.19,94.74,97.10,209.93,-1,-1,-1,-1
167,11,713.98,91.32,97.19,217.37,-1,-1,-1,-1
168,11,721.83,85.43,97.05,211.79,-1,-1,-1,-1
169,11,730.94,79.57,95.99,211.97,-1,-1,-1,-1
170,11,738.34,78.48,96.70,209.74,-1,-1,-1,-1
171,11,748.18,77.29,93.78,214.67,-1,-1,-1,-1
172,11,756.32,80.27,94.88,204.69,-1,-1,-1,-1
173,11,765.19,66.72,95.96,205.41,-1,-1,-1,-1
174,11,772.98,55.85,95.02,211.58,-1,-1,-1,-1
175,11,783.88,64.45,90.91,208.93,-1,-1,-1,-1
176,11,799.21,56.08,86.58,207.69,-1,-1,-1,-1
177,11,807.04,56.98,88.07,209.43,-1,-1,-1,-1
178,11,817.38,48.24,86.28,208.97,-1,-1,-1,-1
179,11,823.32,48.80,90.59,206.63,-1,-1,-1,-1
180,11,832.79,41.76,89.58,207.18,-1,-1,-1,-1
181,11,846.28,39.23,88.83,209.64,-1,-1,-1,-1
182,11,854.95,41.85,89.46,206.86,-1,-1,-1,-1
183,11,863.47,41.11,90.56,205.37,-1,-1,-1,-1
184,11,871.25,39.45,91.61,206.27,-1,-1,-1,-1
185,11,885.77,41.77,90.15,201.69,-1,-1,-1,-1
186,11,894.92,39.62,89.69,209.93,-1,-1,-1,-1
187,11,903.19,33.40,90.48,204.24,-1,-1,-1,-1
188,11,913.52,34.28,87.40,204.51,-1,-1,-1,-1
189,11,921.28,33.37,88.62,205.83,-1,-1,-1,-1
190,11,934.99,31.59,88.22,207.47,-1,-1,-1,-1
191,11,944.51,38.61,87.58,212.16,-1,-1,-1,-1
192,11,952.56,35.33,89.48,202.20,-1,-1,-1,-1
193,11,966.44,39.93,88.29,206.85,-1,-1,-1,-1
194,11,974.18,41.05,91.27,208.75,-1,-1,-1,-1
195,11,984.41,40.12,88.25,209.30,-1,-1,-1,-1
196,11,992.42,40.01,88.89,209.38,-1,-1,-1,-1
197,11,998.81,48.32,91.75,206.08,-1,-1,-1,-1
198,11,1014.83,47.80,88.30,209.27,-1,-1,-1,-1
199,11,1023.11,46.47,89.25,210.09,-1,-1,-1,-1
200,11,1031.48,48.52,89.35,208.94,-1,-1,-1,-1
201,11,1040.48,57.57,90.17,204.05,-1,-1,-1,-1
202,11,1054.42,56.54,88.67,208.66,-1,-1,-1,-1
203,11,1063.69,63.41,86.84,210.39,-1,-1,-1,-1
204,11,1071.64,67.17,88.36,204.08,-1,-1,-1,-1
205,11,1080.76,71.91,87.92,208.09,-1,-1,-1,-1
206,11,1086.07,77.43,92.18,212.54,-1,-1,-1,-1
207,11,1092.82,78.45,94.71,213.91,-1,-1,-1,-1
208,11,1101.23,86.16,95.27,210.67,-1,-1,-1,-1
209,11,1108.82,80.80,96.56,207.83,-1,-1,-1,-1
210,11,1116.99,87.78,94.76,211.06,-1,-1,-1,-1
211,11,1124.55,85.65,96.82,215.33,-1,-1,-1,-1
212,11,1142.41,99.15,88.31,204.79,-1,-1,-1,-1
213,11,1151.28,101.27,87.82,213.67,-1,-1,-1,-1
214,11,1158.47,107.55,88.62,217.10,-1,-1,-1,-1
215,11,1167.62,107.53,86.82,233.55,-1,-1,-1,-1
216,11,1178.99,121.47,79.86,236.36,-1,-1,-1,-1
217,11,1186.37,132.20,80.55,229.39,-1,-1,-1,-1
218,11,1190.96,127.96,88.60,223.92,-1,-1,-1,-1
221,12,1223.26,136.82,76.71,239.13,-1,-1,-1,-1
222,12,1230.84,159.32,74.02,227.61,-1,-1,-1,-1
223,12,1231.48,169.53,77.26,217.49,-1,-1,-1,-1
224,12,1235.15,178.02,80.66,222.08,-1,-1,-1,-1
225,12,1234.09,185.69,86.77,218.14,-1,-1,-1,-1
226,12,1239.66,194.69,89.40,218.57,-1,-1,-1,-1
227,12,1245.62,196.21,91.48,218.74,-1,-1,-1,-1
228,12,1253.78,204.86,91.11,216.62,-1,-1,-1,-1
229,12,1254.47,212.92,92.59,214.32,-1,-1,-1,-1
230,12,1259.15,218.22,96.97,222.49,-1,-1,-1,-1
231,12,1268.48,231.75,93.77,226.03,-1,-1,-1,-1
232,12,1269.27,250.79,95.63,215.76,-1,-1,-1,-1
233,12,1275.47,252.17,95.62,216.56,-1,-1,-1,-1
234,12,1277.72,265.86,94.21,218.51,-1,-1,-1,-1
235,12,1284.59,268.97,93.93,216.52,-1,-1,-1,-1
236,12,1290.37,275.23,97.58,218.85,-1,-1,-1,-1
237,12,1291.36,284.02,97.02,219.08,-1,-1,-1,-1
238,12,1293.12,298.16,95.55,221.01,-1,-1,-1,-1
239,12,1298.63,315.11,96.94,216.00,-1,-1,-1,-1
240,12,1299.54,307.02,96.30,220.90,-1,-1,-1,-1
241,12,1299.23,312.12,98.78,225.45,-1,-1,-1,-1
242,12,1304.15,324.44,101.37,229.61,-1,-1,-1,-1
243,12,1304.48,335.26,102.82,223.69,-1,-1,-1,-1
244,12,1306.48,350.40,100.70,225.87,-1,-1,-1,-1
245,12,1305.50,359.74,102.71,225.37,-1,-1,-1,-1
246,12,1312.06,370.90,101.47,218.02,-1,-1,-1,-1
247,12,1315.40,385.32,94.98,221.17,-1,-1,-1,-1
248,12,1315.35,396.93,96.68,212.01,-1,-1,-1,-1
249,12,1314.90,397.95,98.34,214.60,-1,-1,-1,-1
250,12,1318.15,420.39,91.92,214.33,-1,-1,-1,-1
225,13,585.56,663.98,98.91,272.14,-1,-1,-1,-1
226,13,577.98,665.03,98.39,222.31,-1,-1,-1,-1
227,13,570.43,660.54,97.48,216.28,-1,-1,-1,-1
228,13,565.82,651.52,92.92,231.74,-1,-1,-1,-1
229,13,565.66,641.58,90.58,220.41,-1,-1,-1,-1
230,13,558.55,625.62,91.20,234.92,-1,-1,-1,-1
231,13,553.71,614.55,86.60,225.95,-1,-1,-1,-1
232,13,546.66,615.30,85.89,224.71,-1,-1,-1,-1
233,13,543.59,611.07,87.57,215.05,-1,-1,-1,-1
234,13,537.21,590.79,88.98,226.49,-1,-1,-1,-1
235,13,537.31,590.13,87.08,212.91,-1,-1,-1,-1
236,13,535.59,573.41,86.84,216.30,-1,-1,-1,-1
237,13,529.57,562.61,87.58,219.51,-1,-1,-1,-1
238,13,526.28,555.26,89.33,216.03,-1,-1,-1,-1
239,13,527.09,547.53,87.22,215.61,-1,-1,-1,-1
240,13,521.92,528.02,86.11,225.34,-1,-1,-1,-1
241,13,518.06,532.83,89.13,215.11,-1,-1,-1,-1
242,13,518.06,510.46,90.92,223.99,-1,-1,-1,-1
243,13,511.22,510.55,93.08,210.97,-1,-1,-1,-1
244,13,509.02,501.13,93.80,213.89,-1,-1,-1,-1
245,13,509.10,485.71,92.42,215.65,-1,-1,-1,-1
246,13,507.77,480.68,94.04,213.01,-1,-1,-1,-1
247,13,507.07,469.50,94.83,218.94,-1,-1,-1,-1
248,13,506.81,452.89,94.92,216.84,-1,-1,-1,-1
249,13,507.97,451.17,94.62,221.12,-1,-1,-1,-1
250,13,503.60,434.05,92.06,219.18,-1,-1,-1,-1
