1,1,1797.69,91.34,74.93,203.46,-1,-1,-1,-1
2,1,1797.62,91.16,74.15,203.28,-1,-1,-1,-1
3,1,1795.48,90.40,76.12,204.86,-1,-1,-1,-1
4,1,1792.16,89.84,74.77,203.33,-1,-1,-1,-1
5,1,1788.65,96.38,77.23,203.69,-1,-1,-1,-1
6,1,1788.69,92.34,76.30,203.63,-1,-1,-1,-1
7,1,1784.89,97.36,74.73,201.90,-1,-1,-1,-1
8,1,1782.77,99.40,77.57,203.25,-1,-1,-1,-1
9,1,1781.80,102.97,76.87,205.28,-1,-1,-1,-1
10,1,1781.11,99.45,76.37,204.06,-1,-1,-1,-1
11,1,1779.67,99.35,76.40,205.20,-1,-1,-1,-1
12,1,1775.09,104.63,77.97,205.14,-1,-1,-1,-1
13,1,1775.31,111.14,74.62,206.28,-1,-1,-1,-1
14,1,1773.18,106.11,76.94,208.18,-1,-1,-1,-1
15,1,1771.16,115.20,77.20,205.95,-1,-1,-1,-1
16,1,1769.08,120.93,74.24,203.13,-1,-1,-1,-1
17,1,1765.00,121.54,78.27,207.48,-1,-1,-1,-1
18,1,1762.98,121.84,80.27,206.71,-1,-1,-1,-1
19,1,1760.54,127.31,82.53,208.78,-1,-1,-1,-1
20,1,1756.25,134.91,83.39,209.70,-1,-1,-1,-1
21,1,1754.96,137.02,83.09,209.49,-1,-1,-1,-1
22,1,1755.17,142.04,80.45,209.35,-1,-1,-1,-1
23,1,1754.03,144.48,80.21,209.77,-1,-1,-1,-1
24,1,1750.29,150.97,79.06,207.59,-1,-1,-1,-1
25,1,1747.29,151.60,81.39,209.73,-1,-1,-1,-1
26,1,1744.17,165.62,85.04,200.25,-1,-1,-1,-1
27,1,1745.70,166.92,81.74,207.94,-1,-1,-1,-1
28,1,1741.84,174.25,80.51,208.48,-1,-1,-1,-1
29,1,1740.77,174.75,79.65,207.97,-1,-1,-1,-1
30,1,1739.20,182.91,80.08,207.87,-1,-1,-1,-1
31,1,1737.29,184.82,81.94,210.12,-1,-1,-1,-1
32,1,1732.56,198.41,81.24,209.93,-1,-1,-1,-1
33,1,1731.83,205.56,79.90,209.00,-1,-1,-1,-1
34,1,1730.94,207.13,81.00,209.20,-1,-1,-1,-1
35,1,1729.35,216.59,82.04,205.17,-1,-1,-1,-1
36,1,1724.76,225.98,81.60,204.91,-1,-1,-1,-1
37,1,1723.09,231.21,82.30,205.74,-1,-1,-1,-1
38,1,1721.63,232.39,83.61,210.77,-1,-1,-1,-1
39,1,1721.35,239.40,82.90,208.15,-1,-1,-1,-1
40,1,1716.20,246.89,82.81,208.85,-1,-1,-1,-1
41,1,1713.80,259.30,84.40,205.14,-1,-1,-1,-1
42,1,1713.62,263.02,82.85,209.20,-1,-1,-1,-1
43,1,1712.94,271.63,82.68,207.82,-1,-1,-1,-1
44,1,1709.00,279.87,81.56,206.01,-1,-1,-1,-1
45,1,1706.77,288.93,81.77,205.43,-1,-1,-1,-1
46,1,1706.39,295.57,80.61,205.93,-1,-1,-1,-1
47,1,1705.72,313.78,80.83,201.38,-1,-1,-1,-1
48,1,1700.99,314.25,81.52,203.50,-1,-1,-1,-1
49,1,1699.83,321.81,80.90,202.88,-1,-1,-1,-1
50,1,1698.17,330.35,81.50,204.80,-1,-1,-1,-1
51,1,1697.20,337.03,82.61,205.84,-1,-1,-1,-1
52,1,1693.38,343.31,79.66,206.54,-1,-1,-1,-1
53,1,1690.16,355.44,83.00,205.11,-1,-1,-1,-1
54,1,1688.62,362.08,84.43,208.15,-1,-1,-1,-1
55,1,1688.83,369.44,83.09,208.08,-1,-1,-1,-1
56,1,1683.33,376.17,83.31,208.99,-1,-1,-1,-1
57,1,1680.80,390.73,86.20,206.75,-1,-1,-1,-1
58,1,1679.07,392.27,89.19,210.67,-1,-1,-1,-1
59,1,1678.17,406.05,89.53,208.69,-1,-1,-1,-1
60,1,1672.72,409.78,88.31,207.83,-1,-1,-1,-1
61,1,1671.31,425.78,88.75,206.36,-1,-1,-1,-1
62,1,1670.97,431.77,87.88,205.32,-1,-1,-1,-1
63,1,1665.59,440.40,87.85,207.90,-1,-1,-1,-1
64,1,1663.23,449.41,89.75,207.05,-1,-1,-1,-1
65,1,1662.43,459.89,89.59,203.38,-1,-1,-1,-1
66,1,1661.55,466.60,90.22,204.20,-1,-1,-1,-1
67,1,1657.19,472.83,89.42,205.65,-1,-1,-1,-1
68,1,1656.25,483.44,88.79,204.15,-1,-1,-1,-1
69,1,1654.73,494.87,89.75,206.73,-1,-1,-1,-1
70,1,1656.18,500.79,85.63,203.15,-1,-1,-1,-1
71,1,1653.11,517.92,81.43,208.36,-1,-1,-1,-1
72,1,1653.05,522.13,80.47,203.40,-1,-1,-1,-1
73,1,1651.28,536.18,82.06,204.58,-1,-1,-1,-1
74,1,1651.72,542.19,80.05,208.05,-1,-1,-1,-1
75,1,1649.88,543.89,81.57,209.32,-1,-1,-1,-1
76,1,1643.87,552.51,83.49,207.59,-1,-1,-1,-1
77,1,1643.85,559.84,80.27,207.98,-1,-1,-1,-1
78,1,1643.17,567.73,79.94,208.34,-1,-1,-1,-1
79,1,1641.88,575.09,80.95,209.96,-1,-1,-1,-1
80,1,1636.73,589.65,81.83,207.99,-1,-1,-1,-1
81,1,1636.18,591.88,80.46,207.79,-1,-1,-1,-1
82,1,1634.99,598.60,80.73,209.20,-1,-1,-1,-1
83,1,1633.28,613.89,82.23,209.52,-1,-1,-1,-1
84,1,1628.54,616.13,81.66,206.41,-1,-1,-1,-1
85,1,1626.14,621.56,84.19,210.55,-1,-1,-1,-1
86,1,1625.89,630.02,82.95,210.68,-1,-1,-1,-1
87,1,1625.24,636.16,83.06,212.03,-1,-1,-1,-1
88,1,1620.64,645.15,81.64,212.64,-1,-1,-1,-1
89,1,1619.22,652.09,83.03,213.59,-1,-1,-1,-1
90,1,1618.22,654.08,84.11,214.29,-1,-1,-1,-1
91,1,1614.98,661.06,88.65,215.55,-1,-1,-1,-1
92,1,1609.84,668.86,87.37,215.30,-1,-1,-1,-1
93,1,1607.80,675.78,89.56,214.93,-1,-1,-1,-1
94,1,1606.89,679.81,89.32,212.14,-1,-1,-1,-1
95,1,1606.31,684.40,89.08,215.48,-1,-1,-1,-1
96,1,1600.58,695.72,89.82,211.62,-1,-1,-1,-1
97,1,1599.38,700.96,89.49,212.07,-1,-1,-1,-1
98,1,1599.90,702.82,87.40,214.19,-1,-1,-1,-1
99,1,1598.59,708.28,88.50,214.44,-1,-1,-1,-1
100,1,1593.22,710.89,88.28,213.06,-1,-1,-1,-1
101,1,1591.64,719.27,89.14,213.08,-1,-1,-1,-1
102,1,1590.97,725.66,88.97,212.51,-1,-1,-1,-1
103,1,1590.71,731.73,87.88,214.33,-1,-1,-1,-1
104,1,1584.93,733.73,88.89,212.39,-1,-1,-1,-1
105,1,1583.73,733.77,88.85,213.63,-1,-1,-1,-1
106,1,1581.43,743.51,91.45,212.89,-1,-1,-1,-1
107,1,1581.63,749.43,89.41,210.12,-1,-1,-1,-1
108,1,1577.31,756.28,87.61,211.98,-1,-1,-1,-1
109,1,1576.09,758.33,87.20,212.03,-1,-1,-1,-1
110,1,1574.27,758.59,89.15,211.11,-1,-1,-1,-1
111,1,1570.60,760.18,86.06,209.56,-1,-1,-1,-1
112,1,1569.04,762.31,87.19,207.56,-1,-1,-1,-1
113,1,1568.65,766.58,85.99,211.20,-1,-1,-1,-1
114,1,1569.75,773.80,81.45,208.31,-1,-1,-1,-1
115,1,1568.63,774.37,81.98,207.45,-1,-1,-1,-1
116,1,1562.84,774.09,83.24,213.54,-1,-1,-1,-1
117,1,1562.29,773.60,82.17,211.32,-1,-1,-1,-1
118,1,1560.94,774.44,83.47,211.78,-1,-1,-1,-1
119,1,1556.28,775.28,83.03,212.90,-1,-1,-1,-1
120,1,1554.73,776.16,83.88,211.56,-1,-1,-1,-1
121,1,1555.21,780.66,81.47,210.43,-1,-1,-1,-1
122,1,1553.42,781.41,82.54,209.93,-1,-1,-1,-1
123,1,1552.72,782.46,82.01,209.89,-1,-1,-1,-1
124,1,1546.64,782.41,84.91,211.40,-1,-1,-1,-1
125,1,1545.75,783.12,83.18,212.74,-1,-1,-1,-1
126,1,1544.99,779.66,82.91,214.93,-1,-1,-1,-1
127,1,1544.52,781.35,82.26,210.05,-1,-1,-1,-1
128,1,1539.52,776.10,83.02,210.57,-1,-1,-1,-1
129,1,1539.06,780.64,81.30,211.17,-1,-1,-1,-1
130,1,1536.85,776.22,83.18,211.47,-1,-1,-1,-1
131,1,1535.76,772.10,84.63,214.90,-1,-1,-1,-1
132,1,1528.00,772.22,90.76,216.57,-1,-1,-1,-1
133,1,1527.30,772.29,90.14,214.55,-1,-1,-1,-1
134,1,1527.38,771.64,87.02,214.51,-1,-1,-1,-1
135,1,1526.44,771.08,87.84,216.11,-1,-1,-1,-1
136,1,1521.64,765.30,88.18,216.91,-1,-1,-1,-1
137,1,1519.84,762.21,89.79,216.96,-1,-1,-1,-1
138,1,1519.76,758.12,87.55,213.91,-1,-1,-1,-1
139,1,1519.09,754.73,87.13,216.94,-1,-1,-1,-1
140,1,1513.43,754.71,88.06,216.97,-1,-1,-1,-1
141,1,1512.34,747.72,87.66,217.60,-1,-1,-1,-1
142,1,1511.74,741.57,87.15,216.35,-1,-1,-1,-1
143,1,1509.92,738.78,89.27,217.21,-1,-1,-1,-1
144,1,1505.36,741.16,88.03,211.18,-1,-1,-1,-1
145,1,1504.80,733.22,86.75,214.54,-1,-1,-1,-1
146,1,1504.30,726.40,86.29,215.14,-1,-1,-1,-1
147,1,1501.80,726.58,89.42,212.94,-1,-1,-1,-1
148,1,1498.41,725.35,86.21,212.91,-1,-1,-1,-1
149,1,1495.63,715.03,90.03,216.21,-1,-1,-1,-1
150,1,1495.06,707.21,89.93,215.79,-1,-1,-1,-1
151,1,1494.36,707.97,88.81,213.07,-1,-1,-1,-1
152,1,1490.25,700.74,86.77,216.07,-1,-1,-1,-1
153,1,1488.42,692.63,88.16,218.04,-1,-1,-1,-1
154,1,1487.86,690.19,87.88,219.03,-1,-1,-1,-1
155,1,1486.16,681.39,90.34,220.45,-1,-1,-1,-1
156,1,1479.19,679.17,92.69,213.16,-1,-1,-1,-1
157,1,1477.36,672.80,94.08,220.42,-1,-1,-1,-1
158,1,1477.28,666.85,93.96,218.43,-1,-1,-1,-1
159,1,1476.48,656.33,93.83,219.87,-1,-1,-1,-1
160,1,1475.50,651.95,94.26,217.61,-1,-1,-1,-1
161,1,1470.23,640.83,93.28,221.04,-1,-1,-1,-1
162,1,1468.94,634.34,93.98,217.56,-1,-1,-1,-1
163,1,1469.61,628.37,91.36,216.16,-1,-1,-1,-1
164,1,1466.45,627.43,85.48,214.86,-1,-1,-1,-1
165,1,1464.28,614.80,87.59,212.55,-1,-1,-1,-1
166,1,1463.84,606.76,88.39,212.25,-1,-1,-1,-1
167,1,1464.30,598.61,85.96,212.74,-1,-1,-1,-1
168,1,1458.85,597.65,85.39,210.63,-1,-1,-1,-1
169,1,1459.31,583.24,82.23,212.11,-1,-1,-1,-1
170,1,1458.81,574.41,82.57,211.19,-1,-1,-1,-1
171,1,1457.89,569.65,82.74,208.57,-1,-1,-1,-1
172,1,1457.23,564.70,82.81,211.79,-1,-1,-1,-1
173,1,1450.26,552.79,85.35,208.56,-1,-1,-1,-1
174,1,1451.83,544.39,79.68,210.74,-1,-1,-1,-1
175,1,1451.34,536.11,78.24,209.23,-1,-1,-1,-1
176,1,1445.21,530.41,81.43,203.25,-1,-1,-1,-1
177,1,1444.03,522.00,80.64,203.85,-1,-1,-1,-1
178,1,1442.27,513.78,82.74,204.22,-1,-1,-1,-1
179,1,1441.68,506.26,81.92,203.08,-1,-1,-1,-1
180,1,1435.61,500.51,84.34,201.50,-1,-1,-1,-1
181,1,1434.56,488.64,83.19,206.37,-1,-1,-1,-1
182,1,1433.87,476.49,83.07,212.18,-1,-1,-1,-1
183,1,1433.05,466.06,83.18,207.47,-1,-1,-1,-1
184,1,1426.57,457.46,85.99,208.22,-1,-1,-1,-1
185,1,1426.84,451.36,82.58,205.38,-1,-1,-1,-1
186,1,1426.35,447.94,82.01,205.53,-1,-1,-1,-1
187,1,1425.23,437.62,82.31,209.72,-1,-1,-1,-1
188,1,1417.40,431.38,87.53,206.21,-1,-1,-1,-1
189,1,1415.94,416.75,88.75,209.13,-1,-1,-1,-1
190,1,1416.07,409.44,87.18,208.73,-1,-1,-1,-1
191,1,1415.04,398.42,87.14,212.65,-1,-1,-1,-1
192,1,1409.37,387.73,87.64,214.71,-1,-1,-1,-1
193,1,1409.86,378.62,84.99,215.90,-1,-1,-1,-1
194,1,1409.89,372.33,83.36,213.58,-1,-1,-1,-1
195,1,1409.06,356.22,83.59,217.68,-1,-1,-1,-1
196,1,1405.48,352.57,80.35,208.27,-1,-1,-1,-1
197,1,1403.19,350.50,82.04,207.96,-1,-1,-1,-1
198,1,1403.87,338.20,79.46,206.70,-1,-1,-1,-1
199,1,1401.29,329.61,83.37,208.02,-1,-1,-1,-1
200,1,1401.26,315.86,82.43,216.75,-1,-1,-1,-1
201,1,1394.53,313.33,84.01,208.94,-1,-1,-1,-1
202,1,1394.41,308.02,82.40,212.50,-1,-1,-1,-1
203,1,1392.85,294.82,83.42,213.06,-1,-1,-1,-1
204,1,1387.42,287.27,84.58,212.23,-1,-1,-1,-1
205,1,1384.60,279.45,88.09,212.30,-1,-1,-1,-1
206,1,1383.83,278.07,86.95,209.38,-1,-1,-1,-1
207,1,1383.64,259.91,86.24,219.28,-1,-1,-1,-1
208,1,1377.89,255.49,86.51,211.96,-1,-1,-1,-1
209,1,1377.75,253.71,85.80,210.57,-1,-1,-1,-1
210,1,1378.54,243.39,81.70,214.56,-1,-1,-1,-1
211,1,1378.76,239.03,81.16,211.14,-1,-1,-1,-1
212,1,1372.61,227.95,81.94,215.60,-1,-1,-1,-1
213,1,1370.97,223.63,81.40,210.04,-1,-1,-1,-1
214,1,1369.67,220.23,83.58,212.72,-1,-1,-1,-1
215,1,1363.98,214.48,82.71,210.01,-1,-1,-1,-1
216,1,1362.65,203.70,83.23,214.94,-1,-1,-1,-1
217,1,1361.17,193.22,85.28,222.29,-1,-1,-1,-1
218,1,1358.26,184.55,89.32,224.45,-1,-1,-1,-1
219,1,1358.02,179.97,90.02,219.91,-1,-1,-1,-1
220,1,1358.00,179.28,88.15,219.25,-1,-1,-1,-1
221,1,1357.18,172.10,89.48,227.94,-1,-1,-1,-1
222,1,1354.66,164.90,86.02,226.83,-1,-1,-1,-1
223,1,1354.54,161.56,85.28,235.05,-1,-1,-1,-1
224,1,1351.58,155.88,86.86,219.37,-1,-1,-1,-1
225,1,1347.32,152.08,83.93,221.83,-1,-1,-1,-1
226,1,1348.47,145.94,78.38,217.04,-1,-1,-1,-1
227,1,1347.10,138.39,80.66,217.73,-1,-1,-1,-1
228,1,1345.70,133.43,82.18,214.88,-1,-1,-1,-1
229,1,1339.75,127.29,82.78,211.43,-1,-1,-1,-1
230,1,1339.89,126.28,79.62,209.74,-1,-1,-1,-1
231,1,1338.56,125.84,80.94,208.70,-1,-1,-1,-1
232,1,1338.19,120.93,79.51,208.58,-1,-1,-1,-1
233,1,1332.96,119.29,79.55,210.09,-1,-1,-1,-1
234,1,1331.67,111.23,79.51,211.48,-1,-1,-1,-1
235,1,1330.70,107.33,79.12,215.23,-1,-1,-1,-1
236,1,1326.48,108.76,79.37,211.20,-1,-1,-1,-1
237,1,1323.41,102.63,81.99,210.43,-1,-1,-1,-1
238,1,1324.16,101.69,78.27,209.23,-1,-1,-1,-1
239,1,1322.30,95.37,80.07,211.16,-1,-1,-1,-1
240,1,1315.45,96.94,83.41,209.50,-1,-1,-1,-1
241,1,1315.10,94.34,80.87,208.81,-1,-1,-1,-1
242,1,1314.05,94.34,80.60,208.72,-1,-1,-1,-1
243,1,1309.07,94.78,82.14,207.95,-1,-1,-1,-1
244,1,1307.48,89.00,84.03,209.63,-1,-1,-1,-1
245,1,1306.73,88.24,81.94,210.71,-1,-1,-1,-1
246,1,1306.16,87.25,80.87,210.68,-1,-1,-1,-1
247,1,1301.66,88.73,81.20,210.56,-1,-1,-1,-1
248,1,1300.85,86.46,80.66,209.91,-1,-1,-1,-1
249,1,1299.33,89.05,79.78,210.10,-1,-1,-1,-1
250,1,1298.90,89.04,79.89,210.03,-1,-1,-1,-1
1,2,920.76,436.00,86.25,201.61,-1,-1,-1,-1
2,2,921.52,441.63,86.20,204.73,-1,-1,-1,-1
3,2,927.07,454.50,87.32,209.61,-1,-1,-1,-1
4,2,927.49,460.54,87.58,212.43,-1,-1,-1,-1
5,2,927.22,462.41,88.75,213.17,-1,-1,-1,-1
6,2,929.91,478.66,85.80,210.19,-1,-1,-1,-1
7,2,932.03,485.63,83.44,211.72,-1,-1,-1,-1
8,2,937.75,491.51,81.40,217.67,-1,-1,-1,-1
9,2,937.58,501.66,84.55,214.26,-1,-1,-1,-1
10,2,937.36,510.19,87.80,212.71,-1,-1,-1,-1
11,2,938.05,518.24,87.18,213.18,-1,-1,-1,-1
12,2,943.41,525.12,86.79,215.52,-1,-1,-1,-1
13,2,945.81,537.48,85.12,220.85,-1,-1,-1,-1
14,2,945.66,546.43,87.61,216.73,-1,-1,-1,-1
15,2,946.47,552.54,86.18,223.87,-1,-1,-1,-1
16,2,952.07,561.62,86.58,222.57,-1,-1,-1,-1
17,2,952.64,567.13,88.19,223.89,-1,-1,-1,-1
18,2,953.08,574.27,87.90,211.89,-1,-1,-1,-1
19,2,953.02,582.55,88.67,212.44,-1,-1,-1,-1
20,2,960.85,595.66,85.55,216.44,-1,-1,-1,-1
21,2,961.70,603.69,84.98,214.32,-1,-1,-1,-1
22,2,961.75,608.40,86.74,210.16,-1,-1,-1,-1
23,2,967.66,619.18,87.06,214.91,-1,-1,-1,-1
24,2,967.36,619.68,89.29,218.35,-1,-1,-1,-1
25,2,968.57,627.56,88.12,218.30,-1,-1,-1,-1
26,2,967.94,635.00,90.69,216.18,-1,-1,-1,-1
27,2,975.37,643.19,88.10,215.09,-1,-1,-1,-1
28,2,975.83,648.40,88.76,220.50,-1,-1,-1,-1
29,2,976.49,657.83,89.69,218.47,-1,-1,-1,-1
30,2,983.00,661.96,87.49,215.58,-1,-1,-1,-1
31,2,983.01,669.16,89.47,213.51,-1,-1,-1,-1
32,2,983.21,675.00,90.79,216.49,-1,-1,-1,-1
33,2,983.26,681.86,91.37,218.49,-1,-1,-1,-1
34,2,991.39,688.55,87.75,223.54,-1,-1,-1,-1
35,2,989.45,697.36,92.67,219.22,-1,-1,-1,-1
36,2,987.92,697.04,96.25,223.32,-1,-1,-1,-1
37,2,987.78,698.22,98.91,220.24,-1,-1,-1,-1
38,2,993.83,703.36,98.54,227.12,-1,-1,-1,-1
39,2,993.46,709.47,100.36,228.56,-1,-1,-1,-1
40,2,994.51,718.24,98.73,227.54,-1,-1,-1,-1
41,2,994.00,719.85,100.78,226.20,-1,-1,-1,-1
42,2,995.85,728.61,98.66,222.45,-1,-1,-1,-1
43,2,1001.44,729.23,100.09,220.03,-1,-1,-1,-1
44,2,1002.19,735.08,99.55,224.00,-1,-1,-1,-1
45,2,1002.92,735.77,100.35,225.10,-1,-1,-1,-1
46,2,1009.98,736.28,98.15,226.65,-1,-1,-1,-1
47,2,1013.08,749.31,93.91,227.94,-1,-1,-1,-1
48,2,1013.95,749.25,93.50,228.10,-1,-1,-1,-1
49,2,1013.88,752.79,94.61,223.31,-1,-1,-1,-1
50,2,1021.18,759.93,91.62,222.17,-1,-1,-1,-1
51,2,1020.16,760.91,94.99,220.15,-1,-1,-1,-1
52,2,1021.97,768.82,93.27,220.30,-1,-1,-1,-1
53,2,1021.99,761.31,94.18,223.99,-1,-1,-1,-1
54,2,1029.82,769.00,90.69,222.74,-1,-1,-1,-1
55,2,1028.56,767.79,93.62,226.68,-1,-1,-1,-1
56,2,1029.92,772.78,93.33,228.31,-1,-1,-1,-1
57,2,1029.88,776.35,94.38,222.86,-1,-1,-1,-1
58,2,1031.15,775.10,92.27,225.62,-1,-1,-1,-1
59,2,1036.93,772.29,92.56,229.95,-1,-1,-1,-1
60,2,1037.28,773.48,94.13,228.76,-1,-1,-1,-1
61,2,1037.76,775.17,94.91,226.32,-1,-1,-1,-1
62,2,1045.53,781.01,90.50,228.39,-1,-1,-1,-1
63,2,1044.14,779.24,95.70,233.05,-1,-1,-1,-1
64,2,1044.10,775.32,96.18,226.06,-1,-1,-1,-1
65,2,1044.45,774.67,97.01,226.47,-1,-1,-1,-1
66,2,1052.03,773.49,93.34,229.26,-1,-1,-1,-1
67,2,1052.26,773.57,94.62,229.05,-1,-1,-1,-1
68,2,1052.03,775.01,96.40,226.47,-1,-1,-1,-1
69,2,1053.71,772.47,94.28,231.03,-1,-1,-1,-1
70,2,1059.66,775.04,93.92,224.08,-1,-1,-1,-1
71,2,1059.98,774.04,94.83,225.66,-1,-1,-1,-1
72,2,1060.12,769.35,95.54,222.55,-1,-1,-1,-1
73,2,1061.05,767.86,95.00,225.47,-1,-1,-1,-1
74,2,1062.06,768.53,94.58,224.10,-1,-1,-1,-1
75,2,1067.97,761.19,94.79,222.59,-1,-1,-1,-1
76,2,1069.18,760.49,94.50,221.23,-1,-1,-1,-1
77,2,1074.84,754.84,95.66,219.52,-1,-1,-1,-1
78,2,1076.15,754.54,94.53,219.55,-1,-1,-1,-1
79,2,1075.87,755.01,96.31,218.50,-1,-1,-1,-1
80,2,1075.59,747.61,97.89,218.48,-1,-1,-1,-1
81,2,1075.65,744.02,98.61,222.24,-1,-1,-1,-1
82,2,1073.42,737.35,103.65,221.21,-1,-1,-1,-1
83,2,1080.85,737.19,101.12,220.43,-1,-1,-1,-1
84,2,1081.55,732.15,101.56,217.42,-1,-1,-1,-1
85,2,1081.99,724.52,101.85,218.89,-1,-1,-1,-1
86,2,1089.49,725.19,99.00,216.01,-1,-1,-1,-1
87,2,1090.42,724.71,99.43,213.10,-1,-1,-1,-1
88,2,1091.40,715.20,98.09,217.99,-1,-1,-1,-1
89,2,1090.16,709.32,101.96,213.95,-1,-1,-1,-1
90,2,1095.82,698.83,102.03,221.45,-1,-1,-1,-1
91,2,1096.01,700.05,104.08,214.84,-1,-1,-1,-1
92,2,1097.69,691.74,101.41,219.02,-1,-1,-1,-1
93,2,1104.04,690.35,101.43,218.51,-1,-1,-1,-1
94,2,1104.95,684.07,100.75,217.47,-1,-1,-1,-1
95,2,1105.29,676.06,101.44,216.04,-1,-1,-1,-1
96,2,1105.65,669.43,101.70,215.17,-1,-1,-1,-1
97,2,1105.74,667.30,102.40,214.35,-1,-1,-1,-1
98,2,1113.88,659.68,97.85,217.32,-1,-1,-1,-1
99,2,1115.87,652.66,95.46,216.80,-1,-1,-1,-1
100,2,1115.79,647.37,97.16,212.36,-1,-1,-1,-1
101,2,1123.11,645.21,95.48,210.64,-1,-1,-1,-1
102,2,1123.29,636.62,95.86,212.29,-1,-1,-1,-1
103,2,1124.04,628.69,94.75,213.97,-1,-1,-1,-1
104,2,1124.88,621.26,94.09,213.86,-1,-1,-1,-1
105,2,1125.09,615.07,95.81,224.06,-1,-1,-1,-1
106,2,1124.22,602.51,97.86,218.63,-1,-1,-1,-1
107,2,1132.31,590.18,93.50,227.55,-1,-1,-1,-1
108,2,1133.10,587.94,93.70,229.84,-1,-1,-1,-1
109,2,1133.31,584.20,95.27,221.23,-1,-1,-1,-1
110,2,1134.66,575.63,93.19,210.01,-1,-1,-1,-1
111,2,1140.01,565.70,93.84,214.10,-1,-1,-1,-1
112,2,1140.16,557.62,94.62,212.91,-1,-1,-1,-1
113,2,1140.75,549.71,94.75,214.34,-1,-1,-1,-1
114,2,1141.72,542.24,94.72,210.17,-1,-1,-1,-1
115,2,1148.86,529.80,91.98,208.05,-1,-1,-1,-1
116,2,1150.16,526.58,90.98,208.78,-1,-1,-1,-1
117,2,1150.58,517.69,91.80,209.46,-1,-1,-1,-1
118,2,1152.21,504.62,90.13,209.59,-1,-1,-1,-1
119,2,1157.64,498.55,90.93,205.31,-1,-1,-1,-1
120,2,1158.18,493.75,91.25,211.10,-1,-1,-1,-1
121,2,1157.13,480.33,93.71,208.61,-1,-1,-1,-1
122,2,1157.93,471.92,94.16,208.13,-1,-1,-1,-1
123,2,1158.09,463.10,94.07,209.77,-1,-1,-1,-1
124,2,1163.28,456.58,95.65,208.18,-1,-1,-1,-1
125,2,1163.62,449.55,97.21,203.59,-1,-1,-1,-1
126,2,1166.18,440.62,93.33,205.11,-1,-1,-1,-1
127,2,1173.97,433.28,89.37,205.91,-1,-1,-1,-1
128,2,1174.39,420.39,90.21,214.99,-1,-1,-1,-1
129,2,1172.97,401.50,93.85,219.63,-1,-1,-1,-1
130,2,1171.20,392.44,98.08,221.52,-1,-1,-1,-1
131,2,1169.87,381.77,100.80,227.71,-1,-1,-1,-1
132,2,1176.53,375.76,100.79,223.51,-1,-1,-1,-1
133,2,1177.13,358.46,101.61,227.89,-1,-1,-1,-1
134,2,1177.47,353.03,102.32,221.50,-1,-1,-1,-1
135,2,1178.85,345.11,100.43,220.47,-1,-1,-1,-1
136,2,1178.43,338.46,101.07,219.15,-1,-1,-1,-1
137,2,1185.08,330.33,100.22,221.66,-1,-1,-1,-1
138,2,1184.54,320.58,104.24,223.02,-1,-1,-1,-1
139,2,1185.83,314.01,100.88,220.36,-1,-1,-1,-1
140,2,1192.02,305.62,102.68,221.73,-1,-1,-1,-1
141,2,1192.30,299.06,103.41,218.60,-1,-1,-1,-1
142,2,1192.55,292.66,104.71,215.89,-1,-1,-1,-1
143,2,1192.28,293.36,105.66,211.75,-1,-1,-1,-1
144,2,1192.81,289.07,104.71,205.54,-1,-1,-1,-1
145,2,1198.09,281.80,106.68,204.38,-1,-1,-1,-1
146,2,1198.45,275.48,107.86,202.70,-1,-1,-1,-1
147,2,1198.98,275.17,107.78,201.05,-1,-1,-1,-1
148,2,1205.10,253.17,108.51,214.60,-1,-1,-1,-1
149,2,1204.58,242.75,111.37,217.51,-1,-1,-1,-1
150,2,1211.75,239.34,110.21,209.34,-1,-1,-1,-1
151,2,1214.56,232.89,106.30,207.59,-1,-1,-1,-1
152,2,1217.78,238.82,100.20,194.57,-1,-1,-1,-1
153,2,1220.67,242.69,94.40,186.79,-1,-1,-1,-1
1,3,1533.75,780.13,79.52,213.34,-1,-1,-1,-1
2,3,1531.74,779.90,83.08,213.00,-1,-1,-1,-1
3,3,1531.24,781.50,82.61,212.85,-1,-1,-1,-1
4,3,1530.23,779.62,82.37,212.74,-1,-1,-1,-1
5,3,1529.22,780.81,82.73,213.81,-1,-1,-1,-1
6,3,1524.03,778.91,83.06,213.56,-1,-1,-1,-1
7,3,1523.60,780.91,82.77,211.75,-1,-1,-1,-1
8,3,1522.44,780.01,83.10,214.13,-1,-1,-1,-1
9,3,1521.55,772.84,82.44,216.12,-1,-1,-1,-1
10,3,1521.12,772.02,82.00,214.18,-1,-1,-1,-1
11,3,1516.85,772.06,81.13,212.98,-1,-1,-1,-1
12,3,1516.02,767.77,80.52,213.32,-1,-1,-1,-1
13,3,1514.29,764.78,80.94,214.74,-1,-1,-1,-1
14,3,1509.23,759.18,80.93,214.34,-1,-1,-1,-1
15,3,1507.95,756.35,80.99,214.39,-1,-1,-1,-1
16,3,1505.98,756.12,82.53,213.58,-1,-1,-1,-1
17,3,1505.10,748.28,83.35,214.29,-1,-1,-1,-1
18,3,1500.89,743.55,80.99,212.85,-1,-1,-1,-1
19,3,1500.14,741.87,81.09,212.12,-1,-1,-1,-1
20,3,1499.73,740.96,79.56,212.02,-1,-1,-1,-1
21,3,1497.53,740.04,82.51,211.90,-1,-1,-1,-1
22,3,1491.98,730.89,82.83,214.64,-1,-1,-1,-1
23,3,1490.58,725.64,83.01,214.15,-1,-1,-1,-1
24,3,1489.75,719.73,83.16,212.24,-1,-1,-1,-1
25,3,1488.87,718.42,83.37,210.44,-1,-1,-1,-1
26,3,1484.55,713.15,81.35,209.75,-1,-1,-1,-1
27,3,1484.41,705.15,80.57,210.23,-1,-1,-1,-1
28,3,1482.96,702.28,81.13,208.64,-1,-1,-1,-1
29,3,1481.44,695.56,81.88,210.65,-1,-1,-1,-1
30,3,1476.25,694.27,81.74,210.17,-1,-1,-1,-1
31,3,1475.25,686.32,82.78,211.01,-1,-1,-1,-1
32,3,1474.78,677.08,81.43,211.13,-1,-1,-1,-1
33,3,1473.21,669.33,83.36,211.10,-1,-1,-1,-1
34,3,1467.83,663.20,82.71,211.26,-1,-1,-1,-1
35,3,1467.21,663.39,82.63,209.38,-1,-1,-1,-1
36,3,1465.55,651.12,84.25,213.52,-1,-1,-1,-1
37,3,1463.36,644.18,87.42,212.16,-1,-1,-1,-1
38,3,1463.07,641.20,87.25,209.43,-1,-1,-1,-1
39,3,1456.68,631.72,88.45,213.09,-1,-1,-1,-1
40,3,1456.58,622.34,86.49,213.08,-1,-1,-1,-1
41,3,1454.55,621.53,88.97,208.78,-1,-1,-1,-1
42,3,1450.04,615.03,86.64,210.05,-1,-1,-1,-1
43,3,1449.05,604.16,86.85,212.07,-1,-1,-1,-1
44,3,1448.25,599.31,86.40,208.27,-1,-1,-1,-1
45,3,1446.82,592.07,87.76,207.55,-1,-1,-1,-1
46,3,1442.87,575.75,84.64,210.07,-1,-1,-1,-1
47,3,1444.34,576.28,80.36,205.34,-1,-1,-1,-1
48,3,1442.20,560.91,82.67,208.29,-1,-1,-1,-1
49,3,1440.74,560.81,83.68,204.20,-1,-1,-1,-1
50,3,1436.09,546.93,82.08,205.85,-1,-1,-1,-1
51,3,1435.40,539.81,81.35,203.54,-1,-1,-1,-1
52,3,1435.61,532.59,80.69,203.46,-1,-1,-1,-1
53,3,1434.05,527.05,81.67,205.45,-1,-1,-1,-1
54,3,1428.46,520.45,81.97,202.82,-1,-1,-1,-1
55,3,1428.12,512.13,81.34,202.97,-1,-1,-1,-1
56,3,1427.45,497.10,81.25,202.20,-1,-1,-1,-1
57,3,1427.33,491.34,79.40,201.27,-1,-1,-1,-1
58,3,1426.52,484.21,79.65,202.35,-1,-1,-1,-1
59,3,1421.79,475.32,77.99,203.33,-1,-1,-1,-1
60,3,1420.22,463.69,78.09,206.08,-1,-1,-1,-1
61,3,1417.35,456.48,82.80,203.99,-1,-1,-1,-1
62,3,1412.22,448.02,82.62,203.70,-1,-1,-1,-1
63,3,1411.02,434.37,82.77,203.86,-1,-1,-1,-1
64,3,1409.20,433.43,84.36,201.12,-1,-1,-1,-1
65,3,1410.38,419.85,81.30,204.09,-1,-1,-1,-1
66,3,1404.91,410.37,80.95,205.67,-1,-1,-1,-1
67,3,1402.50,399.62,83.89,206.19,-1,-1,-1,-1
68,3,1402.46,390.79,82.94,207.91,-1,-1,-1,-1
69,3,1400.31,377.61,84.60,208.01,-1,-1,-1,-1
70,3,1396.38,376.89,82.14,206.79,-1,-1,-1,-1
71,3,1394.28,368.02,84.24,206.64,-1,-1,-1,-1
72,3,1393.70,360.00,84.15,207.49,-1,-1,-1,-1
73,3,1392.12,343.88,85.58,209.99,-1,-1,-1,-1
74,3,1391.99,338.83,84.84,206.76,-1,-1,-1,-1
75,3,1386.21,327.55,86.25,206.88,-1,-1,-1,-1
76,3,1383.79,322.70,88.91,205.25,-1,-1,-1,-1
77,3,1381.28,311.79,90.82,209.18,-1,-1,-1,-1
78,3,1375.54,301.98,91.93,209.82,-1,-1,-1,-1
79,3,1375.22,294.70,89.76,209.67,-1,-1,-1,-1
80,3,1374.63,286.17,89.49,208.98,-1,-1,-1,-1
81,3,1373.63,285.96,89.99,207.85,-1,-1,-1,-1
82,3,1368.01,270.94,90.41,214.26,-1,-1,-1,-1
83,3,1365.83,269.54,91.76,209.16,-1,-1,-1,-1
84,3,1365.66,256.29,90.73,210.69,-1,-1,-1,-1
85,3,1360.44,251.86,90.18,211.82,-1,-1,-1,-1
86,3,1361.06,237.56,87.68,213.90,-1,-1,-1,-1
87,3,1360.22,237.43,88.47,208.79,-1,-1,-1,-1
88,3,1359.13,227.58,88.79,212.73,-1,-1,-1,-1
89,3,1359.62,223.56,86.82,209.50,-1,-1,-1,-1
90,3,1353.68,211.56,87.70,213.92,-1,-1,-1,-1
91,3,1351.76,206.57,88.40,209.51,-1,-1,-1,-1
92,3,1350.77,197.22,87.70,213.19,-1,-1,-1,-1
93,3,1350.84,195.26,87.33,212.69,-1,-1,-1,-1
94,3,1346.16,187.63,86.53,212.01,-1,-1,-1,-1
95,3,1344.61,179.21,86.61,215.35,-1,-1,-1,-1
96,3,1343.42,173.25,87.26,213.70,-1,-1,-1,-1
97,3,1341.97,170.77,88.43,214.57,-1,-1,-1,-1
98,3,1337.96,163.17,87.26,213.71,-1,-1,-1,-1
99,3,1334.56,159.61,89.46,212.02,-1,-1,-1,-1
100,3,1334.83,150.66,87.81,213.85,-1,-1,-1,-1
101,3,1333.80,146.59,88.75,213.92,-1,-1,-1,-1
102,3,1330.11,140.19,87.48,213.23,-1,-1,-1,-1
103,3,1328.27,140.30,87.48,212.29,-1,-1,-1,-1
104,3,1327.02,131.61,88.01,213.89,-1,-1,-1,-1
105,3,1327.12,131.83,86.63,214.16,-1,-1,-1,-1
106,3,1322.15,126.94,87.70,211.73,-1,-1,-1,-1
107,3,1322.43,123.85,85.61,211.30,-1,-1,-1,-1
108,3,1323.84,119.65,79.79,210.68,-1,-1,-1,-1
109,3,1321.26,112.07,81.50,210.41,-1,-1,-1,-1
110,3,1317.36,109.42,81.48,209.90,-1,-1,-1,-1
111,3,1314.46,110.09,83.50,209.72,-1,-1,-1,-1
112,3,1312.40,101.94,84.27,210.71,-1,-1,-1,-1
113,3,1311.77,103.45,84.87,208.78,-1,-1,-1,-1
114,3,1307.99,97.17,83.36,209.70,-1,-1,-1,-1
115,3,1308.28,96.03,81.26,209.20,-1,-1,-1,-1
116,3,1305.47,95.77,83.56,208.14,-1,-1,-1,-1
117,3,1304.19,93.75,83.62,209.97,-1,-1,-1,-1
118,3,1299.74,92.78,83.79,209.14,-1,-1,-1,-1
119,3,1297.36,86.10,84.25,211.06,-1,-1,-1,-1
120,3,1296.70,84.87,84.17,210.48,-1,-1,-1,-1
121,3,1297.95,85.83,81.21,210.58,-1,-1,-1,-1
122,3,1292.00,85.26,83.46,209.88,-1,-1,-1,-1
123,3,1292.26,82.32,81.31,208.49,-1,-1,-1,-1
124,3,1289.90,85.26,81.61,210.59,-1,-1,-1,-1
125,3,1289.65,86.69,80.93,210.17,-1,-1,-1,-1
126,3,1285.49,84.84,80.33,209.11,-1,-1,-1,-1
127,3,1281.78,84.72,83.64,208.89,-1,-1,-1,-1
128,3,1280.12,84.36,84.37,211.11,-1,-1,-1,-1
129,3,1276.43,86.16,82.99,210.13,-1,-1,-1,-1
130,3,1274.50,85.59,83.73,209.86,-1,-1,-1,-1
131,3,1272.98,85.23,84.94,210.07,-1,-1,-1,-1
132,3,1272.32,89.55,84.30,210.01,-1,-1,-1,-1
133,3,1271.57,93.70,85.67,208.69,-1,-1,-1,-1
134,3,1267.65,93.83,83.77,206.85,-1,-1,-1,-1
135,3,1265.66,96.69,84.25,208.53,-1,-1,-1,-1
136,3,1266.56,98.43,81.83,206.22,-1,-1,-1,-1
137,3,1266.18,96.28,80.93,208.05,-1,-1,-1,-1
138,3,1260.92,101.58,81.01,212.37,-1,-1,-1,-1
139,3,1260.29,105.50,79.84,208.42,-1,-1,-1,-1
140,3,1257.68,106.08,82.58,208.00,-1,-1,-1,-1
141,3,1257.53,106.37,81.64,207.92,-1,-1,-1,-1
142,3,1251.24,111.76,83.18,210.17,-1,-1,-1,-1
143,3,1251.13,118.04,81.02,211.96,-1,-1,-1,-1
144,3,1249.82,122.23,81.71,207.33,-1,-1,-1,-1
145,3,1243.87,127.10,82.92,210.03,-1,-1,-1,-1
146,3,1240.81,129.20,85.50,207.15,-1,-1,-1,-1
147,3,1234.47,134.91,85.66,207.16,-1,-1,-1,-1
148,3,1232.52,140.56,85.86,200.25,-1,-1,-1,-1
149,3,1233.08,142.37,85.06,209.05,-1,-1,-1,-1
150,3,1231.84,148.13,86.38,230.76,-1,-1,-1,-1
151,3,1223.13,149.77,91.55,243.48,-1,-1,-1,-1
152,3,1220.23,151.79,95.33,256.13,-1,-1,-1,-1
153,3,1217.38,161.54,99.38,236.56,-1,-1,-1,-1
154,3,1217.54,168.75,99.13,225.06,-1,-1,-1,-1
155,3,1217.71,170.48,98.72,222.24,-1,-1,-1,-1
156,3,1218.40,175.84,96.91,222.30,-1,-1,-1,-1
157,3,1216.73,185.33,89.86,218.77,-1,-1,-1,-1
158,3,1217.17,195.97,87.63,211.57,-1,-1,-1,-1
159,3,1218.42,196.77,83.59,214.71,-1,-1,-1,-1
160,3,1218.30,202.88,80.99,215.22,-1,-1,-1,-1
161,3,1218.66,211.93,79.64,214.92,-1,-1,-1,-1
162,3,1212.69,215.74,80.11,211.18,-1,-1,-1,-1
163,3,1209.62,228.21,84.65,212.77,-1,-1,-1,-1
164,3,1206.22,232.48,88.59,209.73,-1,-1,-1,-1
165,3,1206.85,239.88,87.50,210.61,-1,-1,-1,-1
166,3,1200.95,253.23,88.13,209.19,-1,-1,-1,-1
167,3,1200.29,259.76,87.45,211.73,-1,-1,-1,-1
168,3,1198.74,264.29,87.92,208.23,-1,-1,-1,-1
169,3,1199.70,272.64,86.41,209.21,-1,-1,-1,-1
170,3,1193.69,278.45,87.08,207.04,-1,-1,-1,-1
171,3,1191.52,285.90,88.29,207.45,-1,-1,-1,-1
172,3,1189.96,295.65,89.54,210.99,-1,-1,-1,-1
173,3,1185.16,303.07,88.83,210.44,-1,-1,-1,-1
174,3,1184.75,305.58,87.65,209.12,-1,-1,-1,-1
175,3,1184.10,319.22,88.26,207.15,-1,-1,-1,-1
176,3,1182.67,326.14,88.75,207.76,-1,-1,-1,-1
177,3,1183.21,334.37,87.40,210.03,-1,-1,-1,-1
178,3,1177.78,345.02,87.14,207.07,-1,-1,-1,-1
179,3,1177.85,353.19,86.89,204.87,-1,-1,-1,-1
180,3,1175.50,361.12,87.74,208.24,-1,-1,-1,-1
181,3,1174.66,368.14,88.32,211.14,-1,-1,-1,-1
182,3,1171.05,376.96,84.30,208.95,-1,-1,-1,-1
183,3,1171.76,385.38,81.49,207.33,-1,-1,-1,-1
184,3,1170.97,391.78,80.79,212.12,-1,-1,-1,-1
185,3,1170.17,401.55,81.18,209.22,-1,-1,-1,-1
186,3,1165.76,418.69,79.48,204.25,-1,-1,-1,-1
187,3,1163.84,429.11,80.69,199.84,-1,-1,-1,-1
188,3,1161.96,434.91,82.71,202.40,-1,-1,-1,-1
189,3,1161.72,441.28,81.32,204.57,-1,-1,-1,-1
190,3,1156.78,449.46,81.54,202.23,-1,-1,-1,-1
191,3,1155.37,458.07,81.76,203.15,-1,-1,-1,-1
192,3,1154.87,466.34,81.30,204.78,-1,-1,-1,-1
193,3,1153.24,476.78,82.15,203.27,-1,-1,-1,-1
194,3,1147.78,489.06,81.99,201.58,-1,-1,-1,-1
195,3,1147.21,497.51,81.30,202.72,-1,-1,-1,-1
196,3,1146.36,507.01,80.97,200.40,-1,-1,-1,-1
197,3,1146.71,513.57,80.26,202.46,-1,-1,-1,-1
198,3,1141.19,522.99,80.56,201.40,-1,-1,-1,-1
199,3,1140.24,529.61,80.43,202.03,-1,-1,-1,-1
200,3,1138.58,539.55,81.49,201.63,-1,-1,-1,-1
201,3,1139.08,546.14,79.86,202.35,-1,-1,-1,-1
202,3,1133.80,557.11,77.09,198.95,-1,-1,-1,-1
203,3,1133.01,563.87,77.83,198.79,-1,-1,-1,-1
204,3,1133.13,570.14,75.17,202.29,-1,-1,-1,-1
205,3,1127.69,579.82,75.58,199.93,-1,-1,-1,-1
206,3,1125.66,588.16,76.08,201.89,-1,-1,-1,-1
207,3,1124.58,597.15,78.49,210.07,-1,-1,-1,-1
208,3,1122.37,604.96,80.89,211.30,-1,-1,-1,-1
209,3,1118.17,609.13,77.13,219.42,-1,-1,-1,-1
210,3,1116.15,620.78,79.32,213.32,-1,-1,-1,-1
211,3,1114.42,625.22,80.62,219.23,-1,-1,-1,-1
212,3,1109.61,629.11,79.16,214.78,-1,-1,-1,-1
213,3,1107.15,638.46,81.02,210.83,-1,-1,-1,-1
214,3,1103.32,645.31,87.44,227.99,-1,-1,-1,-1
215,3,1098.14,648.49,85.33,223.40,-1,-1,-1,-1
216,3,1089.54,656.73,86.35,240.53,-1,-1,-1,-1
1,4,665.19,424.89,82.75,208.54,-1,-1,-1,-1
2,4,664.77,415.45,85.08,212.38,-1,-1,-1,-1
3,4,663.73,405.07,88.59,214.99,-1,-1,-1,-1
4,4,664.69,397.32,89.30,213.92,-1,-1,-1,-1
5,4,663.96,387.96,91.06,217.31,-1,-1,-1,-1
6,4,671.17,380.89,87.39,218.04,-1,-1,-1,-1
7,4,671.63,372.18,88.20,217.13,-1,-1,-1,-1
8,4,672.49,364.35,88.94,216.48,-1,-1,-1,-1
9,4,673.57,358.55,88.30,213.64,-1,-1,-1,-1
10,4,677.96,348.69,90.77,214.53,-1,-1,-1,-1
11,4,679.08,340.78,89.77,213.55,-1,-1,-1,-1
12,4,678.96,334.76,92.08,209.69,-1,-1,-1,-1
13,4,680.20,327.12,90.97,209.73,-1,-1,-1,-1
14,4,685.35,317.43,91.41,209.53,-1,-1,-1,-1
15,4,685.24,303.79,92.53,210.51,-1,-1,-1,-1
16,4,684.43,302.96,96.67,207.69,-1,-1,-1,-1
17,4,683.89,289.78,98.72,207.96,-1,-1,-1,-1
18,4,689.21,288.47,98.63,204.21,-1,-1,-1,-1
19,4,689.34,280.54,99.47,207.01,-1,-1,-1,-1
20,4,690.07,272.12,99.64,208.92,-1,-1,-1,-1
21,4,691.66,265.62,97.94,208.03,-1,-1,-1,-1
22,4,693.12,257.09,97.15,207.62,-1,-1,-1,-1
23,4,698.50,244.17,95.86,212.51,-1,-1,-1,-1
24,4,699.82,239.07,96.49,206.11,-1,-1,-1,-1
25,4,701.75,231.17,94.67,206.19,-1,-1,-1,-1
26,4,702.26,226.02,95.05,205.98,-1,-1,-1,-1
27,4,708.19,214.71,93.48,209.04,-1,-1,-1,-1
28,4,710.06,214.63,92.87,208.74,-1,-1,-1,-1
29,4,712.14,207.16,90.58,208.94,-1,-1,-1,-1
30,4,717.15,196.46,90.36,212.40,-1,-1,-1,-1
31,4,717.75,189.52,90.64,213.81,-1,-1,-1,-1
32,4,718.35,180.52,91.12,213.99,-1,-1,-1,-1
33,4,719.24,181.30,91.87,212.55,-1,-1,-1,-1
34,4,724.90,169.30,90.94,209.75,-1,-1,-1,-1
35,4,726.64,172.27,89.16,211.18,-1,-1,-1,-1
36,4,728.05,165.06,89.15,209.75,-1,-1,-1,-1
37,4,729.51,160.47,88.89,207.01,-1,-1,-1,-1
38,4,728.70,154.13,90.52,207.90,-1,-1,-1,-1
39,4,733.80,145.75,89.38,208.51,-1,-1,-1,-1
40,4,735.48,142.42,90.32,206.68,-1,-1,-1,-1
41,4,737.89,137.10,87.78,207.18,-1,-1,-1,-1
42,4,740.40,134.39,91.36,207.58,-1,-1,-1,-1
43,4,742.59,129.46,90.33,205.95,-1,-1,-1,-1
44,4,743.47,126.43,90.81,206.28,-1,-1,-1,-1
45,4,743.87,128.01,92.08,206.16,-1,-1,-1,-1
46,4,748.55,119.25,91.97,205.70,-1,-1,-1,-1
47,4,751.03,114.54,90.22,205.71,-1,-1,-1,-1
48,4,753.15,113.35,89.35,203.66,-1,-1,-1,-1
49,4,753.43,107.49,89.40,203.93,-1,-1,-1,-1
50,4,758.30,107.56,88.81,205.41,-1,-1,-1,-1
51,4,759.48,107.25,89.19,205.54,-1,-1,-1,-1
52,4,760.86,103.91,90.08,203.77,-1,-1,-1,-1
53,4,765.74,103.43,87.96,205.99,-1,-1,-1,-1
54,4,766.42,97.74,89.69,204.04,-1,-1,-1,-1
55,4,767.63,96.39,89.06,204.95,-1,-1,-1,-1
56,4,769.19,97.05,88.94,204.18,-1,-1,-1,-1
57,4,769.35,97.51,89.75,203.63,-1,-1,-1,-1
58,4,773.62,90.22,90.78,206.09,-1,-1,-1,-1
59,4,773.94,92.96,92.17,210.74,-1,-1,-1,-1
60,4,773.79,89.43,95.15,207.20,-1,-1,-1,-1
61,4,779.31,88.44,93.74,205.86,-1,-1,-1,-1
62,4,782.04,89.63,90.99,207.10,-1,-1,-1,-1
63,4,782.69,88.86,90.90,207.06,-1,-1,-1,-1
64,4,784.47,89.27,90.05,207.41,-1,-1,-1,-1
65,4,786.09,90.03,88.21,204.93,-1,-1,-1,-1
66,4,790.54,96.17,88.89,204.64,-1,-1,-1,-1
67,4,791.22,89.60,89.55,206.69,-1,-1,-1,-1
68,4,794.35,97.11,87.37,204.88,-1,-1,-1,-1
69,4,798.82,96.24,87.38,205.16,-1,-1,-1,-1
70,4,798.48,95.06,89.14,206.06,-1,-1,-1,-1
71,4,799.73,96.80,88.73,205.25,-1,-1,-1,-1
72,4,801.18,97.32,88.94,204.24,-1,-1,-1,-1
73,4,801.11,104.02,89.76,206.67,-1,-1,-1,-1
74,4,805.46,106.15,89.02,206.55,-1,-1,-1,-1
75,4,806.54,103.55,90.38,208.66,-1,-1,-1,-1
76,4,807.58,109.99,90.41,209.96,-1,-1,-1,-1
77,4,809.74,114.73,89.04,205.83,-1,-1,-1,-1
78,4,813.22,115.15,90.87,206.54,-1,-1,-1,-1
79,4,813.99,119.50,92.20,207.00,-1,-1,-1,-1
80,4,815.31,122.80,90.90,206.14,-1,-1,-1,-1
81,4,817.12,123.15,89.77,204.77,-1,-1,-1,-1
82,4,821.04,129.57,90.46,207.25,-1,-1,-1,-1
83,4,823.40,133.99,88.74,207.60,-1,-1,-1,-1
84,4,822.99,139.02,90.57,206.50,-1,-1,-1,-1
85,4,824.65,145.87,90.24,206.99,-1,-1,-1,-1
86,4,830.10,151.26,88.07,208.11,-1,-1,-1,-1
87,4,830.32,151.74,89.56,210.89,-1,-1,-1,-1
88,4,830.44,159.28,90.98,208.44,-1,-1,-1,-1
89,4,832.08,165.99,90.26,209.17,-1,-1,-1,-1
90,4,833.77,166.24,88.55,209.97,-1,-1,-1,-1
91,4,839.28,173.87,87.56,211.12,-1,-1,-1,-1
92,4,839.30,180.89,90.51,212.52,-1,-1,-1,-1
93,4,840.41,181.03,90.94,213.39,-1,-1,-1,-1
94,4,845.08,189.09,90.00,212.52,-1,-1,-1,-1
95,4,847.82,197.79,88.02,211.36,-1,-1,-1,-1
96,4,847.83,206.99,89.77,208.56,-1,-1,-1,-1
97,4,847.77,208.35,91.12,209.36,-1,-1,-1,-1
98,4,854.19,215.56,88.53,207.99,-1,-1,-1,-1
99,4,853.26,225.39,92.41,206.15,-1,-1,-1,-1
100,4,853.65,234.82,92.76,202.45,-1,-1,-1,-1
101,4,855.37,242.72,91.67,204.05,-1,-1,-1,-1
102,4,855.79,250.37,91.48,204.61,-1,-1,-1,-1
103,4,859.95,250.64,92.81,206.66,-1,-1,-1,-1
104,4,860.72,260.27,93.50,204.25,-1,-1,-1,-1
105,4,862.29,264.43,92.51,208.87,-1,-1,-1,-1
106,4,862.41,274.47,94.24,206.77,-1,-1,-1,-1
107,4,866.13,282.90,97.01,203.93,-1,-1,-1,-1
108,4,867.04,290.26,98.23,204.90,-1,-1,-1,-1
109,4,869.57,299.54,95.29,205.58,-1,-1,-1,-1
110,4,874.33,311.23,95.81,205.91,-1,-1,-1,-1
111,4,874.85,319.02,96.74,205.85,-1,-1,-1,-1
112,4,876.98,323.85,94.90,204.50,-1,-1,-1,-1
113,4,879.48,330.33,92.64,206.68,-1,-1,-1,-1
114,4,880.56,337.71,90.87,206.98,-1,-1,-1,-1
115,4,886.85,349.98,88.33,209.26,-1,-1,-1,-1
116,4,888.62,360.80,87.39,206.07,-1,-1,-1,-1
117,4,889.09,365.95,89.13,208.11,-1,-1,-1,-1
118,4,894.42,366.54,88.03,214.12,-1,-1,-1,-1
119,4,894.43,380.85,89.01,211.68,-1,-1,-1,-1
120,4,896.25,390.28,88.00,210.43,-1,-1,-1,-1
121,4,895.84,397.96,91.04,212.17,-1,-1,-1,-1
122,4,903.29,407.92,86.85,211.39,-1,-1,-1,-1
123,4,902.84,416.60,88.97,211.27,-1,-1,-1,-1
124,4,904.34,433.00,87.54,205.25,-1,-1,-1,-1
125,4,906.91,441.42,85.72,205.24,-1,-1,-1,-1
126,4,908.40,450.59,83.44,202.78,-1,-1,-1,-1
127,4,912.34,453.68,84.75,202.40,-1,-1,-1,-1
128,4,915.16,462.11,82.27,201.04,-1,-1,-1,-1
129,4,914.77,473.40,85.67,201.99,-1,-1,-1,-1
130,4,919.78,483.21,85.00,200.96,-1,-1,-1,-1
131,4,920.89,492.87,84.16,201.08,-1,-1,-1,-1
132,4,921.71,499.94,84.46,203.10,-1,-1,-1,-1
133,4,921.57,506.98,85.71,205.79,-1,-1,-1,-1
134,4,923.04,519.99,85.49,207.15,-1,-1,-1,-1
135,4,923.11,524.34,86.13,214.46,-1,-1,-1,-1
136,4,926.25,532.83,90.10,212.62,-1,-1,-1,-1
137,4,928.86,542.71,88.69,207.94,-1,-1,-1,-1
138,4,929.89,549.64,87.39,210.22,-1,-1,-1,-1
139,4,935.20,558.70,87.15,212.79,-1,-1,-1,-1
140,4,936.49,566.94,87.12,212.06,-1,-1,-1,-1
141,4,937.59,572.46,86.93,213.20,-1,-1,-1,-1
142,4,942.67,579.11,86.96,215.17,-1,-1,-1,-1
143,4,944.19,589.50,86.05,210.73,-1,-1,-1,-1
144,4,944.62,598.20,87.17,208.27,-1,-1,-1,-1
145,4,945.32,607.70,88.66,208.30,-1,-1,-1,-1
146,4,946.88,612.57,86.02,214.00,-1,-1,-1,-1
147,4,950.90,620.90,86.60,213.24,-1,-1,-1,-1
148,4,952.10,625.31,87.21,218.89,-1,-1,-1,-1
149,4,952.12,636.23,88.76,214.37,-1,-1,-1,-1
150,4,953.78,641.59,87.50,219.95,-1,-1,-1,-1
151,4,959.43,643.32,86.11,219.38,-1,-1,-1,-1
152,4,958.78,653.26,89.83,213.23,-1,-1,-1,-1
153,4,960.66,660.78,88.34,213.20,-1,-1,-1,-1
154,4,965.11,669.42,89.82,212.92,-1,-1,-1,-1
155,4,966.66,675.58,87.95,215.37,-1,-1,-1,-1
156,4,966.63,685.47,90.24,212.89,-1,-1,-1,-1
157,4,968.18,689.34,88.97,219.58,-1,-1,-1,-1
158,4,969.15,693.71,89.10,216.14,-1,-1,-1,-1
159,4,973.44,698.83,90.42,217.63,-1,-1,-1,-1
160,4,973.84,707.36,92.08,215.41,-1,-1,-1,-1
161,4,974.49,714.29,92.42,217.65,-1,-1,-1,-1
162,4,975.25,719.68,92.75,212.06,-1,-1,-1,-1
163,4,979.09,719.02,93.94,215.63,-1,-1,-1,-1
164,4,979.95,724.92,96.35,213.88,-1,-1,-1,-1
165,4,982.36,727.67,92.79,212.17,-1,-1,-1,-1
166,4,982.22,734.42,94.46,209.23,-1,-1,-1,-1
167,4,986.87,741.13,94.54,211.23,-1,-1,-1,-1
168,4,988.13,742.14,94.87,212.18,-1,-1,-1,-1
169,4,987.87,750.95,97.92,209.67,-1,-1,-1,-1
170,4,990.89,752.99,93.80,210.04,-1,-1,-1,-1
171,4,994.40,756.55,95.79,214.83,-1,-1,-1,-1
172,4,996.71,756.72,94.79,214.35,-1,-1,-1,-1
173,4,999.45,757.57,90.99,215.60,-1,-1,-1,-1
174,4,1000.94,760.87,89.77,212.58,-1,-1,-1,-1
175,4,1004.80,766.34,91.49,214.01,-1,-1,-1,-1
176,4,1006.38,772.08,90.92,213.52,-1,-1,-1,-1
177,4,1007.91,773.12,90.20,211.84,-1,-1,-1,-1
178,4,1010.05,774.63,87.16,211.99,-1,-1,-1,-1
179,4,1013.12,780.54,89.58,210.96,-1,-1,-1,-1
180,4,1014.72,783.18,90.64,207.01,-1,-1,-1,-1
181,4,1017.44,780.54,87.62,211.22,-1,-1,-1,-1
182,4,1017.31,784.46,89.40,208.21,-1,-1,-1,-1
183,4,1021.15,784.33,90.22,208.53,-1,-1,-1,-1
184,4,1023.11,784.04,89.80,208.81,-1,-1,-1,-1
185,4,1024.29,784.63,90.03,206.13,-1,-1,-1,-1
186,4,1024.88,785.10,90.11,210.14,-1,-1,-1,-1
187,4,1028.82,785.13,90.68,208.45,-1,-1,-1,-1
188,4,1032.21,789.05,88.07,210.26,-1,-1,-1,-1
189,4,1033.08,789.77,88.70,208.61,-1,-1,-1,-1
190,4,1033.23,786.36,89.01,206.79,-1,-1,-1,-1
191,4,1037.43,784.56,89.70,208.58,-1,-1,-1,-1
192,4,1038.96,784.59,91.01,208.43,-1,-1,-1,-1
193,4,1041.71,783.42,88.22,208.70,-1,-1,-1,-1
194,4,1044.88,781.43,90.36,210.31,-1,-1,-1,-1
195,4,1045.57,784.41,92.09,206.20,-1,-1,-1,-1
196,4,1046.50,782.01,91.55,208.95,-1,-1,-1,-1
197,4,1048.51,775.76,89.73,209.38,-1,-1,-1,-1
198,4,1048.56,775.51,90.51,208.32,-1,-1,-1,-1
199,4,1053.55,772.06,89.71,213.46,-1,-1,-1,-1
200,4,1055.90,768.42,89.65,208.55,-1,-1,-1,-1
201,4,1057.74,770.22,88.35,204.60,-1,-1,-1,-1
202,4,1061.72,759.63,88.83,212.29,-1,-1,-1,-1
203,4,1062.64,758.14,89.21,210.44,-1,-1,-1,-1
204,4,1063.13,758.78,90.20,207.43,-1,-1,-1,-1
205,4,1064.96,751.36,88.60,209.15,-1,-1,-1,-1
206,4,1069.59,750.15,89.03,210.70,-1,-1,-1,-1
207,4,1072.47,748.36,87.30,212.43,-1,-1,-1,-1
208,4,1071.00,740.12,91.24,213.80,-1,-1,-1,-1
209,4,1073.70,736.25,88.31,208.36,-1,-1,-1,-1
210,4,1077.51,729.34,89.47,208.28,-1,-1,-1,-1
211,4,1079.28,728.77,88.84,207.16,-1,-1,-1,-1
212,4,1080.33,720.19,88.98,210.05,-1,-1,-1,-1
213,4,1086.70,718.16,87.62,211.43,-1,-1,-1,-1
214,4,1087.83,708.78,88.00,216.24,-1,-1,-1,-1
215,4,1087.66,700.58,89.23,216.06,-1,-1,-1,-1
216,4,1088.32,701.10,88.98,212.55,-1,-1,-1,-1
217,4,1087.14,674.58,91.29,234.18,-1,-1,-1,-1
218,4,1087.82,681.65,92.20,220.79,-1,-1,-1,-1
219,4,1091.70,686.24,94.10,212.59,-1,-1,-1,-1
220,4,1094.12,673.40,93.10,225.06,-1,-1,-1,-1
221,4,1095.27,672.81,91.65,227.20,-1,-1,-1,-1
222,4,1095.53,664.53,91.70,241.30,-1,-1,-1,-1
223,4,1100.91,655.30,91.11,258.66,-1,-1,-1,-1
224,4,1102.90,648.31,88.95,272.11,-1,-1,-1,-1
225,4,1101.76,637.68,91.68,279.78,-1,-1,-1,-1
226,4,1099.95,630.86,95.46,294.30,-1,-1,-1,-1
227,4,1097.54,624.17,100.96,305.22,-1,-1,-1,-1
228,4,1095.49,618.44,106.63,313.98,-1,-1,-1,-1
229,4,1101.33,611.53,107.44,313.71,-1,-1,-1,-1
230,4,1103.91,604.51,104.12,278.87,-1,-1,-1,-1
231,4,1106.48,593.11,101.27,252.70,-1,-1,-1,-1
232,4,1113.81,592.77,98.45,254.60,-1,-1,-1,-1
233,4,1118.28,583.91,92.93,256.94,-1,-1,-1,-1
234,4,1122.77,571.29,95.65,249.63,-1,-1,-1,-1
235,4,1125.43,563.39,92.00,282.25,-1,-1,-1,-1
236,4,1124.28,559.82,95.88,290.07,-1,-1,-1,-1
237,4,1122.04,553.62,102.23,288.98,-1,-1,-1,-1
238,4,1133.76,543.66,89.99,209.20,-1,-1,-1,-1
239,4,1134.96,535.49,88.45,207.66,-1,-1,-1,-1
240,4,1135.17,526.59,89.10,209.47,-1,-1,-1,-1
241,4,1135.00,519.24,91.61,206.98,-1,-1,-1,-1
242,4,1137.32,513.78,89.28,204.90,-1,-1,-1,-1
243,4,1141.92,502.98,89.36,209.40,-1,-1,-1,-1
244,4,1143.42,499.38,89.00,202.68,-1,-1,-1,-1
245,4,1144.60,488.18,89.95,207.08,-1,-1,-1,-1
246,4,1145.26,481.97,89.25,206.38,-1,-1,-1,-1
247,4,1150.78,474.22,88.05,205.98,-1,-1,-1,-1
248,4,1153.04,457.19,87.12,209.00,-1,-1,-1,-1
249,4,1154.47,449.83,87.34,206.39,-1,-1,-1,-1
250,4,1157.55,442.93,89.48,208.39,-1,-1,-1,-1
165,5,1250.21,137.81,84.55,222.15,-1,-1,-1,-1
166,5,1254.51,135.60,89.07,226.40,-1,-1,-1,-1
167,5,1254.13,124.09,92.31,232.20,-1,-1,-1,-1
168,5,1252.27,120.95,95.18,237.19,-1,-1,-1,-1
169,5,1252.02,119.56,96.26,224.04,-1,-1,-1,-1
170,5,1252.96,116.08,95.67,229.82,-1,-1,-1,-1
171,5,1259.62,113.25,94.60,252.91,-1,-1,-1,-1
172,5,1257.42,115.22,100.45,248.63,-1,-1,-1,-1
173,5,1257.40,103.16,102.58,225.42,-1,-1,-1,-1
174,5,1265.19,103.12,87.59,223.80,-1,-1,-1,-1
175,5,1268.11,100.38,93.67,231.14,-1,-1,-1,-1
176,5,1267.46,99.36,96.66,233.64,-1,-1,-1,-1
177,5,1265.93,98.80,100.62,233.50,-1,-1,-1,-1
178,5,1268.09,99.46,98.18,214.60,-1,-1,-1,-1
179,5,1277.25,98.23,91.25,216.82,-1,-1,-1,-1
180,5,1278.74,94.07,91.29,214.26,-1,-1,-1,-1
181,5,1278.74,93.66,92.18,211.26,-1,-1,-1,-1
182,5,1277.25,84.85,96.50,216.15,-1,-1,-1,-1
183,5,1278.37,83.77,94.42,218.61,-1,-1,-1,-1
184,5,1283.77,83.75,95.73,217.34,-1,-1,-1,-1
185,5,1285.41,81.79,94.73,218.55,-1,-1,-1,-1
186,5,1291.50,81.35,94.42,223.45,-1,-1,-1,-1
187,5,1291.45,83.01,96.66,218.44,-1,-1,-1,-1
188,5,1291.27,83.15,97.94,216.09,-1,-1,-1,-1
189,5,1294.73,82.12,93.37,218.63,-1,-1,-1,-1
190,5,1300.67,83.61,92.09,215.50,-1,-1,-1,-1
191,5,1300.95,85.94,92.92,214.18,-1,-1,-1,-1
192,5,1301.71,85.98,92.56,215.19,-1,-1,-1,-1
193,5,1302.26,84.42,93.09,216.10,-1,-1,-1,-1
194,5,1302.87,86.85,92.37,213.01,-1,-1,-1,-1
195,5,1302.70,85.31,93.71,216.60,-1,-1,-1,-1
196,5,1309.56,92.94,91.32,210.78,-1,-1,-1,-1
197,5,1310.70,93.12,91.28,213.99,-1,-1,-1,-1
198,5,1311.11,93.76,92.47,214.32,-1,-1,-1,-1
199,5,1309.19,92.44,96.08,215.54,-1,-1,-1,-1
200,5,1316.18,94.49,94.21,225.50,-1,-1,-1,-1
201,5,1315.54,98.47,96.46,233.13,-1,-1,-1,-1
202,5,1314.74,94.59,100.15,241.90,-1,-1,-1,-1
173,6,1254.80,105.47,107.75,285.36,-1,-1,-1,-1
204,7,1326.77,108.59,90.52,327.12,-1,-1,-1,-1
205,7,1323.61,110.05,97.79,324.99,-1,-1,-1,-1
206,7,1329.97,114.21,98.64,300.08,-1,-1,-1,-1
207,7,1337.19,115.47,84.78,248.41,-1,-1,-1,-1
208,7,1333.14,124.17,94.81,296.29,-1,-1,-1,-1
209,7,1339.28,130.43,96.41,299.21,-1,-1,-1,-1
210,7,1340.10,131.27,95.87,298.83,-1,-1,-1,-1
211,7,1342.35,132.18,92.15,297.09,-1,-1,-1,-1
212,7,1343.65,143.25,90.87,289.72,-1,-1,-1,-1
213,7,1349.28,150.57,91.55,274.58,-1,-1,-1,-1
214,7,1348.52,157.67,95.36,262.47,-1,-1,-1,-1
215,7,1357.20,161.43,92.18,252.83,-1,-1,-1,-1
216,7,1359.73,158.73,87.42,243.75,-1,-1,-1,-1
217,7,1359.75,162.28,87.14,234.09,-1,-1,-1,-1
226,8,1379.88,217.02,79.30,222.35,-1,-1,-1,-1
227,8,1367.84,222.51,89.25,228.89,-1,-1,-1,-1
228,8,1377.85,245.03,83.50,211.94,-1,-1,-1,-1
229,8,1376.69,246.29,86.49,212.64,-1,-1,-1,-1
230,8,1376.74,255.08,87.45,210.05,-1,-1,-1,-1
231,8,1382.67,261.81,88.92,211.59,-1,-1,-1,-1
232,8,1383.29,270.23,89.11,209.23,-1,-1,-1,-1
233,8,1383.59,270.19,89.78,214.76,-1,-1,-1,-1
234,8,1390.14,281.24,88.90,219.25,-1,-1,-1,-1
235,8,1390.20,288.98,90.15,221.34,-1,-1,-1,-1
236,8,1388.97,299.18,93.40,215.52,-1,-1,-1,-1
237,8,1389.05,300.91,94.80,216.37,-1,-1,-1,-1
238,8,1395.49,316.67,94.46,213.58,-1,-1,-1,-1
239,8,1393.68,322.22,99.23,217.99,-1,-1,-1,-1
240,8,1395.34,322.96,95.70,220.55,-1,-1,-1,-1
241,8,1395.37,330.48,96.77,220.60,-1,-1,-1,-1
242,8,1396.51,335.25,95.77,227.74,-1,-1,-1,-1
243,8,1396.67,350.07,96.36,226.70,-1,-1,-1,-1
244,8,1398.01,358.03,94.70,226.58,-1,-1,-1,-1
245,8,1403.51,368.79,95.62,221.38,-1,-1,-1,-1
246,8,1404.56,377.89,95.03,221.64,-1,-1,-1,-1
247,8,1406.06,398.04,94.50,210.65,-1,-1,-1,-1
248,8,1411.69,404.89,94.26,211.84,-1,-1,-1,-1
249,8,1412.73,414.10,94.36,210.52,-1,-1,-1,-1
250,8,1413.70,426.15,93.08,206.86,-1,-1,-1,-1
231,9,1075.58,736.13,83.21,211.57,-1,-1,-1,-1
232,9,1076.75,744.32,79.51,210.35,-1,-1,-1,-1
233,9,1074.86,748.77,80.70,210.61,-1,-1,-1,-1
234,9,1069.81,750.01,79.37,211.83,-1,-1,-1,-1
235,9,1067.95,758.51,79.06,210.69,-1,-1,-1,-1
236,9,1066.16,761.69,80.96,209.25,-1,-1,-1,-1
237,9,1061.65,759.90,79.57,209.95,-1,-1,-1,-1
238,9,1059.49,765.99,81.62,209.24,-1,-1,-1,-1
239,9,1059.19,768.22,81.58,206.19,-1,-1,-1,-1
240,9,1059.32,767.86,79.55,206.22,-1,-1,-1,-1
241,9,1053.37,773.05,80.14,210.06,-1,-1,-1,-1
242,9,1050.94,775.40,82.99,210.08,-1,-1,-1,-1
243,9,1050.06,780.93,83.95,209.01,-1,-1,-1,-1
244,9,1050.62,777.52,81.00,208.69,-1,-1,-1,-1
245,9,1049.32,777.94,81.69,208.03,-1,-1,-1,-1
246,9,1043.73,781.60,82.66,210.34,-1,-1,-1,-1
247,9,1041.64,781.72,84.56,209.70,-1,-1,-1,-1
248,9,1040.69,780.75,84.62,211.44,-1,-1,-1,-1
249,9,1040.47,781.53,83.95,210.11,-1,-1,-1,-1
250,9,1037.44,782.46,79.83,211.08,-1,-1,-1,-1
