1,1,374.01,438.62,89.25,210.32,-1,-1,-1,-1
2,1,374.95,437.80,89.73,211.47,-1,-1,-1,-1
3,1,375.05,431.27,91.74,210.09,-1,-1,-1,-1
4,1,382.47,430.25,89.74,213.72,-1,-1,-1,-1
5,1,388.98,429.73,92.17,212.07,-1,-1,-1,-1
6,1,389.20,428.90,92.58,216.06,-1,-1,-1,-1
7,1,396.87,426.31,91.76,221.04,-1,-1,-1,-1
8,1,397.42,428.34,94.07,216.80,-1,-1,-1,-1
9,1,403.59,430.64,95.24,211.77,-1,-1,-1,-1
10,1,403.98,428.49,97.77,212.99,-1,-1,-1,-1
11,1,411.21,428.04,95.57,216.20,-1,-1,-1,-1
12,1,412.60,429.97,96.59,212.35,-1,-1,-1,-1
13,1,420.09,428.40,93.72,214.01,-1,-1,-1,-1
14,1,423.42,424.29,90.89,224.03,-1,-1,-1,-1
15,1,429.42,427.06,91.89,218.17,-1,-1,-1,-1
16,1,432.83,428.66,88.67,215.08,-1,-1,-1,-1
17,1,439.29,434.68,88.00,217.61,-1,-1,-1,-1
18,1,446.28,428.67,89.34,215.41,-1,-1,-1,-1
19,1,446.58,427.61,91.20,218.48,-1,-1,-1,-1
20,1,453.16,429.16,91.17,214.12,-1,-1,-1,-1
21,1,454.66,426.93,91.46,216.11,-1,-1,-1,-1
22,1,462.32,424.05,89.23,222.37,-1,-1,-1,-1
23,1,465.11,425.85,87.33,221.80,-1,-1,-1,-1
24,1,469.77,429.19,91.62,213.95,-1,-1,-1,-1
25,1,471.61,433.19,90.71,219.73,-1,-1,-1,-1
26,1,478.40,432.42,89.65,222.80,-1,-1,-1,-1
27,1,480.69,427.17,87.64,218.72,-1,-1,-1,-1
28,1,486.04,427.91,90.97,214.31,-1,-1,-1,-1
29,1,492.73,426.59,92.52,217.59,-1,-1,-1,-1
30,1,494.29,424.16,92.24,221.80,-1,-1,-1,-1
31,1,500.84,425.92,92.82,221.84,-1,-1,-1,-1
32,1,501.49,426.88,94.02,217.58,-1,-1,-1,-1
33,1,509.58,430.83,91.17,225.22,-1,-1,-1,-1
34,1,511.12,431.58,90.97,223.12,-1,-1,-1,-1
35,1,516.54,428.58,93.55,216.05,-1,-1,-1,-1
36,1,517.95,431.21,94.32,224.55,-1,-1,-1,-1
37,1,524.42,425.19,95.24,220.85,-1,-1,-1,-1
38,1,531.47,418.39,94.93,220.79,-1,-1,-1,-1
39,1,533.36,424.70,93.34,220.85,-1,-1,-1,-1
40,1,541.22,430.61,91.65,225.65,-1,-1,-1,-1
41,1,542.44,428.53,92.18,229.41,-1,-1,-1,-1
42,1,549.13,429.38,91.71,228.84,-1,-1,-1,-1
43,1,550.87,429.56,92.09,228.38,-1,-1,-1,-1
44,1,556.52,431.11,93.66,224.36,-1,-1,-1,-1
45,1,563.34,427.40,95.21,217.69,-1,-1,-1,-1
46,1,564.56,432.35,94.37,221.25,-1,-1,-1,-1
47,1,571.31,426.53,95.05,219.46,-1,-1,-1,-1
48,1,573.12,429.73,93.21,229.35,-1,-1,-1,-1
49,1,580.23,423.61,93.16,225.05,-1,-1,-1,-1
50,1,581.92,424.38,92.74,222.56,-1,-1,-1,-1
51,1,587.52,424.81,94.71,223.38,-1,-1,-1,-1
52,1,590.80,424.92,91.62,237.65,-1,-1,-1,-1
53,1,597.19,430.98,91.14,226.86,-1,-1,-1,-1
54,1,597.67,433.06,94.34,222.53,-1,-1,-1,-1
55,1,603.21,424.92,96.52,223.60,-1,-1,-1,-1
56,1,606.58,429.40,92.24,228.91,-1,-1,-1,-1
57,1,612.42,430.65,94.34,225.69,-1,-1,-1,-1
58,1,614.35,429.35,93.53,229.05,-1,-1,-1,-1
59,1,621.29,430.25,93.36,227.89,-1,-1,-1,-1
60,1,628.11,425.36,93.63,221.62,-1,-1,-1,-1
61,1,628.63,427.48,95.25,218.01,-1,-1,-1,-1
62,1,636.73,431.23,92.26,226.37,-1,-1,-1,-1
63,1,637.97,431.16,92.61,226.33,-1,-1,-1,-1
64,1,643.47,424.70,95.51,223.05,-1,-1,-1,-1
65,1,646.51,424.64,92.10,221.58,-1,-1,-1,-1
66,1,653.04,424.96,92.45,222.12,-1,-1,-1,-1
67,1,655.46,424.08,91.56,223.33,-1,-1,-1,-1
68,1,660.89,425.05,93.72,220.77,-1,-1,-1,-1
69,1,666.78,420.06,96.49,218.20,-1,-1,-1,-1
70,1,670.71,430.69,91.11,225.79,-1,-1,-1,-1
71,1,676.20,427.59,93.66,218.27,-1,-1,-1,-1
72,1,678.90,431.88,91.39,223.06,-1,-1,-1,-1
73,1,685.20,425.76,92.00,220.76,-1,-1,-1,-1
74,1,686.80,426.95,92.62,217.22,-1,-1,-1,-1
75,1,693.18,428.09,91.66,216.09,-1,-1,-1,-1
76,1,696.78,430.15,87.96,212.51,-1,-1,-1,-1
77,1,701.97,431.14,90.80,211.33,-1,-1,-1,-1
78,1,704.32,435.03,89.18,216.91,-1,-1,-1,-1
79,1,711.29,435.02,88.98,217.12,-1,-1,-1,-1
80,1,718.03,435.92,89.67,214.84,-1,-1,-1,-1
81,1,719.88,428.51,89.58,214.42,-1,-1,-1,-1
82,1,726.74,428.03,88.49,213.98,-1,-1,-1,-1
83,1,726.97,429.70,91.48,210.10,-1,-1,-1,-1
84,1,733.05,430.27,92.19,212.69,-1,-1,-1,-1
85,1,733.94,435.19,93.13,216.17,-1,-1,-1,-1
86,1,739.75,428.75,94.91,214.94,-1,-1,-1,-1
87,1,740.98,421.00,95.90,216.57,-1,-1,-1,-1
88,1,749.42,417.71,92.26,222.48,-1,-1,-1,-1
89,1,756.64,428.92,92.02,213.85,-1,-1,-1,-1
90,1,756.70,430.16,95.10,212.61,-1,-1,-1,-1
91,1,764.46,434.65,92.33,217.03,-1,-1,-1,-1
92,1,764.66,429.03,95.03,215.64,-1,-1,-1,-1
93,1,770.31,430.07,97.69,211.17,-1,-1,-1,-1
94,1,772.81,428.50,95.64,217.30,-1,-1,-1,-1
95,1,780.92,429.96,92.21,215.05,-1,-1,-1,-1
96,1,782.34,430.35,93.07,212.65,-1,-1,-1,-1
97,1,788.34,437.48,94.78,210.92,-1,-1,-1,-1
98,1,789.89,434.97,94.80,216.12,-1,-1,-1,-1
99,1,796.21,434.83,94.82,217.69,-1,-1,-1,-1
100,1,799.59,430.28,90.70,213.61,-1,-1,-1,-1
101,1,806.62,427.10,90.14,215.73,-1,-1,-1,-1
102,1,812.92,421.76,92.45,215.23,-1,-1,-1,-1
103,1,814.52,426.78,93.31,216.01,-1,-1,-1,-1
104,1,820.08,429.68,95.21,211.30,-1,-1,-1,-1
105,1,821.85,428.26,93.88,217.36,-1,-1,-1,-1
106,1,828.66,436.81,93.84,212.94,-1,-1,-1,-1
107,1,831.23,430.02,92.18,211.85,-1,-1,-1,-1
108,1,837.66,427.86,91.15,216.15,-1,-1,-1,-1
109,1,847.34,423.92,86.80,222.48,-1,-1,-1,-1
110,1,848.16,426.35,88.26,218.82,-1,-1,-1,-1
111,1,855.40,426.91,87.20,217.01,-1,-1,-1,-1
112,1,857.05,427.37,87.12,219.31,-1,-1,-1,-1
113,1,862.95,427.67,87.42,218.64,-1,-1,-1,-1
114,1,864.76,434.51,87.43,216.97,-1,-1,-1,-1
115,1,869.69,429.03,90.83,215.14,-1,-1,-1,-1
116,1,871.43,430.09,91.29,211.64,-1,-1,-1,-1
117,1,878.64,429.97,89.98,212.53,-1,-1,-1,-1
118,1,881.10,436.89,88.21,212.92,-1,-1,-1,-1
119,1,887.17,439.08,90.13,209.36,-1,-1,-1,-1
120,1,893.50,430.13,91.11,212.23,-1,-1,-1,-1
121,1,895.09,428.12,90.89,213.35,-1,-1,-1,-1
122,1,902.62,429.25,88.43,211.89,-1,-1,-1,-1
123,1,904.94,433.32,87.58,219.16,-1,-1,-1,-1
124,1,911.15,429.25,89.23,213.13,-1,-1,-1,-1
125,1,912.33,428.87,88.66,215.58,-1,-1,-1,-1
126,1,918.56,433.06,89.86,207.25,-1,-1,-1,-1
127,1,919.10,431.99,91.55,209.99,-1,-1,-1,-1
128,1,925.31,430.18,91.92,211.55,-1,-1,-1,-1
129,1,928.57,429.69,89.32,209.99,-1,-1,-1,-1
130,1,933.87,430.37,91.39,209.71,-1,-1,-1,-1
131,1,940.96,430.76,91.54,213.03,-1,-1,-1,-1
132,1,944.61,431.27,88.64,208.29,-1,-1,-1,-1
133,1,950.48,430.15,88.99,213.64,-1,-1,-1,-1
134,1,951.69,432.48,90.60,206.74,-1,-1,-1,-1
135,1,958.36,437.82,89.40,210.02,-1,-1,-1,-1
136,1,961.11,438.76,87.78,209.55,-1,-1,-1,-1
137,1,967.39,432.01,86.94,209.70,-1,-1,-1,-1
138,1,968.52,430.39,88.96,210.38,-1,-1,-1,-1
139,1,974.89,437.50,89.91,211.18,-1,-1,-1,-1
140,1,977.62,431.50,88.14,208.08,-1,-1,-1,-1
141,1,982.91,431.89,90.48,207.65,-1,-1,-1,-1
142,1,990.76,430.65,87.95,209.54,-1,-1,-1,-1
143,1,992.63,436.43,86.81,213.19,-1,-1,-1,-1
144,1,997.74,429.99,90.39,213.84,-1,-1,-1,-1
145,1,1000.20,429.56,88.41,214.27,-1,-1,-1,-1
146,1,1007.74,430.71,86.82,212.78,-1,-1,-1,-1
147,1,1010.05,429.29,86.99,211.92,-1,-1,-1,-1
148,1,1015.10,431.78,89.07,209.20,-1,-1,-1,-1
149,1,1016.99,436.45,88.69,213.93,-1,-1,-1,-1
150,1,1023.94,431.98,88.16,208.05,-1,-1,-1,-1
151,1,1025.86,430.22,87.12,211.04,-1,-1,-1,-1
152,1,1030.58,433.36,90.62,205.46,-1,-1,-1,-1
153,1,1038.16,431.93,88.68,208.48,-1,-1,-1,-1
154,1,1040.40,431.36,89.46,207.68,-1,-1,-1,-1
155,1,1047.04,434.24,87.86,205.32,-1,-1,-1,-1
156,1,1047.88,431.88,90.34,207.04,-1,-1,-1,-1
157,1,1054.41,431.80,89.34,209.52,-1,-1,-1,-1
158,1,1057.54,431.61,86.90,208.84,-1,-1,-1,-1
159,1,1063.75,432.01,86.42,210.35,-1,-1,-1,-1
160,1,1065.22,431.85,88.42,208.14,-1,-1,-1,-1
161,1,1071.22,433.88,89.41,205.50,-1,-1,-1,-1
162,1,1077.62,435.43,91.18,202.93,-1,-1,-1,-1
163,1,1079.74,433.52,89.86,205.09,-1,-1,-1,-1
164,1,1086.85,439.91,88.99,207.99,-1,-1,-1,-1
165,1,1087.53,431.47,91.49,208.61,-1,-1,-1,-1
166,1,1095.10,431.74,88.57,206.26,-1,-1,-1,-1
167,1,1095.70,433.17,91.08,207.02,-1,-1,-1,-1
168,1,1101.31,435.24,92.71,203.50,-1,-1,-1,-1
169,1,1110.61,441.15,88.46,206.14,-1,-1,-1,-1
170,1,1109.71,442.45,93.15,203.36,-1,-1,-1,-1
171,1,1110.86,436.05,92.84,202.05,-1,-1,-1,-1
172,1,1120.31,433.03,86.39,206.37,-1,-1,-1,-1
173,1,1121.14,434.73,88.26,204.21,-1,-1,-1,-1
174,1,1127.81,441.88,87.51,201.57,-1,-1,-1,-1
175,1,1130.60,434.13,85.91,205.53,-1,-1,-1,-1
176,1,1137.73,436.77,84.71,200.90,-1,-1,-1,-1
177,1,1145.45,435.40,83.82,202.81,-1,-1,-1,-1
178,1,1146.77,441.41,84.42,202.39,-1,-1,-1,-1
179,1,1153.44,437.08,83.64,200.62,-1,-1,-1,-1
180,1,1156.06,437.44,81.57,198.17,-1,-1,-1,-1
181,1,1157.43,443.73,79.32,198.09,-1,-1,-1,-1
182,1,1160.72,444.55,73.17,198.73,-1,-1,-1,-1
183,1,1167.54,437.77,71.62,199.22,-1,-1,-1,-1
184,1,1170.28,441.59,67.15,191.46,-1,-1,-1,-1
185,1,1172.38,438.70,62.25,194.32,-1,-1,-1,-1
34,2,1861.57,412.37,98.30,232.28,-1,-1,-1,-1
35,2,1858.75,418.79,91.44,218.71,-1,-1,-1,-1
36,2,1856.47,420.13,92.20,216.44,-1,-1,-1,-1
37,2,1854.13,421.34,90.73,214.68,-1,-1,-1,-1
38,2,1846.57,429.03,87.48,212.11,-1,-1,-1,-1
39,2,1842.24,430.07,86.66,209.97,-1,-1,-1,-1
40,2,1838.39,430.40,90.83,212.77,-1,-1,-1,-1
41,2,1836.43,436.59,86.41,210.33,-1,-1,-1,-1
42,2,1829.88,431.93,86.83,210.83,-1,-1,-1,-1
43,2,1827.49,430.49,82.44,207.42,-1,-1,-1,-1
44,2,1824.01,432.11,76.37,211.43,-1,-1,-1,-1
45,2,1822.28,440.36,74.48,203.85,-1,-1,-1,-1
46,2,1821.46,434.33,73.99,207.46,-1,-1,-1,-1
47,2,1814.38,433.80,74.19,208.17,-1,-1,-1,-1
48,2,1807.33,435.06,75.85,205.27,-1,-1,-1,-1
49,2,1804.59,431.59,76.58,204.61,-1,-1,-1,-1
50,2,1796.69,437.43,78.15,208.93,-1,-1,-1,-1
51,2,1794.18,430.04,81.81,207.38,-1,-1,-1,-1
52,2,1788.28,432.01,80.11,203.87,-1,-1,-1,-1
53,2,1784.96,433.18,83.91,209.20,-1,-1,-1,-1
54,2,1778.21,430.31,83.85,207.93,-1,-1,-1,-1
55,2,1771.75,431.57,83.19,204.17,-1,-1,-1,-1
56,2,1770.84,435.97,82.12,210.90,-1,-1,-1,-1
57,2,1762.85,431.10,83.91,207.13,-1,-1,-1,-1
58,2,1761.11,434.09,83.09,205.80,-1,-1,-1,-1
59,2,1756.01,441.15,81.33,202.39,-1,-1,-1,-1
60,2,1753.89,433.69,82.65,207.89,-1,-1,-1,-1
61,2,1748.34,434.12,81.40,206.86,-1,-1,-1,-1
62,2,1746.57,435.23,80.63,205.39,-1,-1,-1,-1
63,2,1738.05,431.02,83.69,205.25,-1,-1,-1,-1
64,2,1738.02,431.76,81.04,204.02,-1,-1,-1,-1
65,2,1729.33,428.67,83.46,202.92,-1,-1,-1,-1
66,2,1724.67,432.21,81.24,208.00,-1,-1,-1,-1
67,2,1723.00,432.38,81.65,205.70,-1,-1,-1,-1
68,2,1715.32,434.30,83.61,204.52,-1,-1,-1,-1
69,2,1716.01,439.34,79.33,206.48,-1,-1,-1,-1
70,2,1706.53,432.72,84.76,206.76,-1,-1,-1,-1
71,2,1701.28,438.01,80.97,208.14,-1,-1,-1,-1
72,2,1697.11,430.68,84.98,207.75,-1,-1,-1,-1
73,2,1691.94,438.00,82.55,208.51,-1,-1,-1,-1
74,2,1690.12,431.82,83.42,208.21,-1,-1,-1,-1
75,2,1685.58,433.72,80.69,206.73,-1,-1,-1,-1
76,2,1684.69,434.46,78.91,205.74,-1,-1,-1,-1
77,2,1681.84,432.65,81.64,205.12,-1,-1,-1,-1
78,2,1676.63,434.45,78.60,202.98,-1,-1,-1,-1
79,2,1669.79,433.12,77.06,201.52,-1,-1,-1,-1
80,2,1668.00,433.85,76.68,204.34,-1,-1,-1,-1
81,2,1662.25,436.27,77.09,202.09,-1,-1,-1,-1
82,2,1654.80,432.14,77.53,204.14,-1,-1,-1,-1
83,2,1652.45,438.66,79.06,205.94,-1,-1,-1,-1
84,2,1645.04,433.33,80.86,206.41,-1,-1,-1,-1
85,2,1642.85,439.51,80.79,207.08,-1,-1,-1,-1
86,2,1636.81,434.89,81.42,206.00,-1,-1,-1,-1
87,2,1634.34,435.77,81.44,204.43,-1,-1,-1,-1
88,2,1628.54,435.65,81.39,203.59,-1,-1,-1,-1
89,2,1624.75,432.73,84.50,203.82,-1,-1,-1,-1
90,2,1618.18,434.42,84.69,206.63,-1,-1,-1,-1
91,2,1618.97,435.62,80.52,204.16,-1,-1,-1,-1
92,2,1610.06,439.95,83.63,203.81,-1,-1,-1,-1
93,2,1609.67,433.23,82.13,206.36,-1,-1,-1,-1
94,2,1605.04,430.94,79.02,205.67,-1,-1,-1,-1
95,2,1602.67,437.17,80.38,209.29,-1,-1,-1,-1
96,2,1593.94,435.41,84.51,204.87,-1,-1,-1,-1
97,2,1587.26,434.06,83.79,206.83,-1,-1,-1,-1
98,2,1584.83,435.12,84.40,205.09,-1,-1,-1,-1
99,2,1580.89,439.28,80.52,208.09,-1,-1,-1,-1
100,2,1576.66,433.29,84.18,205.61,-1,-1,-1,-1
101,2,1571.15,434.03,83.34,204.93,-1,-1,-1,-1
102,2,1562.99,438.80,84.91,206.04,-1,-1,-1,-1
103,2,1563.13,432.27,82.78,207.09,-1,-1,-1,-1
104,2,1558.87,435.03,87.15,205.27,-1,-1,-1,-1
105,2,1551.87,432.17,88.66,206.73,-1,-1,-1,-1
106,2,1546.97,438.57,85.30,209.12,-1,-1,-1,-1
107,2,1545.38,441.52,83.29,203.77,-1,-1,-1,-1
108,2,1541.56,440.00,80.19,206.30,-1,-1,-1,-1
109,2,1537.11,434.20,83.68,206.02,-1,-1,-1,-1
110,2,1530.94,439.96,83.23,206.00,-1,-1,-1,-1
111,2,1530.44,442.56,81.14,202.81,-1,-1,-1,-1
112,2,1523.09,434.58,82.82,206.62,-1,-1,-1,-1
113,2,1522.87,435.24,80.46,204.69,-1,-1,-1,-1
114,2,1514.32,431.81,83.55,205.08,-1,-1,-1,-1
115,2,1513.08,432.56,82.59,206.63,-1,-1,-1,-1
116,2,1506.52,431.18,83.70,205.36,-1,-1,-1,-1
117,2,1498.57,427.75,84.02,204.47,-1,-1,-1,-1
118,2,1496.33,432.62,85.97,205.66,-1,-1,-1,-1
119,2,1491.38,431.04,83.71,205.24,-1,-1,-1,-1
120,2,1489.15,431.95,83.90,205.35,-1,-1,-1,-1
121,2,1482.60,433.79,84.01,203.11,-1,-1,-1,-1
122,2,1480.19,431.73,85.39,203.80,-1,-1,-1,-1
123,2,1475.61,433.62,81.48,204.80,-1,-1,-1,-1
124,2,1468.60,440.16,81.82,206.01,-1,-1,-1,-1
125,2,1465.17,432.83,84.85,206.84,-1,-1,-1,-1
126,2,1465.07,431.97,83.32,205.29,-1,-1,-1,-1
127,2,1456.38,437.93,85.97,208.26,-1,-1,-1,-1
128,2,1451.16,430.40,83.94,207.92,-1,-1,-1,-1
129,2,1449.44,437.67,82.67,208.63,-1,-1,-1,-1
130,2,1442.79,433.47,83.88,205.58,-1,-1,-1,-1
131,2,1440.53,438.40,84.18,207.26,-1,-1,-1,-1
132,2,1436.09,435.37,81.27,205.12,-1,-1,-1,-1
133,2,1432.36,434.51,84.31,203.34,-1,-1,-1,-1
134,2,1425.70,435.12,84.19,206.06,-1,-1,-1,-1
135,2,1426.07,434.11,81.07,204.62,-1,-1,-1,-1
136,2,1416.79,439.62,84.73,204.88,-1,-1,-1,-1
137,2,1411.39,431.40,83.84,206.67,-1,-1,-1,-1
138,2,1411.41,433.73,80.42,205.44,-1,-1,-1,-1
139,2,1402.14,439.99,84.39,203.40,-1,-1,-1,-1
140,2,1401.11,434.73,83.69,205.25,-1,-1,-1,-1
141,2,1397.59,432.56,79.87,206.24,-1,-1,-1,-1
142,2,1389.49,435.23,80.05,205.26,-1,-1,-1,-1
143,2,1385.82,441.16,83.73,202.33,-1,-1,-1,-1
144,2,1382.66,440.21,78.36,205.67,-1,-1,-1,-1
145,2,1380.22,435.39,79.54,205.20,-1,-1,-1,-1
146,2,1371.56,440.24,82.31,204.41,-1,-1,-1,-1
147,2,1370.69,442.98,80.75,203.59,-1,-1,-1,-1
148,2,1362.21,435.28,85.22,205.68,-1,-1,-1,-1
149,2,1359.32,439.68,86.19,205.51,-1,-1,-1,-1
150,2,1351.48,431.06,89.79,207.37,-1,-1,-1,-1
151,2,1349.68,431.86,90.10,203.42,-1,-1,-1,-1
152,2,1344.50,433.73,87.04,204.78,-1,-1,-1,-1
153,2,1337.32,432.86,87.84,204.10,-1,-1,-1,-1
154,2,1335.91,433.16,87.08,204.49,-1,-1,-1,-1
155,2,1329.63,431.90,87.56,205.39,-1,-1,-1,-1
156,2,1329.67,433.91,84.38,206.47,-1,-1,-1,-1
157,2,1324.04,434.14,82.61,204.41,-1,-1,-1,-1
158,2,1322.01,434.80,82.35,202.05,-1,-1,-1,-1
159,2,1313.11,435.22,85.12,204.83,-1,-1,-1,-1
160,2,1313.45,441.62,82.38,204.95,-1,-1,-1,-1
161,2,1307.17,432.71,83.40,207.56,-1,-1,-1,-1
162,2,1299.64,438.95,83.36,206.82,-1,-1,-1,-1
163,2,1297.90,441.38,83.97,204.04,-1,-1,-1,-1
164,2,1298.03,436.03,81.88,204.32,-1,-1,-1,-1
165,2,1289.50,436.78,84.05,202.79,-1,-1,-1,-1
166,2,1284.87,433.73,81.23,205.15,-1,-1,-1,-1
167,2,1281.18,439.33,83.37,207.30,-1,-1,-1,-1
168,2,1274.24,431.34,84.68,206.61,-1,-1,-1,-1
169,2,1272.43,433.12,84.37,208.04,-1,-1,-1,-1
170,2,1266.88,431.31,84.03,206.22,-1,-1,-1,-1
171,2,1264.62,431.06,85.34,206.03,-1,-1,-1,-1
172,2,1260.41,438.87,80.67,207.43,-1,-1,-1,-1
173,2,1256.49,439.77,84.92,205.75,-1,-1,-1,-1
174,2,1250.95,439.66,82.85,205.94,-1,-1,-1,-1
175,2,1242.97,439.29,84.92,207.28,-1,-1,-1,-1
176,2,1241.91,432.43,83.90,206.64,-1,-1,-1,-1
177,2,1234.39,438.58,84.36,208.98,-1,-1,-1,-1
178,2,1232.52,438.49,84.95,208.43,-1,-1,-1,-1
179,2,1224.41,437.43,87.83,208.75,-1,-1,-1,-1
180,2,1222.11,438.13,89.72,207.96,-1,-1,-1,-1
181,2,1215.41,438.63,90.69,208.65,-1,-1,-1,-1
182,2,1213.34,438.62,90.60,207.33,-1,-1,-1,-1
183,2,1205.31,430.93,92.82,210.18,-1,-1,-1,-1
184,2,1197.19,433.99,94.50,206.71,-1,-1,-1,-1
185,2,1188.74,431.83,97.15,208.41,-1,-1,-1,-1
186,2,1189.59,433.75,93.54,208.65,-1,-1,-1,-1
187,2,1190.06,439.02,89.05,205.38,-1,-1,-1,-1
188,2,1183.35,431.69,90.57,206.84,-1,-1,-1,-1
189,2,1184.57,435.07,85.89,205.42,-1,-1,-1,-1
190,2,1181.14,435.50,80.63,204.05,-1,-1,-1,-1
191,2,1176.15,432.95,84.96,205.72,-1,-1,-1,-1
192,2,1174.94,438.78,76.11,206.51,-1,-1,-1,-1
193,2,1172.43,436.82,76.23,201.38,-1,-1,-1,-1
194,2,1164.19,433.05,78.61,202.02,-1,-1,-1,-1
195,2,1158.00,440.21,78.78,202.40,-1,-1,-1,-1
196,2,1151.04,441.67,76.91,200.86,-1,-1,-1,-1
197,2,1148.92,433.79,78.30,201.40,-1,-1,-1,-1
198,2,1148.68,435.62,77.16,200.28,-1,-1,-1,-1
199,2,1141.32,434.43,78.46,199.72,-1,-1,-1,-1
200,2,1138.05,441.15,81.16,201.31,-1,-1,-1,-1
201,2,1132.02,437.32,81.65,200.55,-1,-1,-1,-1
202,2,1128.99,436.93,83.06,200.22,-1,-1,-1,-1
203,2,1122.21,436.76,83.56,201.07,-1,-1,-1,-1
204,2,1115.12,441.18,84.12,201.52,-1,-1,-1,-1
205,2,1113.98,441.16,83.59,202.46,-1,-1,-1,-1
206,2,1114.13,441.10,81.11,203.16,-1,-1,-1,-1
207,2,1106.27,443.76,82.71,203.14,-1,-1,-1,-1
208,2,1105.02,442.64,83.41,203.29,-1,-1,-1,-1
209,2,1098.65,440.19,82.66,203.48,-1,-1,-1,-1
210,2,1090.81,434.09,84.40,203.08,-1,-1,-1,-1
211,2,1090.20,436.03,82.11,201.50,-1,-1,-1,-1
212,2,1082.46,433.60,84.39,201.84,-1,-1,-1,-1
213,2,1080.67,433.48,85.09,202.60,-1,-1,-1,-1
214,2,1076.51,439.81,80.47,205.01,-1,-1,-1,-1
215,2,1074.90,443.01,81.09,203.81,-1,-1,-1,-1
216,2,1067.02,433.98,82.60,205.02,-1,-1,-1,-1
217,2,1059.79,433.09,82.92,203.79,-1,-1,-1,-1
218,2,1057.85,439.38,82.35,204.99,-1,-1,-1,-1
219,2,1051.71,440.43,82.45,202.58,-1,-1,-1,-1
220,2,1050.31,440.45,81.55,203.14,-1,-1,-1,-1
221,2,1043.35,431.78,83.22,205.54,-1,-1,-1,-1
222,2,1036.54,432.82,81.92,204.77,-1,-1,-1,-1
223,2,1033.95,433.39,83.47,202.10,-1,-1,-1,-1
224,2,1028.69,431.91,81.34,205.03,-1,-1,-1,-1
225,2,1027.71,433.19,79.77,204.00,-1,-1,-1,-1
226,2,1022.52,433.89,78.55,205.09,-1,-1,-1,-1
227,2,1018.51,435.90,81.34,203.27,-1,-1,-1,-1
228,2,1010.50,433.10,84.90,204.66,-1,-1,-1,-1
229,2,1010.48,434.08,80.49,203.76,-1,-1,-1,-1
230,2,1004.92,438.89,80.12,205.65,-1,-1,-1,-1
231,2,1002.10,440.54,81.11,204.60,-1,-1,-1,-1
232,2,996.57,433.31,80.20,205.98,-1,-1,-1,-1
233,2,987.70,432.36,83.71,204.70,-1,-1,-1,-1
234,2,988.12,434.77,79.96,204.22,-1,-1,-1,-1
235,2,981.85,439.12,79.74,207.01,-1,-1,-1,-1
236,2,980.06,442.21,80.02,205.24,-1,-1,-1,-1
237,2,970.02,431.85,85.63,207.15,-1,-1,-1,-1
238,2,969.74,433.61,82.54,205.77,-1,-1,-1,-1
239,2,964.70,440.12,80.44,205.18,-1,-1,-1,-1
240,2,959.64,432.11,86.06,206.28,-1,-1,-1,-1
241,2,954.35,433.31,85.20,204.42,-1,-1,-1,-1
242,2,952.43,433.16,84.09,204.77,-1,-1,-1,-1
243,2,946.09,432.31,84.26,205.92,-1,-1,-1,-1
244,2,940.19,438.32,81.93,206.92,-1,-1,-1,-1
245,2,937.60,432.54,83.82,204.98,-1,-1,-1,-1
246,2,933.78,427.30,79.75,205.45,-1,-1,-1,-1
247,2,931.56,432.12,79.91,205.12,-1,-1,-1,-1
248,2,923.34,431.65,83.44,205.53,-1,-1,-1,-1
249,2,921.21,433.65,83.34,205.19,-1,-1,-1,-1
250,2,914.41,434.57,84.52,207.39,-1,-1,-1,-1
192,3,1235.53,428.85,67.08,215.76,-1,-1,-1,-1
193,3,1234.32,438.41,70.00,207.57,-1,-1,-1,-1
194,3,1240.24,442.87,70.62,204.35,-1,-1,-1,-1
195,3,1238.85,439.92,73.85,207.23,-1,-1,-1,-1
196,3,1235.43,431.99,80.67,210.75,-1,-1,-1,-1
197,3,1232.13,434.38,86.34,205.66,-1,-1,-1,-1
198,3,1231.41,440.31,90.07,205.06,-1,-1,-1,-1
199,3,1238.24,441.92,90.72,203.34,-1,-1,-1,-1
200,3,1239.49,441.33,92.36,205.32,-1,-1,-1,-1
201,3,1247.09,441.27,89.33,206.56,-1,-1,-1,-1
202,3,1248.44,431.93,89.89,208.88,-1,-1,-1,-1
203,3,1255.68,437.31,88.91,212.36,-1,-1,-1,-1
204,3,1261.49,432.06,91.73,210.10,-1,-1,-1,-1
205,3,1264.42,437.40,88.83,211.70,-1,-1,-1,-1
206,3,1270.37,437.73,89.94,211.04,-1,-1,-1,-1
207,3,1270.59,439.88,93.33,208.65,-1,-1,-1,-1
208,3,1277.52,433.74,91.85,205.60,-1,-1,-1,-1
209,3,1279.75,433.63,91.52,204.31,-1,-1,-1,-1
210,3,1285.84,433.25,91.94,207.63,-1,-1,-1,-1
211,3,1292.70,440.87,92.40,203.57,-1,-1,-1,-1
212,3,1295.67,433.44,89.56,207.47,-1,-1,-1,-1
213,3,1302.49,440.91,89.15,205.20,-1,-1,-1,-1
214,3,1303.26,441.16,92.02,206.64,-1,-1,-1,-1
215,3,1310.06,441.66,90.01,206.00,-1,-1,-1,-1
216,3,1310.98,434.26,91.77,207.05,-1,-1,-1,-1
217,3,1317.79,438.26,91.81,209.86,-1,-1,-1,-1
218,3,1317.54,435.00,95.78,202.64,-1,-1,-1,-1
219,3,1323.83,433.20,95.63,207.61,-1,-1,-1,-1
220,3,1330.91,433.65,95.55,207.88,-1,-1,-1,-1
221,3,1331.39,433.53,98.51,205.45,-1,-1,-1,-1
222,3,1340.68,437.32,91.72,212.97,-1,-1,-1,-1
223,3,1343.46,434.16,90.25,206.36,-1,-1,-1,-1
224,3,1348.21,433.61,94.05,205.34,-1,-1,-1,-1
225,3,1350.07,432.11,93.21,207.67,-1,-1,-1,-1
226,3,1358.66,432.37,89.36,209.64,-1,-1,-1,-1
227,3,1359.71,439.15,91.74,208.66,-1,-1,-1,-1
228,3,1366.70,438.58,90.59,208.37,-1,-1,-1,-1
229,3,1366.89,434.15,92.94,205.47,-1,-1,-1,-1
230,3,1374.93,438.85,89.60,209.12,-1,-1,-1,-1
231,3,1377.03,439.67,89.16,207.80,-1,-1,-1,-1
232,3,1383.23,432.14,89.18,210.07,-1,-1,-1,-1
233,3,1390.41,429.75,88.69,212.06,-1,-1,-1,-1
234,3,1392.76,432.37,88.22,208.11,-1,-1,-1,-1
235,3,1398.15,433.39,90.25,206.21,-1,-1,-1,-1
236,3,1400.13,436.48,89.64,212.99,-1,-1,-1,-1
237,3,1405.26,433.18,91.82,208.29,-1,-1,-1,-1
238,3,1407.68,437.58,90.55,210.68,-1,-1,-1,-1
239,3,1414.44,439.39,90.68,207.64,-1,-1,-1,-1
240,3,1420.08,432.83,94.08,207.43,-1,-1,-1,-1
241,3,1421.29,430.81,94.53,211.12,-1,-1,-1,-1
242,3,1427.98,430.10,94.48,210.78,-1,-1,-1,-1
243,3,1428.85,430.80,95.54,209.22,-1,-1,-1,-1
244,3,1436.66,431.47,92.17,210.56,-1,-1,-1,-1
245,3,1438.36,435.89,92.25,214.03,-1,-1,-1,-1
246,3,1444.78,430.88,92.23,211.67,-1,-1,-1,-1
247,3,1447.22,434.57,91.78,216.79,-1,-1,-1,-1
248,3,1455.24,439.01,89.05,210.82,-1,-1,-1,-1
249,3,1462.04,432.38,89.31,208.97,-1,-1,-1,-1
250,3,1463.31,432.45,89.70,207.85,-1,-1,-1,-1
