1,1,1317.94,432.71,92.00,207.42,-1,-1,-1,-1
2,1,1319.16,438.90,89.31,211.81,-1,-1,-1,-1
3,1,1319.48,445.51,89.12,214.42,-1,-1,-1,-1
4,1,1320.01,461.52,87.30,211.77,-1,-1,-1,-1
5,1,1319.73,470.68,86.83,211.87,-1,-1,-1,-1
6,1,1320.35,485.29,85.71,210.93,-1,-1,-1,-1
7,1,1322.20,492.20,81.02,215.62,-1,-1,-1,-1
8,1,1315.46,502.06,83.07,213.88,-1,-1,-1,-1
9,1,1314.64,513.88,82.45,206.04,-1,-1,-1,-1
10,1,1313.14,522.08,84.74,219.92,-1,-1,-1,-1
11,1,1310.32,531.81,89.95,231.76,-1,-1,-1,-1
12,1,1301.50,542.12,95.19,225.91,-1,-1,-1,-1
13,1,1300.88,548.45,92.46,232.22,-1,-1,-1,-1
14,1,1300.69,558.31,93.17,242.46,-1,-1,-1,-1
15,1,1293.15,565.61,95.49,229.49,-1,-1,-1,-1
16,1,1292.65,580.12,93.61,213.47,-1,-1,-1,-1
17,1,1284.99,587.10,95.42,216.51,-1,-1,-1,-1
18,1,1285.95,594.47,90.69,220.79,-1,-1,-1,-1
19,1,1277.60,604.44,94.99,216.30,-1,-1,-1,-1
20,1,1276.43,612.79,94.06,216.32,-1,-1,-1,-1
21,1,1269.82,618.07,93.66,222.08,-1,-1,-1,-1
22,1,1269.51,631.09,91.11,224.25,-1,-1,-1,-1
23,1,1259.86,636.76,96.40,217.80,-1,-1,-1,-1
24,1,1252.40,643.84,96.76,220.21,-1,-1,-1,-1
25,1,1252.44,652.15,93.30,219.12,-1,-1,-1,-1
26,1,1244.46,660.16,95.18,219.92,-1,-1,-1,-1
27,1,1236.97,668.20,95.19,219.22,-1,-1,-1,-1
28,1,1229.92,680.12,93.66,222.10,-1,-1,-1,-1
29,1,1220.62,681.46,96.28,224.36,-1,-1,-1,-1
30,1,1221.15,690.38,92.44,223.80,-1,-1,-1,-1
31,1,1212.80,698.02,94.01,222.45,-1,-1,-1,-1
32,1,1203.23,706.15,97.62,222.38,-1,-1,-1,-1
33,1,1196.99,714.12,95.64,224.58,-1,-1,-1,-1
34,1,1187.75,723.10,97.37,219.18,-1,-1,-1,-1
35,1,1181.03,730.89,95.10,219.19,-1,-1,-1,-1
36,1,1172.11,732.28,97.13,223.07,-1,-1,-1,-1
37,1,1164.59,738.49,96.92,226.11,-1,-1,-1,-1
38,1,1156.78,746.72,95.82,220.29,-1,-1,-1,-1
39,1,1155.84,753.86,94.41,220.13,-1,-1,-1,-1
40,1,1140.51,754.40,96.71,221.53,-1,-1,-1,-1
41,1,1133.73,762.95,94.76,221.49,-1,-1,-1,-1
42,1,1124.18,766.24,96.36,227.58,-1,-1,-1,-1
43,1,1115.95,774.13,96.53,225.49,-1,-1,-1,-1
44,1,1108.07,776.99,96.31,222.59,-1,-1,-1,-1
45,1,1100.34,782.93,94.72,225.45,-1,-1,-1,-1
46,1,1091.07,788.64,97.24,217.11,-1,-1,-1,-1
47,1,1083.98,795.83,94.97,213.53,-1,-1,-1,-1
48,1,1075.68,799.26,95.36,211.81,-1,-1,-1,-1
49,1,1059.72,804.71,97.77,214.13,-1,-1,-1,-1
50,1,1051.54,806.80,97.92,213.14,-1,-1,-1,-1
51,1,1043.89,813.40,96.73,211.00,-1,-1,-1,-1
52,1,1036.56,813.37,94.35,211.92,-1,-1,-1,-1
53,1,1026.56,814.33,98.04,213.71,-1,-1,-1,-1
54,1,1020.32,821.60,93.69,210.58,-1,-1,-1,-1
55,1,1005.27,821.38,94.40,212.45,-1,-1,-1,-1
56,1,996.74,822.92,93.55,211.10,-1,-1,-1,-1
57,1,988.88,822.16,93.24,213.48,-1,-1,-1,-1
58,1,980.71,829.52,93.26,210.85,-1,-1,-1,-1
59,1,966.06,830.02,92.82,211.90,-1,-1,-1,-1
60,1,956.99,829.91,94.91,215.37,-1,-1,-1,-1
61,1,958.46,827.86,91.40,220.29,-1,-1,-1,-1
62,1,958.68,826.49,90.39,226.12,-1,-1,-1,-1
1,2,515.03,433.52,79.48,207.60,-1,-1,-1,-1
2,2,514.51,440.33,81.19,209.95,-1,-1,-1,-1
3,2,512.90,449.69,83.24,208.66,-1,-1,-1,-1
4,2,514.39,460.71,81.78,210.97,-1,-1,-1,-1
5,2,515.06,472.66,80.86,206.74,-1,-1,-1,-1
6,2,516.81,482.13,78.52,206.87,-1,-1,-1,-1
7,2,516.91,494.43,80.01,206.50,-1,-1,-1,-1
8,2,516.82,502.82,80.95,206.82,-1,-1,-1,-1
9,2,521.06,511.64,82.75,205.97,-1,-1,-1,-1
10,2,523.76,522.56,79.12,204.61,-1,-1,-1,-1
11,2,524.18,532.19,79.80,204.55,-1,-1,-1,-1
12,2,525.07,542.48,81.22,206.87,-1,-1,-1,-1
13,2,531.75,552.38,79.84,205.18,-1,-1,-1,-1
14,2,532.84,560.62,80.10,207.50,-1,-1,-1,-1
15,2,538.63,570.05,79.96,206.01,-1,-1,-1,-1
16,2,540.08,578.59,79.83,207.10,-1,-1,-1,-1
17,2,544.11,589.43,85.01,209.13,-1,-1,-1,-1
18,2,545.75,597.33,83.21,209.96,-1,-1,-1,-1
19,2,553.30,606.52,82.11,208.00,-1,-1,-1,-1
20,2,555.14,616.15,82.08,207.21,-1,-1,-1,-1
21,2,561.47,624.38,82.40,207.98,-1,-1,-1,-1
22,2,563.70,631.77,82.74,209.44,-1,-1,-1,-1
23,2,570.30,641.73,82.34,207.99,-1,-1,-1,-1
24,2,577.87,648.64,81.52,210.58,-1,-1,-1,-1
25,2,580.69,656.68,80.11,210.40,-1,-1,-1,-1
26,2,586.38,665.13,82.19,210.64,-1,-1,-1,-1
27,2,593.94,675.94,81.67,212.18,-1,-1,-1,-1
28,2,596.12,680.65,82.55,211.15,-1,-1,-1,-1
29,2,602.28,688.74,84.27,210.72,-1,-1,-1,-1
30,2,611.48,699.93,81.17,211.73,-1,-1,-1,-1
31,2,619.49,703.70,80.70,211.55,-1,-1,-1,-1
32,2,627.16,712.20,80.23,210.91,-1,-1,-1,-1
33,2,635.29,719.59,80.38,210.44,-1,-1,-1,-1
34,2,642.88,726.02,79.70,213.08,-1,-1,-1,-1
35,2,650.00,732.41,81.67,212.68,-1,-1,-1,-1
36,2,658.59,740.86,81.57,211.94,-1,-1,-1,-1
37,2,666.37,744.32,81.76,212.06,-1,-1,-1,-1
38,2,672.71,751.81,83.87,210.35,-1,-1,-1,-1
39,2,677.69,757.59,80.04,212.70,-1,-1,-1,-1
40,2,683.48,764.62,83.69,211.91,-1,-1,-1,-1
41,2,697.71,768.52,82.57,210.00,-1,-1,-1,-1
42,2,706.99,774.84,80.77,210.53,-1,-1,-1,-1
43,2,714.25,782.06,81.73,209.92,-1,-1,-1,-1
44,2,723.46,785.16,80.37,209.07,-1,-1,-1,-1
45,2,731.24,789.95,81.74,211.08,-1,-1,-1,-1
46,2,738.88,793.43,81.67,209.85,-1,-1,-1,-1
47,2,747.96,799.22,81.12,208.52,-1,-1,-1,-1
48,2,756.86,801.01,80.73,209.75,-1,-1,-1,-1
49,2,763.99,806.72,82.38,209.36,-1,-1,-1,-1
50,2,778.59,809.47,80.62,209.00,-1,-1,-1,-1
51,2,786.33,814.95,81.86,208.30,-1,-1,-1,-1
52,2,794.18,816.41,83.23,208.08,-1,-1,-1,-1
53,2,803.69,818.25,81.61,208.56,-1,-1,-1,-1
54,2,811.77,819.15,82.75,207.48,-1,-1,-1,-1
55,2,824.82,824.49,84.04,207.18,-1,-1,-1,-1
56,2,834.78,827.22,81.50,203.66,-1,-1,-1,-1
57,2,842.83,826.69,82.67,206.15,-1,-1,-1,-1
58,2,852.56,831.92,80.80,206.64,-1,-1,-1,-1
59,2,861.03,832.95,80.36,204.09,-1,-1,-1,-1
60,2,873.37,833.77,83.23,203.68,-1,-1,-1,-1
61,2,882.54,832.65,81.42,205.56,-1,-1,-1,-1
62,2,891.78,833.28,81.95,206.15,-1,-1,-1,-1
63,2,905.67,832.62,82.82,208.08,-1,-1,-1,-1
64,2,913.09,832.31,83.90,210.64,-1,-1,-1,-1
65,2,917.72,832.23,90.04,210.37,-1,-1,-1,-1
66,2,926.92,829.54,90.39,212.87,-1,-1,-1,-1
67,2,935.80,829.87,90.23,210.98,-1,-1,-1,-1
68,2,950.36,830.50,90.12,209.78,-1,-1,-1,-1
69,2,959.73,830.99,88.51,208.10,-1,-1,-1,-1
70,2,968.43,825.36,88.69,209.54,-1,-1,-1,-1
71,2,977.79,826.00,86.99,206.44,-1,-1,-1,-1
72,2,991.37,825.07,86.79,205.47,-1,-1,-1,-1
73,2,1000.86,823.53,86.72,206.83,-1,-1,-1,-1
74,2,1009.31,822.57,87.40,208.29,-1,-1,-1,-1
75,2,1017.46,818.23,87.66,206.00,-1,-1,-1,-1
76,2,1030.58,816.15,88.56,206.65,-1,-1,-1,-1
77,2,1040.10,811.36,87.18,206.53,-1,-1,-1,-1
78,2,1048.09,810.06,87.86,205.94,-1,-1,-1,-1
79,2,1057.54,807.99,86.72,206.70,-1,-1,-1,-1
80,2,1070.66,801.34,87.90,207.13,-1,-1,-1,-1
81,2,1078.49,797.95,88.28,208.65,-1,-1,-1,-1
82,2,1087.40,791.42,86.62,210.76,-1,-1,-1,-1
83,2,1095.69,788.33,87.37,211.35,-1,-1,-1,-1
84,2,1104.04,782.05,87.11,212.20,-1,-1,-1,-1
85,2,1112.22,775.75,87.21,212.06,-1,-1,-1,-1
86,2,1120.11,771.99,87.99,213.34,-1,-1,-1,-1
87,2,1129.27,765.36,86.84,212.71,-1,-1,-1,-1
88,2,1137.69,758.86,85.31,213.96,-1,-1,-1,-1
89,2,1144.84,751.20,86.81,213.60,-1,-1,-1,-1
90,2,1151.93,747.95,89.08,212.90,-1,-1,-1,-1
91,2,1160.35,741.88,87.81,212.72,-1,-1,-1,-1
92,2,1167.76,733.97,88.10,213.29,-1,-1,-1,-1
93,2,1175.84,727.96,87.55,212.83,-1,-1,-1,-1
94,2,1182.89,723.76,88.99,212.76,-1,-1,-1,-1
95,2,1190.82,716.49,88.11,211.90,-1,-1,-1,-1
96,2,1199.78,708.40,86.43,213.77,-1,-1,-1,-1
97,2,1206.67,700.74,88.12,213.39,-1,-1,-1,-1
98,2,1209.01,691.97,88.10,214.93,-1,-1,-1,-1
99,2,1217.05,685.57,86.98,212.56,-1,-1,-1,-1
100,2,1223.54,679.18,88.65,211.04,-1,-1,-1,-1
101,2,1231.42,669.06,88.07,213.85,-1,-1,-1,-1
102,2,1238.77,660.35,88.02,215.13,-1,-1,-1,-1
103,2,1240.89,652.02,88.07,213.74,-1,-1,-1,-1
104,2,1247.14,645.27,88.73,211.08,-1,-1,-1,-1
105,2,1249.94,636.51,87.17,212.31,-1,-1,-1,-1
106,2,1256.96,627.32,86.73,213.89,-1,-1,-1,-1
107,2,1265.38,615.58,84.78,213.36,-1,-1,-1,-1
108,2,1266.07,607.56,86.67,210.99,-1,-1,-1,-1
109,2,1271.88,599.96,87.03,210.58,-1,-1,-1,-1
110,2,1272.34,589.70,89.88,212.33,-1,-1,-1,-1
111,2,1278.97,582.81,87.86,209.72,-1,-1,-1,-1
112,2,1281.68,573.17,86.91,210.77,-1,-1,-1,-1
113,2,1287.10,564.86,87.96,210.72,-1,-1,-1,-1
114,2,1289.58,554.08,85.23,207.05,-1,-1,-1,-1
115,2,1297.24,544.20,82.61,207.76,-1,-1,-1,-1
116,2,1299.01,536.39,82.21,206.92,-1,-1,-1,-1
117,2,1299.90,526.44,82.45,207.43,-1,-1,-1,-1
118,2,1305.03,515.40,82.99,205.01,-1,-1,-1,-1
119,2,1305.34,507.83,83.49,202.40,-1,-1,-1,-1
120,2,1305.54,497.27,83.79,204.88,-1,-1,-1,-1
121,2,1306.47,488.72,83.15,204.16,-1,-1,-1,-1
122,2,1306.77,478.87,83.40,205.63,-1,-1,-1,-1
123,2,1307.88,465.14,81.61,207.04,-1,-1,-1,-1
124,2,1307.63,455.63,83.82,208.37,-1,-1,-1,-1
125,2,1307.33,446.05,84.10,208.89,-1,-1,-1,-1
126,2,1307.55,433.20,84.48,209.00,-1,-1,-1,-1
127,2,1307.95,425.89,82.53,206.65,-1,-1,-1,-1
128,2,1308.34,415.00,81.77,207.45,-1,-1,-1,-1
129,2,1307.72,405.34,82.92,209.39,-1,-1,-1,-1
130,2,1306.65,392.98,83.77,208.52,-1,-1,-1,-1
131,2,1307.45,384.16,82.99,205.62,-1,-1,-1,-1
132,2,1306.91,375.15,82.73,206.75,-1,-1,-1,-1
133,2,1304.69,361.61,84.78,208.13,-1,-1,-1,-1
134,2,1304.77,353.19,83.76,207.02,-1,-1,-1,-1
135,2,1299.54,344.70,84.26,206.58,-1,-1,-1,-1
136,2,1297.64,335.49,85.40,205.76,-1,-1,-1,-1
137,2,1295.94,326.33,86.24,207.64,-1,-1,-1,-1
138,2,1288.53,313.65,89.75,208.73,-1,-1,-1,-1
139,2,1286.18,304.40,90.87,208.62,-1,-1,-1,-1
140,2,1280.01,296.13,90.74,210.04,-1,-1,-1,-1
141,2,1279.01,286.68,89.87,209.01,-1,-1,-1,-1
142,2,1277.18,276.80,90.89,212.91,-1,-1,-1,-1
143,2,1271.47,268.95,90.74,211.08,-1,-1,-1,-1
144,2,1268.95,259.45,91.94,213.09,-1,-1,-1,-1
145,2,1261.95,251.58,92.58,212.28,-1,-1,-1,-1
146,2,1259.33,238.20,95.20,214.32,-1,-1,-1,-1
147,2,1252.54,230.59,94.30,213.40,-1,-1,-1,-1
148,2,1246.54,221.64,92.99,211.97,-1,-1,-1,-1
149,2,1239.01,212.95,92.52,215.23,-1,-1,-1,-1
150,2,1236.18,205.35,93.56,214.84,-1,-1,-1,-1
151,2,1230.74,196.89,90.68,216.72,-1,-1,-1,-1
152,2,1225.82,189.09,86.61,215.00,-1,-1,-1,-1
153,2,1218.08,181.25,87.35,214.71,-1,-1,-1,-1
154,2,1214.23,173.49,88.61,214.59,-1,-1,-1,-1
155,2,1206.31,166.28,89.16,214.02,-1,-1,-1,-1
156,2,1199.81,158.75,88.30,214.13,-1,-1,-1,-1
157,2,1191.50,150.29,89.94,215.21,-1,-1,-1,-1
158,2,1185.10,142.09,88.79,215.21,-1,-1,-1,-1
159,2,1176.28,139.38,89.95,212.65,-1,-1,-1,-1
160,2,1168.90,130.83,89.24,215.58,-1,-1,-1,-1
161,2,1164.27,123.82,91.96,214.48,-1,-1,-1,-1
162,2,1158.56,117.75,88.54,214.49,-1,-1,-1,-1
163,2,1150.58,111.04,89.48,214.03,-1,-1,-1,-1
164,2,1140.88,107.82,91.58,212.21,-1,-1,-1,-1
165,2,1131.80,101.17,93.94,212.33,-1,-1,-1,-1
166,2,1122.51,96.25,96.67,211.09,-1,-1,-1,-1
167,2,1114.98,91.82,95.31,212.30,-1,-1,-1,-1
168,2,1101.94,85.01,95.96,212.98,-1,-1,-1,-1
169,2,1096.09,79.74,91.68,212.15,-1,-1,-1,-1
170,2,1086.34,76.98,91.65,210.94,-1,-1,-1,-1
171,2,1077.51,72.11,92.65,212.56,-1,-1,-1,-1
172,2,1068.73,67.93,94.71,212.74,-1,-1,-1,-1
173,2,1057.79,63.91,97.78,209.85,-1,-1,-1,-1
174,2,1050.62,60.59,95.69,211.99,-1,-1,-1,-1
175,2,1039.70,55.20,92.49,213.12,-1,-1,-1,-1
176,2,1028.75,51.38,95.79,214.42,-1,-1,-1,-1
177,2,1020.26,48.02,95.11,212.42,-1,-1,-1,-1
178,2,1010.77,45.75,97.33,212.32,-1,-1,-1,-1
179,2,1002.10,44.40,97.11,212.01,-1,-1,-1,-1
180,2,990.83,45.25,92.23,208.34,-1,-1,-1,-1
181,2,983.84,40.32,88.41,210.90,-1,-1,-1,-1
182,2,976.79,38.08,87.13,211.31,-1,-1,-1,-1
183,2,966.91,38.53,88.37,207.73,-1,-1,-1,-1
184,2,954.19,38.97,85.74,206.22,-1,-1,-1,-1
185,2,947.24,35.57,83.28,204.99,-1,-1,-1,-1
186,2,938.36,34.46,84.32,206.18,-1,-1,-1,-1
187,2,929.96,33.43,81.92,208.72,-1,-1,-1,-1
188,2,920.50,32.54,83.84,210.21,-1,-1,-1,-1
189,2,912.35,33.43,84.45,208.37,-1,-1,-1,-1
190,2,899.86,34.69,81.44,205.15,-1,-1,-1,-1
191,2,890.44,34.42,81.44,206.42,-1,-1,-1,-1
192,2,882.13,34.55,80.90,206.48,-1,-1,-1,-1
193,2,869.37,38.98,79.16,205.55,-1,-1,-1,-1
194,2,858.10,38.59,82.16,206.49,-1,-1,-1,-1
195,2,848.60,38.89,83.71,208.17,-1,-1,-1,-1
196,2,839.60,41.21,85.18,207.96,-1,-1,-1,-1
197,2,826.56,40.44,85.85,211.11,-1,-1,-1,-1
198,2,816.36,44.45,87.38,210.20,-1,-1,-1,-1
199,2,806.75,44.80,90.16,211.57,-1,-1,-1,-1
200,2,797.87,47.20,89.86,212.78,-1,-1,-1,-1
201,2,785.29,52.26,88.65,211.48,-1,-1,-1,-1
202,2,775.82,53.59,89.94,213.74,-1,-1,-1,-1
203,2,766.87,59.19,90.34,213.10,-1,-1,-1,-1
204,2,758.54,61.64,90.38,211.50,-1,-1,-1,-1
205,2,749.74,63.85,90.48,212.75,-1,-1,-1,-1
206,2,738.33,70.48,87.31,213.04,-1,-1,-1,-1
207,2,728.66,74.94,88.42,213.88,-1,-1,-1,-1
208,2,718.40,77.82,91.89,214.50,-1,-1,-1,-1
209,2,711.63,82.38,88.71,215.00,-1,-1,-1,-1
210,2,704.69,86.51,86.83,215.48,-1,-1,-1,-1
211,2,694.18,93.67,90.52,213.93,-1,-1,-1,-1
212,2,687.22,99.43,88.89,212.93,-1,-1,-1,-1
213,2,678.09,105.35,90.44,216.14,-1,-1,-1,-1
214,2,671.35,109.34,88.16,215.31,-1,-1,-1,-1
215,2,662.59,114.99,89.10,216.42,-1,-1,-1,-1
216,2,655.00,121.78,89.04,216.30,-1,-1,-1,-1
217,2,647.25,129.31,88.59,216.76,-1,-1,-1,-1
218,2,638.26,133.76,89.37,216.64,-1,-1,-1,-1
219,2,630.89,139.81,88.76,217.15,-1,-1,-1,-1
220,2,623.38,146.81,88.93,217.46,-1,-1,-1,-1
221,2,617.32,155.26,87.05,216.76,-1,-1,-1,-1
222,2,609.80,161.70,86.70,218.45,-1,-1,-1,-1
223,2,601.81,169.58,86.48,218.71,-1,-1,-1,-1
224,2,594.23,178.45,86.29,216.07,-1,-1,-1,-1
225,2,593.26,186.78,84.63,215.32,-1,-1,-1,-1
226,2,585.09,195.08,85.87,214.75,-1,-1,-1,-1
227,2,578.77,202.34,84.67,216.63,-1,-1,-1,-1
228,2,570.04,211.59,85.80,214.33,-1,-1,-1,-1
229,2,566.35,221.83,89.52,208.29,-1,-1,-1,-1
230,2,561.19,229.06,87.01,210.95,-1,-1,-1,-1
231,2,561.63,238.47,84.53,210.21,-1,-1,-1,-1
232,2,554.75,247.92,82.70,209.53,-1,-1,-1,-1
233,2,552.44,255.89,85.24,209.53,-1,-1,-1,-1
234,2,547.54,265.28,81.28,209.31,-1,-1,-1,-1
235,2,540.86,272.81,81.59,210.02,-1,-1,-1,-1
236,2,536.91,285.61,85.07,208.26,-1,-1,-1,-1
237,2,535.68,294.41,85.69,208.58,-1,-1,-1,-1
238,2,531.65,302.24,82.48,209.95,-1,-1,-1,-1
239,2,529.67,312.45,82.96,208.49,-1,-1,-1,-1
240,2,530.01,319.91,82.27,210.61,-1,-1,-1,-1
241,2,523.99,329.56,82.75,208.82,-1,-1,-1,-1
242,2,523.52,341.53,82.24,208.63,-1,-1,-1,-1
243,2,522.72,350.78,83.31,208.58,-1,-1,-1,-1
244,2,516.44,359.51,82.13,208.84,-1,-1,-1,-1
245,2,514.86,367.58,83.68,212.21,-1,-1,-1,-1
246,2,516.83,376.81,79.15,210.81,-1,-1,-1,-1
247,2,515.03,389.79,81.39,209.74,-1,-1,-1,-1
248,2,515.94,398.56,80.14,212.37,-1,-1,-1,-1
249,2,515.24,408.03,79.84,211.04,-1,-1,-1,-1
250,2,513.98,420.88,81.87,210.84,-1,-1,-1,-1
66,3,892.96,833.99,62.07,203.66,-1,-1,-1,-1
67,3,886.00,833.95,74.65,205.16,-1,-1,-1,-1
68,3,883.82,834.96,78.32,203.66,-1,-1,-1,-1
69,3,876.04,836.19,79.18,201.76,-1,-1,-1,-1
70,3,859.00,835.60,82.47,198.83,-1,-1,-1,-1
71,3,850.16,834.23,85.31,201.52,-1,-1,-1,-1
72,3,841.04,826.27,86.70,206.00,-1,-1,-1,-1
73,3,831.22,823.17,89.42,210.97,-1,-1,-1,-1
74,3,822.40,824.81,91.43,204.43,-1,-1,-1,-1
75,3,813.83,816.29,91.79,210.91,-1,-1,-1,-1
76,3,805.21,814.88,92.50,209.25,-1,-1,-1,-1
77,3,790.37,806.54,92.38,213.21,-1,-1,-1,-1
78,3,779.92,805.39,95.43,211.87,-1,-1,-1,-1
79,3,771.35,798.07,96.40,213.59,-1,-1,-1,-1
80,3,758.68,798.50,92.40,209.26,-1,-1,-1,-1
81,3,752.38,789.67,88.48,214.42,-1,-1,-1,-1
82,3,744.05,788.74,88.50,213.84,-1,-1,-1,-1
83,3,734.82,778.97,90.46,219.13,-1,-1,-1,-1
84,3,726.96,779.47,90.81,215.12,-1,-1,-1,-1
85,3,718.64,771.61,90.98,217.99,-1,-1,-1,-1
86,3,709.66,771.85,92.40,213.53,-1,-1,-1,-1
87,3,700.92,761.58,93.95,219.02,-1,-1,-1,-1
88,3,692.52,750.48,94.58,228.62,-1,-1,-1,-1
89,3,684.43,745.72,94.24,235.74,-1,-1,-1,-1
90,3,675.97,740.61,95.77,245.84,-1,-1,-1,-1
91,3,665.90,733.34,100.14,260.46,-1,-1,-1,-1
92,3,656.10,724.61,104.86,247.36,-1,-1,-1,-1
93,3,646.00,717.82,108.10,259.08,-1,-1,-1,-1
94,3,634.94,708.54,114.71,262.16,-1,-1,-1,-1
95,3,626.52,700.37,115.64,247.59,-1,-1,-1,-1
96,3,620.15,696.74,112.57,253.38,-1,-1,-1,-1
97,3,613.80,690.97,109.68,233.74,-1,-1,-1,-1
98,3,607.43,680.60,106.94,238.48,-1,-1,-1,-1
99,3,600.50,674.81,105.10,233.67,-1,-1,-1,-1
100,3,599.58,668.02,103.84,232.21,-1,-1,-1,-1
101,3,593.98,664.67,100.51,221.14,-1,-1,-1,-1
102,3,585.64,655.71,102.98,223.96,-1,-1,-1,-1
103,3,577.59,647.64,102.52,222.82,-1,-1,-1,-1
104,3,575.90,642.04,102.82,218.79,-1,-1,-1,-1
105,3,571.55,632.31,98.84,222.39,-1,-1,-1,-1
106,3,567.82,623.26,102.59,224.18,-1,-1,-1,-1
107,3,561.40,615.36,100.41,222.94,-1,-1,-1,-1
108,3,561.91,606.03,97.98,225.90,-1,-1,-1,-1
109,3,556.31,597.16,95.16,227.36,-1,-1,-1,-1
110,3,547.27,584.58,98.44,224.47,-1,-1,-1,-1
111,3,545.93,577.77,98.77,222.63,-1,-1,-1,-1
112,3,540.40,568.51,96.85,224.59,-1,-1,-1,-1
113,3,541.47,559.29,92.81,226.63,-1,-1,-1,-1
114,3,533.76,551.97,94.97,223.91,-1,-1,-1,-1
115,3,533.38,543.14,93.46,211.64,-1,-1,-1,-1
116,3,532.79,534.82,92.88,224.41,-1,-1,-1,-1
117,3,533.51,523.46,90.79,218.70,-1,-1,-1,-1
118,3,528.80,514.72,88.89,217.34,-1,-1,-1,-1
119,3,528.00,502.31,87.81,214.74,-1,-1,-1,-1
120,3,526.53,494.68,89.48,212.18,-1,-1,-1,-1
121,3,525.69,485.31,90.90,214.22,-1,-1,-1,-1
122,3,518.88,477.34,92.30,211.81,-1,-1,-1,-1
123,3,517.77,461.72,93.87,215.32,-1,-1,-1,-1
124,3,517.24,449.04,94.58,222.58,-1,-1,-1,-1
125,3,516.44,443.99,96.31,216.30,-1,-1,-1,-1
126,3,516.48,433.37,94.82,219.15,-1,-1,-1,-1
127,3,516.91,418.30,95.08,218.52,-1,-1,-1,-1
128,3,516.38,400.85,96.12,223.50,-1,-1,-1,-1
129,3,516.03,389.46,96.49,228.54,-1,-1,-1,-1
130,3,515.08,381.14,98.84,228.66,-1,-1,-1,-1
131,3,515.92,366.14,97.88,228.82,-1,-1,-1,-1
132,3,521.33,357.62,99.13,229.88,-1,-1,-1,-1
133,3,522.50,352.08,99.10,224.64,-1,-1,-1,-1
134,3,521.58,343.85,101.26,225.44,-1,-1,-1,-1
135,3,522.36,339.45,100.81,217.57,-1,-1,-1,-1
136,3,528.94,331.15,101.10,216.70,-1,-1,-1,-1
137,3,528.96,323.68,102.61,215.35,-1,-1,-1,-1
138,3,529.04,315.47,103.32,215.50,-1,-1,-1,-1
139,3,536.72,296.76,101.40,223.84,-1,-1,-1,-1
140,3,537.64,289.89,102.21,222.03,-1,-1,-1,-1
141,3,545.08,281.86,100.70,219.00,-1,-1,-1,-1
142,3,545.80,274.97,101.41,216.74,-1,-1,-1,-1
143,3,552.33,267.25,103.01,215.90,-1,-1,-1,-1
144,3,553.89,259.51,101.74,215.19,-1,-1,-1,-1
145,3,560.73,253.86,101.58,211.34,-1,-1,-1,-1
146,3,562.44,237.61,100.35,215.02,-1,-1,-1,-1
147,3,568.24,228.26,103.79,217.77,-1,-1,-1,-1
148,3,576.19,221.77,101.45,211.74,-1,-1,-1,-1
149,3,577.74,212.68,100.49,215.00,-1,-1,-1,-1
150,3,586.76,202.83,98.00,219.69,-1,-1,-1,-1
151,3,585.95,192.38,102.53,225.94,-1,-1,-1,-1
152,3,594.93,184.42,98.69,224.60,-1,-1,-1,-1
153,3,601.80,176.75,99.45,225.31,-1,-1,-1,-1
154,3,609.07,168.19,100.59,224.32,-1,-1,-1,-1
155,3,616.58,157.70,100.20,230.09,-1,-1,-1,-1
156,3,618.61,161.85,101.44,217.67,-1,-1,-1,-1
157,3,625.79,154.18,101.24,216.96,-1,-1,-1,-1
158,3,633.46,146.94,102.14,215.12,-1,-1,-1,-1
159,3,641.43,138.23,102.42,217.89,-1,-1,-1,-1
160,3,649.78,131.43,101.49,218.43,-1,-1,-1,-1
161,3,657.52,124.41,101.73,215.79,-1,-1,-1,-1
162,3,665.72,124.12,102.14,212.55,-1,-1,-1,-1
163,3,673.80,116.23,100.94,212.92,-1,-1,-1,-1
164,3,682.94,106.84,99.49,217.66,-1,-1,-1,-1
165,3,692.39,100.52,96.89,216.77,-1,-1,-1,-1
166,3,699.81,102.29,98.38,208.60,-1,-1,-1,-1
167,3,708.48,93.65,97.55,211.42,-1,-1,-1,-1
168,3,716.48,87.15,97.52,212.31,-1,-1,-1,-1
169,3,730.93,85.59,96.19,210.45,-1,-1,-1,-1
170,3,733.00,78.35,96.85,212.86,-1,-1,-1,-1
171,3,747.31,76.98,95.24,211.93,-1,-1,-1,-1
172,3,756.68,72.88,94.37,208.30,-1,-1,-1,-1
173,3,766.76,64.81,91.93,209.20,-1,-1,-1,-1
174,3,775.64,63.47,90.44,208.88,-1,-1,-1,-1
175,3,783.49,66.07,91.67,202.60,-1,-1,-1,-1
176,3,799.06,57.77,87.84,206.71,-1,-1,-1,-1
177,3,807.20,57.87,89.00,204.26,-1,-1,-1,-1
178,3,814.08,58.27,91.51,200.88,-1,-1,-1,-1
179,3,824.02,51.65,88.93,202.41,-1,-1,-1,-1
180,3,831.74,51.11,90.15,202.30,-1,-1,-1,-1
181,3,840.12,49.82,90.01,202.84,-1,-1,-1,-1
182,3,850.10,43.22,87.41,204.90,-1,-1,-1,-1
183,3,857.88,43.95,87.87,201.85,-1,-1,-1,-1
184,3,871.91,44.16,88.06,201.51,-1,-1,-1,-1
185,3,881.71,43.51,84.35,198.50,-1,-1,-1,-1
186,3,886.24,43.36,76.86,197.30,-1,-1,-1,-1
187,3,889.99,33.98,68.31,204.55,-1,-1,-1,-1
191,4,963.05,41.49,69.62,203.53,-1,-1,-1,-1
192,4,963.77,41.88,78.03,202.63,-1,-1,-1,-1
193,4,969.97,43.79,81.77,201.35,-1,-1,-1,-1
194,4,975.48,43.54,87.00,202.57,-1,-1,-1,-1
195,4,982.99,41.31,89.79,207.69,-1,-1,-1,-1
196,4,990.83,47.40,92.07,206.06,-1,-1,-1,-1
197,4,998.66,47.43,92.40,206.72,-1,-1,-1,-1
198,4,1013.84,48.80,90.66,206.43,-1,-1,-1,-1
199,4,1022.00,49.69,91.87,207.06,-1,-1,-1,-1
200,4,1031.63,55.40,89.85,206.77,-1,-1,-1,-1
201,4,1039.41,58.77,91.14,204.17,-1,-1,-1,-1
202,4,1054.64,65.04,88.92,203.07,-1,-1,-1,-1
203,4,1062.32,64.74,90.90,205.94,-1,-1,-1,-1
204,4,1071.35,65.64,89.29,206.34,-1,-1,-1,-1
205,4,1080.06,73.29,89.77,203.60,-1,-1,-1,-1
206,4,1086.08,73.67,93.81,207.84,-1,-1,-1,-1
207,4,1095.23,78.04,91.87,210.03,-1,-1,-1,-1
208,4,1102.75,81.10,92.66,208.34,-1,-1,-1,-1
209,4,1117.06,86.30,92.58,209.78,-1,-1,-1,-1
210,4,1125.89,92.95,90.25,210.46,-1,-1,-1,-1
211,4,1133.73,94.42,92.07,212.34,-1,-1,-1,-1
212,4,1140.66,102.37,94.44,209.78,-1,-1,-1,-1
213,4,1148.18,108.58,95.98,212.02,-1,-1,-1,-1
214,4,1155.68,108.75,96.47,216.30,-1,-1,-1,-1
215,4,1164.78,115.08,94.26,217.52,-1,-1,-1,-1
216,4,1172.77,125.49,94.02,210.26,-1,-1,-1,-1
217,4,1179.96,123.69,94.73,220.10,-1,-1,-1,-1
218,4,1186.92,131.58,96.06,219.87,-1,-1,-1,-1
219,4,1196.34,140.05,94.30,216.88,-1,-1,-1,-1
220,4,1204.23,148.54,93.25,216.11,-1,-1,-1,-1
221,4,1206.78,156.27,92.99,215.06,-1,-1,-1,-1
222,4,1212.07,160.53,97.28,222.17,-1,-1,-1,-1
223,4,1221.26,168.17,93.31,223.14,-1,-1,-1,-1
224,4,1228.65,174.95,94.41,224.95,-1,-1,-1,-1
225,4,1236.83,187.52,92.25,216.48,-1,-1,-1,-1
226,4,1238.31,192.30,93.84,223.26,-1,-1,-1,-1
227,4,1244.47,202.36,94.65,218.52,-1,-1,-1,-1
228,4,1252.22,210.08,94.12,217.73,-1,-1,-1,-1
229,4,1259.90,219.53,95.04,214.42,-1,-1,-1,-1
230,4,1260.59,226.53,96.85,216.70,-1,-1,-1,-1
231,4,1267.81,234.58,95.60,216.97,-1,-1,-1,-1
232,4,1268.64,241.93,96.64,219.00,-1,-1,-1,-1
233,4,1276.80,250.92,92.57,218.33,-1,-1,-1,-1
234,4,1277.28,257.82,95.46,220.56,-1,-1,-1,-1
235,4,1284.71,268.06,94.30,217.14,-1,-1,-1,-1
236,4,1285.28,275.57,94.93,218.69,-1,-1,-1,-1
237,4,1291.75,282.69,96.11,220.92,-1,-1,-1,-1
238,4,1292.40,291.74,96.95,218.93,-1,-1,-1,-1
239,4,1298.41,309.82,98.21,211.32,-1,-1,-1,-1
240,4,1298.49,316.60,99.42,214.65,-1,-1,-1,-1
241,4,1299.67,319.33,98.55,224.08,-1,-1,-1,-1
242,4,1297.06,325.42,103.85,227.47,-1,-1,-1,-1
243,4,1304.90,336.30,100.81,224.23,-1,-1,-1,-1
244,4,1305.95,343.93,101.31,225.25,-1,-1,-1,-1
245,4,1307.22,359.86,99.54,222.50,-1,-1,-1,-1
246,4,1313.63,369.56,98.49,221.68,-1,-1,-1,-1
247,4,1313.72,375.35,98.81,226.60,-1,-1,-1,-1
248,4,1314.65,394.02,97.21,218.51,-1,-1,-1,-1
249,4,1316.23,403.03,94.86,217.38,-1,-1,-1,-1
250,4,1317.05,413.51,93.49,215.12,-1,-1,-1,-1
