1,1,1317.72,437.85,93.17,210.12,-1,-1,-1,-1
2,1,1319.26,444.73,89.98,212.91,-1,-1,-1,-1
3,1,1321.06,447.29,85.94,211.25,-1,-1,-1,-1
4,1,1323.90,460.89,79.76,213.85,-1,-1,-1,-1
5,1,1323.05,470.40,79.49,213.29,-1,-1,-1,-1
6,1,1322.78,482.45,80.05,205.47,-1,-1,-1,-1
7,1,1323.53,493.52,78.52,213.73,-1,-1,-1,-1
8,1,1315.98,509.51,82.48,211.76,-1,-1,-1,-1
9,1,1315.94,520.31,81.04,209.60,-1,-1,-1,-1
10,1,1313.47,521.72,83.75,207.62,-1,-1,-1,-1
11,1,1315.41,534.27,80.03,226.51,-1,-1,-1,-1
12,1,1306.62,539.82,84.45,216.56,-1,-1,-1,-1
13,1,1305.22,552.66,84.95,223.21,-1,-1,-1,-1
14,1,1302.70,565.04,88.49,215.43,-1,-1,-1,-1
15,1,1297.50,574.44,87.76,211.24,-1,-1,-1,-1
16,1,1296.04,576.37,86.10,211.80,-1,-1,-1,-1
17,1,1291.09,590.91,84.50,212.56,-1,-1,-1,-1
18,1,1288.67,597.56,85.00,215.16,-1,-1,-1,-1
19,1,1276.82,611.17,95.34,313.84,-1,-1,-1,-1
1,2,592.83,195.64,88.04,213.34,-1,-1,-1,-1
2,2,592.56,197.21,88.08,215.71,-1,-1,-1,-1
3,2,590.41,174.86,92.55,238.73,-1,-1,-1,-1
4,2,596.88,182.02,92.17,240.53,-1,-1,-1,-1
5,2,603.70,167.74,94.36,254.03,-1,-1,-1,-1
6,2,607.81,155.10,102.42,280.67,-1,-1,-1,-1
7,2,614.29,160.01,106.06,272.26,-1,-1,-1,-1
8,2,623.85,141.34,103.15,279.09,-1,-1,-1,-1
9,2,631.33,141.24,101.81,262.30,-1,-1,-1,-1
10,2,635.68,143.89,99.16,223.22,-1,-1,-1,-1
11,2,648.94,128.36,98.91,221.62,-1,-1,-1,-1
12,2,651.85,129.10,100.00,218.92,-1,-1,-1,-1
13,2,658.91,124.21,99.25,213.24,-1,-1,-1,-1
14,2,667.27,113.82,98.51,204.68,-1,-1,-1,-1
15,2,677.54,113.26,95.16,207.80,-1,-1,-1,-1
16,2,685.89,106.55,95.68,203.04,-1,-1,-1,-1
17,2,693.92,99.50,95.60,203.41,-1,-1,-1,-1
18,2,706.16,97.67,96.34,204.05,-1,-1,-1,-1
19,2,714.61,83.40,96.16,203.70,-1,-1,-1,-1
20,2,724.67,90.44,92.86,203.82,-1,-1,-1,-1
21,2,733.33,83.72,92.42,201.68,-1,-1,-1,-1
22,2,741.99,82.62,91.88,204.32,-1,-1,-1,-1
23,2,751.01,79.96,92.00,204.43,-1,-1,-1,-1
24,2,763.79,58.39,92.98,204.47,-1,-1,-1,-1
25,2,773.64,64.74,90.76,206.88,-1,-1,-1,-1
26,2,782.87,52.08,90.01,201.42,-1,-1,-1,-1
27,2,792.24,64.64,88.84,204.14,-1,-1,-1,-1
28,2,799.68,51.87,90.69,201.69,-1,-1,-1,-1
29,2,809.45,50.94,88.62,200.40,-1,-1,-1,-1
30,2,820.06,49.68,92.46,206.21,-1,-1,-1,-1
31,2,831.70,50.87,89.20,199.13,-1,-1,-1,-1
32,2,840.66,51.26,88.82,201.44,-1,-1,-1,-1
33,2,848.42,41.25,90.20,201.31,-1,-1,-1,-1
34,2,857.20,42.87,89.57,204.33,-1,-1,-1,-1
35,2,870.65,44.23,87.81,202.01,-1,-1,-1,-1
36,2,878.56,31.97,91.53,205.30,-1,-1,-1,-1
37,2,888.22,33.27,90.81,205.23,-1,-1,-1,-1
38,2,902.54,42.34,86.73,203.42,-1,-1,-1,-1
39,2,909.95,32.94,90.18,205.03,-1,-1,-1,-1
40,2,918.96,41.14,90.77,202.18,-1,-1,-1,-1
41,2,927.65,33.22,92.02,202.52,-1,-1,-1,-1
42,2,942.06,41.85,87.18,204.02,-1,-1,-1,-1
43,2,949.97,33.56,91.23,204.53,-1,-1,-1,-1
44,2,959.97,41.29,88.86,203.33,-1,-1,-1,-1
45,2,969.01,50.39,89.66,201.70,-1,-1,-1,-1
46,2,976.66,51.13,90.74,202.05,-1,-1,-1,-1
47,2,990.26,51.57,88.61,199.67,-1,-1,-1,-1
48,2,998.07,54.87,91.94,206.86,-1,-1,-1,-1
49,2,1006.70,50.87,92.71,204.01,-1,-1,-1,-1
50,2,1020.56,58.19,91.43,202.64,-1,-1,-1,-1
51,2,1028.51,50.50,92.88,205.14,-1,-1,-1,-1
52,2,1037.84,65.86,91.68,203.85,-1,-1,-1,-1
53,2,1046.78,66.21,91.82,202.13,-1,-1,-1,-1
54,2,1054.26,67.13,93.45,201.24,-1,-1,-1,-1
55,2,1063.05,66.03,93.60,204.40,-1,-1,-1,-1
56,2,1077.18,80.11,89.16,204.12,-1,-1,-1,-1
57,2,1085.92,83.36,89.47,202.32,-1,-1,-1,-1
58,2,1092.65,82.38,92.74,207.06,-1,-1,-1,-1
59,2,1102.63,96.30,90.08,202.86,-1,-1,-1,-1
60,2,1110.45,104.42,89.98,203.81,-1,-1,-1,-1
61,2,1118.67,106.97,90.19,202.99,-1,-1,-1,-1
62,2,1126.53,111.42,90.60,206.70,-1,-1,-1,-1
63,2,1135.03,119.68,90.08,204.84,-1,-1,-1,-1
64,2,1142.88,120.35,90.40,203.20,-1,-1,-1,-1
65,2,1151.12,121.18,90.54,207.73,-1,-1,-1,-1
66,2,1159.39,130.03,88.96,205.22,-1,-1,-1,-1
67,2,1165.98,142.95,90.72,210.12,-1,-1,-1,-1
68,2,1173.63,144.54,91.12,208.83,-1,-1,-1,-1
69,2,1183.54,154.24,87.91,217.17,-1,-1,-1,-1
70,2,1189.78,156.07,91.54,230.31,-1,-1,-1,-1
71,2,1195.07,161.30,95.49,267.61,-1,-1,-1,-1
72,2,1201.07,171.91,99.24,262.24,-1,-1,-1,-1
73,2,1203.10,180.15,100.99,250.13,-1,-1,-1,-1
74,2,1210.91,188.77,99.00,233.01,-1,-1,-1,-1
75,2,1220.18,188.28,95.34,233.09,-1,-1,-1,-1
76,2,1227.86,202.39,93.72,217.60,-1,-1,-1,-1
77,2,1228.71,204.46,97.18,218.42,-1,-1,-1,-1
78,2,1234.42,212.96,97.76,211.73,-1,-1,-1,-1
79,2,1238.15,224.44,95.15,208.04,-1,-1,-1,-1
80,2,1243.82,232.70,96.32,205.58,-1,-1,-1,-1
81,2,1248.94,241.37,99.12,206.20,-1,-1,-1,-1
82,2,1251.92,250.01,98.89,204.52,-1,-1,-1,-1
83,2,1259.31,266.89,96.25,206.25,-1,-1,-1,-1
84,2,1260.76,267.91,98.73,205.31,-1,-1,-1,-1
85,2,1269.07,281.36,95.78,204.56,-1,-1,-1,-1
86,2,1274.58,288.47,95.20,202.25,-1,-1,-1,-1
87,2,1276.50,297.87,96.42,201.31,-1,-1,-1,-1
88,2,1282.30,305.46,95.50,206.93,-1,-1,-1,-1
89,2,1284.48,322.51,95.58,200.96,-1,-1,-1,-1
90,2,1287.27,325.58,93.20,201.40,-1,-1,-1,-1
91,2,1292.14,329.46,93.09,206.24,-1,-1,-1,-1
92,2,1294.52,345.97,91.10,207.63,-1,-1,-1,-1
93,2,1296.32,360.44,90.38,205.02,-1,-1,-1,-1
94,2,1300.13,368.98,91.91,207.05,-1,-1,-1,-1
95,2,1300.51,368.11,92.67,211.16,-1,-1,-1,-1
96,2,1301.39,386.16,92.85,208.21,-1,-1,-1,-1
97,2,1302.91,401.51,90.53,206.82,-1,-1,-1,-1
98,2,1303.93,415.44,90.07,205.60,-1,-1,-1,-1
99,2,1304.21,415.99,90.04,208.37,-1,-1,-1,-1
100,2,1304.12,433.15,89.82,203.60,-1,-1,-1,-1
101,2,1305.38,441.61,88.64,205.87,-1,-1,-1,-1
102,2,1303.99,443.24,89.90,205.19,-1,-1,-1,-1
103,2,1304.86,455.82,89.00,204.89,-1,-1,-1,-1
104,2,1303.90,465.69,87.92,207.88,-1,-1,-1,-1
105,2,1303.21,472.29,88.05,211.63,-1,-1,-1,-1
106,2,1303.32,488.03,87.04,206.92,-1,-1,-1,-1
107,2,1302.15,495.43,88.56,208.93,-1,-1,-1,-1
108,2,1297.70,497.87,88.76,210.85,-1,-1,-1,-1
109,2,1296.14,515.66,89.00,213.16,-1,-1,-1,-1
110,2,1294.77,527.40,89.08,209.25,-1,-1,-1,-1
111,2,1294.19,531.36,88.97,217.39,-1,-1,-1,-1
112,2,1290.30,547.79,86.46,215.07,-1,-1,-1,-1
113,2,1289.00,562.26,85.25,217.40,-1,-1,-1,-1
114,2,1287.36,564.99,86.33,229.51,-1,-1,-1,-1
115,2,1281.30,576.76,88.23,220.95,-1,-1,-1,-1
116,2,1279.03,587.70,86.82,217.32,-1,-1,-1,-1
117,2,1273.04,597.26,88.30,227.20,-1,-1,-1,-1
118,2,1273.42,607.00,84.73,225.37,-1,-1,-1,-1
119,2,1264.27,607.13,88.97,306.07,-1,-1,-1,-1
120,2,1260.23,615.08,94.15,291.27,-1,-1,-1,-1
121,2,1252.02,621.14,96.33,293.17,-1,-1,-1,-1
122,2,1239.71,632.55,104.96,269.51,-1,-1,-1,-1
123,2,1230.97,638.94,107.41,259.12,-1,-1,-1,-1
124,2,1229.52,647.17,108.38,255.39,-1,-1,-1,-1
125,2,1231.84,664.44,103.18,236.19,-1,-1,-1,-1
126,2,1232.15,663.02,103.84,213.53,-1,-1,-1,-1
127,2,1234.27,663.24,100.30,222.54,-1,-1,-1,-1
128,2,1243.90,652.21,96.12,228.33,-1,-1,-1,-1
129,2,1254.24,637.99,91.18,228.14,-1,-1,-1,-1
130,2,1263.96,636.44,87.21,216.58,-1,-1,-1,-1
131,2,1267.06,622.04,84.50,225.79,-1,-1,-1,-1
132,2,1273.85,615.42,83.55,211.12,-1,-1,-1,-1
133,2,1281.68,613.90,81.29,211.16,-1,-1,-1,-1
134,2,1286.47,605.46,77.62,209.64,-1,-1,-1,-1
135,2,1294.38,593.19,74.74,207.82,-1,-1,-1,-1
136,2,1297.04,580.58,73.73,212.46,-1,-1,-1,-1
137,2,1301.57,577.66,76.08,206.28,-1,-1,-1,-1
138,2,1303.83,567.56,74.53,209.69,-1,-1,-1,-1
139,2,1309.09,550.30,76.14,212.73,-1,-1,-1,-1
140,2,1310.24,549.94,76.12,208.93,-1,-1,-1,-1
141,2,1310.78,538.30,77.14,205.98,-1,-1,-1,-1
142,2,1311.86,523.50,75.99,214.41,-1,-1,-1,-1
143,2,1317.96,519.36,74.26,206.55,-1,-1,-1,-1
144,2,1319.20,513.56,74.99,203.39,-1,-1,-1,-1
145,2,1319.04,493.08,76.76,212.13,-1,-1,-1,-1
146,2,1324.63,483.59,75.08,203.33,-1,-1,-1,-1
147,2,1324.63,479.44,76.59,205.95,-1,-1,-1,-1
148,2,1325.49,470.11,75.39,209.44,-1,-1,-1,-1
149,2,1324.97,456.08,78.11,208.51,-1,-1,-1,-1
150,2,1322.13,440.45,84.31,210.07,-1,-1,-1,-1
151,2,1322.84,431.33,83.43,208.72,-1,-1,-1,-1
152,2,1323.04,425.04,82.70,206.34,-1,-1,-1,-1
153,2,1323.98,420.37,80.11,212.16,-1,-1,-1,-1
154,2,1322.57,401.78,83.39,218.52,-1,-1,-1,-1
155,2,1321.17,389.06,84.64,215.74,-1,-1,-1,-1
156,2,1320.19,373.94,85.93,226.00,-1,-1,-1,-1
157,2,1319.75,374.62,85.40,212.62,-1,-1,-1,-1
158,2,1314.95,367.77,84.61,211.20,-1,-1,-1,-1
159,2,1315.88,344.62,81.24,225.00,-1,-1,-1,-1
160,2,1314.80,340.58,81.08,212.35,-1,-1,-1,-1
161,2,1312.46,338.27,83.69,206.92,-1,-1,-1,-1
162,2,1306.94,328.93,83.77,209.28,-1,-1,-1,-1
163,2,1306.84,314.23,80.67,218.30,-1,-1,-1,-1
164,2,1299.68,302.64,83.01,211.18,-1,-1,-1,-1
165,2,1297.61,295.75,83.44,210.79,-1,-1,-1,-1
166,2,1291.59,292.58,84.27,211.73,-1,-1,-1,-1
167,2,1290.58,286.87,82.75,208.23,-1,-1,-1,-1
168,2,1289.82,264.91,82.50,221.88,-1,-1,-1,-1
169,2,1281.67,263.62,86.04,208.58,-1,-1,-1,-1
170,2,1277.76,252.73,89.79,213.08,-1,-1,-1,-1
171,2,1270.86,248.44,90.77,207.55,-1,-1,-1,-1
172,2,1271.40,228.20,86.76,219.55,-1,-1,-1,-1
173,2,1266.85,229.81,84.26,210.99,-1,-1,-1,-1
174,2,1267.75,212.49,80.20,215.24,-1,-1,-1,-1
175,2,1270.01,197.77,75.05,211.57,-1,-1,-1,-1
176,2,1261.68,196.02,77.58,214.90,-1,-1,-1,-1
177,2,1242.16,196.79,80.82,214.31,-1,-1,-1,-1
178,2,1240.93,195.72,86.91,218.33,-1,-1,-1,-1
179,2,1240.38,181.71,89.18,246.46,-1,-1,-1,-1
180,2,1236.29,169.17,94.03,267.14,-1,-1,-1,-1
181,2,1235.25,170.26,98.00,269.73,-1,-1,-1,-1
1,3,1039.23,816.27,73.06,204.01,-1,-1,-1,-1
2,3,1034.38,807.73,80.99,207.05,-1,-1,-1,-1
3,3,1027.36,809.08,97.03,207.17,-1,-1,-1,-1
4,3,1039.95,804.09,105.07,213.46,-1,-1,-1,-1
5,3,1054.43,799.24,104.98,211.12,-1,-1,-1,-1
6,3,1066.50,792.93,99.50,212.27,-1,-1,-1,-1
7,3,1083.98,790.74,93.96,210.67,-1,-1,-1,-1
8,3,1093.05,782.60,93.73,211.99,-1,-1,-1,-1
9,3,1100.52,779.30,94.50,213.41,-1,-1,-1,-1
10,3,1109.77,777.93,93.22,208.52,-1,-1,-1,-1
11,3,1120.44,781.31,88.14,208.59,-1,-1,-1,-1
12,3,1128.44,768.28,87.95,210.47,-1,-1,-1,-1
13,3,1135.80,750.79,88.44,214.03,-1,-1,-1,-1
14,3,1144.38,758.20,87.37,210.33,-1,-1,-1,-1
15,3,1152.94,751.42,86.19,211.51,-1,-1,-1,-1
16,3,1159.67,739.27,88.96,214.39,-1,-1,-1,-1
17,3,1167.72,741.88,88.40,209.19,-1,-1,-1,-1
18,3,1175.88,736.15,88.39,208.89,-1,-1,-1,-1
19,3,1184.27,727.89,86.32,209.95,-1,-1,-1,-1
20,3,1190.73,716.46,88.18,211.09,-1,-1,-1,-1
21,3,1199.60,711.82,86.43,206.73,-1,-1,-1,-1
22,3,1202.76,704.15,85.14,209.32,-1,-1,-1,-1
23,3,1211.80,697.89,79.74,208.60,-1,-1,-1,-1
24,3,1218.86,678.33,80.53,215.73,-1,-1,-1,-1
25,3,1225.81,666.35,84.51,218.98,-1,-1,-1,-1
26,3,1231.14,669.84,87.92,213.52,-1,-1,-1,-1
27,3,1232.28,666.01,89.22,217.19,-1,-1,-1,-1
28,3,1237.63,658.58,90.69,220.55,-1,-1,-1,-1
29,3,1244.40,639.57,93.19,226.52,-1,-1,-1,-1
30,3,1245.48,631.05,92.81,225.36,-1,-1,-1,-1
31,3,1253.84,624.92,91.84,220.72,-1,-1,-1,-1
32,3,1260.16,610.10,93.89,219.13,-1,-1,-1,-1
33,3,1260.08,606.59,96.24,210.38,-1,-1,-1,-1
34,3,1267.79,606.59,94.05,207.99,-1,-1,-1,-1
35,3,1269.34,590.34,95.27,212.07,-1,-1,-1,-1
36,3,1276.87,576.40,93.11,210.02,-1,-1,-1,-1
37,3,1277.83,575.23,94.30,205.90,-1,-1,-1,-1
38,3,1285.10,565.20,91.57,210.82,-1,-1,-1,-1
39,3,1289.11,552.27,86.47,206.98,-1,-1,-1,-1
40,3,1289.28,543.13,88.47,205.75,-1,-1,-1,-1
41,3,1296.66,529.93,85.06,206.29,-1,-1,-1,-1
42,3,1299.97,528.72,81.39,202.80,-1,-1,-1,-1
43,3,1300.89,515.03,81.40,203.96,-1,-1,-1,-1
44,3,1305.38,499.39,82.36,204.44,-1,-1,-1,-1
45,3,1306.52,500.44,81.78,200.02,-1,-1,-1,-1
46,3,1306.90,492.12,82.02,203.00,-1,-1,-1,-1
47,3,1307.29,473.24,81.83,206.40,-1,-1,-1,-1
48,3,1305.83,463.80,85.14,205.70,-1,-1,-1,-1
49,3,1308.08,449.30,82.26,206.85,-1,-1,-1,-1
50,3,1308.04,446.05,83.15,206.94,-1,-1,-1,-1
51,3,1312.53,438.86,83.69,207.60,-1,-1,-1,-1
52,3,1312.60,431.36,84.45,206.97,-1,-1,-1,-1
53,3,1307.81,424.46,83.65,205.70,-1,-1,-1,-1
54,3,1309.82,400.20,79.08,209.71,-1,-1,-1,-1
55,3,1307.70,385.48,82.21,208.34,-1,-1,-1,-1
56,3,1308.10,386.88,81.25,205.57,-1,-1,-1,-1
57,3,1304.94,366.68,85.94,208.89,-1,-1,-1,-1
58,3,1306.54,369.50,82.07,205.47,-1,-1,-1,-1
59,3,1305.56,344.74,83.17,210.79,-1,-1,-1,-1
60,3,1304.78,347.81,83.28,204.40,-1,-1,-1,-1
61,3,1297.73,337.99,86.42,206.97,-1,-1,-1,-1
62,3,1294.86,325.87,89.13,209.03,-1,-1,-1,-1
63,3,1289.31,311.71,87.98,209.01,-1,-1,-1,-1
64,3,1288.94,312.75,86.20,205.74,-1,-1,-1,-1
65,3,1280.87,294.26,89.33,211.98,-1,-1,-1,-1
66,3,1279.81,289.95,87.93,207.08,-1,-1,-1,-1
67,3,1273.09,287.49,89.36,205.97,-1,-1,-1,-1
68,3,1270.52,262.72,89.09,210.82,-1,-1,-1,-1
69,3,1264.48,258.99,89.77,205.69,-1,-1,-1,-1
70,3,1263.16,255.62,88.56,205.58,-1,-1,-1,-1
3,4,592.87,214.91,82.60,210.00,-1,-1,-1,-1
4,4,589.50,227.80,77.63,212.85,-1,-1,-1,-1
5,4,583.46,228.94,76.20,211.17,-1,-1,-1,-1
6,4,580.50,248.20,77.10,205.34,-1,-1,-1,-1
7,4,573.74,249.64,77.08,204.78,-1,-1,-1,-1
8,4,565.10,267.48,80.59,200.68,-1,-1,-1,-1
9,4,560.69,274.56,84.47,201.80,-1,-1,-1,-1
10,4,555.31,276.88,82.06,197.94,-1,-1,-1,-1
11,4,553.64,289.92,82.48,201.23,-1,-1,-1,-1
12,4,549.26,295.75,79.34,205.63,-1,-1,-1,-1
13,4,546.23,299.97,80.96,203.99,-1,-1,-1,-1
14,4,542.20,320.75,78.42,202.96,-1,-1,-1,-1
15,4,542.45,328.37,75.03,204.35,-1,-1,-1,-1
16,4,540.37,340.57,77.00,201.84,-1,-1,-1,-1
17,4,536.03,340.26,74.82,201.86,-1,-1,-1,-1
18,4,533.93,354.81,77.74,204.77,-1,-1,-1,-1
19,4,533.46,359.29,77.32,212.47,-1,-1,-1,-1
20,4,533.23,366.78,76.63,213.04,-1,-1,-1,-1
21,4,532.84,380.10,75.40,215.00,-1,-1,-1,-1
22,4,531.04,386.81,78.96,220.79,-1,-1,-1,-1
23,4,530.59,402.77,80.14,219.70,-1,-1,-1,-1
24,4,525.30,404.23,80.36,217.06,-1,-1,-1,-1
25,4,524.87,412.20,80.74,217.57,-1,-1,-1,-1
26,4,522.87,428.13,83.67,213.76,-1,-1,-1,-1
27,4,524.61,437.55,80.32,211.30,-1,-1,-1,-1
28,4,525.02,446.38,80.37,213.35,-1,-1,-1,-1
29,4,524.40,458.70,82.22,215.39,-1,-1,-1,-1
30,4,526.10,477.40,79.17,210.36,-1,-1,-1,-1
31,4,525.50,489.15,80.95,207.27,-1,-1,-1,-1
32,4,529.44,498.42,82.29,206.26,-1,-1,-1,-1
33,4,530.99,505.62,80.79,205.60,-1,-1,-1,-1
34,4,532.00,513.04,81.09,208.44,-1,-1,-1,-1
35,4,533.35,519.50,80.96,207.60,-1,-1,-1,-1
36,4,537.33,526.44,82.53,208.15,-1,-1,-1,-1
37,4,538.72,537.85,82.30,207.69,-1,-1,-1,-1
38,4,538.06,552.96,86.39,207.88,-1,-1,-1,-1
39,4,541.24,554.25,90.82,208.02,-1,-1,-1,-1
40,4,544.75,566.35,88.25,213.58,-1,-1,-1,-1
41,4,550.17,583.35,88.84,209.62,-1,-1,-1,-1
42,4,551.38,588.90,89.63,211.36,-1,-1,-1,-1
43,4,558.41,592.71,88.80,209.38,-1,-1,-1,-1
44,4,560.23,606.96,88.85,211.59,-1,-1,-1,-1
45,4,566.70,607.75,87.57,210.13,-1,-1,-1,-1
46,4,566.67,618.09,90.87,220.55,-1,-1,-1,-1
47,4,571.36,629.33,96.96,228.65,-1,-1,-1,-1
48,4,591.40,643.32,89.25,264.09,-1,-1,-1,-1
49,4,589.01,651.38,95.85,232.97,-1,-1,-1,-1
50,4,590.37,659.15,93.51,231.80,-1,-1,-1,-1
51,4,589.04,670.57,94.19,212.22,-1,-1,-1,-1
52,4,588.23,661.45,94.34,212.48,-1,-1,-1,-1
53,4,583.91,655.89,87.22,209.85,-1,-1,-1,-1
54,4,580.94,641.60,78.28,217.88,-1,-1,-1,-1
55,4,574.54,646.07,76.95,207.98,-1,-1,-1,-1
56,4,573.27,632.95,74.16,206.84,-1,-1,-1,-1
57,4,568.39,621.19,72.76,201.84,-1,-1,-1,-1
58,4,566.55,602.52,72.81,206.61,-1,-1,-1,-1
59,4,559.46,602.21,74.60,204.06,-1,-1,-1,-1
60,4,554.96,587.93,69.19,201.34,-1,-1,-1,-1
61,4,552.29,589.36,70.34,198.60,-1,-1,-1,-1
62,4,548.12,578.99,67.59,199.38,-1,-1,-1,-1
63,4,544.86,571.41,71.39,202.75,-1,-1,-1,-1
64,4,544.50,559.43,68.11,194.35,-1,-1,-1,-1
65,4,539.77,542.98,66.14,195.13,-1,-1,-1,-1
66,4,534.72,544.18,72.49,195.93,-1,-1,-1,-1
67,4,537.13,532.60,65.36,194.81,-1,-1,-1,-1
68,4,532.47,525.89,66.01,191.57,-1,-1,-1,-1
69,4,531.38,516.63,65.05,194.47,-1,-1,-1,-1
70,4,530.79,502.13,63.31,195.16,-1,-1,-1,-1
71,4,529.00,485.31,65.51,193.01,-1,-1,-1,-1
72,4,526.05,484.38,64.39,194.13,-1,-1,-1,-1
73,4,525.99,467.33,62.42,198.64,-1,-1,-1,-1
74,4,523.83,458.14,65.13,200.33,-1,-1,-1,-1
75,4,522.53,450.21,67.31,199.29,-1,-1,-1,-1
76,4,521.46,435.51,69.58,203.42,-1,-1,-1,-1
77,4,522.26,428.45,68.53,203.53,-1,-1,-1,-1
78,4,520.82,409.60,69.87,207.29,-1,-1,-1,-1
79,4,520.27,400.14,71.88,209.55,-1,-1,-1,-1
80,4,518.85,385.01,74.05,209.32,-1,-1,-1,-1
81,4,517.80,382.89,77.94,208.60,-1,-1,-1,-1
82,4,518.94,368.36,78.60,205.76,-1,-1,-1,-1
83,4,520.14,358.41,84.36,210.69,-1,-1,-1,-1
84,4,523.73,357.73,81.19,209.64,-1,-1,-1,-1
85,4,523.91,344.34,82.04,209.23,-1,-1,-1,-1
86,4,524.64,329.85,81.78,206.18,-1,-1,-1,-1
87,4,530.65,321.64,81.34,208.80,-1,-1,-1,-1
88,4,530.76,314.95,84.21,206.20,-1,-1,-1,-1
89,4,536.42,306.70,84.17,204.67,-1,-1,-1,-1
90,4,537.98,298.33,84.24,205.58,-1,-1,-1,-1
91,4,540.87,289.98,82.23,206.47,-1,-1,-1,-1
92,4,546.87,275.16,81.67,205.09,-1,-1,-1,-1
93,4,547.57,265.98,83.95,206.76,-1,-1,-1,-1
94,4,554.13,265.26,81.85,201.01,-1,-1,-1,-1
95,4,556.42,257.01,82.45,205.45,-1,-1,-1,-1
96,4,561.95,249.04,83.88,203.00,-1,-1,-1,-1
97,4,568.04,233.24,86.28,207.90,-1,-1,-1,-1
98,4,569.18,226.61,88.32,205.67,-1,-1,-1,-1
99,4,574.62,216.35,89.98,207.04,-1,-1,-1,-1
100,4,583.22,200.18,87.45,211.95,-1,-1,-1,-1
101,4,586.18,201.23,87.46,209.67,-1,-1,-1,-1
102,4,593.03,182.06,87.66,213.90,-1,-1,-1,-1
103,4,600.53,181.57,88.17,213.09,-1,-1,-1,-1
104,4,607.05,166.04,89.38,214.95,-1,-1,-1,-1
105,4,614.30,163.31,89.48,215.95,-1,-1,-1,-1
106,4,622.50,166.34,87.88,210.16,-1,-1,-1,-1
107,4,629.48,155.08,89.47,216.95,-1,-1,-1,-1
108,4,632.91,149.52,89.69,212.20,-1,-1,-1,-1
109,4,641.01,141.96,87.08,212.10,-1,-1,-1,-1
110,4,648.76,143.57,86.16,207.63,-1,-1,-1,-1
111,4,657.65,118.43,84.99,214.13,-1,-1,-1,-1
112,4,666.40,124.40,84.50,210.73,-1,-1,-1,-1
113,4,675.00,117.99,82.25,208.36,-1,-1,-1,-1
114,4,683.41,104.67,79.40,209.84,-1,-1,-1,-1
115,4,689.94,102.51,83.49,206.55,-1,-1,-1,-1
116,4,698.95,89.89,82.80,208.37,-1,-1,-1,-1
117,4,707.15,88.23,82.28,204.86,-1,-1,-1,-1
118,4,716.17,88.07,79.62,206.06,-1,-1,-1,-1
119,4,724.56,88.60,79.25,205.94,-1,-1,-1,-1
120,4,735.10,75.45,75.58,206.20,-1,-1,-1,-1
121,4,742.76,69.97,74.47,201.49,-1,-1,-1,-1
122,4,752.19,77.37,74.89,202.77,-1,-1,-1,-1
123,4,766.59,75.00,70.77,198.96,-1,-1,-1,-1
124,4,775.06,65.75,72.17,203.66,-1,-1,-1,-1
125,4,786.09,57.31,66.25,201.89,-1,-1,-1,-1
126,4,791.76,49.24,71.02,207.97,-1,-1,-1,-1
127,4,790.90,51.53,75.84,214.74,-1,-1,-1,-1
128,4,772.26,64.25,67.22,204.79,-1,-1,-1,-1
129,4,766.97,65.05,74.13,206.39,-1,-1,-1,-1
130,4,752.92,70.65,82.18,214.80,-1,-1,-1,-1
131,4,739.29,72.56,85.04,208.63,-1,-1,-1,-1
132,4,731.01,71.58,84.04,209.76,-1,-1,-1,-1
133,4,722.43,75.62,85.36,213.18,-1,-1,-1,-1
134,4,712.29,82.53,88.02,213.67,-1,-1,-1,-1
135,4,703.91,90.65,87.29,213.19,-1,-1,-1,-1
136,4,695.88,99.34,87.30,211.98,-1,-1,-1,-1
137,4,688.67,101.75,87.39,208.26,-1,-1,-1,-1
138,4,678.20,107.79,89.73,212.23,-1,-1,-1,-1
139,4,671.65,112.34,88.43,211.46,-1,-1,-1,-1
140,4,662.58,116.94,90.31,210.90,-1,-1,-1,-1
141,4,657.80,123.10,86.89,212.54,-1,-1,-1,-1
142,4,648.21,126.74,89.93,211.40,-1,-1,-1,-1
143,4,640.79,134.65,87.53,213.57,-1,-1,-1,-1
144,4,630.34,136.97,91.55,209.16,-1,-1,-1,-1
145,4,624.77,153.92,85.97,217.40,-1,-1,-1,-1
146,4,614.91,151.07,90.35,212.16,-1,-1,-1,-1
147,4,606.66,162.60,89.25,221.12,-1,-1,-1,-1
148,4,589.72,177.25,93.04,254.21,-1,-1,-1,-1
149,4,586.59,185.59,99.48,222.91,-1,-1,-1,-1
150,4,585.91,188.78,97.70,217.06,-1,-1,-1,-1
151,4,582.87,195.15,90.19,215.21,-1,-1,-1,-1
152,4,578.44,212.60,85.55,211.87,-1,-1,-1,-1
153,4,573.96,214.55,79.07,213.25,-1,-1,-1,-1
154,4,571.30,224.74,80.81,208.75,-1,-1,-1,-1
155,4,563.91,224.41,82.49,207.77,-1,-1,-1,-1
156,4,562.44,238.95,82.31,211.60,-1,-1,-1,-1
157,4,555.37,254.55,81.85,208.34,-1,-1,-1,-1
158,4,553.66,258.91,81.64,207.06,-1,-1,-1,-1
159,4,547.29,263.11,81.48,206.52,-1,-1,-1,-1
160,4,541.87,277.41,78.71,210.35,-1,-1,-1,-1
161,4,538.48,287.49,82.53,205.57,-1,-1,-1,-1
162,4,532.03,296.41,82.16,207.46,-1,-1,-1,-1
163,4,531.27,309.61,81.17,207.91,-1,-1,-1,-1
164,4,530.90,315.72,80.42,205.21,-1,-1,-1,-1
165,4,529.30,327.27,82.56,206.77,-1,-1,-1,-1
166,4,524.90,329.70,81.78,204.87,-1,-1,-1,-1
167,4,522.74,342.79,82.71,207.14,-1,-1,-1,-1
168,4,522.03,352.30,83.83,206.45,-1,-1,-1,-1
169,4,517.40,360.02,80.71,208.37,-1,-1,-1,-1
170,4,515.27,367.03,83.25,205.60,-1,-1,-1,-1
171,4,515.99,375.10,80.38,212.67,-1,-1,-1,-1
172,4,515.86,389.30,80.25,215.78,-1,-1,-1,-1
173,4,515.65,404.85,79.87,211.72,-1,-1,-1,-1
174,4,514.69,413.97,80.81,208.39,-1,-1,-1,-1
175,4,513.64,430.02,82.91,208.64,-1,-1,-1,-1
176,4,513.71,433.38,81.97,204.46,-1,-1,-1,-1
177,4,513.17,439.20,83.26,212.28,-1,-1,-1,-1
178,4,514.22,447.95,81.47,205.08,-1,-1,-1,-1
179,4,513.82,463.29,82.58,211.20,-1,-1,-1,-1
180,4,514.97,472.71,80.68,204.15,-1,-1,-1,-1
181,4,514.44,486.11,82.38,208.28,-1,-1,-1,-1
182,4,514.38,498.22,82.90,204.07,-1,-1,-1,-1
183,4,515.88,505.46,81.48,205.31,-1,-1,-1,-1
184,4,521.87,509.90,80.94,201.30,-1,-1,-1,-1
185,4,523.66,521.33,79.27,207.88,-1,-1,-1,-1
186,4,523.94,538.23,79.98,205.63,-1,-1,-1,-1
187,4,525.04,539.01,80.50,202.97,-1,-1,-1,-1
188,4,529.05,551.88,84.07,204.27,-1,-1,-1,-1
189,4,531.50,566.35,82.03,207.70,-1,-1,-1,-1
190,4,538.21,577.25,80.87,204.92,-1,-1,-1,-1
191,4,539.20,583.47,81.51,205.10,-1,-1,-1,-1
192,4,539.17,592.04,83.25,208.23,-1,-1,-1,-1
193,4,546.10,595.35,82.13,204.86,-1,-1,-1,-1
194,4,550.10,610.19,78.73,205.74,-1,-1,-1,-1
195,4,554.94,615.05,81.17,206.72,-1,-1,-1,-1
196,4,556.97,623.64,79.43,205.15,-1,-1,-1,-1
197,4,563.72,635.38,77.30,214.64,-1,-1,-1,-1
198,4,567.11,638.45,74.89,226.38,-1,-1,-1,-1
199,4,570.89,641.95,67.75,237.51,-1,-1,-1,-1
4,5,1021.09,819.75,76.53,199.77,-1,-1,-1,-1
5,5,1008.92,821.61,71.95,197.07,-1,-1,-1,-1
6,5,997.75,829.20,72.47,200.68,-1,-1,-1,-1
7,5,985.22,825.72,72.85,202.67,-1,-1,-1,-1
8,5,974.90,833.88,74.58,201.28,-1,-1,-1,-1
9,5,965.04,837.67,76.47,199.06,-1,-1,-1,-1
10,5,956.15,841.87,77.26,200.08,-1,-1,-1,-1
11,5,947.76,827.24,74.74,203.65,-1,-1,-1,-1
19,6,1279.32,608.12,90.24,209.11,-1,-1,-1,-1
20,6,1271.52,605.05,90.83,215.74,-1,-1,-1,-1
21,6,1278.62,617.21,88.66,301.42,-1,-1,-1,-1
22,6,1278.80,630.11,92.10,292.94,-1,-1,-1,-1
23,6,1277.98,637.33,92.72,278.79,-1,-1,-1,-1
24,6,1276.99,645.18,94.18,260.66,-1,-1,-1,-1
25,6,1285.97,647.82,92.03,241.29,-1,-1,-1,-1
31,7,1209.55,704.27,84.81,207.48,-1,-1,-1,-1
32,7,1204.48,704.97,80.71,208.60,-1,-1,-1,-1
33,7,1201.43,719.33,83.31,210.43,-1,-1,-1,-1
34,7,1193.25,728.31,85.10,204.93,-1,-1,-1,-1
35,7,1185.97,728.21,83.73,210.32,-1,-1,-1,-1
36,7,1177.63,733.09,84.22,216.26,-1,-1,-1,-1
37,7,1167.61,734.39,89.38,215.53,-1,-1,-1,-1
38,7,1158.67,739.13,91.27,220.32,-1,-1,-1,-1
39,7,1149.98,755.57,93.73,215.74,-1,-1,-1,-1
40,7,1139.90,765.12,98.22,213.62,-1,-1,-1,-1
41,7,1132.24,763.12,97.79,216.24,-1,-1,-1,-1
42,7,1124.92,769.25,96.06,222.89,-1,-1,-1,-1
43,7,1115.39,776.01,97.59,221.11,-1,-1,-1,-1
44,7,1106.05,770.35,100.27,221.81,-1,-1,-1,-1
45,7,1099.25,784.90,97.69,220.80,-1,-1,-1,-1
46,7,1090.68,785.06,97.35,219.90,-1,-1,-1,-1
47,7,1084.10,794.20,95.03,220.02,-1,-1,-1,-1
48,7,1069.44,805.61,94.73,214.04,-1,-1,-1,-1
49,7,1059.80,804.54,96.83,218.30,-1,-1,-1,-1
50,7,1050.93,802.25,98.76,219.00,-1,-1,-1,-1
51,7,1041.26,809.20,100.79,219.25,-1,-1,-1,-1
52,7,1033.95,810.13,99.02,219.60,-1,-1,-1,-1
53,7,1024.77,811.55,100.80,217.20,-1,-1,-1,-1
54,7,1009.95,811.08,101.68,220.81,-1,-1,-1,-1
55,7,1004.48,819.31,95.91,219.52,-1,-1,-1,-1
56,7,997.63,818.82,92.53,217.81,-1,-1,-1,-1
57,7,989.64,819.56,91.76,219.15,-1,-1,-1,-1
58,7,983.49,830.51,88.10,210.69,-1,-1,-1,-1
59,7,968.42,830.05,88.66,215.15,-1,-1,-1,-1
60,7,960.09,823.62,88.14,211.16,-1,-1,-1,-1
61,7,951.37,824.76,89.06,208.24,-1,-1,-1,-1
62,7,943.94,830.22,86.92,208.78,-1,-1,-1,-1
63,7,928.52,830.30,87.96,210.34,-1,-1,-1,-1
64,7,919.56,833.34,90.23,205.58,-1,-1,-1,-1
65,7,910.75,838.29,89.97,208.82,-1,-1,-1,-1
66,7,901.54,833.17,92.36,207.72,-1,-1,-1,-1
67,7,892.72,834.18,92.77,204.49,-1,-1,-1,-1
68,7,878.07,830.42,92.26,212.30,-1,-1,-1,-1
69,7,865.86,830.09,99.15,210.69,-1,-1,-1,-1
70,7,858.49,821.62,97.56,213.15,-1,-1,-1,-1
71,7,850.49,823.10,96.99,209.26,-1,-1,-1,-1
72,7,842.93,830.76,96.17,209.76,-1,-1,-1,-1
73,7,836.49,822.88,94.10,212.07,-1,-1,-1,-1
74,7,830.27,811.73,91.30,217.59,-1,-1,-1,-1
31,8,751.03,795.31,71.78,205.78,-1,-1,-1,-1
32,8,744.27,785.73,70.73,200.63,-1,-1,-1,-1
33,8,734.62,792.55,72.91,202.64,-1,-1,-1,-1
34,8,725.29,785.62,76.23,201.12,-1,-1,-1,-1
35,8,718.47,777.65,74.19,202.91,-1,-1,-1,-1
36,8,709.90,769.10,73.81,202.93,-1,-1,-1,-1
37,8,702.69,761.18,72.93,208.50,-1,-1,-1,-1
38,8,692.45,768.71,76.60,202.79,-1,-1,-1,-1
39,8,684.59,758.92,76.31,206.30,-1,-1,-1,-1
40,8,676.91,746.39,75.03,207.08,-1,-1,-1,-1
41,8,670.57,743.69,75.03,207.28,-1,-1,-1,-1
42,8,660.79,739.28,77.93,198.35,-1,-1,-1,-1
43,8,652.48,733.80,78.02,195.89,-1,-1,-1,-1
44,8,645.67,735.74,76.66,190.02,-1,-1,-1,-1
45,8,637.66,726.14,76.75,195.57,-1,-1,-1,-1
46,8,631.26,694.98,75.70,212.03,-1,-1,-1,-1
52,9,639.26,662.46,58.83,213.03,-1,-1,-1,-1
53,9,640.08,678.33,56.26,196.57,-1,-1,-1,-1
54,9,633.94,693.47,65.38,214.14,-1,-1,-1,-1
55,9,632.38,700.09,73.59,212.42,-1,-1,-1,-1
56,9,636.23,704.43,77.20,209.75,-1,-1,-1,-1
57,9,645.30,711.62,74.32,207.57,-1,-1,-1,-1
58,9,652.87,713.38,74.97,207.71,-1,-1,-1,-1
59,9,654.97,721.50,76.30,206.78,-1,-1,-1,-1
60,9,660.83,738.45,79.88,216.84,-1,-1,-1,-1
61,9,668.96,738.67,79.72,216.45,-1,-1,-1,-1
62,9,674.31,739.64,83.27,217.75,-1,-1,-1,-1
63,9,682.55,746.80,81.92,216.49,-1,-1,-1,-1
64,9,689.67,754.20,83.34,220.36,-1,-1,-1,-1
65,9,696.83,763.69,83.48,214.10,-1,-1,-1,-1
66,9,704.27,773.96,85.18,211.58,-1,-1,-1,-1
67,9,712.73,777.14,85.45,208.37,-1,-1,-1,-1
68,9,719.94,782.54,86.47,208.49,-1,-1,-1,-1
69,9,727.32,788.27,90.14,217.47,-1,-1,-1,-1
70,9,736.00,790.54,88.55,214.46,-1,-1,-1,-1
71,9,743.84,791.54,89.65,214.50,-1,-1,-1,-1
72,9,751.57,797.93,90.81,215.98,-1,-1,-1,-1
73,9,766.48,803.92,88.31,215.60,-1,-1,-1,-1
74,9,774.95,802.03,87.97,218.09,-1,-1,-1,-1
75,9,783.57,805.45,89.35,216.43,-1,-1,-1,-1
76,9,789.95,810.78,94.07,218.73,-1,-1,-1,-1
77,9,793.46,811.04,99.62,221.88,-1,-1,-1,-1
78,9,801.58,806.80,100.76,226.21,-1,-1,-1,-1
79,9,819.73,818.94,94.92,218.02,-1,-1,-1,-1
80,9,759.22,797.12,87.65,212.57,-1,-1,-1,-1
81,9,751.33,800.14,90.37,209.84,-1,-1,-1,-1
82,9,742.98,786.68,90.46,217.61,-1,-1,-1,-1
83,9,734.67,789.20,90.96,214.95,-1,-1,-1,-1
84,9,725.42,780.55,93.43,219.35,-1,-1,-1,-1
85,9,714.95,779.21,98.64,219.81,-1,-1,-1,-1
86,9,704.66,764.04,103.17,221.99,-1,-1,-1,-1
87,9,696.87,762.81,103.08,217.48,-1,-1,-1,-1
88,9,687.97,751.37,104.06,227.30,-1,-1,-1,-1
89,9,681.45,751.64,101.17,226.72,-1,-1,-1,-1
90,9,672.71,738.19,101.83,235.63,-1,-1,-1,-1
91,9,664.57,737.27,102.59,253.31,-1,-1,-1,-1
92,9,654.38,738.55,107.74,250.69,-1,-1,-1,-1
93,9,646.23,721.89,107.84,267.69,-1,-1,-1,-1
94,9,637.46,706.31,109.19,251.08,-1,-1,-1,-1
95,9,627.72,704.53,113.65,239.74,-1,-1,-1,-1
96,9,622.56,690.79,107.44,235.67,-1,-1,-1,-1
97,9,616.18,687.79,104.92,238.62,-1,-1,-1,-1
98,9,607.85,679.86,106.09,239.61,-1,-1,-1,-1
99,9,607.94,678.42,102.39,227.80,-1,-1,-1,-1
100,9,602.30,668.08,98.81,230.14,-1,-1,-1,-1
101,9,595.16,658.87,98.05,221.21,-1,-1,-1,-1
102,9,585.11,650.15,103.79,222.51,-1,-1,-1,-1
103,9,584.45,649.47,101.22,219.04,-1,-1,-1,-1
104,9,578.26,633.68,98.71,221.50,-1,-1,-1,-1
105,9,571.03,626.82,99.57,219.02,-1,-1,-1,-1
106,9,568.49,618.01,101.30,218.99,-1,-1,-1,-1
107,9,562.15,618.64,100.28,219.58,-1,-1,-1,-1
108,9,562.82,605.06,96.69,229.13,-1,-1,-1,-1
109,9,553.65,602.87,100.85,219.79,-1,-1,-1,-1
110,9,545.72,587.36,101.00,233.10,-1,-1,-1,-1
111,9,546.16,583.30,98.43,222.96,-1,-1,-1,-1
112,9,539.98,575.14,97.68,223.82,-1,-1,-1,-1
113,9,541.68,565.19,93.01,228.65,-1,-1,-1,-1
114,9,533.59,555.47,95.07,218.39,-1,-1,-1,-1
115,9,533.77,540.49,92.80,215.81,-1,-1,-1,-1
116,9,532.82,533.19,92.79,227.64,-1,-1,-1,-1
117,9,532.72,528.43,92.34,222.92,-1,-1,-1,-1
118,9,526.68,520.95,92.14,222.46,-1,-1,-1,-1
119,9,525.34,498.68,93.20,233.51,-1,-1,-1,-1
120,9,524.66,487.15,93.04,212.52,-1,-1,-1,-1
121,9,524.92,478.45,92.23,214.57,-1,-1,-1,-1
122,9,524.17,466.66,93.16,219.61,-1,-1,-1,-1
123,9,517.83,459.28,93.76,219.21,-1,-1,-1,-1
124,9,518.10,456.95,92.83,221.02,-1,-1,-1,-1
125,9,516.92,437.90,94.34,228.28,-1,-1,-1,-1
126,9,516.38,425.95,94.85,220.37,-1,-1,-1,-1
127,9,517.76,420.37,92.66,217.11,-1,-1,-1,-1
128,9,517.69,400.62,93.04,225.72,-1,-1,-1,-1
129,9,518.10,397.66,92.70,226.85,-1,-1,-1,-1
130,9,517.05,378.52,94.75,233.31,-1,-1,-1,-1
131,9,518.14,373.85,93.22,228.46,-1,-1,-1,-1
132,9,523.45,367.04,94.85,225.62,-1,-1,-1,-1
133,9,524.67,355.05,94.54,220.22,-1,-1,-1,-1
134,9,525.45,352.56,93.77,222.55,-1,-1,-1,-1
135,9,531.27,347.42,95.39,215.67,-1,-1,-1,-1
136,9,530.83,330.65,97.53,217.34,-1,-1,-1,-1
137,9,532.03,319.90,96.23,208.87,-1,-1,-1,-1
138,9,531.11,320.86,99.06,206.57,-1,-1,-1,-1
139,9,539.05,302.39,96.67,214.07,-1,-1,-1,-1
140,9,539.40,294.07,97.30,213.26,-1,-1,-1,-1
141,9,539.72,294.38,98.69,208.90,-1,-1,-1,-1
142,9,548.94,279.73,93.46,209.88,-1,-1,-1,-1
143,9,556.13,272.51,93.98,205.30,-1,-1,-1,-1
144,9,558.34,264.20,92.50,206.81,-1,-1,-1,-1
145,9,566.13,250.15,89.74,206.08,-1,-1,-1,-1
146,9,567.89,241.41,89.38,205.74,-1,-1,-1,-1
147,9,568.66,230.40,86.81,208.81,-1,-1,-1,-1
148,9,577.16,219.84,84.51,217.77,-1,-1,-1,-1
79,10,1217.09,173.28,69.00,213.61,-1,-1,-1,-1
80,10,1211.39,165.30,67.64,211.80,-1,-1,-1,-1
81,10,1207.36,168.37,70.41,209.38,-1,-1,-1,-1
82,10,1199.29,155.16,74.21,214.33,-1,-1,-1,-1
83,10,1191.14,149.67,76.78,210.09,-1,-1,-1,-1
84,10,1180.67,142.35,80.26,208.19,-1,-1,-1,-1
85,10,1171.65,134.25,83.16,210.76,-1,-1,-1,-1
86,10,1163.48,118.38,83.17,213.58,-1,-1,-1,-1
87,10,1160.27,112.67,83.96,210.22,-1,-1,-1,-1
88,10,1152.75,109.55,84.24,210.47,-1,-1,-1,-1
89,10,1143.61,102.57,85.78,210.77,-1,-1,-1,-1
90,10,1136.26,107.49,84.15,212.84,-1,-1,-1,-1
91,10,1122.16,95.27,88.02,209.02,-1,-1,-1,-1
92,10,1111.90,93.88,91.05,209.21,-1,-1,-1,-1
93,10,1104.76,86.62,90.08,212.09,-1,-1,-1,-1
94,10,1096.43,78.29,90.23,210.57,-1,-1,-1,-1
95,10,1088.01,76.88,89.63,211.07,-1,-1,-1,-1
96,10,1078.77,77.67,91.25,211.76,-1,-1,-1,-1
97,10,1069.89,68.73,91.00,211.06,-1,-1,-1,-1
98,10,1061.77,64.79,90.64,210.93,-1,-1,-1,-1
99,10,1048.80,53.63,90.09,212.43,-1,-1,-1,-1
100,10,1041.07,52.15,89.28,213.67,-1,-1,-1,-1
101,10,1031.07,46.92,91.54,213.35,-1,-1,-1,-1
102,10,1022.95,45.92,90.19,209.17,-1,-1,-1,-1
103,10,1013.09,50.61,92.10,214.46,-1,-1,-1,-1
104,10,1004.29,44.17,93.90,211.52,-1,-1,-1,-1
105,10,989.60,38.97,95.32,210.36,-1,-1,-1,-1
106,10,979.97,43.07,94.95,213.10,-1,-1,-1,-1
107,10,973.39,36.76,94.52,213.34,-1,-1,-1,-1
108,10,963.79,36.96,94.65,210.52,-1,-1,-1,-1
109,10,955.37,36.85,94.56,211.40,-1,-1,-1,-1
110,10,941.62,30.63,94.94,208.54,-1,-1,-1,-1
111,10,932.33,29.23,94.73,210.43,-1,-1,-1,-1
112,10,924.04,29.53,93.84,211.26,-1,-1,-1,-1
113,10,915.87,28.61,93.24,212.35,-1,-1,-1,-1
114,10,905.68,31.22,88.35,210.11,-1,-1,-1,-1
115,10,894.40,36.67,90.05,212.08,-1,-1,-1,-1
116,10,886.19,30.28,90.66,212.07,-1,-1,-1,-1
117,10,873.86,31.77,87.88,211.57,-1,-1,-1,-1
118,10,863.13,36.94,89.52,211.25,-1,-1,-1,-1
119,10,854.38,39.51,89.93,213.48,-1,-1,-1,-1
120,10,847.13,35.27,88.40,212.37,-1,-1,-1,-1
121,10,835.31,39.02,84.86,205.84,-1,-1,-1,-1
122,10,824.71,45.74,85.37,209.03,-1,-1,-1,-1
123,10,817.23,52.41,84.40,212.14,-1,-1,-1,-1
124,10,805.94,51.47,91.51,216.04,-1,-1,-1,-1
125,10,801.09,44.89,87.84,212.78,-1,-1,-1,-1
80,11,840.78,825.53,82.12,204.41,-1,-1,-1,-1
81,11,849.22,826.62,82.13,202.62,-1,-1,-1,-1
82,11,852.49,824.58,81.82,205.57,-1,-1,-1,-1
83,11,864.96,827.02,84.10,205.12,-1,-1,-1,-1
84,11,873.19,832.12,86.43,207.70,-1,-1,-1,-1
85,11,879.73,832.79,90.93,206.78,-1,-1,-1,-1
86,11,887.94,839.06,90.85,207.35,-1,-1,-1,-1
87,11,902.86,832.20,88.17,207.93,-1,-1,-1,-1
88,11,912.10,824.91,87.49,208.79,-1,-1,-1,-1
89,11,918.92,825.32,91.07,207.26,-1,-1,-1,-1
90,11,926.66,833.20,92.45,207.61,-1,-1,-1,-1
91,11,943.47,832.04,86.89,208.49,-1,-1,-1,-1
92,11,950.72,839.16,90.02,208.12,-1,-1,-1,-1
93,11,959.27,839.78,89.43,207.33,-1,-1,-1,-1
94,11,967.68,838.18,90.14,209.78,-1,-1,-1,-1
95,11,981.53,823.52,90.69,210.94,-1,-1,-1,-1
96,11,991.55,823.24,87.75,208.96,-1,-1,-1,-1
97,11,1000.28,820.70,87.16,211.90,-1,-1,-1,-1
98,11,1007.96,820.47,89.57,213.49,-1,-1,-1,-1
99,11,1016.18,815.12,90.23,211.46,-1,-1,-1,-1
100,11,1030.51,820.95,88.53,211.75,-1,-1,-1,-1
101,11,1039.38,813.44,89.07,212.11,-1,-1,-1,-1
102,11,1047.95,806.88,89.10,211.31,-1,-1,-1,-1
103,11,1056.53,804.71,89.14,211.03,-1,-1,-1,-1
104,11,1063.69,805.67,91.40,211.63,-1,-1,-1,-1
105,11,1077.77,791.93,89.09,221.42,-1,-1,-1,-1
106,11,1087.53,791.64,87.45,210.95,-1,-1,-1,-1
107,11,1094.46,795.41,90.07,214.08,-1,-1,-1,-1
108,11,1103.07,785.36,90.63,218.41,-1,-1,-1,-1
109,11,1113.22,771.55,87.32,217.21,-1,-1,-1,-1
110,11,1120.41,764.97,89.94,215.45,-1,-1,-1,-1
111,11,1133.26,770.72,90.87,215.62,-1,-1,-1,-1
112,11,1142.85,767.11,86.61,213.75,-1,-1,-1,-1
113,11,1145.32,748.52,88.77,218.20,-1,-1,-1,-1
114,11,1152.69,748.01,89.05,213.11,-1,-1,-1,-1
115,11,1161.60,750.31,87.57,213.97,-1,-1,-1,-1
116,11,1170.62,738.22,84.59,221.14,-1,-1,-1,-1
117,11,1177.66,741.99,86.48,209.97,-1,-1,-1,-1
118,11,1185.63,733.98,86.21,210.86,-1,-1,-1,-1
119,11,1194.97,728.42,83.48,208.69,-1,-1,-1,-1
120,11,1204.97,716.81,78.98,212.07,-1,-1,-1,-1
121,11,1213.48,708.54,77.80,212.23,-1,-1,-1,-1
122,11,1222.20,690.55,75.15,216.96,-1,-1,-1,-1
123,11,1227.93,694.80,78.30,212.62,-1,-1,-1,-1
124,11,1231.67,691.30,86.90,217.98,-1,-1,-1,-1
128,12,808.67,48.67,68.78,205.72,-1,-1,-1,-1
128,13,832.37,50.09,54.31,200.97,-1,-1,-1,-1
129,13,820.15,42.97,66.59,200.24,-1,-1,-1,-1
130,13,834.48,49.53,65.86,200.61,-1,-1,-1,-1
131,13,843.46,51.91,64.63,200.98,-1,-1,-1,-1
132,13,850.71,49.86,67.38,201.12,-1,-1,-1,-1
133,13,859.24,40.88,70.06,207.31,-1,-1,-1,-1
134,13,870.76,41.18,72.72,203.69,-1,-1,-1,-1
135,13,879.02,31.50,74.96,204.38,-1,-1,-1,-1
136,13,888.61,36.18,74.08,203.27,-1,-1,-1,-1
137,13,901.41,42.90,74.87,204.10,-1,-1,-1,-1
138,13,911.33,19.93,73.63,213.94,-1,-1,-1,-1
139,13,920.41,40.90,72.87,202.29,-1,-1,-1,-1
140,13,927.42,32.39,77.03,206.08,-1,-1,-1,-1
141,13,943.56,42.20,70.93,200.51,-1,-1,-1,-1
142,13,954.55,42.96,68.06,204.58,-1,-1,-1,-1
143,13,962.94,34.77,69.09,204.93,-1,-1,-1,-1
144,13,969.53,50.35,70.13,200.70,-1,-1,-1,-1
145,13,983.12,50.56,70.81,202.16,-1,-1,-1,-1
146,13,992.18,51.21,70.11,203.17,-1,-1,-1,-1
147,13,1000.74,49.06,70.86,203.67,-1,-1,-1,-1
148,13,1009.99,50.84,70.19,203.93,-1,-1,-1,-1
149,13,1023.36,51.44,70.23,202.83,-1,-1,-1,-1
150,13,1032.19,57.59,72.58,205.87,-1,-1,-1,-1
151,13,1039.16,58.48,73.82,201.27,-1,-1,-1,-1
152,13,1047.88,57.78,75.05,200.98,-1,-1,-1,-1
153,13,1060.79,65.72,75.45,200.60,-1,-1,-1,-1
154,13,1067.64,67.15,76.63,202.52,-1,-1,-1,-1
155,13,1074.96,67.09,79.57,204.36,-1,-1,-1,-1
156,13,1084.26,72.20,79.07,204.01,-1,-1,-1,-1
157,13,1092.18,74.45,81.56,203.15,-1,-1,-1,-1
158,13,1101.54,82.93,77.47,204.78,-1,-1,-1,-1
159,13,1109.75,92.02,78.29,205.06,-1,-1,-1,-1
160,13,1118.15,95.66,79.38,206.10,-1,-1,-1,-1
161,13,1125.27,96.42,79.29,203.88,-1,-1,-1,-1
162,13,1134.81,103.15,75.31,203.94,-1,-1,-1,-1
163,13,1143.14,105.00,77.61,206.64,-1,-1,-1,-1
164,13,1152.49,111.77,75.03,203.58,-1,-1,-1,-1
165,13,1161.14,120.76,72.99,203.99,-1,-1,-1,-1
166,13,1167.07,130.96,72.82,205.32,-1,-1,-1,-1
167,13,1174.15,138.63,75.20,207.88,-1,-1,-1,-1
168,13,1182.04,136.60,76.63,206.16,-1,-1,-1,-1
169,13,1191.83,158.74,71.47,206.17,-1,-1,-1,-1
170,13,1199.79,164.84,70.61,199.19,-1,-1,-1,-1
171,13,1207.72,171.73,70.72,202.53,-1,-1,-1,-1
172,13,1216.42,179.41,69.55,203.46,-1,-1,-1,-1
173,13,1219.89,184.08,68.01,207.62,-1,-1,-1,-1
174,13,1226.88,181.67,67.46,211.27,-1,-1,-1,-1
175,13,1235.47,199.95,65.35,206.19,-1,-1,-1,-1
176,13,1239.68,202.85,71.04,205.70,-1,-1,-1,-1
129,14,1216.95,684.98,68.35,216.12,-1,-1,-1,-1
130,14,1208.91,707.90,72.71,202.88,-1,-1,-1,-1
131,14,1204.19,707.45,77.83,203.89,-1,-1,-1,-1
132,14,1196.92,716.82,77.38,202.06,-1,-1,-1,-1
133,14,1187.39,729.34,80.11,204.08,-1,-1,-1,-1
134,14,1178.20,730.42,84.21,204.08,-1,-1,-1,-1
135,14,1169.54,744.13,86.28,205.04,-1,-1,-1,-1
136,14,1159.46,742.50,90.78,208.29,-1,-1,-1,-1
137,14,1151.61,745.63,90.45,208.53,-1,-1,-1,-1
138,14,1144.40,753.08,90.28,208.54,-1,-1,-1,-1
139,14,1135.38,757.26,92.00,211.01,-1,-1,-1,-1
140,14,1132.94,759.56,91.23,210.51,-1,-1,-1,-1
141,14,1125.72,767.85,90.18,209.64,-1,-1,-1,-1
142,14,1117.09,782.44,90.78,208.30,-1,-1,-1,-1
143,14,1102.55,784.96,93.35,208.48,-1,-1,-1,-1
144,14,1094.18,784.71,93.77,208.98,-1,-1,-1,-1
145,14,1086.42,789.71,92.86,213.07,-1,-1,-1,-1
146,14,1075.30,790.82,97.53,214.24,-1,-1,-1,-1
147,14,1067.13,797.91,97.56,220.20,-1,-1,-1,-1
148,14,1057.08,803.51,100.60,216.91,-1,-1,-1,-1
149,14,1044.30,805.21,97.51,216.36,-1,-1,-1,-1
150,14,1036.97,815.20,94.87,211.96,-1,-1,-1,-1
151,14,1028.07,819.26,95.41,218.88,-1,-1,-1,-1
152,14,1018.27,821.06,98.03,216.66,-1,-1,-1,-1
153,14,1009.38,816.96,100.06,215.89,-1,-1,-1,-1
154,14,1000.91,820.21,100.58,229.34,-1,-1,-1,-1
155,14,990.64,821.05,105.42,226.70,-1,-1,-1,-1
156,14,979.50,829.77,97.90,221.77,-1,-1,-1,-1
157,14,972.13,820.71,95.70,227.36,-1,-1,-1,-1
158,14,961.80,830.42,99.92,225.92,-1,-1,-1,-1
159,14,952.73,836.74,100.96,231.42,-1,-1,-1,-1
160,14,940.21,838.29,97.48,218.80,-1,-1,-1,-1
161,14,931.95,830.29,97.30,224.36,-1,-1,-1,-1
162,14,921.78,830.39,99.24,216.46,-1,-1,-1,-1
163,14,914.47,830.89,97.52,223.94,-1,-1,-1,-1
164,14,905.12,831.01,99.79,217.47,-1,-1,-1,-1
165,14,891.73,836.76,97.03,226.57,-1,-1,-1,-1
166,14,883.30,831.34,97.28,218.50,-1,-1,-1,-1
167,14,873.92,838.38,99.08,232.15,-1,-1,-1,-1
168,14,860.65,830.03,96.88,218.07,-1,-1,-1,-1
169,14,851.01,837.00,97.96,222.33,-1,-1,-1,-1
170,14,843.63,828.02,97.24,228.77,-1,-1,-1,-1
171,14,834.34,824.68,99.95,220.25,-1,-1,-1,-1
172,14,822.24,831.51,106.01,226.16,-1,-1,-1,-1
173,14,810.10,819.28,102.00,230.99,-1,-1,-1,-1
174,14,800.77,819.75,103.38,230.31,-1,-1,-1,-1
175,14,791.45,820.78,105.54,226.15,-1,-1,-1,-1
176,14,778.27,819.85,101.48,221.69,-1,-1,-1,-1
177,14,768.24,815.92,105.45,223.17,-1,-1,-1,-1
178,14,761.03,807.46,102.60,217.65,-1,-1,-1,-1
179,14,752.08,798.86,104.85,221.13,-1,-1,-1,-1
180,14,742.60,797.14,106.62,220.05,-1,-1,-1,-1
181,14,734.83,791.79,105.62,213.70,-1,-1,-1,-1
182,14,727.62,790.95,103.00,210.76,-1,-1,-1,-1
183,14,715.03,789.65,99.72,212.74,-1,-1,-1,-1
184,14,708.62,789.47,95.96,211.63,-1,-1,-1,-1
185,14,699.94,778.53,96.17,215.70,-1,-1,-1,-1
186,14,691.93,772.85,96.81,213.52,-1,-1,-1,-1
187,14,684.02,764.36,97.16,216.64,-1,-1,-1,-1
188,14,676.79,755.87,95.01,219.97,-1,-1,-1,-1
189,14,668.77,752.87,94.50,220.98,-1,-1,-1,-1
190,14,661.73,745.42,92.73,221.06,-1,-1,-1,-1
191,14,653.93,743.83,92.13,222.25,-1,-1,-1,-1
192,14,645.52,734.51,93.10,224.13,-1,-1,-1,-1
193,14,638.90,722.48,90.48,220.38,-1,-1,-1,-1
194,14,628.98,718.18,95.27,213.91,-1,-1,-1,-1
195,14,622.09,717.62,93.76,211.87,-1,-1,-1,-1
196,14,620.26,703.58,93.15,222.21,-1,-1,-1,-1
197,14,612.17,705.47,93.50,218.97,-1,-1,-1,-1
198,14,606.02,685.82,91.32,226.46,-1,-1,-1,-1
199,14,597.78,676.64,93.37,217.07,-1,-1,-1,-1
200,14,587.57,672.63,96.48,221.29,-1,-1,-1,-1
201,14,580.93,663.07,95.65,225.10,-1,-1,-1,-1
202,14,578.36,658.40,97.09,221.54,-1,-1,-1,-1
203,14,573.39,646.65,93.99,241.12,-1,-1,-1,-1
204,14,572.32,646.72,92.86,242.52,-1,-1,-1,-1
205,14,566.66,627.24,91.67,282.58,-1,-1,-1,-1
206,14,558.73,624.80,92.17,286.80,-1,-1,-1,-1
207,14,549.23,617.84,94.87,235.89,-1,-1,-1,-1
208,14,550.26,611.78,90.14,231.74,-1,-1,-1,-1
209,14,541.96,609.92,93.22,218.10,-1,-1,-1,-1
210,14,540.52,598.86,92.43,224.99,-1,-1,-1,-1
211,14,534.66,581.74,92.81,228.70,-1,-1,-1,-1
212,14,533.58,580.26,90.68,216.41,-1,-1,-1,-1
213,14,529.75,564.65,87.73,228.77,-1,-1,-1,-1
214,14,528.34,563.97,85.71,215.82,-1,-1,-1,-1
215,14,521.34,542.83,88.79,223.92,-1,-1,-1,-1
216,14,520.51,530.53,87.14,218.47,-1,-1,-1,-1
217,14,518.15,528.78,89.32,208.06,-1,-1,-1,-1
218,14,514.38,519.26,86.98,214.30,-1,-1,-1,-1
219,14,511.49,506.18,90.89,218.79,-1,-1,-1,-1
220,14,512.37,504.34,86.94,211.41,-1,-1,-1,-1
221,14,510.60,495.68,89.18,211.99,-1,-1,-1,-1
222,14,510.41,485.18,89.70,214.07,-1,-1,-1,-1
223,14,510.76,471.71,88.52,217.51,-1,-1,-1,-1
224,14,511.22,451.49,87.12,218.72,-1,-1,-1,-1
225,14,509.52,449.15,90.08,216.44,-1,-1,-1,-1
226,14,509.72,444.46,89.89,219.62,-1,-1,-1,-1
227,14,510.16,425.34,88.89,220.22,-1,-1,-1,-1
228,14,509.54,413.70,90.32,220.43,-1,-1,-1,-1
229,14,508.86,394.48,92.45,223.10,-1,-1,-1,-1
230,14,509.63,386.22,91.90,219.75,-1,-1,-1,-1
231,14,511.17,380.93,89.16,216.64,-1,-1,-1,-1
232,14,510.97,370.75,90.87,215.44,-1,-1,-1,-1
233,14,512.98,358.17,89.56,212.69,-1,-1,-1,-1
234,14,516.94,358.14,90.28,209.36,-1,-1,-1,-1
235,14,518.14,344.28,92.29,209.55,-1,-1,-1,-1
236,14,518.22,346.02,92.21,204.01,-1,-1,-1,-1
237,14,520.33,338.71,90.99,203.61,-1,-1,-1,-1
238,14,525.02,329.35,91.37,205.80,-1,-1,-1,-1
239,14,525.94,310.84,92.76,209.64,-1,-1,-1,-1
240,14,528.77,302.32,90.43,206.75,-1,-1,-1,-1
241,14,533.47,295.80,91.26,205.86,-1,-1,-1,-1
242,14,536.12,289.47,89.13,204.87,-1,-1,-1,-1
243,14,536.46,282.22,90.33,203.88,-1,-1,-1,-1
244,14,541.75,256.04,92.50,211.75,-1,-1,-1,-1
245,14,540.89,257.23,97.83,204.68,-1,-1,-1,-1
246,14,547.77,249.89,95.36,208.84,-1,-1,-1,-1
247,14,557.27,232.85,91.41,219.82,-1,-1,-1,-1
248,14,560.90,221.50,87.56,213.49,-1,-1,-1,-1
249,14,568.58,223.25,85.94,209.46,-1,-1,-1,-1
155,15,635.14,158.30,81.59,228.84,-1,-1,-1,-1
156,15,632.78,162.72,85.59,250.80,-1,-1,-1,-1
157,15,631.01,146.01,92.73,267.33,-1,-1,-1,-1
158,15,633.03,139.09,103.42,219.42,-1,-1,-1,-1
159,15,641.13,136.55,102.69,221.76,-1,-1,-1,-1
160,15,649.88,139.26,101.86,216.47,-1,-1,-1,-1
161,15,658.07,133.61,101.52,212.90,-1,-1,-1,-1
162,15,666.37,124.55,100.34,212.03,-1,-1,-1,-1
163,15,673.91,116.75,100.30,216.86,-1,-1,-1,-1
164,15,681.39,103.94,102.25,224.84,-1,-1,-1,-1
165,15,689.37,107.31,102.29,214.29,-1,-1,-1,-1
166,15,696.86,95.18,103.73,211.97,-1,-1,-1,-1
167,15,705.82,90.99,101.78,219.40,-1,-1,-1,-1
168,15,713.47,94.43,103.20,209.84,-1,-1,-1,-1
169,15,728.57,77.86,100.72,213.32,-1,-1,-1,-1
170,15,735.91,76.78,102.43,214.49,-1,-1,-1,-1
171,15,745.75,70.37,99.74,212.53,-1,-1,-1,-1
172,15,756.03,71.29,95.81,206.41,-1,-1,-1,-1
173,15,763.90,71.40,97.63,208.29,-1,-1,-1,-1
174,15,773.70,54.94,94.58,213.09,-1,-1,-1,-1
175,15,781.84,63.48,95.11,207.74,-1,-1,-1,-1
176,15,795.65,55.03,94.34,212.94,-1,-1,-1,-1
177,15,805.01,53.62,93.18,215.33,-1,-1,-1,-1
178,15,812.71,52.64,94.69,217.46,-1,-1,-1,-1
179,15,822.13,47.75,93.83,211.26,-1,-1,-1,-1
180,15,829.32,46.35,95.27,212.71,-1,-1,-1,-1
181,15,845.13,47.08,91.46,209.01,-1,-1,-1,-1
182,15,856.23,40.79,87.13,209.25,-1,-1,-1,-1
183,15,863.45,39.15,89.99,211.58,-1,-1,-1,-1
184,15,871.62,38.77,90.60,209.14,-1,-1,-1,-1
185,15,887.27,40.99,86.72,202.82,-1,-1,-1,-1
186,15,894.48,40.46,90.04,209.09,-1,-1,-1,-1
187,15,901.97,32.24,92.04,209.33,-1,-1,-1,-1
188,15,911.85,41.00,90.02,207.70,-1,-1,-1,-1
189,15,926.76,34.07,86.99,204.98,-1,-1,-1,-1
190,15,935.48,32.72,87.63,208.38,-1,-1,-1,-1
191,15,943.60,41.13,88.40,207.63,-1,-1,-1,-1
192,15,952.67,42.85,88.03,205.09,-1,-1,-1,-1
193,15,961.24,42.41,88.26,204.73,-1,-1,-1,-1
194,15,969.28,46.27,88.87,209.50,-1,-1,-1,-1
195,15,983.21,51.33,87.83,203.24,-1,-1,-1,-1
196,15,991.22,50.60,87.59,204.65,-1,-1,-1,-1
197,15,999.67,51.09,86.50,204.32,-1,-1,-1,-1
198,15,1010.16,45.33,83.72,212.19,-1,-1,-1,-1
199,15,1019.09,41.39,79.86,221.07,-1,-1,-1,-1
200,15,1021.47,29.21,78.84,229.06,-1,-1,-1,-1
173,16,1234.84,193.25,65.83,238.82,-1,-1,-1,-1
179,17,1226.50,181.22,66.76,217.02,-1,-1,-1,-1
180,17,1254.05,233.15,76.18,202.90,-1,-1,-1,-1
181,17,1261.74,236.14,76.08,201.52,-1,-1,-1,-1
182,17,1269.69,250.34,75.16,202.02,-1,-1,-1,-1
183,17,1277.12,267.04,73.97,200.79,-1,-1,-1,-1
184,17,1278.35,276.71,77.09,200.92,-1,-1,-1,-1
185,17,1284.10,282.54,77.62,198.94,-1,-1,-1,-1
186,17,1285.16,295.48,79.81,204.24,-1,-1,-1,-1
187,17,1289.58,299.65,82.64,204.62,-1,-1,-1,-1
188,17,1291.40,307.72,81.58,203.16,-1,-1,-1,-1
189,17,1293.49,321.86,81.28,200.93,-1,-1,-1,-1
190,17,1298.73,324.11,81.25,202.48,-1,-1,-1,-1
191,17,1302.41,340.85,76.73,201.29,-1,-1,-1,-1
192,17,1302.45,347.90,79.20,203.28,-1,-1,-1,-1
193,17,1307.96,355.48,77.92,201.82,-1,-1,-1,-1
194,17,1309.51,363.48,78.82,201.38,-1,-1,-1,-1
195,17,1310.44,369.87,78.14,200.93,-1,-1,-1,-1
196,17,1312.30,386.94,75.10,201.25,-1,-1,-1,-1
197,17,1314.88,402.39,70.67,201.30,-1,-1,-1,-1
198,17,1318.28,408.65,72.43,202.94,-1,-1,-1,-1
199,17,1317.84,412.26,74.63,202.19,-1,-1,-1,-1
200,17,1319.32,428.30,71.81,203.82,-1,-1,-1,-1
201,17,1321.44,437.76,68.33,201.40,-1,-1,-1,-1
202,17,1320.51,450.32,69.02,199.29,-1,-1,-1,-1
203,17,1320.34,460.11,69.36,199.59,-1,-1,-1,-1
204,17,1321.32,462.04,67.31,199.49,-1,-1,-1,-1
205,17,1319.48,470.66,68.81,199.27,-1,-1,-1,-1
206,17,1318.50,488.39,69.63,196.17,-1,-1,-1,-1
207,17,1318.74,494.53,69.06,191.80,-1,-1,-1,-1
208,17,1315.72,509.57,66.51,197.14,-1,-1,-1,-1
209,17,1311.83,524.44,71.06,194.70,-1,-1,-1,-1
210,17,1310.39,527.35,72.47,197.35,-1,-1,-1,-1
211,17,1310.92,538.42,69.65,199.82,-1,-1,-1,-1
212,17,1306.99,551.01,67.97,199.61,-1,-1,-1,-1
213,17,1302.32,557.11,72.13,194.49,-1,-1,-1,-1
214,17,1300.39,562.42,67.88,199.09,-1,-1,-1,-1
215,17,1297.45,566.97,69.60,198.26,-1,-1,-1,-1
216,17,1293.89,578.37,71.98,201.96,-1,-1,-1,-1
217,17,1289.72,588.14,69.98,197.11,-1,-1,-1,-1
218,17,1286.89,603.59,70.55,200.91,-1,-1,-1,-1
219,17,1283.58,610.73,68.15,199.52,-1,-1,-1,-1
220,17,1276.74,625.42,74.69,202.14,-1,-1,-1,-1
221,17,1268.76,628.53,77.67,202.53,-1,-1,-1,-1
222,17,1263.44,639.69,75.88,203.77,-1,-1,-1,-1
223,17,1259.49,643.24,78.39,202.74,-1,-1,-1,-1
224,17,1255.98,656.28,73.59,203.80,-1,-1,-1,-1
225,17,1250.14,659.55,71.95,201.08,-1,-1,-1,-1
226,17,1245.20,664.85,74.14,200.84,-1,-1,-1,-1
227,17,1236.42,679.79,77.72,208.21,-1,-1,-1,-1
228,17,1232.44,688.49,72.99,204.35,-1,-1,-1,-1
229,17,1222.19,689.25,77.66,201.15,-1,-1,-1,-1
230,17,1216.93,690.99,74.10,205.41,-1,-1,-1,-1
231,17,1209.67,705.77,81.12,206.92,-1,-1,-1,-1
232,17,1201.06,713.07,83.76,201.63,-1,-1,-1,-1
233,17,1196.27,714.31,79.15,204.48,-1,-1,-1,-1
234,17,1186.46,721.90,81.68,208.03,-1,-1,-1,-1
235,17,1178.92,736.78,81.02,205.12,-1,-1,-1,-1
236,17,1170.84,736.76,82.54,203.54,-1,-1,-1,-1
237,17,1163.65,745.64,81.67,206.13,-1,-1,-1,-1
238,17,1156.79,752.62,80.27,202.70,-1,-1,-1,-1
239,17,1147.07,761.58,82.79,208.32,-1,-1,-1,-1
240,17,1139.70,759.09,81.63,206.28,-1,-1,-1,-1
241,17,1130.49,761.93,83.16,204.79,-1,-1,-1,-1
242,17,1124.42,777.51,80.04,204.01,-1,-1,-1,-1
243,17,1117.27,776.24,79.95,204.68,-1,-1,-1,-1
244,17,1108.97,777.27,79.64,204.52,-1,-1,-1,-1
245,17,1100.55,793.18,77.08,205.49,-1,-1,-1,-1
246,17,1092.46,802.75,77.36,199.85,-1,-1,-1,-1
247,17,1082.81,810.13,79.33,201.78,-1,-1,-1,-1
248,17,1071.89,803.99,74.66,196.96,-1,-1,-1,-1
249,17,1063.33,813.68,74.01,201.51,-1,-1,-1,-1
250,17,1052.94,809.14,79.33,209.40,-1,-1,-1,-1
181,18,1218.12,167.78,83.72,223.01,-1,-1,-1,-1
182,18,1211.99,160.65,78.82,204.13,-1,-1,-1,-1
183,18,1202.69,152.12,83.38,204.68,-1,-1,-1,-1
184,18,1195.34,147.11,82.05,204.11,-1,-1,-1,-1
185,18,1187.50,131.80,82.87,204.42,-1,-1,-1,-1
186,18,1178.81,136.94,81.22,205.95,-1,-1,-1,-1
187,18,1171.83,122.43,82.25,206.89,-1,-1,-1,-1
188,18,1163.08,114.23,83.60,205.97,-1,-1,-1,-1
189,18,1155.70,119.11,81.04,207.29,-1,-1,-1,-1
190,18,1144.28,98.47,87.64,207.50,-1,-1,-1,-1
191,18,1135.54,102.82,88.13,207.59,-1,-1,-1,-1
192,18,1125.92,93.83,92.16,208.37,-1,-1,-1,-1
193,18,1119.99,86.81,87.66,210.40,-1,-1,-1,-1
194,18,1112.23,90.30,86.35,205.93,-1,-1,-1,-1
195,18,1102.98,78.38,89.69,207.24,-1,-1,-1,-1
196,18,1095.29,81.52,86.28,206.50,-1,-1,-1,-1
197,18,1085.43,71.06,90.28,206.74,-1,-1,-1,-1
198,18,1075.00,74.60,84.04,204.71,-1,-1,-1,-1
199,18,1068.39,69.35,80.93,208.58,-1,-1,-1,-1
200,18,1059.98,62.02,79.79,206.69,-1,-1,-1,-1
201,18,1050.22,60.49,82.83,203.52,-1,-1,-1,-1
202,18,1042.38,63.70,82.71,205.30,-1,-1,-1,-1
203,18,1034.65,59.51,80.82,204.39,-1,-1,-1,-1
204,18,1020.97,58.28,80.38,203.09,-1,-1,-1,-1
205,18,1013.86,50.62,76.49,202.96,-1,-1,-1,-1
206,18,1005.37,43.48,75.62,198.63,-1,-1,-1,-1
207,18,992.06,52.80,73.74,198.03,-1,-1,-1,-1
208,18,984.35,44.82,73.49,199.76,-1,-1,-1,-1
209,18,973.84,42.39,75.80,200.29,-1,-1,-1,-1
210,18,964.96,36.88,76.48,200.84,-1,-1,-1,-1
211,18,954.63,42.93,78.34,202.03,-1,-1,-1,-1
212,18,943.26,35.03,77.15,201.64,-1,-1,-1,-1
213,18,932.78,40.52,78.23,204.32,-1,-1,-1,-1
214,18,922.78,43.19,81.22,203.65,-1,-1,-1,-1
215,18,914.23,43.12,81.08,203.35,-1,-1,-1,-1
216,18,905.14,41.89,82.31,203.40,-1,-1,-1,-1
217,18,891.77,47.05,81.53,205.87,-1,-1,-1,-1
218,18,884.00,43.46,80.30,204.35,-1,-1,-1,-1
219,18,873.75,49.32,81.36,205.28,-1,-1,-1,-1
220,18,861.13,43.08,81.13,204.42,-1,-1,-1,-1
221,18,851.75,46.48,81.99,207.00,-1,-1,-1,-1
222,18,843.11,55.76,80.34,204.85,-1,-1,-1,-1
223,18,834.19,57.22,81.11,205.82,-1,-1,-1,-1
224,18,824.91,55.25,83.12,206.78,-1,-1,-1,-1
225,18,812.39,55.70,81.13,207.77,-1,-1,-1,-1
226,18,803.37,49.60,81.26,207.17,-1,-1,-1,-1
227,18,793.23,61.87,83.48,209.89,-1,-1,-1,-1
228,18,784.79,73.90,83.59,204.59,-1,-1,-1,-1
229,18,775.81,65.70,85.58,206.04,-1,-1,-1,-1
230,18,761.05,73.57,86.44,207.15,-1,-1,-1,-1
231,18,751.96,71.36,88.67,209.73,-1,-1,-1,-1
232,18,743.92,79.51,86.91,208.12,-1,-1,-1,-1
233,18,736.04,80.14,86.40,206.38,-1,-1,-1,-1
234,18,726.12,93.82,88.80,210.26,-1,-1,-1,-1
235,18,717.56,90.76,90.42,206.60,-1,-1,-1,-1
236,18,709.72,96.54,89.30,210.00,-1,-1,-1,-1
237,18,701.58,110.18,89.54,209.17,-1,-1,-1,-1
238,18,691.30,117.65,84.17,208.89,-1,-1,-1,-1
239,18,684.55,120.69,81.90,207.06,-1,-1,-1,-1
240,18,681.59,117.60,81.46,211.48,-1,-1,-1,-1
241,18,667.35,125.96,84.99,208.43,-1,-1,-1,-1
242,18,664.90,129.27,82.93,206.71,-1,-1,-1,-1
243,18,656.42,148.32,85.39,212.01,-1,-1,-1,-1
244,18,648.50,152.59,84.92,208.79,-1,-1,-1,-1
245,18,642.07,151.73,82.76,207.05,-1,-1,-1,-1
246,18,633.10,168.56,83.61,206.45,-1,-1,-1,-1
247,18,626.64,169.47,81.83,207.10,-1,-1,-1,-1
248,18,618.44,173.31,83.86,213.09,-1,-1,-1,-1
249,18,610.23,184.73,84.01,209.59,-1,-1,-1,-1
250,18,600.66,185.92,87.52,218.60,-1,-1,-1,-1
204,19,1088.58,64.16,69.60,204.31,-1,-1,-1,-1
205,19,1087.89,75.73,75.07,204.18,-1,-1,-1,-1
206,19,1091.66,79.41,82.62,206.24,-1,-1,-1,-1
207,19,1097.81,78.29,85.69,207.98,-1,-1,-1,-1
208,19,1106.11,87.16,87.08,206.13,-1,-1,-1,-1
209,19,1118.46,86.89,88.62,207.68,-1,-1,-1,-1
210,19,1125.99,89.54,90.17,207.68,-1,-1,-1,-1
211,19,1134.83,101.76,89.42,209.92,-1,-1,-1,-1
212,19,1142.92,103.35,89.16,212.05,-1,-1,-1,-1
213,19,1150.21,111.36,91.60,207.06,-1,-1,-1,-1
214,19,1159.00,117.89,90.30,209.00,-1,-1,-1,-1
215,19,1166.70,117.84,90.06,216.01,-1,-1,-1,-1
216,19,1175.16,127.58,88.33,210.86,-1,-1,-1,-1
217,19,1181.46,133.04,92.41,212.18,-1,-1,-1,-1
218,19,1187.28,134.62,96.56,213.67,-1,-1,-1,-1
219,19,1195.72,144.63,94.66,221.20,-1,-1,-1,-1
220,19,1203.08,148.65,95.52,211.90,-1,-1,-1,-1
221,19,1205.61,153.89,95.79,220.43,-1,-1,-1,-1
222,19,1213.54,167.54,93.62,223.06,-1,-1,-1,-1
223,19,1219.85,170.44,95.99,218.59,-1,-1,-1,-1
224,19,1228.35,173.72,93.53,227.40,-1,-1,-1,-1
225,19,1237.08,187.51,92.20,219.19,-1,-1,-1,-1
226,19,1238.23,202.06,92.89,217.35,-1,-1,-1,-1
227,19,1243.77,204.35,95.86,214.49,-1,-1,-1,-1
228,19,1252.48,211.82,94.00,217.51,-1,-1,-1,-1
229,19,1260.53,221.51,94.05,211.51,-1,-1,-1,-1
230,19,1261.13,224.85,95.31,223.40,-1,-1,-1,-1
231,19,1267.59,235.31,95.85,214.99,-1,-1,-1,-1
232,19,1268.93,241.82,95.54,218.27,-1,-1,-1,-1
233,19,1275.84,247.57,95.11,224.52,-1,-1,-1,-1
234,19,1282.60,259.62,96.83,217.88,-1,-1,-1,-1
235,19,1284.06,275.78,96.06,215.01,-1,-1,-1,-1
236,19,1284.50,278.38,96.04,212.73,-1,-1,-1,-1
237,19,1291.83,283.81,95.44,216.78,-1,-1,-1,-1
238,19,1297.99,290.35,98.10,219.75,-1,-1,-1,-1
239,19,1297.04,307.58,101.02,217.43,-1,-1,-1,-1
240,19,1296.72,314.93,102.62,220.18,-1,-1,-1,-1
241,19,1297.37,318.38,102.69,227.80,-1,-1,-1,-1
242,19,1305.16,324.32,99.55,232.41,-1,-1,-1,-1
243,19,1305.44,336.86,100.17,220.40,-1,-1,-1,-1
244,19,1305.79,341.50,101.76,229.44,-1,-1,-1,-1
245,19,1306.92,360.89,99.88,221.91,-1,-1,-1,-1
246,19,1307.10,368.89,100.63,220.66,-1,-1,-1,-1
247,19,1314.06,378.02,97.75,222.40,-1,-1,-1,-1
248,19,1316.23,395.64,93.78,216.98,-1,-1,-1,-1
249,19,1318.24,411.39,90.95,215.11,-1,-1,-1,-1
250,19,1320.13,428.75,87.15,212.01,-1,-1,-1,-1
207,20,627.04,729.02,82.29,204.36,-1,-1,-1,-1
208,20,634.67,729.01,81.84,205.42,-1,-1,-1,-1
209,20,642.92,729.04,80.92,205.47,-1,-1,-1,-1
210,20,650.18,735.06,81.34,208.17,-1,-1,-1,-1
211,20,657.96,744.40,82.54,211.33,-1,-1,-1,-1
212,20,665.14,748.73,83.75,210.95,-1,-1,-1,-1
213,20,673.16,756.26,83.15,212.62,-1,-1,-1,-1
214,20,682.80,759.73,79.78,210.77,-1,-1,-1,-1
215,20,690.49,761.02,81.40,210.40,-1,-1,-1,-1
216,20,697.85,771.89,82.65,213.17,-1,-1,-1,-1
217,20,705.82,774.20,83.22,208.92,-1,-1,-1,-1
218,20,713.65,780.25,83.52,211.88,-1,-1,-1,-1
219,20,723.18,788.97,81.16,214.77,-1,-1,-1,-1
220,20,729.40,797.78,85.69,209.83,-1,-1,-1,-1
221,20,739.26,793.53,82.26,208.90,-1,-1,-1,-1
222,20,745.46,804.33,86.28,213.60,-1,-1,-1,-1
223,20,753.13,797.73,87.76,213.33,-1,-1,-1,-1
224,20,767.61,806.38,86.17,210.22,-1,-1,-1,-1
225,20,776.48,805.78,85.35,211.08,-1,-1,-1,-1
226,20,787.25,806.93,81.12,211.06,-1,-1,-1,-1
227,20,793.83,812.11,84.31,212.79,-1,-1,-1,-1
228,20,802.92,814.82,83.67,211.31,-1,-1,-1,-1
229,20,811.74,815.86,83.14,210.62,-1,-1,-1,-1
230,20,826.25,816.20,81.77,209.08,-1,-1,-1,-1
231,20,834.56,832.67,83.31,206.84,-1,-1,-1,-1
232,20,842.50,833.93,84.76,206.50,-1,-1,-1,-1
233,20,851.65,825.91,81.84,208.13,-1,-1,-1,-1
234,20,864.80,831.54,83.44,208.19,-1,-1,-1,-1
235,20,874.04,826.48,82.21,207.43,-1,-1,-1,-1
236,20,882.59,834.05,83.44,207.08,-1,-1,-1,-1
237,20,892.16,832.31,81.91,207.96,-1,-1,-1,-1
238,20,905.20,839.32,82.46,207.42,-1,-1,-1,-1
239,20,915.85,841.07,79.95,205.26,-1,-1,-1,-1
240,20,922.50,833.52,84.11,206.25,-1,-1,-1,-1
241,20,932.50,833.09,82.32,206.03,-1,-1,-1,-1
242,20,944.86,825.44,83.26,208.99,-1,-1,-1,-1
243,20,953.52,831.78,85.20,205.29,-1,-1,-1,-1
244,20,962.64,830.52,82.43,207.93,-1,-1,-1,-1
245,20,969.32,830.19,86.32,207.87,-1,-1,-1,-1
246,20,977.05,824.74,86.26,208.01,-1,-1,-1,-1
247,20,984.36,827.61,88.26,203.58,-1,-1,-1,-1
248,20,999.17,815.45,87.73,210.26,-1,-1,-1,-1
249,20,1007.50,822.63,86.49,208.14,-1,-1,-1,-1
