1,1,523.85,772.15,63.57,199.49,-1,-1,-1,-1
2,1,523.01,770.01,65.95,200.34,-1,-1,-1,-1
3,1,522.95,772.08,68.59,197.12,-1,-1,-1,-1
4,1,521.72,779.09,72.68,198.92,-1,-1,-1,-1
5,1,525.34,778.81,75.01,200.98,-1,-1,-1,-1
6,1,526.13,785.27,77.09,200.38,-1,-1,-1,-1
7,1,528.80,784.91,73.90,202.55,-1,-1,-1,-1
8,1,531.75,785.62,76.81,199.81,-1,-1,-1,-1
9,1,534.09,785.22,75.06,202.16,-1,-1,-1,-1
10,1,535.72,779.17,74.11,203.12,-1,-1,-1,-1
11,1,537.53,779.33,72.83,202.96,-1,-1,-1,-1
12,1,542.06,780.87,72.67,204.95,-1,-1,-1,-1
13,1,542.61,778.53,75.70,203.57,-1,-1,-1,-1
14,1,544.54,779.04,74.45,201.95,-1,-1,-1,-1
15,1,544.33,788.46,75.70,201.90,-1,-1,-1,-1
16,1,547.27,786.02,77.26,201.24,-1,-1,-1,-1
17,1,549.42,784.90,74.96,201.40,-1,-1,-1,-1
18,1,551.25,787.08,73.45,205.23,-1,-1,-1,-1
19,1,551.42,785.33,76.72,202.14,-1,-1,-1,-1
20,1,555.41,778.06,77.86,202.48,-1,-1,-1,-1
21,1,557.30,771.34,77.35,203.65,-1,-1,-1,-1
22,1,557.87,772.06,77.08,203.83,-1,-1,-1,-1
23,1,559.04,777.85,77.57,203.22,-1,-1,-1,-1
24,1,563.68,777.69,77.23,206.88,-1,-1,-1,-1
25,1,566.98,777.04,74.12,204.50,-1,-1,-1,-1
26,1,565.98,768.58,77.13,205.26,-1,-1,-1,-1
27,1,567.97,759.97,76.05,209.23,-1,-1,-1,-1
28,1,571.57,766.46,78.01,206.05,-1,-1,-1,-1
29,1,572.15,760.78,81.07,207.00,-1,-1,-1,-1
30,1,574.62,752.41,77.40,204.93,-1,-1,-1,-1
31,1,574.35,753.39,78.37,205.34,-1,-1,-1,-1
32,1,576.93,751.62,82.41,204.13,-1,-1,-1,-1
33,1,579.82,752.72,79.43,201.96,-1,-1,-1,-1
34,1,581.92,744.63,76.37,203.15,-1,-1,-1,-1
35,1,583.72,745.91,75.69,199.19,-1,-1,-1,-1
36,1,588.01,729.04,75.78,204.52,-1,-1,-1,-1
37,1,588.69,722.52,76.65,198.92,-1,-1,-1,-1
38,1,591.59,717.36,73.70,201.56,-1,-1,-1,-1
39,1,592.85,716.25,73.92,203.54,-1,-1,-1,-1
40,1,597.73,704.73,73.37,206.92,-1,-1,-1,-1
41,1,598.44,704.53,75.10,203.53,-1,-1,-1,-1
42,1,600.42,696.32,73.61,206.34,-1,-1,-1,-1
43,1,597.38,697.54,80.58,201.07,-1,-1,-1,-1
44,1,599.47,694.89,85.73,205.59,-1,-1,-1,-1
45,1,604.71,681.26,79.32,202.27,-1,-1,-1,-1
46,1,605.59,672.79,78.07,204.26,-1,-1,-1,-1
47,1,606.28,674.13,79.45,203.98,-1,-1,-1,-1
48,1,612.61,663.65,75.61,204.96,-1,-1,-1,-1
49,1,613.80,659.76,74.70,204.08,-1,-1,-1,-1
50,1,614.93,648.82,75.74,205.12,-1,-1,-1,-1
51,1,615.80,641.54,74.37,208.56,-1,-1,-1,-1
52,1,619.23,632.37,78.00,207.58,-1,-1,-1,-1
53,1,620.25,624.88,78.35,202.10,-1,-1,-1,-1
54,1,621.29,617.96,79.64,203.08,-1,-1,-1,-1
55,1,622.31,617.29,78.64,200.80,-1,-1,-1,-1
56,1,626.74,606.70,79.18,205.76,-1,-1,-1,-1
57,1,626.23,594.68,83.55,206.43,-1,-1,-1,-1
58,1,629.17,591.64,79.63,205.41,-1,-1,-1,-1
59,1,629.73,581.43,80.14,201.51,-1,-1,-1,-1
60,1,633.41,571.35,83.20,204.11,-1,-1,-1,-1
61,1,635.14,562.29,81.27,199.09,-1,-1,-1,-1
62,1,638.17,562.84,77.68,197.62,-1,-1,-1,-1
63,1,643.29,556.58,70.18,200.48,-1,-1,-1,-1
64,1,649.39,546.52,66.36,202.21,-1,-1,-1,-1
65,1,651.41,534.12,64.19,197.06,-1,-1,-1,-1
66,1,651.01,533.87,65.46,192.36,-1,-1,-1,-1
67,1,651.93,522.62,65.86,192.11,-1,-1,-1,-1
68,1,655.14,508.60,61.85,193.97,-1,-1,-1,-1
69,1,656.23,502.77,68.72,192.13,-1,-1,-1,-1
70,1,657.74,494.06,69.94,192.18,-1,-1,-1,-1
71,1,660.62,488.42,66.67,194.67,-1,-1,-1,-1
72,1,666.06,475.47,65.06,198.14,-1,-1,-1,-1
73,1,668.95,461.23,63.30,198.84,-1,-1,-1,-1
74,1,671.33,459.54,62.18,198.30,-1,-1,-1,-1
75,1,675.04,437.17,61.91,201.85,-1,-1,-1,-1
76,1,674.23,435.72,64.35,199.82,-1,-1,-1,-1
77,1,675.83,434.71,64.59,197.31,-1,-1,-1,-1
78,1,677.33,420.10,64.66,199.93,-1,-1,-1,-1
79,1,677.93,410.31,64.35,199.15,-1,-1,-1,-1
80,1,682.53,406.02,62.51,201.15,-1,-1,-1,-1
81,1,682.28,396.64,65.87,203.91,-1,-1,-1,-1
82,1,684.23,384.91,66.25,202.58,-1,-1,-1,-1
83,1,682.17,369.83,72.19,206.60,-1,-1,-1,-1
84,1,685.23,354.76,76.59,206.63,-1,-1,-1,-1
85,1,683.39,361.92,80.71,201.81,-1,-1,-1,-1
86,1,683.76,346.89,82.36,204.23,-1,-1,-1,-1
87,1,684.85,338.42,82.30,200.64,-1,-1,-1,-1
88,1,689.40,331.48,82.87,197.17,-1,-1,-1,-1
89,1,691.44,325.12,81.22,201.64,-1,-1,-1,-1
90,1,692.65,320.73,81.68,203.89,-1,-1,-1,-1
91,1,698.41,306.00,79.89,203.29,-1,-1,-1,-1
92,1,700.12,292.40,79.10,203.42,-1,-1,-1,-1
93,1,701.21,297.78,78.21,199.58,-1,-1,-1,-1
94,1,700.10,281.27,82.91,203.95,-1,-1,-1,-1
95,1,700.18,274.42,83.62,204.09,-1,-1,-1,-1
96,1,705.05,273.51,83.59,202.18,-1,-1,-1,-1
97,1,705.72,265.11,84.79,205.28,-1,-1,-1,-1
98,1,706.58,250.09,84.65,203.74,-1,-1,-1,-1
99,1,705.84,243.10,86.32,204.22,-1,-1,-1,-1
100,1,708.85,234.40,91.61,206.41,-1,-1,-1,-1
101,1,712.05,227.28,87.49,204.05,-1,-1,-1,-1
102,1,712.85,216.82,87.50,205.40,-1,-1,-1,-1
103,1,718.23,206.73,87.93,210.48,-1,-1,-1,-1
104,1,719.03,206.70,89.95,206.19,-1,-1,-1,-1
105,1,721.17,206.41,86.21,208.96,-1,-1,-1,-1
106,1,720.24,191.08,89.01,211.31,-1,-1,-1,-1
107,1,721.36,182.46,88.96,211.97,-1,-1,-1,-1
108,1,726.40,181.89,88.89,211.57,-1,-1,-1,-1
109,1,730.01,181.25,85.33,209.70,-1,-1,-1,-1
110,1,731.57,174.19,83.91,211.22,-1,-1,-1,-1
111,1,737.30,165.55,82.17,216.46,-1,-1,-1,-1
112,1,740.14,164.15,78.98,211.37,-1,-1,-1,-1
113,1,739.94,151.47,81.70,208.29,-1,-1,-1,-1
114,1,740.73,149.79,82.02,212.76,-1,-1,-1,-1
115,1,741.70,148.26,80.15,209.90,-1,-1,-1,-1
116,1,746.33,141.93,79.34,212.26,-1,-1,-1,-1
117,1,748.15,135.24,79.71,209.22,-1,-1,-1,-1
118,1,749.10,134.84,80.20,209.72,-1,-1,-1,-1
119,1,749.35,135.29,81.61,207.24,-1,-1,-1,-1
120,1,753.95,125.99,81.54,210.78,-1,-1,-1,-1
121,1,756.97,118.34,79.70,210.53,-1,-1,-1,-1
122,1,755.34,108.68,84.05,209.22,-1,-1,-1,-1
123,1,757.36,112.51,81.84,210.28,-1,-1,-1,-1
124,1,762.76,111.56,80.15,211.84,-1,-1,-1,-1
125,1,762.47,109.29,83.01,208.76,-1,-1,-1,-1
126,1,766.34,102.68,78.98,209.61,-1,-1,-1,-1
127,1,765.35,103.11,81.69,207.63,-1,-1,-1,-1
128,1,771.43,103.51,79.73,210.35,-1,-1,-1,-1
129,1,770.53,101.62,82.86,206.82,-1,-1,-1,-1
130,1,773.25,102.86,79.59,207.17,-1,-1,-1,-1
131,1,773.88,96.90,80.05,209.51,-1,-1,-1,-1
132,1,777.96,88.95,79.65,205.81,-1,-1,-1,-1
133,1,779.76,82.44,78.71,207.70,-1,-1,-1,-1
134,1,782.26,81.54,77.42,207.17,-1,-1,-1,-1
135,1,784.71,82.14,74.84,203.72,-1,-1,-1,-1
136,1,788.70,82.26,76.77,206.84,-1,-1,-1,-1
137,1,790.44,87.63,75.70,206.80,-1,-1,-1,-1
138,1,790.59,87.34,78.05,203.06,-1,-1,-1,-1
139,1,797.22,93.64,73.52,208.07,-1,-1,-1,-1
140,1,797.06,86.82,76.32,205.95,-1,-1,-1,-1
141,1,800.38,82.47,72.94,207.91,-1,-1,-1,-1
142,1,800.56,88.54,75.46,209.98,-1,-1,-1,-1
143,1,804.32,87.50,75.60,204.80,-1,-1,-1,-1
144,1,804.73,95.46,78.01,203.57,-1,-1,-1,-1
145,1,804.93,96.80,78.56,205.68,-1,-1,-1,-1
146,1,805.67,94.48,79.83,206.54,-1,-1,-1,-1
147,1,806.71,98.37,78.09,208.32,-1,-1,-1,-1
148,1,810.80,101.87,78.96,210.63,-1,-1,-1,-1
149,1,811.92,103.48,79.88,209.47,-1,-1,-1,-1
150,1,814.23,104.54,76.98,209.80,-1,-1,-1,-1
151,1,814.87,97.35,77.06,209.56,-1,-1,-1,-1
152,1,821.17,102.53,74.35,205.84,-1,-1,-1,-1
153,1,821.00,112.43,77.38,212.25,-1,-1,-1,-1
154,1,821.74,117.82,79.04,210.47,-1,-1,-1,-1
155,1,823.51,110.41,77.74,209.25,-1,-1,-1,-1
156,1,830.23,117.87,73.57,210.13,-1,-1,-1,-1
157,1,830.77,119.93,75.86,208.64,-1,-1,-1,-1
158,1,832.03,129.16,74.84,208.58,-1,-1,-1,-1
159,1,832.04,135.18,76.24,207.09,-1,-1,-1,-1
160,1,836.33,136.03,76.94,206.41,-1,-1,-1,-1
161,1,836.77,138.06,77.86,209.28,-1,-1,-1,-1
162,1,838.04,144.18,77.44,207.85,-1,-1,-1,-1
163,1,839.32,151.24,77.29,206.79,-1,-1,-1,-1
164,1,838.78,160.00,78.15,205.95,-1,-1,-1,-1
165,1,843.21,162.71,79.68,206.88,-1,-1,-1,-1
166,1,844.18,169.95,81.11,208.66,-1,-1,-1,-1
167,1,850.24,167.84,79.79,208.06,-1,-1,-1,-1
168,1,851.82,183.64,78.86,210.87,-1,-1,-1,-1
169,1,851.97,175.44,80.22,212.77,-1,-1,-1,-1
170,1,850.79,189.67,84.46,208.58,-1,-1,-1,-1
171,1,852.27,200.41,82.66,209.32,-1,-1,-1,-1
172,1,858.01,192.90,81.32,210.95,-1,-1,-1,-1
173,1,859.00,200.57,82.36,211.06,-1,-1,-1,-1
174,1,859.02,208.17,83.99,207.02,-1,-1,-1,-1
175,1,861.95,226.63,78.92,203.33,-1,-1,-1,-1
176,1,862.61,226.32,78.64,201.89,-1,-1,-1,-1
177,1,867.52,232.82,78.44,206.17,-1,-1,-1,-1
178,1,865.38,240.52,85.99,202.20,-1,-1,-1,-1
179,1,868.10,249.61,81.88,205.50,-1,-1,-1,-1
180,1,868.08,256.64,83.77,205.40,-1,-1,-1,-1
181,1,873.24,265.99,82.62,205.29,-1,-1,-1,-1
182,1,873.97,272.09,84.59,202.76,-1,-1,-1,-1
183,1,876.72,283.85,81.50,200.80,-1,-1,-1,-1
184,1,880.46,290.29,84.09,200.50,-1,-1,-1,-1
185,1,882.18,300.03,83.37,202.25,-1,-1,-1,-1
186,1,881.77,308.09,85.08,204.46,-1,-1,-1,-1
187,1,883.92,314.57,83.34,205.57,-1,-1,-1,-1
188,1,890.04,328.95,80.38,202.39,-1,-1,-1,-1
189,1,889.72,323.77,83.30,203.83,-1,-1,-1,-1
190,1,889.63,331.56,85.34,202.24,-1,-1,-1,-1
191,1,891.65,337.03,82.77,207.99,-1,-1,-1,-1
192,1,898.57,352.94,78.95,206.04,-1,-1,-1,-1
193,1,897.35,358.98,83.55,206.68,-1,-1,-1,-1
194,1,897.06,362.44,84.75,206.72,-1,-1,-1,-1
195,1,902.08,375.31,76.75,208.81,-1,-1,-1,-1
196,1,904.07,391.76,75.07,205.06,-1,-1,-1,-1
197,1,908.14,400.24,76.10,203.91,-1,-1,-1,-1
198,1,911.56,410.77,72.73,204.70,-1,-1,-1,-1
199,1,911.99,419.49,75.10,204.05,-1,-1,-1,-1
200,1,917.38,425.58,73.45,200.80,-1,-1,-1,-1
201,1,919.00,429.19,74.27,201.49,-1,-1,-1,-1
202,1,922.25,444.70,69.08,200.94,-1,-1,-1,-1
203,1,924.07,452.69,68.58,199.76,-1,-1,-1,-1
204,1,925.46,467.72,72.81,197.82,-1,-1,-1,-1
205,1,926.32,468.39,73.92,202.81,-1,-1,-1,-1
206,1,927.82,486.49,73.28,196.79,-1,-1,-1,-1
207,1,932.57,492.30,67.61,198.19,-1,-1,-1,-1
208,1,934.97,495.13,70.04,193.12,-1,-1,-1,-1
209,1,936.04,511.14,69.16,195.48,-1,-1,-1,-1
210,1,936.81,520.28,71.74,195.26,-1,-1,-1,-1
211,1,937.99,532.59,72.40,195.31,-1,-1,-1,-1
212,1,942.40,534.88,72.23,193.71,-1,-1,-1,-1
213,1,942.24,536.69,74.14,193.59,-1,-1,-1,-1
214,1,943.09,543.69,74.54,195.47,-1,-1,-1,-1
215,1,946.62,557.65,71.46,197.56,-1,-1,-1,-1
216,1,950.58,559.99,70.80,196.60,-1,-1,-1,-1
217,1,952.65,572.37,68.72,199.57,-1,-1,-1,-1
218,1,954.44,581.79,67.96,199.02,-1,-1,-1,-1
219,1,955.76,583.76,68.46,196.51,-1,-1,-1,-1
220,1,956.97,597.47,66.84,197.16,-1,-1,-1,-1
221,1,958.47,611.11,71.48,198.02,-1,-1,-1,-1
222,1,959.83,619.87,72.46,196.17,-1,-1,-1,-1
223,1,963.11,619.85,68.13,196.69,-1,-1,-1,-1
224,1,967.48,621.40,69.01,201.27,-1,-1,-1,-1
225,1,968.60,627.64,68.47,204.55,-1,-1,-1,-1
226,1,968.40,641.81,70.54,199.30,-1,-1,-1,-1
227,1,970.33,643.16,68.14,199.91,-1,-1,-1,-1
228,1,977.54,651.62,65.43,200.17,-1,-1,-1,-1
229,1,978.17,666.92,66.70,200.80,-1,-1,-1,-1
230,1,978.01,666.98,68.36,198.94,-1,-1,-1,-1
231,1,979.03,667.56,69.63,200.76,-1,-1,-1,-1
232,1,984.86,678.79,67.11,198.71,-1,-1,-1,-1
233,1,985.20,689.04,69.05,201.30,-1,-1,-1,-1
234,1,986.61,696.04,68.63,205.29,-1,-1,-1,-1
235,1,987.19,697.50,68.92,201.47,-1,-1,-1,-1
236,1,986.83,699.42,70.18,204.96,-1,-1,-1,-1
237,1,992.57,712.50,68.31,202.90,-1,-1,-1,-1
238,1,992.46,714.16,70.72,201.02,-1,-1,-1,-1
239,1,993.43,719.12,69.16,206.31,-1,-1,-1,-1
240,1,994.74,727.42,69.50,209.01,-1,-1,-1,-1
241,1,994.30,733.80,70.68,208.99,-1,-1,-1,-1
242,1,1000.03,732.40,68.46,214.64,-1,-1,-1,-1
243,1,1001.20,739.43,71.18,213.60,-1,-1,-1,-1
244,1,1002.08,739.52,80.63,215.01,-1,-1,-1,-1
245,1,1001.05,748.01,85.36,215.44,-1,-1,-1,-1
246,1,1005.32,753.29,91.00,220.59,-1,-1,-1,-1
247,1,1003.55,745.15,97.48,223.46,-1,-1,-1,-1
248,1,1006.58,754.39,92.60,218.29,-1,-1,-1,-1
249,1,1007.61,755.22,92.65,218.28,-1,-1,-1,-1
250,1,1007.12,766.02,90.70,210.70,-1,-1,-1,-1
1,2,919.82,440.62,88.92,204.08,-1,-1,-1,-1
2,2,921.55,440.29,86.64,208.23,-1,-1,-1,-1
3,2,921.16,446.82,87.87,211.38,-1,-1,-1,-1
4,2,928.37,456.77,85.82,205.97,-1,-1,-1,-1
5,2,930.91,466.05,82.37,219.32,-1,-1,-1,-1
6,2,932.11,481.11,81.38,207.54,-1,-1,-1,-1
7,2,932.87,480.98,81.44,207.23,-1,-1,-1,-1
8,2,939.51,497.70,78.50,220.24,-1,-1,-1,-1
9,2,937.52,501.01,84.12,214.79,-1,-1,-1,-1
10,2,937.26,513.04,86.68,222.33,-1,-1,-1,-1
11,2,942.23,522.74,88.34,217.85,-1,-1,-1,-1
12,2,944.24,531.76,86.72,217.04,-1,-1,-1,-1
13,2,944.87,537.67,87.33,218.16,-1,-1,-1,-1
14,2,946.30,548.58,85.37,229.37,-1,-1,-1,-1
15,2,950.67,553.40,87.63,222.92,-1,-1,-1,-1
16,2,951.15,556.17,89.44,217.23,-1,-1,-1,-1
17,2,952.90,564.52,87.03,228.55,-1,-1,-1,-1
18,2,953.97,576.67,85.76,224.12,-1,-1,-1,-1
19,2,952.86,587.52,89.00,217.48,-1,-1,-1,-1
20,2,959.77,588.78,87.24,214.65,-1,-1,-1,-1
21,2,960.97,595.84,85.67,218.45,-1,-1,-1,-1
22,2,961.63,607.86,86.77,210.50,-1,-1,-1,-1
23,2,968.75,616.96,84.13,221.93,-1,-1,-1,-1
24,2,966.79,621.85,90.33,227.49,-1,-1,-1,-1
25,2,963.52,623.50,98.80,222.36,-1,-1,-1,-1
26,2,963.88,630.53,97.01,225.05,-1,-1,-1,-1
27,2,973.66,639.60,90.37,226.12,-1,-1,-1,-1
28,2,974.05,647.96,90.58,225.57,-1,-1,-1,-1
29,2,973.49,651.30,93.59,220.85,-1,-1,-1,-1
30,2,980.79,666.03,92.27,217.48,-1,-1,-1,-1
31,2,981.13,673.47,93.53,219.10,-1,-1,-1,-1
32,2,979.30,668.32,98.02,217.57,-1,-1,-1,-1
33,2,989.06,681.68,92.08,219.75,-1,-1,-1,-1
34,2,986.59,681.07,97.69,223.02,-1,-1,-1,-1
35,2,989.63,688.72,91.87,236.72,-1,-1,-1,-1
36,2,988.16,693.29,96.10,227.90,-1,-1,-1,-1
37,2,990.06,702.16,94.13,226.68,-1,-1,-1,-1
38,2,990.22,705.81,93.46,222.88,-1,-1,-1,-1
39,2,997.31,712.04,91.22,223.36,-1,-1,-1,-1
40,2,996.26,712.59,95.22,222.46,-1,-1,-1,-1
41,2,998.35,723.10,92.14,221.85,-1,-1,-1,-1
42,2,1004.76,731.03,92.29,219.98,-1,-1,-1,-1
43,2,1006.40,736.40,90.07,224.20,-1,-1,-1,-1
44,2,1006.61,739.69,91.02,231.18,-1,-1,-1,-1
45,2,1005.89,741.63,94.76,226.49,-1,-1,-1,-1
46,2,1012.10,746.52,93.93,217.48,-1,-1,-1,-1
47,2,1014.42,753.43,91.91,219.84,-1,-1,-1,-1
48,2,1016.19,746.43,88.61,220.53,-1,-1,-1,-1
49,2,1017.58,755.92,86.84,216.64,-1,-1,-1,-1
50,2,1024.66,763.91,84.36,214.37,-1,-1,-1,-1
51,2,1022.16,763.81,91.24,216.50,-1,-1,-1,-1
52,2,1023.98,769.54,88.72,220.71,-1,-1,-1,-1
53,2,1029.61,777.61,89.88,218.60,-1,-1,-1,-1
54,2,1030.92,776.72,87.87,220.57,-1,-1,-1,-1
55,2,1029.85,770.78,92.28,220.59,-1,-1,-1,-1
56,2,1029.72,767.82,93.14,225.89,-1,-1,-1,-1
57,2,1030.91,776.30,91.64,221.60,-1,-1,-1,-1
58,2,1035.30,776.90,95.25,224.26,-1,-1,-1,-1
59,2,1035.06,769.79,96.92,222.51,-1,-1,-1,-1
60,2,1035.21,777.64,98.31,219.35,-1,-1,-1,-1
61,2,1033.56,768.54,102.90,225.04,-1,-1,-1,-1
62,2,1044.91,783.67,91.51,224.04,-1,-1,-1,-1
63,2,1044.24,776.73,95.05,221.89,-1,-1,-1,-1
64,2,1044.28,784.99,95.95,220.36,-1,-1,-1,-1
65,2,1044.52,785.15,97.58,220.55,-1,-1,-1,-1
66,2,1051.41,782.01,95.13,226.00,-1,-1,-1,-1
67,2,1052.19,776.83,94.24,224.51,-1,-1,-1,-1
68,2,1051.55,777.47,97.94,220.62,-1,-1,-1,-1
69,2,1052.83,771.90,96.50,217.26,-1,-1,-1,-1
70,2,1054.52,776.99,93.78,220.22,-1,-1,-1,-1
71,2,1059.93,776.64,94.87,221.97,-1,-1,-1,-1
72,2,1061.60,776.52,92.29,221.60,-1,-1,-1,-1
73,2,1061.52,774.08,94.23,225.78,-1,-1,-1,-1
74,2,1066.68,762.70,96.06,220.11,-1,-1,-1,-1
75,2,1069.27,768.04,92.57,223.52,-1,-1,-1,-1
76,2,1069.71,760.88,92.90,221.07,-1,-1,-1,-1
77,2,1071.12,761.30,91.92,221.48,-1,-1,-1,-1
78,2,1076.15,763.65,94.30,215.76,-1,-1,-1,-1
79,2,1074.79,756.59,97.76,214.14,-1,-1,-1,-1
80,2,1076.49,757.08,94.96,214.60,-1,-1,-1,-1
81,2,1077.45,748.11,94.21,217.63,-1,-1,-1,-1
82,2,1082.10,739.11,98.28,216.55,-1,-1,-1,-1
83,2,1082.68,738.16,97.21,218.64,-1,-1,-1,-1
84,2,1082.70,733.00,99.74,216.79,-1,-1,-1,-1
85,2,1083.67,727.64,99.32,210.50,-1,-1,-1,-1
86,2,1092.82,734.55,91.98,209.33,-1,-1,-1,-1
87,2,1093.87,726.55,91.92,209.65,-1,-1,-1,-1
88,2,1093.53,716.68,93.51,213.88,-1,-1,-1,-1
89,2,1093.00,715.01,95.79,215.84,-1,-1,-1,-1
90,2,1099.36,714.93,95.17,215.70,-1,-1,-1,-1
91,2,1100.68,702.55,94.08,214.10,-1,-1,-1,-1
92,2,1100.27,700.01,96.20,213.15,-1,-1,-1,-1
93,2,1100.35,693.99,97.93,210.26,-1,-1,-1,-1
94,2,1106.83,685.31,96.60,212.91,-1,-1,-1,-1
95,2,1107.44,683.56,96.64,213.64,-1,-1,-1,-1
96,2,1108.80,671.11,95.43,213.19,-1,-1,-1,-1
97,2,1109.28,669.13,95.50,211.09,-1,-1,-1,-1
98,2,1116.66,660.93,91.91,212.20,-1,-1,-1,-1
99,2,1118.80,653.05,89.71,215.04,-1,-1,-1,-1
100,2,1117.84,644.64,93.56,212.44,-1,-1,-1,-1
101,2,1117.46,639.23,94.57,211.89,-1,-1,-1,-1
102,2,1123.54,625.76,94.77,222.37,-1,-1,-1,-1
103,2,1122.84,621.73,97.71,213.90,-1,-1,-1,-1
104,2,1124.24,612.73,97.10,216.58,-1,-1,-1,-1
105,2,1126.43,610.65,92.69,217.43,-1,-1,-1,-1
106,2,1132.03,608.46,94.01,221.34,-1,-1,-1,-1
107,2,1130.61,597.36,97.85,212.57,-1,-1,-1,-1
108,2,1133.13,589.32,94.08,215.45,-1,-1,-1,-1
109,2,1134.19,585.91,93.35,219.99,-1,-1,-1,-1
110,2,1139.48,576.53,95.16,221.16,-1,-1,-1,-1
111,2,1138.92,564.11,97.22,214.59,-1,-1,-1,-1
112,2,1141.04,555.84,93.52,215.80,-1,-1,-1,-1
113,2,1141.97,549.94,93.31,226.78,-1,-1,-1,-1
114,2,1148.80,541.87,91.59,213.71,-1,-1,-1,-1
115,2,1149.54,533.96,92.00,211.56,-1,-1,-1,-1
116,2,1150.70,527.97,90.62,209.38,-1,-1,-1,-1
117,2,1150.87,517.41,92.42,211.59,-1,-1,-1,-1
118,2,1151.36,501.85,91.60,210.93,-1,-1,-1,-1
119,2,1158.27,495.16,88.36,210.88,-1,-1,-1,-1
120,2,1157.81,485.90,92.54,211.18,-1,-1,-1,-1
121,2,1155.96,476.95,95.96,214.52,-1,-1,-1,-1
122,2,1156.77,476.67,95.31,213.16,-1,-1,-1,-1
123,2,1159.19,460.60,91.56,219.80,-1,-1,-1,-1
124,2,1165.22,446.02,92.45,213.58,-1,-1,-1,-1
125,2,1165.61,446.03,92.77,216.45,-1,-1,-1,-1
126,2,1165.35,436.24,94.68,216.25,-1,-1,-1,-1
127,2,1166.79,422.01,93.01,211.18,-1,-1,-1,-1
128,2,1172.88,411.44,92.23,218.06,-1,-1,-1,-1
129,2,1173.15,411.24,93.26,215.78,-1,-1,-1,-1
130,2,1172.46,385.52,96.01,222.39,-1,-1,-1,-1
131,2,1172.72,385.42,96.17,222.05,-1,-1,-1,-1
132,2,1178.84,376.14,96.44,225.33,-1,-1,-1,-1
133,2,1179.53,371.81,97.34,217.57,-1,-1,-1,-1
134,2,1181.09,362.02,95.55,218.06,-1,-1,-1,-1
135,2,1185.03,346.10,100.11,219.17,-1,-1,-1,-1
136,2,1184.25,340.47,101.66,217.54,-1,-1,-1,-1
137,2,1185.83,328.65,100.98,222.10,-1,-1,-1,-1
138,2,1181.56,327.58,108.78,210.58,-1,-1,-1,-1
139,2,1182.70,323.08,107.27,203.12,-1,-1,-1,-1
140,2,1184.09,321.17,104.97,205.90,-1,-1,-1,-1
141,2,1191.38,311.54,104.94,208.65,-1,-1,-1,-1
142,2,1188.97,306.78,111.23,202.22,-1,-1,-1,-1
143,2,1197.41,293.93,107.86,213.55,-1,-1,-1,-1
144,2,1198.83,288.32,105.95,206.38,-1,-1,-1,-1
145,2,1197.71,284.73,108.08,200.01,-1,-1,-1,-1
146,2,1201.52,289.66,100.97,190.24,-1,-1,-1,-1
147,2,1203.98,282.39,96.85,188.49,-1,-1,-1,-1
148,2,1206.25,292.83,92.85,166.23,-1,-1,-1,-1
1,3,1726.75,232.74,73.91,204.21,-1,-1,-1,-1
2,3,1723.98,238.89,78.51,207.45,-1,-1,-1,-1
3,3,1721.29,239.80,82.73,206.56,-1,-1,-1,-1
4,3,1717.79,247.25,80.32,206.53,-1,-1,-1,-1
5,3,1715.25,262.40,81.01,207.92,-1,-1,-1,-1
6,3,1713.62,262.57,83.36,207.84,-1,-1,-1,-1
7,3,1712.16,271.09,83.90,209.24,-1,-1,-1,-1
8,3,1708.64,280.86,81.22,205.02,-1,-1,-1,-1
9,3,1705.90,292.63,84.02,202.77,-1,-1,-1,-1
10,3,1706.35,296.27,80.45,203.59,-1,-1,-1,-1
11,3,1705.62,313.05,81.24,202.55,-1,-1,-1,-1
12,3,1700.63,320.86,81.47,204.08,-1,-1,-1,-1
13,3,1698.15,323.30,83.52,203.30,-1,-1,-1,-1
14,3,1697.09,335.36,83.83,205.82,-1,-1,-1,-1
15,3,1696.41,329.83,84.13,207.12,-1,-1,-1,-1
16,3,1691.83,346.36,83.05,205.76,-1,-1,-1,-1
17,3,1688.92,359.37,86.40,207.52,-1,-1,-1,-1
18,3,1687.62,368.25,87.87,209.77,-1,-1,-1,-1
19,3,1687.15,365.75,87.21,210.31,-1,-1,-1,-1
20,3,1681.84,383.31,87.24,211.52,-1,-1,-1,-1
21,3,1681.40,384.51,85.86,209.91,-1,-1,-1,-1
22,3,1681.36,390.52,85.36,211.67,-1,-1,-1,-1
23,3,1681.96,400.32,82.60,208.79,-1,-1,-1,-1
24,3,1675.23,407.14,84.21,212.08,-1,-1,-1,-1
25,3,1671.83,421.88,89.23,214.27,-1,-1,-1,-1
26,3,1671.17,432.06,88.55,209.72,-1,-1,-1,-1
27,3,1671.80,433.60,85.34,208.56,-1,-1,-1,-1
28,3,1668.81,440.34,81.35,210.19,-1,-1,-1,-1
29,3,1665.52,448.78,84.70,210.00,-1,-1,-1,-1
30,3,1664.75,457.11,84.15,207.03,-1,-1,-1,-1
31,3,1665.78,473.56,80.45,208.18,-1,-1,-1,-1
32,3,1658.33,481.12,86.07,205.47,-1,-1,-1,-1
33,3,1656.77,496.74,85.69,205.92,-1,-1,-1,-1
34,3,1658.06,507.41,81.68,200.58,-1,-1,-1,-1
35,3,1655.84,520.98,85.04,205.00,-1,-1,-1,-1
36,3,1650.45,522.99,86.81,203.61,-1,-1,-1,-1
37,3,1647.34,525.44,89.33,201.34,-1,-1,-1,-1
38,3,1646.92,536.74,89.19,203.68,-1,-1,-1,-1
39,3,1647.64,549.46,87.05,210.49,-1,-1,-1,-1
40,3,1646.00,558.59,89.04,211.36,-1,-1,-1,-1
41,3,1639.42,561.49,91.62,209.13,-1,-1,-1,-1
42,3,1640.29,571.16,86.96,213.84,-1,-1,-1,-1
43,3,1639.26,579.92,87.52,214.22,-1,-1,-1,-1
44,3,1639.01,591.13,87.20,211.65,-1,-1,-1,-1
45,3,1634.74,593.16,85.06,209.54,-1,-1,-1,-1
46,3,1635.47,599.46,80.40,211.39,-1,-1,-1,-1
47,3,1631.13,613.03,86.87,210.55,-1,-1,-1,-1
48,3,1625.43,612.53,87.76,210.68,-1,-1,-1,-1
49,3,1622.96,614.85,90.31,211.55,-1,-1,-1,-1
50,3,1621.29,630.91,92.40,213.12,-1,-1,-1,-1
51,3,1619.81,627.80,94.77,216.97,-1,-1,-1,-1
52,3,1619.61,644.29,94.04,216.37,-1,-1,-1,-1
53,3,1614.42,646.61,93.82,214.41,-1,-1,-1,-1
54,3,1614.85,650.79,91.29,216.58,-1,-1,-1,-1
55,3,1616.41,656.44,85.79,219.71,-1,-1,-1,-1
56,3,1610.44,669.22,85.94,215.25,-1,-1,-1,-1
57,3,1607.55,679.02,90.10,212.63,-1,-1,-1,-1
58,3,1606.89,682.61,88.93,207.57,-1,-1,-1,-1
59,3,1607.07,685.80,87.51,213.92,-1,-1,-1,-1
60,3,1600.86,695.93,89.04,211.41,-1,-1,-1,-1
61,3,1600.83,694.01,87.34,212.57,-1,-1,-1,-1
62,3,1599.67,706.41,87.81,216.60,-1,-1,-1,-1
63,3,1598.21,707.22,89.22,213.84,-1,-1,-1,-1
64,3,1593.09,716.70,88.85,211.67,-1,-1,-1,-1
65,3,1591.87,725.90,88.05,211.34,-1,-1,-1,-1
66,3,1592.26,724.26,86.26,213.40,-1,-1,-1,-1
67,3,1589.74,734.49,89.18,212.44,-1,-1,-1,-1
68,3,1584.64,727.46,89.57,212.75,-1,-1,-1,-1
69,3,1585.18,742.06,86.93,212.65,-1,-1,-1,-1
70,3,1582.82,739.24,89.13,213.71,-1,-1,-1,-1
71,3,1581.08,742.82,90.74,211.97,-1,-1,-1,-1
72,3,1577.35,750.78,87.30,212.86,-1,-1,-1,-1
73,3,1576.07,750.90,87.34,211.67,-1,-1,-1,-1
74,3,1574.96,757.38,87.61,216.29,-1,-1,-1,-1
75,3,1570.95,756.11,85.49,212.22,-1,-1,-1,-1
76,3,1568.44,766.03,87.68,214.95,-1,-1,-1,-1
77,3,1570.47,765.00,82.61,210.91,-1,-1,-1,-1
78,3,1568.45,774.47,84.56,211.11,-1,-1,-1,-1
79,3,1568.08,768.17,83.44,211.51,-1,-1,-1,-1
80,3,1563.85,773.48,82.21,209.33,-1,-1,-1,-1
81,3,1562.25,775.81,84.05,209.80,-1,-1,-1,-1
82,3,1561.85,775.54,82.09,212.03,-1,-1,-1,-1
83,3,1561.81,780.40,80.88,211.93,-1,-1,-1,-1
84,3,1557.85,782.37,79.76,211.29,-1,-1,-1,-1
85,3,1555.66,774.10,80.34,214.68,-1,-1,-1,-1
86,3,1553.32,774.89,83.38,212.20,-1,-1,-1,-1
87,3,1552.15,782.38,83.95,214.28,-1,-1,-1,-1
88,3,1546.62,773.54,85.33,215.91,-1,-1,-1,-1
89,3,1544.03,779.96,88.71,212.12,-1,-1,-1,-1
90,3,1542.92,775.85,87.64,212.63,-1,-1,-1,-1
91,3,1538.73,780.44,86.20,212.53,-1,-1,-1,-1
92,3,1536.52,781.56,89.06,211.58,-1,-1,-1,-1
93,3,1536.50,784.94,86.36,210.42,-1,-1,-1,-1
94,3,1534.84,771.51,87.70,217.22,-1,-1,-1,-1
95,3,1533.10,773.93,90.44,215.69,-1,-1,-1,-1
96,3,1528.25,766.34,91.01,215.70,-1,-1,-1,-1
97,3,1528.31,767.81,87.14,212.29,-1,-1,-1,-1
98,3,1527.21,765.75,88.92,214.12,-1,-1,-1,-1
99,3,1527.05,770.73,86.89,216.11,-1,-1,-1,-1
100,3,1522.74,764.22,86.21,217.08,-1,-1,-1,-1
101,3,1520.52,757.17,88.12,215.82,-1,-1,-1,-1
102,3,1520.62,756.29,86.75,211.67,-1,-1,-1,-1
103,3,1519.70,755.12,85.71,215.24,-1,-1,-1,-1
104,3,1513.76,757.61,87.26,213.89,-1,-1,-1,-1
105,3,1512.51,750.68,87.99,214.20,-1,-1,-1,-1
106,3,1510.87,750.55,89.97,212.01,-1,-1,-1,-1
107,3,1510.68,748.63,87.32,212.85,-1,-1,-1,-1
108,3,1505.01,749.07,89.12,209.80,-1,-1,-1,-1
109,3,1503.27,733.33,90.19,214.61,-1,-1,-1,-1
110,3,1504.77,732.28,85.62,215.35,-1,-1,-1,-1
111,3,1501.94,734.65,89.27,212.43,-1,-1,-1,-1
112,3,1498.55,727.81,85.97,211.60,-1,-1,-1,-1
113,3,1498.23,714.87,84.38,214.11,-1,-1,-1,-1
114,3,1496.46,717.23,87.02,211.72,-1,-1,-1,-1
115,3,1493.44,699.10,90.49,219.74,-1,-1,-1,-1
116,3,1489.35,691.59,88.70,217.95,-1,-1,-1,-1
117,3,1489.69,689.29,85.63,218.60,-1,-1,-1,-1
118,3,1488.73,682.05,86.92,218.79,-1,-1,-1,-1
119,3,1488.98,675.63,85.21,218.02,-1,-1,-1,-1
120,3,1485.59,675.79,89.97,215.50,-1,-1,-1,-1
121,3,1480.25,677.39,89.71,214.31,-1,-1,-1,-1
122,3,1478.28,664.87,90.68,218.06,-1,-1,-1,-1
123,3,1478.86,652.52,88.67,216.56,-1,-1,-1,-1
124,3,1479.04,653.26,87.53,216.13,-1,-1,-1,-1
125,3,1472.68,643.74,88.76,216.85,-1,-1,-1,-1
126,3,1471.04,645.62,89.43,211.04,-1,-1,-1,-1
127,3,1471.08,624.87,87.99,219.35,-1,-1,-1,-1
128,3,1465.45,624.47,87.94,210.28,-1,-1,-1,-1
129,3,1463.85,615.86,88.45,210.64,-1,-1,-1,-1
130,3,1464.36,606.44,87.36,213.23,-1,-1,-1,-1
131,3,1463.00,606.60,88.48,213.07,-1,-1,-1,-1
132,3,1462.36,594.65,88.70,217.49,-1,-1,-1,-1
133,3,1456.52,581.99,88.60,213.48,-1,-1,-1,-1
134,3,1458.30,574.56,84.06,211.55,-1,-1,-1,-1
135,3,1459.07,569.68,80.04,207.46,-1,-1,-1,-1
136,3,1456.46,561.43,84.20,207.87,-1,-1,-1,-1
137,3,1450.77,555.42,84.92,204.61,-1,-1,-1,-1
138,3,1449.80,552.50,85.06,206.89,-1,-1,-1,-1
139,3,1451.12,538.10,78.95,217.31,-1,-1,-1,-1
140,3,1450.05,529.52,80.82,205.44,-1,-1,-1,-1
141,3,1444.53,524.25,81.36,201.54,-1,-1,-1,-1
142,3,1443.93,512.39,78.99,207.57,-1,-1,-1,-1
143,3,1441.41,502.92,81.60,206.92,-1,-1,-1,-1
144,3,1435.83,502.45,84.42,198.80,-1,-1,-1,-1
145,3,1435.75,483.07,81.50,215.53,-1,-1,-1,-1
146,3,1435.40,486.09,80.29,208.30,-1,-1,-1,-1
147,3,1433.49,466.93,81.79,218.54,-1,-1,-1,-1
148,3,1428.63,466.59,82.82,205.54,-1,-1,-1,-1
149,3,1425.76,454.55,85.63,209.90,-1,-1,-1,-1
150,3,1426.52,442.64,82.35,215.91,-1,-1,-1,-1
151,3,1423.93,429.70,86.31,213.09,-1,-1,-1,-1
152,3,1415.19,424.34,92.58,209.15,-1,-1,-1,-1
153,3,1415.76,415.48,89.69,209.69,-1,-1,-1,-1
154,3,1415.95,405.68,87.57,212.14,-1,-1,-1,-1
155,3,1414.31,405.61,89.21,210.43,-1,-1,-1,-1
156,3,1409.08,386.00,89.06,221.44,-1,-1,-1,-1
157,3,1409.62,383.54,85.18,211.02,-1,-1,-1,-1
158,3,1410.64,364.79,81.24,216.52,-1,-1,-1,-1
159,3,1407.76,356.50,85.82,213.30,-1,-1,-1,-1
160,3,1401.91,354.57,86.16,206.26,-1,-1,-1,-1
161,3,1399.54,341.63,88.13,212.78,-1,-1,-1,-1
162,3,1393.11,338.17,88.72,207.12,-1,-1,-1,-1
163,3,1393.51,324.47,86.29,215.49,-1,-1,-1,-1
164,3,1392.34,327.09,86.47,208.21,-1,-1,-1,-1
165,3,1391.92,309.48,86.47,216.14,-1,-1,-1,-1
166,3,1389.56,310.29,89.97,209.19,-1,-1,-1,-1
167,3,1383.56,297.10,90.38,218.57,-1,-1,-1,-1
168,3,1383.80,294.39,88.75,208.53,-1,-1,-1,-1
169,3,1382.79,287.35,88.51,207.33,-1,-1,-1,-1
170,3,1382.34,281.94,88.57,206.49,-1,-1,-1,-1
171,3,1376.84,261.06,89.43,217.26,-1,-1,-1,-1
172,3,1375.57,265.44,88.93,207.05,-1,-1,-1,-1
173,3,1376.29,244.97,87.83,216.43,-1,-1,-1,-1
174,3,1374.73,248.78,88.85,208.40,-1,-1,-1,-1
175,3,1374.01,235.93,89.57,217.66,-1,-1,-1,-1
176,3,1368.04,233.56,90.29,208.66,-1,-1,-1,-1
177,3,1367.53,230.59,89.14,209.65,-1,-1,-1,-1
178,3,1366.92,220.35,90.46,212.35,-1,-1,-1,-1
179,3,1367.00,213.93,88.10,209.38,-1,-1,-1,-1
180,3,1361.40,206.06,88.22,212.95,-1,-1,-1,-1
181,3,1360.01,197.20,88.84,215.58,-1,-1,-1,-1
182,3,1360.69,186.14,85.44,215.59,-1,-1,-1,-1
183,3,1358.72,180.80,86.69,212.30,-1,-1,-1,-1
184,3,1354.20,182.08,87.51,212.68,-1,-1,-1,-1
185,3,1351.68,174.84,88.87,211.66,-1,-1,-1,-1
186,3,1351.70,166.32,85.86,212.79,-1,-1,-1,-1
187,3,1350.84,165.72,85.98,215.74,-1,-1,-1,-1
188,3,1347.65,158.77,84.15,213.49,-1,-1,-1,-1
189,3,1345.93,154.35,83.93,213.84,-1,-1,-1,-1
190,3,1346.68,148.45,79.68,213.71,-1,-1,-1,-1
191,3,1345.72,147.03,80.98,212.65,-1,-1,-1,-1
192,3,1340.44,143.81,81.67,210.96,-1,-1,-1,-1
193,3,1340.83,126.08,79.45,212.50,-1,-1,-1,-1
194,3,1339.67,123.96,78.20,215.76,-1,-1,-1,-1
195,3,1339.88,129.30,78.81,217.07,-1,-1,-1,-1
196,3,1331.87,125.90,83.17,212.19,-1,-1,-1,-1
197,3,1328.10,109.57,84.27,216.22,-1,-1,-1,-1
198,3,1327.98,104.45,86.07,222.94,-1,-1,-1,-1
199,3,1327.50,104.94,85.73,219.05,-1,-1,-1,-1
200,3,1320.92,99.35,88.56,218.92,-1,-1,-1,-1
201,3,1322.57,107.75,85.26,212.58,-1,-1,-1,-1
202,3,1320.08,101.95,88.47,215.72,-1,-1,-1,-1
203,3,1320.41,101.82,85.94,216.40,-1,-1,-1,-1
204,3,1320.74,100.46,84.97,217.63,-1,-1,-1,-1
205,3,1318.50,97.99,87.89,221.39,-1,-1,-1,-1
206,3,1313.39,88.81,87.74,223.29,-1,-1,-1,-1
207,3,1311.16,92.19,87.92,219.88,-1,-1,-1,-1
208,3,1307.43,84.29,85.28,217.66,-1,-1,-1,-1
209,3,1304.08,92.93,88.77,216.92,-1,-1,-1,-1
210,3,1306.50,93.72,81.76,214.02,-1,-1,-1,-1
211,3,1307.33,86.72,78.59,214.64,-1,-1,-1,-1
212,3,1301.61,94.23,79.56,210.71,-1,-1,-1,-1
213,3,1301.36,83.32,78.51,214.14,-1,-1,-1,-1
214,3,1300.72,79.59,76.74,210.36,-1,-1,-1,-1
215,3,1300.39,86.28,76.08,208.54,-1,-1,-1,-1
216,3,1297.28,96.17,73.28,203.43,-1,-1,-1,-1
217,3,1296.50,90.61,72.13,203.87,-1,-1,-1,-1
218,3,1294.14,97.11,75.01,205.86,-1,-1,-1,-1
219,3,1291.84,87.98,77.88,208.55,-1,-1,-1,-1
220,3,1286.23,89.63,78.47,204.09,-1,-1,-1,-1
221,3,1283.25,97.83,82.10,205.61,-1,-1,-1,-1
222,3,1283.29,103.24,80.61,206.22,-1,-1,-1,-1
223,3,1276.07,96.44,83.85,204.75,-1,-1,-1,-1
224,3,1276.67,91.73,81.82,203.08,-1,-1,-1,-1
225,3,1275.19,104.38,81.34,203.82,-1,-1,-1,-1
226,3,1274.91,103.68,80.60,208.86,-1,-1,-1,-1
227,3,1270.58,110.74,78.81,208.37,-1,-1,-1,-1
228,3,1267.26,114.01,83.29,205.96,-1,-1,-1,-1
229,3,1269.25,112.08,77.61,204.39,-1,-1,-1,-1
230,3,1269.00,121.98,75.75,205.96,-1,-1,-1,-1
231,3,1267.03,128.80,78.50,206.53,-1,-1,-1,-1
232,3,1260.82,134.54,82.70,207.27,-1,-1,-1,-1
233,3,1260.95,127.12,78.41,205.80,-1,-1,-1,-1
234,3,1258.97,134.83,79.84,208.62,-1,-1,-1,-1
235,3,1259.65,145.29,76.86,205.18,-1,-1,-1,-1
236,3,1256.79,136.84,74.39,207.29,-1,-1,-1,-1
237,3,1254.87,143.38,72.58,206.10,-1,-1,-1,-1
238,3,1252.73,154.46,75.85,203.23,-1,-1,-1,-1
239,3,1248.34,153.55,74.92,203.50,-1,-1,-1,-1
240,3,1246.34,154.49,76.76,203.40,-1,-1,-1,-1
241,3,1244.40,169.71,79.16,203.89,-1,-1,-1,-1
242,3,1244.90,175.65,77.10,206.91,-1,-1,-1,-1
243,3,1244.24,174.59,77.71,210.73,-1,-1,-1,-1
244,3,1237.83,182.01,78.61,213.79,-1,-1,-1,-1
245,3,1234.23,197.96,81.97,208.84,-1,-1,-1,-1
246,3,1229.01,195.51,80.58,214.25,-1,-1,-1,-1
247,3,1228.09,208.38,81.77,221.94,-1,-1,-1,-1
248,3,1226.94,205.94,82.55,225.87,-1,-1,-1,-1
249,3,1215.20,204.90,91.71,232.42,-1,-1,-1,-1
250,3,1211.54,215.54,97.13,228.23,-1,-1,-1,-1
1,4,705.57,234.77,87.76,198.43,-1,-1,-1,-1
2,4,711.26,234.23,85.60,201.10,-1,-1,-1,-1
3,4,708.92,214.35,92.55,208.90,-1,-1,-1,-1
4,4,709.74,215.65,94.09,205.14,-1,-1,-1,-1
5,4,709.36,204.29,96.30,212.12,-1,-1,-1,-1
6,4,715.01,196.40,94.38,213.42,-1,-1,-1,-1
7,4,717.36,196.23,93.39,213.50,-1,-1,-1,-1
8,4,717.51,180.20,95.40,213.88,-1,-1,-1,-1
9,4,719.63,174.86,91.48,213.12,-1,-1,-1,-1
10,4,722.14,180.33,87.60,213.08,-1,-1,-1,-1
11,4,723.84,167.31,93.82,208.75,-1,-1,-1,-1
12,4,727.96,167.47,89.04,207.30,-1,-1,-1,-1
13,4,727.68,157.17,91.89,210.74,-1,-1,-1,-1
14,4,728.09,145.60,91.88,207.39,-1,-1,-1,-1
15,4,732.88,143.00,91.38,206.76,-1,-1,-1,-1
16,4,736.09,145.32,88.25,207.96,-1,-1,-1,-1
17,4,736.58,137.12,90.39,207.73,-1,-1,-1,-1
18,4,742.13,135.63,88.40,207.54,-1,-1,-1,-1
19,4,744.15,126.76,89.00,205.90,-1,-1,-1,-1
20,4,745.09,128.41,88.69,205.79,-1,-1,-1,-1
21,4,744.95,127.04,90.05,206.17,-1,-1,-1,-1
22,4,749.55,122.40,89.80,207.37,-1,-1,-1,-1
23,4,751.42,110.83,90.97,206.26,-1,-1,-1,-1
24,4,753.59,111.51,87.89,204.60,-1,-1,-1,-1
25,4,756.14,104.37,91.38,204.39,-1,-1,-1,-1
26,4,759.11,99.24,88.57,205.76,-1,-1,-1,-1
27,4,761.22,106.65,86.03,203.84,-1,-1,-1,-1
28,4,760.42,99.85,90.16,204.36,-1,-1,-1,-1
29,4,761.13,105.16,90.40,203.68,-1,-1,-1,-1
30,4,766.52,103.00,89.32,207.40,-1,-1,-1,-1
31,4,767.70,90.25,90.11,205.90,-1,-1,-1,-1
32,4,768.43,99.23,89.29,204.26,-1,-1,-1,-1
33,4,767.00,91.16,93.15,204.29,-1,-1,-1,-1
34,4,772.16,87.45,92.24,207.09,-1,-1,-1,-1
35,4,774.23,92.91,91.47,212.50,-1,-1,-1,-1
36,4,777.38,95.41,88.20,206.27,-1,-1,-1,-1
37,4,780.52,89.97,91.25,203.13,-1,-1,-1,-1
38,4,782.35,96.74,90.19,205.44,-1,-1,-1,-1
39,4,784.21,88.20,89.65,203.31,-1,-1,-1,-1
40,4,784.54,89.92,89.35,206.62,-1,-1,-1,-1
41,4,785.34,90.35,89.28,204.53,-1,-1,-1,-1
42,4,791.59,95.97,88.19,205.98,-1,-1,-1,-1
43,4,792.77,99.05,87.80,204.78,-1,-1,-1,-1
44,4,794.70,98.89,86.36,205.23,-1,-1,-1,-1
45,4,798.22,89.46,88.81,205.01,-1,-1,-1,-1
46,4,798.29,89.47,89.76,207.26,-1,-1,-1,-1
47,4,799.72,99.36,88.96,205.06,-1,-1,-1,-1
48,4,800.64,95.98,90.00,205.47,-1,-1,-1,-1
49,4,802.80,104.53,86.70,208.29,-1,-1,-1,-1
50,4,804.30,98.41,93.00,205.91,-1,-1,-1,-1
51,4,807.45,110.49,89.59,208.87,-1,-1,-1,-1
52,4,809.67,111.38,88.21,205.53,-1,-1,-1,-1
53,4,813.10,106.35,89.50,205.53,-1,-1,-1,-1
54,4,814.23,118.18,89.83,207.05,-1,-1,-1,-1
55,4,815.62,113.87,89.56,205.80,-1,-1,-1,-1
56,4,815.09,119.97,92.23,205.06,-1,-1,-1,-1
57,4,817.01,120.14,90.23,205.46,-1,-1,-1,-1
58,4,821.49,128.89,90.10,205.34,-1,-1,-1,-1
59,4,823.05,140.76,89.22,210.46,-1,-1,-1,-1
60,4,823.92,144.48,90.07,206.40,-1,-1,-1,-1
61,4,824.87,151.05,89.88,207.13,-1,-1,-1,-1
62,4,824.20,146.09,91.82,206.02,-1,-1,-1,-1
63,4,829.25,150.23,91.12,207.71,-1,-1,-1,-1
64,4,832.59,157.82,88.58,210.98,-1,-1,-1,-1
65,4,832.42,158.59,90.94,208.62,-1,-1,-1,-1
66,4,837.68,160.30,88.49,210.30,-1,-1,-1,-1
67,4,838.86,166.53,88.55,209.67,-1,-1,-1,-1
68,4,839.49,174.74,89.16,211.46,-1,-1,-1,-1
69,4,839.21,181.98,92.80,211.33,-1,-1,-1,-1
70,4,843.16,189.05,93.97,213.75,-1,-1,-1,-1
71,4,844.34,199.21,93.99,213.09,-1,-1,-1,-1
72,4,846.37,204.59,92.76,210.70,-1,-1,-1,-1
73,4,846.40,214.99,94.07,209.19,-1,-1,-1,-1
74,4,845.94,225.03,95.40,204.51,-1,-1,-1,-1
75,4,852.01,223.41,94.67,204.92,-1,-1,-1,-1
76,4,852.20,235.08,95.57,204.01,-1,-1,-1,-1
77,4,853.02,242.95,94.96,205.86,-1,-1,-1,-1
78,4,853.67,251.33,95.07,204.93,-1,-1,-1,-1
79,4,858.99,259.31,94.87,206.32,-1,-1,-1,-1
80,4,858.71,264.30,98.03,203.84,-1,-1,-1,-1
81,4,859.64,271.61,97.52,204.13,-1,-1,-1,-1
82,4,859.90,272.26,98.75,205.85,-1,-1,-1,-1
83,4,866.03,280.26,97.08,203.33,-1,-1,-1,-1
84,4,868.09,290.15,96.78,202.29,-1,-1,-1,-1
85,4,869.33,299.47,95.12,205.86,-1,-1,-1,-1
86,4,871.01,307.54,93.19,203.63,-1,-1,-1,-1
87,4,877.76,321.16,90.70,202.23,-1,-1,-1,-1
88,4,880.24,331.81,88.40,201.50,-1,-1,-1,-1
89,4,880.13,340.29,90.55,202.47,-1,-1,-1,-1
90,4,884.87,346.71,90.28,206.35,-1,-1,-1,-1
91,4,885.76,347.76,90.86,205.14,-1,-1,-1,-1
92,4,887.06,362.55,90.35,202.19,-1,-1,-1,-1
93,4,888.38,369.59,89.67,206.72,-1,-1,-1,-1
94,4,887.79,374.74,91.07,209.56,-1,-1,-1,-1
95,4,895.53,385.69,86.55,208.84,-1,-1,-1,-1
96,4,895.99,389.77,88.11,211.66,-1,-1,-1,-1
97,4,898.66,399.18,86.69,206.37,-1,-1,-1,-1
98,4,902.05,406.32,88.86,208.96,-1,-1,-1,-1
99,4,904.90,423.21,85.54,206.54,-1,-1,-1,-1
100,4,906.43,435.99,83.95,200.40,-1,-1,-1,-1
101,4,906.74,437.82,85.61,202.82,-1,-1,-1,-1
102,4,912.68,449.26,83.07,204.94,-1,-1,-1,-1
103,4,915.20,459.37,80.38,205.24,-1,-1,-1,-1
104,4,914.64,466.52,83.29,211.05,-1,-1,-1,-1
105,4,916.47,481.67,82.53,203.55,-1,-1,-1,-1
106,4,915.55,492.27,84.25,200.68,-1,-1,-1,-1
107,4,921.27,491.64,82.10,203.67,-1,-1,-1,-1
108,4,922.59,499.41,81.65,203.74,-1,-1,-1,-1
109,4,920.64,511.90,87.38,206.63,-1,-1,-1,-1
110,4,921.13,518.90,88.45,211.16,-1,-1,-1,-1
111,4,922.89,530.18,86.26,216.68,-1,-1,-1,-1
112,4,926.58,540.17,87.84,214.03,-1,-1,-1,-1
113,4,929.64,540.43,85.44,214.15,-1,-1,-1,-1
114,4,929.41,545.22,89.24,206.87,-1,-1,-1,-1
115,4,934.73,558.67,87.61,226.12,-1,-1,-1,-1
116,4,935.91,571.01,87.86,215.43,-1,-1,-1,-1
117,4,937.05,576.59,87.74,220.00,-1,-1,-1,-1
118,4,943.63,580.50,85.65,216.40,-1,-1,-1,-1
119,4,943.96,582.66,86.14,212.38,-1,-1,-1,-1
120,4,945.99,593.29,84.82,207.62,-1,-1,-1,-1
121,4,949.83,601.86,79.93,207.40,-1,-1,-1,-1
122,4,951.40,608.15,85.40,205.28,-1,-1,-1,-1
123,4,952.13,614.71,85.23,208.37,-1,-1,-1,-1
124,4,953.95,626.84,83.48,216.40,-1,-1,-1,-1
125,4,954.26,629.53,84.45,212.76,-1,-1,-1,-1
126,4,955.53,646.81,84.37,209.99,-1,-1,-1,-1
127,4,960.53,651.81,83.45,213.85,-1,-1,-1,-1
128,4,961.49,661.84,84.80,211.96,-1,-1,-1,-1
129,4,961.51,659.43,86.91,213.88,-1,-1,-1,-1
130,4,962.08,661.20,87.48,213.77,-1,-1,-1,-1
131,4,966.07,673.70,88.86,219.84,-1,-1,-1,-1
132,4,967.33,684.69,89.40,213.59,-1,-1,-1,-1
133,4,967.75,689.68,89.85,218.53,-1,-1,-1,-1
134,4,969.13,690.54,89.12,218.00,-1,-1,-1,-1
135,4,972.46,700.20,91.91,218.85,-1,-1,-1,-1
136,4,975.75,709.33,88.12,215.32,-1,-1,-1,-1
137,4,977.89,708.57,86.08,215.46,-1,-1,-1,-1
138,4,977.86,713.59,88.01,218.42,-1,-1,-1,-1
139,4,981.00,719.95,90.46,212.56,-1,-1,-1,-1
140,4,982.30,726.89,90.40,213.46,-1,-1,-1,-1
141,4,983.05,727.03,91.60,212.17,-1,-1,-1,-1
142,4,983.59,735.72,91.88,210.69,-1,-1,-1,-1
143,4,984.79,741.48,90.19,211.18,-1,-1,-1,-1
144,4,990.31,736.43,89.97,212.11,-1,-1,-1,-1
145,4,992.97,749.69,87.91,213.56,-1,-1,-1,-1
146,4,992.20,748.29,91.28,214.89,-1,-1,-1,-1
147,4,995.81,751.87,92.62,214.54,-1,-1,-1,-1
148,4,996.74,758.72,93.89,212.82,-1,-1,-1,-1
149,4,997.71,756.67,94.51,216.73,-1,-1,-1,-1
150,4,998.32,766.23,95.18,217.54,-1,-1,-1,-1
151,4,999.25,772.46,93.35,215.17,-1,-1,-1,-1
152,4,1003.69,763.78,95.66,215.33,-1,-1,-1,-1
153,4,1003.89,770.82,98.02,215.49,-1,-1,-1,-1
154,4,1005.43,781.69,96.41,208.99,-1,-1,-1,-1
155,4,1010.45,783.68,95.73,213.09,-1,-1,-1,-1
156,4,1013.45,784.33,93.85,211.52,-1,-1,-1,-1
157,4,1013.20,784.89,96.10,208.37,-1,-1,-1,-1
158,4,1015.49,789.11,92.37,211.12,-1,-1,-1,-1
159,4,1020.07,782.41,92.53,213.36,-1,-1,-1,-1
160,4,1020.54,782.86,95.18,213.78,-1,-1,-1,-1
161,4,1020.65,789.99,96.83,209.71,-1,-1,-1,-1
162,4,1021.41,784.30,96.60,212.27,-1,-1,-1,-1
163,4,1026.42,780.95,96.00,212.35,-1,-1,-1,-1
164,4,1028.15,781.22,95.47,210.75,-1,-1,-1,-1
165,4,1028.52,783.51,95.81,209.83,-1,-1,-1,-1
166,4,1030.69,784.03,93.82,211.21,-1,-1,-1,-1
167,4,1036.95,782.19,91.75,212.55,-1,-1,-1,-1
168,4,1039.47,784.48,90.35,211.41,-1,-1,-1,-1
169,4,1040.44,790.65,90.36,208.67,-1,-1,-1,-1
170,4,1044.97,778.48,90.51,217.32,-1,-1,-1,-1
171,4,1045.85,782.83,91.85,208.95,-1,-1,-1,-1
172,4,1046.97,773.62,91.47,212.85,-1,-1,-1,-1
173,4,1046.50,781.15,93.66,210.53,-1,-1,-1,-1
174,4,1046.10,766.71,94.78,214.11,-1,-1,-1,-1
175,4,1052.46,766.47,92.86,214.16,-1,-1,-1,-1
176,4,1053.20,773.78,93.96,213.64,-1,-1,-1,-1
177,4,1058.20,762.52,96.13,218.06,-1,-1,-1,-1
178,4,1059.29,759.35,95.62,212.53,-1,-1,-1,-1
179,4,1059.35,755.30,96.57,213.54,-1,-1,-1,-1
180,4,1060.84,758.90,95.16,211.03,-1,-1,-1,-1
181,4,1061.83,755.61,94.48,212.63,-1,-1,-1,-1
182,4,1067.87,744.02,93.52,211.55,-1,-1,-1,-1
183,4,1068.41,742.36,94.77,209.99,-1,-1,-1,-1
184,4,1068.72,737.72,94.89,206.98,-1,-1,-1,-1
185,4,1070.81,738.50,93.39,206.72,-1,-1,-1,-1
186,4,1076.63,743.03,91.17,206.72,-1,-1,-1,-1
187,4,1079.19,725.56,89.44,212.27,-1,-1,-1,-1
188,4,1079.81,716.98,90.30,211.00,-1,-1,-1,-1
189,4,1081.88,717.22,87.64,210.38,-1,-1,-1,-1
190,4,1085.44,712.50,88.78,210.10,-1,-1,-1,-1
191,4,1087.21,701.86,88.16,212.19,-1,-1,-1,-1
192,4,1087.82,704.67,87.99,211.64,-1,-1,-1,-1
193,4,1090.08,701.37,87.20,211.00,-1,-1,-1,-1
194,4,1095.44,679.60,87.95,223.97,-1,-1,-1,-1
195,4,1097.74,676.68,84.63,212.80,-1,-1,-1,-1
196,4,1098.69,670.10,84.59,211.56,-1,-1,-1,-1
197,4,1105.54,659.58,81.74,218.63,-1,-1,-1,-1
198,4,1104.62,649.37,83.93,224.48,-1,-1,-1,-1
199,4,1106.82,621.78,81.60,245.21,-1,-1,-1,-1
200,4,1102.90,638.58,89.86,230.05,-1,-1,-1,-1
201,4,1102.07,632.74,95.56,221.85,-1,-1,-1,-1
202,4,1108.13,638.20,92.56,215.27,-1,-1,-1,-1
203,4,1110.61,626.62,90.98,235.88,-1,-1,-1,-1
204,4,1110.59,622.80,91.90,244.24,-1,-1,-1,-1
205,4,1110.57,611.06,91.33,264.91,-1,-1,-1,-1
206,4,1108.24,611.11,96.23,265.40,-1,-1,-1,-1
207,4,1108.73,597.91,97.27,279.87,-1,-1,-1,-1
208,4,1114.84,589.19,98.14,294.47,-1,-1,-1,-1
209,4,1111.64,579.14,103.35,313.12,-1,-1,-1,-1
210,4,1111.77,564.08,104.73,296.01,-1,-1,-1,-1
211,4,1111.78,559.92,107.26,288.22,-1,-1,-1,-1
212,4,1120.43,555.71,102.59,266.74,-1,-1,-1,-1
213,4,1125.39,554.01,95.35,268.41,-1,-1,-1,-1
214,4,1135.10,538.78,88.25,204.62,-1,-1,-1,-1
215,4,1135.84,533.54,86.37,210.08,-1,-1,-1,-1
216,4,1137.29,526.82,85.59,208.20,-1,-1,-1,-1
217,4,1138.97,522.84,84.11,201.32,-1,-1,-1,-1
218,4,1140.20,519.16,83.73,196.79,-1,-1,-1,-1
219,4,1145.19,499.34,84.39,205.03,-1,-1,-1,-1
220,4,1147.19,489.96,82.61,203.66,-1,-1,-1,-1
221,4,1147.70,492.31,84.56,203.71,-1,-1,-1,-1
222,4,1147.04,471.61,86.01,211.07,-1,-1,-1,-1
223,4,1150.04,468.78,88.00,205.17,-1,-1,-1,-1
224,4,1151.34,453.89,89.43,213.59,-1,-1,-1,-1
225,4,1152.59,452.51,90.10,208.22,-1,-1,-1,-1
226,4,1153.04,442.81,89.93,207.58,-1,-1,-1,-1
227,4,1156.48,436.42,92.68,204.31,-1,-1,-1,-1
228,4,1159.13,433.43,90.23,206.07,-1,-1,-1,-1
229,4,1164.79,413.25,90.84,211.83,-1,-1,-1,-1
230,4,1165.83,397.82,90.05,214.95,-1,-1,-1,-1
231,4,1165.94,389.86,91.27,213.02,-1,-1,-1,-1
232,4,1166.67,384.55,91.98,209.53,-1,-1,-1,-1
233,4,1166.89,383.83,94.33,207.57,-1,-1,-1,-1
234,4,1170.06,375.43,96.17,208.59,-1,-1,-1,-1
235,4,1174.84,361.70,90.55,208.11,-1,-1,-1,-1
236,4,1177.71,351.33,88.11,206.19,-1,-1,-1,-1
237,4,1176.52,344.28,90.40,205.95,-1,-1,-1,-1
238,4,1175.93,339.16,92.14,204.91,-1,-1,-1,-1
239,4,1180.51,326.54,92.14,209.67,-1,-1,-1,-1
240,4,1183.50,310.99,90.66,210.66,-1,-1,-1,-1
241,4,1184.20,302.12,90.39,208.56,-1,-1,-1,-1
242,4,1184.10,294.32,90.35,208.59,-1,-1,-1,-1
243,4,1183.22,284.97,91.68,211.80,-1,-1,-1,-1
244,4,1186.83,288.59,96.81,207.14,-1,-1,-1,-1
245,4,1187.92,276.66,97.04,215.23,-1,-1,-1,-1
246,4,1189.67,275.05,94.53,203.22,-1,-1,-1,-1
247,4,1188.69,273.22,96.58,206.85,-1,-1,-1,-1
248,4,1196.35,261.90,95.04,213.40,-1,-1,-1,-1
1,5,1511.54,764.07,85.35,212.00,-1,-1,-1,-1
2,5,1512.30,764.48,84.19,216.99,-1,-1,-1,-1
3,5,1507.64,762.94,83.65,214.93,-1,-1,-1,-1
4,5,1505.17,755.77,84.29,213.11,-1,-1,-1,-1
5,5,1503.44,757.76,86.54,212.39,-1,-1,-1,-1
6,5,1496.78,743.08,89.23,212.31,-1,-1,-1,-1
7,5,1497.39,743.95,85.74,211.18,-1,-1,-1,-1
8,5,1500.31,735.24,79.19,213.35,-1,-1,-1,-1
9,5,1496.44,741.71,83.61,209.69,-1,-1,-1,-1
10,5,1492.41,740.78,81.84,209.92,-1,-1,-1,-1
11,5,1491.84,722.80,81.04,215.75,-1,-1,-1,-1
12,5,1491.47,726.71,79.50,211.46,-1,-1,-1,-1
13,5,1489.78,720.49,82.25,211.51,-1,-1,-1,-1
14,5,1483.06,710.49,84.63,210.46,-1,-1,-1,-1
15,5,1484.21,710.83,80.59,207.08,-1,-1,-1,-1
16,5,1483.12,702.51,81.61,209.35,-1,-1,-1,-1
17,5,1481.69,703.82,81.98,207.33,-1,-1,-1,-1
18,5,1477.01,691.24,80.71,213.70,-1,-1,-1,-1
19,5,1476.95,688.98,79.07,209.56,-1,-1,-1,-1
20,5,1472.59,685.49,85.55,208.76,-1,-1,-1,-1
21,5,1473.87,678.64,81.55,209.75,-1,-1,-1,-1
22,5,1468.94,662.79,80.97,213.11,-1,-1,-1,-1
23,5,1466.66,662.70,83.02,208.52,-1,-1,-1,-1
24,5,1466.90,651.29,81.71,213.01,-1,-1,-1,-1
25,5,1465.04,646.59,83.01,208.47,-1,-1,-1,-1
26,5,1464.33,641.15,84.44,207.06,-1,-1,-1,-1
27,5,1458.12,627.54,85.47,214.48,-1,-1,-1,-1
28,5,1455.54,620.36,89.80,211.30,-1,-1,-1,-1
29,5,1456.23,618.30,87.02,208.16,-1,-1,-1,-1
30,5,1456.09,608.10,86.07,211.39,-1,-1,-1,-1
31,5,1449.34,597.35,88.12,211.90,-1,-1,-1,-1
32,5,1448.67,599.41,87.12,206.36,-1,-1,-1,-1
33,5,1448.10,584.10,86.46,209.19,-1,-1,-1,-1
34,5,1445.52,586.81,90.63,203.62,-1,-1,-1,-1
35,5,1440.16,572.39,89.63,210.90,-1,-1,-1,-1
36,5,1439.64,557.88,89.02,209.22,-1,-1,-1,-1
37,5,1440.19,551.50,86.76,206.62,-1,-1,-1,-1
38,5,1439.97,553.89,85.89,206.35,-1,-1,-1,-1
39,5,1434.62,538.73,83.70,205.47,-1,-1,-1,-1
40,5,1433.74,537.62,82.88,202.12,-1,-1,-1,-1
41,5,1428.66,530.16,81.45,205.04,-1,-1,-1,-1
42,5,1430.07,522.21,78.10,205.37,-1,-1,-1,-1
43,5,1426.05,504.00,83.30,205.38,-1,-1,-1,-1
44,5,1429.29,492.23,76.34,202.59,-1,-1,-1,-1
45,5,1429.42,482.83,74.42,203.63,-1,-1,-1,-1
46,5,1421.91,476.11,77.56,203.22,-1,-1,-1,-1
47,5,1421.71,474.56,76.23,201.38,-1,-1,-1,-1
48,5,1420.66,463.17,76.80,206.10,-1,-1,-1,-1
49,5,1420.26,458.52,76.79,203.11,-1,-1,-1,-1
50,5,1414.39,450.32,78.48,203.84,-1,-1,-1,-1
51,5,1412.25,433.41,79.71,206.46,-1,-1,-1,-1
52,5,1410.92,422.14,82.20,207.59,-1,-1,-1,-1
53,5,1413.13,420.06,77.21,203.11,-1,-1,-1,-1
54,5,1407.50,410.80,75.96,206.08,-1,-1,-1,-1
55,5,1403.13,391.44,81.47,209.47,-1,-1,-1,-1
56,5,1402.72,384.82,82.62,206.56,-1,-1,-1,-1
57,5,1401.15,376.26,83.27,206.78,-1,-1,-1,-1
58,5,1394.31,369.04,86.41,206.34,-1,-1,-1,-1
59,5,1390.64,367.19,90.60,205.32,-1,-1,-1,-1
60,5,1390.25,349.80,90.09,210.18,-1,-1,-1,-1
61,5,1390.24,337.12,89.15,209.09,-1,-1,-1,-1
62,5,1390.13,337.40,88.80,207.17,-1,-1,-1,-1
63,5,1384.34,328.76,89.77,207.46,-1,-1,-1,-1
64,5,1384.52,320.92,88.03,206.70,-1,-1,-1,-1
65,5,1381.36,319.05,91.25,205.96,-1,-1,-1,-1
66,5,1381.33,308.95,90.34,210.29,-1,-1,-1,-1
67,5,1374.01,292.15,92.63,213.20,-1,-1,-1,-1
68,5,1374.52,279.61,90.83,212.63,-1,-1,-1,-1
69,5,1373.10,276.64,90.89,210.67,-1,-1,-1,-1
70,5,1368.65,269.09,89.91,211.17,-1,-1,-1,-1
71,5,1365.56,261.17,91.68,210.49,-1,-1,-1,-1
72,5,1367.29,261.75,87.99,209.17,-1,-1,-1,-1
73,5,1365.03,257.80,90.93,208.87,-1,-1,-1,-1
74,5,1360.02,237.18,90.42,216.46,-1,-1,-1,-1
75,5,1360.19,236.49,88.50,210.31,-1,-1,-1,-1
76,5,1358.72,231.10,88.94,209.77,-1,-1,-1,-1
77,5,1359.03,219.04,88.67,213.20,-1,-1,-1,-1
78,5,1352.42,212.16,89.51,211.15,-1,-1,-1,-1
79,5,1354.19,199.32,84.89,213.20,-1,-1,-1,-1
80,5,1351.26,199.13,87.08,211.10,-1,-1,-1,-1
81,5,1351.98,199.36,85.39,212.46,-1,-1,-1,-1
82,5,1346.93,191.17,84.98,213.43,-1,-1,-1,-1
83,5,1344.89,188.11,86.02,212.25,-1,-1,-1,-1
84,5,1342.24,172.00,88.46,216.51,-1,-1,-1,-1
85,5,1336.62,172.28,89.71,213.85,-1,-1,-1,-1
86,5,1334.45,172.26,90.63,211.64,-1,-1,-1,-1
87,5,1335.68,152.55,88.39,219.02,-1,-1,-1,-1
88,5,1332.97,147.97,90.23,213.36,-1,-1,-1,-1
89,5,1329.80,154.22,87.87,215.05,-1,-1,-1,-1
90,5,1328.31,134.19,88.89,213.56,-1,-1,-1,-1
91,5,1329.46,132.13,87.47,212.15,-1,-1,-1,-1
92,5,1327.38,135.25,86.89,212.30,-1,-1,-1,-1
93,5,1327.71,135.72,85.86,211.93,-1,-1,-1,-1
94,5,1324.80,133.23,81.94,211.97,-1,-1,-1,-1
95,5,1320.00,114.91,86.05,213.85,-1,-1,-1,-1
96,5,1321.29,111.24,84.25,210.72,-1,-1,-1,-1
97,5,1323.18,110.45,78.83,210.75,-1,-1,-1,-1
98,5,1317.02,103.60,80.91,210.67,-1,-1,-1,-1
99,5,1313.59,105.73,83.66,210.01,-1,-1,-1,-1
100,5,1313.80,102.29,82.54,209.82,-1,-1,-1,-1
101,5,1307.52,95.35,85.10,209.91,-1,-1,-1,-1
102,5,1308.86,100.91,81.25,214.67,-1,-1,-1,-1
103,5,1306.19,88.93,82.76,210.65,-1,-1,-1,-1
104,5,1304.96,87.51,83.41,208.99,-1,-1,-1,-1
105,5,1299.51,93.70,85.13,210.33,-1,-1,-1,-1
106,5,1300.63,96.91,82.19,208.92,-1,-1,-1,-1
107,5,1299.78,96.10,81.88,208.56,-1,-1,-1,-1
108,5,1298.71,86.11,81.30,211.73,-1,-1,-1,-1
109,5,1298.29,87.82,80.60,211.54,-1,-1,-1,-1
110,5,1292.38,89.05,82.22,210.95,-1,-1,-1,-1
111,5,1292.25,91.87,81.37,210.15,-1,-1,-1,-1
112,5,1287.12,78.41,86.06,209.58,-1,-1,-1,-1
113,5,1282.17,82.54,87.48,215.04,-1,-1,-1,-1
114,5,1282.48,84.81,85.53,210.97,-1,-1,-1,-1
115,5,1283.25,79.65,81.87,208.62,-1,-1,-1,-1
116,5,1281.64,81.19,82.14,208.00,-1,-1,-1,-1
117,5,1275.49,84.80,84.18,210.35,-1,-1,-1,-1
118,5,1272.69,79.92,87.14,209.60,-1,-1,-1,-1
119,5,1272.72,85.79,86.96,214.52,-1,-1,-1,-1
120,5,1270.87,84.27,88.05,211.38,-1,-1,-1,-1
121,5,1269.88,85.87,88.44,210.09,-1,-1,-1,-1
122,5,1266.92,92.26,85.44,209.44,-1,-1,-1,-1
123,5,1266.52,87.72,82.43,210.09,-1,-1,-1,-1
124,5,1263.62,92.04,84.98,210.94,-1,-1,-1,-1
125,5,1262.75,93.63,86.12,209.15,-1,-1,-1,-1
126,5,1257.32,101.80,86.62,217.35,-1,-1,-1,-1
127,5,1258.92,111.85,84.28,209.85,-1,-1,-1,-1
128,5,1256.81,105.69,83.28,209.18,-1,-1,-1,-1
129,5,1257.08,113.45,83.10,215.74,-1,-1,-1,-1
130,5,1252.09,119.72,82.16,208.87,-1,-1,-1,-1
131,5,1251.00,113.88,81.78,208.20,-1,-1,-1,-1
132,5,1244.96,117.21,81.93,210.95,-1,-1,-1,-1
133,5,1250.80,125.71,80.08,213.07,-1,-1,-1,-1
134,5,1241.44,135.83,85.31,210.13,-1,-1,-1,-1
135,5,1241.73,138.94,83.54,206.41,-1,-1,-1,-1
136,5,1241.40,134.68,82.98,207.99,-1,-1,-1,-1
137,5,1234.78,140.89,85.25,211.62,-1,-1,-1,-1
138,5,1234.39,151.91,84.77,211.36,-1,-1,-1,-1
139,5,1235.85,150.93,80.45,209.01,-1,-1,-1,-1
140,5,1234.81,153.97,80.76,207.79,-1,-1,-1,-1
141,5,1233.59,163.44,82.07,213.17,-1,-1,-1,-1
142,5,1226.16,166.63,83.29,207.54,-1,-1,-1,-1
143,5,1219.29,170.60,84.80,203.84,-1,-1,-1,-1
144,5,1216.84,176.51,86.77,221.05,-1,-1,-1,-1
145,5,1214.61,183.83,90.24,222.48,-1,-1,-1,-1
146,5,1203.49,197.44,98.26,229.74,-1,-1,-1,-1
147,5,1203.18,205.37,98.36,230.70,-1,-1,-1,-1
148,5,1202.34,209.38,98.71,235.30,-1,-1,-1,-1
149,5,1203.28,207.22,98.67,225.16,-1,-1,-1,-1
150,5,1201.11,219.67,101.04,216.34,-1,-1,-1,-1
151,5,1202.68,229.28,98.32,211.50,-1,-1,-1,-1
152,5,1198.91,232.77,92.29,209.60,-1,-1,-1,-1
153,5,1200.29,244.05,88.93,216.09,-1,-1,-1,-1
154,5,1200.05,246.36,88.52,212.63,-1,-1,-1,-1
155,5,1200.92,254.41,86.27,209.17,-1,-1,-1,-1
156,5,1198.81,269.51,89.32,211.58,-1,-1,-1,-1
157,5,1194.25,278.19,86.40,208.58,-1,-1,-1,-1
158,5,1192.98,282.34,87.34,207.81,-1,-1,-1,-1
159,5,1191.08,287.05,90.40,205.68,-1,-1,-1,-1
160,5,1191.18,294.88,89.42,206.10,-1,-1,-1,-1
161,5,1189.04,310.64,91.48,207.49,-1,-1,-1,-1
162,5,1188.43,320.71,92.10,205.18,-1,-1,-1,-1
163,5,1184.58,321.72,89.63,205.33,-1,-1,-1,-1
164,5,1182.15,334.69,90.42,206.15,-1,-1,-1,-1
165,5,1182.92,331.99,88.52,205.23,-1,-1,-1,-1
166,5,1181.33,345.13,90.80,209.00,-1,-1,-1,-1
167,5,1176.05,353.69,91.20,202.31,-1,-1,-1,-1
168,5,1176.57,361.74,86.89,205.24,-1,-1,-1,-1
169,5,1176.60,369.27,86.60,206.21,-1,-1,-1,-1
170,5,1174.06,375.46,88.68,204.08,-1,-1,-1,-1
171,5,1174.32,390.57,88.22,209.51,-1,-1,-1,-1
172,5,1169.48,393.91,86.61,203.78,-1,-1,-1,-1
173,5,1166.45,408.18,89.13,207.54,-1,-1,-1,-1
174,5,1168.69,422.75,84.48,207.35,-1,-1,-1,-1
175,5,1163.16,433.10,83.34,204.95,-1,-1,-1,-1
176,5,1162.56,433.11,82.03,202.17,-1,-1,-1,-1
177,5,1156.86,442.96,81.75,206.28,-1,-1,-1,-1
178,5,1154.12,456.22,84.58,205.21,-1,-1,-1,-1
179,5,1152.57,465.30,85.55,201.15,-1,-1,-1,-1
180,5,1154.73,467.83,80.85,202.11,-1,-1,-1,-1
181,5,1153.47,473.10,81.72,202.92,-1,-1,-1,-1
182,5,1146.25,497.09,84.48,201.13,-1,-1,-1,-1
183,5,1145.55,498.53,85.35,198.21,-1,-1,-1,-1
184,5,1145.73,508.60,82.69,202.40,-1,-1,-1,-1
185,5,1145.86,520.38,82.41,196.19,-1,-1,-1,-1
186,5,1143.94,527.93,85.21,197.22,-1,-1,-1,-1
187,5,1137.76,530.38,85.31,198.60,-1,-1,-1,-1
188,5,1136.27,546.04,86.34,203.44,-1,-1,-1,-1
189,5,1135.40,551.09,86.58,207.31,-1,-1,-1,-1
190,5,1129.05,558.37,87.31,212.16,-1,-1,-1,-1
191,5,1128.84,563.52,86.87,215.33,-1,-1,-1,-1
192,5,1128.48,569.99,85.26,217.32,-1,-1,-1,-1
193,5,1122.91,581.30,84.98,214.05,-1,-1,-1,-1
194,5,1120.17,592.00,85.98,222.38,-1,-1,-1,-1
195,5,1119.78,599.85,86.81,224.28,-1,-1,-1,-1
196,5,1112.82,603.28,88.71,216.04,-1,-1,-1,-1
197,5,1110.47,605.96,89.43,226.82,-1,-1,-1,-1
198,5,1107.36,614.79,81.73,227.20,-1,-1,-1,-1
158,6,1242.89,176.18,80.99,222.44,-1,-1,-1,-1
159,6,1241.16,166.86,84.82,227.62,-1,-1,-1,-1
160,6,1237.76,165.26,91.69,228.71,-1,-1,-1,-1
161,6,1234.22,156.38,99.64,231.67,-1,-1,-1,-1
162,6,1232.72,158.00,103.27,244.59,-1,-1,-1,-1
163,6,1232.45,156.53,104.75,246.41,-1,-1,-1,-1
164,6,1239.07,150.15,105.94,259.03,-1,-1,-1,-1
165,6,1238.38,147.11,109.65,216.68,-1,-1,-1,-1
166,6,1246.71,143.30,105.11,241.38,-1,-1,-1,-1
167,6,1245.74,141.54,108.16,228.52,-1,-1,-1,-1
168,6,1247.73,129.20,103.95,221.65,-1,-1,-1,-1
169,6,1252.14,126.43,96.06,226.15,-1,-1,-1,-1
170,6,1256.18,116.51,91.07,214.50,-1,-1,-1,-1
171,6,1254.37,108.10,93.74,216.72,-1,-1,-1,-1
172,6,1260.95,111.81,93.03,222.87,-1,-1,-1,-1
173,6,1261.46,114.98,93.80,216.38,-1,-1,-1,-1
174,6,1262.96,110.03,92.42,209.57,-1,-1,-1,-1
175,6,1264.41,111.23,89.66,208.04,-1,-1,-1,-1
176,6,1270.93,106.78,88.01,205.25,-1,-1,-1,-1
177,6,1272.69,100.03,87.35,202.19,-1,-1,-1,-1
178,6,1280.04,105.36,85.27,202.79,-1,-1,-1,-1
179,6,1281.21,100.03,83.43,200.04,-1,-1,-1,-1
180,6,1281.11,96.83,86.10,205.72,-1,-1,-1,-1
181,6,1279.86,94.42,89.04,208.04,-1,-1,-1,-1
182,6,1279.75,87.60,91.10,207.94,-1,-1,-1,-1
183,6,1286.46,89.31,89.08,208.33,-1,-1,-1,-1
184,6,1285.81,92.50,92.16,212.32,-1,-1,-1,-1
185,6,1293.40,85.70,91.66,307.54,-1,-1,-1,-1
186,6,1293.80,86.95,92.20,275.74,-1,-1,-1,-1
187,6,1294.97,90.06,89.79,284.05,-1,-1,-1,-1
188,6,1297.79,87.71,85.96,273.65,-1,-1,-1,-1
189,6,1297.40,92.21,86.83,263.79,-1,-1,-1,-1
190,6,1303.16,97.39,86.84,251.84,-1,-1,-1,-1
191,6,1304.14,88.96,87.41,256.32,-1,-1,-1,-1
192,6,1304.68,94.52,87.88,245.02,-1,-1,-1,-1
193,6,1304.38,88.54,88.29,240.18,-1,-1,-1,-1
194,6,1309.61,98.65,92.07,233.49,-1,-1,-1,-1
195,6,1313.02,94.78,86.55,241.05,-1,-1,-1,-1
196,6,1320.69,90.64,84.23,235.70,-1,-1,-1,-1
171,7,1250.72,116.02,100.64,279.93,-1,-1,-1,-1
172,7,1259.03,115.86,95.84,264.24,-1,-1,-1,-1
185,8,1282.63,79.37,99.52,223.81,-1,-1,-1,-1
207,9,1363.32,101.41,66.16,229.54,-1,-1,-1,-1
208,9,1356.20,111.92,67.38,222.60,-1,-1,-1,-1
209,9,1356.37,107.38,67.09,234.25,-1,-1,-1,-1
210,9,1357.74,124.74,65.54,216.05,-1,-1,-1,-1
211,9,1359.26,133.82,69.51,211.69,-1,-1,-1,-1
212,9,1361.20,144.87,71.11,220.40,-1,-1,-1,-1
213,9,1358.61,147.95,74.50,215.38,-1,-1,-1,-1
214,9,1358.70,148.25,73.06,215.43,-1,-1,-1,-1
215,9,1358.44,146.18,75.75,221.82,-1,-1,-1,-1
216,9,1357.62,157.09,78.30,226.85,-1,-1,-1,-1
217,9,1356.29,168.68,82.29,221.09,-1,-1,-1,-1
218,9,1355.53,176.16,83.25,221.21,-1,-1,-1,-1
219,9,1360.81,173.30,83.90,231.19,-1,-1,-1,-1
220,9,1358.60,187.29,89.69,217.33,-1,-1,-1,-1
221,9,1358.44,189.12,91.96,215.99,-1,-1,-1,-1
222,9,1360.04,195.50,89.31,217.92,-1,-1,-1,-1
223,9,1361.66,213.01,86.09,211.81,-1,-1,-1,-1
224,9,1365.93,214.91,91.10,210.77,-1,-1,-1,-1
225,9,1365.53,216.43,91.66,209.71,-1,-1,-1,-1
226,9,1367.54,227.82,90.01,214.28,-1,-1,-1,-1
227,9,1365.12,231.03,95.62,212.07,-1,-1,-1,-1
228,9,1365.26,238.05,95.77,212.69,-1,-1,-1,-1
229,9,1372.24,245.85,94.50,215.68,-1,-1,-1,-1
230,9,1371.81,255.46,98.32,209.44,-1,-1,-1,-1
231,9,1371.69,262.17,99.08,208.99,-1,-1,-1,-1
232,9,1380.41,268.73,93.44,214.01,-1,-1,-1,-1
233,9,1379.15,278.34,98.88,212.00,-1,-1,-1,-1
234,9,1379.22,284.58,98.75,217.13,-1,-1,-1,-1
235,9,1386.27,293.97,96.87,212.82,-1,-1,-1,-1
236,9,1386.48,293.84,99.31,213.65,-1,-1,-1,-1
237,9,1389.09,300.68,94.64,217.10,-1,-1,-1,-1
238,9,1394.03,316.84,97.51,213.28,-1,-1,-1,-1
239,9,1392.88,325.58,100.74,213.71,-1,-1,-1,-1
240,9,1392.09,325.96,102.54,215.74,-1,-1,-1,-1
241,9,1393.99,338.19,98.99,220.41,-1,-1,-1,-1
242,9,1392.59,340.45,103.04,216.20,-1,-1,-1,-1
243,9,1394.20,336.60,101.49,225.59,-1,-1,-1,-1
244,9,1402.46,350.25,96.59,228.92,-1,-1,-1,-1
245,9,1401.16,371.09,101.79,217.95,-1,-1,-1,-1
246,9,1402.50,380.45,100.02,215.78,-1,-1,-1,-1
247,9,1404.47,386.33,97.34,219.74,-1,-1,-1,-1
248,9,1413.42,403.16,90.42,218.04,-1,-1,-1,-1
249,9,1413.74,404.18,90.11,216.02,-1,-1,-1,-1
250,9,1416.59,421.04,87.99,214.17,-1,-1,-1,-1
211,10,1099.71,704.49,78.24,210.29,-1,-1,-1,-1
212,10,1092.10,704.04,81.63,208.35,-1,-1,-1,-1
213,10,1091.91,711.93,79.92,212.46,-1,-1,-1,-1
214,10,1084.29,713.91,82.61,207.79,-1,-1,-1,-1
215,10,1083.79,724.29,82.09,211.70,-1,-1,-1,-1
216,10,1084.11,732.78,80.50,209.30,-1,-1,-1,-1
217,10,1081.67,735.50,82.95,208.48,-1,-1,-1,-1
218,10,1083.07,737.21,79.04,206.56,-1,-1,-1,-1
219,10,1077.12,743.59,80.36,209.67,-1,-1,-1,-1
220,10,1073.96,750.13,82.35,208.22,-1,-1,-1,-1
221,10,1074.00,754.71,80.54,207.09,-1,-1,-1,-1
222,10,1072.34,751.32,84.14,207.38,-1,-1,-1,-1
223,10,1068.82,758.61,79.73,211.27,-1,-1,-1,-1
224,10,1066.37,757.70,82.24,207.32,-1,-1,-1,-1
225,10,1061.96,760.38,79.68,209.54,-1,-1,-1,-1
226,10,1059.48,761.43,82.41,207.92,-1,-1,-1,-1
227,10,1060.02,772.89,81.40,209.93,-1,-1,-1,-1
228,10,1059.60,768.22,80.30,207.94,-1,-1,-1,-1
229,10,1058.42,775.12,80.95,206.23,-1,-1,-1,-1
230,10,1050.70,769.97,85.75,205.35,-1,-1,-1,-1
231,10,1051.42,776.08,82.14,203.59,-1,-1,-1,-1
232,10,1049.24,784.46,84.21,208.01,-1,-1,-1,-1
233,10,1050.58,786.23,81.26,207.90,-1,-1,-1,-1
234,10,1047.97,782.76,85.30,206.13,-1,-1,-1,-1
235,10,1044.47,780.31,82.02,203.89,-1,-1,-1,-1
236,10,1043.64,788.28,81.30,213.07,-1,-1,-1,-1
237,10,1042.62,783.39,81.78,211.70,-1,-1,-1,-1
238,10,1042.18,783.24,81.29,212.55,-1,-1,-1,-1
239,10,1039.41,782.30,86.54,210.94,-1,-1,-1,-1
240,10,1030.29,770.41,91.94,223.27,-1,-1,-1,-1
246,11,1203.21,343.89,82.05,130.23,-1,-1,-1,-1
