1,1,1645.49,436.35,75.25,202.73,-1,-1,-1,-1
2,1,1640.14,435.81,75.04,202.66,-1,-1,-1,-1
3,1,1636.97,435.91,76.64,202.90,-1,-1,-1,-1
4,1,1628.19,435.68,80.98,202.78,-1,-1,-1,-1
5,1,1625.12,434.88,83.29,204.71,-1,-1,-1,-1
6,1,1620.00,434.29,82.62,206.29,-1,-1,-1,-1
7,1,1617.57,435.03,82.97,205.22,-1,-1,-1,-1
8,1,1610.61,435.15,83.53,204.26,-1,-1,-1,-1
9,1,1610.74,435.03,80.07,204.05,-1,-1,-1,-1
10,1,1603.87,434.41,80.79,205.55,-1,-1,-1,-1
11,1,1597.55,435.16,80.35,204.14,-1,-1,-1,-1
12,1,1594.79,435.76,82.49,203.53,-1,-1,-1,-1
13,1,1588.65,433.88,82.19,206.78,-1,-1,-1,-1
14,1,1586.93,434.50,81.65,206.35,-1,-1,-1,-1
15,1,1580.74,434.09,80.94,205.81,-1,-1,-1,-1
16,1,1578.47,434.84,80.96,204.91,-1,-1,-1,-1
17,1,1571.46,434.24,82.74,205.35,-1,-1,-1,-1
18,1,1569.91,435.14,81.40,204.16,-1,-1,-1,-1
19,1,1564.82,434.83,79.55,204.87,-1,-1,-1,-1
20,1,1560.32,434.92,84.66,204.77,-1,-1,-1,-1
21,1,1554.70,434.49,83.53,205.83,-1,-1,-1,-1
22,1,1552.69,434.74,83.91,205.15,-1,-1,-1,-1
23,1,1546.97,435.12,82.36,203.53,-1,-1,-1,-1
24,1,1546.03,435.18,80.76,203.85,-1,-1,-1,-1
25,1,1537.06,435.16,83.92,203.65,-1,-1,-1,-1
26,1,1533.43,435.21,79.66,203.86,-1,-1,-1,-1
27,1,1532.34,436.12,77.40,202.52,-1,-1,-1,-1
28,1,1526.47,434.05,76.94,206.13,-1,-1,-1,-1
29,1,1523.18,435.09,78.87,204.19,-1,-1,-1,-1
30,1,1516.97,435.63,79.60,203.01,-1,-1,-1,-1
31,1,1515.46,436.11,77.83,202.42,-1,-1,-1,-1
32,1,1511.16,435.40,75.57,203.09,-1,-1,-1,-1
33,1,1507.26,435.87,78.30,202.76,-1,-1,-1,-1
34,1,1500.63,436.33,78.94,201.99,-1,-1,-1,-1
35,1,1494.13,434.76,79.18,204.34,-1,-1,-1,-1
36,1,1489.07,435.62,83.72,203.58,-1,-1,-1,-1
37,1,1485.01,435.65,81.43,202.73,-1,-1,-1,-1
38,1,1482.26,435.60,81.08,202.69,-1,-1,-1,-1
39,1,1476.13,435.42,81.33,202.96,-1,-1,-1,-1
40,1,1467.46,435.43,84.39,203.10,-1,-1,-1,-1
41,1,1466.85,436.27,82.71,202.18,-1,-1,-1,-1
42,1,1464.14,435.33,84.51,203.58,-1,-1,-1,-1
43,1,1460.24,434.84,80.17,205.28,-1,-1,-1,-1
44,1,1453.75,435.33,80.00,203.72,-1,-1,-1,-1
45,1,1451.82,435.56,78.27,202.29,-1,-1,-1,-1
46,1,1448.99,435.44,73.40,203.09,-1,-1,-1,-1
47,1,1442.33,435.83,79.87,202.31,-1,-1,-1,-1
48,1,1436.26,436.04,80.66,201.90,-1,-1,-1,-1
49,1,1434.09,435.87,81.62,203.02,-1,-1,-1,-1
50,1,1426.16,435.02,83.75,204.65,-1,-1,-1,-1
51,1,1426.05,435.76,80.82,203.13,-1,-1,-1,-1
52,1,1418.77,436.10,82.79,202.20,-1,-1,-1,-1
53,1,1413.36,435.17,80.90,203.38,-1,-1,-1,-1
54,1,1409.97,435.52,82.54,203.37,-1,-1,-1,-1
55,1,1403.85,435.15,82.66,203.81,-1,-1,-1,-1
56,1,1401.80,435.57,82.30,203.35,-1,-1,-1,-1
57,1,1395.14,434.99,83.78,204.63,-1,-1,-1,-1
58,1,1394.24,435.71,80.93,203.52,-1,-1,-1,-1
59,1,1387.21,435.62,82.97,202.92,-1,-1,-1,-1
60,1,1384.65,435.23,83.53,203.21,-1,-1,-1,-1
61,1,1381.04,435.45,79.44,203.46,-1,-1,-1,-1
62,1,1374.26,435.84,79.19,202.45,-1,-1,-1,-1
63,1,1373.21,436.78,76.71,201.41,-1,-1,-1,-1
64,1,1368.28,435.56,75.30,203.84,-1,-1,-1,-1
65,1,1365.34,435.97,75.90,203.45,-1,-1,-1,-1
66,1,1359.20,436.14,76.11,201.85,-1,-1,-1,-1
67,1,1356.42,436.06,76.57,202.18,-1,-1,-1,-1
68,1,1348.25,435.66,79.60,202.05,-1,-1,-1,-1
69,1,1343.05,435.78,78.05,202.32,-1,-1,-1,-1
70,1,1340.23,437.03,79.52,200.61,-1,-1,-1,-1
71,1,1338.25,436.51,80.16,201.52,-1,-1,-1,-1
72,1,1332.07,436.01,81.28,202.94,-1,-1,-1,-1
73,1,1325.38,435.81,80.88,202.59,-1,-1,-1,-1
74,1,1322.20,436.68,82.36,200.76,-1,-1,-1,-1
75,1,1316.86,435.43,80.91,202.53,-1,-1,-1,-1
76,1,1312.71,435.85,83.86,202.57,-1,-1,-1,-1
77,1,1309.06,436.07,80.37,202.24,-1,-1,-1,-1
78,1,1306.62,436.92,80.91,201.00,-1,-1,-1,-1
79,1,1300.10,436.42,81.47,201.97,-1,-1,-1,-1
80,1,1298.88,436.25,80.07,202.34,-1,-1,-1,-1
81,1,1292.99,437.19,78.95,200.48,-1,-1,-1,-1
82,1,1290.99,437.14,78.62,200.14,-1,-1,-1,-1
83,1,1286.40,436.42,75.63,201.78,-1,-1,-1,-1
84,1,1277.45,436.45,80.16,201.36,-1,-1,-1,-1
85,1,1275.65,437.42,80.08,200.52,-1,-1,-1,-1
86,1,1267.80,436.49,82.61,201.94,-1,-1,-1,-1
87,1,1265.74,436.49,82.51,202.13,-1,-1,-1,-1
88,1,1260.20,436.68,81.07,200.87,-1,-1,-1,-1
89,1,1257.12,436.72,82.67,200.68,-1,-1,-1,-1
90,1,1251.40,436.11,81.52,201.99,-1,-1,-1,-1
91,1,1245.25,436.41,81.17,201.68,-1,-1,-1,-1
92,1,1243.87,437.40,80.10,200.15,-1,-1,-1,-1
93,1,1238.66,436.69,78.48,201.67,-1,-1,-1,-1
94,1,1237.20,437.04,76.30,201.38,-1,-1,-1,-1
95,1,1229.07,437.03,79.57,200.15,-1,-1,-1,-1
96,1,1227.79,437.03,77.52,199.94,-1,-1,-1,-1
97,1,1220.03,436.64,80.14,200.19,-1,-1,-1,-1
98,1,1217.33,437.30,82.37,200.44,-1,-1,-1,-1
99,1,1212.18,437.09,81.23,200.88,-1,-1,-1,-1
100,1,1208.09,436.91,84.59,201.10,-1,-1,-1,-1
101,1,1200.95,437.39,85.20,200.41,-1,-1,-1,-1
102,1,1198.26,437.75,79.49,199.49,-1,-1,-1,-1
103,1,1195.66,437.55,79.27,198.93,-1,-1,-1,-1
104,1,1191.22,436.90,76.59,200.18,-1,-1,-1,-1
105,1,1186.45,437.39,80.02,199.41,-1,-1,-1,-1
106,1,1180.96,437.58,80.21,199.74,-1,-1,-1,-1
107,1,1177.91,437.75,82.16,199.42,-1,-1,-1,-1
108,1,1173.66,437.35,78.75,200.76,-1,-1,-1,-1
109,1,1171.51,438.11,77.76,199.27,-1,-1,-1,-1
110,1,1164.68,438.28,78.74,198.26,-1,-1,-1,-1
111,1,1164.00,437.94,76.27,199.36,-1,-1,-1,-1
112,1,1155.11,437.53,80.53,199.77,-1,-1,-1,-1
113,1,1147.02,436.82,84.27,201.14,-1,-1,-1,-1
114,1,1144.62,437.46,84.96,200.37,-1,-1,-1,-1
115,1,1138.04,437.32,84.53,200.54,-1,-1,-1,-1
116,1,1136.92,438.38,83.73,199.75,-1,-1,-1,-1
117,1,1132.51,437.96,81.03,199.49,-1,-1,-1,-1
118,1,1130.35,438.29,80.52,198.97,-1,-1,-1,-1
119,1,1123.52,437.59,81.10,200.40,-1,-1,-1,-1
120,1,1116.58,437.43,81.88,200.32,-1,-1,-1,-1
121,1,1115.30,438.42,81.12,199.58,-1,-1,-1,-1
122,1,1113.77,438.52,81.29,199.65,-1,-1,-1,-1
123,1,1107.26,437.63,81.44,201.07,-1,-1,-1,-1
124,1,1101.77,437.99,79.57,199.55,-1,-1,-1,-1
125,1,1100.39,437.67,76.33,199.99,-1,-1,-1,-1
126,1,1094.82,437.24,76.49,200.07,-1,-1,-1,-1
127,1,1092.47,437.35,76.66,200.66,-1,-1,-1,-1
128,1,1086.81,437.36,75.53,200.35,-1,-1,-1,-1
129,1,1084.32,437.42,76.51,200.82,-1,-1,-1,-1
130,1,1076.12,437.09,79.47,200.95,-1,-1,-1,-1
131,1,1072.50,438.55,75.01,199.05,-1,-1,-1,-1
132,1,1068.22,438.46,78.59,198.95,-1,-1,-1,-1
133,1,1060.79,437.14,79.85,200.65,-1,-1,-1,-1
134,1,1059.69,437.63,78.35,200.63,-1,-1,-1,-1
135,1,1054.09,437.63,77.30,200.20,-1,-1,-1,-1
136,1,1051.17,437.97,78.30,199.72,-1,-1,-1,-1
137,1,1043.82,436.64,82.16,201.33,-1,-1,-1,-1
138,1,1040.73,437.29,83.20,202.09,-1,-1,-1,-1
139,1,1033.63,437.79,85.30,200.93,-1,-1,-1,-1
140,1,1028.21,437.35,82.74,201.27,-1,-1,-1,-1
141,1,1024.33,436.33,84.43,203.29,-1,-1,-1,-1
142,1,1021.19,436.53,80.76,204.09,-1,-1,-1,-1
143,1,1018.06,437.17,81.34,202.72,-1,-1,-1,-1
144,1,1010.27,436.26,84.51,203.96,-1,-1,-1,-1
145,1,1004.14,436.73,83.22,201.36,-1,-1,-1,-1
146,1,1003.59,437.17,81.77,200.62,-1,-1,-1,-1
147,1,1001.52,437.05,82.10,200.01,-1,-1,-1,-1
148,1,997.56,437.86,78.99,199.22,-1,-1,-1,-1
149,1,994.25,438.25,79.45,198.83,-1,-1,-1,-1
150,1,988.02,438.20,79.97,198.66,-1,-1,-1,-1
151,1,984.71,438.55,74.60,198.27,-1,-1,-1,-1
152,1,980.75,439.23,76.79,197.68,-1,-1,-1,-1
153,1,975.44,438.74,75.56,197.87,-1,-1,-1,-1
154,1,972.77,438.86,76.67,197.94,-1,-1,-1,-1
155,1,964.45,438.01,78.97,198.85,-1,-1,-1,-1
156,1,959.67,438.35,76.34,198.78,-1,-1,-1,-1
157,1,955.88,438.86,80.05,198.33,-1,-1,-1,-1
158,1,949.17,439.24,81.18,197.32,-1,-1,-1,-1
159,1,946.59,440.09,82.49,196.90,-1,-1,-1,-1
160,1,941.21,439.77,80.70,197.19,-1,-1,-1,-1
161,1,938.15,442.55,82.88,197.44,-1,-1,-1,-1
162,1,934.26,438.84,78.84,199.03,-1,-1,-1,-1
163,1,932.61,439.16,76.93,199.08,-1,-1,-1,-1
164,1,927.77,439.48,75.77,197.76,-1,-1,-1,-1
165,1,922.94,439.79,79.69,197.42,-1,-1,-1,-1
166,1,917.43,440.11,78.79,196.18,-1,-1,-1,-1
167,1,916.65,440.22,76.45,197.02,-1,-1,-1,-1
168,1,910.94,439.95,76.21,196.23,-1,-1,-1,-1
169,1,908.69,440.49,76.34,195.52,-1,-1,-1,-1
170,1,903.07,439.87,75.22,196.19,-1,-1,-1,-1
171,1,900.05,440.02,76.60,197.02,-1,-1,-1,-1
172,1,893.38,440.17,77.99,195.86,-1,-1,-1,-1
173,1,892.66,440.30,74.98,196.01,-1,-1,-1,-1
174,1,885.47,440.26,76.66,196.37,-1,-1,-1,-1
175,1,879.80,440.32,74.91,196.02,-1,-1,-1,-1
176,1,876.84,439.84,75.69,197.20,-1,-1,-1,-1
177,1,870.92,439.45,74.27,197.90,-1,-1,-1,-1
178,1,869.06,439.98,76.22,196.77,-1,-1,-1,-1
179,1,863.08,440.37,77.11,195.67,-1,-1,-1,-1
180,1,862.63,444.51,75.83,195.31,-1,-1,-1,-1
181,1,863.80,433.75,72.40,206.36,-1,-1,-1,-1
182,1,864.01,435.10,71.30,202.87,-1,-1,-1,-1
1,2,-5.08,432.58,89.63,212.08,-1,-1,-1,-1
2,2,0.60,438.92,86.58,211.61,-1,-1,-1,-1
3,2,6.57,431.56,86.40,213.67,-1,-1,-1,-1
4,2,9.43,437.45,86.73,213.76,-1,-1,-1,-1
5,2,14.46,432.49,88.48,211.94,-1,-1,-1,-1
6,2,16.68,432.50,88.33,212.88,-1,-1,-1,-1
7,2,24.10,432.71,85.76,213.95,-1,-1,-1,-1
8,2,25.41,434.66,87.84,210.30,-1,-1,-1,-1
9,2,31.20,438.96,87.98,213.41,-1,-1,-1,-1
10,2,33.36,433.35,87.23,211.05,-1,-1,-1,-1
11,2,39.81,439.21,87.68,211.69,-1,-1,-1,-1
12,2,45.05,433.24,91.03,211.98,-1,-1,-1,-1
13,2,47.76,438.92,88.67,210.71,-1,-1,-1,-1
14,2,53.29,434.68,90.83,209.54,-1,-1,-1,-1
15,2,56.41,440.64,88.86,212.03,-1,-1,-1,-1
16,2,61.13,439.99,91.30,213.00,-1,-1,-1,-1
17,2,64.17,440.71,89.70,212.52,-1,-1,-1,-1
18,2,71.11,439.20,87.47,211.54,-1,-1,-1,-1
19,2,73.09,438.99,89.09,212.43,-1,-1,-1,-1
20,2,78.57,434.81,89.47,209.68,-1,-1,-1,-1
21,2,81.42,434.86,88.48,208.07,-1,-1,-1,-1
22,2,86.70,441.09,89.43,205.80,-1,-1,-1,-1
23,2,89.20,440.81,89.53,209.11,-1,-1,-1,-1
24,2,94.79,440.51,90.41,209.95,-1,-1,-1,-1
25,2,102.86,434.36,87.02,208.47,-1,-1,-1,-1
26,2,104.93,435.61,87.93,206.47,-1,-1,-1,-1
27,2,110.63,434.32,88.21,209.31,-1,-1,-1,-1
28,2,113.10,433.28,88.01,212.23,-1,-1,-1,-1
29,2,118.13,440.20,89.55,207.19,-1,-1,-1,-1
30,2,121.45,439.05,88.73,213.28,-1,-1,-1,-1
31,2,126.62,440.23,89.29,209.46,-1,-1,-1,-1
32,2,130.38,439.76,86.91,209.66,-1,-1,-1,-1
33,2,135.43,440.71,88.38,207.70,-1,-1,-1,-1
34,2,141.09,434.61,90.65,209.58,-1,-1,-1,-1
35,2,143.44,433.35,90.14,211.21,-1,-1,-1,-1
36,2,151.09,439.64,87.13,208.19,-1,-1,-1,-1
37,2,154.03,440.35,86.99,208.78,-1,-1,-1,-1
38,2,157.97,440.55,88.94,205.73,-1,-1,-1,-1
39,2,160.84,439.81,88.67,208.28,-1,-1,-1,-1
40,2,167.68,438.90,86.99,209.56,-1,-1,-1,-1
41,2,170.26,440.24,87.48,207.11,-1,-1,-1,-1
42,2,174.81,439.65,89.93,209.56,-1,-1,-1,-1
43,2,177.73,440.19,87.71,206.46,-1,-1,-1,-1
44,2,182.57,440.23,90.25,210.11,-1,-1,-1,-1
45,2,184.98,440.98,89.98,207.17,-1,-1,-1,-1
46,2,190.35,440.73,90.99,207.01,-1,-1,-1,-1
47,2,197.14,440.28,89.68,206.55,-1,-1,-1,-1
48,2,199.87,440.42,89.61,206.30,-1,-1,-1,-1
49,2,206.38,439.46,88.77,207.73,-1,-1,-1,-1
50,2,209.84,439.69,87.80,207.73,-1,-1,-1,-1
51,2,214.37,440.93,89.95,206.74,-1,-1,-1,-1
52,2,217.19,440.60,89.38,208.13,-1,-1,-1,-1
53,2,221.41,441.32,91.40,206.95,-1,-1,-1,-1
54,2,225.08,440.47,89.03,207.29,-1,-1,-1,-1
55,2,230.68,439.95,90.20,208.90,-1,-1,-1,-1
56,2,237.55,439.90,89.75,207.94,-1,-1,-1,-1
57,2,239.87,440.84,90.57,206.15,-1,-1,-1,-1
58,2,245.99,439.99,89.01,207.66,-1,-1,-1,-1
59,2,248.71,441.11,89.78,206.41,-1,-1,-1,-1
60,2,253.70,441.67,89.95,205.16,-1,-1,-1,-1
61,2,257.15,441.18,88.82,204.69,-1,-1,-1,-1
62,2,263.28,441.25,88.76,207.12,-1,-1,-1,-1
63,2,265.27,440.88,89.62,206.76,-1,-1,-1,-1
64,2,270.66,440.11,91.56,208.01,-1,-1,-1,-1
65,2,278.99,440.32,87.41,207.03,-1,-1,-1,-1
66,2,280.72,441.39,89.46,203.63,-1,-1,-1,-1
67,2,286.21,441.54,88.75,203.82,-1,-1,-1,-1
68,2,290.34,441.21,86.24,204.97,-1,-1,-1,-1
69,2,294.61,440.84,88.39,204.46,-1,-1,-1,-1
70,2,297.65,441.20,88.51,205.24,-1,-1,-1,-1
71,2,303.61,441.16,88.41,203.29,-1,-1,-1,-1
72,2,309.95,442.24,87.54,200.63,-1,-1,-1,-1
73,2,313.39,442.43,84.76,201.94,-1,-1,-1,-1
74,2,319.55,442.36,84.53,201.36,-1,-1,-1,-1
75,2,322.87,443.35,83.82,199.31,-1,-1,-1,-1
76,2,329.15,442.32,82.42,201.18,-1,-1,-1,-1
77,2,332.00,442.83,82.72,202.30,-1,-1,-1,-1
78,2,336.28,442.76,84.38,200.48,-1,-1,-1,-1
79,2,338.27,442.66,85.63,200.35,-1,-1,-1,-1
80,2,345.50,442.24,83.26,202.00,-1,-1,-1,-1
81,2,348.38,442.82,83.45,200.12,-1,-1,-1,-1
82,2,352.45,444.15,86.00,198.17,-1,-1,-1,-1
83,2,356.22,443.23,83.20,200.11,-1,-1,-1,-1
84,2,360.66,442.87,85.75,199.75,-1,-1,-1,-1
85,2,366.58,442.71,86.17,200.33,-1,-1,-1,-1
86,2,370.12,442.23,85.68,200.88,-1,-1,-1,-1
87,2,376.37,442.60,83.76,200.94,-1,-1,-1,-1
88,2,378.85,442.86,85.11,199.94,-1,-1,-1,-1
89,2,383.61,442.70,86.34,200.72,-1,-1,-1,-1
90,2,387.95,443.04,83.26,199.75,-1,-1,-1,-1
91,2,393.50,443.60,83.71,199.81,-1,-1,-1,-1
92,2,397.03,442.51,82.28,201.45,-1,-1,-1,-1
93,2,401.10,442.86,85.25,200.70,-1,-1,-1,-1
94,2,404.50,442.76,83.05,199.87,-1,-1,-1,-1
95,2,409.18,443.22,85.58,200.08,-1,-1,-1,-1
96,2,416.22,443.25,83.39,199.39,-1,-1,-1,-1
97,2,418.94,443.08,84.38,200.29,-1,-1,-1,-1
98,2,423.53,442.46,85.40,200.58,-1,-1,-1,-1
99,2,427.67,441.91,83.91,202.13,-1,-1,-1,-1
100,2,431.98,442.11,85.32,201.56,-1,-1,-1,-1
101,2,436.32,442.47,83.17,200.26,-1,-1,-1,-1
102,2,440.46,442.54,85.47,201.65,-1,-1,-1,-1
103,2,444.67,442.05,82.73,202.33,-1,-1,-1,-1
104,2,448.38,443.35,86.61,198.76,-1,-1,-1,-1
105,2,451.25,441.91,85.51,202.20,-1,-1,-1,-1
106,2,458.17,442.38,84.65,201.90,-1,-1,-1,-1
107,2,463.99,442.35,84.58,200.98,-1,-1,-1,-1
108,2,465.97,442.45,86.03,200.45,-1,-1,-1,-1
109,2,472.79,442.75,84.40,201.12,-1,-1,-1,-1
110,2,475.07,442.67,85.13,201.34,-1,-1,-1,-1
111,2,480.49,443.51,84.80,199.33,-1,-1,-1,-1
112,2,484.57,442.53,82.32,200.88,-1,-1,-1,-1
113,2,488.34,441.94,85.55,201.07,-1,-1,-1,-1
114,2,491.94,442.35,84.53,201.21,-1,-1,-1,-1
115,2,496.88,442.93,86.05,199.43,-1,-1,-1,-1
116,2,503.52,442.76,84.69,199.53,-1,-1,-1,-1
117,2,506.30,442.67,85.45,201.04,-1,-1,-1,-1
118,2,513.14,443.01,82.37,199.43,-1,-1,-1,-1
119,2,514.81,442.55,84.90,198.81,-1,-1,-1,-1
120,2,520.13,441.95,84.40,200.79,-1,-1,-1,-1
121,2,524.83,442.47,82.35,200.16,-1,-1,-1,-1
122,2,530.66,442.89,82.38,198.68,-1,-1,-1,-1
123,2,533.16,442.23,81.67,199.96,-1,-1,-1,-1
124,2,537.14,443.08,84.81,200.02,-1,-1,-1,-1
125,2,540.19,443.56,84.28,198.69,-1,-1,-1,-1
126,2,546.44,443.39,83.41,198.90,-1,-1,-1,-1
127,2,553.40,442.79,80.77,199.74,-1,-1,-1,-1
128,2,555.20,442.96,83.16,199.61,-1,-1,-1,-1
129,2,560.67,442.59,83.67,198.96,-1,-1,-1,-1
130,2,564.19,443.10,82.51,197.61,-1,-1,-1,-1
131,2,569.96,443.50,81.85,199.00,-1,-1,-1,-1
132,2,573.14,442.60,81.63,199.81,-1,-1,-1,-1
133,2,576.46,443.99,84.55,197.25,-1,-1,-1,-1
134,2,581.37,443.48,80.63,200.06,-1,-1,-1,-1
135,2,585.04,442.91,85.02,199.90,-1,-1,-1,-1
136,2,592.15,443.19,83.34,198.43,-1,-1,-1,-1
137,2,594.88,443.11,83.56,198.81,-1,-1,-1,-1
138,2,600.24,442.60,83.28,200.00,-1,-1,-1,-1
139,2,603.87,442.59,82.91,200.83,-1,-1,-1,-1
140,2,608.63,443.98,83.06,197.56,-1,-1,-1,-1
141,2,612.49,443.34,82.02,199.02,-1,-1,-1,-1
142,2,616.55,442.69,84.67,200.44,-1,-1,-1,-1
143,2,620.82,443.32,82.50,199.34,-1,-1,-1,-1
144,2,625.63,443.92,85.07,197.62,-1,-1,-1,-1
145,2,631.87,443.03,83.67,198.49,-1,-1,-1,-1
146,2,633.92,443.54,85.24,198.78,-1,-1,-1,-1
147,2,639.38,443.81,85.01,197.95,-1,-1,-1,-1
148,2,642.44,444.47,84.17,197.25,-1,-1,-1,-1
149,2,647.65,443.25,85.39,198.56,-1,-1,-1,-1
150,2,651.78,442.85,83.46,199.42,-1,-1,-1,-1
151,2,656.64,444.40,85.01,196.19,-1,-1,-1,-1
152,2,660.60,443.75,82.13,197.65,-1,-1,-1,-1
153,2,665.12,444.52,84.47,197.29,-1,-1,-1,-1
154,2,668.84,444.31,82.62,197.84,-1,-1,-1,-1
155,2,673.58,445.56,84.55,195.78,-1,-1,-1,-1
156,2,677.45,444.02,81.58,198.37,-1,-1,-1,-1
157,2,684.01,445.06,81.33,198.10,-1,-1,-1,-1
158,2,689.74,444.37,81.49,197.37,-1,-1,-1,-1
159,2,697.97,445.53,79.91,194.99,-1,-1,-1,-1
160,2,700.49,445.63,78.69,193.70,-1,-1,-1,-1
161,2,703.01,445.03,78.56,196.79,-1,-1,-1,-1
162,2,707.29,446.20,81.19,194.35,-1,-1,-1,-1
163,2,713.83,445.12,80.57,197.76,-1,-1,-1,-1
164,2,716.37,444.31,82.40,199.54,-1,-1,-1,-1
165,2,721.97,443.92,81.97,200.32,-1,-1,-1,-1
166,2,723.90,444.73,84.36,198.97,-1,-1,-1,-1
167,2,728.86,444.50,83.85,198.32,-1,-1,-1,-1
168,2,733.41,444.54,81.44,198.77,-1,-1,-1,-1
169,2,737.65,444.48,83.82,196.55,-1,-1,-1,-1
170,2,740.94,444.55,82.25,197.38,-1,-1,-1,-1
171,2,746.63,445.51,82.60,195.95,-1,-1,-1,-1
172,2,748.02,444.22,84.53,198.05,-1,-1,-1,-1
173,2,753.82,444.69,84.59,196.30,-1,-1,-1,-1
174,2,761.10,443.42,82.00,198.77,-1,-1,-1,-1
175,2,762.85,444.50,84.42,199.55,-1,-1,-1,-1
176,2,767.98,444.20,84.48,198.53,-1,-1,-1,-1
177,2,771.08,444.64,83.57,197.25,-1,-1,-1,-1
178,2,772.66,443.08,83.03,199.92,-1,-1,-1,-1
179,2,779.04,443.03,84.03,200.47,-1,-1,-1,-1
180,2,784.55,443.40,84.00,198.71,-1,-1,-1,-1
181,2,789.05,443.47,81.21,198.06,-1,-1,-1,-1
182,2,794.04,443.32,81.70,199.73,-1,-1,-1,-1
183,2,795.41,442.41,85.36,203.76,-1,-1,-1,-1
184,2,802.30,442.62,84.23,200.03,-1,-1,-1,-1
185,2,807.89,442.22,84.78,200.24,-1,-1,-1,-1
186,2,811.19,443.01,84.19,199.61,-1,-1,-1,-1
187,2,816.52,443.73,83.84,197.56,-1,-1,-1,-1
188,2,818.50,444.16,86.00,196.12,-1,-1,-1,-1
189,2,824.03,443.95,84.85,197.87,-1,-1,-1,-1
190,2,828.48,443.92,83.00,196.55,-1,-1,-1,-1
191,2,832.93,444.12,84.59,196.37,-1,-1,-1,-1
192,2,837.33,443.80,81.29,196.69,-1,-1,-1,-1
193,2,843.49,445.11,79.88,196.01,-1,-1,-1,-1
194,2,851.50,444.04,77.10,197.26,-1,-1,-1,-1
195,2,852.89,444.86,81.16,195.46,-1,-1,-1,-1
196,2,851.59,442.68,84.78,200.40,-1,-1,-1,-1
197,2,855.71,443.26,87.35,199.72,-1,-1,-1,-1
198,2,860.12,442.98,84.01,199.90,-1,-1,-1,-1
199,2,865.14,443.79,86.57,197.60,-1,-1,-1,-1
200,2,871.13,443.82,85.93,196.90,-1,-1,-1,-1
201,2,875.32,444.32,85.02,197.08,-1,-1,-1,-1
202,2,881.64,445.25,84.70,195.57,-1,-1,-1,-1
203,2,888.50,445.54,83.01,193.16,-1,-1,-1,-1
204,2,890.47,445.03,85.25,195.44,-1,-1,-1,-1
205,2,895.58,444.26,86.04,197.17,-1,-1,-1,-1
206,2,897.81,445.12,86.95,194.98,-1,-1,-1,-1
207,2,903.18,444.74,86.55,195.82,-1,-1,-1,-1
208,2,907.00,444.58,85.50,196.96,-1,-1,-1,-1
209,2,911.46,444.40,86.86,197.62,-1,-1,-1,-1
210,2,915.30,444.75,84.88,196.31,-1,-1,-1,-1
211,2,920.38,444.63,84.57,197.17,-1,-1,-1,-1
212,2,923.28,444.13,84.99,199.55,-1,-1,-1,-1
213,2,927.90,445.23,85.61,197.35,-1,-1,-1,-1
214,2,932.20,446.35,82.62,195.57,-1,-1,-1,-1
215,2,937.12,445.70,83.44,197.77,-1,-1,-1,-1
216,2,940.23,445.39,83.71,197.14,-1,-1,-1,-1
217,2,947.24,445.20,82.30,195.81,-1,-1,-1,-1
218,2,953.08,444.49,81.83,197.23,-1,-1,-1,-1
219,2,955.86,443.95,82.27,200.67,-1,-1,-1,-1
220,2,958.04,444.88,79.39,198.44,-1,-1,-1,-1
221,2,964.94,445.45,75.82,196.43,-1,-1,-1,-1
222,2,968.11,443.62,72.64,198.82,-1,-1,-1,-1
223,2,969.53,445.58,72.31,196.71,-1,-1,-1,-1
224,2,974.90,445.57,71.25,195.65,-1,-1,-1,-1
225,2,976.79,445.99,70.74,193.92,-1,-1,-1,-1
226,2,978.55,453.00,68.06,182.98,-1,-1,-1,-1
227,2,978.84,451.48,68.69,185.18,-1,-1,-1,-1
228,2,985.13,448.62,68.33,190.26,-1,-1,-1,-1
1,3,372.70,434.94,79.52,204.02,-1,-1,-1,-1
2,3,376.92,436.60,85.25,200.72,-1,-1,-1,-1
3,3,378.41,435.11,85.71,202.99,-1,-1,-1,-1
4,3,384.30,435.44,86.90,202.98,-1,-1,-1,-1
5,3,384.18,434.46,89.98,204.19,-1,-1,-1,-1
6,3,390.25,433.74,90.48,205.06,-1,-1,-1,-1
7,3,392.04,432.78,90.69,206.83,-1,-1,-1,-1
8,3,399.96,431.60,88.01,209.62,-1,-1,-1,-1
9,3,407.18,432.27,86.94,208.42,-1,-1,-1,-1
10,3,407.52,433.68,90.43,205.06,-1,-1,-1,-1
11,3,414.49,433.63,88.87,206.51,-1,-1,-1,-1
12,3,415.70,433.44,90.27,206.09,-1,-1,-1,-1
13,3,422.32,433.38,89.49,206.64,-1,-1,-1,-1
14,3,423.30,431.59,91.46,209.13,-1,-1,-1,-1
15,3,430.62,432.50,90.72,207.83,-1,-1,-1,-1
16,3,437.99,433.22,89.42,207.14,-1,-1,-1,-1
17,3,438.61,433.85,92.05,205.43,-1,-1,-1,-1
18,3,445.96,433.23,89.58,207.30,-1,-1,-1,-1
19,3,447.13,432.38,90.29,208.58,-1,-1,-1,-1
20,3,449.10,433.33,88.47,205.99,-1,-1,-1,-1
21,3,454.84,431.69,89.86,209.14,-1,-1,-1,-1
22,3,461.29,432.40,91.93,208.50,-1,-1,-1,-1
23,3,464.28,432.01,89.98,208.74,-1,-1,-1,-1
24,3,470.84,431.24,88.68,209.90,-1,-1,-1,-1
25,3,472.72,431.37,88.91,209.54,-1,-1,-1,-1
26,3,478.61,430.95,88.91,211.34,-1,-1,-1,-1
27,3,480.47,431.91,89.03,208.79,-1,-1,-1,-1
28,3,485.87,431.76,91.67,208.48,-1,-1,-1,-1
29,3,493.89,430.71,89.85,211.34,-1,-1,-1,-1
30,3,495.69,431.44,90.57,209.15,-1,-1,-1,-1
31,3,503.03,432.61,87.99,207.94,-1,-1,-1,-1
32,3,503.61,432.01,90.17,208.15,-1,-1,-1,-1
33,3,510.72,431.52,88.27,210.26,-1,-1,-1,-1
34,3,512.31,432.66,88.66,207.61,-1,-1,-1,-1
35,3,518.82,431.71,88.30,209.55,-1,-1,-1,-1
36,3,521.18,430.50,87.74,211.02,-1,-1,-1,-1
37,3,527.02,430.62,89.90,210.87,-1,-1,-1,-1
38,3,534.17,432.13,88.92,208.88,-1,-1,-1,-1
39,3,535.04,431.57,91.24,209.21,-1,-1,-1,-1
40,3,542.54,429.87,88.33,213.08,-1,-1,-1,-1
41,3,543.24,430.86,90.25,211.31,-1,-1,-1,-1
42,3,549.44,431.93,90.89,209.71,-1,-1,-1,-1
43,3,550.72,430.76,92.18,210.71,-1,-1,-1,-1
44,3,556.71,428.92,92.70,214.53,-1,-1,-1,-1
45,3,559.44,428.82,90.69,215.04,-1,-1,-1,-1
46,3,566.17,430.89,89.72,210.96,-1,-1,-1,-1
47,3,568.16,431.20,89.62,210.70,-1,-1,-1,-1
48,3,573.66,431.61,91.44,210.23,-1,-1,-1,-1
49,3,575.33,432.15,92.06,208.26,-1,-1,-1,-1
50,3,582.68,431.28,89.35,210.54,-1,-1,-1,-1
51,3,588.83,430.45,91.42,212.30,-1,-1,-1,-1
52,3,592.86,429.61,87.72,213.77,-1,-1,-1,-1
53,3,598.09,433.12,90.29,207.34,-1,-1,-1,-1
54,3,599.04,431.96,91.62,209.25,-1,-1,-1,-1
55,3,606.05,428.92,89.68,215.95,-1,-1,-1,-1
56,3,607.67,430.95,90.19,211.44,-1,-1,-1,-1
57,3,614.39,431.27,90.40,210.07,-1,-1,-1,-1
58,3,620.33,430.33,92.24,212.68,-1,-1,-1,-1
59,3,621.86,429.07,92.87,214.88,-1,-1,-1,-1
60,3,627.53,432.56,94.91,208.39,-1,-1,-1,-1
61,3,628.42,431.10,95.51,210.90,-1,-1,-1,-1
62,3,634.74,431.43,96.22,210.90,-1,-1,-1,-1
63,3,636.20,430.80,96.92,211.76,-1,-1,-1,-1
64,3,643.14,431.20,96.70,210.17,-1,-1,-1,-1
65,3,644.09,430.76,98.12,210.97,-1,-1,-1,-1
66,3,653.05,430.54,92.73,212.14,-1,-1,-1,-1
67,3,654.82,430.11,92.55,212.40,-1,-1,-1,-1
68,3,658.96,433.62,97.70,206.15,-1,-1,-1,-1
69,3,667.87,431.98,93.85,209.66,-1,-1,-1,-1
70,3,671.22,432.14,90.50,208.41,-1,-1,-1,-1
71,3,678.94,432.87,87.37,207.65,-1,-1,-1,-1
72,3,680.40,431.27,88.35,210.22,-1,-1,-1,-1
73,3,686.82,431.50,87.71,210.55,-1,-1,-1,-1
74,3,688.16,433.40,90.09,206.13,-1,-1,-1,-1
75,3,694.72,433.72,88.59,206.37,-1,-1,-1,-1
76,3,696.66,433.40,88.90,206.24,-1,-1,-1,-1
77,3,702.27,433.96,89.56,205.92,-1,-1,-1,-1
78,3,703.67,434.79,91.26,203.83,-1,-1,-1,-1
79,3,710.33,434.87,90.01,203.86,-1,-1,-1,-1
80,3,713.01,432.95,89.08,207.03,-1,-1,-1,-1
81,3,719.80,433.86,87.89,205.71,-1,-1,-1,-1
82,3,725.77,436.47,90.18,201.21,-1,-1,-1,-1
83,3,727.49,435.72,90.46,201.70,-1,-1,-1,-1
84,3,733.83,435.35,90.81,203.49,-1,-1,-1,-1
85,3,735.62,435.89,90.97,201.65,-1,-1,-1,-1
86,3,742.78,434.47,87.23,204.64,-1,-1,-1,-1
87,3,744.48,433.77,88.76,205.11,-1,-1,-1,-1
88,3,750.48,435.16,90.95,203.10,-1,-1,-1,-1
89,3,757.06,436.33,91.68,201.16,-1,-1,-1,-1
90,3,759.09,435.29,90.32,202.35,-1,-1,-1,-1
91,3,761.14,434.24,89.05,204.53,-1,-1,-1,-1
92,3,767.09,435.43,90.10,202.72,-1,-1,-1,-1
93,3,774.40,435.42,88.26,202.93,-1,-1,-1,-1
94,3,775.03,434.84,91.35,203.24,-1,-1,-1,-1
95,3,782.65,434.71,89.74,203.89,-1,-1,-1,-1
96,3,783.98,435.93,91.38,201.02,-1,-1,-1,-1
97,3,790.19,436.32,91.60,200.46,-1,-1,-1,-1
98,3,792.67,434.21,89.80,204.13,-1,-1,-1,-1
99,3,798.97,434.64,89.57,203.65,-1,-1,-1,-1
100,3,805.22,434.87,91.31,203.46,-1,-1,-1,-1
101,3,807.36,434.99,90.32,202.75,-1,-1,-1,-1
102,3,814.94,434.77,87.30,204.12,-1,-1,-1,-1
103,3,817.45,435.16,86.73,203.01,-1,-1,-1,-1
104,3,822.91,436.69,88.62,200.21,-1,-1,-1,-1
105,3,824.40,434.67,89.47,203.10,-1,-1,-1,-1
106,3,830.62,435.87,88.97,201.80,-1,-1,-1,-1
107,3,832.49,435.80,89.87,201.04,-1,-1,-1,-1
108,3,838.70,435.05,89.81,202.71,-1,-1,-1,-1
109,3,840.53,435.28,90.28,202.38,-1,-1,-1,-1
110,3,847.89,435.86,88.46,201.53,-1,-1,-1,-1
111,3,854.52,437.71,88.98,198.91,-1,-1,-1,-1
112,3,855.50,436.27,90.55,200.89,-1,-1,-1,-1
113,3,861.51,436.62,90.30,201.19,-1,-1,-1,-1
114,3,863.54,436.85,90.97,200.03,-1,-1,-1,-1
115,3,870.62,436.88,88.35,200.42,-1,-1,-1,-1
116,3,871.58,436.47,90.67,200.34,-1,-1,-1,-1
117,3,879.31,436.98,88.43,200.05,-1,-1,-1,-1
118,3,881.38,437.19,88.31,198.71,-1,-1,-1,-1
119,3,887.47,436.58,88.00,201.00,-1,-1,-1,-1
120,3,893.69,436.86,89.65,200.55,-1,-1,-1,-1
121,3,895.99,436.65,89.20,200.18,-1,-1,-1,-1
122,3,902.26,437.43,89.36,199.65,-1,-1,-1,-1
123,3,904.35,437.45,88.63,199.14,-1,-1,-1,-1
124,3,912.34,437.57,86.29,199.19,-1,-1,-1,-1
125,3,915.63,438.89,83.33,195.47,-1,-1,-1,-1
126,3,921.73,438.23,83.45,197.79,-1,-1,-1,-1
127,3,922.48,438.30,84.79,196.82,-1,-1,-1,-1
128,3,930.58,444.11,80.53,197.38,-1,-1,-1,-1
129,3,930.54,437.90,84.53,197.76,-1,-1,-1,-1
130,3,936.51,439.91,86.03,194.18,-1,-1,-1,-1
131,3,937.98,439.57,86.50,195.03,-1,-1,-1,-1
132,3,944.99,439.71,85.83,195.01,-1,-1,-1,-1
133,3,952.45,446.48,84.67,191.84,-1,-1,-1,-1
134,3,953.47,447.69,87.44,190.72,-1,-1,-1,-1
135,3,960.29,445.80,86.04,193.96,-1,-1,-1,-1
136,3,963.22,445.08,84.47,194.84,-1,-1,-1,-1
137,3,969.63,439.14,82.30,197.50,-1,-1,-1,-1
138,3,969.97,438.75,82.32,197.75,-1,-1,-1,-1
139,3,972.45,445.81,80.35,193.03,-1,-1,-1,-1
140,3,975.56,439.91,75.02,195.16,-1,-1,-1,-1
141,3,981.10,440.39,75.60,192.29,-1,-1,-1,-1
142,3,982.11,439.21,76.91,194.27,-1,-1,-1,-1
143,3,983.84,435.99,74.12,185.60,-1,-1,-1,-1
29,4,1888.02,414.86,83.44,228.30,-1,-1,-1,-1
30,4,1883.68,414.73,84.70,228.30,-1,-1,-1,-1
31,4,1875.06,428.85,73.57,213.51,-1,-1,-1,-1
32,4,1873.40,431.36,71.54,207.54,-1,-1,-1,-1
33,4,1871.23,431.86,72.69,206.37,-1,-1,-1,-1
34,4,1869.14,432.10,74.45,206.26,-1,-1,-1,-1
35,4,1867.70,432.50,76.45,205.55,-1,-1,-1,-1
36,4,1861.38,432.12,80.95,206.04,-1,-1,-1,-1
37,4,1857.34,434.66,80.26,202.00,-1,-1,-1,-1
38,4,1854.55,434.35,81.31,202.79,-1,-1,-1,-1
39,4,1853.76,434.62,81.66,202.28,-1,-1,-1,-1
40,4,1846.30,434.64,79.59,203.37,-1,-1,-1,-1
41,4,1842.95,434.29,80.13,202.80,-1,-1,-1,-1
42,4,1838.03,433.91,80.67,204.25,-1,-1,-1,-1
43,4,1828.98,433.85,81.03,203.69,-1,-1,-1,-1
44,4,1826.33,434.62,81.11,203.42,-1,-1,-1,-1
45,4,1818.80,434.41,84.23,203.62,-1,-1,-1,-1
46,4,1818.42,434.70,80.20,202.93,-1,-1,-1,-1
47,4,1811.04,434.15,82.45,204.15,-1,-1,-1,-1
48,4,1805.05,433.37,81.77,205.23,-1,-1,-1,-1
49,4,1803.35,434.19,80.86,204.07,-1,-1,-1,-1
50,4,1796.55,433.05,82.69,205.15,-1,-1,-1,-1
51,4,1795.15,433.54,80.45,204.81,-1,-1,-1,-1
52,4,1787.82,433.75,82.54,203.90,-1,-1,-1,-1
53,4,1785.96,434.18,82.49,203.75,-1,-1,-1,-1
54,4,1779.36,433.51,84.47,204.32,-1,-1,-1,-1
55,4,1778.91,433.78,80.76,204.34,-1,-1,-1,-1
56,4,1771.62,433.61,82.71,204.83,-1,-1,-1,-1
57,4,1768.65,433.48,83.74,205.07,-1,-1,-1,-1
58,4,1764.22,434.39,81.04,203.16,-1,-1,-1,-1
59,4,1756.47,433.11,83.19,204.50,-1,-1,-1,-1
60,4,1755.58,434.22,80.52,203.41,-1,-1,-1,-1
61,4,1748.41,433.24,83.45,205.10,-1,-1,-1,-1
62,4,1746.37,433.49,82.52,205.18,-1,-1,-1,-1
63,4,1738.86,433.14,85.85,206.18,-1,-1,-1,-1
64,4,1737.81,433.86,82.82,205.17,-1,-1,-1,-1
65,4,1732.28,434.27,81.88,203.82,-1,-1,-1,-1
66,4,1730.41,433.33,80.29,205.22,-1,-1,-1,-1
67,4,1722.69,433.39,84.40,205.00,-1,-1,-1,-1
68,4,1720.67,433.31,84.22,205.25,-1,-1,-1,-1
69,4,1716.39,433.88,81.06,203.75,-1,-1,-1,-1
70,4,1708.20,432.65,83.40,206.20,-1,-1,-1,-1
71,4,1706.81,433.49,81.77,204.99,-1,-1,-1,-1
72,4,1700.83,432.16,81.57,206.61,-1,-1,-1,-1
73,4,1698.72,432.66,80.29,206.31,-1,-1,-1,-1
74,4,1692.15,433.36,82.45,204.62,-1,-1,-1,-1
75,4,1689.86,433.33,82.71,205.48,-1,-1,-1,-1
76,4,1684.48,433.30,81.37,205.29,-1,-1,-1,-1
77,4,1681.05,432.49,83.82,207.20,-1,-1,-1,-1
78,4,1675.78,433.69,82.42,204.82,-1,-1,-1,-1
79,4,1673.54,433.47,82.60,205.04,-1,-1,-1,-1
80,4,1668.43,434.80,79.56,202.76,-1,-1,-1,-1
81,4,1662.92,434.15,77.86,203.26,-1,-1,-1,-1
82,4,1660.41,434.79,78.65,202.97,-1,-1,-1,-1
83,4,1654.07,434.22,79.55,203.19,-1,-1,-1,-1
84,4,1652.69,433.97,77.66,204.37,-1,-1,-1,-1
85,4,1645.39,434.08,79.66,203.80,-1,-1,-1,-1
86,4,1643.14,434.47,80.03,203.67,-1,-1,-1,-1
87,4,1636.02,434.93,81.57,202.29,-1,-1,-1,-1
88,4,1632.78,433.65,83.24,204.97,-1,-1,-1,-1
89,4,1628.37,435.10,80.89,202.43,-1,-1,-1,-1
90,4,1621.21,433.64,81.39,204.79,-1,-1,-1,-1
91,4,1618.92,434.16,82.99,204.15,-1,-1,-1,-1
92,4,1611.70,434.26,84.66,203.98,-1,-1,-1,-1
93,4,1611.42,435.50,80.15,201.73,-1,-1,-1,-1
94,4,1604.15,434.68,83.68,203.02,-1,-1,-1,-1
95,4,1601.72,434.09,82.63,204.95,-1,-1,-1,-1
96,4,1594.96,434.79,85.07,203.08,-1,-1,-1,-1
97,4,1593.40,434.29,83.20,203.98,-1,-1,-1,-1
98,4,1587.52,434.18,83.68,204.46,-1,-1,-1,-1
99,4,1584.18,433.43,85.15,206.08,-1,-1,-1,-1
100,4,1580.15,435.07,81.44,202.71,-1,-1,-1,-1
101,4,1577.39,434.47,82.58,203.69,-1,-1,-1,-1
102,4,1570.54,434.07,83.46,204.64,-1,-1,-1,-1
103,4,1562.90,433.91,86.57,204.65,-1,-1,-1,-1
104,4,1560.57,435.03,86.38,202.90,-1,-1,-1,-1
105,4,1554.40,433.58,86.34,205.58,-1,-1,-1,-1
106,4,1552.71,433.02,85.48,207.78,-1,-1,-1,-1
107,4,1548.00,434.47,82.35,204.32,-1,-1,-1,-1
108,4,1545.70,434.30,82.65,203.94,-1,-1,-1,-1
109,4,1540.97,435.26,80.79,202.20,-1,-1,-1,-1
110,4,1536.72,433.72,83.28,204.91,-1,-1,-1,-1
111,4,1531.04,435.47,84.08,202.26,-1,-1,-1,-1
112,4,1528.54,433.51,83.64,204.60,-1,-1,-1,-1
113,4,1524.15,434.51,80.43,203.73,-1,-1,-1,-1
114,4,1519.90,432.93,85.18,206.86,-1,-1,-1,-1
115,4,1513.66,433.82,85.46,204.88,-1,-1,-1,-1
116,4,1509.00,434.82,82.08,202.37,-1,-1,-1,-1
117,4,1504.78,433.29,84.59,206.14,-1,-1,-1,-1
118,4,1500.85,434.25,81.30,203.81,-1,-1,-1,-1
119,4,1497.92,433.09,82.34,205.88,-1,-1,-1,-1
120,4,1491.04,433.74,84.39,204.85,-1,-1,-1,-1
121,4,1488.91,434.33,83.53,204.47,-1,-1,-1,-1
122,4,1483.00,434.23,83.61,204.40,-1,-1,-1,-1
123,4,1480.78,434.32,83.04,203.98,-1,-1,-1,-1
124,4,1474.61,434.50,83.68,203.92,-1,-1,-1,-1
125,4,1468.82,435.48,82.36,201.52,-1,-1,-1,-1
126,4,1466.90,435.41,80.83,202.39,-1,-1,-1,-1
127,4,1460.02,434.57,83.48,203.42,-1,-1,-1,-1
128,4,1456.90,434.75,84.10,204.00,-1,-1,-1,-1
129,4,1451.61,435.52,83.55,201.73,-1,-1,-1,-1
130,4,1449.82,434.78,81.01,202.56,-1,-1,-1,-1
131,4,1444.28,435.09,81.10,203.32,-1,-1,-1,-1
132,4,1435.89,434.64,84.09,202.95,-1,-1,-1,-1
133,4,1434.48,435.02,82.07,202.97,-1,-1,-1,-1
134,4,1428.97,434.53,82.48,203.16,-1,-1,-1,-1
135,4,1426.85,434.41,81.77,204.96,-1,-1,-1,-1
136,4,1420.71,434.64,82.55,204.01,-1,-1,-1,-1
137,4,1416.98,434.17,84.67,204.49,-1,-1,-1,-1
138,4,1412.74,435.71,81.17,201.42,-1,-1,-1,-1
139,4,1410.17,434.25,80.10,204.77,-1,-1,-1,-1
140,4,1402.80,434.60,84.37,203.74,-1,-1,-1,-1
141,4,1401.60,434.58,81.36,203.70,-1,-1,-1,-1
142,4,1395.21,433.99,82.95,205.22,-1,-1,-1,-1
143,4,1389.30,434.60,81.73,203.67,-1,-1,-1,-1
144,4,1386.45,434.27,83.68,204.59,-1,-1,-1,-1
145,4,1379.38,433.84,85.35,204.78,-1,-1,-1,-1
146,4,1377.91,433.86,82.86,204.99,-1,-1,-1,-1
147,4,1370.50,434.35,85.21,203.55,-1,-1,-1,-1
148,4,1369.40,434.45,82.98,204.12,-1,-1,-1,-1
149,4,1363.30,434.52,84.48,204.09,-1,-1,-1,-1
150,4,1360.86,434.55,83.43,204.65,-1,-1,-1,-1
151,4,1355.80,435.48,82.58,202.72,-1,-1,-1,-1
152,4,1353.30,434.85,82.07,203.38,-1,-1,-1,-1
153,4,1347.26,435.07,82.25,203.43,-1,-1,-1,-1
154,4,1340.86,435.60,82.52,202.00,-1,-1,-1,-1
155,4,1337.67,435.10,84.28,203.09,-1,-1,-1,-1
156,4,1332.24,436.32,82.93,201.12,-1,-1,-1,-1
157,4,1328.43,434.95,84.89,204.07,-1,-1,-1,-1
158,4,1323.87,436.41,82.98,200.94,-1,-1,-1,-1
159,4,1321.29,436.04,83.09,201.82,-1,-1,-1,-1
160,4,1314.84,436.78,83.35,201.10,-1,-1,-1,-1
161,4,1312.97,436.54,82.75,201.22,-1,-1,-1,-1
162,4,1306.44,436.34,84.90,200.80,-1,-1,-1,-1
163,4,1305.34,437.56,81.95,198.83,-1,-1,-1,-1
164,4,1299.66,436.73,82.15,201.07,-1,-1,-1,-1
165,4,1296.27,436.23,83.94,202.14,-1,-1,-1,-1
166,4,1291.34,436.52,82.16,201.19,-1,-1,-1,-1
167,4,1284.88,437.31,81.86,200.08,-1,-1,-1,-1
168,4,1281.76,436.86,82.97,201.72,-1,-1,-1,-1
169,4,1275.73,437.45,84.17,199.63,-1,-1,-1,-1
170,4,1273.69,437.51,81.91,199.68,-1,-1,-1,-1
171,4,1267.63,436.16,83.28,202.79,-1,-1,-1,-1
172,4,1265.63,436.73,82.02,201.19,-1,-1,-1,-1
173,4,1259.32,436.09,83.71,202.19,-1,-1,-1,-1
174,4,1253.52,436.73,81.29,200.41,-1,-1,-1,-1
175,4,1251.05,436.75,81.25,201.73,-1,-1,-1,-1
176,4,1243.48,437.86,84.20,199.23,-1,-1,-1,-1
177,4,1240.30,438.06,83.53,199.12,-1,-1,-1,-1
178,4,1234.28,437.53,84.71,199.82,-1,-1,-1,-1
179,4,1232.30,437.70,83.58,199.13,-1,-1,-1,-1
180,4,1226.96,439.03,82.41,196.51,-1,-1,-1,-1
181,4,1221.78,437.99,80.66,199.20,-1,-1,-1,-1
182,4,1219.93,438.50,79.98,198.92,-1,-1,-1,-1
183,4,1214.54,437.68,79.74,200.63,-1,-1,-1,-1
184,4,1212.27,438.51,78.12,199.09,-1,-1,-1,-1
185,4,1206.09,437.21,79.13,200.30,-1,-1,-1,-1
186,4,1204.06,437.21,78.70,199.79,-1,-1,-1,-1
187,4,1195.71,437.30,80.98,198.97,-1,-1,-1,-1
188,4,1193.83,436.71,83.06,199.70,-1,-1,-1,-1
189,4,1187.80,436.16,82.44,201.83,-1,-1,-1,-1
190,4,1184.91,437.23,84.06,199.05,-1,-1,-1,-1
191,4,1177.88,438.94,84.04,197.34,-1,-1,-1,-1
192,4,1172.26,437.48,82.64,199.81,-1,-1,-1,-1
193,4,1170.10,437.76,81.45,198.51,-1,-1,-1,-1
194,4,1164.90,437.75,79.94,197.10,-1,-1,-1,-1
195,4,1163.60,437.65,78.59,196.81,-1,-1,-1,-1
196,4,1157.38,437.90,79.03,196.90,-1,-1,-1,-1
197,4,1154.94,437.77,78.90,198.34,-1,-1,-1,-1
198,4,1148.57,437.79,80.17,198.54,-1,-1,-1,-1
199,4,1144.79,438.03,83.16,198.71,-1,-1,-1,-1
200,4,1140.21,438.59,79.28,197.44,-1,-1,-1,-1
201,4,1133.64,438.40,80.36,198.38,-1,-1,-1,-1
202,4,1128.99,438.93,83.40,196.90,-1,-1,-1,-1
203,4,1123.76,438.58,82.57,197.18,-1,-1,-1,-1
204,4,1121.94,437.89,82.16,199.16,-1,-1,-1,-1
205,4,1114.52,438.14,86.08,198.95,-1,-1,-1,-1
206,4,1113.63,438.86,83.18,197.88,-1,-1,-1,-1
207,4,1107.30,437.99,84.57,199.80,-1,-1,-1,-1
208,4,1105.67,437.98,83.77,200.61,-1,-1,-1,-1
209,4,1100.56,438.53,83.37,198.22,-1,-1,-1,-1
210,4,1098.98,438.44,80.68,198.34,-1,-1,-1,-1
211,4,1093.61,438.79,80.53,198.31,-1,-1,-1,-1
212,4,1089.88,438.57,81.97,198.93,-1,-1,-1,-1
213,4,1084.48,438.84,81.77,197.28,-1,-1,-1,-1
214,4,1081.35,438.61,81.64,197.87,-1,-1,-1,-1
215,4,1075.29,437.30,82.82,200.45,-1,-1,-1,-1
216,4,1069.20,438.44,81.80,197.40,-1,-1,-1,-1
217,4,1066.68,438.81,80.38,196.75,-1,-1,-1,-1
218,4,1060.86,439.45,80.18,195.83,-1,-1,-1,-1
219,4,1055.29,440.00,78.01,193.96,-1,-1,-1,-1
220,4,1053.81,440.95,75.78,193.33,-1,-1,-1,-1
221,4,1048.22,439.24,76.19,195.46,-1,-1,-1,-1
222,4,1045.44,440.41,75.20,192.13,-1,-1,-1,-1
223,4,1039.14,439.52,76.19,193.70,-1,-1,-1,-1
224,4,1037.23,439.36,75.01,195.02,-1,-1,-1,-1
225,4,1030.87,438.14,76.91,197.23,-1,-1,-1,-1
226,4,1028.77,438.27,76.92,197.40,-1,-1,-1,-1
227,4,1023.81,438.25,75.17,196.11,-1,-1,-1,-1
228,4,1015.28,438.93,76.05,195.99,-1,-1,-1,-1
229,4,1014.15,438.86,75.73,194.84,-1,-1,-1,-1
230,4,1012.59,438.89,77.79,195.39,-1,-1,-1,-1
231,4,1004.85,437.76,81.38,196.97,-1,-1,-1,-1
232,4,1000.46,437.31,86.11,199.14,-1,-1,-1,-1
233,4,997.83,439.24,77.62,195.42,-1,-1,-1,-1
234,4,991.07,439.79,75.94,193.21,-1,-1,-1,-1
235,4,987.81,440.52,78.04,192.86,-1,-1,-1,-1
236,4,981.87,439.75,78.31,194.31,-1,-1,-1,-1
237,4,981.66,440.08,74.29,194.16,-1,-1,-1,-1
238,4,974.82,439.45,76.81,195.03,-1,-1,-1,-1
239,4,973.16,440.10,75.16,193.39,-1,-1,-1,-1
240,4,965.91,439.67,77.60,194.90,-1,-1,-1,-1
241,4,964.30,440.85,76.36,192.86,-1,-1,-1,-1
242,4,958.48,439.95,75.78,194.35,-1,-1,-1,-1
243,4,952.71,440.04,74.55,195.52,-1,-1,-1,-1
244,4,950.26,443.12,74.86,197.55,-1,-1,-1,-1
245,4,941.58,439.00,80.91,197.84,-1,-1,-1,-1
246,4,938.96,438.80,82.10,198.27,-1,-1,-1,-1
247,4,934.08,438.51,80.03,198.28,-1,-1,-1,-1
248,4,930.48,442.23,81.95,199.20,-1,-1,-1,-1
249,4,924.87,437.83,82.51,199.87,-1,-1,-1,-1
250,4,923.09,437.47,81.66,201.16,-1,-1,-1,-1
77,5,-26.45,432.32,69.28,203.01,-1,-1,-1,-1
78,5,-18.41,434.12,72.23,202.20,-1,-1,-1,-1
79,5,-20.62,433.13,77.06,205.14,-1,-1,-1,-1
80,5,-9.55,433.99,71.89,204.57,-1,-1,-1,-1
81,5,-5.02,435.11,72.98,202.30,-1,-1,-1,-1
82,5,-0.72,434.81,71.49,202.79,-1,-1,-1,-1
83,5,7.20,433.56,69.37,204.10,-1,-1,-1,-1
84,5,9.20,433.46,72.75,203.65,-1,-1,-1,-1
85,5,14.49,434.14,72.43,203.36,-1,-1,-1,-1
86,5,22.43,434.16,70.16,203.00,-1,-1,-1,-1
87,5,23.50,434.27,74.23,202.36,-1,-1,-1,-1
88,5,28.19,433.77,76.59,204.08,-1,-1,-1,-1
89,5,31.99,435.26,73.71,201.71,-1,-1,-1,-1
90,5,37.98,434.39,72.56,202.38,-1,-1,-1,-1
91,5,39.71,432.92,74.46,204.63,-1,-1,-1,-1
92,5,44.48,434.11,77.08,202.09,-1,-1,-1,-1
93,5,52.52,433.68,74.81,203.93,-1,-1,-1,-1
94,5,53.49,433.67,77.77,203.30,-1,-1,-1,-1
95,5,61.07,434.13,74.65,203.79,-1,-1,-1,-1
96,5,62.60,434.32,76.91,201.50,-1,-1,-1,-1
97,5,68.17,433.78,75.83,203.17,-1,-1,-1,-1
98,5,71.41,433.36,74.64,203.56,-1,-1,-1,-1
99,5,77.66,432.96,75.11,203.27,-1,-1,-1,-1
100,5,80.87,433.82,73.73,202.42,-1,-1,-1,-1
101,5,85.17,434.50,76.98,202.04,-1,-1,-1,-1
102,5,86.05,433.44,80.36,202.92,-1,-1,-1,-1
103,5,90.63,433.20,82.65,203.32,-1,-1,-1,-1
104,5,94.12,434.13,80.35,201.37,-1,-1,-1,-1
105,5,100.00,433.02,78.47,204.08,-1,-1,-1,-1
106,5,107.65,433.16,77.86,203.51,-1,-1,-1,-1
107,5,110.05,433.71,77.67,201.26,-1,-1,-1,-1
108,5,117.50,434.06,74.68,203.48,-1,-1,-1,-1
109,5,126.23,433.67,71.63,204.15,-1,-1,-1,-1
110,5,130.33,435.51,68.05,200.19,-1,-1,-1,-1
111,5,133.18,434.56,72.59,200.86,-1,-1,-1,-1
112,5,134.57,433.37,74.53,203.67,-1,-1,-1,-1
113,5,141.96,433.61,71.99,203.60,-1,-1,-1,-1
114,5,144.33,434.88,72.16,200.04,-1,-1,-1,-1
115,5,148.90,433.60,74.21,203.47,-1,-1,-1,-1
116,5,152.41,434.24,73.57,203.11,-1,-1,-1,-1
117,5,159.50,435.41,70.57,201.91,-1,-1,-1,-1
118,5,167.96,434.90,66.66,201.71,-1,-1,-1,-1
119,5,169.75,434.69,67.17,200.83,-1,-1,-1,-1
120,5,171.16,435.46,68.44,200.61,-1,-1,-1,-1
121,5,176.93,434.73,68.10,201.64,-1,-1,-1,-1
122,5,179.24,435.51,70.02,198.82,-1,-1,-1,-1
123,5,184.40,435.27,71.28,200.96,-1,-1,-1,-1
124,5,187.91,435.12,75.64,200.24,-1,-1,-1,-1
125,5,190.12,434.55,76.71,201.25,-1,-1,-1,-1
126,5,196.56,434.56,74.99,201.87,-1,-1,-1,-1
127,5,198.89,434.98,75.56,200.57,-1,-1,-1,-1
128,5,204.82,434.21,75.65,202.04,-1,-1,-1,-1
129,5,207.55,435.27,76.47,199.36,-1,-1,-1,-1
130,5,211.87,434.70,77.72,202.33,-1,-1,-1,-1
131,5,216.26,435.40,75.49,201.28,-1,-1,-1,-1
132,5,221.66,435.21,76.13,200.44,-1,-1,-1,-1
133,5,227.99,434.95,74.60,201.02,-1,-1,-1,-1
134,5,230.56,434.86,74.71,201.31,-1,-1,-1,-1
135,5,232.52,436.58,76.09,198.07,-1,-1,-1,-1
136,5,238.30,435.13,75.45,200.72,-1,-1,-1,-1
137,5,243.65,434.86,77.34,201.66,-1,-1,-1,-1
138,5,248.74,436.07,73.25,201.29,-1,-1,-1,-1
139,5,256.05,436.02,70.08,200.23,-1,-1,-1,-1
140,5,262.03,437.33,64.60,197.17,-1,-1,-1,-1
141,5,266.47,436.31,65.32,199.20,-1,-1,-1,-1
142,5,268.91,436.45,66.45,198.39,-1,-1,-1,-1
143,5,272.96,436.07,69.55,199.44,-1,-1,-1,-1
144,5,275.11,436.38,70.78,197.69,-1,-1,-1,-1
145,5,281.65,436.24,68.40,199.98,-1,-1,-1,-1
146,5,284.75,436.53,73.32,198.70,-1,-1,-1,-1
147,5,287.58,436.98,74.28,198.68,-1,-1,-1,-1
148,5,295.45,436.11,69.78,199.56,-1,-1,-1,-1
149,5,297.19,437.11,72.42,196.54,-1,-1,-1,-1
150,5,302.85,436.69,70.99,197.88,-1,-1,-1,-1
151,5,308.52,436.68,67.40,198.13,-1,-1,-1,-1
152,5,314.50,437.05,65.87,198.35,-1,-1,-1,-1
153,5,321.95,437.31,62.73,198.02,-1,-1,-1,-1
154,5,324.37,437.30,64.01,196.58,-1,-1,-1,-1
155,5,330.19,435.61,61.95,199.95,-1,-1,-1,-1
156,5,332.84,436.34,63.76,198.47,-1,-1,-1,-1
157,5,338.62,435.92,62.54,199.27,-1,-1,-1,-1
158,5,341.91,437.37,63.60,197.24,-1,-1,-1,-1
159,5,343.57,436.33,69.10,199.90,-1,-1,-1,-1
160,5,346.80,436.20,70.40,199.85,-1,-1,-1,-1
161,5,354.85,437.47,66.16,198.87,-1,-1,-1,-1
162,5,357.02,436.38,66.86,197.95,-1,-1,-1,-1
163,5,360.68,435.27,69.17,200.61,-1,-1,-1,-1
164,5,363.72,437.16,69.77,197.27,-1,-1,-1,-1
165,5,369.75,436.70,67.42,198.89,-1,-1,-1,-1
166,5,376.84,436.31,64.91,199.01,-1,-1,-1,-1
167,5,381.05,437.10,64.01,197.93,-1,-1,-1,-1
168,5,383.38,436.61,68.99,198.54,-1,-1,-1,-1
169,5,387.48,436.62,68.31,198.85,-1,-1,-1,-1
170,5,391.95,436.54,68.61,199.14,-1,-1,-1,-1
171,5,395.32,436.74,69.31,198.30,-1,-1,-1,-1
172,5,401.40,437.22,66.82,197.62,-1,-1,-1,-1
173,5,405.37,436.55,66.43,198.21,-1,-1,-1,-1
174,5,409.14,436.66,69.23,198.37,-1,-1,-1,-1
175,5,415.05,436.57,68.97,198.85,-1,-1,-1,-1
176,5,419.56,437.06,67.43,197.73,-1,-1,-1,-1
177,5,425.31,436.29,64.82,199.02,-1,-1,-1,-1
178,5,427.83,437.40,66.30,196.79,-1,-1,-1,-1
179,5,432.74,436.05,67.88,198.83,-1,-1,-1,-1
180,5,433.52,436.42,71.60,197.39,-1,-1,-1,-1
181,5,438.55,435.48,72.62,200.60,-1,-1,-1,-1
182,5,440.34,435.39,76.30,199.78,-1,-1,-1,-1
183,5,445.84,434.77,75.61,200.57,-1,-1,-1,-1
184,5,451.43,435.07,75.57,200.68,-1,-1,-1,-1
185,5,453.31,435.02,77.70,200.11,-1,-1,-1,-1
186,5,461.63,434.94,72.86,201.14,-1,-1,-1,-1
187,5,464.43,435.52,73.46,199.38,-1,-1,-1,-1
188,5,470.49,435.16,71.90,201.94,-1,-1,-1,-1
189,5,474.71,435.85,70.97,199.12,-1,-1,-1,-1
190,5,480.31,436.47,69.76,198.57,-1,-1,-1,-1
191,5,483.60,436.57,69.12,197.67,-1,-1,-1,-1
192,5,488.32,436.56,69.30,198.32,-1,-1,-1,-1
193,5,491.81,436.56,69.36,197.87,-1,-1,-1,-1
194,5,497.20,436.91,70.08,197.22,-1,-1,-1,-1
195,5,502.09,436.22,71.40,199.28,-1,-1,-1,-1
196,5,506.58,435.87,69.54,200.54,-1,-1,-1,-1
197,5,509.92,435.89,73.28,199.04,-1,-1,-1,-1
198,5,514.57,436.51,71.44,198.85,-1,-1,-1,-1
199,5,521.37,437.11,67.90,196.96,-1,-1,-1,-1
200,5,521.92,437.23,71.75,196.08,-1,-1,-1,-1
201,5,527.10,437.44,72.43,196.76,-1,-1,-1,-1
202,5,533.94,436.70,70.93,198.03,-1,-1,-1,-1
203,5,537.68,437.14,70.50,197.86,-1,-1,-1,-1
204,5,543.48,437.73,69.55,197.54,-1,-1,-1,-1
205,5,546.04,437.46,70.88,196.45,-1,-1,-1,-1
206,5,553.44,436.79,66.47,198.76,-1,-1,-1,-1
207,5,556.46,437.85,67.40,196.99,-1,-1,-1,-1
208,5,561.42,437.65,68.58,197.30,-1,-1,-1,-1
209,5,563.48,438.79,69.23,195.32,-1,-1,-1,-1
210,5,567.08,437.65,71.84,198.33,-1,-1,-1,-1
211,5,571.24,437.95,70.58,196.71,-1,-1,-1,-1
212,5,576.95,437.51,69.68,197.73,-1,-1,-1,-1
213,5,581.65,438.62,66.04,196.28,-1,-1,-1,-1
214,5,585.26,438.74,69.08,195.87,-1,-1,-1,-1
215,5,589.75,440.18,71.43,193.47,-1,-1,-1,-1
216,5,594.44,439.15,68.32,194.89,-1,-1,-1,-1
217,5,602.26,438.36,65.63,195.61,-1,-1,-1,-1
218,5,607.32,439.75,62.60,194.04,-1,-1,-1,-1
219,5,611.85,439.65,64.50,194.55,-1,-1,-1,-1
220,5,614.55,439.86,64.04,194.18,-1,-1,-1,-1
221,5,621.35,439.88,61.65,193.63,-1,-1,-1,-1
222,5,623.63,439.48,62.64,195.23,-1,-1,-1,-1
223,5,628.94,439.26,61.43,195.79,-1,-1,-1,-1
224,5,635.20,439.87,61.31,194.65,-1,-1,-1,-1
225,5,637.17,438.90,63.82,195.63,-1,-1,-1,-1
226,5,642.68,437.13,65.53,197.82,-1,-1,-1,-1
117,6,1856.49,435.01,83.02,203.65,-1,-1,-1,-1
119,7,1855.79,436.31,82.46,201.15,-1,-1,-1,-1
120,7,1853.89,436.73,85.81,200.66,-1,-1,-1,-1
121,7,1845.66,444.58,82.40,195.51,-1,-1,-1,-1
122,7,1842.25,445.12,80.79,195.50,-1,-1,-1,-1
123,7,1839.59,445.86,80.22,194.23,-1,-1,-1,-1
124,7,1839.39,446.58,70.71,192.60,-1,-1,-1,-1
125,7,1835.38,445.27,66.71,194.74,-1,-1,-1,-1
126,7,1827.86,444.16,68.30,197.16,-1,-1,-1,-1
127,7,1824.73,445.24,69.30,196.00,-1,-1,-1,-1
128,7,1818.96,444.36,69.50,196.53,-1,-1,-1,-1
129,7,1816.70,444.05,68.69,197.78,-1,-1,-1,-1
130,7,1808.21,444.21,73.51,197.97,-1,-1,-1,-1
131,7,1807.15,446.31,71.31,193.18,-1,-1,-1,-1
132,7,1800.79,444.14,72.48,197.18,-1,-1,-1,-1
133,7,1799.50,443.98,70.05,197.58,-1,-1,-1,-1
134,7,1791.41,443.61,73.97,199.56,-1,-1,-1,-1
135,7,1788.60,443.48,75.89,198.70,-1,-1,-1,-1
136,7,1782.10,443.26,77.08,199.33,-1,-1,-1,-1
137,7,1774.80,444.99,77.03,196.49,-1,-1,-1,-1
138,7,1772.86,445.46,76.46,195.33,-1,-1,-1,-1
139,7,1767.45,445.55,75.00,193.51,-1,-1,-1,-1
140,7,1765.50,444.67,73.91,195.85,-1,-1,-1,-1
141,7,1760.66,444.72,72.35,195.39,-1,-1,-1,-1
142,7,1758.44,443.82,72.46,197.19,-1,-1,-1,-1
143,7,1750.96,436.77,74.01,201.05,-1,-1,-1,-1
144,7,1742.61,444.75,77.00,196.05,-1,-1,-1,-1
145,7,1740.67,443.95,77.18,198.91,-1,-1,-1,-1
146,7,1735.60,444.47,75.29,195.83,-1,-1,-1,-1
147,7,1733.60,444.70,74.27,196.03,-1,-1,-1,-1
148,7,1726.87,444.93,76.81,196.25,-1,-1,-1,-1
149,7,1724.48,443.56,76.61,198.69,-1,-1,-1,-1
150,7,1718.46,443.16,77.33,198.73,-1,-1,-1,-1
151,7,1717.51,444.48,74.15,197.11,-1,-1,-1,-1
152,7,1709.80,444.69,77.18,197.44,-1,-1,-1,-1
153,7,1703.88,445.18,76.25,195.12,-1,-1,-1,-1
154,7,1702.14,445.33,75.79,196.01,-1,-1,-1,-1
155,7,1695.82,445.08,75.97,195.53,-1,-1,-1,-1
156,7,1692.86,444.10,76.33,198.65,-1,-1,-1,-1
157,7,1685.61,442.63,79.63,200.58,-1,-1,-1,-1
158,7,1685.18,444.09,74.97,197.59,-1,-1,-1,-1
159,7,1678.51,445.30,76.38,196.68,-1,-1,-1,-1
160,7,1677.22,446.56,74.44,193.00,-1,-1,-1,-1
161,7,1671.93,444.53,75.15,196.04,-1,-1,-1,-1
162,7,1666.17,444.92,71.88,195.86,-1,-1,-1,-1
163,7,1663.40,444.50,72.66,197.17,-1,-1,-1,-1
164,7,1657.26,444.12,73.41,196.99,-1,-1,-1,-1
165,7,1657.00,444.78,68.12,195.70,-1,-1,-1,-1
166,7,1650.97,444.85,69.22,196.54,-1,-1,-1,-1
167,7,1647.37,446.58,70.95,193.23,-1,-1,-1,-1
168,7,1640.62,445.11,73.64,195.34,-1,-1,-1,-1
169,7,1639.30,446.20,69.60,193.53,-1,-1,-1,-1
170,7,1631.92,445.16,73.56,197.26,-1,-1,-1,-1
171,7,1630.71,444.41,71.66,196.94,-1,-1,-1,-1
172,7,1623.81,442.92,74.02,200.00,-1,-1,-1,-1
173,7,1621.29,445.20,73.59,196.89,-1,-1,-1,-1
174,7,1615.49,445.41,73.55,197.32,-1,-1,-1,-1
175,7,1610.13,445.53,71.44,194.73,-1,-1,-1,-1
176,7,1608.43,445.59,68.43,194.01,-1,-1,-1,-1
177,7,1602.60,444.84,69.97,196.91,-1,-1,-1,-1
178,7,1599.18,446.14,71.05,194.53,-1,-1,-1,-1
179,7,1592.53,443.53,71.91,198.02,-1,-1,-1,-1
180,7,1591.35,445.03,69.73,196.77,-1,-1,-1,-1
181,7,1583.00,444.45,74.80,199.25,-1,-1,-1,-1
182,7,1577.21,445.26,73.78,195.67,-1,-1,-1,-1
183,7,1575.98,444.13,71.57,196.96,-1,-1,-1,-1
184,7,1569.87,444.53,71.45,197.40,-1,-1,-1,-1
185,7,1565.96,443.31,74.17,201.78,-1,-1,-1,-1
186,7,1560.39,442.33,74.63,201.46,-1,-1,-1,-1
187,7,1556.57,442.38,76.78,202.57,-1,-1,-1,-1
188,7,1550.32,444.69,77.39,198.40,-1,-1,-1,-1
189,7,1548.24,444.49,76.50,198.30,-1,-1,-1,-1
190,7,1543.20,443.82,76.18,198.09,-1,-1,-1,-1
191,7,1541.01,444.74,73.84,196.75,-1,-1,-1,-1
192,7,1535.17,444.93,73.23,198.77,-1,-1,-1,-1
193,7,1527.56,443.06,77.01,199.87,-1,-1,-1,-1
194,7,1526.09,443.23,74.14,198.20,-1,-1,-1,-1
195,7,1518.54,444.62,77.56,197.08,-1,-1,-1,-1
196,7,1516.46,445.23,77.03,195.92,-1,-1,-1,-1
197,7,1511.46,444.93,75.18,194.97,-1,-1,-1,-1
198,7,1508.98,444.97,74.89,195.21,-1,-1,-1,-1
199,7,1501.97,444.63,77.88,197.44,-1,-1,-1,-1
200,7,1500.29,443.88,77.01,197.42,-1,-1,-1,-1
201,7,1495.10,443.58,75.68,197.87,-1,-1,-1,-1
202,7,1491.88,443.32,77.00,199.31,-1,-1,-1,-1
203,7,1484.62,444.47,79.45,197.89,-1,-1,-1,-1
204,7,1483.23,444.16,78.01,197.20,-1,-1,-1,-1
205,7,1476.69,444.44,78.05,196.49,-1,-1,-1,-1
206,7,1470.54,445.63,78.78,195.97,-1,-1,-1,-1
207,7,1468.04,445.08,78.51,197.88,-1,-1,-1,-1
208,7,1461.35,443.99,80.04,198.57,-1,-1,-1,-1
209,7,1457.27,444.93,82.84,198.09,-1,-1,-1,-1
210,7,1451.59,444.70,82.14,198.03,-1,-1,-1,-1
211,7,1450.27,445.64,80.34,195.50,-1,-1,-1,-1
212,7,1443.67,445.17,82.92,196.56,-1,-1,-1,-1
213,7,1441.83,445.71,80.05,196.12,-1,-1,-1,-1
214,7,1435.38,444.93,81.41,197.76,-1,-1,-1,-1
215,7,1433.34,444.20,81.71,199.43,-1,-1,-1,-1
216,7,1427.88,443.46,80.62,199.93,-1,-1,-1,-1
217,7,1420.17,444.59,81.51,198.39,-1,-1,-1,-1
218,7,1412.29,446.51,82.97,194.83,-1,-1,-1,-1
219,7,1410.68,444.26,82.14,198.04,-1,-1,-1,-1
220,7,1406.58,445.55,79.21,196.29,-1,-1,-1,-1
221,7,1407.60,445.76,74.20,196.61,-1,-1,-1,-1
222,7,1404.90,444.93,74.02,198.04,-1,-1,-1,-1
223,7,1400.35,445.12,71.22,196.75,-1,-1,-1,-1
224,7,1394.95,445.80,68.48,195.36,-1,-1,-1,-1
225,7,1390.78,445.72,72.08,196.55,-1,-1,-1,-1
226,7,1384.55,445.72,72.96,195.44,-1,-1,-1,-1
227,7,1383.36,444.39,69.13,198.47,-1,-1,-1,-1
228,7,1377.57,442.94,70.71,201.42,-1,-1,-1,-1
229,7,1374.09,443.63,73.74,200.13,-1,-1,-1,-1
230,7,1366.08,442.50,78.52,201.06,-1,-1,-1,-1
231,7,1365.21,447.01,76.65,194.73,-1,-1,-1,-1
232,7,1359.33,446.53,75.07,194.33,-1,-1,-1,-1
233,7,1357.54,447.15,73.68,192.74,-1,-1,-1,-1
234,7,1352.72,446.33,70.82,193.90,-1,-1,-1,-1
235,7,1345.43,446.42,72.77,194.84,-1,-1,-1,-1
236,7,1343.44,445.89,71.61,194.93,-1,-1,-1,-1
237,7,1338.73,445.47,68.96,194.10,-1,-1,-1,-1
238,7,1335.69,445.93,69.88,193.10,-1,-1,-1,-1
239,7,1329.64,447.33,69.74,190.59,-1,-1,-1,-1
240,7,1322.33,446.86,70.94,191.30,-1,-1,-1,-1
241,7,1321.66,447.52,67.75,189.92,-1,-1,-1,-1
242,7,1316.24,447.35,67.72,190.95,-1,-1,-1,-1
243,7,1314.37,447.37,67.73,191.94,-1,-1,-1,-1
244,7,1312.57,447.76,67.52,191.67,-1,-1,-1,-1
245,7,1306.71,447.68,68.29,190.88,-1,-1,-1,-1
246,7,1301.81,447.78,72.51,192.42,-1,-1,-1,-1
247,7,1295.30,448.87,74.25,190.39,-1,-1,-1,-1
248,7,1286.28,447.63,79.46,191.90,-1,-1,-1,-1
249,7,1283.20,448.71,79.42,190.27,-1,-1,-1,-1
250,7,1277.42,447.97,80.17,192.14,-1,-1,-1,-1
150,8,1061.37,435.46,62.33,203.78,-1,-1,-1,-1
151,8,1057.96,444.27,65.88,196.10,-1,-1,-1,-1
152,8,1057.77,444.99,65.42,194.77,-1,-1,-1,-1
153,8,1056.71,444.89,68.91,195.17,-1,-1,-1,-1
154,8,1054.48,446.48,72.91,193.75,-1,-1,-1,-1
155,8,1054.20,446.44,74.31,193.52,-1,-1,-1,-1
156,8,1052.82,446.67,80.39,192.35,-1,-1,-1,-1
157,8,1058.12,446.89,82.36,192.68,-1,-1,-1,-1
158,8,1057.26,445.89,87.58,193.91,-1,-1,-1,-1
159,8,1064.85,446.54,86.04,193.33,-1,-1,-1,-1
160,8,1067.05,446.68,84.54,193.07,-1,-1,-1,-1
161,8,1073.31,446.90,85.84,193.11,-1,-1,-1,-1
162,8,1079.67,447.13,87.17,192.96,-1,-1,-1,-1
163,8,1081.87,447.40,86.15,193.06,-1,-1,-1,-1
164,8,1087.92,447.45,87.23,193.77,-1,-1,-1,-1
165,8,1095.42,446.55,86.83,194.91,-1,-1,-1,-1
166,8,1097.70,446.54,85.69,194.74,-1,-1,-1,-1
167,8,1098.59,446.51,85.52,194.26,-1,-1,-1,-1
168,8,1105.01,446.72,84.93,193.94,-1,-1,-1,-1
169,8,1113.13,447.23,82.96,192.70,-1,-1,-1,-1
170,8,1113.46,447.64,86.16,191.75,-1,-1,-1,-1
171,8,1121.19,446.18,82.83,195.19,-1,-1,-1,-1
172,8,1122.53,446.19,84.36,195.45,-1,-1,-1,-1
173,8,1129.66,446.22,81.85,194.49,-1,-1,-1,-1
174,8,1129.81,447.01,84.31,192.29,-1,-1,-1,-1
175,8,1132.22,446.50,82.50,193.17,-1,-1,-1,-1
176,8,1138.00,441.21,84.18,192.66,-1,-1,-1,-1
177,8,1146.66,448.01,80.89,188.66,-1,-1,-1,-1
178,8,1149.24,447.62,78.71,189.54,-1,-1,-1,-1
179,8,1156.16,445.33,77.76,194.47,-1,-1,-1,-1
180,8,1157.96,439.76,76.65,195.25,-1,-1,-1,-1
181,8,1159.25,444.87,76.34,195.66,-1,-1,-1,-1
182,8,1160.28,444.33,73.47,196.12,-1,-1,-1,-1
183,8,1163.26,438.39,69.03,197.13,-1,-1,-1,-1
184,8,1168.18,439.32,69.69,193.96,-1,-1,-1,-1
185,8,1170.93,441.13,66.79,189.30,-1,-1,-1,-1
186,8,1173.73,441.30,62.16,187.83,-1,-1,-1,-1
191,9,1235.50,445.15,63.64,194.27,-1,-1,-1,-1
192,9,1236.94,444.01,64.49,195.90,-1,-1,-1,-1
193,9,1236.11,444.56,66.25,195.28,-1,-1,-1,-1
194,9,1231.43,446.03,74.92,193.41,-1,-1,-1,-1
195,9,1227.57,444.07,82.20,196.62,-1,-1,-1,-1
196,9,1226.48,443.53,86.56,198.00,-1,-1,-1,-1
197,9,1233.50,443.66,84.09,197.85,-1,-1,-1,-1
198,9,1235.68,443.44,83.55,198.54,-1,-1,-1,-1
199,9,1241.60,443.80,82.87,199.38,-1,-1,-1,-1
200,9,1244.07,444.40,82.58,197.66,-1,-1,-1,-1
201,9,1248.75,443.99,85.35,199.84,-1,-1,-1,-1
202,9,1255.08,443.03,86.85,200.43,-1,-1,-1,-1
203,9,1256.97,443.47,87.36,199.39,-1,-1,-1,-1
204,9,1263.91,443.57,86.23,199.14,-1,-1,-1,-1
205,9,1265.32,445.07,87.84,196.53,-1,-1,-1,-1
206,9,1271.84,445.96,88.56,194.16,-1,-1,-1,-1
207,9,1277.88,444.97,89.77,197.14,-1,-1,-1,-1
208,9,1278.38,443.74,92.31,199.66,-1,-1,-1,-1
209,9,1287.75,443.89,86.76,200.12,-1,-1,-1,-1
210,9,1290.08,445.11,84.69,197.90,-1,-1,-1,-1
211,9,1296.54,446.04,84.46,196.26,-1,-1,-1,-1
212,9,1298.08,445.86,86.19,196.46,-1,-1,-1,-1
213,9,1305.15,446.14,83.63,196.82,-1,-1,-1,-1
214,9,1306.09,447.45,85.59,193.44,-1,-1,-1,-1
215,9,1312.57,444.93,83.91,197.92,-1,-1,-1,-1
216,9,1314.29,445.49,85.34,195.56,-1,-1,-1,-1
217,9,1320.29,440.64,85.13,193.82,-1,-1,-1,-1
218,9,1322.57,440.44,83.80,193.56,-1,-1,-1,-1
219,9,1329.18,440.60,83.84,193.61,-1,-1,-1,-1
220,9,1332.69,447.06,81.40,190.93,-1,-1,-1,-1
221,9,1340.98,449.02,75.71,189.25,-1,-1,-1,-1
222,9,1341.50,448.24,75.10,190.47,-1,-1,-1,-1
223,9,1342.26,448.05,74.97,191.50,-1,-1,-1,-1
224,9,1343.53,447.67,74.00,192.00,-1,-1,-1,-1
225,9,1344.46,449.13,70.71,188.40,-1,-1,-1,-1
226,9,1348.31,438.22,62.45,195.85,-1,-1,-1,-1
192,10,802.30,438.70,51.18,195.38,-1,-1,-1,-1
193,10,799.07,440.06,55.34,192.09,-1,-1,-1,-1
194,10,797.37,439.48,61.46,196.11,-1,-1,-1,-1
195,10,793.80,439.85,65.49,195.02,-1,-1,-1,-1
196,10,792.91,440.32,67.04,195.05,-1,-1,-1,-1
197,10,784.57,439.84,72.49,194.72,-1,-1,-1,-1
198,10,782.86,440.04,71.48,195.26,-1,-1,-1,-1
199,10,776.44,439.14,72.34,196.27,-1,-1,-1,-1
200,10,768.52,440.34,74.62,194.71,-1,-1,-1,-1
201,10,764.65,440.13,77.89,196.23,-1,-1,-1,-1
202,10,759.26,440.03,76.77,196.77,-1,-1,-1,-1
203,10,757.65,439.92,75.91,198.24,-1,-1,-1,-1
204,10,755.32,439.35,77.80,199.01,-1,-1,-1,-1
205,10,749.39,438.80,77.67,198.73,-1,-1,-1,-1
206,10,747.57,438.50,76.54,199.52,-1,-1,-1,-1
207,10,741.38,438.50,75.50,199.76,-1,-1,-1,-1
208,10,734.60,438.41,77.53,199.43,-1,-1,-1,-1
209,10,731.48,438.41,78.72,199.79,-1,-1,-1,-1
210,10,727.89,439.27,74.97,197.93,-1,-1,-1,-1
211,10,724.91,442.33,77.04,197.87,-1,-1,-1,-1
212,10,716.63,439.24,79.32,197.61,-1,-1,-1,-1
213,10,714.94,439.72,78.19,197.16,-1,-1,-1,-1
214,10,710.76,439.67,75.09,197.28,-1,-1,-1,-1
215,10,700.93,439.33,80.80,197.16,-1,-1,-1,-1
216,10,698.78,438.88,81.56,198.89,-1,-1,-1,-1
217,10,691.44,437.82,82.98,200.36,-1,-1,-1,-1
218,10,688.49,438.58,84.43,199.51,-1,-1,-1,-1
219,10,681.55,437.31,85.69,201.54,-1,-1,-1,-1
220,10,675.22,436.90,83.62,201.73,-1,-1,-1,-1
221,10,674.06,438.45,81.94,199.15,-1,-1,-1,-1
222,10,673.82,437.43,81.10,201.16,-1,-1,-1,-1
223,10,667.48,436.02,83.01,203.72,-1,-1,-1,-1
224,10,665.56,433.69,84.04,206.18,-1,-1,-1,-1
225,10,655.16,432.22,89.08,205.63,-1,-1,-1,-1
226,10,646.42,431.94,90.79,206.99,-1,-1,-1,-1
227,10,642.62,434.46,81.13,201.76,-1,-1,-1,-1
228,10,643.36,434.73,80.30,201.14,-1,-1,-1,-1
229,10,643.43,434.93,80.91,200.89,-1,-1,-1,-1
230,10,640.28,436.02,85.49,200.20,-1,-1,-1,-1
231,10,637.77,435.81,91.25,200.08,-1,-1,-1,-1
232,10,645.19,436.08,92.48,201.33,-1,-1,-1,-1
233,10,660.63,437.97,78.43,198.70,-1,-1,-1,-1
234,10,671.71,439.48,71.86,196.17,-1,-1,-1,-1
235,10,678.79,438.78,69.89,196.80,-1,-1,-1,-1
236,10,681.48,437.77,68.49,197.72,-1,-1,-1,-1
237,10,683.72,438.08,69.11,196.62,-1,-1,-1,-1
238,10,688.95,437.62,69.95,197.40,-1,-1,-1,-1
239,10,695.44,437.32,69.12,198.66,-1,-1,-1,-1
240,10,699.06,436.74,68.49,199.21,-1,-1,-1,-1
241,10,704.97,438.65,68.12,196.63,-1,-1,-1,-1
242,10,707.70,438.14,68.46,196.94,-1,-1,-1,-1
243,10,712.59,436.49,68.79,199.54,-1,-1,-1,-1
244,10,718.12,437.52,70.21,197.93,-1,-1,-1,-1
245,10,719.70,437.39,72.06,197.30,-1,-1,-1,-1
246,10,725.43,436.95,73.50,198.19,-1,-1,-1,-1
247,10,728.41,436.18,74.77,199.17,-1,-1,-1,-1
248,10,734.33,437.55,73.84,197.46,-1,-1,-1,-1
249,10,738.84,437.32,69.46,196.89,-1,-1,-1,-1
250,10,743.32,437.54,70.80,198.35,-1,-1,-1,-1
231,11,1410.32,433.61,68.97,207.97,-1,-1,-1,-1
232,11,1412.52,441.85,65.37,201.89,-1,-1,-1,-1
233,11,1412.86,443.81,63.61,198.63,-1,-1,-1,-1
234,11,1411.55,443.92,68.51,197.43,-1,-1,-1,-1
235,11,1408.87,443.71,74.22,198.49,-1,-1,-1,-1
236,11,1412.05,442.58,77.82,200.60,-1,-1,-1,-1
237,11,1411.58,443.41,81.54,198.78,-1,-1,-1,-1
238,11,1416.36,443.01,84.24,199.55,-1,-1,-1,-1
239,11,1416.99,442.77,85.70,200.37,-1,-1,-1,-1
240,11,1418.96,442.41,85.39,201.06,-1,-1,-1,-1
241,11,1423.67,443.99,88.75,198.38,-1,-1,-1,-1
242,11,1429.35,443.18,91.03,199.84,-1,-1,-1,-1
243,11,1431.47,443.17,89.80,200.12,-1,-1,-1,-1
244,11,1438.48,441.88,88.09,203.29,-1,-1,-1,-1
245,11,1440.61,443.06,88.24,200.28,-1,-1,-1,-1
246,11,1445.49,442.70,91.84,200.45,-1,-1,-1,-1
247,11,1447.76,442.50,91.30,200.46,-1,-1,-1,-1
248,11,1455.09,442.01,89.16,201.41,-1,-1,-1,-1
249,11,1463.11,442.86,87.38,200.06,-1,-1,-1,-1
250,11,1466.18,443.94,84.86,197.71,-1,-1,-1,-1
232,12,624.80,435.96,86.79,201.25,-1,-1,-1,-1
233,12,624.75,437.77,72.17,199.12,-1,-1,-1,-1
234,12,621.93,438.04,72.42,199.32,-1,-1,-1,-1
235,12,614.36,436.80,77.40,200.79,-1,-1,-1,-1
236,12,610.09,437.57,80.58,199.89,-1,-1,-1,-1
237,12,604.03,438.69,81.60,198.26,-1,-1,-1,-1
238,12,601.57,438.90,81.91,197.69,-1,-1,-1,-1
239,12,597.92,438.22,77.46,199.53,-1,-1,-1,-1
240,12,591.65,438.76,76.42,198.41,-1,-1,-1,-1
241,12,589.83,439.19,75.74,197.91,-1,-1,-1,-1
242,12,584.76,438.31,74.44,199.05,-1,-1,-1,-1
243,12,580.67,438.64,77.47,199.37,-1,-1,-1,-1
244,12,573.97,438.71,79.79,198.41,-1,-1,-1,-1
245,12,572.37,438.78,78.98,198.48,-1,-1,-1,-1
246,12,571.22,438.28,77.47,200.29,-1,-1,-1,-1
247,12,565.38,438.40,77.04,200.11,-1,-1,-1,-1
248,12,562.18,438.70,71.98,198.66,-1,-1,-1,-1
249,12,558.98,438.90,72.84,197.41,-1,-1,-1,-1
250,12,551.43,437.94,74.87,198.67,-1,-1,-1,-1
234,13,1044.88,448.03,64.03,191.08,-1,-1,-1,-1
235,13,1049.10,446.35,66.89,192.93,-1,-1,-1,-1
236,13,1040.44,439.20,73.09,197.57,-1,-1,-1,-1
237,13,1046.66,444.04,71.64,197.15,-1,-1,-1,-1
238,13,1049.09,443.77,71.81,197.84,-1,-1,-1,-1
239,13,1049.48,445.22,73.40,194.69,-1,-1,-1,-1
240,13,1053.19,444.28,74.11,198.11,-1,-1,-1,-1
241,13,1053.93,443.79,79.18,200.01,-1,-1,-1,-1
242,13,1059.38,443.97,79.50,199.65,-1,-1,-1,-1
243,13,1063.02,443.77,77.72,200.67,-1,-1,-1,-1
244,13,1066.40,446.92,81.39,207.20,-1,-1,-1,-1
245,13,1067.67,445.79,84.82,198.53,-1,-1,-1,-1
246,13,1074.03,444.64,85.06,199.62,-1,-1,-1,-1
247,13,1079.25,444.42,85.99,199.26,-1,-1,-1,-1
248,13,1083.02,443.44,86.26,202.95,-1,-1,-1,-1
249,13,1085.72,445.47,89.99,199.76,-1,-1,-1,-1
250,13,1087.09,445.58,91.18,200.23,-1,-1,-1,-1
