1,175,920.85,433.04,90.08,206.10,1,-1,-1,-1
1,176,1086.04,766.48,92.88,212.80,1,-1,-1,-1
2,175,932.14,441.24,90.13,206.06,1,-1,-1,-1
2,176,1084.97,771.65,92.69,212.47,1,-1,-1,-1
3,175,940.95,451.97,90.94,207.41,1,-1,-1,-1
3,176,1079.21,778.36,92.40,212.05,1,-1,-1,-1
4,175,950.00,462.03,91.16,207.19,1,-1,-1,-1
4,176,1072.12,781.80,92.62,213.12,1,-1,-1,-1
5,175,958.95,472.89,91.14,206.37,1,-1,-1,-1
5,176,1068.07,786.51,93.43,214.97,1,-1,-1,-1
6,175,971.00,480.43,92.54,209.08,1,-1,-1,-1
6,176,1061.65,790.72,93.15,214.49,1,-1,-1,-1
7,175,980.20,492.45,93.27,209.90,1,-1,-1,-1
7,176,1054.30,795.40,93.00,214.26,1,-1,-1,-1
8,175,989.11,502.52,93.45,209.98,1,-1,-1,-1
8,176,1046.57,799.31,92.68,213.20,1,-1,-1,-1
9,175,997.98,510.97,93.54,210.45,1,-1,-1,-1
9,176,1038.69,803.92,92.54,212.86,1,-1,-1,-1
10,175,1007.28,520.54,92.69,209.54,1,-1,-1,-1
10,176,1031.38,808.12,91.39,210.93,1,-1,-1,-1
11,175,1018.06,530.70,94.16,212.54,1,-1,-1,-1
11,176,1024.18,813.07,90.24,210.05,1,-1,-1,-1
12,175,1026.81,540.40,94.92,213.71,1,-1,-1,-1
12,176,1017.20,816.52,88.80,207.48,1,-1,-1,-1
13,175,1034.65,549.24,95.89,215.13,1,-1,-1,-1
13,176,1009.68,819.93,86.78,204.78,1,-1,-1,-1
14,175,1043.55,558.81,94.74,213.40,1,-1,-1,-1
14,176,1001.75,824.06,85.92,205.15,1,-1,-1,-1
15,175,1051.08,566.43,96.12,215.39,1,-1,-1,-1
15,176,993.84,826.11,85.19,205.09,1,-1,-1,-1
16,175,1059.16,578.37,95.52,214.06,1,-1,-1,-1
16,176,984.69,826.38,86.07,207.43,1,-1,-1,-1
17,175,1066.66,586.78,96.74,216.25,1,-1,-1,-1
17,176,976.21,826.66,86.21,208.63,1,-1,-1,-1
18,175,1071.98,596.60,95.07,213.62,1,-1,-1,-1
18,176,964.00,829.63,86.16,208.87,1,-1,-1,-1
19,175,1078.20,605.26,95.01,213.55,1,-1,-1,-1
19,176,954.06,831.30,86.29,209.39,1,-1,-1,-1
20,175,1085.25,613.36,95.26,213.79,1,-1,-1,-1
20,176,945.73,832.57,85.50,208.44,1,-1,-1,-1
21,175,1091.76,621.95,95.57,213.66,1,-1,-1,-1
21,176,936.65,832.31,85.98,210.71,1,-1,-1,-1
22,175,1095.81,630.69,94.90,212.49,1,-1,-1,-1
22,176,927.84,832.26,86.37,211.81,1,-1,-1,-1
23,175,1100.56,638.65,95.85,213.07,1,-1,-1,-1
23,176,915.79,832.22,85.82,211.03,1,-1,-1,-1
24,175,1104.69,648.23,94.19,210.16,1,-1,-1,-1
24,176,905.38,831.85,86.42,211.18,1,-1,-1,-1
25,175,1109.53,656.62,93.81,210.01,1,-1,-1,-1
25,176,896.49,832.11,86.33,211.00,1,-1,-1,-1
26,175,1112.05,664.15,94.36,211.21,1,-1,-1,-1
26,176,887.68,831.55,86.84,212.36,1,-1,-1,-1
27,175,1116.64,671.69,94.97,211.99,1,-1,-1,-1
27,176,875.66,830.97,86.36,211.11,1,-1,-1,-1
28,175,1118.40,678.50,95.87,214.60,1,-1,-1,-1
28,176,864.89,829.92,87.22,212.10,1,-1,-1,-1
29,175,1120.02,687.48,95.08,212.51,1,-1,-1,-1
29,176,855.68,829.87,87.26,211.06,1,-1,-1,-1
30,175,1122.68,694.61,96.43,214.59,1,-1,-1,-1
30,176,846.68,826.38,87.78,211.26,1,-1,-1,-1
31,175,1124.46,702.94,95.51,213.07,1,-1,-1,-1
31,176,834.62,824.98,87.76,210.89,1,-1,-1,-1
32,175,1124.72,711.30,95.35,212.61,1,-1,-1,-1
32,176,825.42,823.73,87.42,210.32,1,-1,-1,-1
33,175,1124.03,718.20,96.30,215.15,1,-1,-1,-1
33,176,816.39,821.84,87.63,211.16,1,-1,-1,-1
34,175,1123.40,724.74,97.51,217.37,1,-1,-1,-1
34,176,807.88,817.16,88.08,212.13,1,-1,-1,-1
35,175,1120.71,733.24,96.39,214.27,1,-1,-1,-1
35,176,800.02,815.72,87.49,210.85,1,-1,-1,-1
36,175,1119.18,741.13,95.50,211.97,1,-1,-1,-1
36,176,792.45,813.65,87.07,210.68,1,-1,-1,-1
37,175,1117.34,744.66,96.51,213.75,1,-1,-1,-1
37,176,784.20,809.90,86.96,210.02,1,-1,-1,-1
38,175,1115.43,750.29,96.86,214.16,1,-1,-1,-1
38,176,776.32,806.93,87.11,210.39,1,-1,-1,-1
39,175,1111.29,757.51,96.19,212.55,1,-1,-1,-1
39,176,768.00,802.38,87.43,210.99,1,-1,-1,-1
40,175,1108.76,761.33,95.86,212.95,1,-1,-1,-1
40,176,760.35,799.12,87.54,210.80,1,-1,-1,-1
41,175,1104.33,768.49,94.81,210.48,1,-1,-1,-1
41,176,756.61,794.77,87.00,210.18,1,-1,-1,-1
42,175,1100.91,774.76,94.97,211.08,1,-1,-1,-1
42,176,750.54,790.37,87.08,211.49,1,-1,-1,-1
43,175,1095.65,781.73,93.72,209.53,1,-1,-1,-1
43,176,743.78,784.56,87.33,212.45,1,-1,-1,-1
44,175,1089.25,785.46,93.33,209.81,1,-1,-1,-1
44,176,735.54,780.30,88.80,213.89,1,-1,-1,-1
45,175,1084.37,788.57,94.72,213.43,1,-1,-1,-1
45,176,732.81,776.35,87.87,212.17,1,-1,-1,-1
46,175,1078.83,792.19,93.78,211.31,1,-1,-1,-1
46,176,726.99,770.25,87.56,211.35,1,-1,-1,-1
47,175,1071.55,797.67,93.44,211.17,1,-1,-1,-1
47,176,720.95,765.77,87.86,211.32,1,-1,-1,-1
48,175,1064.17,801.62,93.07,209.48,1,-1,-1,-1
48,176,718.37,759.76,88.05,211.41,1,-1,-1,-1
49,175,1056.87,806.06,92.64,209.54,1,-1,-1,-1
49,176,715.86,751.85,89.40,213.65,1,-1,-1,-1
50,175,1048.69,808.88,93.14,209.54,1,-1,-1,-1
50,176,711.36,745.01,89.60,213.92,1,-1,-1,-1
51,175,1040.42,813.79,93.41,209.34,1,-1,-1,-1
51,176,708.40,739.16,90.66,215.61,1,-1,-1,-1
52,175,1031.88,816.28,93.82,209.51,1,-1,-1,-1
52,176,707.27,732.51,91.44,216.61,1,-1,-1,-1
53,175,1022.97,818.13,94.15,209.49,1,-1,-1,-1
53,176,706.97,726.47,90.96,216.31,1,-1,-1,-1
54,175,1014.38,818.61,94.12,209.92,1,-1,-1,-1
54,176,707.28,718.85,90.70,217.12,1,-1,-1,-1
55,175,1006.25,822.82,93.02,208.71,1,-1,-1,-1
55,176,704.13,712.33,89.96,214.88,1,-1,-1,-1
56,175,997.84,825.40,92.45,207.90,1,-1,-1,-1
56,176,706.04,705.69,90.73,216.96,1,-1,-1,-1
57,175,988.79,825.55,94.12,210.45,1,-1,-1,-1
57,176,706.79,697.67,91.54,218.25,1,-1,-1,-1
58,175,977.38,829.89,93.63,209.38,1,-1,-1,-1
58,176,708.07,691.42,90.68,216.16,1,-1,-1,-1
59,175,966.86,830.73,94.68,210.96,1,-1,-1,-1
59,176,708.81,683.84,90.80,215.32,1,-1,-1,-1
60,175,957.41,831.67,94.90,210.52,1,-1,-1,-1
60,176,710.01,676.40,90.48,213.42,1,-1,-1,-1
61,175,948.57,832.15,95.34,211.34,1,-1,-1,-1
61,176,714.99,667.97,90.20,213.87,1,-1,-1,-1
62,175,939.49,830.65,96.01,213.73,1,-1,-1,-1
62,176,717.18,660.70,90.18,212.89,1,-1,-1,-1
63,175,928.81,833.41,93.47,208.79,1,-1,-1,-1
63,176,719.35,653.71,89.73,211.10,1,-1,-1,-1
64,175,918.56,832.63,93.85,209.82,1,-1,-1,-1
64,176,723.72,644.17,90.98,212.96,1,-1,-1,-1
65,175,909.31,832.55,93.90,210.08,1,-1,-1,-1
65,176,729.91,635.53,91.11,213.68,1,-1,-1,-1
66,175,900.70,832.76,92.81,209.13,1,-1,-1,-1
66,176,733.84,625.68,90.99,212.93,1,-1,-1,-1
67,175,888.89,832.49,91.92,208.11,1,-1,-1,-1
67,176,739.63,617.27,90.33,211.79,1,-1,-1,-1
68,175,878.98,830.49,92.07,210.73,1,-1,-1,-1
68,176,746.93,608.42,89.66,211.63,1,-1,-1,-1
69,175,871.51,828.92,89.37,205.16,1,-1,-1,-1
69,176,750.72,599.68,89.93,211.09,1,-1,-1,-1
70,175,863.40,827.37,88.26,204.20,1,-1,-1,-1
70,176,757.14,591.05,89.46,210.45,1,-1,-1,-1
71,175,854.80,826.15,87.91,204.52,1,-1,-1,-1
71,176,764.69,582.49,89.22,210.37,1,-1,-1,-1
72,175,843.01,826.20,87.21,202.90,1,-1,-1,-1
72,176,772.19,572.85,89.64,210.93,1,-1,-1,-1
73,175,833.61,821.65,86.93,203.22,1,-1,-1,-1
73,176,781.29,565.46,88.33,208.58,1,-1,-1,-1
74,175,824.75,819.74,85.87,202.23,1,-1,-1,-1
74,176,788.43,554.75,89.04,209.12,1,-1,-1,-1
75,175,816.41,818.37,85.93,203.03,1,-1,-1,-1
75,176,797.98,545.83,88.31,208.61,1,-1,-1,-1
76,175,808.08,817.13,86.26,203.61,1,-1,-1,-1
76,176,806.73,536.12,88.04,209.51,1,-1,-1,-1
77,175,800.13,812.24,86.34,204.17,1,-1,-1,-1
77,176,814.47,526.60,88.34,209.19,1,-1,-1,-1
78,175,791.61,808.54,87.35,206.44,1,-1,-1,-1
78,176,824.03,519.09,86.71,205.65,1,-1,-1,-1
79,175,783.62,806.93,87.99,206.57,1,-1,-1,-1
79,176,835.72,508.25,86.87,206.20,1,-1,-1,-1
80,175,775.76,802.75,88.68,206.26,1,-1,-1,-1
80,176,846.06,498.26,86.64,206.02,1,-1,-1,-1
81,175,767.54,795.81,90.04,206.87,1,-1,-1,-1
81,176,854.62,488.85,87.31,206.26,1,-1,-1,-1
82,175,761.97,789.22,93.22,212.67,1,-1,-1,-1
82,176,863.99,479.63,87.21,205.06,1,-1,-1,-1
83,175,755.33,782.43,94.84,215.15,1,-1,-1,-1
83,176,872.49,468.64,87.80,205.15,1,-1,-1,-1
84,175,748.90,779.62,94.50,214.26,1,-1,-1,-1
84,176,884.35,459.13,87.61,204.62,1,-1,-1,-1
85,175,744.79,773.46,95.48,215.96,1,-1,-1,-1
85,176,895.50,450.40,86.19,203.11,1,-1,-1,-1
86,175,739.26,765.92,96.41,217.15,1,-1,-1,-1
86,176,904.12,439.70,87.33,204.53,1,-1,-1,-1
87,175,735.78,761.94,97.23,217.92,1,-1,-1,-1
87,176,913.59,431.46,86.32,203.38,1,-1,-1,-1
88,175,731.10,755.88,97.43,217.40,1,-1,-1,-1
88,176,922.39,420.88,85.93,202.78,1,-1,-1,-1
89,175,727.96,747.98,99.13,219.72,1,-1,-1,-1
89,176,933.63,409.42,86.39,204.25,1,-1,-1,-1
90,175,726.32,740.84,99.51,219.96,1,-1,-1,-1
90,176,943.65,397.36,85.88,204.61,1,-1,-1,-1
91,175,723.33,738.50,97.69,215.83,1,-1,-1,-1
91,176,952.01,386.06,86.99,205.87,1,-1,-1,-1
92,175,720.95,730.58,98.97,218.57,1,-1,-1,-1
92,176,960.83,377.14,87.59,206.62,1,-1,-1,-1
93,175,719.44,723.03,100.52,220.38,1,-1,-1,-1
93,176,970.08,367.99,87.37,206.46,1,-1,-1,-1
94,175,719.42,716.13,100.40,219.82,1,-1,-1,-1
94,176,980.99,358.05,88.15,208.00,1,-1,-1,-1
95,175,719.88,709.46,99.71,217.88,1,-1,-1,-1
95,176,991.33,347.61,86.99,206.38,1,-1,-1,-1
96,175,720.45,702.35,98.49,215.39,1,-1,-1,-1
96,176,1000.14,337.30,87.18,207.70,1,-1,-1,-1
97,175,720.91,694.77,98.16,215.09,1,-1,-1,-1
97,176,1008.17,327.03,88.02,209.55,1,-1,-1,-1
98,175,721.54,686.77,98.19,215.55,1,-1,-1,-1
98,176,1016.42,318.32,87.72,208.70,1,-1,-1,-1
99,175,722.45,681.72,98.11,215.62,1,-1,-1,-1
99,176,1024.37,307.37,87.73,207.99,1,-1,-1,-1
100,175,726.13,674.44,99.04,216.54,1,-1,-1,-1
100,176,1032.73,299.43,87.14,205.97,1,-1,-1,-1
101,175,728.51,663.72,99.01,216.74,1,-1,-1,-1
101,176,1040.84,289.99,87.29,206.29,1,-1,-1,-1
102,175,733.57,657.60,99.20,216.70,1,-1,-1,-1
102,176,1047.90,281.02,87.58,206.64,1,-1,-1,-1
103,175,736.76,648.50,97.68,213.97,1,-1,-1,-1
103,176,1054.84,270.56,88.66,208.63,1,-1,-1,-1
104,175,738.64,639.13,98.98,215.11,1,-1,-1,-1
104,176,1059.75,263.41,87.50,205.66,1,-1,-1,-1
105,175,743.16,630.10,99.75,215.92,1,-1,-1,-1
105,176,1066.56,252.66,87.18,205.75,1,-1,-1,-1
106,175,749.75,622.28,99.52,214.89,1,-1,-1,-1
106,176,1072.46,243.08,87.34,206.06,1,-1,-1,-1
107,175,754.17,614.58,98.36,212.80,1,-1,-1,-1
107,176,1075.13,233.47,88.70,207.59,1,-1,-1,-1
108,175,760.22,605.72,98.25,212.61,1,-1,-1,-1
108,176,1080.56,225.18,88.72,207.31,1,-1,-1,-1
109,175,766.95,596.15,98.93,213.99,1,-1,-1,-1
109,176,1086.68,215.94,89.09,209.19,1,-1,-1,-1
110,175,771.32,587.81,98.70,213.67,1,-1,-1,-1
110,176,1090.09,207.15,89.06,208.69,1,-1,-1,-1
111,175,781.87,577.29,97.85,212.22,1,-1,-1,-1
111,176,1095.05,198.36,89.18,209.84,1,-1,-1,-1
112,175,787.83,567.57,97.16,211.54,1,-1,-1,-1
112,176,1099.15,190.61,87.70,208.23,1,-1,-1,-1
113,175,798.03,559.02,97.58,211.83,1,-1,-1,-1
113,176,1103.82,182.52,86.91,208.16,1,-1,-1,-1
114,175,803.85,550.69,97.44,210.74,1,-1,-1,-1
114,176,1105.44,173.91,87.31,209.34,1,-1,-1,-1
115,175,811.34,541.36,96.88,210.95,1,-1,-1,-1
115,176,1107.49,168.00,85.20,205.45,1,-1,-1,-1
116,175,822.83,529.76,96.64,210.31,1,-1,-1,-1
116,176,1107.17,160.11,85.63,205.56,1,-1,-1,-1
117,175,832.79,520.62,95.70,208.22,1,-1,-1,-1
117,176,1107.50,153.28,84.69,204.38,1,-1,-1,-1
118,175,841.45,510.41,96.17,209.61,1,-1,-1,-1
118,176,1107.79,146.40,83.78,203.08,1,-1,-1,-1
119,175,850.89,502.96,95.17,207.88,1,-1,-1,-1
119,176,1107.81,138.28,83.52,203.26,1,-1,-1,-1
120,175,859.50,494.13,95.06,208.36,1,-1,-1,-1
120,176,1107.47,131.21,83.22,203.21,1,-1,-1,-1
121,175,868.85,482.12,94.79,207.96,1,-1,-1,-1
121,176,1107.56,126.34,82.67,203.79,1,-1,-1,-1
122,175,880.89,472.43,94.66,207.50,1,-1,-1,-1
122,176,1103.76,119.73,82.81,204.45,1,-1,-1,-1
123,175,890.18,461.52,95.61,210.29,1,-1,-1,-1
123,176,1101.40,113.47,82.91,204.79,1,-1,-1,-1
124,175,900.14,450.96,93.99,207.08,1,-1,-1,-1
124,176,1099.23,106.96,82.28,204.59,1,-1,-1,-1
125,175,909.76,441.87,93.45,206.32,1,-1,-1,-1
125,176,1094.28,102.07,82.84,206.38,1,-1,-1,-1
126,175,919.13,432.73,92.78,205.85,1,-1,-1,-1
126,176,1091.22,97.15,82.25,204.62,1,-1,-1,-1
127,175,930.22,423.04,93.79,207.09,1,-1,-1,-1
127,176,1086.03,91.76,81.99,204.15,1,-1,-1,-1
128,175,939.43,413.79,94.66,208.08,1,-1,-1,-1
128,176,1078.95,86.74,83.06,205.48,1,-1,-1,-1
129,175,949.25,401.93,94.36,207.56,1,-1,-1,-1
129,176,1075.87,83.02,81.67,203.21,1,-1,-1,-1
130,175,958.51,392.31,93.42,205.39,1,-1,-1,-1
130,176,1069.01,77.26,83.23,206.88,1,-1,-1,-1
131,175,966.95,383.99,93.41,204.38,1,-1,-1,-1
131,176,1062.01,72.57,83.14,206.38,1,-1,-1,-1
132,175,978.30,372.06,93.29,204.36,1,-1,-1,-1
132,176,1057.30,68.67,83.55,207.37,1,-1,-1,-1
133,175,988.17,361.74,92.68,203.54,1,-1,-1,-1
133,176,1051.17,65.16,83.04,205.85,1,-1,-1,-1
134,175,998.22,354.52,91.77,201.15,1,-1,-1,-1
134,176,1043.00,61.27,83.74,207.24,1,-1,-1,-1
135,175,1006.93,345.20,91.69,201.89,1,-1,-1,-1
135,176,1035.35,58.18,83.29,205.94,1,-1,-1,-1
136,175,1015.10,331.72,92.62,205.64,1,-1,-1,-1
136,176,1027.94,55.99,82.42,205.36,1,-1,-1,-1
137,175,1024.83,323.99,90.43,202.15,1,-1,-1,-1
137,176,1019.96,52.35,81.46,203.82,1,-1,-1,-1
138,175,1032.56,314.92,90.41,203.24,1,-1,-1,-1
138,176,1011.57,48.69,82.03,205.08,1,-1,-1,-1
139,175,1041.27,306.22,89.34,202.64,1,-1,-1,-1
139,176,1000.23,47.69,81.24,202.19,1,-1,-1,-1
140,175,1048.91,296.94,89.29,203.48,1,-1,-1,-1
140,176,989.34,43.84,82.07,203.19,1,-1,-1,-1
141,175,1056.88,289.25,88.81,202.10,1,-1,-1,-1
141,176,981.34,43.07,81.19,201.62,1,-1,-1,-1
142,175,1064.00,280.00,89.02,203.52,1,-1,-1,-1
142,176,972.56,42.11,81.83,202.45,1,-1,-1,-1
143,175,1072.08,267.82,88.71,205.58,1,-1,-1,-1
143,176,963.29,41.09,82.06,203.65,1,-1,-1,-1
144,175,1079.05,257.64,88.81,206.10,1,-1,-1,-1
144,176,953.35,38.01,83.77,206.61,1,-1,-1,-1
145,175,1084.44,249.98,87.11,203.36,1,-1,-1,-1
145,176,942.81,37.29,82.10,202.18,1,-1,-1,-1
146,175,1090.08,240.87,87.06,203.64,1,-1,-1,-1
146,176,933.56,36.80,81.24,201.63,1,-1,-1,-1
147,175,1096.22,232.02,87.17,204.95,1,-1,-1,-1
147,176,924.88,36.55,80.69,201.62,1,-1,-1,-1
148,175,1099.76,219.72,87.78,206.12,1,-1,-1,-1
148,176,915.20,35.84,80.69,202.66,1,-1,-1,-1
149,175,1105.26,214.27,87.48,205.01,1,-1,-1,-1
149,176,906.50,35.88,80.25,202.69,1,-1,-1,-1
150,175,1108.17,206.84,87.87,205.65,1,-1,-1,-1
150,176,895.16,36.19,79.91,201.85,1,-1,-1,-1
151,175,1111.93,198.73,88.60,206.04,1,-1,-1,-1
151,176,884.99,35.89,80.14,202.27,1,-1,-1,-1
152,175,1114.43,187.71,88.36,205.49,1,-1,-1,-1
152,176,875.16,36.11,80.84,202.60,1,-1,-1,-1
153,175,1116.73,180.39,87.16,201.83,1,-1,-1,-1
153,176,867.17,39.68,80.00,201.56,1,-1,-1,-1
154,175,1120.01,174.86,87.68,203.26,1,-1,-1,-1
154,176,855.27,40.59,80.09,201.49,1,-1,-1,-1
155,175,1122.28,168.66,87.08,202.02,1,-1,-1,-1
155,176,845.42,41.07,80.14,201.57,1,-1,-1,-1
156,175,1124.08,162.80,86.03,199.56,1,-1,-1,-1
156,176,836.77,42.83,79.69,201.98,1,-1,-1,-1
157,175,1123.73,154.74,85.74,199.43,1,-1,-1,-1
157,176,826.52,43.38,80.91,203.72,1,-1,-1,-1
158,175,1123.39,147.57,84.99,198.96,1,-1,-1,-1
158,176,818.30,45.12,80.01,201.83,1,-1,-1,-1
159,175,1124.40,140.76,84.57,197.10,1,-1,-1,-1
159,176,809.94,48.27,81.15,204.22,1,-1,-1,-1
160,175,1124.41,134.66,84.54,196.38,1,-1,-1,-1
160,176,802.07,51.00,80.28,203.48,1,-1,-1,-1
161,175,1122.86,128.14,84.41,194.92,1,-1,-1,-1
161,176,793.87,55.15,80.39,203.76,1,-1,-1,-1
162,175,1119.97,124.84,83.05,193.84,1,-1,-1,-1
162,176,785.73,59.08,79.93,202.47,1,-1,-1,-1
163,175,1117.22,119.18,82.22,193.12,1,-1,-1,-1
163,176,779.19,65.31,77.64,198.73,1,-1,-1,-1
164,175,1115.42,113.36,81.36,192.00,1,-1,-1,-1
164,176,770.74,67.36,78.64,200.91,1,-1,-1,-1
165,175,1112.22,110.05,80.48,191.03,1,-1,-1,-1
165,176,762.80,71.59,79.33,201.29,1,-1,-1,-1
166,175,1108.41,103.40,80.80,192.32,1,-1,-1,-1
166,176,757.15,76.32,77.56,197.99,1,-1,-1,-1
167,175,1102.80,97.33,80.68,193.12,1,-1,-1,-1
167,176,749.21,80.63,78.87,199.21,1,-1,-1,-1
168,175,1096.23,92.39,81.13,193.52,1,-1,-1,-1
168,176,744.76,84.47,78.78,200.53,1,-1,-1,-1
169,175,1092.11,88.12,80.26,193.33,1,-1,-1,-1
169,176,740.11,90.33,77.57,198.92,1,-1,-1,-1
170,175,1086.53,84.49,80.92,194.81,1,-1,-1,-1
170,176,734.62,94.56,76.75,198.32,1,-1,-1,-1
171,175,1080.44,82.86,80.15,193.93,1,-1,-1,-1
171,176,730.12,98.76,77.13,199.74,1,-1,-1,-1
172,175,1075.03,76.71,80.21,195.39,1,-1,-1,-1
172,176,726.03,103.48,75.62,197.40,1,-1,-1,-1
173,175,1068.04,72.62,79.62,193.92,1,-1,-1,-1
173,176,722.11,106.89,77.19,200.96,1,-1,-1,-1
174,175,1060.06,67.76,81.75,197.29,1,-1,-1,-1
174,176,718.05,112.56,76.96,201.26,1,-1,-1,-1
175,175,1051.53,62.99,81.77,196.67,1,-1,-1,-1
175,176,714.36,118.05,78.71,205.00,1,-1,-1,-1
176,175,1043.48,59.64,82.29,196.98,1,-1,-1,-1
176,176,710.73,124.86,77.15,201.40,1,-1,-1,-1
177,175,1034.73,54.64,82.73,198.64,1,-1,-1,-1
177,176,708.48,131.01,77.61,201.27,1,-1,-1,-1
178,175,1025.86,51.79,83.32,200.56,1,-1,-1,-1
178,176,708.19,138.46,77.04,199.85,1,-1,-1,-1
179,175,1014.94,50.57,83.47,200.61,1,-1,-1,-1
179,176,707.78,144.85,77.75,201.98,1,-1,-1,-1
180,175,1005.19,49.09,83.79,200.34,1,-1,-1,-1
180,176,707.34,152.17,78.00,202.37,1,-1,-1,-1
181,175,996.11,45.63,84.16,200.73,1,-1,-1,-1
181,176,706.59,156.91,78.49,202.74,1,-1,-1,-1
182,175,987.21,43.47,84.88,202.03,1,-1,-1,-1
182,176,706.08,163.55,79.17,203.24,1,-1,-1,-1
183,175,978.63,42.24,84.07,200.45,1,-1,-1,-1
183,176,707.04,171.30,78.70,202.69,1,-1,-1,-1
184,175,969.19,41.83,83.85,199.29,1,-1,-1,-1
184,176,708.13,179.06,78.66,203.04,1,-1,-1,-1
185,175,960.35,41.11,84.90,200.05,1,-1,-1,-1
185,176,711.76,186.61,79.79,204.25,1,-1,-1,-1
186,175,949.00,37.15,85.69,202.06,1,-1,-1,-1
186,176,714.99,194.61,79.79,204.57,1,-1,-1,-1
187,175,938.15,35.34,86.19,203.33,1,-1,-1,-1
187,176,719.33,202.40,80.44,205.13,1,-1,-1,-1
188,175,928.89,39.18,85.54,200.52,1,-1,-1,-1
188,176,721.81,210.29,81.12,205.66,1,-1,-1,-1
189,175,919.19,36.65,86.36,202.50,1,-1,-1,-1
189,176,726.23,219.75,83.15,208.98,1,-1,-1,-1
190,175,907.53,35.68,86.63,202.99,1,-1,-1,-1
190,176,728.44,228.35,84.44,209.78,1,-1,-1,-1
191,175,897.55,39.84,84.65,199.65,1,-1,-1,-1
191,176,734.15,236.71,85.11,210.28,1,-1,-1,-1
192,175,887.94,41.22,85.09,200.73,1,-1,-1,-1
192,176,741.26,246.92,84.69,208.80,1,-1,-1,-1
193,175,879.75,41.70,84.74,201.06,1,-1,-1,-1
193,176,746.04,257.98,83.59,204.93,1,-1,-1,-1
194,175,868.61,43.43,84.80,200.42,1,-1,-1,-1
194,176,752.33,267.96,82.74,203.18,1,-1,-1,-1
195,175,858.67,48.59,83.22,198.17,1,-1,-1,-1
195,176,759.41,276.92,82.42,203.04,1,-1,-1,-1
196,175,849.87,50.87,82.42,198.43,1,-1,-1,-1
196,176,766.42,285.74,84.36,205.68,1,-1,-1,-1
197,175,841.14,50.96,82.62,200.17,1,-1,-1,-1
197,176,773.95,295.65,84.96,206.09,1,-1,-1,-1
198,175,833.13,56.31,81.25,199.09,1,-1,-1,-1
198,176,783.25,304.95,84.27,205.80,1,-1,-1,-1
199,175,822.64,59.05,80.47,198.35,1,-1,-1,-1
199,176,790.97,314.78,84.12,205.75,1,-1,-1,-1
200,175,813.67,58.66,80.53,199.94,1,-1,-1,-1
200,176,798.68,322.87,84.93,206.24,1,-1,-1,-1
201,175,804.37,59.51,81.38,200.92,1,-1,-1,-1
201,176,805.99,331.37,87.15,210.38,1,-1,-1,-1
202,175,796.28,61.03,81.87,200.84,1,-1,-1,-1
202,176,814.84,341.71,86.96,209.92,1,-1,-1,-1
203,175,788.03,65.58,82.21,201.36,1,-1,-1,-1
203,176,824.01,351.53,86.46,209.04,1,-1,-1,-1
204,175,783.13,71.81,82.32,201.07,1,-1,-1,-1
204,176,832.65,361.21,86.19,208.05,1,-1,-1,-1
205,175,776.47,74.51,82.20,201.56,1,-1,-1,-1
205,176,840.98,369.89,86.54,208.17,1,-1,-1,-1
206,175,769.21,79.68,82.68,201.61,1,-1,-1,-1
206,176,852.50,378.21,87.19,208.71,1,-1,-1,-1
207,175,761.93,83.18,82.88,201.54,1,-1,-1,-1
207,176,861.39,388.18,88.47,210.63,1,-1,-1,-1
208,175,755.48,88.92,82.20,200.06,1,-1,-1,-1
208,176,871.47,399.63,87.69,208.37,1,-1,-1,-1
209,175,751.37,90.68,82.09,201.10,1,-1,-1,-1
209,176,881.21,410.93,86.77,206.38,1,-1,-1,-1
210,175,745.34,92.94,82.44,201.90,1,-1,-1,-1
210,176,892.59,422.10,87.55,207.41,1,-1,-1,-1
211,175,742.19,98.18,83.09,201.70,1,-1,-1,-1
211,176,903.21,432.27,87.40,207.03,1,-1,-1,-1
212,175,738.31,105.71,82.28,198.73,1,-1,-1,-1
212,176,912.37,442.11,87.33,206.43,1,-1,-1,-1
213,175,734.78,112.46,83.39,199.96,1,-1,-1,-1
213,176,922.31,452.43,85.84,204.62,1,-1,-1,-1
214,175,730.93,118.12,82.58,198.96,1,-1,-1,-1
214,176,933.74,463.70,86.55,205.93,1,-1,-1,-1
215,175,728.31,123.22,82.88,199.57,1,-1,-1,-1
215,176,943.49,473.31,87.00,206.64,1,-1,-1,-1
216,175,726.87,129.69,82.80,200.22,1,-1,-1,-1
216,176,952.50,483.27,87.10,206.35,1,-1,-1,-1
217,175,726.53,137.25,82.07,199.62,1,-1,-1,-1
217,176,962.06,493.96,87.12,206.43,1,-1,-1,-1
218,175,724.28,142.04,81.36,198.82,1,-1,-1,-1
218,176,973.30,502.37,87.85,208.50,1,-1,-1,-1
219,175,723.67,148.98,80.82,198.64,1,-1,-1,-1
219,176,983.23,511.92,87.45,208.14,1,-1,-1,-1
220,175,722.88,155.39,81.08,198.81,1,-1,-1,-1
220,176,992.77,522.27,86.53,206.55,1,-1,-1,-1
221,175,722.42,162.64,82.28,199.83,1,-1,-1,-1
221,176,1000.41,530.29,87.76,208.71,1,-1,-1,-1
222,175,722.41,170.46,82.77,199.83,1,-1,-1,-1
222,176,1009.51,541.60,86.96,207.61,1,-1,-1,-1
223,175,722.35,178.62,83.48,201.31,1,-1,-1,-1
223,176,1018.08,551.55,86.49,207.26,1,-1,-1,-1
224,175,725.22,185.27,84.17,202.29,1,-1,-1,-1
224,176,1026.27,560.17,86.65,208.18,1,-1,-1,-1
225,175,726.80,192.00,85.58,204.73,1,-1,-1,-1
225,176,1033.79,568.79,87.38,208.90,1,-1,-1,-1
226,175,728.46,199.93,86.32,205.00,1,-1,-1,-1
226,176,1041.88,577.76,87.02,209.21,1,-1,-1,-1
227,175,733.28,207.16,87.30,206.47,1,-1,-1,-1
227,176,1048.74,585.75,87.79,210.42,1,-1,-1,-1
228,175,735.96,215.68,86.88,204.84,1,-1,-1,-1
228,176,1056.58,595.99,88.14,211.06,1,-1,-1,-1
229,175,740.78,223.42,87.79,205.52,1,-1,-1,-1
229,176,1063.03,604.58,89.36,212.39,1,-1,-1,-1
230,175,743.72,231.80,88.46,206.04,1,-1,-1,-1
230,176,1070.86,613.13,89.17,212.78,1,-1,-1,-1
231,175,750.24,241.41,87.05,204.65,1,-1,-1,-1
231,176,1074.39,622.26,89.60,212.63,1,-1,-1,-1
232,175,756.46,249.64,86.58,204.75,1,-1,-1,-1
232,176,1080.35,631.57,88.97,211.84,1,-1,-1,-1
233,175,760.72,257.88,86.96,206.34,1,-1,-1,-1
233,176,1086.87,639.84,88.73,212.15,1,-1,-1,-1
234,175,767.08,265.93,87.37,206.39,1,-1,-1,-1
234,176,1090.03,648.80,88.60,211.19,1,-1,-1,-1
235,175,773.76,274.77,87.07,205.53,1,-1,-1,-1
235,176,1094.24,655.32,90.55,214.79,1,-1,-1,-1
236,175,781.97,287.43,86.39,203.26,1,-1,-1,-1
236,176,1096.56,663.23,91.06,214.31,1,-1,-1,-1
237,175,789.56,296.82,86.86,204.38,1,-1,-1,-1
237,176,1098.90,671.92,89.95,212.49,1,-1,-1,-1
238,175,798.45,305.87,86.82,204.04,1,-1,-1,-1
238,176,1101.66,678.55,91.88,215.40,1,-1,-1,-1
239,175,806.78,314.40,86.79,204.21,1,-1,-1,-1
239,176,1104.21,687.20,90.88,214.24,1,-1,-1,-1
240,175,815.14,322.63,87.00,205.61,1,-1,-1,-1
240,176,1105.36,694.89,90.95,213.82,1,-1,-1,-1
241,175,823.00,330.74,87.44,206.29,1,-1,-1,-1
241,176,1106.04,703.03,90.56,212.88,1,-1,-1,-1
242,175,832.38,343.18,86.52,204.78,1,-1,-1,-1
242,176,1105.76,709.68,91.05,214.40,1,-1,-1,-1
243,175,842.09,354.09,85.50,202.95,1,-1,-1,-1
243,176,1105.27,716.23,91.84,215.70,1,-1,-1,-1
244,175,852.87,362.47,86.19,204.63,1,-1,-1,-1
244,176,1104.69,723.05,92.76,216.33,1,-1,-1,-1
245,175,862.43,370.79,86.63,205.40,1,-1,-1,-1
245,176,1103.94,730.25,93.10,216.07,1,-1,-1,-1
246,175,872.02,382.27,87.10,206.11,1,-1,-1,-1
246,176,1103.48,735.96,92.17,214.94,1,-1,-1,-1
247,175,881.77,393.13,86.40,203.86,1,-1,-1,-1
247,176,1102.34,742.66,91.96,214.98,1,-1,-1,-1
248,175,892.98,400.84,87.66,206.19,1,-1,-1,-1
248,176,1098.72,749.03,91.70,215.11,1,-1,-1,-1
249,175,902.64,413.46,88.31,206.28,1,-1,-1,-1
249,176,1095.91,755.41,92.24,215.54,1,-1,-1,-1
250,175,911.71,423.51,89.18,207.11,1,-1,-1,-1
250,176,1094.24,762.68,91.97,214.67,1,-1,-1,-1
