1,189,919.97,432.00,91.43,205.24,1,-1,-1,-1
1,190,907.50,184.57,80.94,204.82,1,-1,-1,-1
2,189,927.30,433.75,90.64,203.51,1,-1,-1,-1
2,190,901.46,186.56,80.26,203.25,1,-1,-1,-1
3,189,934.44,434.51,90.79,203.82,1,-1,-1,-1
3,190,894.37,188.03,80.16,202.98,1,-1,-1,-1
4,189,942.77,436.02,89.99,202.09,1,-1,-1,-1
4,190,885.97,188.56,79.71,201.81,1,-1,-1,-1
5,189,950.52,439.10,91.13,204.68,1,-1,-1,-1
5,190,878.18,189.07,79.88,202.07,1,-1,-1,-1
6,189,958.51,440.94,91.36,204.77,1,-1,-1,-1
6,190,869.96,193.02,80.17,202.72,1,-1,-1,-1
7,189,966.23,442.04,91.68,205.39,1,-1,-1,-1
7,190,861.71,195.46,80.40,202.77,1,-1,-1,-1
8,189,973.46,446.12,92.42,206.69,1,-1,-1,-1
8,190,853.08,196.27,81.22,203.48,1,-1,-1,-1
9,189,981.37,448.35,92.20,206.15,1,-1,-1,-1
9,190,848.13,198.39,82.74,206.86,1,-1,-1,-1
10,189,989.45,449.48,92.32,206.03,1,-1,-1,-1
10,190,840.99,200.40,83.27,207.81,1,-1,-1,-1
11,189,997.06,451.51,91.39,203.80,1,-1,-1,-1
11,190,833.38,202.29,83.14,207.32,1,-1,-1,-1
12,189,1003.97,453.98,93.10,207.66,1,-1,-1,-1
12,190,825.61,205.00,84.07,208.67,1,-1,-1,-1
13,189,1012.04,456.51,92.64,206.62,1,-1,-1,-1
13,190,818.17,207.62,83.87,207.76,1,-1,-1,-1
14,189,1019.91,456.89,93.00,207.18,1,-1,-1,-1
14,190,810.74,209.41,83.98,207.68,1,-1,-1,-1
15,189,1024.87,459.00,92.20,205.08,1,-1,-1,-1
15,190,803.06,210.80,83.90,207.56,1,-1,-1,-1
16,189,1030.35,461.72,93.62,208.43,1,-1,-1,-1
16,190,795.39,214.01,84.28,207.70,1,-1,-1,-1
17,189,1037.43,463.32,93.99,209.19,1,-1,-1,-1
17,190,787.39,215.77,84.57,208.06,1,-1,-1,-1
18,189,1045.00,465.10,93.60,208.46,1,-1,-1,-1
18,190,782.56,216.24,85.48,210.03,1,-1,-1,-1
19,189,1051.79,467.78,95.01,211.23,1,-1,-1,-1
19,190,775.77,217.88,85.34,209.99,1,-1,-1,-1
20,189,1058.92,470.41,94.92,210.70,1,-1,-1,-1
20,190,769.20,221.54,85.04,208.98,1,-1,-1,-1
21,189,1066.80,471.89,94.71,210.25,1,-1,-1,-1
21,190,761.69,224.04,85.18,208.88,1,-1,-1,-1
22,189,1071.50,476.45,94.21,209.15,1,-1,-1,-1
22,190,754.83,225.93,84.54,207.42,1,-1,-1,-1
23,189,1077.49,477.99,94.29,209.47,1,-1,-1,-1
23,190,750.77,227.47,84.22,207.13,1,-1,-1,-1
24,189,1083.99,479.11,94.56,209.60,1,-1,-1,-1
24,190,744.30,229.79,84.90,208.45,1,-1,-1,-1
25,189,1091.90,480.73,93.86,208.22,1,-1,-1,-1
25,190,737.07,231.64,84.86,208.64,1,-1,-1,-1
26,189,1098.97,480.88,94.32,209.35,1,-1,-1,-1
26,190,729.89,233.45,84.98,208.71,1,-1,-1,-1
27,189,1103.58,486.05,93.44,207.58,1,-1,-1,-1
27,190,722.26,234.26,84.85,208.62,1,-1,-1,-1
28,189,1109.68,488.67,93.04,206.58,1,-1,-1,-1
28,190,718.05,236.04,86.00,210.97,1,-1,-1,-1
29,189,1115.93,488.83,94.02,208.20,1,-1,-1,-1
29,190,712.20,238.31,85.62,210.47,1,-1,-1,-1
30,189,1120.12,490.69,93.35,206.39,1,-1,-1,-1
30,190,706.65,241.45,84.27,207.85,1,-1,-1,-1
31,189,1125.17,493.27,94.31,208.67,1,-1,-1,-1
31,190,699.92,243.67,83.48,205.90,1,-1,-1,-1
32,189,1130.98,494.49,95.11,210.11,1,-1,-1,-1
32,190,695.27,245.21,85.00,208.89,1,-1,-1,-1
33,189,1138.22,496.10,94.76,209.40,1,-1,-1,-1
33,190,689.40,247.76,84.93,208.47,1,-1,-1,-1
34,189,1142.32,497.05,94.36,208.54,1,-1,-1,-1
34,190,686.54,249.80,84.38,207.23,1,-1,-1,-1
35,189,1147.68,497.21,94.83,209.21,1,-1,-1,-1
35,190,680.83,250.47,84.67,208.18,1,-1,-1,-1
36,189,1150.78,500.89,95.28,209.95,1,-1,-1,-1
36,190,675.45,254.90,83.86,206.50,1,-1,-1,-1
37,189,1155.93,503.23,95.23,209.77,1,-1,-1,-1
37,190,672.13,256.89,83.77,206.17,1,-1,-1,-1
38,189,1161.78,503.43,96.03,211.37,1,-1,-1,-1
38,190,666.38,258.91,83.48,205.39,1,-1,-1,-1
39,189,1164.78,507.64,96.12,211.25,1,-1,-1,-1
39,190,660.12,260.34,83.30,204.46,1,-1,-1,-1
40,189,1170.70,510.44,95.48,209.71,1,-1,-1,-1
40,190,656.41,263.16,83.97,205.93,1,-1,-1,-1
41,189,1174.23,511.61,94.86,208.93,1,-1,-1,-1
41,190,651.57,265.38,83.70,204.97,1,-1,-1,-1
42,189,1179.46,512.77,94.75,208.72,1,-1,-1,-1
42,190,648.32,267.28,83.80,205.10,1,-1,-1,-1
43,189,1182.77,517.30,94.23,207.78,1,-1,-1,-1
43,190,643.23,268.24,83.90,205.61,1,-1,-1,-1
44,189,1184.47,519.84,93.86,206.81,1,-1,-1,-1
44,190,640.75,271.33,84.13,206.09,1,-1,-1,-1
45,189,1189.04,520.80,93.75,206.81,1,-1,-1,-1
45,190,638.38,272.25,85.18,208.21,1,-1,-1,-1
46,189,1194.43,520.89,94.46,208.65,1,-1,-1,-1
46,190,634.41,275.06,84.43,206.19,1,-1,-1,-1
47,189,1196.41,524.06,95.16,210.07,1,-1,-1,-1
47,190,631.09,275.35,85.19,207.89,1,-1,-1,-1
48,189,1198.18,526.25,94.91,209.56,1,-1,-1,-1
48,190,626.69,279.21,85.07,206.77,1,-1,-1,-1
49,189,1202.81,528.09,94.44,208.69,1,-1,-1,-1
49,190,624.33,281.28,85.07,206.91,1,-1,-1,-1
50,189,1205.17,529.41,93.81,207.59,1,-1,-1,-1
50,190,623.00,282.76,85.10,206.84,1,-1,-1,-1
51,189,1206.96,530.97,93.09,205.99,1,-1,-1,-1
51,190,622.18,285.97,85.14,206.41,1,-1,-1,-1
52,189,1207.98,534.57,93.22,206.38,1,-1,-1,-1
52,190,619.00,288.50,84.82,205.50,1,-1,-1,-1
53,189,1211.34,534.86,94.56,209.23,1,-1,-1,-1
53,190,617.10,289.51,84.61,205.95,1,-1,-1,-1
54,189,1213.00,536.35,94.78,209.13,1,-1,-1,-1
54,190,615.71,291.02,84.39,205.95,1,-1,-1,-1
55,189,1213.91,540.21,95.19,209.81,1,-1,-1,-1
55,190,611.89,292.08,84.18,205.97,1,-1,-1,-1
56,189,1214.86,543.02,94.53,208.20,1,-1,-1,-1
56,190,610.21,294.92,84.50,206.46,1,-1,-1,-1
57,189,1218.58,544.58,94.21,207.44,1,-1,-1,-1
57,190,609.18,297.33,84.36,206.37,1,-1,-1,-1
58,189,1220.28,545.26,94.24,207.31,1,-1,-1,-1
58,190,608.68,299.23,84.03,205.84,1,-1,-1,-1
59,189,1221.10,546.57,93.82,206.26,1,-1,-1,-1
59,190,607.62,299.37,84.94,207.80,1,-1,-1,-1
60,189,1221.14,550.58,94.01,206.31,1,-1,-1,-1
60,190,607.52,301.71,85.61,209.00,1,-1,-1,-1
61,189,1221.41,552.52,94.12,206.21,1,-1,-1,-1
61,190,607.73,304.03,85.59,208.47,1,-1,-1,-1
62,189,1221.34,553.51,94.62,206.98,1,-1,-1,-1
62,190,607.81,305.53,85.59,208.28,1,-1,-1,-1
63,189,1221.22,554.13,94.93,207.48,1,-1,-1,-1
63,190,607.56,306.22,85.91,209.02,1,-1,-1,-1
64,189,1220.57,556.85,96.02,209.84,1,-1,-1,-1
64,190,607.48,309.13,86.38,209.65,1,-1,-1,-1
65,189,1220.54,558.49,96.20,210.37,1,-1,-1,-1
65,190,607.62,311.20,86.33,209.25,1,-1,-1,-1
66,189,1220.49,559.76,96.15,210.39,1,-1,-1,-1
66,190,607.88,313.38,85.88,208.00,1,-1,-1,-1
67,189,1220.06,561.37,95.64,208.97,1,-1,-1,-1
67,190,608.09,314.65,85.81,207.91,1,-1,-1,-1
68,189,1219.72,565.33,95.96,209.31,1,-1,-1,-1
68,190,608.18,317.22,86.33,209.04,1,-1,-1,-1
69,189,1219.27,567.17,96.17,209.34,1,-1,-1,-1
69,190,608.87,319.57,85.87,208.15,1,-1,-1,-1
70,189,1218.85,568.56,96.04,208.82,1,-1,-1,-1
70,190,609.49,321.66,85.46,207.33,1,-1,-1,-1
71,189,1215.39,570.23,95.70,207.70,1,-1,-1,-1
71,190,609.95,322.94,85.40,207.39,1,-1,-1,-1
72,189,1213.44,573.50,96.16,208.54,1,-1,-1,-1
72,190,610.41,326.28,85.62,207.33,1,-1,-1,-1
73,189,1211.78,574.54,96.97,209.75,1,-1,-1,-1
73,190,614.18,328.43,85.88,207.43,1,-1,-1,-1
74,189,1210.91,575.04,97.38,210.44,1,-1,-1,-1
74,190,616.20,329.95,85.99,207.48,1,-1,-1,-1
75,189,1209.93,576.44,97.34,210.15,1,-1,-1,-1
75,190,617.57,333.13,86.32,207.34,1,-1,-1,-1
76,189,1206.30,581.62,96.58,208.17,1,-1,-1,-1
76,190,621.11,334.46,86.93,208.61,1,-1,-1,-1
77,189,1203.98,583.93,96.49,207.71,1,-1,-1,-1
77,190,623.50,336.41,86.79,208.52,1,-1,-1,-1
78,189,1202.48,585.23,96.49,207.79,1,-1,-1,-1
78,190,625.23,339.38,85.72,206.33,1,-1,-1,-1
79,189,1198.18,585.97,96.73,208.24,1,-1,-1,-1
79,190,626.92,343.17,85.21,204.82,1,-1,-1,-1
80,189,1195.12,588.85,97.34,209.61,1,-1,-1,-1
80,190,630.98,344.11,85.86,206.54,1,-1,-1,-1
81,189,1193.29,589.73,97.89,211.05,1,-1,-1,-1
81,190,634.36,346.94,84.86,204.37,1,-1,-1,-1
82,189,1189.00,591.61,97.52,210.41,1,-1,-1,-1
82,190,638.57,347.15,85.36,205.60,1,-1,-1,-1
83,189,1186.31,592.96,97.21,209.64,1,-1,-1,-1
83,190,641.51,348.13,85.24,205.96,1,-1,-1,-1
84,189,1181.55,597.01,96.95,209.31,1,-1,-1,-1
84,190,645.75,349.87,86.29,208.27,1,-1,-1,-1
85,189,1178.50,598.13,97.48,210.23,1,-1,-1,-1
85,190,648.60,351.51,86.28,208.19,1,-1,-1,-1
86,189,1173.84,599.74,96.76,208.88,1,-1,-1,-1
86,190,653.94,353.24,85.87,207.28,1,-1,-1,-1
87,189,1170.63,600.80,96.95,209.44,1,-1,-1,-1
87,190,657.22,355.27,85.14,205.75,1,-1,-1,-1
88,189,1164.98,604.96,96.86,209.13,1,-1,-1,-1
88,190,662.34,358.39,85.86,206.96,1,-1,-1,-1
89,189,1161.31,605.44,97.97,211.52,1,-1,-1,-1
89,190,665.74,360.21,86.04,207.35,1,-1,-1,-1
90,189,1156.30,607.29,97.38,210.27,1,-1,-1,-1
90,190,671.49,362.38,85.60,205.92,1,-1,-1,-1
91,189,1153.19,609.00,97.21,209.52,1,-1,-1,-1
91,190,674.82,364.51,84.83,204.47,1,-1,-1,-1
92,189,1147.56,612.31,97.93,210.53,1,-1,-1,-1
92,190,679.40,365.60,86.36,207.41,1,-1,-1,-1
93,189,1141.46,614.68,97.59,209.55,1,-1,-1,-1
93,190,685.81,367.71,86.16,206.84,1,-1,-1,-1
94,189,1137.42,615.95,98.14,210.47,1,-1,-1,-1
94,190,689.75,370.56,85.41,205.54,1,-1,-1,-1
95,189,1130.85,615.79,99.25,212.65,1,-1,-1,-1
95,190,695.68,371.35,85.39,205.93,1,-1,-1,-1
96,189,1124.60,619.78,98.87,212.21,1,-1,-1,-1
96,190,702.30,374.50,85.36,205.80,1,-1,-1,-1
97,189,1120.44,621.51,99.33,212.64,1,-1,-1,-1
97,190,706.76,377.25,84.81,204.79,1,-1,-1,-1
98,189,1114.64,622.63,99.39,212.50,1,-1,-1,-1
98,190,712.00,377.95,85.67,206.55,1,-1,-1,-1
99,189,1108.30,624.82,98.07,209.86,1,-1,-1,-1
99,190,718.56,379.53,85.27,205.55,1,-1,-1,-1
100,189,1101.45,628.67,97.80,209.57,1,-1,-1,-1
100,190,722.67,382.56,85.55,205.86,1,-1,-1,-1
101,189,1096.68,629.60,98.95,211.80,1,-1,-1,-1
101,190,728.86,384.37,85.71,206.19,1,-1,-1,-1
102,189,1090.39,631.71,98.66,211.03,1,-1,-1,-1
102,190,735.88,386.02,85.57,205.73,1,-1,-1,-1
103,189,1083.07,631.91,99.49,212.21,1,-1,-1,-1
103,190,743.22,387.75,85.12,204.85,1,-1,-1,-1
104,189,1076.15,635.88,99.15,211.74,1,-1,-1,-1
104,190,747.88,389.68,84.18,202.62,1,-1,-1,-1
105,189,1069.18,638.63,98.61,210.47,1,-1,-1,-1
105,190,754.37,393.27,84.17,202.78,1,-1,-1,-1
106,189,1064.17,638.77,99.56,212.51,1,-1,-1,-1
106,190,761.19,394.80,84.68,204.02,1,-1,-1,-1
107,189,1057.85,640.06,99.09,211.48,1,-1,-1,-1
107,190,768.92,396.30,84.40,203.76,1,-1,-1,-1
108,189,1051.30,644.11,99.04,211.06,1,-1,-1,-1
108,190,775.83,398.63,85.35,205.48,1,-1,-1,-1
109,189,1044.15,646.55,98.30,209.61,1,-1,-1,-1
109,190,783.28,400.50,85.38,205.55,1,-1,-1,-1
110,189,1036.92,648.37,98.11,209.33,1,-1,-1,-1
110,190,791.19,403.00,84.67,204.41,1,-1,-1,-1
111,189,1028.83,648.92,98.43,210.21,1,-1,-1,-1
111,190,796.13,404.49,84.35,203.80,1,-1,-1,-1
112,189,1023.99,652.27,98.86,211.38,1,-1,-1,-1
112,190,802.98,408.61,83.95,202.52,1,-1,-1,-1
113,189,1017.10,653.29,99.36,212.87,1,-1,-1,-1
113,190,809.84,409.75,84.75,204.11,1,-1,-1,-1
114,189,1010.32,655.79,98.19,210.86,1,-1,-1,-1
114,190,817.49,412.32,83.77,202.52,1,-1,-1,-1
115,189,1002.32,655.78,98.72,212.25,1,-1,-1,-1
115,190,825.19,415.32,84.19,202.91,1,-1,-1,-1
116,189,994.92,660.41,98.08,211.15,1,-1,-1,-1
116,190,832.84,416.72,84.76,203.91,1,-1,-1,-1
117,189,987.58,662.08,98.11,211.20,1,-1,-1,-1
117,190,840.69,418.69,84.53,203.08,1,-1,-1,-1
118,189,980.15,663.78,97.67,210.78,1,-1,-1,-1
118,190,849.00,420.81,84.00,201.82,1,-1,-1,-1
119,189,972.41,667.92,97.22,210.37,1,-1,-1,-1
119,190,856.16,421.60,84.42,202.71,1,-1,-1,-1
120,189,964.86,669.64,97.05,210.97,1,-1,-1,-1
120,190,860.78,425.73,84.15,201.12,1,-1,-1,-1
121,189,957.23,671.53,96.37,209.91,1,-1,-1,-1
121,190,867.56,428.30,83.71,199.98,1,-1,-1,-1
122,189,949.69,672.86,95.99,209.66,1,-1,-1,-1
122,190,874.22,429.01,84.40,201.46,1,-1,-1,-1
123,189,941.92,676.54,95.82,209.81,1,-1,-1,-1
123,190,882.18,429.96,84.17,201.92,1,-1,-1,-1
124,189,936.94,677.50,96.50,212.17,1,-1,-1,-1
124,190,890.21,433.04,84.33,202.72,1,-1,-1,-1
125,189,927.38,680.29,95.26,209.69,1,-1,-1,-1
125,190,898.88,435.40,84.11,202.90,1,-1,-1,-1
126,189,921.90,680.61,95.47,210.80,1,-1,-1,-1
126,190,906.67,436.67,84.02,203.50,1,-1,-1,-1
127,189,915.12,684.14,95.17,210.69,1,-1,-1,-1
127,190,914.94,441.09,83.24,201.87,1,-1,-1,-1
128,189,908.04,686.00,94.53,210.34,1,-1,-1,-1
128,190,922.45,443.00,83.60,202.94,1,-1,-1,-1
129,189,900.93,687.72,94.10,210.04,1,-1,-1,-1
129,190,929.86,443.86,84.18,204.54,1,-1,-1,-1
130,189,892.92,688.40,94.34,210.77,1,-1,-1,-1
130,190,937.35,447.01,84.72,204.35,1,-1,-1,-1
131,189,884.67,691.43,94.85,212.03,1,-1,-1,-1
131,190,945.30,449.47,84.60,203.55,1,-1,-1,-1
132,189,876.73,692.98,95.30,212.90,1,-1,-1,-1
132,190,952.88,451.44,84.98,203.97,1,-1,-1,-1
133,189,869.09,695.25,94.78,211.65,1,-1,-1,-1
133,190,960.69,452.63,85.01,203.68,1,-1,-1,-1
134,189,861.57,696.19,95.07,211.78,1,-1,-1,-1
134,190,968.35,456.18,84.75,202.77,1,-1,-1,-1
135,189,853.05,698.57,95.82,213.60,1,-1,-1,-1
135,190,975.99,457.70,85.05,203.23,1,-1,-1,-1
136,189,845.59,701.62,95.00,211.69,1,-1,-1,-1
136,190,980.74,458.87,85.08,202.95,1,-1,-1,-1
137,189,840.31,701.00,96.92,215.80,1,-1,-1,-1
137,190,987.58,460.94,84.65,202.19,1,-1,-1,-1
138,189,833.69,702.25,96.93,215.57,1,-1,-1,-1
138,190,994.93,464.13,84.69,201.83,1,-1,-1,-1
139,189,826.25,704.91,97.68,216.99,1,-1,-1,-1
139,190,1002.42,465.72,84.81,201.52,1,-1,-1,-1
140,189,818.87,706.95,97.60,216.42,1,-1,-1,-1
140,190,1010.10,467.48,84.75,201.44,1,-1,-1,-1
141,189,811.19,707.65,98.23,217.45,1,-1,-1,-1
141,190,1017.10,467.82,85.53,203.34,1,-1,-1,-1
142,189,803.27,708.99,98.32,217.11,1,-1,-1,-1
142,190,1024.61,468.79,85.75,204.12,1,-1,-1,-1
143,189,795.57,713.00,98.19,216.35,1,-1,-1,-1
143,190,1031.63,471.08,86.70,205.40,1,-1,-1,-1
144,189,788.02,715.10,97.86,215.78,1,-1,-1,-1
144,190,1039.14,472.96,86.84,205.54,1,-1,-1,-1
145,189,783.53,716.11,98.41,216.49,1,-1,-1,-1
145,190,1044.05,475.54,86.01,204.07,1,-1,-1,-1
146,189,777.34,716.99,98.72,217.11,1,-1,-1,-1
146,190,1050.31,479.25,86.02,203.11,1,-1,-1,-1
147,189,769.86,717.81,98.89,216.90,1,-1,-1,-1
147,190,1057.59,481.01,86.08,203.13,1,-1,-1,-1
148,189,763.05,722.64,98.20,214.89,1,-1,-1,-1
148,190,1064.40,482.53,86.16,203.29,1,-1,-1,-1
149,189,756.30,725.18,97.55,213.42,1,-1,-1,-1
149,190,1071.11,483.41,86.32,203.92,1,-1,-1,-1
150,189,752.22,726.82,97.19,212.91,1,-1,-1,-1
150,190,1075.89,484.87,85.77,203.27,1,-1,-1,-1
151,189,745.32,725.91,98.76,216.55,1,-1,-1,-1
151,190,1082.20,488.44,85.64,202.59,1,-1,-1,-1
152,189,739.18,731.04,97.56,214.35,1,-1,-1,-1
152,190,1088.99,489.84,86.11,203.77,1,-1,-1,-1
153,189,732.58,734.27,96.74,212.56,1,-1,-1,-1
153,190,1095.62,490.94,86.50,204.81,1,-1,-1,-1
154,189,725.87,736.36,95.94,211.25,1,-1,-1,-1
154,190,1100.09,492.45,86.12,204.17,1,-1,-1,-1
155,189,722.67,740.50,95.14,210.01,1,-1,-1,-1
155,190,1105.91,495.90,85.89,203.76,1,-1,-1,-1
156,189,716.74,742.65,95.05,210.24,1,-1,-1,-1
156,190,1112.18,497.30,86.26,204.55,1,-1,-1,-1
157,189,710.46,744.83,94.48,209.37,1,-1,-1,-1
157,190,1118.68,498.07,86.83,205.86,1,-1,-1,-1
158,189,706.63,745.84,94.10,209.13,1,-1,-1,-1
158,190,1123.01,502.57,86.35,204.18,1,-1,-1,-1
159,189,700.44,747.95,95.13,211.40,1,-1,-1,-1
159,190,1128.66,503.71,86.92,205.16,1,-1,-1,-1
160,189,693.80,749.26,95.18,212.30,1,-1,-1,-1
160,190,1134.55,504.49,87.43,206.31,1,-1,-1,-1
161,189,690.40,750.81,95.22,212.31,1,-1,-1,-1
161,190,1138.73,507.35,86.11,204.06,1,-1,-1,-1
162,189,685.49,752.37,94.67,211.03,1,-1,-1,-1
162,190,1143.56,508.47,86.08,204.62,1,-1,-1,-1
163,189,681.83,754.83,95.54,213.07,1,-1,-1,-1
163,190,1147.23,511.83,85.93,204.00,1,-1,-1,-1
164,189,677.09,757.94,94.57,211.02,1,-1,-1,-1
164,190,1152.29,513.33,86.14,204.76,1,-1,-1,-1
165,189,673.50,759.36,95.38,212.35,1,-1,-1,-1
165,190,1155.88,515.34,85.51,203.96,1,-1,-1,-1
166,189,668.12,759.72,96.19,213.46,1,-1,-1,-1
166,190,1160.83,516.21,85.39,204.23,1,-1,-1,-1
167,189,664.84,762.11,96.89,215.05,1,-1,-1,-1
167,190,1164.14,519.97,84.96,203.10,1,-1,-1,-1
168,189,660.30,764.90,95.86,213.18,1,-1,-1,-1
168,190,1168.88,521.57,85.37,203.99,1,-1,-1,-1
169,189,657.96,767.51,95.18,211.57,1,-1,-1,-1
169,190,1171.38,523.06,85.34,204.21,1,-1,-1,-1
170,189,653.11,768.71,94.88,211.02,1,-1,-1,-1
170,190,1175.81,523.86,85.81,205.45,1,-1,-1,-1
171,189,650.38,772.21,94.82,210.97,1,-1,-1,-1
171,190,1178.44,527.03,85.85,205.13,1,-1,-1,-1
172,189,646.08,775.65,93.87,209.07,1,-1,-1,-1
172,190,1179.90,528.58,86.13,205.40,1,-1,-1,-1
173,189,643.89,777.54,93.39,208.11,1,-1,-1,-1
173,190,1184.56,530.45,86.08,205.23,1,-1,-1,-1
174,189,642.80,781.64,92.76,206.95,1,-1,-1,-1
174,190,1186.80,534.15,86.37,205.31,1,-1,-1,-1
175,189,638.92,783.46,92.73,206.86,1,-1,-1,-1
175,190,1190.44,534.63,87.59,207.93,1,-1,-1,-1
176,189,636.21,783.72,93.85,209.01,1,-1,-1,-1
176,190,1192.94,536.33,87.23,207.04,1,-1,-1,-1
177,189,634.67,784.30,94.22,209.83,1,-1,-1,-1
177,190,1194.70,538.04,86.49,205.85,1,-1,-1,-1
178,189,633.75,785.01,94.34,210.51,1,-1,-1,-1
178,190,1196.03,540.02,85.88,204.88,1,-1,-1,-1
179,189,630.22,788.75,93.74,209.41,1,-1,-1,-1
179,190,1198.92,541.63,86.97,207.20,1,-1,-1,-1
180,189,628.33,790.58,93.82,209.65,1,-1,-1,-1
180,190,1201.01,543.67,86.87,206.87,1,-1,-1,-1
181,189,627.67,792.84,92.96,208.03,1,-1,-1,-1
181,190,1202.07,545.22,86.57,206.21,1,-1,-1,-1
182,189,627.12,794.62,92.24,206.90,1,-1,-1,-1
182,190,1202.69,546.96,86.49,205.95,1,-1,-1,-1
183,189,623.69,798.02,92.39,207.49,1,-1,-1,-1
183,190,1203.21,550.72,86.38,205.15,1,-1,-1,-1
184,189,622.80,800.76,91.29,205.67,1,-1,-1,-1
184,190,1203.22,552.21,86.78,205.51,1,-1,-1,-1
185,189,622.79,802.29,90.64,204.86,1,-1,-1,-1
185,190,1203.24,553.61,86.80,205.43,1,-1,-1,-1
186,189,622.62,803.25,90.59,205.03,1,-1,-1,-1
186,190,1206.22,554.54,87.14,206.50,1,-1,-1,-1
187,189,622.51,806.52,90.75,205.88,1,-1,-1,-1
187,190,1207.20,554.90,87.42,207.54,1,-1,-1,-1
188,189,622.80,808.71,90.33,205.44,1,-1,-1,-1
188,190,1207.22,557.15,88.27,209.49,1,-1,-1,-1
189,189,623.27,810.35,89.83,204.67,1,-1,-1,-1
189,190,1207.50,558.93,88.12,209.62,1,-1,-1,-1
190,189,623.38,811.50,89.83,204.76,1,-1,-1,-1
190,190,1207.76,560.84,87.71,209.11,1,-1,-1,-1
191,189,623.12,814.23,90.44,206.41,1,-1,-1,-1
191,190,1207.70,562.21,87.39,208.57,1,-1,-1,-1
192,189,623.56,817.10,89.97,205.68,1,-1,-1,-1
192,190,1204.42,566.08,87.26,207.80,1,-1,-1,-1
193,189,623.78,818.50,89.86,205.57,1,-1,-1,-1
193,190,1203.27,568.52,87.01,207.00,1,-1,-1,-1
194,189,626.97,818.84,90.24,206.73,1,-1,-1,-1
194,190,1202.68,570.65,86.69,206.35,1,-1,-1,-1
195,189,628.52,822.14,90.39,207.13,1,-1,-1,-1
195,190,1201.90,573.43,87.18,207.23,1,-1,-1,-1
196,189,629.85,824.44,90.13,206.25,1,-1,-1,-1
196,190,1201.15,574.69,87.69,208.16,1,-1,-1,-1
197,189,630.82,825.78,90.30,206.11,1,-1,-1,-1
197,190,1200.82,576.15,87.51,207.60,1,-1,-1,-1
198,189,631.45,826.39,90.83,206.98,1,-1,-1,-1
198,190,1199.96,577.54,87.33,207.52,1,-1,-1,-1
199,189,634.39,828.15,92.83,211.46,1,-1,-1,-1
199,190,1198.75,578.50,87.55,208.47,1,-1,-1,-1
200,189,636.34,830.53,92.88,210.94,1,-1,-1,-1
200,190,1194.97,582.03,87.16,207.51,1,-1,-1,-1
201,189,638.15,832.88,92.38,208.80,1,-1,-1,-1
201,190,1192.76,584.10,87.38,207.66,1,-1,-1,-1
202,189,642.92,835.20,91.39,206.19,1,-1,-1,-1
202,190,1188.29,586.30,86.98,206.61,1,-1,-1,-1
203,189,644.93,838.74,91.45,206.01,1,-1,-1,-1
203,190,1185.90,589.43,87.38,207.10,1,-1,-1,-1
204,189,646.13,840.07,92.17,207.26,1,-1,-1,-1
204,190,1183.93,590.48,88.26,208.68,1,-1,-1,-1
205,189,650.50,840.98,92.69,208.25,1,-1,-1,-1
205,190,1182.17,590.77,89.15,210.43,1,-1,-1,-1
206,189,652.68,841.55,93.24,209.00,1,-1,-1,-1
206,190,1177.88,592.63,88.78,209.43,1,-1,-1,-1
207,189,654.21,844.22,93.82,210.34,1,-1,-1,-1
207,190,1174.79,592.86,89.63,211.22,1,-1,-1,-1
208,189,659.12,846.74,93.16,208.94,1,-1,-1,-1
208,190,1170.14,596.79,89.34,210.27,1,-1,-1,-1
209,189,661.80,847.35,93.49,209.45,1,-1,-1,-1
209,190,1167.59,598.51,89.46,210.34,1,-1,-1,-1
210,189,666.96,848.36,93.12,208.65,1,-1,-1,-1
210,190,1165.57,600.40,89.25,209.87,1,-1,-1,-1
211,189,670.50,850.55,92.05,206.02,1,-1,-1,-1
211,190,1161.04,602.30,88.75,208.66,1,-1,-1,-1
212,189,675.76,854.57,91.51,205.19,1,-1,-1,-1
212,190,1155.43,606.15,88.30,207.71,1,-1,-1,-1
213,189,678.94,856.67,91.10,204.67,1,-1,-1,-1
213,190,1151.67,607.69,88.56,208.25,1,-1,-1,-1
214,189,683.95,856.88,91.73,206.72,1,-1,-1,-1
214,190,1146.27,609.62,88.48,208.11,1,-1,-1,-1
215,189,687.81,859.25,90.72,204.64,1,-1,-1,-1
215,190,1142.09,612.25,89.47,209.70,1,-1,-1,-1
216,189,693.13,863.20,90.32,204.07,1,-1,-1,-1
216,190,1137.04,614.74,89.09,208.49,1,-1,-1,-1
217,189,696.60,865.23,89.45,202.82,1,-1,-1,-1
217,190,1133.21,614.58,90.37,210.85,1,-1,-1,-1
218,189,702.79,866.38,89.05,202.04,1,-1,-1,-1
218,190,1127.63,616.50,90.23,210.29,1,-1,-1,-1
219,189,709.88,868.75,87.74,198.98,1,-1,-1,-1
219,190,1121.53,620.31,89.90,209.31,1,-1,-1,-1
220,189,713.89,870.85,86.80,196.76,1,-1,-1,-1
220,190,1116.93,620.60,91.10,211.67,1,-1,-1,-1
221,189,720.02,871.69,86.84,196.82,1,-1,-1,-1
221,190,1111.34,622.41,90.73,210.94,1,-1,-1,-1
222,189,726.89,874.89,86.86,197.03,1,-1,-1,-1
222,190,1104.90,624.30,90.28,210.41,1,-1,-1,-1
223,189,730.31,876.26,86.98,197.73,1,-1,-1,-1
223,190,1101.04,624.98,90.57,211.45,1,-1,-1,-1
224,189,737.43,878.89,85.27,193.59,1,-1,-1,-1
224,190,1094.66,627.44,91.43,213.03,1,-1,-1,-1
225,189,744.71,879.83,84.79,192.46,1,-1,-1,-1
225,190,1087.91,629.09,91.52,213.45,1,-1,-1,-1
226,189,752.07,880.37,84.44,191.89,1,-1,-1,-1
226,190,1081.06,631.84,90.91,211.82,1,-1,-1,-1
227,189,756.61,883.21,82.64,187.70,1,-1,-1,-1
227,190,1076.28,632.59,91.14,212.71,1,-1,-1,-1
228,189,763.28,884.26,82.17,186.19,1,-1,-1,-1
228,190,1070.15,635.56,90.99,212.01,1,-1,-1,-1
229,189,770.87,885.73,81.55,183.63,1,-1,-1,-1
229,190,1063.59,638.13,90.36,210.55,1,-1,-1,-1
230,189,778.32,887.59,80.76,180.62,1,-1,-1,-1
230,190,1056.59,640.55,90.07,210.11,1,-1,-1,-1
231,189,785.30,890.10,81.75,182.17,1,-1,-1,-1
231,190,1049.27,641.82,89.77,209.83,1,-1,-1,-1
232,189,793.26,892.91,81.26,179.88,1,-1,-1,-1
232,190,1041.30,645.07,89.98,209.99,1,-1,-1,-1
233,189,797.12,893.78,81.56,179.54,1,-1,-1,-1
233,190,1036.79,646.43,90.35,211.02,1,-1,-1,-1
234,189,804.47,897.23,79.74,174.19,1,-1,-1,-1
234,190,1030.13,647.87,90.52,211.48,1,-1,-1,-1
235,189,812.10,898.93,78.89,171.06,1,-1,-1,-1
235,190,1023.20,649.34,90.28,211.14,1,-1,-1,-1
236,189,819.56,899.74,78.74,169.66,1,-1,-1,-1
236,190,1015.57,652.00,90.64,211.67,1,-1,-1,-1
237,189,828.14,902.18,77.70,165.95,1,-1,-1,-1
237,190,1008.46,654.60,90.27,211.10,1,-1,-1,-1
238,189,836.48,904.18,76.55,162.26,1,-1,-1,-1
238,190,1000.98,656.43,90.07,210.62,1,-1,-1,-1
239,189,844.45,908.92,75.83,160.15,1,-1,-1,-1
239,190,992.92,659.52,90.56,211.11,1,-1,-1,-1
240,189,852.92,911.20,75.04,158.33,1,-1,-1,-1
240,190,984.82,660.94,90.94,211.48,1,-1,-1,-1
241,189,857.54,914.04,73.80,155.06,1,-1,-1,-1
241,190,979.61,661.29,91.91,213.81,1,-1,-1,-1
242,189,864.44,916.09,72.75,152.43,1,-1,-1,-1
242,190,973.34,663.06,91.44,212.84,1,-1,-1,-1
243,189,872.59,917.82,71.74,149.62,1,-1,-1,-1
243,190,965.76,664.45,91.13,212.78,1,-1,-1,-1
244,189,880.71,920.32,70.01,145.44,1,-1,-1,-1
244,190,958.58,667.49,91.08,212.60,1,-1,-1,-1
245,189,889.21,922.33,68.30,141.77,1,-1,-1,-1
245,190,951.11,670.08,90.72,212.07,1,-1,-1,-1
246,189,896.90,926.22,68.57,142.15,1,-1,-1,-1
246,190,943.32,672.05,90.60,212.05,1,-1,-1,-1
247,189,905.53,928.94,67.26,139.40,1,-1,-1,-1
247,190,935.49,674.78,90.71,212.39,1,-1,-1,-1
248,189,914.22,932.37,64.97,134.47,1,-1,-1,-1
248,190,927.27,676.15,91.26,213.74,1,-1,-1,-1
249,189,922.48,933.01,64.40,133.07,1,-1,-1,-1
249,190,919.84,678.60,90.29,211.55,1,-1,-1,-1
250,189,926.24,933.62,64.66,133.29,1,-1,-1,-1
250,190,911.91,680.21,90.02,211.26,1,-1,-1,-1
