1,366,903.01,829.76,92.12,210.50,1,-1,-1,-1
1,367,1320.84,431.78,99.26,208.16,1,-1,-1,-1
1,368,508.62,426.72,93.27,206.09,1,-1,-1,-1
1,369,909.76,37.64,89.31,208.13,1,-1,-1,-1
2,366,894.93,830.32,92.67,211.81,1,-1,-1,-1
2,367,1316.88,440.61,98.21,206.02,1,-1,-1,-1
2,368,508.29,416.67,93.85,207.36,1,-1,-1,-1
2,369,919.19,36.29,86.66,202.30,1,-1,-1,-1
3,366,886.89,831.18,92.19,210.59,1,-1,-1,-1
3,367,1315.68,452.59,98.62,207.22,1,-1,-1,-1
3,368,509.64,405.03,93.65,207.35,1,-1,-1,-1
3,369,927.33,37.31,86.12,201.66,1,-1,-1,-1
4,366,873.94,829.70,92.45,211.22,1,-1,-1,-1
4,367,1315.12,462.23,98.88,208.16,1,-1,-1,-1
4,368,510.25,394.88,93.52,207.58,1,-1,-1,-1
4,369,936.35,36.55,86.22,202.08,1,-1,-1,-1
5,366,863.67,825.22,92.67,211.82,1,-1,-1,-1
5,367,1314.54,471.16,99.43,209.15,1,-1,-1,-1
5,368,509.47,389.76,94.04,208.57,1,-1,-1,-1
5,369,949.23,36.89,85.66,201.18,1,-1,-1,-1
6,366,854.63,827.65,91.60,209.91,1,-1,-1,-1
6,367,1313.99,479.82,99.53,209.49,1,-1,-1,-1
6,368,510.46,380.13,93.24,206.11,1,-1,-1,-1
6,369,959.72,41.67,85.60,202.16,1,-1,-1,-1
7,366,845.77,828.00,92.30,211.57,1,-1,-1,-1
7,367,1313.53,492.27,99.68,210.41,1,-1,-1,-1
7,368,513.37,364.51,94.43,209.33,1,-1,-1,-1
7,369,968.68,43.06,86.25,204.04,1,-1,-1,-1
8,366,833.38,822.91,92.11,211.15,1,-1,-1,-1
8,367,1312.70,503.00,99.51,209.75,1,-1,-1,-1
8,368,515.42,356.79,93.88,208.57,1,-1,-1,-1
8,369,977.09,42.65,86.64,204.85,1,-1,-1,-1
9,366,823.67,823.42,92.06,210.31,1,-1,-1,-1
9,367,1310.05,512.74,97.70,207.04,1,-1,-1,-1
9,368,517.55,346.06,93.05,206.20,1,-1,-1,-1
9,369,984.80,44.72,88.15,207.76,1,-1,-1,-1
10,366,814.44,818.65,91.76,209.51,1,-1,-1,-1
10,367,1308.02,520.76,98.21,207.50,1,-1,-1,-1
10,368,519.09,340.68,93.15,206.08,1,-1,-1,-1
10,369,997.14,47.26,88.26,208.16,1,-1,-1,-1
11,366,805.73,816.69,90.55,207.67,1,-1,-1,-1
11,367,1306.33,532.12,98.98,209.64,1,-1,-1,-1
11,368,522.34,328.82,93.46,206.60,1,-1,-1,-1
11,369,1008.08,47.92,87.08,205.98,1,-1,-1,-1
12,366,797.58,815.35,90.28,207.67,1,-1,-1,-1
12,367,1305.45,537.48,98.14,208.76,1,-1,-1,-1
12,368,525.56,317.05,92.85,205.88,1,-1,-1,-1
12,369,1018.37,49.55,86.21,205.39,1,-1,-1,-1
13,366,785.29,809.92,91.43,209.23,1,-1,-1,-1
13,367,1301.16,549.77,98.09,207.89,1,-1,-1,-1
13,368,526.60,306.68,93.36,206.22,1,-1,-1,-1
13,369,1027.60,55.03,85.22,204.74,1,-1,-1,-1
14,366,775.69,806.56,91.42,209.89,1,-1,-1,-1
14,367,1298.74,558.70,98.11,209.00,1,-1,-1,-1
14,368,529.77,298.59,93.85,206.69,1,-1,-1,-1
14,369,1038.59,58.96,85.31,205.14,1,-1,-1,-1
15,366,767.17,802.79,90.54,208.68,1,-1,-1,-1
15,367,1297.10,568.65,98.05,208.75,1,-1,-1,-1
15,368,533.53,292.51,93.60,206.20,1,-1,-1,-1
15,369,1048.94,60.99,84.25,204.17,1,-1,-1,-1
16,366,758.10,799.05,90.68,209.11,1,-1,-1,-1
16,367,1292.29,580.05,98.38,209.76,1,-1,-1,-1
16,368,535.53,282.98,92.94,203.98,1,-1,-1,-1
16,369,1058.16,64.14,84.13,204.87,1,-1,-1,-1
17,366,748.95,796.28,91.81,211.48,1,-1,-1,-1
17,367,1289.96,586.18,97.64,209.15,1,-1,-1,-1
17,368,540.03,272.77,93.39,205.78,1,-1,-1,-1
17,369,1067.91,67.21,83.45,203.93,1,-1,-1,-1
18,366,740.47,793.80,91.02,209.67,1,-1,-1,-1
18,367,1284.54,598.24,97.86,208.97,1,-1,-1,-1
18,368,543.07,266.54,93.09,203.90,1,-1,-1,-1
18,369,1076.12,71.35,83.84,204.87,1,-1,-1,-1
19,366,728.53,789.44,92.33,211.22,1,-1,-1,-1
19,367,1281.52,603.32,97.69,208.61,1,-1,-1,-1
19,368,548.61,255.59,93.77,205.44,1,-1,-1,-1
19,369,1086.79,76.57,84.66,207.27,1,-1,-1,-1
20,366,720.00,786.92,90.58,208.48,1,-1,-1,-1
20,367,1276.00,613.74,98.70,211.49,1,-1,-1,-1
20,368,554.66,243.97,93.47,205.83,1,-1,-1,-1
20,369,1096.06,79.75,84.75,208.30,1,-1,-1,-1
21,366,710.91,781.64,91.32,209.56,1,-1,-1,-1
21,367,1269.71,623.73,98.42,210.64,1,-1,-1,-1
21,368,558.17,235.09,93.35,204.93,1,-1,-1,-1
21,369,1105.76,87.11,83.02,205.16,1,-1,-1,-1
22,366,701.92,775.02,93.05,212.09,1,-1,-1,-1
22,367,1265.91,631.87,98.67,211.04,1,-1,-1,-1
22,368,562.79,224.47,94.37,205.50,1,-1,-1,-1
22,369,1115.15,90.44,81.24,203.55,1,-1,-1,-1
23,366,693.82,767.07,92.81,211.91,1,-1,-1,-1
23,367,1259.95,639.63,99.13,212.34,1,-1,-1,-1
23,368,568.91,216.85,94.56,206.57,1,-1,-1,-1
23,369,1122.83,97.15,81.68,204.26,1,-1,-1,-1
24,366,685.43,758.14,92.96,212.89,1,-1,-1,-1
24,367,1253.20,650.95,99.32,212.76,1,-1,-1,-1
24,368,573.54,206.77,94.51,207.33,1,-1,-1,-1
24,369,1131.02,99.03,81.91,205.34,1,-1,-1,-1
25,366,676.78,754.55,93.71,213.12,1,-1,-1,-1
25,367,1249.39,657.87,98.07,211.25,1,-1,-1,-1
25,368,579.96,198.94,94.46,206.26,1,-1,-1,-1
25,369,1140.23,104.46,81.09,203.93,1,-1,-1,-1
26,366,668.41,745.99,94.45,213.03,1,-1,-1,-1
26,367,1242.94,663.57,99.12,214.31,1,-1,-1,-1
26,368,586.28,191.20,94.02,205.52,1,-1,-1,-1
26,369,1147.47,110.30,82.63,206.20,1,-1,-1,-1
27,366,661.20,739.88,94.01,212.83,1,-1,-1,-1
27,367,1236.79,671.27,98.20,213.09,1,-1,-1,-1
27,368,593.72,185.86,93.17,205.10,1,-1,-1,-1
27,369,1156.57,119.48,81.19,204.27,1,-1,-1,-1
28,366,653.53,734.19,94.27,212.65,1,-1,-1,-1
28,367,1232.27,681.85,99.49,215.29,1,-1,-1,-1
28,368,598.10,181.84,93.46,204.71,1,-1,-1,-1
28,369,1164.20,123.20,80.24,204.00,1,-1,-1,-1
29,366,645.46,730.50,94.44,212.75,1,-1,-1,-1
29,367,1225.60,690.62,100.14,216.45,1,-1,-1,-1
29,368,605.19,172.46,92.12,203.39,1,-1,-1,-1
29,369,1171.45,132.16,81.17,206.12,1,-1,-1,-1
30,366,638.08,722.17,93.59,212.12,1,-1,-1,-1
30,367,1218.52,695.57,99.84,215.25,1,-1,-1,-1
30,368,612.62,163.52,91.52,202.55,1,-1,-1,-1
30,369,1178.77,137.69,81.70,205.70,1,-1,-1,-1
31,366,630.43,715.47,93.98,213.21,1,-1,-1,-1
31,367,1211.07,706.24,100.18,215.24,1,-1,-1,-1
31,368,619.27,155.78,91.77,203.79,1,-1,-1,-1
31,369,1186.68,144.09,81.73,205.39,1,-1,-1,-1
32,366,623.82,707.31,92.05,210.44,1,-1,-1,-1
32,367,1203.50,711.65,100.79,215.55,1,-1,-1,-1
32,368,626.26,147.61,92.51,204.90,1,-1,-1,-1
32,369,1190.33,147.84,82.28,205.04,1,-1,-1,-1
33,366,618.69,701.82,92.88,212.58,1,-1,-1,-1
33,367,1195.37,717.12,101.61,216.71,1,-1,-1,-1
33,368,632.01,143.44,91.92,203.59,1,-1,-1,-1
33,369,1200.16,157.36,82.71,206.79,1,-1,-1,-1
34,366,612.19,690.32,92.98,212.90,1,-1,-1,-1
34,367,1187.90,725.74,101.21,215.76,1,-1,-1,-1
34,368,638.99,136.43,92.37,203.70,1,-1,-1,-1
34,369,1205.90,163.34,81.62,204.41,1,-1,-1,-1
35,366,605.24,683.67,93.56,213.56,1,-1,-1,-1
35,367,1180.23,733.04,100.52,214.82,1,-1,-1,-1
35,368,646.41,130.72,93.29,205.06,1,-1,-1,-1
35,369,1212.14,173.53,82.32,206.16,1,-1,-1,-1
36,366,598.84,678.84,93.10,211.47,1,-1,-1,-1
36,367,1174.83,739.69,101.90,217.11,1,-1,-1,-1
36,368,654.75,128.18,92.43,203.74,1,-1,-1,-1
36,369,1218.78,181.21,83.11,207.56,1,-1,-1,-1
37,366,594.04,671.89,92.81,210.91,1,-1,-1,-1
37,367,1168.36,743.07,101.30,216.96,1,-1,-1,-1
37,368,662.43,121.33,92.30,203.42,1,-1,-1,-1
37,369,1225.13,185.22,84.14,209.22,1,-1,-1,-1
38,366,589.02,664.01,91.95,210.62,1,-1,-1,-1
38,367,1160.49,752.23,101.64,218.14,1,-1,-1,-1
38,368,670.25,110.43,92.68,204.50,1,-1,-1,-1
38,369,1231.96,193.87,85.61,212.30,1,-1,-1,-1
39,366,582.33,656.50,91.92,211.23,1,-1,-1,-1
39,367,1152.83,756.02,101.11,217.35,1,-1,-1,-1
39,368,678.49,106.27,92.65,203.76,1,-1,-1,-1
39,369,1235.74,205.33,85.31,210.71,1,-1,-1,-1
40,366,576.46,644.76,90.68,209.63,1,-1,-1,-1
40,367,1141.72,764.53,100.41,215.60,1,-1,-1,-1
40,368,689.12,99.91,92.74,205.12,1,-1,-1,-1
40,369,1241.72,215.40,84.93,210.05,1,-1,-1,-1
41,366,571.91,635.85,91.23,212.40,1,-1,-1,-1
41,367,1133.25,772.87,98.86,213.15,1,-1,-1,-1
41,368,698.02,97.00,93.10,206.40,1,-1,-1,-1
41,369,1247.67,220.48,86.37,212.47,1,-1,-1,-1
42,366,567.00,625.05,90.21,212.03,1,-1,-1,-1
42,367,1124.79,777.49,98.22,211.11,1,-1,-1,-1
42,368,706.99,93.71,92.62,204.78,1,-1,-1,-1
42,369,1250.97,228.11,86.68,211.77,1,-1,-1,-1
43,366,560.72,618.91,90.21,212.44,1,-1,-1,-1
43,367,1115.39,780.71,100.03,214.04,1,-1,-1,-1
43,368,715.96,89.74,91.54,204.32,1,-1,-1,-1
43,369,1256.65,239.06,86.24,209.63,1,-1,-1,-1
44,366,557.31,611.66,90.58,213.10,1,-1,-1,-1
44,367,1106.79,782.31,100.67,215.24,1,-1,-1,-1
44,368,724.53,82.51,91.80,203.73,1,-1,-1,-1
44,369,1263.26,247.39,85.84,208.53,1,-1,-1,-1
45,366,554.21,601.17,91.44,213.34,1,-1,-1,-1
45,367,1097.55,785.94,102.26,218.43,1,-1,-1,-1
45,368,732.96,80.12,91.16,202.72,1,-1,-1,-1
45,369,1266.43,256.68,85.97,207.85,1,-1,-1,-1
46,366,549.56,590.46,90.64,212.83,1,-1,-1,-1
46,367,1090.21,791.52,99.81,214.24,1,-1,-1,-1
46,368,741.93,76.00,91.10,203.10,1,-1,-1,-1
46,369,1271.50,269.69,86.61,208.12,1,-1,-1,-1
47,366,544.89,581.23,90.10,211.05,1,-1,-1,-1
47,367,1082.23,799.06,99.06,212.33,1,-1,-1,-1
47,368,751.83,69.18,89.84,201.60,1,-1,-1,-1
47,369,1274.18,278.04,87.38,207.95,1,-1,-1,-1
48,366,542.48,574.08,89.64,211.20,1,-1,-1,-1
48,367,1074.48,802.34,97.75,209.57,1,-1,-1,-1
48,368,759.03,67.02,90.56,201.75,1,-1,-1,-1
48,369,1279.20,289.44,86.65,206.70,1,-1,-1,-1
49,366,539.77,564.19,90.54,212.93,1,-1,-1,-1
49,367,1062.05,804.67,98.44,212.52,1,-1,-1,-1
49,368,768.12,66.87,90.29,200.18,1,-1,-1,-1
49,369,1282.00,296.84,87.02,207.08,1,-1,-1,-1
50,366,536.39,556.94,89.53,211.65,1,-1,-1,-1
50,367,1051.64,810.53,99.72,214.51,1,-1,-1,-1
50,368,778.82,60.69,91.56,203.45,1,-1,-1,-1
50,369,1283.88,309.17,86.92,206.95,1,-1,-1,-1
51,366,534.36,546.18,87.98,209.51,1,-1,-1,-1
51,367,1043.06,810.76,98.50,211.42,1,-1,-1,-1
51,368,787.57,58.26,92.65,204.46,1,-1,-1,-1
51,369,1288.14,319.23,86.69,207.35,1,-1,-1,-1
52,366,529.91,534.84,88.18,209.13,1,-1,-1,-1
52,367,1034.55,813.62,98.46,212.07,1,-1,-1,-1
52,368,797.41,53.45,92.12,203.73,1,-1,-1,-1
52,369,1291.16,329.91,86.09,206.16,1,-1,-1,-1
53,366,528.61,526.86,87.72,207.91,1,-1,-1,-1
53,367,1025.90,816.19,98.38,211.13,1,-1,-1,-1
53,368,807.77,55.48,90.79,201.05,1,-1,-1,-1
53,369,1295.31,338.14,86.16,206.49,1,-1,-1,-1
54,366,526.91,515.52,87.89,208.01,1,-1,-1,-1
54,367,1013.46,819.88,98.88,213.28,1,-1,-1,-1
54,368,819.53,51.59,91.04,202.24,1,-1,-1,-1
54,369,1296.40,343.46,87.67,208.29,1,-1,-1,-1
55,366,525.74,506.22,87.49,208.59,1,-1,-1,-1
55,367,1003.50,820.05,99.64,215.59,1,-1,-1,-1
55,368,828.51,49.62,91.44,202.45,1,-1,-1,-1
55,369,1298.89,354.89,85.88,205.28,1,-1,-1,-1
56,366,525.04,497.91,86.67,208.34,1,-1,-1,-1
56,367,994.53,826.82,98.51,214.51,1,-1,-1,-1
56,368,839.49,51.17,89.26,199.39,1,-1,-1,-1
56,369,1299.46,366.34,86.18,205.48,1,-1,-1,-1
57,366,522.30,486.42,87.07,208.64,1,-1,-1,-1
57,367,985.53,824.02,99.21,217.14,1,-1,-1,-1
57,368,847.08,47.91,91.29,202.24,1,-1,-1,-1
57,369,1300.87,378.36,84.91,202.54,1,-1,-1,-1
58,366,521.78,474.25,86.55,208.77,1,-1,-1,-1
58,367,977.49,828.08,98.05,215.07,1,-1,-1,-1
58,368,859.12,42.95,90.78,202.52,1,-1,-1,-1
58,369,1304.09,385.04,85.34,204.26,1,-1,-1,-1
59,366,521.16,467.62,86.02,209.04,1,-1,-1,-1
59,367,966.00,830.55,97.07,213.38,1,-1,-1,-1
59,368,869.12,42.88,90.57,202.29,1,-1,-1,-1
59,369,1306.48,396.17,83.67,201.69,1,-1,-1,-1
60,366,520.42,455.82,85.75,208.86,1,-1,-1,-1
60,367,955.30,829.59,98.02,214.99,1,-1,-1,-1
60,368,877.44,42.43,91.67,202.93,1,-1,-1,-1
60,369,1306.64,406.38,85.06,204.08,1,-1,-1,-1
61,366,521.08,448.01,84.56,207.62,1,-1,-1,-1
61,367,946.05,829.11,98.70,217.03,1,-1,-1,-1
61,368,886.07,40.50,92.27,202.33,1,-1,-1,-1
61,369,1307.08,417.03,84.93,203.15,1,-1,-1,-1
62,366,520.07,438.49,84.76,207.51,1,-1,-1,-1
62,367,936.61,826.60,99.79,220.91,1,-1,-1,-1
62,368,894.30,39.00,93.92,203.47,1,-1,-1,-1
62,369,1306.09,425.36,86.10,204.00,1,-1,-1,-1
63,366,520.32,425.37,85.04,207.85,1,-1,-1,-1
63,367,925.26,828.23,98.25,216.62,1,-1,-1,-1
63,368,906.85,40.52,93.07,202.60,1,-1,-1,-1
63,369,1307.62,435.65,85.14,203.25,1,-1,-1,-1
64,366,520.77,417.74,84.12,207.17,1,-1,-1,-1
64,367,915.97,830.54,96.89,213.88,1,-1,-1,-1
64,368,916.67,37.09,93.46,203.78,1,-1,-1,-1
64,369,1306.47,448.29,85.79,203.09,1,-1,-1,-1
65,366,521.41,407.27,84.06,206.84,1,-1,-1,-1
65,367,906.99,832.31,95.84,211.73,1,-1,-1,-1
65,368,926.30,38.84,93.46,202.99,1,-1,-1,-1
65,369,1306.12,454.38,86.06,203.10,1,-1,-1,-1
66,366,521.56,397.68,84.87,208.48,1,-1,-1,-1
66,367,898.28,832.88,95.61,210.89,1,-1,-1,-1
66,368,934.70,44.88,94.15,202.83,1,-1,-1,-1
66,369,1306.17,466.84,85.78,203.80,1,-1,-1,-1
67,366,522.73,385.86,84.53,208.45,1,-1,-1,-1
67,367,885.70,830.18,97.06,213.93,1,-1,-1,-1
67,368,946.48,43.25,93.88,202.33,1,-1,-1,-1
67,369,1304.72,475.79,86.91,205.33,1,-1,-1,-1
68,366,525.42,375.84,84.88,208.96,1,-1,-1,-1
68,367,874.82,827.46,98.70,217.69,1,-1,-1,-1
68,368,957.03,47.47,93.25,201.00,1,-1,-1,-1
68,369,1303.68,483.39,87.64,206.89,1,-1,-1,-1
69,366,527.05,367.14,85.11,208.89,1,-1,-1,-1
69,367,866.41,829.34,96.57,214.39,1,-1,-1,-1
69,368,967.26,45.48,92.64,201.41,1,-1,-1,-1
69,369,1303.03,491.29,88.11,206.99,1,-1,-1,-1
70,366,528.33,358.20,85.02,208.56,1,-1,-1,-1
70,367,853.93,826.92,97.23,217.07,1,-1,-1,-1
70,368,975.17,49.36,93.97,203.29,1,-1,-1,-1
70,369,1300.05,504.05,87.26,204.72,1,-1,-1,-1
71,366,529.88,346.48,84.76,208.73,1,-1,-1,-1
71,367,844.77,823.36,96.24,215.71,1,-1,-1,-1
71,368,986.47,51.20,93.76,204.09,1,-1,-1,-1
71,369,1298.41,513.73,86.69,203.49,1,-1,-1,-1
72,366,531.18,335.90,84.35,207.02,1,-1,-1,-1
72,367,835.67,820.31,96.18,216.07,1,-1,-1,-1
72,368,996.14,54.77,93.85,202.92,1,-1,-1,-1
72,369,1296.69,525.52,87.18,205.22,1,-1,-1,-1
73,366,534.97,329.64,83.47,205.85,1,-1,-1,-1
73,367,826.59,819.50,96.53,216.08,1,-1,-1,-1
73,368,1005.28,57.69,93.82,202.60,1,-1,-1,-1
73,369,1295.68,534.76,87.50,206.05,1,-1,-1,-1
74,366,537.68,318.92,83.93,206.92,1,-1,-1,-1
74,367,818.11,815.04,96.68,215.53,1,-1,-1,-1
74,368,1014.70,59.62,93.95,203.88,1,-1,-1,-1
74,369,1290.78,544.42,88.66,207.39,1,-1,-1,-1
75,366,539.87,310.82,83.67,205.15,1,-1,-1,-1
75,367,806.38,812.92,96.15,213.71,1,-1,-1,-1
75,368,1026.71,59.35,92.84,202.74,1,-1,-1,-1
75,369,1288.14,552.31,88.79,207.54,1,-1,-1,-1
76,366,544.44,300.91,82.50,202.94,1,-1,-1,-1
76,367,797.59,809.41,94.84,211.00,1,-1,-1,-1
76,368,1037.39,65.61,91.67,201.95,1,-1,-1,-1
76,369,1285.89,560.14,90.21,209.90,1,-1,-1,-1
77,366,547.88,293.20,81.78,200.67,1,-1,-1,-1
77,367,788.48,808.24,94.67,210.76,1,-1,-1,-1
77,368,1045.81,66.38,92.30,202.83,1,-1,-1,-1
77,369,1281.47,569.68,90.09,209.14,1,-1,-1,-1
78,366,551.63,282.50,82.08,202.54,1,-1,-1,-1
78,367,779.91,806.81,94.51,211.38,1,-1,-1,-1
78,368,1053.58,70.45,93.70,204.44,1,-1,-1,-1
78,369,1278.17,580.76,90.77,210.02,1,-1,-1,-1
79,366,554.95,274.72,81.88,201.24,1,-1,-1,-1
79,367,771.17,801.76,94.87,211.40,1,-1,-1,-1
79,368,1062.63,75.22,93.72,203.93,1,-1,-1,-1
79,369,1273.81,591.55,89.98,207.97,1,-1,-1,-1
80,366,560.76,264.81,81.34,201.43,1,-1,-1,-1
80,367,758.68,797.88,95.62,213.80,1,-1,-1,-1
80,368,1074.76,81.01,92.69,203.99,1,-1,-1,-1
80,369,1270.13,599.79,91.28,210.58,1,-1,-1,-1
81,366,564.42,255.91,81.41,202.15,1,-1,-1,-1
81,367,749.51,796.62,94.94,211.82,1,-1,-1,-1
81,368,1083.03,81.19,94.12,205.94,1,-1,-1,-1
81,369,1264.69,608.05,91.63,210.55,1,-1,-1,-1
82,366,569.72,244.98,81.36,201.81,1,-1,-1,-1
82,367,740.72,792.53,95.15,211.40,1,-1,-1,-1
82,368,1092.29,86.42,93.76,204.16,1,-1,-1,-1
82,369,1261.30,614.39,92.50,211.82,1,-1,-1,-1
83,366,576.01,234.45,81.25,202.52,1,-1,-1,-1
83,367,731.20,788.19,96.59,213.03,1,-1,-1,-1
83,368,1101.59,95.34,92.78,203.47,1,-1,-1,-1
83,369,1255.46,623.57,92.91,212.16,1,-1,-1,-1
84,366,580.35,227.05,81.12,202.24,1,-1,-1,-1
84,367,723.31,779.96,95.42,210.71,1,-1,-1,-1
84,368,1110.48,98.52,92.99,204.49,1,-1,-1,-1
84,369,1249.75,633.10,91.53,209.92,1,-1,-1,-1
85,366,585.29,217.87,82.05,204.46,1,-1,-1,-1
85,367,715.17,774.75,95.33,210.90,1,-1,-1,-1
85,368,1117.64,102.22,94.25,205.74,1,-1,-1,-1
85,369,1245.81,639.76,92.03,211.02,1,-1,-1,-1
86,366,591.54,210.12,82.06,204.47,1,-1,-1,-1
86,367,706.83,772.72,95.50,210.64,1,-1,-1,-1
86,368,1125.15,105.46,94.85,205.51,1,-1,-1,-1
86,369,1240.40,649.16,91.49,210.30,1,-1,-1,-1
87,366,596.07,202.53,82.06,203.99,1,-1,-1,-1
87,367,697.92,764.00,97.57,216.03,1,-1,-1,-1
87,368,1133.62,112.99,94.86,206.29,1,-1,-1,-1
87,369,1236.96,660.23,91.47,211.51,1,-1,-1,-1
88,366,602.25,194.94,81.59,201.87,1,-1,-1,-1
88,367,689.75,758.45,97.47,215.74,1,-1,-1,-1
88,368,1142.28,120.28,94.11,203.80,1,-1,-1,-1
88,369,1230.46,664.04,92.21,213.31,1,-1,-1,-1
89,366,609.25,187.30,81.16,201.71,1,-1,-1,-1
89,367,681.23,749.33,98.76,217.43,1,-1,-1,-1
89,368,1150.74,128.15,93.77,203.30,1,-1,-1,-1
89,369,1223.58,675.92,91.90,213.98,1,-1,-1,-1
90,366,613.68,180.04,81.05,201.85,1,-1,-1,-1
90,367,673.49,746.02,98.78,216.76,1,-1,-1,-1
90,368,1157.95,131.81,94.28,203.47,1,-1,-1,-1
90,369,1215.55,683.16,92.95,214.94,1,-1,-1,-1
91,366,620.30,171.14,81.10,202.33,1,-1,-1,-1
91,367,666.16,739.55,98.25,216.26,1,-1,-1,-1
91,368,1165.36,137.08,94.79,204.47,1,-1,-1,-1
91,369,1208.58,689.21,92.22,214.00,1,-1,-1,-1
92,366,627.00,166.72,80.64,202.45,1,-1,-1,-1
92,367,658.18,731.63,97.91,216.45,1,-1,-1,-1
92,368,1174.22,143.49,94.03,202.90,1,-1,-1,-1
92,369,1204.51,699.39,92.23,214.79,1,-1,-1,-1
93,366,635.08,157.64,80.20,201.12,1,-1,-1,-1
93,367,650.14,725.31,98.55,217.22,1,-1,-1,-1
93,368,1180.97,151.24,94.88,205.31,1,-1,-1,-1
93,369,1198.24,707.69,91.78,214.36,1,-1,-1,-1
94,366,644.12,150.05,78.45,199.13,1,-1,-1,-1
94,367,642.63,717.46,97.79,215.44,1,-1,-1,-1
94,368,1189.08,156.42,93.78,203.66,1,-1,-1,-1
94,369,1190.48,711.34,92.04,214.65,1,-1,-1,-1
95,366,651.39,142.29,78.07,199.18,1,-1,-1,-1
95,367,635.57,711.20,97.31,214.59,1,-1,-1,-1
95,368,1196.09,160.95,93.99,204.62,1,-1,-1,-1
95,369,1183.02,717.99,92.53,215.81,1,-1,-1,-1
96,366,660.01,139.30,76.96,198.71,1,-1,-1,-1
96,367,628.20,703.10,97.02,214.36,1,-1,-1,-1
96,368,1203.67,168.58,93.91,204.52,1,-1,-1,-1
96,369,1175.61,727.04,92.08,214.58,1,-1,-1,-1
97,366,667.77,130.76,77.36,199.49,1,-1,-1,-1
97,367,623.48,695.19,97.51,214.89,1,-1,-1,-1
97,368,1208.51,175.76,93.68,204.89,1,-1,-1,-1
97,369,1167.13,729.94,92.54,214.78,1,-1,-1,-1
98,366,676.26,125.41,76.12,198.91,1,-1,-1,-1
98,367,616.78,689.67,98.49,216.09,1,-1,-1,-1
98,368,1214.54,182.56,94.05,206.92,1,-1,-1,-1
98,369,1160.25,739.98,91.20,213.03,1,-1,-1,-1
99,366,685.09,119.51,73.63,194.82,1,-1,-1,-1
99,367,609.93,683.94,97.42,214.11,1,-1,-1,-1
99,368,1221.44,192.99,93.62,204.79,1,-1,-1,-1
99,369,1151.79,748.04,92.06,213.80,1,-1,-1,-1
100,366,693.05,114.51,74.34,198.90,1,-1,-1,-1
100,367,603.22,671.68,97.09,213.76,1,-1,-1,-1
100,368,1227.95,199.99,94.18,205.64,1,-1,-1,-1
100,369,1144.66,751.56,90.80,211.46,1,-1,-1,-1
101,366,702.34,109.23,73.01,196.68,1,-1,-1,-1
101,367,596.03,663.14,97.52,214.86,1,-1,-1,-1
101,368,1234.81,207.51,94.79,207.75,1,-1,-1,-1
101,369,1136.14,758.56,91.36,212.56,1,-1,-1,-1
102,366,710.98,107.60,72.55,197.08,1,-1,-1,-1
102,367,592.37,655.37,97.00,213.52,1,-1,-1,-1
102,368,1239.49,216.86,93.95,205.77,1,-1,-1,-1
102,369,1128.32,765.18,91.07,212.67,1,-1,-1,-1
103,366,720.08,103.25,71.80,195.84,1,-1,-1,-1
103,367,585.74,649.46,97.78,215.54,1,-1,-1,-1
103,368,1244.79,224.95,94.41,207.68,1,-1,-1,-1
103,369,1120.11,768.05,91.07,212.30,1,-1,-1,-1
104,366,727.12,93.44,73.27,198.47,1,-1,-1,-1
104,367,580.22,640.53,96.31,213.31,1,-1,-1,-1
104,368,1248.75,233.50,93.67,205.58,1,-1,-1,-1
104,369,1111.63,776.03,90.52,210.74,1,-1,-1,-1
105,366,735.72,90.12,73.53,198.67,1,-1,-1,-1
105,367,576.55,631.56,95.86,212.69,1,-1,-1,-1
105,368,1254.65,245.33,93.74,206.36,1,-1,-1,-1
105,369,1102.44,778.00,91.85,212.67,1,-1,-1,-1
106,366,744.84,85.11,72.23,196.42,1,-1,-1,-1
106,367,570.84,622.55,96.45,213.87,1,-1,-1,-1
106,368,1260.75,253.34,94.00,208.15,1,-1,-1,-1
106,369,1094.21,787.60,91.99,212.43,1,-1,-1,-1
107,366,753.69,82.64,71.91,197.15,1,-1,-1,-1
107,367,564.81,614.82,96.21,213.84,1,-1,-1,-1
107,368,1264.51,261.69,93.77,208.20,1,-1,-1,-1
107,369,1085.14,786.52,93.14,214.59,1,-1,-1,-1
108,366,761.68,75.39,72.74,199.08,1,-1,-1,-1
108,367,561.30,604.70,96.23,214.23,1,-1,-1,-1
108,368,1269.50,268.84,94.48,209.74,1,-1,-1,-1
108,369,1077.01,795.56,92.62,212.74,1,-1,-1,-1
109,366,773.13,70.93,72.07,197.00,1,-1,-1,-1
109,367,555.90,596.04,95.86,213.57,1,-1,-1,-1
109,368,1273.14,278.39,93.45,208.28,1,-1,-1,-1
109,369,1065.50,798.66,92.14,210.66,1,-1,-1,-1
110,366,782.66,69.74,71.67,196.69,1,-1,-1,-1
110,367,552.63,588.27,96.57,214.19,1,-1,-1,-1
110,368,1277.54,290.74,93.28,208.83,1,-1,-1,-1
110,369,1055.19,804.63,92.64,211.08,1,-1,-1,-1
111,366,792.23,69.05,71.46,196.16,1,-1,-1,-1
111,367,548.25,577.26,95.43,212.46,1,-1,-1,-1
111,368,1279.95,301.03,93.75,209.14,1,-1,-1,-1
111,369,1046.79,810.15,91.58,209.27,1,-1,-1,-1
112,366,801.30,62.75,71.54,197.06,1,-1,-1,-1
112,367,545.67,568.25,94.56,210.86,1,-1,-1,-1
112,368,1284.04,307.06,94.01,209.09,1,-1,-1,-1
112,369,1037.41,808.91,92.86,211.23,1,-1,-1,-1
113,366,809.92,60.92,72.28,198.28,1,-1,-1,-1
113,367,541.23,558.77,94.55,210.28,1,-1,-1,-1
113,368,1288.19,318.47,92.94,207.73,1,-1,-1,-1
113,369,1029.18,815.28,92.25,211.14,1,-1,-1,-1
114,366,820.54,54.99,71.77,197.53,1,-1,-1,-1
114,367,539.08,546.78,94.71,208.92,1,-1,-1,-1
114,368,1291.77,324.33,93.16,206.99,1,-1,-1,-1
114,369,1020.79,815.60,91.86,210.11,1,-1,-1,-1
115,366,830.92,53.91,71.71,196.63,1,-1,-1,-1
115,367,536.81,534.64,95.85,212.01,1,-1,-1,-1
115,368,1295.91,335.84,92.13,206.68,1,-1,-1,-1
115,369,1009.31,822.28,91.25,209.23,1,-1,-1,-1
116,366,839.90,47.67,72.13,197.52,1,-1,-1,-1
116,367,532.69,526.78,95.53,211.44,1,-1,-1,-1
116,368,1297.78,344.32,91.65,206.51,1,-1,-1,-1
116,369,998.86,823.32,91.98,210.68,1,-1,-1,-1
117,366,848.57,45.28,72.32,198.53,1,-1,-1,-1
117,367,530.88,518.43,95.26,209.81,1,-1,-1,-1
117,368,1297.66,356.31,93.05,208.51,1,-1,-1,-1
117,369,989.78,824.62,91.79,210.35,1,-1,-1,-1
118,366,857.86,44.67,72.78,198.11,1,-1,-1,-1
118,367,529.39,510.26,96.06,210.58,1,-1,-1,-1
118,368,1301.00,365.84,92.95,209.21,1,-1,-1,-1
118,369,977.51,826.40,91.10,209.84,1,-1,-1,-1
119,366,869.21,42.02,72.68,198.61,1,-1,-1,-1
119,367,528.05,501.78,97.55,212.35,1,-1,-1,-1
119,368,1303.33,375.78,92.73,208.23,1,-1,-1,-1
119,369,967.96,826.14,91.09,210.23,1,-1,-1,-1
120,366,878.37,38.57,72.56,198.68,1,-1,-1,-1
120,367,524.47,493.00,97.04,210.90,1,-1,-1,-1
120,368,1304.75,386.50,92.25,205.84,1,-1,-1,-1
120,369,958.99,828.98,91.58,211.97,1,-1,-1,-1
121,366,888.34,42.81,71.95,197.71,1,-1,-1,-1
121,367,523.03,485.18,96.92,210.50,1,-1,-1,-1
121,368,1305.06,395.30,92.48,204.62,1,-1,-1,-1
121,369,949.73,829.95,92.07,212.46,1,-1,-1,-1
122,366,898.16,43.25,72.11,198.33,1,-1,-1,-1
122,367,521.80,471.85,97.62,211.19,1,-1,-1,-1
122,368,1307.24,407.54,93.57,206.81,1,-1,-1,-1
122,369,941.04,831.85,92.20,212.47,1,-1,-1,-1
123,366,906.26,41.06,73.09,200.50,1,-1,-1,-1
123,367,521.06,461.40,97.85,211.35,1,-1,-1,-1
123,368,1308.80,416.21,93.68,207.71,1,-1,-1,-1
123,369,928.84,832.94,91.90,212.38,1,-1,-1,-1
124,366,917.02,40.78,74.03,201.44,1,-1,-1,-1
124,367,520.95,448.31,97.42,210.99,1,-1,-1,-1
124,368,1308.17,422.86,95.03,209.48,1,-1,-1,-1
124,369,919.59,832.74,91.05,211.21,1,-1,-1,-1
125,366,927.70,41.29,73.61,200.52,1,-1,-1,-1
125,367,520.84,439.04,96.61,210.72,1,-1,-1,-1
125,368,1308.05,435.84,95.28,209.33,1,-1,-1,-1
125,369,910.27,831.76,91.15,212.26,1,-1,-1,-1
126,366,936.97,37.56,74.20,201.69,1,-1,-1,-1
126,367,520.73,430.31,97.25,212.18,1,-1,-1,-1
126,368,1309.17,447.80,93.59,207.73,1,-1,-1,-1
126,369,901.03,831.09,91.57,213.24,1,-1,-1,-1
127,366,948.40,40.17,73.74,201.43,1,-1,-1,-1
127,367,521.02,417.55,96.45,211.90,1,-1,-1,-1
127,368,1308.30,456.54,94.78,209.24,1,-1,-1,-1
127,369,892.91,830.52,90.77,212.02,1,-1,-1,-1
128,366,959.10,41.00,73.76,201.40,1,-1,-1,-1
128,367,521.21,412.17,95.73,211.63,1,-1,-1,-1
128,368,1307.56,465.17,95.33,209.41,1,-1,-1,-1
128,369,880.82,831.99,90.64,212.41,1,-1,-1,-1
129,366,967.95,40.85,74.20,202.51,1,-1,-1,-1
129,367,521.39,399.85,95.95,212.76,1,-1,-1,-1
129,368,1304.52,474.53,95.26,207.77,1,-1,-1,-1
129,369,871.30,832.96,89.55,210.76,1,-1,-1,-1
130,366,977.15,42.37,74.37,202.67,1,-1,-1,-1
130,367,522.15,389.80,95.30,211.46,1,-1,-1,-1
130,368,1302.05,487.09,96.80,209.06,1,-1,-1,-1
130,369,861.86,828.05,89.54,209.85,1,-1,-1,-1
131,366,989.09,48.72,73.29,199.06,1,-1,-1,-1
131,367,523.05,382.00,94.32,209.41,1,-1,-1,-1
131,368,1301.27,496.08,96.22,208.71,1,-1,-1,-1
131,369,849.72,825.78,89.50,209.95,1,-1,-1,-1
132,366,998.48,51.58,73.10,198.19,1,-1,-1,-1
132,367,523.60,369.93,93.84,209.62,1,-1,-1,-1
132,368,1300.29,504.27,95.71,208.29,1,-1,-1,-1
132,369,839.84,825.48,89.41,210.11,1,-1,-1,-1
133,366,1007.44,50.75,73.78,200.63,1,-1,-1,-1
133,367,525.47,360.82,92.19,206.36,1,-1,-1,-1
133,368,1296.24,516.83,95.71,208.01,1,-1,-1,-1
133,369,831.54,823.42,88.82,209.56,1,-1,-1,-1
134,366,1017.67,53.54,73.01,199.31,1,-1,-1,-1
134,367,527.25,352.89,90.79,204.32,1,-1,-1,-1
134,368,1294.46,527.67,95.45,208.82,1,-1,-1,-1
134,369,822.80,824.69,88.21,208.75,1,-1,-1,-1
135,366,1029.08,59.52,72.12,197.51,1,-1,-1,-1
135,367,527.94,344.01,90.48,204.56,1,-1,-1,-1
135,368,1293.32,531.89,95.37,209.73,1,-1,-1,-1
135,369,813.61,823.03,89.57,210.97,1,-1,-1,-1
136,366,1039.33,57.05,71.19,196.53,1,-1,-1,-1
136,367,531.47,335.89,90.82,205.72,1,-1,-1,-1
136,368,1291.85,543.47,94.94,209.28,1,-1,-1,-1
136,369,801.60,818.62,89.40,210.62,1,-1,-1,-1
137,366,1048.00,61.10,71.07,197.10,1,-1,-1,-1
137,367,534.22,323.93,90.81,205.75,1,-1,-1,-1
137,368,1288.23,553.37,94.83,208.47,1,-1,-1,-1
137,369,791.90,814.69,89.05,209.82,1,-1,-1,-1
138,366,1057.61,64.72,72.17,199.86,1,-1,-1,-1
138,367,536.21,314.00,90.17,204.08,1,-1,-1,-1
138,368,1284.81,565.43,95.63,208.60,1,-1,-1,-1
138,369,782.10,809.74,90.22,211.19,1,-1,-1,-1
139,366,1067.74,70.67,70.53,196.27,1,-1,-1,-1
139,367,540.89,305.11,89.90,203.42,1,-1,-1,-1
139,368,1280.14,574.86,95.49,208.50,1,-1,-1,-1
139,369,773.10,806.38,91.00,212.55,1,-1,-1,-1
140,366,1077.79,75.78,70.52,196.79,1,-1,-1,-1
140,367,543.50,296.83,89.67,203.45,1,-1,-1,-1
140,368,1277.41,582.00,95.81,209.96,1,-1,-1,-1
140,369,763.99,800.99,91.91,213.95,1,-1,-1,-1
141,366,1087.05,76.09,71.66,198.54,1,-1,-1,-1
141,367,547.70,289.01,89.98,203.89,1,-1,-1,-1
141,368,1275.22,589.91,95.75,211.38,1,-1,-1,-1
141,369,756.06,802.36,91.79,212.20,1,-1,-1,-1
142,366,1096.88,82.33,70.99,197.83,1,-1,-1,-1
142,367,550.73,276.81,89.83,203.58,1,-1,-1,-1
142,368,1271.36,600.32,94.90,209.72,1,-1,-1,-1
142,369,744.94,800.20,90.77,211.10,1,-1,-1,-1
143,366,1105.76,84.01,70.56,197.24,1,-1,-1,-1
143,367,552.39,266.38,90.61,205.89,1,-1,-1,-1
143,368,1266.71,608.41,96.37,212.04,1,-1,-1,-1
143,369,734.57,794.47,91.29,211.48,1,-1,-1,-1
144,366,1113.81,90.66,71.35,197.82,1,-1,-1,-1
144,367,558.07,258.35,89.68,203.76,1,-1,-1,-1
144,368,1262.33,620.47,95.64,210.96,1,-1,-1,-1
144,369,725.51,789.78,91.85,211.95,1,-1,-1,-1
145,366,1123.18,94.59,70.63,196.49,1,-1,-1,-1
145,367,563.52,248.76,89.87,206.01,1,-1,-1,-1
145,368,1258.40,628.70,96.16,211.02,1,-1,-1,-1
145,369,717.31,784.30,91.73,212.46,1,-1,-1,-1
146,366,1131.75,102.57,70.30,195.36,1,-1,-1,-1
146,367,567.57,240.30,89.47,206.69,1,-1,-1,-1
146,368,1252.90,634.35,96.71,211.74,1,-1,-1,-1
146,369,708.62,777.84,91.68,212.17,1,-1,-1,-1
147,366,1141.22,103.58,71.06,197.74,1,-1,-1,-1
147,367,573.23,232.39,88.65,205.54,1,-1,-1,-1
147,368,1247.02,645.40,96.26,211.06,1,-1,-1,-1
147,369,700.40,775.28,91.79,212.19,1,-1,-1,-1
148,366,1147.59,108.22,71.85,198.76,1,-1,-1,-1
148,367,577.47,225.24,87.83,202.39,1,-1,-1,-1
148,368,1242.68,653.15,96.57,211.40,1,-1,-1,-1
148,369,692.01,766.92,92.46,213.80,1,-1,-1,-1
149,366,1157.80,114.22,71.73,198.97,1,-1,-1,-1
149,367,583.23,216.40,87.91,203.03,1,-1,-1,-1
149,368,1237.29,661.78,95.89,210.87,1,-1,-1,-1
149,369,683.86,763.56,93.31,215.62,1,-1,-1,-1
150,366,1166.41,118.89,71.68,197.91,1,-1,-1,-1
150,367,589.97,207.52,88.89,205.42,1,-1,-1,-1
150,368,1229.22,670.64,96.95,211.85,1,-1,-1,-1
150,369,675.29,756.02,93.75,216.59,1,-1,-1,-1
151,366,1174.36,128.45,72.43,199.03,1,-1,-1,-1
151,367,596.87,197.05,88.11,203.50,1,-1,-1,-1
151,368,1222.19,677.08,97.50,211.59,1,-1,-1,-1
151,369,667.72,749.54,93.39,217.02,1,-1,-1,-1
152,366,1181.94,132.12,72.71,198.72,1,-1,-1,-1
152,367,601.14,190.85,88.53,204.01,1,-1,-1,-1
152,368,1217.59,686.14,97.51,212.30,1,-1,-1,-1
152,369,659.51,746.89,93.69,217.35,1,-1,-1,-1
153,366,1189.70,135.03,73.33,199.07,1,-1,-1,-1
153,367,607.58,185.68,87.29,201.15,1,-1,-1,-1
153,368,1210.57,693.48,98.23,211.95,1,-1,-1,-1
153,369,651.43,741.09,93.77,217.10,1,-1,-1,-1
154,366,1195.62,144.46,72.94,197.91,1,-1,-1,-1
154,367,615.01,177.45,87.00,201.23,1,-1,-1,-1
154,368,1203.62,702.83,99.02,213.70,1,-1,-1,-1
154,369,643.43,732.79,93.83,217.61,1,-1,-1,-1
155,366,1202.07,153.88,73.47,199.60,1,-1,-1,-1
155,367,622.90,169.39,86.82,201.93,1,-1,-1,-1
155,368,1196.36,706.31,98.55,213.46,1,-1,-1,-1
155,369,636.23,726.97,92.56,215.60,1,-1,-1,-1
156,366,1209.27,162.70,73.00,198.22,1,-1,-1,-1
156,367,630.99,162.68,85.12,199.54,1,-1,-1,-1
156,368,1189.59,716.27,98.18,212.38,1,-1,-1,-1
156,369,628.92,722.76,91.67,214.22,1,-1,-1,-1
157,366,1216.72,165.79,73.10,198.60,1,-1,-1,-1
157,367,638.44,154.77,84.77,199.57,1,-1,-1,-1
157,368,1182.13,724.94,98.16,211.85,1,-1,-1,-1
157,369,621.13,716.27,91.84,214.92,1,-1,-1,-1
158,366,1223.54,172.53,73.96,199.62,1,-1,-1,-1
158,367,643.61,149.19,84.20,198.24,1,-1,-1,-1
158,368,1176.18,732.16,99.23,212.82,1,-1,-1,-1
158,369,614.34,708.33,90.94,214.06,1,-1,-1,-1
159,366,1230.03,179.44,73.97,199.23,1,-1,-1,-1
159,367,651.36,142.26,83.55,197.23,1,-1,-1,-1
159,368,1168.88,736.39,99.95,214.79,1,-1,-1,-1
159,369,606.84,700.49,90.69,212.84,1,-1,-1,-1
160,366,1236.84,186.22,75.89,203.32,1,-1,-1,-1
160,367,659.39,138.44,83.05,197.22,1,-1,-1,-1
160,368,1158.79,743.83,99.55,212.53,1,-1,-1,-1
160,369,599.04,692.33,91.54,212.92,1,-1,-1,-1
161,366,1241.42,194.56,76.22,202.93,1,-1,-1,-1
161,367,667.83,128.43,81.87,195.47,1,-1,-1,-1
161,368,1152.72,748.47,99.51,212.67,1,-1,-1,-1
161,369,594.34,684.42,92.54,214.33,1,-1,-1,-1
162,366,1247.52,202.13,76.75,203.50,1,-1,-1,-1
162,367,675.48,123.77,82.40,195.96,1,-1,-1,-1
162,368,1145.60,756.20,99.30,211.07,1,-1,-1,-1
162,369,588.04,673.20,92.69,214.74,1,-1,-1,-1
163,366,1253.32,210.44,77.81,204.12,1,-1,-1,-1
163,367,683.04,118.04,82.85,197.60,1,-1,-1,-1
163,368,1137.68,761.06,99.31,211.08,1,-1,-1,-1
163,369,581.29,666.86,92.54,213.46,1,-1,-1,-1
164,366,1259.48,216.98,78.47,204.48,1,-1,-1,-1
164,367,692.29,112.48,81.34,194.66,1,-1,-1,-1
164,368,1126.77,768.10,99.29,209.33,1,-1,-1,-1
164,369,574.28,656.98,92.55,212.80,1,-1,-1,-1
165,366,1263.24,224.21,80.01,206.73,1,-1,-1,-1
165,367,701.18,107.82,80.69,194.30,1,-1,-1,-1
165,368,1119.98,775.56,99.65,210.53,1,-1,-1,-1
165,369,571.07,652.36,91.97,213.00,1,-1,-1,-1
166,366,1268.78,235.85,80.43,208.60,1,-1,-1,-1
166,367,708.65,101.63,81.03,195.37,1,-1,-1,-1
166,368,1112.44,781.40,99.80,210.27,1,-1,-1,-1
166,369,565.36,645.15,91.14,210.85,1,-1,-1,-1
167,366,1274.36,247.49,79.57,206.06,1,-1,-1,-1
167,367,716.09,93.70,82.30,197.91,1,-1,-1,-1
167,368,1104.33,785.68,100.10,211.66,1,-1,-1,-1
167,369,559.69,637.88,89.96,208.54,1,-1,-1,-1
168,366,1278.47,252.33,79.68,205.23,1,-1,-1,-1
168,367,724.31,91.41,82.42,197.66,1,-1,-1,-1
168,368,1093.71,789.41,99.65,211.20,1,-1,-1,-1
168,369,555.40,626.25,91.39,211.49,1,-1,-1,-1
169,366,1283.00,262.43,79.75,205.29,1,-1,-1,-1
169,367,734.25,85.21,84.08,200.44,1,-1,-1,-1
169,368,1084.72,797.28,98.73,209.32,1,-1,-1,-1
169,369,550.55,617.68,89.91,209.40,1,-1,-1,-1
170,366,1286.56,273.41,79.83,205.16,1,-1,-1,-1
170,367,742.86,80.54,85.65,203.09,1,-1,-1,-1
170,368,1076.69,799.58,97.76,208.31,1,-1,-1,-1
170,369,547.47,607.11,90.35,210.91,1,-1,-1,-1
171,366,1290.89,282.63,80.16,205.45,1,-1,-1,-1
171,367,753.16,75.60,83.57,199.33,1,-1,-1,-1
171,368,1067.25,801.10,98.02,208.43,1,-1,-1,-1
171,369,542.67,600.85,89.50,210.21,1,-1,-1,-1
172,366,1294.14,291.54,80.33,204.36,1,-1,-1,-1
172,367,762.06,74.53,83.40,198.94,1,-1,-1,-1
172,368,1058.13,805.75,97.63,208.30,1,-1,-1,-1
172,369,536.58,590.75,89.30,208.57,1,-1,-1,-1
173,366,1298.49,299.11,80.36,203.26,1,-1,-1,-1
173,367,770.88,69.77,83.64,199.17,1,-1,-1,-1
173,368,1049.68,813.13,97.73,208.94,1,-1,-1,-1
173,369,533.80,582.16,89.01,208.52,1,-1,-1,-1
174,366,1301.37,306.88,81.19,204.40,1,-1,-1,-1
174,367,779.54,65.88,84.15,200.94,1,-1,-1,-1
174,368,1037.65,811.95,98.79,210.04,1,-1,-1,-1
174,369,528.72,570.35,89.01,208.22,1,-1,-1,-1
175,366,1302.71,317.08,82.34,206.69,1,-1,-1,-1
175,367,788.28,59.56,83.58,199.96,1,-1,-1,-1
175,368,1028.57,814.68,98.22,208.78,1,-1,-1,-1
175,369,525.64,560.30,90.00,209.68,1,-1,-1,-1
176,366,1305.67,327.16,82.77,205.87,1,-1,-1,-1
176,367,799.37,53.39,84.69,201.48,1,-1,-1,-1
176,368,1020.17,820.49,97.91,209.09,1,-1,-1,-1
176,369,523.53,552.38,90.60,210.08,1,-1,-1,-1
177,366,1308.73,337.88,83.03,205.32,1,-1,-1,-1
177,367,809.04,50.76,84.16,200.86,1,-1,-1,-1
177,368,1010.55,820.11,98.24,207.91,1,-1,-1,-1
177,369,520.59,543.00,89.21,208.12,1,-1,-1,-1
178,366,1312.47,346.35,83.41,205.46,1,-1,-1,-1
178,367,819.24,51.70,83.00,199.39,1,-1,-1,-1
178,368,1001.71,824.95,97.91,206.46,1,-1,-1,-1
178,369,517.10,533.47,90.64,210.20,1,-1,-1,-1
179,366,1314.01,357.08,83.93,206.39,1,-1,-1,-1
179,367,828.25,49.66,83.29,200.27,1,-1,-1,-1
179,368,988.58,825.38,99.92,209.28,1,-1,-1,-1
179,369,516.36,525.82,89.69,208.90,1,-1,-1,-1
180,366,1315.27,363.35,84.48,206.97,1,-1,-1,-1
180,367,839.44,45.05,83.15,199.32,1,-1,-1,-1
180,368,979.80,825.48,99.25,208.80,1,-1,-1,-1
180,369,513.35,515.58,88.56,207.48,1,-1,-1,-1
181,366,1316.44,374.30,84.88,207.03,1,-1,-1,-1
181,367,850.33,43.96,82.10,197.88,1,-1,-1,-1
181,368,969.86,829.65,99.90,209.53,1,-1,-1,-1
181,369,511.75,506.83,88.28,207.41,1,-1,-1,-1
182,366,1317.63,385.95,83.93,205.69,1,-1,-1,-1
182,367,859.42,43.40,81.72,197.24,1,-1,-1,-1
182,368,961.00,833.15,99.08,209.38,1,-1,-1,-1
182,369,511.03,496.42,87.59,205.88,1,-1,-1,-1
183,366,1320.59,399.37,83.61,204.53,1,-1,-1,-1
183,367,868.55,44.23,81.83,197.29,1,-1,-1,-1
183,368,953.01,833.76,98.07,207.59,1,-1,-1,-1
183,369,510.38,487.05,87.39,205.53,1,-1,-1,-1
184,366,1321.65,405.66,83.49,203.66,1,-1,-1,-1
184,367,879.80,38.99,82.75,199.51,1,-1,-1,-1
184,368,941.45,833.16,98.13,208.67,1,-1,-1,-1
184,369,509.16,474.69,88.57,207.37,1,-1,-1,-1
185,366,1322.59,417.30,83.67,204.14,1,-1,-1,-1
185,367,889.35,35.89,83.85,200.90,1,-1,-1,-1
185,368,931.15,833.33,98.30,208.51,1,-1,-1,-1
185,369,509.27,466.35,87.64,206.80,1,-1,-1,-1
186,366,1322.70,425.81,83.35,203.86,1,-1,-1,-1
186,367,899.48,38.92,83.86,200.15,1,-1,-1,-1
186,368,921.32,836.04,99.66,210.17,1,-1,-1,-1
186,369,506.54,458.68,86.53,203.98,1,-1,-1,-1
187,366,1323.34,438.41,83.35,204.42,1,-1,-1,-1
187,367,910.74,35.84,84.84,201.56,1,-1,-1,-1
187,368,909.65,833.86,99.03,209.62,1,-1,-1,-1
187,369,505.01,448.08,87.19,204.32,1,-1,-1,-1
188,366,1323.46,449.88,83.01,204.41,1,-1,-1,-1
188,367,920.44,35.12,84.48,200.97,1,-1,-1,-1
188,368,900.04,835.69,98.39,207.21,1,-1,-1,-1
188,369,504.71,434.67,87.10,205.20,1,-1,-1,-1
189,366,1322.28,457.07,84.08,205.75,1,-1,-1,-1
189,367,929.48,35.49,84.28,201.21,1,-1,-1,-1
189,368,890.58,835.30,98.46,208.06,1,-1,-1,-1
189,369,508.03,425.32,86.59,205.66,1,-1,-1,-1
190,366,1321.23,470.97,84.22,205.96,1,-1,-1,-1
190,367,938.49,35.73,84.51,201.73,1,-1,-1,-1
190,368,881.44,837.70,97.94,207.78,1,-1,-1,-1
190,369,506.44,416.57,86.19,205.11,1,-1,-1,-1
191,366,1320.63,480.35,84.43,205.74,1,-1,-1,-1
191,367,950.45,35.23,84.44,201.02,1,-1,-1,-1
191,368,870.10,836.94,97.24,206.36,1,-1,-1,-1
191,369,509.19,404.38,85.79,205.99,1,-1,-1,-1
192,366,1317.27,488.08,85.35,206.78,1,-1,-1,-1
192,367,960.03,35.47,85.32,202.07,1,-1,-1,-1
192,368,859.12,833.19,98.66,208.24,1,-1,-1,-1
192,369,510.22,396.13,86.56,208.42,1,-1,-1,-1
193,366,1316.54,497.92,84.88,206.83,1,-1,-1,-1
193,367,969.50,36.22,84.87,201.88,1,-1,-1,-1
193,368,849.54,831.99,99.13,208.21,1,-1,-1,-1
193,369,510.38,382.52,87.35,209.73,1,-1,-1,-1
194,366,1314.53,509.25,85.96,207.70,1,-1,-1,-1
194,367,979.28,41.43,83.88,198.81,1,-1,-1,-1
194,368,840.67,831.01,99.26,207.74,1,-1,-1,-1
194,369,511.88,375.29,86.32,208.17,1,-1,-1,-1
195,366,1312.64,517.93,86.36,209.26,1,-1,-1,-1
195,367,988.22,44.63,83.78,198.87,1,-1,-1,-1
195,368,828.68,829.82,100.06,209.02,1,-1,-1,-1
195,369,511.16,365.06,87.85,210.14,1,-1,-1,-1
196,366,1311.79,528.40,85.53,208.36,1,-1,-1,-1
196,367,998.62,44.64,85.02,201.46,1,-1,-1,-1
196,368,819.86,825.86,99.33,207.33,1,-1,-1,-1
196,369,512.24,357.51,87.46,208.22,1,-1,-1,-1
197,366,1308.35,537.34,85.77,208.12,1,-1,-1,-1
197,367,1008.50,48.61,84.52,200.39,1,-1,-1,-1
197,368,810.17,823.47,99.76,208.03,1,-1,-1,-1
197,369,513.42,345.75,86.94,206.53,1,-1,-1,-1
198,366,1306.37,546.19,85.02,207.25,1,-1,-1,-1
198,367,1017.37,50.86,84.47,200.17,1,-1,-1,-1
198,368,800.81,824.19,100.00,207.35,1,-1,-1,-1
198,369,516.88,331.67,88.00,208.43,1,-1,-1,-1
199,366,1301.43,556.58,85.43,208.76,1,-1,-1,-1
199,367,1027.39,51.04,84.22,199.75,1,-1,-1,-1
199,368,792.06,820.43,99.74,207.04,1,-1,-1,-1
199,369,519.38,325.24,88.46,209.38,1,-1,-1,-1
200,366,1299.15,565.84,85.40,208.40,1,-1,-1,-1
200,367,1036.60,56.76,83.91,198.96,1,-1,-1,-1
200,368,780.04,815.47,100.56,208.30,1,-1,-1,-1
200,369,520.83,318.26,88.85,208.98,1,-1,-1,-1
201,366,1296.82,573.97,86.90,211.52,1,-1,-1,-1
201,367,1047.20,55.76,83.58,198.71,1,-1,-1,-1
201,368,770.69,814.19,100.48,208.78,1,-1,-1,-1
201,369,524.83,306.66,89.28,209.25,1,-1,-1,-1
202,366,1292.34,582.95,86.64,210.47,1,-1,-1,-1
202,367,1057.43,58.27,83.30,198.75,1,-1,-1,-1
202,368,761.61,807.62,100.99,210.75,1,-1,-1,-1
202,369,527.80,297.43,88.44,207.37,1,-1,-1,-1
203,366,1289.02,595.65,86.91,209.83,1,-1,-1,-1
203,367,1065.59,64.26,84.76,201.40,1,-1,-1,-1
203,368,752.76,804.96,100.51,210.45,1,-1,-1,-1
203,369,531.95,286.02,89.61,209.13,1,-1,-1,-1
204,366,1283.94,602.29,87.42,209.83,1,-1,-1,-1
204,367,1075.74,71.55,83.48,199.50,1,-1,-1,-1
204,368,743.76,804.52,100.06,209.31,1,-1,-1,-1
204,369,534.97,278.51,89.09,207.38,1,-1,-1,-1
205,366,1280.63,612.77,87.44,209.91,1,-1,-1,-1
205,367,1084.28,71.03,83.81,199.72,1,-1,-1,-1
205,368,733.05,800.40,99.53,208.79,1,-1,-1,-1
205,369,540.63,267.86,88.21,206.56,1,-1,-1,-1
206,366,1275.20,622.25,87.94,210.06,1,-1,-1,-1
206,367,1095.37,77.07,82.70,198.04,1,-1,-1,-1
206,368,723.79,794.58,99.88,208.31,1,-1,-1,-1
206,369,543.71,261.77,88.63,206.98,1,-1,-1,-1
207,366,1271.38,626.76,87.69,210.07,1,-1,-1,-1
207,367,1102.93,81.98,82.12,197.82,1,-1,-1,-1
207,368,714.63,789.92,100.28,209.62,1,-1,-1,-1
207,369,548.60,250.95,88.99,207.70,1,-1,-1,-1
208,366,1265.89,636.18,88.52,211.82,1,-1,-1,-1
208,367,1112.46,84.80,82.92,199.07,1,-1,-1,-1
208,368,706.86,783.72,99.37,208.66,1,-1,-1,-1
208,369,552.20,239.71,89.32,208.84,1,-1,-1,-1
209,366,1261.97,645.77,89.01,211.90,1,-1,-1,-1
209,367,1121.75,89.29,82.62,199.00,1,-1,-1,-1
209,368,697.82,776.19,100.71,210.70,1,-1,-1,-1
209,369,557.60,228.83,89.74,210.36,1,-1,-1,-1
210,366,1256.19,653.70,89.41,211.32,1,-1,-1,-1
210,367,1129.66,91.63,83.50,200.03,1,-1,-1,-1
210,368,689.71,772.35,100.56,210.30,1,-1,-1,-1
210,369,560.64,223.23,89.03,208.73,1,-1,-1,-1
211,366,1249.92,658.38,88.83,211.50,1,-1,-1,-1
211,367,1139.59,98.07,82.73,198.88,1,-1,-1,-1
211,368,680.61,765.94,101.55,211.43,1,-1,-1,-1
211,369,566.46,213.35,89.16,209.42,1,-1,-1,-1
212,366,1242.57,665.13,89.75,211.67,1,-1,-1,-1
212,367,1147.81,106.22,82.09,197.81,1,-1,-1,-1
212,368,672.59,759.21,101.54,211.19,1,-1,-1,-1
212,369,573.43,203.10,88.13,207.73,1,-1,-1,-1
213,366,1237.94,677.92,89.03,211.45,1,-1,-1,-1
213,367,1155.84,113.17,83.09,199.00,1,-1,-1,-1
213,368,664.54,754.89,101.93,212.34,1,-1,-1,-1
213,369,580.76,195.90,88.62,209.79,1,-1,-1,-1
214,366,1231.62,684.61,89.48,213.08,1,-1,-1,-1
214,367,1163.13,116.68,83.83,200.22,1,-1,-1,-1
214,368,657.09,748.86,101.52,211.73,1,-1,-1,-1
214,369,589.08,190.08,87.44,207.82,1,-1,-1,-1
215,366,1224.55,692.62,89.15,212.69,1,-1,-1,-1
215,367,1171.38,119.08,84.00,199.66,1,-1,-1,-1
215,368,649.04,741.92,102.28,213.86,1,-1,-1,-1
215,369,594.52,181.20,84.78,203.49,1,-1,-1,-1
216,366,1217.62,702.13,89.44,211.49,1,-1,-1,-1
216,367,1177.66,123.13,85.83,202.86,1,-1,-1,-1
216,368,639.94,737.19,103.87,215.98,1,-1,-1,-1
216,369,599.52,170.26,86.36,205.73,1,-1,-1,-1
217,366,1209.80,709.00,89.83,211.27,1,-1,-1,-1
217,367,1186.20,134.91,84.98,200.65,1,-1,-1,-1
217,368,632.03,732.09,103.48,214.85,1,-1,-1,-1
217,369,606.51,162.50,86.00,204.87,1,-1,-1,-1
218,366,1202.27,716.91,89.73,210.75,1,-1,-1,-1
218,367,1193.01,140.01,85.88,201.60,1,-1,-1,-1
218,368,624.39,726.99,103.14,212.72,1,-1,-1,-1
218,369,614.46,158.29,85.38,204.46,1,-1,-1,-1
219,366,1197.13,720.97,90.11,211.84,1,-1,-1,-1
219,367,1201.43,147.43,85.06,200.12,1,-1,-1,-1
219,368,616.72,719.92,103.12,212.63,1,-1,-1,-1
219,369,622.80,149.51,84.16,202.17,1,-1,-1,-1
220,366,1190.09,726.64,90.21,211.93,1,-1,-1,-1
220,367,1208.98,155.12,84.56,199.57,1,-1,-1,-1
220,368,609.22,712.85,103.59,212.76,1,-1,-1,-1
220,369,628.07,145.05,83.23,200.81,1,-1,-1,-1
221,366,1182.57,733.13,91.00,212.47,1,-1,-1,-1
221,367,1215.64,161.52,85.88,201.00,1,-1,-1,-1
221,368,601.45,702.38,103.60,212.24,1,-1,-1,-1
221,369,634.16,138.05,84.31,202.37,1,-1,-1,-1
222,366,1174.74,740.29,91.09,211.53,1,-1,-1,-1
222,367,1220.64,170.23,85.61,199.74,1,-1,-1,-1
222,368,596.56,695.79,103.78,212.86,1,-1,-1,-1
222,369,641.42,133.74,84.86,204.10,1,-1,-1,-1
223,366,1167.38,745.72,91.17,210.96,1,-1,-1,-1
223,367,1225.73,176.17,87.25,203.54,1,-1,-1,-1
223,368,589.79,688.58,104.35,213.18,1,-1,-1,-1
223,369,651.59,126.47,81.99,199.03,1,-1,-1,-1
224,366,1159.26,753.15,90.50,209.79,1,-1,-1,-1
224,367,1232.43,184.36,87.64,203.52,1,-1,-1,-1
224,368,583.79,678.61,103.18,211.27,1,-1,-1,-1
224,369,658.92,121.68,82.44,200.72,1,-1,-1,-1
225,366,1151.15,759.43,91.71,211.73,1,-1,-1,-1
225,367,1238.19,187.30,89.25,206.46,1,-1,-1,-1
225,368,577.68,673.15,102.44,209.34,1,-1,-1,-1
225,369,666.75,112.86,83.16,203.53,1,-1,-1,-1
226,366,1142.63,764.44,91.58,212.39,1,-1,-1,-1
226,367,1245.53,194.51,88.64,205.37,1,-1,-1,-1
226,368,573.40,663.98,102.43,209.87,1,-1,-1,-1
226,369,673.80,106.34,83.76,204.42,1,-1,-1,-1
227,366,1134.29,771.12,92.68,213.76,1,-1,-1,-1
227,367,1249.77,205.91,89.04,205.72,1,-1,-1,-1
227,368,567.89,656.27,102.41,211.03,1,-1,-1,-1
227,369,683.23,100.69,82.70,202.86,1,-1,-1,-1
228,366,1125.74,776.50,91.33,211.04,1,-1,-1,-1
228,367,1255.33,215.12,89.09,205.32,1,-1,-1,-1
228,368,562.82,648.77,100.50,208.03,1,-1,-1,-1
228,369,690.73,95.82,83.31,203.75,1,-1,-1,-1
229,366,1117.58,781.71,91.71,211.04,1,-1,-1,-1
229,367,1258.01,222.35,90.93,207.76,1,-1,-1,-1
229,368,558.31,640.25,100.83,209.89,1,-1,-1,-1
229,369,702.28,91.54,82.46,203.42,1,-1,-1,-1
230,366,1106.43,788.92,91.37,210.69,1,-1,-1,-1
230,367,1264.26,232.28,90.14,206.33,1,-1,-1,-1
230,368,551.96,627.41,100.93,210.11,1,-1,-1,-1
230,369,709.20,84.45,81.60,203.32,1,-1,-1,-1
231,366,1096.71,795.71,91.77,211.83,1,-1,-1,-1
231,367,1269.50,239.44,90.83,207.20,1,-1,-1,-1
231,368,545.92,618.30,101.24,209.43,1,-1,-1,-1
231,369,718.54,77.35,83.59,207.67,1,-1,-1,-1
232,366,1088.34,795.95,91.21,210.99,1,-1,-1,-1
232,367,1274.13,249.31,89.91,204.69,1,-1,-1,-1
232,368,542.24,613.00,101.43,209.45,1,-1,-1,-1
232,369,728.26,73.55,82.97,206.08,1,-1,-1,-1
233,366,1079.38,798.93,91.85,211.14,1,-1,-1,-1
233,367,1279.33,257.15,89.51,204.87,1,-1,-1,-1
233,368,537.16,600.48,101.70,210.16,1,-1,-1,-1
233,369,737.17,71.58,82.75,205.85,1,-1,-1,-1
234,366,1071.11,801.57,90.94,210.34,1,-1,-1,-1
234,367,1284.94,265.10,89.75,206.96,1,-1,-1,-1
234,368,534.50,594.99,101.41,210.38,1,-1,-1,-1
234,369,746.39,70.45,81.69,203.79,1,-1,-1,-1
235,366,1061.93,806.50,91.01,210.15,1,-1,-1,-1
235,367,1288.12,273.01,89.95,207.90,1,-1,-1,-1
235,368,530.96,584.93,100.49,208.16,1,-1,-1,-1
235,369,755.34,64.44,81.90,204.42,1,-1,-1,-1
236,366,1054.24,810.59,90.04,208.22,1,-1,-1,-1
236,367,1290.71,282.25,89.33,206.07,1,-1,-1,-1
236,368,528.49,572.51,99.78,207.19,1,-1,-1,-1
236,369,763.25,61.85,82.99,206.22,1,-1,-1,-1
237,366,1042.80,817.29,89.69,207.25,1,-1,-1,-1
237,367,1296.20,295.53,89.22,206.04,1,-1,-1,-1
237,368,524.70,567.11,98.01,205.63,1,-1,-1,-1
237,369,772.21,57.93,81.76,203.53,1,-1,-1,-1
238,366,1033.22,818.50,89.48,207.37,1,-1,-1,-1
238,367,1299.22,306.30,88.65,204.74,1,-1,-1,-1
238,368,522.27,553.73,98.14,206.99,1,-1,-1,-1
238,369,783.81,55.87,81.66,204.02,1,-1,-1,-1
239,366,1024.13,819.50,89.35,207.68,1,-1,-1,-1
239,367,1302.87,314.11,89.39,206.89,1,-1,-1,-1
239,368,520.62,546.08,97.43,206.08,1,-1,-1,-1
239,369,793.58,52.40,81.26,203.49,1,-1,-1,-1
240,366,1015.06,822.93,89.60,208.61,1,-1,-1,-1
240,367,1305.69,325.48,89.63,208.42,1,-1,-1,-1
240,368,516.67,535.36,97.74,206.56,1,-1,-1,-1
240,369,803.06,50.03,81.06,204.18,1,-1,-1,-1
241,366,1006.39,824.03,89.53,208.82,1,-1,-1,-1
241,367,1309.57,334.66,90.19,208.61,1,-1,-1,-1
241,368,515.10,523.35,97.24,206.11,1,-1,-1,-1
241,369,811.15,46.22,82.69,206.62,1,-1,-1,-1
242,366,993.82,828.98,90.34,209.97,1,-1,-1,-1
242,367,1311.99,343.85,89.74,208.20,1,-1,-1,-1
242,368,513.54,517.28,97.22,206.94,1,-1,-1,-1
242,369,824.07,42.97,81.02,203.61,1,-1,-1,-1
243,366,984.32,831.65,90.25,209.97,1,-1,-1,-1
243,367,1314.50,354.36,88.56,204.33,1,-1,-1,-1
243,368,512.22,504.73,98.06,208.34,1,-1,-1,-1
243,369,830.24,42.32,81.39,203.54,1,-1,-1,-1
244,366,975.38,832.98,89.83,209.53,1,-1,-1,-1
244,367,1315.07,366.70,88.92,204.99,1,-1,-1,-1
244,368,509.36,496.77,97.06,207.60,1,-1,-1,-1
244,369,840.06,38.54,83.51,207.55,1,-1,-1,-1
245,366,966.48,832.12,90.20,209.92,1,-1,-1,-1
245,367,1318.33,376.33,89.92,205.94,1,-1,-1,-1
245,368,508.35,484.36,96.23,207.24,1,-1,-1,-1
245,369,850.73,36.42,81.92,203.79,1,-1,-1,-1
246,366,957.67,832.70,90.40,210.45,1,-1,-1,-1
246,367,1319.45,385.02,90.95,205.88,1,-1,-1,-1
246,368,508.02,472.75,95.79,207.74,1,-1,-1,-1
246,369,859.77,37.58,82.55,204.71,1,-1,-1,-1
247,366,945.49,833.06,90.40,209.99,1,-1,-1,-1
247,367,1320.07,393.34,91.99,206.24,1,-1,-1,-1
247,368,506.13,467.19,96.85,209.50,1,-1,-1,-1
247,369,868.15,38.87,83.12,204.97,1,-1,-1,-1
248,366,935.54,832.46,89.72,209.38,1,-1,-1,-1
248,367,1320.54,401.50,91.97,205.80,1,-1,-1,-1
248,368,505.47,455.63,96.43,209.01,1,-1,-1,-1
248,369,880.43,39.22,82.88,205.39,1,-1,-1,-1
249,366,926.09,831.12,90.67,211.04,1,-1,-1,-1
249,367,1319.68,412.57,93.92,208.38,1,-1,-1,-1
249,368,506.06,447.55,95.72,208.40,1,-1,-1,-1
249,369,891.12,37.45,81.58,202.17,1,-1,-1,-1
250,366,914.20,832.17,89.69,209.91,1,-1,-1,-1
250,367,1322.54,423.53,94.70,208.97,1,-1,-1,-1
250,368,506.28,435.38,94.97,206.98,1,-1,-1,-1
250,369,900.06,33.43,82.11,203.91,1,-1,-1,-1
