1,564,581.65,201.71,93.73,204.20,1,-1,-1,-1
1,565,599.39,668.88,85.38,213.00,1,-1,-1,-1
1,566,1025.20,55.96,87.73,206.27,1,-1,-1,-1
1,567,1319.90,432.55,91.24,206.42,1,-1,-1,-1
1,568,1039.46,811.68,75.42,212.90,1,-1,-1,-1
2,564,586.34,195.05,94.04,204.82,1,-1,-1,-1
2,565,593.58,661.41,85.46,212.78,1,-1,-1,-1
2,566,1037.38,58.37,86.62,204.18,1,-1,-1,-1
2,567,1319.80,440.21,91.05,205.81,1,-1,-1,-1
2,568,1032.32,812.82,75.42,212.64,1,-1,-1,-1
3,564,592.90,187.49,93.87,205.17,1,-1,-1,-1
3,565,586.87,653.69,85.64,213.40,1,-1,-1,-1
3,566,1046.13,62.15,87.04,205.49,1,-1,-1,-1
3,567,1319.09,451.06,92.30,208.65,1,-1,-1,-1
3,568,1024.33,814.56,75.57,212.67,1,-1,-1,-1
4,564,598.32,180.80,93.25,204.32,1,-1,-1,-1
4,565,579.90,646.15,85.57,212.50,1,-1,-1,-1
4,566,1056.49,67.12,85.10,201.86,1,-1,-1,-1
4,567,1318.44,461.39,92.59,209.38,1,-1,-1,-1
4,568,1015.07,818.44,76.06,213.20,1,-1,-1,-1
5,564,604.24,172.14,93.00,204.21,1,-1,-1,-1
5,565,575.07,636.45,86.78,214.83,1,-1,-1,-1
5,566,1066.03,69.97,84.49,200.75,1,-1,-1,-1
5,567,1318.16,471.35,92.20,208.14,1,-1,-1,-1
5,568,1002.19,821.20,75.40,211.26,1,-1,-1,-1
6,564,612.10,165.56,91.99,202.77,1,-1,-1,-1
6,565,569.14,628.16,86.77,213.90,1,-1,-1,-1
6,566,1074.51,73.51,84.92,202.42,1,-1,-1,-1
6,567,1317.56,479.32,93.03,209.72,1,-1,-1,-1
6,568,991.80,822.20,75.73,212.04,1,-1,-1,-1
7,564,619.02,155.79,92.51,204.50,1,-1,-1,-1
7,565,563.07,620.47,86.27,212.56,1,-1,-1,-1
7,566,1085.75,76.05,85.17,203.62,1,-1,-1,-1
7,567,1316.66,490.91,93.91,211.50,1,-1,-1,-1
7,568,982.67,824.70,75.30,209.56,1,-1,-1,-1
8,564,626.86,151.00,92.00,203.30,1,-1,-1,-1
8,565,559.91,610.11,86.30,211.23,1,-1,-1,-1
8,566,1094.89,80.57,85.39,205.43,1,-1,-1,-1
8,567,1315.70,501.16,93.97,211.34,1,-1,-1,-1
8,568,974.15,827.68,76.09,211.53,1,-1,-1,-1
9,564,635.35,144.98,90.81,201.75,1,-1,-1,-1
9,565,554.83,600.72,86.94,211.61,1,-1,-1,-1
9,566,1103.85,84.93,84.26,203.15,1,-1,-1,-1
9,567,1312.15,510.94,93.43,209.74,1,-1,-1,-1
9,568,964.75,828.60,77.07,213.55,1,-1,-1,-1
10,564,640.14,138.00,91.65,202.52,1,-1,-1,-1
10,565,551.52,592.09,86.58,211.07,1,-1,-1,-1
10,566,1112.16,90.13,84.48,204.25,1,-1,-1,-1
10,567,1310.74,520.22,93.11,208.91,1,-1,-1,-1
10,568,952.08,828.99,77.64,214.53,1,-1,-1,-1
11,564,649.85,131.32,91.49,203.40,1,-1,-1,-1
11,565,546.15,581.94,88.03,213.38,1,-1,-1,-1
11,566,1121.38,96.75,83.97,204.10,1,-1,-1,-1
11,567,1308.49,530.93,94.66,211.68,1,-1,-1,-1
11,568,941.70,828.99,78.28,214.95,1,-1,-1,-1
12,564,654.44,124.03,92.88,205.52,1,-1,-1,-1
12,565,542.81,571.70,89.16,214.69,1,-1,-1,-1
12,566,1129.83,102.30,83.89,205.14,1,-1,-1,-1
12,567,1306.73,539.87,95.69,213.07,1,-1,-1,-1
12,568,932.11,829.24,78.78,215.20,1,-1,-1,-1
13,564,663.33,120.41,91.41,202.86,1,-1,-1,-1
13,565,540.71,563.17,88.83,214.40,1,-1,-1,-1
13,566,1139.50,107.59,82.30,202.32,1,-1,-1,-1
13,567,1303.01,551.02,94.47,209.37,1,-1,-1,-1
13,568,923.99,830.06,77.88,212.82,1,-1,-1,-1
14,564,671.64,114.17,90.76,202.21,1,-1,-1,-1
14,565,537.80,556.45,87.25,210.76,1,-1,-1,-1
14,566,1148.12,113.62,81.67,202.07,1,-1,-1,-1
14,567,1299.89,559.40,95.52,210.69,1,-1,-1,-1
14,568,911.48,829.59,78.44,213.67,1,-1,-1,-1
15,564,678.77,107.48,91.68,202.71,1,-1,-1,-1
15,565,535.21,545.80,87.25,210.36,1,-1,-1,-1
15,566,1155.13,119.44,82.65,204.09,1,-1,-1,-1
15,567,1298.03,567.65,96.42,211.35,1,-1,-1,-1
15,568,901.27,829.31,78.75,213.67,1,-1,-1,-1
16,564,686.05,100.43,93.38,204.59,1,-1,-1,-1
16,565,530.64,536.07,87.62,210.21,1,-1,-1,-1
16,566,1162.41,124.03,82.30,203.03,1,-1,-1,-1
16,567,1292.91,578.77,97.20,212.33,1,-1,-1,-1
16,568,891.92,828.85,79.08,214.73,1,-1,-1,-1
17,564,697.20,96.05,92.83,203.42,1,-1,-1,-1
17,565,529.40,527.58,86.98,208.17,1,-1,-1,-1
17,566,1171.48,130.47,81.35,201.87,1,-1,-1,-1
17,567,1289.52,587.69,98.31,213.31,1,-1,-1,-1
17,568,879.48,828.90,78.65,214.05,1,-1,-1,-1
18,564,703.64,91.01,92.95,202.69,1,-1,-1,-1
18,565,527.45,517.63,87.41,208.64,1,-1,-1,-1
18,566,1177.59,135.43,83.68,205.43,1,-1,-1,-1
18,567,1284.86,597.24,97.33,211.45,1,-1,-1,-1
18,568,870.45,830.27,76.93,209.91,1,-1,-1,-1
19,564,714.14,88.28,92.33,202.06,1,-1,-1,-1
19,565,526.13,508.58,88.30,209.62,1,-1,-1,-1
19,566,1184.79,141.90,84.60,206.75,1,-1,-1,-1
19,567,1281.63,605.96,97.80,211.60,1,-1,-1,-1
19,568,861.41,829.54,77.50,210.36,1,-1,-1,-1
20,564,724.54,83.98,91.40,201.18,1,-1,-1,-1
20,565,525.52,498.38,87.09,208.40,1,-1,-1,-1
20,566,1192.48,149.29,84.68,207.60,1,-1,-1,-1
20,567,1276.33,613.50,98.46,212.93,1,-1,-1,-1
20,568,852.15,826.29,77.87,210.53,1,-1,-1,-1
21,564,732.70,79.50,91.82,202.29,1,-1,-1,-1
21,565,522.37,487.69,87.81,209.56,1,-1,-1,-1
21,566,1201.09,155.86,83.15,204.30,1,-1,-1,-1
21,567,1270.06,622.52,97.98,212.22,1,-1,-1,-1
21,568,843.35,823.75,78.57,210.86,1,-1,-1,-1
22,564,741.47,75.07,91.43,200.44,1,-1,-1,-1
22,565,521.08,477.93,87.69,208.97,1,-1,-1,-1
22,566,1205.06,163.69,83.20,202.92,1,-1,-1,-1
22,567,1265.76,630.35,99.06,213.28,1,-1,-1,-1
22,568,831.34,821.68,78.44,211.47,1,-1,-1,-1
23,564,751.41,72.64,90.29,198.77,1,-1,-1,-1
23,565,520.83,466.99,87.23,208.38,1,-1,-1,-1
23,566,1210.81,170.92,84.19,204.07,1,-1,-1,-1
23,567,1259.64,638.41,99.73,214.30,1,-1,-1,-1
23,568,821.64,818.32,77.84,210.61,1,-1,-1,-1
24,564,759.94,68.25,90.73,200.29,1,-1,-1,-1
24,565,520.47,456.99,86.51,208.16,1,-1,-1,-1
24,566,1217.52,178.28,84.85,205.74,1,-1,-1,-1
24,567,1253.59,647.76,98.76,212.32,1,-1,-1,-1
24,568,811.69,815.63,78.88,212.41,1,-1,-1,-1
25,564,770.86,64.01,91.10,201.59,1,-1,-1,-1
25,565,520.86,447.81,85.55,207.43,1,-1,-1,-1
25,566,1224.65,185.91,84.51,206.02,1,-1,-1,-1
25,567,1248.61,654.07,100.59,215.57,1,-1,-1,-1
25,568,802.84,813.69,79.07,212.79,1,-1,-1,-1
26,564,779.36,59.33,92.51,203.95,1,-1,-1,-1
26,565,520.63,438.08,84.63,207.27,1,-1,-1,-1
26,566,1227.89,192.93,86.31,208.39,1,-1,-1,-1
26,567,1242.26,661.27,101.11,217.32,1,-1,-1,-1
26,568,795.01,810.29,78.36,211.04,1,-1,-1,-1
27,564,788.14,56.65,92.91,203.53,1,-1,-1,-1
27,565,520.92,426.54,84.26,207.45,1,-1,-1,-1
27,566,1232.62,202.70,88.22,211.04,1,-1,-1,-1
27,567,1236.01,670.22,100.33,215.72,1,-1,-1,-1
27,568,783.12,807.80,78.16,211.01,1,-1,-1,-1
28,564,796.14,53.95,93.96,204.26,1,-1,-1,-1
28,565,521.25,417.05,83.70,207.49,1,-1,-1,-1
28,566,1239.34,212.05,88.72,211.55,1,-1,-1,-1
28,567,1231.50,680.42,101.21,217.23,1,-1,-1,-1
28,568,773.54,805.69,78.08,210.26,1,-1,-1,-1
29,564,809.40,51.60,92.85,203.75,1,-1,-1,-1
29,565,521.39,407.17,83.89,207.52,1,-1,-1,-1
29,566,1246.33,220.49,88.96,212.45,1,-1,-1,-1
29,567,1225.16,686.14,101.42,217.69,1,-1,-1,-1
29,568,764.68,800.25,78.58,212.72,1,-1,-1,-1
30,564,819.54,49.50,92.90,203.98,1,-1,-1,-1
30,565,521.74,394.73,84.43,209.14,1,-1,-1,-1
30,566,1250.67,230.58,88.03,210.67,1,-1,-1,-1
30,567,1218.59,694.18,100.24,216.29,1,-1,-1,-1
30,568,755.54,797.15,79.18,212.76,1,-1,-1,-1
31,564,829.76,50.03,91.03,201.26,1,-1,-1,-1
31,565,522.29,384.42,84.69,209.19,1,-1,-1,-1
31,566,1256.11,239.74,87.88,209.27,1,-1,-1,-1
31,567,1211.42,701.73,100.15,216.29,1,-1,-1,-1
31,568,746.48,791.99,80.02,213.32,1,-1,-1,-1
32,564,838.68,49.02,90.48,199.88,1,-1,-1,-1
32,565,523.16,375.26,84.84,209.09,1,-1,-1,-1
32,566,1259.05,249.25,88.34,208.58,1,-1,-1,-1
32,567,1202.91,711.44,101.85,218.89,1,-1,-1,-1
32,568,737.97,788.02,80.89,214.65,1,-1,-1,-1
33,564,848.27,45.22,90.53,201.35,1,-1,-1,-1
33,565,526.11,364.71,85.67,210.81,1,-1,-1,-1
33,566,1265.19,258.46,87.59,207.66,1,-1,-1,-1
33,567,1195.09,717.06,102.45,219.39,1,-1,-1,-1
33,568,726.55,782.53,80.50,213.44,1,-1,-1,-1
34,564,856.09,42.81,91.54,202.70,1,-1,-1,-1
34,565,528.05,356.78,84.91,209.09,1,-1,-1,-1
34,566,1270.43,267.65,89.21,209.85,1,-1,-1,-1
34,567,1187.26,724.23,102.11,218.59,1,-1,-1,-1
34,568,717.09,779.19,80.66,213.38,1,-1,-1,-1
35,564,867.40,42.29,91.82,202.46,1,-1,-1,-1
35,565,529.73,346.29,84.83,208.71,1,-1,-1,-1
35,566,1273.09,277.54,89.71,209.09,1,-1,-1,-1
35,567,1182.30,730.55,102.85,219.74,1,-1,-1,-1
35,568,708.59,773.71,80.68,213.63,1,-1,-1,-1
36,564,877.39,42.05,91.72,201.75,1,-1,-1,-1
36,565,530.82,336.22,85.15,207.76,1,-1,-1,-1
36,566,1277.79,286.80,89.72,208.87,1,-1,-1,-1
36,567,1172.61,738.92,101.60,217.17,1,-1,-1,-1
36,568,699.86,766.04,81.73,216.03,1,-1,-1,-1
37,564,888.15,43.18,90.14,199.97,1,-1,-1,-1
37,565,533.92,326.81,85.47,208.37,1,-1,-1,-1
37,566,1280.46,296.15,90.00,209.14,1,-1,-1,-1
37,567,1166.94,745.44,102.74,218.79,1,-1,-1,-1
37,568,691.97,760.52,81.59,214.56,1,-1,-1,-1
38,564,896.95,42.93,90.17,199.49,1,-1,-1,-1
38,565,536.41,317.84,85.54,207.91,1,-1,-1,-1
38,566,1282.52,305.14,89.64,208.69,1,-1,-1,-1
38,567,1159.51,748.49,103.71,220.53,1,-1,-1,-1
38,568,683.37,755.04,82.61,215.50,1,-1,-1,-1
39,564,907.32,41.77,91.54,201.66,1,-1,-1,-1
39,565,539.46,307.81,84.53,206.40,1,-1,-1,-1
39,566,1286.49,315.57,89.96,209.16,1,-1,-1,-1
39,567,1151.99,754.47,103.19,219.63,1,-1,-1,-1
39,568,674.47,748.89,83.21,215.50,1,-1,-1,-1
40,564,918.14,42.76,90.92,200.89,1,-1,-1,-1
40,565,543.78,298.85,84.10,204.71,1,-1,-1,-1
40,566,1288.40,324.95,90.68,209.01,1,-1,-1,-1
40,567,1140.28,757.28,103.19,220.16,1,-1,-1,-1
40,568,666.59,742.38,83.81,216.36,1,-1,-1,-1
41,564,926.81,41.95,91.92,201.92,1,-1,-1,-1
41,565,546.83,289.95,84.17,205.03,1,-1,-1,-1
41,566,1289.58,334.87,91.42,208.91,1,-1,-1,-1
41,567,1135.18,764.23,101.80,217.08,1,-1,-1,-1
41,568,659.29,738.23,83.19,215.20,1,-1,-1,-1
42,564,935.53,42.53,92.33,201.55,1,-1,-1,-1
42,565,550.96,281.57,84.11,204.15,1,-1,-1,-1
42,566,1294.14,344.76,90.51,207.94,1,-1,-1,-1
42,567,1124.77,772.93,100.45,213.87,1,-1,-1,-1
42,568,651.44,731.81,83.44,215.12,1,-1,-1,-1
43,564,947.58,42.86,92.63,202.59,1,-1,-1,-1
43,565,554.20,271.77,84.54,205.76,1,-1,-1,-1
43,566,1296.82,354.53,89.40,206.67,1,-1,-1,-1
43,567,1115.31,779.42,100.76,214.52,1,-1,-1,-1
43,568,642.85,724.25,83.99,215.79,1,-1,-1,-1
44,564,957.73,44.30,92.09,201.64,1,-1,-1,-1
44,565,559.05,263.05,84.22,204.62,1,-1,-1,-1
44,566,1296.67,362.35,90.53,208.52,1,-1,-1,-1
44,567,1106.49,782.13,101.53,216.25,1,-1,-1,-1
44,568,635.19,716.05,84.27,217.91,1,-1,-1,-1
45,564,967.11,47.93,91.83,200.33,1,-1,-1,-1
45,565,562.39,252.77,84.36,204.10,1,-1,-1,-1
45,566,1298.21,374.99,89.48,205.78,1,-1,-1,-1
45,567,1097.19,786.29,102.98,218.60,1,-1,-1,-1
45,568,631.35,710.63,82.87,215.61,1,-1,-1,-1
46,564,979.19,49.24,91.55,201.20,1,-1,-1,-1
46,565,568.22,244.13,83.69,203.50,1,-1,-1,-1
46,566,1301.87,384.43,88.98,206.02,1,-1,-1,-1
46,567,1088.86,790.13,102.68,217.29,1,-1,-1,-1
46,568,625.00,704.22,81.78,212.96,1,-1,-1,-1
47,564,988.00,49.65,92.72,203.07,1,-1,-1,-1
47,565,574.64,235.49,83.00,202.53,1,-1,-1,-1
47,566,1303.70,394.11,88.45,205.44,1,-1,-1,-1
47,567,1080.29,795.21,102.79,217.50,1,-1,-1,-1
47,568,617.06,695.13,82.96,214.73,1,-1,-1,-1
48,564,997.31,51.35,93.02,202.75,1,-1,-1,-1
48,565,578.56,226.30,83.66,203.26,1,-1,-1,-1
48,566,1305.26,403.83,87.30,204.77,1,-1,-1,-1
48,567,1072.14,798.28,101.90,216.64,1,-1,-1,-1
48,568,609.90,686.63,83.22,215.76,1,-1,-1,-1
49,564,1005.76,54.67,94.03,203.19,1,-1,-1,-1
49,565,583.71,217.66,84.27,203.95,1,-1,-1,-1
49,566,1306.10,414.97,87.28,205.03,1,-1,-1,-1
49,567,1059.75,801.86,102.50,218.96,1,-1,-1,-1
49,568,603.89,680.67,81.55,212.42,1,-1,-1,-1
50,564,1014.71,57.22,94.37,202.47,1,-1,-1,-1
50,565,590.59,209.37,84.10,204.06,1,-1,-1,-1
50,566,1305.19,424.84,88.21,205.67,1,-1,-1,-1
50,567,1050.60,804.91,101.98,218.40,1,-1,-1,-1
50,568,597.84,674.65,79.80,208.92,1,-1,-1,-1
51,564,1025.67,59.61,94.80,202.74,1,-1,-1,-1
51,565,594.94,200.97,84.46,205.19,1,-1,-1,-1
51,566,1305.32,434.42,88.57,206.23,1,-1,-1,-1
51,567,1041.20,809.69,102.29,218.70,1,-1,-1,-1
51,568,593.16,668.63,79.59,209.37,1,-1,-1,-1
52,564,1035.03,63.12,95.22,202.97,1,-1,-1,-1
52,565,600.99,193.15,84.35,204.81,1,-1,-1,-1
52,566,1306.14,447.18,87.37,204.07,1,-1,-1,-1
52,567,1033.04,812.40,101.75,217.75,1,-1,-1,-1
52,568,587.73,659.43,78.76,208.39,1,-1,-1,-1
53,564,1044.43,66.45,95.31,202.91,1,-1,-1,-1
53,565,608.37,186.15,83.29,204.08,1,-1,-1,-1
53,566,1306.94,458.44,85.83,202.27,1,-1,-1,-1
53,567,1024.83,814.82,100.61,215.62,1,-1,-1,-1
53,568,581.28,650.87,78.23,208.26,1,-1,-1,-1
54,564,1054.03,71.26,94.37,201.63,1,-1,-1,-1
54,565,615.47,179.34,82.36,201.99,1,-1,-1,-1
54,566,1305.83,467.35,86.64,203.59,1,-1,-1,-1
54,567,1012.41,818.13,101.04,217.08,1,-1,-1,-1
54,568,574.87,642.80,77.77,208.33,1,-1,-1,-1
55,564,1062.84,75.16,94.19,201.30,1,-1,-1,-1
55,565,621.02,171.91,81.20,201.09,1,-1,-1,-1
55,566,1304.48,475.72,87.81,205.80,1,-1,-1,-1
55,567,1002.87,820.29,100.84,216.83,1,-1,-1,-1
55,568,571.44,634.47,76.61,206.28,1,-1,-1,-1
56,564,1070.11,78.60,96.06,203.49,1,-1,-1,-1
56,565,626.97,163.76,81.96,202.42,1,-1,-1,-1
56,566,1303.50,486.17,88.65,207.03,1,-1,-1,-1
56,567,993.07,821.18,101.41,218.28,1,-1,-1,-1
56,568,565.12,625.41,76.65,206.42,1,-1,-1,-1
57,564,1081.20,81.83,96.29,205.17,1,-1,-1,-1
57,565,634.71,155.82,81.89,202.73,1,-1,-1,-1
57,566,1302.96,495.89,88.80,207.66,1,-1,-1,-1
57,567,983.85,823.63,102.17,221.36,1,-1,-1,-1
57,568,562.27,618.14,76.14,205.52,1,-1,-1,-1
58,564,1091.16,88.09,95.13,202.81,1,-1,-1,-1
58,565,641.72,150.50,81.76,203.03,1,-1,-1,-1
58,566,1300.44,506.74,87.09,205.34,1,-1,-1,-1
58,567,976.15,827.14,100.70,218.56,1,-1,-1,-1
58,568,557.88,609.14,75.74,205.63,1,-1,-1,-1
59,564,1100.49,91.29,94.79,204.21,1,-1,-1,-1
59,565,650.35,145.28,80.26,201.03,1,-1,-1,-1
59,566,1297.93,515.17,87.54,206.15,1,-1,-1,-1
59,567,963.54,827.08,101.79,220.58,1,-1,-1,-1
59,568,552.32,600.79,75.21,205.25,1,-1,-1,-1
60,564,1108.69,96.47,95.07,204.10,1,-1,-1,-1
60,565,658.51,138.99,79.50,201.10,1,-1,-1,-1
60,566,1296.73,524.15,86.96,205.72,1,-1,-1,-1
60,567,954.29,828.62,100.24,218.02,1,-1,-1,-1
60,568,547.63,591.75,75.88,205.90,1,-1,-1,-1
61,564,1117.01,102.12,95.43,204.71,1,-1,-1,-1
61,565,666.82,132.10,78.19,199.01,1,-1,-1,-1
61,566,1295.77,534.70,87.11,206.47,1,-1,-1,-1
61,567,945.55,828.97,99.87,217.90,1,-1,-1,-1
61,568,543.37,583.09,75.61,205.92,1,-1,-1,-1
62,564,1124.66,106.24,95.91,204.87,1,-1,-1,-1
62,565,674.53,125.68,78.04,199.39,1,-1,-1,-1
62,566,1291.49,544.26,87.36,206.64,1,-1,-1,-1
62,567,936.70,828.46,99.97,218.95,1,-1,-1,-1
62,568,541.33,572.13,74.93,205.29,1,-1,-1,-1
63,564,1132.59,112.65,96.13,204.94,1,-1,-1,-1
63,565,682.65,120.54,77.76,200.49,1,-1,-1,-1
63,566,1288.75,553.02,87.77,207.35,1,-1,-1,-1
63,567,925.61,830.78,97.58,214.53,1,-1,-1,-1
63,568,539.88,562.51,74.35,204.48,1,-1,-1,-1
64,564,1142.23,120.50,94.55,202.59,1,-1,-1,-1
64,565,691.30,113.95,77.84,201.70,1,-1,-1,-1
64,566,1286.38,561.12,88.97,209.76,1,-1,-1,-1
64,567,915.95,830.78,96.79,214.11,1,-1,-1,-1
64,568,536.75,553.59,73.57,203.76,1,-1,-1,-1
65,564,1150.06,124.26,94.84,204.33,1,-1,-1,-1
65,565,700.57,108.36,76.18,199.23,1,-1,-1,-1
65,566,1282.13,570.45,88.79,208.79,1,-1,-1,-1
65,567,906.21,830.04,97.86,215.94,1,-1,-1,-1
65,568,533.51,544.89,73.64,203.74,1,-1,-1,-1
66,564,1158.05,130.36,94.14,202.78,1,-1,-1,-1
66,565,707.85,101.27,76.88,200.46,1,-1,-1,-1
66,566,1278.35,580.29,90.14,210.51,1,-1,-1,-1
66,567,897.34,830.31,97.98,215.58,1,-1,-1,-1
66,568,529.10,533.83,73.20,203.48,1,-1,-1,-1
67,564,1165.06,136.31,94.80,203.79,1,-1,-1,-1
67,565,716.78,97.16,75.83,200.06,1,-1,-1,-1
67,566,1274.11,590.89,89.32,207.89,1,-1,-1,-1
67,567,885.44,830.19,97.59,214.62,1,-1,-1,-1
67,568,527.60,524.48,72.56,202.47,1,-1,-1,-1
68,564,1173.57,142.97,95.05,204.42,1,-1,-1,-1
68,565,726.17,93.34,74.85,198.79,1,-1,-1,-1
68,566,1270.18,598.34,91.04,210.98,1,-1,-1,-1
68,567,874.52,827.14,99.16,219.05,1,-1,-1,-1
68,568,526.10,514.12,72.74,203.57,1,-1,-1,-1
69,564,1180.40,149.91,95.60,205.03,1,-1,-1,-1
69,565,735.05,90.04,74.60,199.08,1,-1,-1,-1
69,566,1265.80,608.29,89.79,208.39,1,-1,-1,-1
69,567,866.28,829.17,96.98,214.29,1,-1,-1,-1
69,568,525.55,506.17,71.89,201.86,1,-1,-1,-1
70,564,1188.32,155.74,94.31,202.73,1,-1,-1,-1
70,565,743.07,84.23,75.19,200.31,1,-1,-1,-1
70,566,1262.30,616.37,90.40,209.62,1,-1,-1,-1
70,567,853.84,828.28,97.46,214.54,1,-1,-1,-1
70,568,522.30,497.24,71.49,201.19,1,-1,-1,-1
71,564,1195.61,161.79,94.86,204.92,1,-1,-1,-1
71,565,752.02,81.20,74.35,199.11,1,-1,-1,-1
71,566,1257.36,625.32,89.66,209.20,1,-1,-1,-1
71,567,844.12,827.67,97.44,214.53,1,-1,-1,-1
71,568,520.60,486.12,71.45,201.24,1,-1,-1,-1
72,564,1203.09,169.14,94.91,205.74,1,-1,-1,-1
72,565,761.30,76.90,73.06,197.36,1,-1,-1,-1
72,566,1250.27,633.57,90.23,210.16,1,-1,-1,-1
72,567,834.96,824.21,97.12,213.71,1,-1,-1,-1
72,568,519.51,476.41,71.81,201.72,1,-1,-1,-1
73,564,1207.64,176.61,94.99,205.01,1,-1,-1,-1
73,565,773.00,71.61,72.50,197.31,1,-1,-1,-1
73,566,1246.49,643.92,90.68,210.34,1,-1,-1,-1
73,567,825.84,820.80,97.59,215.24,1,-1,-1,-1
73,568,519.98,467.22,70.52,200.14,1,-1,-1,-1
74,564,1214.30,183.50,94.87,206.68,1,-1,-1,-1
74,565,781.63,67.80,73.25,198.27,1,-1,-1,-1
74,566,1240.52,650.18,91.11,211.16,1,-1,-1,-1
74,567,816.86,818.61,98.36,216.65,1,-1,-1,-1
74,568,519.64,457.76,70.18,200.75,1,-1,-1,-1
75,564,1221.36,192.15,94.51,205.81,1,-1,-1,-1
75,565,789.66,63.93,74.65,200.65,1,-1,-1,-1
75,566,1237.14,659.50,91.19,212.15,1,-1,-1,-1
75,567,805.54,815.15,97.30,214.48,1,-1,-1,-1
75,568,520.23,447.08,69.29,199.02,1,-1,-1,-1
76,564,1227.98,199.74,94.31,205.42,1,-1,-1,-1
76,565,799.14,59.50,75.46,202.20,1,-1,-1,-1
76,566,1230.49,667.04,92.01,213.70,1,-1,-1,-1
76,567,796.11,813.92,96.41,212.02,1,-1,-1,-1
76,568,520.31,436.78,68.65,197.86,1,-1,-1,-1
77,564,1231.40,207.94,95.74,207.38,1,-1,-1,-1
77,565,807.51,57.08,75.62,202.51,1,-1,-1,-1
77,566,1224.04,675.81,91.23,212.96,1,-1,-1,-1
77,567,787.53,810.07,95.11,210.06,1,-1,-1,-1
77,568,519.63,426.43,69.88,200.25,1,-1,-1,-1
78,564,1237.35,216.08,95.97,206.87,1,-1,-1,-1
78,565,819.06,53.90,74.69,200.15,1,-1,-1,-1
78,566,1216.31,683.37,92.02,214.06,1,-1,-1,-1
78,567,779.19,806.24,95.42,211.47,1,-1,-1,-1
78,568,519.78,418.22,69.65,199.36,1,-1,-1,-1
79,564,1244.02,224.33,95.91,207.42,1,-1,-1,-1
79,565,830.10,52.77,72.77,196.99,1,-1,-1,-1
79,566,1208.96,691.86,91.33,212.40,1,-1,-1,-1
79,567,770.80,805.06,95.32,210.34,1,-1,-1,-1
79,568,520.15,407.44,69.10,198.58,1,-1,-1,-1
80,564,1247.10,233.52,96.42,207.57,1,-1,-1,-1
80,565,839.73,51.23,72.62,197.49,1,-1,-1,-1
80,566,1201.01,700.17,91.50,211.46,1,-1,-1,-1
80,567,758.69,800.83,95.28,209.58,1,-1,-1,-1
80,568,521.12,397.15,69.15,199.45,1,-1,-1,-1
81,564,1252.71,243.67,97.44,208.46,1,-1,-1,-1
81,565,848.94,46.59,72.31,197.74,1,-1,-1,-1
81,566,1196.46,704.40,92.48,214.55,1,-1,-1,-1
81,567,749.18,793.99,95.30,210.45,1,-1,-1,-1
81,568,523.16,389.29,67.51,196.05,1,-1,-1,-1
82,564,1258.09,252.87,98.08,209.52,1,-1,-1,-1
82,565,857.22,44.28,73.05,199.11,1,-1,-1,-1
82,566,1189.19,710.94,93.28,215.68,1,-1,-1,-1
82,567,740.32,790.42,95.04,210.43,1,-1,-1,-1
82,568,523.28,378.55,68.30,198.69,1,-1,-1,-1
83,564,1262.01,262.19,97.65,209.04,1,-1,-1,-1
83,565,868.79,42.45,72.82,199.63,1,-1,-1,-1
83,566,1181.75,717.86,94.25,216.96,1,-1,-1,-1
83,567,731.40,785.25,95.55,210.70,1,-1,-1,-1
83,568,526.08,368.03,68.41,197.70,1,-1,-1,-1
84,564,1268.11,270.61,97.42,209.11,1,-1,-1,-1
84,565,878.02,41.86,73.04,200.02,1,-1,-1,-1
84,566,1175.21,726.71,92.74,214.20,1,-1,-1,-1
84,567,722.25,780.28,97.18,213.71,1,-1,-1,-1
84,568,528.79,358.98,68.20,196.93,1,-1,-1,-1
85,564,1270.54,279.93,97.56,208.30,1,-1,-1,-1
85,565,887.50,40.94,73.64,200.72,1,-1,-1,-1
85,566,1167.88,733.65,92.20,213.34,1,-1,-1,-1
85,567,714.68,775.40,96.43,212.94,1,-1,-1,-1
85,568,529.97,347.37,69.13,199.56,1,-1,-1,-1
86,564,1273.66,288.70,98.36,209.13,1,-1,-1,-1
86,565,896.75,39.64,74.32,202.84,1,-1,-1,-1
86,566,1160.21,741.27,91.31,211.95,1,-1,-1,-1
86,567,705.59,767.09,98.40,216.49,1,-1,-1,-1
86,568,531.47,339.42,68.10,197.95,1,-1,-1,-1
87,564,1276.97,298.28,98.05,208.13,1,-1,-1,-1
87,565,907.76,37.03,74.12,201.71,1,-1,-1,-1
87,566,1152.51,748.50,90.91,211.40,1,-1,-1,-1
87,567,696.71,761.65,99.82,219.21,1,-1,-1,-1
87,568,535.34,328.24,68.10,197.57,1,-1,-1,-1
88,564,1280.81,307.78,99.30,209.66,1,-1,-1,-1
88,565,917.39,38.64,74.12,202.09,1,-1,-1,-1
88,566,1144.51,752.94,91.02,211.96,1,-1,-1,-1
88,567,689.21,756.07,98.29,216.79,1,-1,-1,-1
88,568,538.70,319.47,66.90,195.22,1,-1,-1,-1
89,564,1285.13,317.66,98.28,208.85,1,-1,-1,-1
89,565,927.66,40.04,73.69,201.30,1,-1,-1,-1
89,566,1135.40,758.04,92.52,213.45,1,-1,-1,-1
89,567,680.86,748.52,99.58,219.30,1,-1,-1,-1
89,568,539.70,309.59,67.37,195.45,1,-1,-1,-1
90,564,1289.35,325.70,98.35,209.80,1,-1,-1,-1
90,565,936.64,40.06,74.37,201.68,1,-1,-1,-1
90,566,1126.71,764.42,92.93,212.78,1,-1,-1,-1
90,567,672.26,743.75,100.98,221.68,1,-1,-1,-1
90,568,542.85,299.64,68.32,198.31,1,-1,-1,-1
91,564,1291.57,334.88,98.67,209.99,1,-1,-1,-1
91,565,947.61,40.17,74.74,202.13,1,-1,-1,-1
91,566,1118.64,769.32,92.71,212.29,1,-1,-1,-1
91,567,664.76,738.30,100.56,220.25,1,-1,-1,-1
91,568,546.01,289.68,68.27,199.29,1,-1,-1,-1
92,564,1294.22,345.02,97.75,209.24,1,-1,-1,-1
92,565,958.18,41.90,73.52,199.52,1,-1,-1,-1
92,566,1109.66,775.29,93.53,212.54,1,-1,-1,-1
92,567,657.46,730.83,99.77,219.63,1,-1,-1,-1
92,568,550.51,278.72,68.81,199.84,1,-1,-1,-1
93,564,1295.01,356.09,98.02,209.36,1,-1,-1,-1
93,565,968.15,43.21,73.39,198.81,1,-1,-1,-1
93,566,1101.77,781.44,93.77,212.47,1,-1,-1,-1
93,567,649.90,723.60,99.19,219.32,1,-1,-1,-1
93,568,552.97,269.98,68.84,200.07,1,-1,-1,-1
94,564,1298.78,364.72,97.50,210.50,1,-1,-1,-1
94,565,979.68,43.44,73.93,199.79,1,-1,-1,-1
94,566,1092.32,783.63,95.37,215.18,1,-1,-1,-1
94,567,642.49,717.29,98.47,217.57,1,-1,-1,-1
94,568,558.26,262.11,68.30,198.16,1,-1,-1,-1
95,564,1301.30,375.10,96.55,208.37,1,-1,-1,-1
95,565,990.08,44.86,73.56,199.33,1,-1,-1,-1
95,566,1085.00,789.43,94.18,213.41,1,-1,-1,-1
95,567,634.70,710.43,98.18,216.26,1,-1,-1,-1
95,568,562.11,253.08,68.09,197.81,1,-1,-1,-1
96,564,1302.40,384.74,96.38,207.00,1,-1,-1,-1
96,565,999.23,48.71,72.67,198.28,1,-1,-1,-1
96,566,1076.19,793.01,94.32,213.34,1,-1,-1,-1
96,567,627.90,702.83,97.27,214.56,1,-1,-1,-1
96,568,568.85,246.23,66.01,192.83,1,-1,-1,-1
97,564,1303.14,394.53,95.70,205.88,1,-1,-1,-1
97,565,1007.77,50.32,73.56,199.75,1,-1,-1,-1
97,566,1068.49,798.10,93.39,212.71,1,-1,-1,-1
97,567,620.71,695.06,96.73,214.48,1,-1,-1,-1
97,568,571.39,236.40,67.45,195.71,1,-1,-1,-1
98,564,1302.17,404.80,97.46,208.57,1,-1,-1,-1
98,565,1018.13,53.73,72.07,197.19,1,-1,-1,-1
98,566,1055.98,804.03,93.41,211.53,1,-1,-1,-1
98,567,616.42,686.80,97.11,215.01,1,-1,-1,-1
98,568,576.90,228.08,67.47,196.72,1,-1,-1,-1
99,564,1304.82,413.19,98.40,210.23,1,-1,-1,-1
99,565,1029.43,54.97,71.93,197.71,1,-1,-1,-1
99,566,1045.61,806.51,94.22,212.29,1,-1,-1,-1
99,567,610.22,679.38,96.55,214.20,1,-1,-1,-1
99,568,583.17,219.05,68.11,198.48,1,-1,-1,-1
100,564,1306.82,423.47,97.14,208.56,1,-1,-1,-1
100,565,1038.67,58.42,72.68,198.91,1,-1,-1,-1
100,566,1036.49,808.91,94.72,212.77,1,-1,-1,-1
100,567,603.56,671.11,96.48,214.37,1,-1,-1,-1
100,568,587.56,209.21,66.44,194.82,1,-1,-1,-1
101,564,1307.23,433.23,96.79,207.37,1,-1,-1,-1
101,565,1048.06,61.24,72.55,199.17,1,-1,-1,-1
101,566,1027.76,812.73,94.75,212.57,1,-1,-1,-1
101,567,596.46,662.18,96.76,215.17,1,-1,-1,-1
101,568,594.71,204.01,65.54,193.74,1,-1,-1,-1
102,564,1306.29,444.11,98.18,209.78,1,-1,-1,-1
102,565,1058.02,62.93,72.08,198.29,1,-1,-1,-1
102,566,1019.34,814.77,95.20,213.58,1,-1,-1,-1
102,567,592.62,654.33,96.29,213.59,1,-1,-1,-1
102,568,601.45,192.79,65.79,194.64,1,-1,-1,-1
103,564,1305.61,453.66,99.00,211.05,1,-1,-1,-1
103,565,1067.35,69.85,71.56,196.45,1,-1,-1,-1
103,566,1011.31,816.70,94.84,213.36,1,-1,-1,-1
103,567,586.42,646.68,96.49,213.64,1,-1,-1,-1
103,568,610.20,182.71,62.48,184.66,1,-1,-1,-1
104,564,1305.07,463.27,99.60,211.46,1,-1,-1,-1
104,565,1077.23,73.92,71.94,197.13,1,-1,-1,-1
104,566,999.41,820.59,94.08,212.21,1,-1,-1,-1
104,567,580.48,639.32,95.53,211.76,1,-1,-1,-1
104,568,617.62,177.39,61.95,183.82,1,-1,-1,-1
105,564,1303.02,476.39,98.36,209.31,1,-1,-1,-1
105,565,1086.65,76.83,72.33,198.25,1,-1,-1,-1
105,566,989.98,823.23,93.10,211.03,1,-1,-1,-1
105,567,576.65,630.12,95.83,213.00,1,-1,-1,-1
105,568,621.31,170.73,62.13,183.75,1,-1,-1,-1
106,564,1301.47,486.62,98.32,209.02,1,-1,-1,-1
106,565,1096.34,81.93,71.77,197.70,1,-1,-1,-1
106,566,980.56,825.11,92.90,211.20,1,-1,-1,-1
106,567,571.24,621.32,95.65,213.21,1,-1,-1,-1
106,568,629.30,163.34,58.91,173.81,1,-1,-1,-1
107,564,1300.32,495.72,98.53,208.95,1,-1,-1,-1
107,565,1104.57,84.78,72.72,199.34,1,-1,-1,-1
107,566,972.02,827.84,92.78,212.05,1,-1,-1,-1
107,567,564.81,613.57,95.90,212.90,1,-1,-1,-1
107,568,637.33,153.44,59.44,175.28,1,-1,-1,-1
108,564,1299.11,504.98,98.06,208.65,1,-1,-1,-1
108,565,1113.55,90.69,72.08,197.72,1,-1,-1,-1
108,566,960.16,829.97,92.41,211.03,1,-1,-1,-1
108,567,561.34,604.81,96.26,213.86,1,-1,-1,-1
108,568,643.86,146.70,60.99,180.62,1,-1,-1,-1
109,564,1297.37,513.51,98.66,210.25,1,-1,-1,-1
109,565,1123.00,94.53,70.93,195.47,1,-1,-1,-1
109,566,950.59,830.96,92.09,211.21,1,-1,-1,-1
109,567,555.47,595.34,96.50,215.41,1,-1,-1,-1
109,568,650.45,142.87,62.04,184.63,1,-1,-1,-1
110,564,1294.85,525.42,97.07,209.24,1,-1,-1,-1
110,565,1131.47,100.51,70.91,196.02,1,-1,-1,-1
110,566,941.05,830.64,92.96,212.49,1,-1,-1,-1
110,567,552.44,583.63,96.87,215.68,1,-1,-1,-1
110,568,658.00,137.18,62.54,185.94,1,-1,-1,-1
111,564,1292.52,534.22,97.26,209.63,1,-1,-1,-1
111,565,1139.34,106.26,71.64,197.64,1,-1,-1,-1
111,566,932.17,831.20,92.98,213.57,1,-1,-1,-1
111,567,548.19,575.14,95.84,213.09,1,-1,-1,-1
111,568,666.76,131.30,61.82,183.92,1,-1,-1,-1
112,564,1290.47,543.92,97.50,209.54,1,-1,-1,-1
112,565,1147.59,111.52,70.32,195.48,1,-1,-1,-1
112,566,920.39,832.42,92.09,211.63,1,-1,-1,-1
112,567,545.60,566.76,95.29,211.79,1,-1,-1,-1
112,568,675.89,125.80,60.43,180.14,1,-1,-1,-1
113,564,1286.56,553.09,97.89,210.13,1,-1,-1,-1
113,565,1157.97,116.40,70.91,196.25,1,-1,-1,-1
113,566,910.56,832.55,91.56,210.88,1,-1,-1,-1
113,567,541.10,558.52,95.27,211.47,1,-1,-1,-1
113,568,683.12,121.15,61.30,182.94,1,-1,-1,-1
114,564,1283.75,563.85,98.09,210.28,1,-1,-1,-1
114,565,1166.83,123.06,70.52,196.60,1,-1,-1,-1
114,566,901.34,832.30,91.28,211.19,1,-1,-1,-1
114,567,538.57,549.46,96.02,212.30,1,-1,-1,-1
114,568,688.48,112.82,60.84,181.00,1,-1,-1,-1
115,564,1281.74,573.69,97.87,210.26,1,-1,-1,-1
115,565,1174.56,126.47,71.86,199.12,1,-1,-1,-1
115,566,889.13,832.36,90.84,210.72,1,-1,-1,-1
115,567,533.15,540.66,96.66,212.55,1,-1,-1,-1
115,568,699.74,109.81,59.63,178.80,1,-1,-1,-1
116,564,1276.68,582.82,98.32,211.08,1,-1,-1,-1
116,565,1179.90,132.38,72.63,198.73,1,-1,-1,-1
116,566,878.86,831.65,91.47,212.22,1,-1,-1,-1
116,567,530.77,531.74,96.80,212.99,1,-1,-1,-1
116,568,707.66,104.96,60.86,184.41,1,-1,-1,-1
117,564,1273.39,591.41,99.18,212.71,1,-1,-1,-1
117,565,1186.26,137.86,73.93,201.17,1,-1,-1,-1
117,566,870.37,831.63,90.16,210.29,1,-1,-1,-1
117,567,529.51,520.31,97.16,212.97,1,-1,-1,-1
117,568,715.83,99.39,61.08,185.75,1,-1,-1,-1
118,564,1268.30,600.52,99.66,212.36,1,-1,-1,-1
118,565,1194.90,147.19,72.20,196.95,1,-1,-1,-1
118,566,861.48,830.97,90.21,210.10,1,-1,-1,-1
118,567,528.79,510.77,96.71,212.36,1,-1,-1,-1
118,568,724.79,94.46,59.97,183.29,1,-1,-1,-1
119,564,1264.51,610.58,100.51,213.21,1,-1,-1,-1
119,565,1201.65,150.61,72.70,198.40,1,-1,-1,-1
119,566,849.40,831.35,89.79,208.46,1,-1,-1,-1
119,567,524.60,501.64,97.49,213.38,1,-1,-1,-1
119,568,733.47,87.86,58.91,179.32,1,-1,-1,-1
120,564,1260.29,619.71,99.61,212.61,1,-1,-1,-1
120,565,1208.52,156.68,73.23,200.05,1,-1,-1,-1
120,566,839.27,827.52,90.04,209.42,1,-1,-1,-1
120,567,523.09,492.55,97.24,213.18,1,-1,-1,-1
120,568,742.29,84.06,60.44,184.19,1,-1,-1,-1
121,564,1254.46,629.47,98.97,210.07,1,-1,-1,-1
121,565,1215.44,163.60,74.32,200.55,1,-1,-1,-1
121,566,829.77,824.87,91.01,211.23,1,-1,-1,-1
121,567,522.76,484.08,96.48,212.18,1,-1,-1,-1
121,568,750.67,81.09,60.24,184.23,1,-1,-1,-1
122,564,1250.32,636.54,99.14,211.94,1,-1,-1,-1
122,565,1222.52,171.18,74.60,200.23,1,-1,-1,-1
122,566,821.08,822.98,91.35,211.33,1,-1,-1,-1
122,567,522.19,472.02,96.50,211.82,1,-1,-1,-1
122,568,759.45,76.72,60.23,184.31,1,-1,-1,-1
123,564,1245.65,646.56,98.04,210.30,1,-1,-1,-1
123,565,1229.19,179.08,74.68,200.49,1,-1,-1,-1
123,566,812.10,820.50,92.38,212.58,1,-1,-1,-1
123,567,521.65,461.56,97.08,212.26,1,-1,-1,-1
123,568,771.19,74.65,59.36,182.57,1,-1,-1,-1
124,564,1241.42,654.22,98.55,210.52,1,-1,-1,-1
124,565,1236.34,185.74,75.89,203.81,1,-1,-1,-1
124,566,799.97,817.47,92.41,212.16,1,-1,-1,-1
124,567,521.08,451.42,97.47,213.60,1,-1,-1,-1
124,568,778.66,67.64,61.48,188.60,1,-1,-1,-1
125,564,1234.74,662.58,99.38,210.73,1,-1,-1,-1
125,565,1241.44,193.66,76.06,203.91,1,-1,-1,-1
125,566,790.74,815.59,91.27,210.76,1,-1,-1,-1
125,567,521.13,440.01,96.91,212.32,1,-1,-1,-1
125,568,786.90,63.82,61.21,189.17,1,-1,-1,-1
126,564,1227.30,671.07,99.86,211.13,1,-1,-1,-1
126,565,1246.80,201.10,77.20,204.91,1,-1,-1,-1
126,566,781.51,812.96,91.61,211.74,1,-1,-1,-1
126,567,521.04,430.13,96.41,211.88,1,-1,-1,-1
126,568,797.49,60.43,59.53,183.86,1,-1,-1,-1
127,564,1221.25,679.20,99.49,210.21,1,-1,-1,-1
127,565,1253.30,209.57,77.63,204.11,1,-1,-1,-1
127,566,772.57,809.51,91.51,211.75,1,-1,-1,-1
127,567,521.20,420.51,96.65,212.53,1,-1,-1,-1
127,568,805.94,55.90,61.00,187.79,1,-1,-1,-1
128,564,1215.83,686.43,100.81,212.21,1,-1,-1,-1
128,565,1259.06,217.31,78.74,205.51,1,-1,-1,-1
128,566,764.04,805.74,92.26,212.72,1,-1,-1,-1
128,567,521.19,409.14,95.87,211.19,1,-1,-1,-1
128,568,814.38,51.73,60.96,186.91,1,-1,-1,-1
129,564,1209.35,693.67,100.69,211.99,1,-1,-1,-1
129,565,1263.18,225.13,79.68,206.27,1,-1,-1,-1
129,566,752.93,802.56,91.08,210.37,1,-1,-1,-1
129,567,521.61,398.87,95.91,211.83,1,-1,-1,-1
129,568,825.75,49.96,61.05,186.76,1,-1,-1,-1
130,564,1202.64,702.41,100.58,211.04,1,-1,-1,-1
130,565,1268.55,233.64,79.96,206.71,1,-1,-1,-1
130,566,742.98,798.53,91.82,211.20,1,-1,-1,-1
130,567,522.95,390.27,94.39,209.26,1,-1,-1,-1
130,568,836.11,48.27,61.28,186.97,1,-1,-1,-1
131,564,1194.86,709.22,101.19,211.97,1,-1,-1,-1
131,565,1274.39,243.81,79.20,203.84,1,-1,-1,-1
131,566,734.57,794.07,91.34,210.78,1,-1,-1,-1
131,567,523.03,381.37,94.97,209.42,1,-1,-1,-1
131,568,845.84,45.82,60.01,183.27,1,-1,-1,-1
132,564,1187.75,717.01,101.26,212.01,1,-1,-1,-1
132,565,1278.34,253.19,80.42,207.12,1,-1,-1,-1
132,566,726.01,790.02,91.61,211.67,1,-1,-1,-1
132,567,523.70,369.78,94.40,208.84,1,-1,-1,-1
132,568,854.75,44.18,60.41,183.98,1,-1,-1,-1
133,564,1179.25,723.85,102.76,213.56,1,-1,-1,-1
133,565,1283.33,263.24,79.85,206.29,1,-1,-1,-1
133,566,717.02,783.89,92.73,213.54,1,-1,-1,-1
133,567,525.38,361.14,93.21,205.79,1,-1,-1,-1
133,568,865.85,42.47,60.79,185.13,1,-1,-1,-1
134,564,1174.45,731.56,102.45,212.74,1,-1,-1,-1
134,565,1286.93,272.93,79.88,205.43,1,-1,-1,-1
134,566,708.38,780.10,93.01,214.23,1,-1,-1,-1
134,567,526.91,353.25,91.97,204.04,1,-1,-1,-1
134,568,876.12,43.87,59.24,181.76,1,-1,-1,-1
135,564,1167.11,736.05,103.21,214.13,1,-1,-1,-1
135,565,1291.23,281.79,80.16,205.25,1,-1,-1,-1
135,566,700.64,774.96,92.56,213.86,1,-1,-1,-1
135,567,527.61,344.39,91.85,204.33,1,-1,-1,-1
135,568,886.98,42.26,56.82,174.09,1,-1,-1,-1
136,564,1156.62,743.45,103.16,212.51,1,-1,-1,-1
136,565,1293.97,290.39,80.53,204.33,1,-1,-1,-1
136,566,691.80,767.68,93.62,215.93,1,-1,-1,-1
136,567,530.67,334.17,93.59,207.12,1,-1,-1,-1
136,568,896.50,40.52,57.07,173.70,1,-1,-1,-1
137,564,1150.64,749.32,103.33,212.40,1,-1,-1,-1
137,565,1298.21,299.10,81.06,204.11,1,-1,-1,-1
137,566,683.41,762.06,94.27,216.89,1,-1,-1,-1
137,567,533.20,322.89,93.18,207.43,1,-1,-1,-1
137,568,908.02,40.66,56.81,172.81,1,-1,-1,-1
138,564,1143.91,756.53,102.44,210.69,1,-1,-1,-1
138,565,1300.23,307.51,82.45,205.21,1,-1,-1,-1
138,566,674.84,756.01,95.02,217.54,1,-1,-1,-1
138,567,537.40,313.55,92.83,207.10,1,-1,-1,-1
138,568,920.16,37.58,52.56,156.15,1,-1,-1,-1
139,564,1135.65,761.24,102.74,211.51,1,-1,-1,-1
139,565,1301.40,318.24,83.64,205.53,1,-1,-1,-1
139,566,666.40,749.06,95.74,219.65,1,-1,-1,-1
139,567,540.79,305.24,92.54,205.60,1,-1,-1,-1
139,568,927.25,39.47,56.53,167.60,1,-1,-1,-1
140,564,1127.77,767.38,102.60,210.58,1,-1,-1,-1
140,565,1305.16,328.42,83.72,205.18,1,-1,-1,-1
140,566,658.99,745.17,94.72,217.93,1,-1,-1,-1
140,567,542.73,297.05,92.05,204.34,1,-1,-1,-1
140,568,935.85,42.08,59.28,176.64,1,-1,-1,-1
141,564,1119.39,772.85,103.21,211.14,1,-1,-1,-1
141,565,1308.00,337.80,84.22,204.71,1,-1,-1,-1
141,566,650.63,737.68,95.53,218.87,1,-1,-1,-1
141,567,546.66,288.17,92.35,204.47,1,-1,-1,-1
141,568,944.21,43.04,60.26,180.74,1,-1,-1,-1
142,564,1111.63,778.07,102.32,209.30,1,-1,-1,-1
142,565,1311.36,346.66,84.99,206.01,1,-1,-1,-1
142,566,643.20,731.10,94.83,218.10,1,-1,-1,-1
142,567,549.41,276.71,92.43,204.52,1,-1,-1,-1
142,568,956.65,42.49,58.50,175.66,1,-1,-1,-1
143,564,1100.53,783.52,102.44,209.41,1,-1,-1,-1
143,565,1312.96,357.12,85.23,206.68,1,-1,-1,-1
143,566,634.84,724.47,95.24,218.01,1,-1,-1,-1
143,567,550.80,266.53,93.58,206.50,1,-1,-1,-1
143,568,965.59,43.07,60.73,183.17,1,-1,-1,-1
144,564,1090.66,789.37,102.80,208.90,1,-1,-1,-1
144,565,1314.36,365.29,85.95,208.94,1,-1,-1,-1
144,566,627.76,718.47,94.09,216.71,1,-1,-1,-1
144,567,556.42,258.18,92.77,204.89,1,-1,-1,-1
144,568,974.96,44.87,60.87,184.03,1,-1,-1,-1
145,564,1081.80,792.33,103.30,210.58,1,-1,-1,-1
145,565,1316.27,376.09,85.14,206.89,1,-1,-1,-1
145,566,620.20,711.58,93.46,215.90,1,-1,-1,-1
145,567,559.79,249.90,91.66,203.79,1,-1,-1,-1
145,568,986.35,48.22,61.13,184.98,1,-1,-1,-1
146,564,1073.96,797.66,102.20,209.09,1,-1,-1,-1
146,565,1317.26,386.04,84.67,206.18,1,-1,-1,-1
146,566,612.96,703.68,93.16,215.76,1,-1,-1,-1
146,567,566.16,241.42,90.60,202.98,1,-1,-1,-1
146,568,995.65,49.59,61.25,186.17,1,-1,-1,-1
147,564,1064.11,802.16,102.74,209.18,1,-1,-1,-1
147,565,1317.56,394.73,84.87,207.04,1,-1,-1,-1
147,566,606.36,699.04,92.00,213.10,1,-1,-1,-1
147,567,572.39,233.22,90.42,202.33,1,-1,-1,-1
147,568,1004.68,50.33,62.13,188.09,1,-1,-1,-1
148,564,1055.68,806.48,102.13,208.93,1,-1,-1,-1
148,565,1320.03,406.88,84.72,205.65,1,-1,-1,-1
148,566,598.92,690.00,92.07,212.62,1,-1,-1,-1
148,567,576.18,225.25,90.19,201.56,1,-1,-1,-1
148,568,1014.93,52.23,61.78,186.91,1,-1,-1,-1
149,564,1047.42,809.21,101.83,209.12,1,-1,-1,-1
149,565,1321.51,416.84,84.52,205.31,1,-1,-1,-1
149,566,591.66,684.24,91.63,212.01,1,-1,-1,-1
149,567,581.50,215.78,91.46,204.18,1,-1,-1,-1
149,568,1026.04,54.78,61.73,188.05,1,-1,-1,-1
150,564,1035.87,812.63,102.23,210.69,1,-1,-1,-1
150,565,1321.63,426.11,84.58,205.71,1,-1,-1,-1
150,566,587.10,675.75,92.44,213.61,1,-1,-1,-1
150,567,587.84,206.69,92.89,206.43,1,-1,-1,-1
150,568,1035.79,57.57,61.44,186.81,1,-1,-1,-1
151,564,1026.18,815.05,102.71,211.30,1,-1,-1,-1
151,565,1322.06,437.50,84.95,206.24,1,-1,-1,-1
151,566,580.51,667.61,93.05,213.57,1,-1,-1,-1
151,567,595.14,199.42,91.77,205.07,1,-1,-1,-1
151,568,1044.04,62.14,61.64,188.01,1,-1,-1,-1
152,564,1016.81,816.46,103.76,213.35,1,-1,-1,-1
152,565,1322.24,447.54,84.83,206.78,1,-1,-1,-1
152,566,574.52,660.00,92.54,212.66,1,-1,-1,-1
152,567,599.64,191.67,91.45,205.06,1,-1,-1,-1
152,568,1052.65,63.75,62.74,190.64,1,-1,-1,-1
153,564,1008.17,820.97,103.32,211.67,1,-1,-1,-1
153,565,1321.51,456.71,85.00,207.30,1,-1,-1,-1
153,566,567.27,653.18,92.13,209.73,1,-1,-1,-1
153,567,606.26,181.63,90.53,202.25,1,-1,-1,-1
153,568,1062.03,68.36,63.29,191.58,1,-1,-1,-1
154,564,999.58,823.20,102.64,210.25,1,-1,-1,-1
154,565,1321.25,466.58,84.45,206.51,1,-1,-1,-1
154,566,563.36,645.19,92.31,210.00,1,-1,-1,-1
154,567,613.28,175.36,90.42,203.29,1,-1,-1,-1
154,568,1071.11,72.41,62.64,189.22,1,-1,-1,-1
155,564,987.69,824.91,102.13,210.15,1,-1,-1,-1
155,565,1320.55,478.11,84.87,207.30,1,-1,-1,-1
155,566,557.68,635.04,92.46,209.76,1,-1,-1,-1
155,567,620.95,168.60,90.11,202.44,1,-1,-1,-1
155,568,1082.46,75.08,62.79,189.50,1,-1,-1,-1
156,564,977.62,826.00,102.82,211.19,1,-1,-1,-1
156,565,1317.40,487.05,85.36,209.16,1,-1,-1,-1
156,566,555.21,625.42,91.84,210.27,1,-1,-1,-1
156,567,628.22,162.25,89.56,201.61,1,-1,-1,-1
156,568,1092.50,79.64,63.34,190.46,1,-1,-1,-1
157,564,968.85,828.61,102.23,211.72,1,-1,-1,-1
157,565,1316.45,497.18,84.87,208.18,1,-1,-1,-1
157,566,550.32,617.31,90.67,208.89,1,-1,-1,-1
157,567,633.35,153.73,89.45,201.64,1,-1,-1,-1
157,568,1100.69,82.90,63.51,190.24,1,-1,-1,-1
158,564,959.89,831.82,101.51,210.46,1,-1,-1,-1
158,565,1315.18,505.89,85.00,209.10,1,-1,-1,-1
158,566,544.08,608.55,90.67,208.47,1,-1,-1,-1
158,567,641.47,147.14,87.67,199.58,1,-1,-1,-1
158,568,1110.57,89.90,61.25,184.01,1,-1,-1,-1
159,564,951.52,833.49,101.15,209.11,1,-1,-1,-1
159,565,1313.35,514.07,85.31,209.59,1,-1,-1,-1
159,566,540.07,598.53,91.95,210.91,1,-1,-1,-1
159,567,649.92,141.14,86.26,198.81,1,-1,-1,-1
159,568,1119.88,94.28,60.76,182.90,1,-1,-1,-1
160,564,939.86,834.47,100.72,208.85,1,-1,-1,-1
160,565,1311.85,524.54,85.87,210.94,1,-1,-1,-1
160,566,535.21,590.86,91.10,208.76,1,-1,-1,-1
160,567,657.91,135.83,86.46,200.11,1,-1,-1,-1
160,568,1127.63,98.40,61.82,185.92,1,-1,-1,-1
161,564,929.83,835.56,100.35,208.41,1,-1,-1,-1
161,565,1308.24,534.82,86.17,210.45,1,-1,-1,-1
161,566,532.98,582.43,90.36,208.15,1,-1,-1,-1
161,567,666.38,130.56,85.33,199.07,1,-1,-1,-1
161,568,1136.16,105.98,60.84,183.62,1,-1,-1,-1
162,564,920.50,836.28,100.08,207.32,1,-1,-1,-1
162,565,1305.91,544.74,86.18,209.73,1,-1,-1,-1
162,566,527.91,571.31,90.47,209.05,1,-1,-1,-1
162,567,673.93,123.50,85.12,198.56,1,-1,-1,-1
162,568,1148.17,113.96,58.14,175.25,1,-1,-1,-1
163,564,908.24,835.17,100.65,208.68,1,-1,-1,-1
163,565,1301.35,556.23,85.91,209.36,1,-1,-1,-1
163,566,525.19,561.84,90.81,209.12,1,-1,-1,-1
163,567,682.02,116.42,84.93,197.93,1,-1,-1,-1
163,568,1156.51,117.65,59.14,177.80,1,-1,-1,-1
164,564,898.93,835.84,99.77,207.50,1,-1,-1,-1
164,565,1298.99,565.85,85.45,209.43,1,-1,-1,-1
164,566,523.16,552.00,91.87,210.09,1,-1,-1,-1
164,567,690.87,113.96,83.57,196.14,1,-1,-1,-1
164,568,1165.77,122.42,57.92,174.32,1,-1,-1,-1
165,564,889.29,835.08,100.34,208.85,1,-1,-1,-1
165,565,1296.89,573.58,86.27,211.44,1,-1,-1,-1
165,566,519.83,543.19,90.91,209.03,1,-1,-1,-1
165,567,699.28,107.30,83.93,197.12,1,-1,-1,-1
165,568,1172.66,125.90,59.92,180.40,1,-1,-1,-1
166,564,880.30,834.84,99.46,208.64,1,-1,-1,-1
166,565,1292.67,583.36,85.85,209.65,1,-1,-1,-1
166,566,516.70,533.35,91.89,210.25,1,-1,-1,-1
166,567,707.24,100.60,84.06,197.21,1,-1,-1,-1
166,568,1178.13,132.30,60.16,181.56,1,-1,-1,-1
167,564,868.81,835.07,99.02,207.17,1,-1,-1,-1
167,565,1289.45,592.42,86.15,208.90,1,-1,-1,-1
167,566,515.93,523.29,90.50,208.69,1,-1,-1,-1
167,567,716.18,97.15,83.38,197.51,1,-1,-1,-1
167,568,1188.75,141.37,58.67,177.02,1,-1,-1,-1
168,564,858.18,833.75,100.05,209.07,1,-1,-1,-1
168,565,1284.74,601.36,85.89,208.66,1,-1,-1,-1
168,566,512.49,513.86,89.87,207.73,1,-1,-1,-1
168,567,726.06,91.18,84.01,198.86,1,-1,-1,-1
168,568,1196.10,147.02,60.63,181.90,1,-1,-1,-1
169,564,849.60,831.67,98.97,208.93,1,-1,-1,-1
169,565,1281.43,609.14,85.73,208.77,1,-1,-1,-1
169,566,511.48,505.25,89.01,206.79,1,-1,-1,-1
169,567,734.46,84.36,85.58,201.51,1,-1,-1,-1
169,568,1201.63,151.99,60.04,179.68,1,-1,-1,-1
170,564,840.48,830.95,99.24,208.58,1,-1,-1,-1
170,565,1276.61,621.14,85.29,207.16,1,-1,-1,-1
170,566,510.13,495.74,89.39,207.29,1,-1,-1,-1
170,567,742.91,80.25,86.18,202.62,1,-1,-1,-1
170,568,1208.12,157.33,60.09,180.58,1,-1,-1,-1
171,564,829.12,828.13,98.70,208.28,1,-1,-1,-1
171,565,1272.04,627.45,85.52,208.24,1,-1,-1,-1
171,566,509.36,486.47,89.22,206.75,1,-1,-1,-1
171,567,752.54,76.74,84.53,200.68,1,-1,-1,-1
171,568,1216.31,165.29,59.31,178.31,1,-1,-1,-1
172,564,820.18,827.12,97.94,206.86,1,-1,-1,-1
172,565,1266.83,636.89,86.21,209.95,1,-1,-1,-1
172,566,508.37,475.05,89.84,207.65,1,-1,-1,-1
172,567,761.58,70.02,84.63,200.99,1,-1,-1,-1
172,568,1223.12,171.88,60.17,180.74,1,-1,-1,-1
173,564,810.08,824.04,98.50,207.26,1,-1,-1,-1
173,565,1260.70,645.45,86.41,210.64,1,-1,-1,-1
173,566,508.66,465.22,89.16,207.63,1,-1,-1,-1
173,567,770.61,66.73,85.03,202.10,1,-1,-1,-1
173,568,1230.71,181.35,59.20,178.03,1,-1,-1,-1
174,564,800.81,819.68,98.81,208.49,1,-1,-1,-1
174,565,1256.20,653.69,87.07,210.71,1,-1,-1,-1
174,566,505.93,456.66,87.96,205.02,1,-1,-1,-1
174,567,778.93,64.34,85.19,202.18,1,-1,-1,-1
174,568,1236.44,187.15,60.60,182.72,1,-1,-1,-1
175,564,791.74,817.69,99.35,207.88,1,-1,-1,-1
175,565,1249.94,661.05,87.72,211.54,1,-1,-1,-1
175,566,504.27,447.19,88.48,204.94,1,-1,-1,-1
175,567,788.07,61.08,83.74,199.86,1,-1,-1,-1
175,568,1239.48,191.55,63.61,191.51,1,-1,-1,-1
176,564,780.64,815.33,99.12,207.53,1,-1,-1,-1
176,565,1243.23,669.77,88.16,211.22,1,-1,-1,-1
176,566,503.40,435.28,88.99,206.17,1,-1,-1,-1
176,567,799.62,57.73,83.63,200.26,1,-1,-1,-1
176,568,1248.20,201.80,65.41,195.79,1,-1,-1,-1
177,564,770.24,813.31,100.43,208.92,1,-1,-1,-1
177,565,1238.21,677.61,88.80,211.78,1,-1,-1,-1
177,566,504.32,425.92,87.81,203.68,1,-1,-1,-1
177,567,808.95,52.12,83.73,201.52,1,-1,-1,-1
177,568,1252.96,209.50,64.39,191.75,1,-1,-1,-1
178,564,759.98,808.05,101.93,210.80,1,-1,-1,-1
178,565,1231.69,684.28,90.15,214.23,1,-1,-1,-1
178,566,503.47,415.42,89.00,205.47,1,-1,-1,-1
178,567,819.27,51.78,82.14,199.65,1,-1,-1,-1
178,568,1258.89,220.14,65.51,194.71,1,-1,-1,-1
179,564,752.28,806.29,100.51,208.15,1,-1,-1,-1
179,565,1224.52,692.65,89.67,212.62,1,-1,-1,-1
179,566,504.10,403.93,88.41,205.15,1,-1,-1,-1
179,567,828.09,49.33,82.55,200.47,1,-1,-1,-1
179,568,1262.54,228.75,65.66,195.32,1,-1,-1,-1
180,564,743.05,802.45,100.85,208.21,1,-1,-1,-1
180,565,1217.14,700.03,90.66,213.48,1,-1,-1,-1
180,566,507.59,392.62,89.00,208.00,1,-1,-1,-1
180,567,839.47,44.92,82.44,200.14,1,-1,-1,-1
180,568,1266.60,235.66,66.68,198.49,1,-1,-1,-1
181,564,732.16,798.29,100.47,208.43,1,-1,-1,-1
181,565,1209.68,707.54,90.60,213.63,1,-1,-1,-1
181,566,508.88,382.37,89.28,209.04,1,-1,-1,-1
181,567,850.51,44.12,81.19,197.84,1,-1,-1,-1
181,568,1274.24,247.15,64.65,192.82,1,-1,-1,-1
182,564,723.89,794.49,99.42,206.50,1,-1,-1,-1
182,565,1201.56,715.64,91.55,213.93,1,-1,-1,-1
182,566,510.16,373.58,88.93,208.56,1,-1,-1,-1
182,567,859.40,43.07,81.34,198.13,1,-1,-1,-1
182,568,1277.38,254.44,65.74,194.83,1,-1,-1,-1
183,564,714.54,787.59,100.05,208.44,1,-1,-1,-1
183,565,1196.43,720.93,91.49,213.90,1,-1,-1,-1
183,566,510.20,362.72,89.22,208.25,1,-1,-1,-1
183,567,868.92,42.08,81.54,197.43,1,-1,-1,-1
183,568,1282.04,262.90,66.33,196.30,1,-1,-1,-1
184,564,706.29,783.55,99.93,208.17,1,-1,-1,-1
184,565,1190.09,728.22,91.09,212.77,1,-1,-1,-1
184,566,511.02,353.57,89.17,207.54,1,-1,-1,-1
184,567,880.12,37.37,82.40,199.31,1,-1,-1,-1
184,568,1285.00,271.72,67.86,200.49,1,-1,-1,-1
185,564,697.98,777.47,100.48,210.58,1,-1,-1,-1
185,565,1182.39,733.70,92.10,213.95,1,-1,-1,-1
185,566,512.52,345.18,88.60,206.25,1,-1,-1,-1
185,567,889.48,35.37,83.13,200.11,1,-1,-1,-1
185,568,1290.13,282.04,67.31,198.41,1,-1,-1,-1
186,564,689.84,773.49,99.92,209.14,1,-1,-1,-1
186,565,1174.63,741.09,91.64,213.32,1,-1,-1,-1
186,566,515.36,333.61,90.85,210.39,1,-1,-1,-1
186,567,898.62,35.61,82.41,198.85,1,-1,-1,-1
186,568,1292.12,291.36,68.03,198.61,1,-1,-1,-1
187,564,681.26,767.88,100.37,210.28,1,-1,-1,-1
187,565,1166.73,746.84,92.98,214.66,1,-1,-1,-1
187,566,518.44,324.76,90.16,209.42,1,-1,-1,-1
187,567,908.18,34.94,82.51,198.67,1,-1,-1,-1
187,568,1295.85,300.12,69.15,200.50,1,-1,-1,-1
188,564,671.74,760.68,102.63,213.14,1,-1,-1,-1
188,565,1158.19,752.29,92.60,213.61,1,-1,-1,-1
188,566,523.38,314.76,89.55,208.56,1,-1,-1,-1
188,567,919.67,34.71,83.09,199.29,1,-1,-1,-1
188,568,1298.13,308.85,69.10,199.76,1,-1,-1,-1
189,564,663.46,755.98,102.75,212.27,1,-1,-1,-1
189,565,1150.45,757.36,93.18,214.39,1,-1,-1,-1
189,566,526.36,305.62,89.19,207.84,1,-1,-1,-1
189,567,929.65,35.25,83.08,199.41,1,-1,-1,-1
189,568,1301.24,318.91,68.03,197.29,1,-1,-1,-1
190,564,655.67,750.09,102.89,211.97,1,-1,-1,-1
190,565,1142.37,764.50,92.77,212.88,1,-1,-1,-1
190,566,528.46,296.91,88.71,207.55,1,-1,-1,-1
190,567,939.12,35.47,82.98,198.51,1,-1,-1,-1
190,568,1305.88,329.87,68.38,198.00,1,-1,-1,-1
191,564,647.14,742.18,104.44,214.75,1,-1,-1,-1
191,565,1134.01,769.09,92.83,212.57,1,-1,-1,-1
191,566,531.98,286.61,90.00,209.37,1,-1,-1,-1
191,567,948.77,35.83,82.81,198.02,1,-1,-1,-1
191,568,1308.99,340.01,67.61,196.87,1,-1,-1,-1
192,564,638.96,735.49,104.72,215.06,1,-1,-1,-1
192,565,1125.28,775.70,92.68,211.69,1,-1,-1,-1
192,566,534.81,278.83,89.47,207.23,1,-1,-1,-1
192,567,956.96,36.27,83.59,199.73,1,-1,-1,-1
192,568,1312.53,349.55,67.38,197.02,1,-1,-1,-1
193,564,631.06,727.87,104.82,215.90,1,-1,-1,-1
193,565,1117.28,781.29,93.04,211.91,1,-1,-1,-1
193,566,536.25,269.57,90.51,207.73,1,-1,-1,-1
193,567,968.47,37.63,82.86,198.77,1,-1,-1,-1
193,568,1315.21,360.23,66.52,194.82,1,-1,-1,-1
194,564,625.18,722.24,102.43,211.71,1,-1,-1,-1
194,565,1108.43,785.82,92.97,211.37,1,-1,-1,-1
194,566,541.64,259.77,89.80,206.45,1,-1,-1,-1
194,567,978.80,41.82,81.78,197.01,1,-1,-1,-1
194,568,1315.54,368.13,67.14,196.18,1,-1,-1,-1
195,564,616.79,716.74,102.47,211.07,1,-1,-1,-1
195,565,1096.07,789.46,94.94,214.07,1,-1,-1,-1
195,566,547.43,250.05,90.42,207.46,1,-1,-1,-1
195,567,987.56,42.85,83.18,199.63,1,-1,-1,-1
195,568,1316.71,379.14,67.68,197.17,1,-1,-1,-1
196,564,610.18,710.25,101.61,209.39,1,-1,-1,-1
196,565,1086.50,792.52,95.21,214.32,1,-1,-1,-1
196,566,550.81,241.07,90.81,207.46,1,-1,-1,-1
196,567,996.52,44.26,83.38,198.94,1,-1,-1,-1
196,568,1317.34,388.94,67.05,196.36,1,-1,-1,-1
197,564,601.79,703.06,102.05,209.59,1,-1,-1,-1
197,565,1078.49,798.51,94.08,212.94,1,-1,-1,-1
197,566,555.97,231.21,91.73,210.27,1,-1,-1,-1
197,567,1008.10,44.41,84.31,200.37,1,-1,-1,-1
197,568,1317.86,399.17,66.16,195.15,1,-1,-1,-1
198,564,597.20,695.12,102.44,209.86,1,-1,-1,-1
198,565,1069.33,803.44,94.25,213.18,1,-1,-1,-1
198,566,559.93,223.17,90.67,208.65,1,-1,-1,-1
198,567,1017.35,48.42,84.31,200.83,1,-1,-1,-1
198,568,1317.07,406.14,66.92,196.79,1,-1,-1,-1
199,564,591.88,687.22,101.42,208.71,1,-1,-1,-1
199,565,1060.34,806.24,94.28,212.94,1,-1,-1,-1
199,566,566.17,214.48,89.98,208.53,1,-1,-1,-1
199,567,1026.85,50.75,85.04,200.99,1,-1,-1,-1
199,568,1317.05,415.13,67.50,197.88,1,-1,-1,-1
200,564,585.15,678.56,101.91,210.95,1,-1,-1,-1
200,565,1052.25,809.27,94.13,212.02,1,-1,-1,-1
200,566,572.57,205.81,90.16,209.52,1,-1,-1,-1
200,567,1035.68,51.68,85.65,202.02,1,-1,-1,-1
200,568,1320.41,427.00,67.16,197.24,1,-1,-1,-1
201,564,578.88,671.77,100.66,208.70,1,-1,-1,-1
201,565,1041.31,815.04,92.50,209.14,1,-1,-1,-1
201,566,576.59,195.80,89.14,207.02,1,-1,-1,-1
201,567,1046.32,55.58,86.13,202.20,1,-1,-1,-1
201,568,1322.20,438.02,66.10,194.48,1,-1,-1,-1
202,564,573.99,663.22,101.40,209.57,1,-1,-1,-1
202,565,1032.12,817.99,91.54,208.54,1,-1,-1,-1
202,566,583.39,187.07,88.66,205.65,1,-1,-1,-1
202,567,1056.28,58.72,85.34,200.43,1,-1,-1,-1
202,568,1322.11,446.58,66.51,196.08,1,-1,-1,-1
203,564,567.75,654.75,101.53,209.75,1,-1,-1,-1
203,565,1022.99,820.79,91.89,210.66,1,-1,-1,-1
203,566,590.46,180.95,88.85,206.63,1,-1,-1,-1
203,567,1065.58,61.26,84.77,199.89,1,-1,-1,-1
203,568,1322.02,458.76,66.81,196.53,1,-1,-1,-1
203,570,1322.21,446.53,63.03,143.41,1,-1,-1,-1
204,564,562.91,647.66,99.71,207.20,1,-1,-1,-1
204,565,1014.36,823.03,91.43,210.23,1,-1,-1,-1
204,566,597.97,171.63,87.94,206.08,1,-1,-1,-1
204,567,1075.00,65.68,85.04,200.69,1,-1,-1,-1
204,568,1322.24,469.84,66.15,195.19,1,-1,-1,-1
204,570,1319.52,457.55,60.48,137.58,1,-1,-1,-1
205,564,559.11,635.80,99.05,206.96,1,-1,-1,-1
205,565,1005.62,824.44,91.22,210.27,1,-1,-1,-1
205,566,605.42,164.98,88.21,207.50,1,-1,-1,-1
205,567,1083.56,68.72,85.45,201.28,1,-1,-1,-1
205,568,1318.13,478.25,66.86,197.63,1,-1,-1,-1
206,564,553.95,626.63,98.85,207.62,1,-1,-1,-1
206,565,993.40,824.82,91.59,211.61,1,-1,-1,-1
206,566,614.26,157.00,85.09,202.93,1,-1,-1,-1
206,567,1092.56,74.94,84.38,199.24,1,-1,-1,-1
206,568,1315.82,486.31,67.84,199.97,1,-1,-1,-1
207,564,547.93,620.68,98.79,207.79,1,-1,-1,-1
207,565,983.86,828.75,91.31,210.35,1,-1,-1,-1
207,566,622.91,149.08,83.83,201.16,1,-1,-1,-1
207,567,1100.98,80.57,84.37,199.66,1,-1,-1,-1
207,568,1314.90,496.95,68.14,201.17,1,-1,-1,-1
208,564,543.95,610.57,99.32,209.13,1,-1,-1,-1
208,565,974.73,830.20,91.66,211.40,1,-1,-1,-1
208,566,628.05,144.06,83.61,201.14,1,-1,-1,-1
208,567,1112.23,85.58,82.77,196.65,1,-1,-1,-1
208,568,1313.56,505.82,68.86,202.98,1,-1,-1,-1
209,564,538.26,600.40,100.24,210.63,1,-1,-1,-1
209,565,965.88,831.17,91.45,211.80,1,-1,-1,-1
209,566,634.15,137.61,84.73,203.25,1,-1,-1,-1
209,567,1121.27,87.06,83.39,196.90,1,-1,-1,-1
209,568,1313.01,515.23,68.31,202.41,1,-1,-1,-1
210,564,534.70,591.50,100.71,210.29,1,-1,-1,-1
210,565,957.23,831.73,91.49,211.99,1,-1,-1,-1
210,566,642.13,131.25,83.83,202.64,1,-1,-1,-1
210,567,1129.42,93.35,82.60,196.41,1,-1,-1,-1
210,568,1309.84,524.53,67.96,201.40,1,-1,-1,-1
211,564,531.48,583.61,99.59,208.27,1,-1,-1,-1
211,565,945.04,832.68,91.47,211.43,1,-1,-1,-1
211,566,650.92,124.82,82.49,200.26,1,-1,-1,-1
211,567,1139.22,100.50,81.67,195.83,1,-1,-1,-1
211,568,1307.55,534.04,67.82,200.48,1,-1,-1,-1
212,564,529.42,571.27,98.10,207.26,1,-1,-1,-1
212,565,934.63,832.05,92.07,213.02,1,-1,-1,-1
212,566,659.73,120.67,81.41,200.01,1,-1,-1,-1
212,567,1147.84,107.17,80.94,194.89,1,-1,-1,-1
212,568,1305.95,545.53,67.71,200.75,1,-1,-1,-1
213,564,527.23,561.35,98.15,208.73,1,-1,-1,-1
213,565,925.55,832.51,91.67,212.09,1,-1,-1,-1
213,566,667.53,113.17,81.87,201.72,1,-1,-1,-1
213,567,1156.37,111.00,82.03,196.98,1,-1,-1,-1
213,568,1301.38,554.12,68.51,202.33,1,-1,-1,-1
214,564,523.24,552.95,97.81,208.22,1,-1,-1,-1
214,565,913.33,832.98,91.54,211.10,1,-1,-1,-1
214,566,675.70,107.30,80.91,200.91,1,-1,-1,-1
214,567,1163.87,116.09,82.72,197.78,1,-1,-1,-1
214,568,1298.46,562.46,69.06,203.71,1,-1,-1,-1
215,564,520.23,544.63,98.11,208.01,1,-1,-1,-1
215,565,903.43,832.36,91.20,211.43,1,-1,-1,-1
215,566,684.04,100.52,80.75,200.72,1,-1,-1,-1
215,567,1171.80,123.18,82.50,197.16,1,-1,-1,-1
215,568,1296.54,572.39,68.62,202.28,1,-1,-1,-1
216,564,517.00,536.03,97.26,207.16,1,-1,-1,-1
216,565,893.83,831.50,91.81,212.56,1,-1,-1,-1
216,566,692.53,96.42,80.47,201.10,1,-1,-1,-1
216,567,1178.32,129.13,83.85,199.51,1,-1,-1,-1
216,568,1291.56,581.73,68.72,201.33,1,-1,-1,-1
217,564,515.03,526.83,97.52,207.15,1,-1,-1,-1
217,565,885.17,832.01,91.11,211.06,1,-1,-1,-1
217,566,700.06,90.34,81.51,202.61,1,-1,-1,-1
217,567,1186.45,133.89,84.22,198.91,1,-1,-1,-1
217,568,1288.53,590.16,69.21,201.21,1,-1,-1,-1
218,564,514.11,515.25,96.43,206.59,1,-1,-1,-1
218,565,873.35,830.85,90.96,211.65,1,-1,-1,-1
218,566,707.09,83.38,82.33,204.33,1,-1,-1,-1
218,567,1193.89,139.88,83.98,198.36,1,-1,-1,-1
218,568,1283.33,599.81,69.96,203.34,1,-1,-1,-1
219,564,512.72,505.98,96.78,207.06,1,-1,-1,-1
219,565,863.14,829.93,91.21,211.85,1,-1,-1,-1
219,566,718.36,79.52,82.69,205.12,1,-1,-1,-1
219,567,1201.91,146.94,83.82,198.10,1,-1,-1,-1
219,568,1279.61,608.37,70.91,204.68,1,-1,-1,-1
220,564,511.53,495.58,98.10,209.49,1,-1,-1,-1
220,565,854.06,829.61,91.16,210.89,1,-1,-1,-1
220,566,727.73,74.75,82.73,205.00,1,-1,-1,-1
220,567,1208.51,154.20,84.32,199.05,1,-1,-1,-1
220,568,1275.07,617.77,70.63,203.71,1,-1,-1,-1
221,564,507.78,486.33,98.42,209.77,1,-1,-1,-1
221,565,845.37,826.10,90.77,210.46,1,-1,-1,-1
221,566,736.71,71.19,82.85,205.99,1,-1,-1,-1
221,567,1215.67,161.69,84.95,199.60,1,-1,-1,-1
221,568,1268.46,625.63,71.06,204.37,1,-1,-1,-1
222,564,506.55,477.05,98.32,209.90,1,-1,-1,-1
222,565,833.08,823.68,91.05,211.55,1,-1,-1,-1
222,566,745.65,66.79,82.35,204.84,1,-1,-1,-1
222,567,1220.76,168.96,85.15,200.20,1,-1,-1,-1
222,568,1264.36,634.48,71.70,204.69,1,-1,-1,-1
223,564,504.99,465.53,98.89,209.78,1,-1,-1,-1
223,565,823.58,821.78,90.74,211.65,1,-1,-1,-1
223,566,754.29,63.25,83.03,205.51,1,-1,-1,-1
223,567,1226.35,176.20,85.95,202.95,1,-1,-1,-1
223,568,1258.21,642.81,72.63,205.67,1,-1,-1,-1
224,564,505.17,455.37,98.42,209.73,1,-1,-1,-1
224,565,814.58,818.67,89.77,209.73,1,-1,-1,-1
224,566,763.35,59.35,82.65,204.77,1,-1,-1,-1
224,567,1233.37,184.55,85.87,202.56,1,-1,-1,-1
224,568,1253.98,650.17,73.79,207.30,1,-1,-1,-1
225,564,505.20,446.48,97.97,209.35,1,-1,-1,-1
225,565,805.31,816.47,90.14,209.78,1,-1,-1,-1
225,566,770.85,55.10,83.93,207.02,1,-1,-1,-1
225,567,1239.74,187.49,86.99,205.27,1,-1,-1,-1
225,568,1248.14,657.06,74.72,208.92,1,-1,-1,-1
226,564,505.74,435.16,96.48,206.70,1,-1,-1,-1
226,565,797.05,814.74,90.18,209.13,1,-1,-1,-1
226,566,783.37,53.87,82.84,205.45,1,-1,-1,-1
226,567,1243.76,197.34,87.79,206.22,1,-1,-1,-1
226,568,1241.65,666.10,74.64,208.01,1,-1,-1,-1
227,564,506.23,424.72,96.31,206.93,1,-1,-1,-1
227,565,785.65,813.58,89.65,208.37,1,-1,-1,-1
227,566,793.70,51.09,81.39,203.67,1,-1,-1,-1
227,567,1249.85,202.86,87.85,206.14,1,-1,-1,-1
227,568,1237.16,674.67,74.86,207.31,1,-1,-1,-1
228,564,505.39,414.18,97.54,208.50,1,-1,-1,-1
228,565,775.83,809.05,90.40,209.95,1,-1,-1,-1
228,566,801.88,47.00,82.84,206.38,1,-1,-1,-1
228,567,1255.67,213.37,88.30,206.71,1,-1,-1,-1
228,568,1229.72,681.12,76.86,210.09,1,-1,-1,-1
229,564,504.52,404.67,99.16,210.48,1,-1,-1,-1
229,565,766.71,805.71,90.76,209.98,1,-1,-1,-1
229,566,811.75,44.26,81.67,203.50,1,-1,-1,-1
229,567,1262.01,221.41,89.00,208.86,1,-1,-1,-1
229,568,1221.93,688.13,78.05,211.29,1,-1,-1,-1
230,564,505.86,396.61,98.48,209.72,1,-1,-1,-1
230,565,757.82,801.95,90.52,209.07,1,-1,-1,-1
230,566,820.59,42.83,81.63,202.97,1,-1,-1,-1
230,567,1266.33,231.14,88.45,207.14,1,-1,-1,-1
230,568,1214.85,696.17,78.35,211.04,1,-1,-1,-1
231,564,507.01,386.09,97.80,208.52,1,-1,-1,-1
231,565,748.55,794.38,92.45,211.62,1,-1,-1,-1
231,566,828.74,41.42,82.11,203.65,1,-1,-1,-1
231,567,1270.95,239.08,88.80,209.07,1,-1,-1,-1
231,568,1208.19,704.08,77.86,211.01,1,-1,-1,-1
232,564,508.07,375.99,97.19,207.78,1,-1,-1,-1
232,565,739.99,791.24,92.15,210.49,1,-1,-1,-1
232,566,840.43,38.94,82.31,205.39,1,-1,-1,-1
232,567,1275.07,248.70,87.89,206.77,1,-1,-1,-1
232,568,1203.17,712.16,78.00,211.05,1,-1,-1,-1
233,564,508.80,366.18,97.19,208.80,1,-1,-1,-1
233,565,728.80,786.38,91.92,210.18,1,-1,-1,-1
233,566,850.20,37.72,82.75,206.21,1,-1,-1,-1
233,567,1280.54,257.73,88.13,206.18,1,-1,-1,-1
233,568,1192.43,718.27,79.15,213.16,1,-1,-1,-1
234,564,511.82,356.93,97.33,208.98,1,-1,-1,-1
234,565,719.88,783.86,91.11,209.48,1,-1,-1,-1
234,566,859.72,36.16,81.88,203.85,1,-1,-1,-1
234,567,1285.63,265.02,89.15,208.58,1,-1,-1,-1
234,568,1187.65,727.33,78.28,211.07,1,-1,-1,-1
235,564,513.09,348.52,98.03,208.65,1,-1,-1,-1
235,565,711.51,778.14,91.09,209.99,1,-1,-1,-1
235,566,869.47,37.09,80.29,199.98,1,-1,-1,-1
235,567,1289.09,276.90,89.21,207.74,1,-1,-1,-1
235,568,1180.81,733.30,79.33,212.38,1,-1,-1,-1
236,564,516.08,337.97,97.09,206.94,1,-1,-1,-1
236,565,702.51,772.20,92.11,212.54,1,-1,-1,-1
236,566,880.40,34.34,81.75,202.58,1,-1,-1,-1
236,567,1291.22,287.29,88.88,206.90,1,-1,-1,-1
236,568,1173.61,741.42,79.10,211.54,1,-1,-1,-1
237,564,519.40,327.45,97.82,208.18,1,-1,-1,-1
237,565,694.13,766.99,92.45,211.78,1,-1,-1,-1
237,566,890.07,33.41,82.18,202.79,1,-1,-1,-1
237,567,1295.46,295.61,90.07,207.97,1,-1,-1,-1
237,568,1164.75,744.30,80.70,213.27,1,-1,-1,-1
238,564,523.01,318.23,96.93,207.52,1,-1,-1,-1
238,565,685.70,759.48,93.07,213.55,1,-1,-1,-1
238,566,899.37,33.84,82.17,202.87,1,-1,-1,-1
238,567,1298.07,304.82,90.42,207.54,1,-1,-1,-1
238,568,1155.87,748.16,82.37,216.07,1,-1,-1,-1
239,564,524.73,309.74,96.64,207.09,1,-1,-1,-1
239,565,677.74,753.38,92.16,212.05,1,-1,-1,-1
239,566,911.99,34.10,81.54,201.35,1,-1,-1,-1
239,567,1302.54,313.03,90.69,208.10,1,-1,-1,-1
239,568,1148.12,755.33,82.49,214.56,1,-1,-1,-1
240,564,527.72,299.23,97.50,207.78,1,-1,-1,-1
240,565,669.77,747.74,92.59,213.46,1,-1,-1,-1
240,566,921.44,34.23,82.48,202.89,1,-1,-1,-1
240,567,1305.16,324.00,90.94,208.86,1,-1,-1,-1
240,568,1140.18,763.63,82.30,212.56,1,-1,-1,-1
241,564,531.79,290.22,96.40,206.26,1,-1,-1,-1
241,565,662.16,741.85,92.49,213.38,1,-1,-1,-1
241,566,931.20,35.43,81.76,202.26,1,-1,-1,-1
241,567,1308.60,333.20,92.12,209.87,1,-1,-1,-1
241,568,1131.28,767.58,82.74,212.85,1,-1,-1,-1
242,564,533.89,281.38,95.79,205.12,1,-1,-1,-1
242,565,655.10,735.76,91.24,211.96,1,-1,-1,-1
242,566,940.82,35.80,80.91,200.47,1,-1,-1,-1
242,567,1310.65,342.84,92.32,209.24,1,-1,-1,-1
242,568,1123.14,774.14,82.31,211.75,1,-1,-1,-1
243,564,538.10,271.59,95.85,206.06,1,-1,-1,-1
243,565,647.24,729.01,91.14,212.07,1,-1,-1,-1
243,566,952.26,35.99,81.50,202.17,1,-1,-1,-1
243,567,1313.01,353.79,91.43,205.96,1,-1,-1,-1
243,568,1114.37,776.55,83.81,214.19,1,-1,-1,-1
244,564,541.60,263.11,95.57,205.57,1,-1,-1,-1
244,565,638.83,723.26,91.81,213.01,1,-1,-1,-1
244,566,961.83,38.46,82.52,204.39,1,-1,-1,-1
244,567,1316.31,361.94,92.16,206.83,1,-1,-1,-1
244,568,1105.50,780.31,84.73,216.29,1,-1,-1,-1
245,564,547.49,255.09,95.32,204.96,1,-1,-1,-1
245,565,630.72,715.53,93.15,215.06,1,-1,-1,-1
245,566,971.54,40.04,82.36,204.31,1,-1,-1,-1
245,567,1317.83,370.25,92.65,207.08,1,-1,-1,-1
245,568,1094.31,788.01,83.13,212.67,1,-1,-1,-1
246,564,553.46,244.07,95.40,206.17,1,-1,-1,-1
246,565,623.22,708.06,92.66,214.49,1,-1,-1,-1
246,566,980.86,42.40,81.57,203.44,1,-1,-1,-1
246,567,1318.89,382.40,92.43,206.13,1,-1,-1,-1
246,568,1084.81,791.44,82.98,213.72,1,-1,-1,-1
247,564,556.65,235.25,95.46,205.43,1,-1,-1,-1
247,565,618.37,699.81,93.54,215.59,1,-1,-1,-1
247,566,992.15,45.11,82.49,205.86,1,-1,-1,-1
247,567,1319.48,391.53,93.26,206.89,1,-1,-1,-1
247,568,1076.03,796.37,82.52,214.35,1,-1,-1,-1
248,564,562.86,227.16,94.86,204.41,1,-1,-1,-1
248,565,612.47,692.83,92.32,213.77,1,-1,-1,-1
248,566,1001.42,46.25,83.20,207.41,1,-1,-1,-1
248,567,1320.34,401.67,92.71,204.99,1,-1,-1,-1
248,568,1066.58,799.91,82.53,213.92,1,-1,-1,-1
249,564,566.02,217.62,95.43,205.94,1,-1,-1,-1
249,565,606.28,685.44,92.01,213.72,1,-1,-1,-1
249,566,1012.27,49.20,81.37,204.04,1,-1,-1,-1
249,567,1320.53,411.01,92.90,204.62,1,-1,-1,-1
249,568,1058.54,805.19,81.83,212.67,1,-1,-1,-1
250,564,571.37,209.59,95.89,206.33,1,-1,-1,-1
250,565,599.77,677.54,91.48,213.02,1,-1,-1,-1
250,566,1021.24,51.41,81.33,204.08,1,-1,-1,-1
250,567,1319.82,422.13,93.88,206.19,1,-1,-1,-1
250,568,1050.43,807.51,82.19,213.20,1,-1,-1,-1
