1,912,522.39,418.85,83.32,207.02,1,-1,-1,-1
1,913,717.81,90.78,87.19,200.66,1,-1,-1,-1
1,914,1321.15,431.76,98.83,209.74,1,-1,-1,-1
1,915,1116.40,93.78,76.83,200.51,1,-1,-1,-1
1,916,1086.45,790.50,89.42,213.37,1,-1,-1,-1
1,917,692.53,755.62,81.76,214.71,1,-1,-1,-1
2,912,522.97,411.32,83.24,206.78,1,-1,-1,-1
2,913,725.55,86.04,88.21,202.84,1,-1,-1,-1
2,914,1316.63,437.44,98.66,209.33,1,-1,-1,-1
2,915,1123.13,99.16,77.53,202.20,1,-1,-1,-1
2,916,1073.74,795.24,90.50,215.99,1,-1,-1,-1
2,917,685.47,755.00,81.64,214.24,1,-1,-1,-1
3,912,522.99,401.07,84.36,209.46,1,-1,-1,-1
3,913,732.45,77.18,88.23,202.62,1,-1,-1,-1
3,914,1316.03,451.34,98.42,208.94,1,-1,-1,-1
3,915,1130.59,99.32,78.14,203.76,1,-1,-1,-1
3,916,1064.91,800.62,90.80,216.70,1,-1,-1,-1
3,917,677.87,749.09,81.51,213.62,1,-1,-1,-1
4,912,523.78,386.46,84.13,208.79,1,-1,-1,-1
4,913,741.92,74.80,86.95,198.97,1,-1,-1,-1
4,914,1315.60,461.42,98.45,209.21,1,-1,-1,-1
4,915,1140.78,111.03,77.31,201.33,1,-1,-1,-1
4,916,1056.36,804.69,90.47,216.06,1,-1,-1,-1
4,917,669.74,742.17,82.15,215.31,1,-1,-1,-1
5,912,524.10,377.31,84.82,210.36,1,-1,-1,-1
5,913,752.11,76.01,86.76,198.30,1,-1,-1,-1
5,914,1315.28,471.02,98.17,208.80,1,-1,-1,-1
5,915,1149.30,116.38,77.07,200.59,1,-1,-1,-1
5,916,1048.02,810.42,89.80,214.50,1,-1,-1,-1
5,917,661.51,738.37,82.04,215.05,1,-1,-1,-1
6,912,526.82,363.02,85.36,211.35,1,-1,-1,-1
6,913,760.31,69.07,87.41,199.17,1,-1,-1,-1
6,914,1314.25,483.59,98.79,210.35,1,-1,-1,-1
6,915,1156.89,123.20,77.39,201.30,1,-1,-1,-1
6,916,1039.84,814.85,88.97,212.74,1,-1,-1,-1
6,917,652.69,727.76,82.61,216.54,1,-1,-1,-1
7,912,528.97,353.70,84.41,208.46,1,-1,-1,-1
7,913,768.47,65.14,88.45,200.49,1,-1,-1,-1
7,914,1313.53,492.53,99.83,212.77,1,-1,-1,-1
7,915,1163.90,122.99,78.65,204.22,1,-1,-1,-1
7,916,1031.30,820.08,89.04,212.69,1,-1,-1,-1
7,917,644.49,722.78,82.17,215.49,1,-1,-1,-1
8,912,530.52,343.87,84.68,208.37,1,-1,-1,-1
8,913,779.92,59.64,89.16,201.91,1,-1,-1,-1
8,914,1312.74,501.64,99.90,212.89,1,-1,-1,-1
8,915,1172.02,128.09,78.97,204.51,1,-1,-1,-1
8,916,1019.29,822.40,88.21,210.61,1,-1,-1,-1
8,917,639.67,715.52,82.86,217.39,1,-1,-1,-1
9,912,531.74,336.93,84.56,207.38,1,-1,-1,-1
9,913,789.65,57.37,89.39,201.58,1,-1,-1,-1
9,914,1309.81,511.79,98.35,209.85,1,-1,-1,-1
9,915,1179.49,135.55,79.80,205.33,1,-1,-1,-1
9,916,1008.83,821.86,88.74,211.87,1,-1,-1,-1
9,917,633.60,709.23,82.10,215.70,1,-1,-1,-1
10,912,534.63,327.66,84.78,207.51,1,-1,-1,-1
10,913,797.42,51.36,91.01,204.05,1,-1,-1,-1
10,914,1308.18,519.70,97.76,209.04,1,-1,-1,-1
10,915,1187.06,143.82,80.27,205.56,1,-1,-1,-1
10,916,999.37,827.06,88.92,212.29,1,-1,-1,-1
10,917,626.52,703.61,81.48,214.11,1,-1,-1,-1
11,912,537.56,320.06,84.46,206.11,1,-1,-1,-1
11,913,807.17,50.34,90.84,202.82,1,-1,-1,-1
11,914,1306.35,527.09,98.71,211.07,1,-1,-1,-1
11,915,1194.24,151.20,80.90,206.46,1,-1,-1,-1
11,916,990.31,828.51,89.77,214.33,1,-1,-1,-1
11,917,618.22,697.75,82.48,216.20,1,-1,-1,-1
12,912,540.10,309.09,84.27,205.27,1,-1,-1,-1
12,913,819.03,47.28,91.68,203.73,1,-1,-1,-1
12,914,1305.28,535.06,98.59,211.14,1,-1,-1,-1
12,915,1202.27,155.16,80.54,204.85,1,-1,-1,-1
12,916,978.41,829.98,88.80,212.15,1,-1,-1,-1
12,917,611.55,686.49,81.89,214.33,1,-1,-1,-1
13,912,543.99,297.89,83.92,203.61,1,-1,-1,-1
13,913,828.62,43.81,91.89,204.35,1,-1,-1,-1
13,914,1301.41,548.64,97.78,209.35,1,-1,-1,-1
13,915,1206.14,166.52,81.07,204.66,1,-1,-1,-1
13,916,968.92,831.72,87.84,210.18,1,-1,-1,-1
13,917,604.96,682.56,81.54,213.56,1,-1,-1,-1
14,912,547.22,291.18,83.94,203.25,1,-1,-1,-1
14,913,837.74,42.77,91.83,203.30,1,-1,-1,-1
14,914,1298.65,557.64,98.60,211.37,1,-1,-1,-1
14,915,1211.43,173.85,82.89,207.87,1,-1,-1,-1
14,916,959.62,832.15,88.44,211.87,1,-1,-1,-1
14,917,600.75,676.33,80.96,211.99,1,-1,-1,-1
15,912,548.25,280.84,84.71,204.58,1,-1,-1,-1
15,913,847.07,45.45,92.23,203.45,1,-1,-1,-1
15,914,1293.57,570.58,98.73,211.62,1,-1,-1,-1
15,915,1217.86,181.58,83.65,209.13,1,-1,-1,-1
15,916,951.55,832.83,87.25,209.35,1,-1,-1,-1
15,917,594.33,670.34,80.12,210.33,1,-1,-1,-1
16,912,553.44,269.16,84.17,203.36,1,-1,-1,-1
16,913,858.52,41.57,92.64,204.28,1,-1,-1,-1
16,914,1290.24,575.33,99.82,213.76,1,-1,-1,-1
16,915,1224.46,186.04,84.34,210.04,1,-1,-1,-1
16,916,939.12,831.49,87.29,210.00,1,-1,-1,-1
16,917,587.60,662.15,80.32,210.94,1,-1,-1,-1
17,912,558.66,262.32,84.30,203.47,1,-1,-1,-1
17,913,868.47,40.83,92.45,202.74,1,-1,-1,-1
17,914,1288.56,582.97,99.69,213.47,1,-1,-1,-1
17,915,1231.30,196.64,85.50,211.36,1,-1,-1,-1
17,916,929.09,831.73,87.50,211.05,1,-1,-1,-1
17,917,581.02,651.03,79.62,209.75,1,-1,-1,-1
18,912,562.55,256.00,84.15,203.07,1,-1,-1,-1
18,913,878.22,42.24,92.44,202.70,1,-1,-1,-1
18,914,1283.84,595.67,99.11,212.20,1,-1,-1,-1
18,915,1234.95,206.12,86.12,211.36,1,-1,-1,-1
18,916,920.47,832.20,86.64,209.21,1,-1,-1,-1
18,917,574.55,640.51,79.05,210.07,1,-1,-1,-1
19,912,567.53,245.74,83.58,202.49,1,-1,-1,-1
19,913,887.14,42.53,92.75,202.96,1,-1,-1,-1
19,914,1280.56,604.67,99.63,213.17,1,-1,-1,-1
19,915,1240.68,215.00,86.37,211.22,1,-1,-1,-1
19,916,911.97,832.79,86.44,209.25,1,-1,-1,-1
19,917,570.63,632.19,79.07,210.35,1,-1,-1,-1
20,912,573.77,235.75,84.19,204.72,1,-1,-1,-1
20,913,898.40,39.94,93.47,203.83,1,-1,-1,-1
20,914,1275.35,613.53,100.43,214.34,1,-1,-1,-1
20,915,1246.99,223.06,87.18,211.92,1,-1,-1,-1
20,916,899.29,831.81,86.48,209.85,1,-1,-1,-1
20,917,564.93,625.35,78.58,209.84,1,-1,-1,-1
21,912,578.32,225.00,84.41,205.26,1,-1,-1,-1
21,913,908.43,40.81,93.48,203.68,1,-1,-1,-1
21,914,1268.97,621.91,100.14,214.16,1,-1,-1,-1
21,915,1250.44,232.12,87.11,211.08,1,-1,-1,-1
21,916,889.40,830.70,86.38,209.86,1,-1,-1,-1
21,917,561.20,619.35,78.85,210.22,1,-1,-1,-1
22,912,583.13,215.77,84.43,205.34,1,-1,-1,-1
22,913,918.06,42.19,93.28,202.69,1,-1,-1,-1
22,914,1265.02,629.41,100.76,215.17,1,-1,-1,-1
22,915,1255.89,242.79,87.59,210.84,1,-1,-1,-1
22,916,880.47,830.41,86.33,209.72,1,-1,-1,-1
22,917,556.77,608.42,78.34,208.36,1,-1,-1,-1
23,912,586.86,208.69,85.29,207.07,1,-1,-1,-1
23,913,926.78,42.65,93.50,202.42,1,-1,-1,-1
23,914,1259.62,641.78,100.65,215.17,1,-1,-1,-1
23,915,1262.42,250.29,87.16,209.03,1,-1,-1,-1
23,916,871.78,830.76,86.29,209.82,1,-1,-1,-1
23,917,550.99,600.58,77.85,207.24,1,-1,-1,-1
24,912,593.29,200.89,85.03,206.47,1,-1,-1,-1
24,913,938.08,41.36,93.96,203.27,1,-1,-1,-1
24,914,1252.96,651.13,100.29,214.56,1,-1,-1,-1
24,915,1265.82,260.75,87.43,208.40,1,-1,-1,-1
24,916,859.63,830.92,85.82,209.05,1,-1,-1,-1
24,917,547.12,591.16,78.30,207.95,1,-1,-1,-1
25,912,600.30,193.27,84.63,205.71,1,-1,-1,-1
25,913,948.13,40.40,94.26,203.33,1,-1,-1,-1
25,914,1248.36,659.57,100.78,215.58,1,-1,-1,-1
25,915,1270.62,266.49,88.14,209.22,1,-1,-1,-1
25,916,849.90,830.87,85.24,208.12,1,-1,-1,-1
25,917,544.98,582.24,78.25,208.05,1,-1,-1,-1
26,912,607.22,186.12,84.11,205.08,1,-1,-1,-1
26,913,958.00,43.10,93.42,201.26,1,-1,-1,-1
26,914,1241.95,666.29,101.73,217.50,1,-1,-1,-1
26,915,1273.65,274.84,87.89,207.71,1,-1,-1,-1
26,916,841.03,830.70,85.18,208.02,1,-1,-1,-1
26,917,541.08,574.50,77.99,208.06,1,-1,-1,-1
27,912,612.19,182.30,83.83,205.03,1,-1,-1,-1
27,913,966.80,48.92,93.58,200.65,1,-1,-1,-1
27,914,1235.69,670.02,101.13,216.60,1,-1,-1,-1
27,915,1275.18,286.45,88.46,207.80,1,-1,-1,-1
27,916,832.23,825.73,85.57,208.70,1,-1,-1,-1
27,917,538.27,564.21,77.23,205.87,1,-1,-1,-1
28,912,619.04,172.54,83.45,204.99,1,-1,-1,-1
28,913,977.83,49.72,94.68,203.08,1,-1,-1,-1
28,914,1231.48,677.49,101.41,217.28,1,-1,-1,-1
28,915,1279.49,293.73,89.30,209.20,1,-1,-1,-1
28,916,819.48,823.65,86.01,209.51,1,-1,-1,-1
28,917,534.82,551.50,76.12,203.67,1,-1,-1,-1
29,912,626.36,164.03,82.82,203.71,1,-1,-1,-1
29,913,986.90,49.46,95.00,203.26,1,-1,-1,-1
29,914,1224.95,688.46,101.77,218.08,1,-1,-1,-1
29,915,1281.64,303.71,89.98,210.57,1,-1,-1,-1
29,916,810.13,819.73,85.09,207.53,1,-1,-1,-1
29,917,532.15,543.94,76.20,203.87,1,-1,-1,-1
30,912,633.83,155.73,82.62,203.95,1,-1,-1,-1
30,913,996.83,51.12,94.36,201.80,1,-1,-1,-1
30,914,1218.05,694.09,101.18,216.64,1,-1,-1,-1
30,915,1285.96,312.04,90.16,210.52,1,-1,-1,-1
30,916,800.85,820.50,85.78,209.34,1,-1,-1,-1
30,917,527.71,532.57,76.12,204.17,1,-1,-1,-1
31,912,642.14,153.06,80.86,201.06,1,-1,-1,-1
31,913,1005.83,51.79,94.92,202.95,1,-1,-1,-1
31,914,1210.88,705.15,101.21,216.06,1,-1,-1,-1
31,915,1288.40,323.88,90.63,210.72,1,-1,-1,-1
31,916,792.38,816.64,85.54,208.59,1,-1,-1,-1
31,917,526.16,524.16,75.31,202.74,1,-1,-1,-1
32,912,649.96,147.68,79.45,199.15,1,-1,-1,-1
32,913,1014.46,57.70,95.18,204.05,1,-1,-1,-1
32,914,1203.44,709.97,100.41,214.16,1,-1,-1,-1
32,915,1292.90,334.02,90.77,210.39,1,-1,-1,-1
32,916,783.97,815.42,85.34,208.37,1,-1,-1,-1
32,917,524.92,513.84,75.44,203.55,1,-1,-1,-1
33,912,658.13,141.12,78.77,198.93,1,-1,-1,-1
33,913,1026.04,59.79,94.21,201.95,1,-1,-1,-1
33,914,1195.65,716.55,100.83,214.87,1,-1,-1,-1
33,915,1295.46,343.42,90.19,208.81,1,-1,-1,-1
33,916,771.40,810.19,85.79,209.95,1,-1,-1,-1
33,917,523.76,506.28,75.24,203.01,1,-1,-1,-1
34,912,666.32,132.66,78.18,198.74,1,-1,-1,-1
34,913,1035.95,64.36,93.78,201.78,1,-1,-1,-1
34,914,1187.14,723.37,101.88,216.72,1,-1,-1,-1
34,915,1296.73,352.51,90.06,208.35,1,-1,-1,-1
34,916,762.18,807.34,85.55,209.45,1,-1,-1,-1
34,917,520.54,497.04,74.93,202.78,1,-1,-1,-1
35,912,674.39,125.36,77.65,198.99,1,-1,-1,-1
35,913,1045.99,67.80,93.04,200.73,1,-1,-1,-1
35,914,1182.14,726.78,102.63,217.66,1,-1,-1,-1
35,915,1297.31,364.85,90.37,208.47,1,-1,-1,-1
35,916,753.12,804.90,86.11,210.96,1,-1,-1,-1
35,917,518.53,485.34,74.96,203.27,1,-1,-1,-1
36,912,682.79,118.23,76.79,198.14,1,-1,-1,-1
36,913,1054.85,69.31,92.85,200.62,1,-1,-1,-1
36,914,1172.14,732.87,102.55,217.28,1,-1,-1,-1
36,915,1298.45,376.69,89.40,205.99,1,-1,-1,-1
36,916,744.62,800.46,86.04,210.54,1,-1,-1,-1
36,917,518.25,474.32,74.54,203.28,1,-1,-1,-1
37,912,691.59,114.35,76.49,198.67,1,-1,-1,-1
37,913,1063.56,78.43,92.75,199.33,1,-1,-1,-1
37,914,1166.76,739.90,103.12,217.68,1,-1,-1,-1
37,915,1301.19,382.97,90.65,207.99,1,-1,-1,-1
37,916,736.07,793.66,86.68,211.73,1,-1,-1,-1
37,917,517.31,461.95,74.67,203.99,1,-1,-1,-1
38,912,700.38,109.40,75.78,197.85,1,-1,-1,-1
38,913,1074.11,81.91,94.01,201.70,1,-1,-1,-1
38,914,1159.52,747.13,103.69,218.80,1,-1,-1,-1
38,915,1302.48,395.79,90.93,208.19,1,-1,-1,-1
38,916,727.52,785.44,87.00,212.23,1,-1,-1,-1
38,917,517.57,452.42,73.54,201.91,1,-1,-1,-1
39,912,708.44,104.89,76.25,199.91,1,-1,-1,-1
39,913,1083.05,82.36,94.59,202.69,1,-1,-1,-1
39,914,1151.22,753.92,104.63,219.88,1,-1,-1,-1
39,915,1303.72,406.65,90.79,208.07,1,-1,-1,-1
39,916,719.12,781.87,87.54,213.36,1,-1,-1,-1
39,917,517.86,443.92,73.25,201.54,1,-1,-1,-1
40,912,717.29,100.91,75.59,199.13,1,-1,-1,-1
40,913,1091.77,88.87,95.03,203.15,1,-1,-1,-1
40,914,1139.47,760.97,104.78,220.12,1,-1,-1,-1
40,915,1304.40,413.41,89.74,206.10,1,-1,-1,-1
40,916,710.79,775.06,88.16,214.60,1,-1,-1,-1
40,917,518.01,434.30,72.84,201.11,1,-1,-1,-1
41,912,725.81,94.21,75.01,198.74,1,-1,-1,-1
41,913,1100.32,94.59,95.15,204.01,1,-1,-1,-1
41,914,1134.10,764.19,103.98,218.48,1,-1,-1,-1
41,915,1304.77,426.15,89.35,205.49,1,-1,-1,-1
41,916,702.57,767.25,88.36,215.38,1,-1,-1,-1
41,917,518.39,424.48,73.49,203.02,1,-1,-1,-1
42,912,734.94,91.99,74.48,197.96,1,-1,-1,-1
42,913,1109.45,98.22,94.35,202.81,1,-1,-1,-1
42,914,1123.41,771.67,102.96,215.97,1,-1,-1,-1
42,915,1305.14,434.16,89.39,205.74,1,-1,-1,-1
42,916,694.37,764.07,88.41,215.69,1,-1,-1,-1
42,917,518.41,416.48,73.44,203.11,1,-1,-1,-1
43,912,743.18,89.30,74.47,198.92,1,-1,-1,-1
43,913,1117.53,102.82,95.05,204.15,1,-1,-1,-1
43,914,1113.98,774.27,103.74,217.04,1,-1,-1,-1
43,915,1305.22,447.00,88.67,204.37,1,-1,-1,-1
43,916,682.91,762.40,87.84,214.02,1,-1,-1,-1
43,917,518.71,406.52,72.53,201.17,1,-1,-1,-1
44,912,751.30,79.12,74.66,199.73,1,-1,-1,-1
44,913,1125.61,106.84,94.90,203.15,1,-1,-1,-1
44,914,1104.73,778.54,104.86,219.16,1,-1,-1,-1
44,915,1305.67,457.81,87.79,202.84,1,-1,-1,-1
44,916,673.01,756.18,88.90,216.22,1,-1,-1,-1
44,917,519.67,395.67,72.57,202.25,1,-1,-1,-1
45,912,759.72,71.14,74.81,199.77,1,-1,-1,-1
45,913,1134.11,112.42,94.61,202.67,1,-1,-1,-1
45,914,1096.04,784.88,105.37,219.92,1,-1,-1,-1
45,915,1304.73,464.89,88.60,204.56,1,-1,-1,-1
45,916,667.89,748.99,89.72,217.92,1,-1,-1,-1
45,917,520.16,388.05,72.27,201.46,1,-1,-1,-1
46,912,770.84,68.40,74.57,199.37,1,-1,-1,-1
46,913,1142.30,120.37,94.76,202.60,1,-1,-1,-1
46,914,1088.11,788.85,103.75,216.52,1,-1,-1,-1
46,915,1304.08,478.02,88.69,204.32,1,-1,-1,-1
46,916,661.00,739.57,90.37,219.15,1,-1,-1,-1
46,917,520.91,377.42,72.26,201.84,1,-1,-1,-1
47,912,780.21,64.73,74.69,200.37,1,-1,-1,-1
47,913,1150.12,127.90,95.09,203.68,1,-1,-1,-1
47,914,1079.45,794.26,104.58,218.55,1,-1,-1,-1
47,915,1302.98,487.26,89.70,206.24,1,-1,-1,-1
47,916,653.38,733.07,90.43,218.76,1,-1,-1,-1
47,917,524.83,365.57,71.63,200.64,1,-1,-1,-1
48,912,789.71,65.41,74.02,198.78,1,-1,-1,-1
48,913,1157.99,135.66,94.57,202.18,1,-1,-1,-1
48,914,1071.53,801.83,103.33,216.73,1,-1,-1,-1
48,915,1302.26,496.92,90.19,208.17,1,-1,-1,-1
48,916,645.34,724.77,90.42,217.71,1,-1,-1,-1
48,917,527.29,357.49,71.00,199.47,1,-1,-1,-1
49,912,799.26,61.21,74.25,200.06,1,-1,-1,-1
49,913,1165.42,137.83,94.93,202.95,1,-1,-1,-1
49,914,1059.64,805.65,102.82,215.96,1,-1,-1,-1
49,915,1299.27,506.45,88.98,206.24,1,-1,-1,-1
49,916,637.67,721.49,90.30,216.82,1,-1,-1,-1
49,917,528.43,346.68,71.38,201.39,1,-1,-1,-1
50,912,807.67,58.53,74.52,201.23,1,-1,-1,-1
50,913,1173.65,143.57,95.18,203.52,1,-1,-1,-1
50,914,1050.77,807.64,101.61,213.69,1,-1,-1,-1
50,915,1297.32,515.39,88.63,206.27,1,-1,-1,-1
50,916,630.56,711.94,89.50,214.83,1,-1,-1,-1
50,917,529.77,339.14,70.22,199.53,1,-1,-1,-1
51,912,816.61,56.20,74.52,201.24,1,-1,-1,-1
51,913,1180.70,146.42,96.67,206.83,1,-1,-1,-1
51,914,1041.19,807.25,102.80,216.34,1,-1,-1,-1
51,915,1296.23,527.42,88.61,206.61,1,-1,-1,-1
51,916,622.03,701.20,91.32,218.13,1,-1,-1,-1
51,917,534.42,328.35,68.98,196.09,1,-1,-1,-1
52,912,828.33,51.92,73.59,199.24,1,-1,-1,-1
52,913,1187.89,156.62,96.39,206.14,1,-1,-1,-1
52,914,1031.91,810.39,103.75,218.76,1,-1,-1,-1
52,915,1294.90,535.55,88.93,207.49,1,-1,-1,-1
52,916,614.80,697.48,90.63,215.52,1,-1,-1,-1
52,917,536.97,317.50,69.01,196.75,1,-1,-1,-1
53,912,838.73,51.93,73.52,199.63,1,-1,-1,-1
53,913,1195.55,161.61,95.91,205.53,1,-1,-1,-1
53,914,1023.58,816.89,102.94,217.64,1,-1,-1,-1
53,915,1291.01,544.27,88.63,206.81,1,-1,-1,-1
53,916,607.42,690.41,91.07,215.80,1,-1,-1,-1
53,917,538.40,307.57,69.42,197.59,1,-1,-1,-1
54,912,847.63,49.03,74.24,201.59,1,-1,-1,-1
54,913,1202.43,167.91,96.78,207.20,1,-1,-1,-1
54,914,1011.55,820.65,102.81,217.86,1,-1,-1,-1
54,915,1288.19,552.01,89.05,207.85,1,-1,-1,-1
54,916,602.96,684.18,92.00,217.64,1,-1,-1,-1
54,917,541.73,300.69,69.66,198.34,1,-1,-1,-1
55,912,856.46,44.38,74.41,201.68,1,-1,-1,-1
55,913,1206.92,179.82,96.99,207.11,1,-1,-1,-1
55,914,1001.62,820.66,102.99,218.97,1,-1,-1,-1
55,915,1285.79,563.28,90.42,210.69,1,-1,-1,-1
55,916,597.06,676.36,91.73,217.16,1,-1,-1,-1
55,917,544.57,292.93,69.27,197.89,1,-1,-1,-1
56,912,867.97,41.86,74.10,201.32,1,-1,-1,-1
56,913,1213.10,185.15,96.92,207.33,1,-1,-1,-1
56,914,992.23,821.45,102.61,218.82,1,-1,-1,-1
56,915,1281.54,569.82,90.29,210.70,1,-1,-1,-1
56,916,590.19,667.94,91.40,216.50,1,-1,-1,-1
56,917,546.18,279.32,69.41,198.45,1,-1,-1,-1
57,912,876.83,36.25,75.17,203.51,1,-1,-1,-1
57,913,1220.40,192.92,96.79,206.69,1,-1,-1,-1
57,914,982.34,822.22,105.12,225.03,1,-1,-1,-1
57,915,1279.00,577.91,89.41,209.14,1,-1,-1,-1
57,916,583.51,659.77,91.25,216.72,1,-1,-1,-1
57,917,550.30,269.05,69.84,198.72,1,-1,-1,-1
58,912,886.34,37.33,75.55,203.67,1,-1,-1,-1
58,913,1226.85,199.92,97.15,207.37,1,-1,-1,-1
58,914,973.41,822.59,106.13,228.07,1,-1,-1,-1
58,915,1274.23,590.64,89.31,208.76,1,-1,-1,-1
58,916,579.32,650.44,91.75,218.32,1,-1,-1,-1
58,917,553.38,258.10,70.31,200.56,1,-1,-1,-1
59,912,895.66,38.40,75.83,204.26,1,-1,-1,-1
59,913,1233.22,208.14,97.95,208.93,1,-1,-1,-1
59,914,962.95,830.39,103.13,222.43,1,-1,-1,-1
59,915,1270.91,599.57,89.99,209.95,1,-1,-1,-1
59,916,573.89,643.89,90.64,216.39,1,-1,-1,-1
59,917,559.68,253.08,69.25,198.42,1,-1,-1,-1
60,912,906.94,35.60,75.71,203.63,1,-1,-1,-1
60,913,1237.43,217.82,97.36,206.85,1,-1,-1,-1
60,914,952.90,827.62,103.01,222.35,1,-1,-1,-1
60,915,1265.99,612.58,89.30,207.69,1,-1,-1,-1
60,916,568.15,636.04,89.56,214.53,1,-1,-1,-1
60,917,566.35,244.88,68.28,196.31,1,-1,-1,-1
61,912,916.96,38.52,75.54,202.33,1,-1,-1,-1
61,913,1242.47,225.43,98.12,208.49,1,-1,-1,-1
61,914,945.07,829.91,100.42,217.35,1,-1,-1,-1
61,915,1262.34,617.42,90.55,210.35,1,-1,-1,-1
61,916,564.53,627.92,89.57,215.49,1,-1,-1,-1
61,917,569.94,235.69,69.24,198.14,1,-1,-1,-1
62,912,927.25,36.33,75.45,201.30,1,-1,-1,-1
62,913,1246.52,234.16,97.54,206.98,1,-1,-1,-1
62,914,935.52,831.37,102.05,221.73,1,-1,-1,-1
62,915,1256.64,624.72,91.03,211.55,1,-1,-1,-1
62,916,559.00,615.06,89.80,216.49,1,-1,-1,-1
62,917,575.48,228.25,68.57,197.32,1,-1,-1,-1
63,912,935.67,38.58,76.04,202.26,1,-1,-1,-1
63,913,1252.15,245.58,98.01,207.11,1,-1,-1,-1
63,914,924.87,835.51,99.01,215.31,1,-1,-1,-1
63,915,1253.17,635.00,91.58,212.47,1,-1,-1,-1
63,916,556.33,609.39,89.51,216.16,1,-1,-1,-1
63,917,581.63,219.69,69.23,199.13,1,-1,-1,-1
64,912,946.63,38.19,76.95,204.64,1,-1,-1,-1
64,913,1257.66,250.29,99.05,209.37,1,-1,-1,-1
64,914,915.23,833.11,97.72,213.14,1,-1,-1,-1
64,915,1247.78,644.47,91.10,210.97,1,-1,-1,-1
64,916,550.85,598.18,89.48,216.34,1,-1,-1,-1
64,917,585.34,208.29,69.09,198.77,1,-1,-1,-1
65,912,957.91,41.23,75.79,201.81,1,-1,-1,-1
65,913,1261.40,262.67,98.63,208.55,1,-1,-1,-1
65,914,905.63,834.65,98.28,214.98,1,-1,-1,-1
65,915,1241.21,653.31,91.07,210.58,1,-1,-1,-1
65,916,548.35,587.82,89.39,216.67,1,-1,-1,-1
65,917,593.13,204.79,67.32,194.72,1,-1,-1,-1
66,912,967.73,46.68,75.17,200.07,1,-1,-1,-1
66,913,1267.26,273.22,98.26,207.58,1,-1,-1,-1
66,914,896.86,832.22,98.06,214.99,1,-1,-1,-1
66,915,1236.67,660.10,92.60,213.69,1,-1,-1,-1
66,916,543.37,578.40,89.58,217.16,1,-1,-1,-1
66,917,600.77,194.16,66.04,191.09,1,-1,-1,-1
67,912,976.13,43.31,75.79,201.36,1,-1,-1,-1
67,913,1269.70,281.98,98.70,208.33,1,-1,-1,-1
67,914,884.84,829.37,98.11,215.62,1,-1,-1,-1
67,915,1230.22,667.59,92.76,213.73,1,-1,-1,-1
67,916,541.24,568.29,87.99,213.86,1,-1,-1,-1
67,917,608.08,185.06,65.82,191.30,1,-1,-1,-1
68,912,988.22,44.14,75.02,199.35,1,-1,-1,-1
68,913,1274.35,289.44,98.82,209.54,1,-1,-1,-1
68,914,874.95,829.49,97.94,215.28,1,-1,-1,-1
68,915,1223.09,671.47,92.84,214.16,1,-1,-1,-1
68,916,536.32,558.59,88.37,214.82,1,-1,-1,-1
68,917,613.47,179.31,63.85,185.91,1,-1,-1,-1
69,912,997.97,45.71,74.40,198.40,1,-1,-1,-1
69,913,1277.26,297.34,98.27,208.41,1,-1,-1,-1
69,914,866.04,825.81,97.19,213.34,1,-1,-1,-1
69,915,1215.82,682.83,92.68,213.47,1,-1,-1,-1
69,916,533.80,549.46,88.80,215.79,1,-1,-1,-1
69,917,619.49,171.78,63.00,183.39,1,-1,-1,-1
70,912,1007.20,49.22,74.31,198.43,1,-1,-1,-1
70,913,1281.88,309.93,98.28,208.34,1,-1,-1,-1
70,914,857.26,827.73,97.42,214.09,1,-1,-1,-1
70,915,1208.46,691.67,92.28,212.19,1,-1,-1,-1
70,916,528.95,539.67,88.84,215.99,1,-1,-1,-1
70,917,628.19,163.92,59.46,173.20,1,-1,-1,-1
71,912,1017.51,53.34,73.56,196.42,1,-1,-1,-1
71,913,1285.54,320.48,97.90,207.70,1,-1,-1,-1
71,914,846.04,825.40,96.28,211.89,1,-1,-1,-1
71,915,1200.28,696.34,93.09,213.53,1,-1,-1,-1
71,916,526.90,531.59,88.54,214.76,1,-1,-1,-1
71,917,636.31,157.19,60.51,176.32,1,-1,-1,-1
72,912,1028.53,56.97,73.95,198.16,1,-1,-1,-1
72,913,1289.57,327.55,97.85,207.66,1,-1,-1,-1
72,914,835.73,822.19,96.61,212.58,1,-1,-1,-1
72,915,1195.57,706.41,94.02,215.32,1,-1,-1,-1
72,916,525.69,524.29,87.64,212.70,1,-1,-1,-1
72,917,642.80,148.94,61.83,180.26,1,-1,-1,-1
73,912,1038.75,56.30,73.36,196.71,1,-1,-1,-1
73,913,1293.03,337.12,97.47,207.57,1,-1,-1,-1
73,914,826.14,821.40,97.81,214.71,1,-1,-1,-1
73,915,1188.70,714.96,94.59,215.83,1,-1,-1,-1
73,916,525.25,517.20,87.16,211.55,1,-1,-1,-1
73,917,649.59,142.11,62.11,180.88,1,-1,-1,-1
74,912,1047.38,59.15,73.87,198.29,1,-1,-1,-1
74,913,1294.77,345.73,97.35,208.04,1,-1,-1,-1
74,914,817.15,815.75,98.55,216.39,1,-1,-1,-1
74,915,1181.48,720.11,94.75,216.07,1,-1,-1,-1
74,916,521.08,502.57,88.06,213.24,1,-1,-1,-1
74,917,657.42,134.01,61.99,180.56,1,-1,-1,-1
75,912,1057.08,65.22,73.78,197.87,1,-1,-1,-1
75,913,1295.32,358.01,97.56,208.31,1,-1,-1,-1
75,914,808.67,813.17,98.84,217.19,1,-1,-1,-1
75,915,1174.04,727.49,94.49,214.90,1,-1,-1,-1
75,916,518.44,492.96,89.50,216.17,1,-1,-1,-1
75,917,666.04,128.25,61.11,177.97,1,-1,-1,-1
76,912,1066.33,72.69,73.60,197.41,1,-1,-1,-1
76,913,1298.34,363.27,97.97,209.37,1,-1,-1,-1
76,914,797.26,814.24,97.57,214.01,1,-1,-1,-1
76,915,1166.18,731.90,94.72,214.67,1,-1,-1,-1
76,916,517.00,478.93,90.23,217.60,1,-1,-1,-1
76,917,674.11,122.97,62.00,181.56,1,-1,-1,-1
77,912,1076.52,72.63,73.28,197.26,1,-1,-1,-1
77,913,1300.83,375.11,97.44,208.03,1,-1,-1,-1
77,914,787.94,808.59,96.64,212.22,1,-1,-1,-1
77,915,1157.93,739.15,94.68,214.53,1,-1,-1,-1
77,916,516.49,473.06,90.15,216.93,1,-1,-1,-1
77,917,681.71,116.64,62.68,184.37,1,-1,-1,-1
78,912,1086.03,74.12,74.09,199.11,1,-1,-1,-1
78,913,1302.20,384.64,97.13,207.10,1,-1,-1,-1
78,914,778.81,805.32,96.53,212.25,1,-1,-1,-1
78,915,1150.38,745.09,93.82,212.98,1,-1,-1,-1
78,916,516.02,462.05,90.35,217.19,1,-1,-1,-1
78,917,687.10,111.33,63.55,187.32,1,-1,-1,-1
79,912,1095.59,78.62,73.03,196.91,1,-1,-1,-1
79,913,1302.66,393.43,97.09,206.74,1,-1,-1,-1
79,914,770.40,804.50,96.15,211.61,1,-1,-1,-1
79,915,1142.66,750.50,93.66,212.92,1,-1,-1,-1
79,916,512.59,447.23,90.71,218.42,1,-1,-1,-1
79,917,697.87,108.71,61.49,181.32,1,-1,-1,-1
80,912,1104.47,84.37,73.17,197.42,1,-1,-1,-1
80,913,1302.52,405.63,97.35,206.80,1,-1,-1,-1
80,914,757.76,802.61,97.31,214.04,1,-1,-1,-1
80,915,1134.39,757.27,94.53,214.48,1,-1,-1,-1
80,916,511.28,436.46,90.69,218.34,1,-1,-1,-1
80,917,703.52,99.83,62.28,184.34,1,-1,-1,-1
81,912,1113.13,90.42,72.93,196.90,1,-1,-1,-1
81,913,1304.67,413.36,98.71,209.90,1,-1,-1,-1
81,914,748.82,799.05,96.00,211.31,1,-1,-1,-1
81,915,1125.96,764.53,94.80,214.79,1,-1,-1,-1
81,916,511.39,432.47,89.21,214.82,1,-1,-1,-1
81,917,713.28,97.44,63.22,187.86,1,-1,-1,-1
82,912,1121.57,92.85,73.28,197.43,1,-1,-1,-1
82,913,1306.06,423.86,98.18,208.75,1,-1,-1,-1
82,914,739.81,792.27,96.62,212.46,1,-1,-1,-1
82,915,1118.12,771.96,93.93,212.38,1,-1,-1,-1
82,916,510.88,421.17,90.15,217.26,1,-1,-1,-1
82,917,723.06,92.91,61.58,184.02,1,-1,-1,-1
83,912,1130.33,101.19,73.06,196.61,1,-1,-1,-1
83,913,1307.23,434.06,97.21,207.00,1,-1,-1,-1
83,914,731.07,784.26,96.98,213.03,1,-1,-1,-1
83,915,1109.39,775.59,94.62,213.73,1,-1,-1,-1
83,916,510.68,406.58,90.66,218.94,1,-1,-1,-1
83,917,733.98,89.20,58.46,175.32,1,-1,-1,-1
84,912,1138.17,106.47,73.60,197.83,1,-1,-1,-1
84,913,1306.69,446.02,97.35,207.84,1,-1,-1,-1
84,914,722.65,776.94,97.41,213.77,1,-1,-1,-1
84,915,1101.19,780.13,94.65,213.36,1,-1,-1,-1
84,916,514.77,397.35,89.65,216.97,1,-1,-1,-1
84,917,741.57,84.18,60.66,182.23,1,-1,-1,-1
85,912,1146.41,111.02,73.42,197.51,1,-1,-1,-1
85,913,1306.16,454.96,97.93,209.55,1,-1,-1,-1
85,914,714.07,772.28,98.46,215.77,1,-1,-1,-1
85,915,1092.43,786.32,95.62,214.98,1,-1,-1,-1
85,916,516.81,392.87,88.78,215.29,1,-1,-1,-1
85,917,749.76,78.94,60.54,182.12,1,-1,-1,-1
86,912,1156.46,116.50,73.36,197.95,1,-1,-1,-1
86,913,1305.89,463.16,98.27,210.17,1,-1,-1,-1
86,914,706.17,771.09,97.25,213.53,1,-1,-1,-1
86,915,1084.18,790.94,95.23,214.44,1,-1,-1,-1
86,916,517.78,381.81,88.13,214.48,1,-1,-1,-1
86,917,759.93,81.57,59.43,179.65,1,-1,-1,-1
87,912,1164.81,122.25,73.70,199.30,1,-1,-1,-1
87,913,1303.52,473.35,97.44,208.44,1,-1,-1,-1
87,914,696.65,758.69,100.11,219.37,1,-1,-1,-1
87,915,1075.99,796.32,95.11,213.98,1,-1,-1,-1
87,916,519.09,372.29,86.82,211.87,1,-1,-1,-1
87,917,770.25,76.76,60.01,182.26,1,-1,-1,-1
88,912,1172.84,124.09,74.19,200.71,1,-1,-1,-1
88,913,1301.85,482.52,97.35,208.36,1,-1,-1,-1
88,914,688.35,754.47,100.79,220.59,1,-1,-1,-1
88,915,1064.51,798.88,94.11,211.84,1,-1,-1,-1
88,916,521.09,364.57,85.73,209.51,1,-1,-1,-1
88,917,779.20,68.67,60.38,184.06,1,-1,-1,-1
89,912,1181.22,132.46,73.40,198.26,1,-1,-1,-1
89,913,1300.81,493.48,97.35,208.60,1,-1,-1,-1
89,914,680.38,751.29,100.87,220.69,1,-1,-1,-1
89,915,1054.20,800.52,94.47,212.81,1,-1,-1,-1
89,916,525.06,357.40,85.58,209.81,1,-1,-1,-1
89,917,787.75,65.70,60.28,185.09,1,-1,-1,-1
90,912,1186.89,138.41,74.35,199.69,1,-1,-1,-1
90,913,1299.07,507.29,97.47,208.91,1,-1,-1,-1
90,914,673.08,746.70,99.61,217.91,1,-1,-1,-1
90,915,1045.32,805.43,94.15,211.98,1,-1,-1,-1
90,916,527.07,349.30,84.95,208.59,1,-1,-1,-1
90,917,797.91,58.07,58.46,179.48,1,-1,-1,-1
91,912,1194.22,143.00,74.06,198.92,1,-1,-1,-1
91,913,1295.43,519.24,97.11,208.82,1,-1,-1,-1
91,914,665.46,740.05,99.29,216.94,1,-1,-1,-1
91,915,1037.12,809.42,93.56,210.92,1,-1,-1,-1
91,916,528.06,336.51,85.37,209.76,1,-1,-1,-1
91,917,807.33,54.52,58.04,178.78,1,-1,-1,-1
92,912,1201.31,147.87,74.92,200.76,1,-1,-1,-1
92,913,1293.58,528.24,96.93,209.57,1,-1,-1,-1
92,914,657.41,731.20,100.10,218.84,1,-1,-1,-1
92,915,1028.41,810.34,93.41,211.27,1,-1,-1,-1
92,916,529.97,327.07,84.98,209.15,1,-1,-1,-1
92,917,815.84,48.69,58.20,178.14,1,-1,-1,-1
93,912,1208.60,155.87,74.81,200.34,1,-1,-1,-1
93,913,1292.42,536.38,97.09,210.32,1,-1,-1,-1
93,914,649.37,723.69,100.09,218.74,1,-1,-1,-1
93,915,1020.09,815.20,93.58,212.14,1,-1,-1,-1
93,916,531.35,318.55,84.28,207.68,1,-1,-1,-1
93,917,827.24,46.92,57.83,176.41,1,-1,-1,-1
94,912,1215.63,163.49,75.44,201.05,1,-1,-1,-1
94,913,1290.36,544.33,97.55,211.46,1,-1,-1,-1
94,914,642.11,717.57,99.15,216.89,1,-1,-1,-1
94,915,1012.05,820.42,93.72,212.82,1,-1,-1,-1
94,916,535.84,311.09,83.47,206.05,1,-1,-1,-1
94,917,836.96,44.92,59.09,180.44,1,-1,-1,-1
95,912,1222.36,170.09,75.74,201.44,1,-1,-1,-1
95,913,1286.96,555.49,97.42,211.05,1,-1,-1,-1
95,914,635.24,709.65,97.82,214.31,1,-1,-1,-1
95,915,999.98,823.92,93.28,212.20,1,-1,-1,-1
95,916,538.11,297.37,83.52,206.39,1,-1,-1,-1
95,917,846.00,44.39,59.27,180.65,1,-1,-1,-1
96,912,1228.73,177.60,75.69,201.59,1,-1,-1,-1
96,913,1284.50,567.58,96.58,209.27,1,-1,-1,-1
96,914,627.89,705.97,97.29,213.77,1,-1,-1,-1
96,915,990.24,828.82,92.25,210.05,1,-1,-1,-1
96,916,542.01,287.39,84.57,209.32,1,-1,-1,-1
96,917,855.89,45.66,58.74,178.62,1,-1,-1,-1
97,912,1235.66,184.66,76.81,204.42,1,-1,-1,-1
97,913,1279.82,575.03,96.21,208.56,1,-1,-1,-1
97,914,620.54,699.75,97.03,213.53,1,-1,-1,-1
97,915,980.56,829.86,93.23,212.25,1,-1,-1,-1
97,916,545.39,279.12,83.92,207.73,1,-1,-1,-1
97,917,866.03,42.36,60.82,184.68,1,-1,-1,-1
98,912,1240.52,193.92,77.56,204.60,1,-1,-1,-1
98,913,1276.26,583.77,97.45,211.90,1,-1,-1,-1
98,914,616.22,688.41,97.58,215.20,1,-1,-1,-1
98,915,968.57,830.29,92.50,210.98,1,-1,-1,-1
98,916,548.06,272.63,83.25,206.10,1,-1,-1,-1
98,917,875.57,41.50,60.84,184.36,1,-1,-1,-1
99,912,1246.75,201.56,78.14,205.30,1,-1,-1,-1
99,913,1273.56,589.58,98.63,214.54,1,-1,-1,-1
99,914,610.17,682.93,96.91,214.32,1,-1,-1,-1
99,915,958.18,829.91,93.44,213.26,1,-1,-1,-1
99,916,552.89,260.27,83.01,205.62,1,-1,-1,-1
99,917,885.00,41.18,60.73,185.00,1,-1,-1,-1
100,912,1253.03,208.06,78.86,205.86,1,-1,-1,-1
100,913,1270.15,603.36,97.35,211.30,1,-1,-1,-1
100,914,603.43,671.85,97.22,214.97,1,-1,-1,-1
100,915,949.14,829.64,93.13,212.36,1,-1,-1,-1
100,916,559.09,249.77,82.49,204.55,1,-1,-1,-1
100,917,894.48,40.74,60.92,185.71,1,-1,-1,-1
101,912,1259.03,216.05,79.18,205.48,1,-1,-1,-1
101,913,1263.60,609.18,97.25,210.89,1,-1,-1,-1
101,914,596.38,662.90,97.32,215.51,1,-1,-1,-1
101,915,940.30,828.94,93.22,212.77,1,-1,-1,-1
101,916,562.84,245.19,82.29,204.24,1,-1,-1,-1
101,917,905.46,39.12,61.96,189.01,1,-1,-1,-1
102,912,1263.28,223.10,80.23,206.89,1,-1,-1,-1
102,913,1259.88,619.91,97.85,211.90,1,-1,-1,-1
102,914,592.34,654.68,97.19,215.44,1,-1,-1,-1
102,915,928.44,834.83,92.42,211.20,1,-1,-1,-1
102,916,569.10,234.88,81.27,202.09,1,-1,-1,-1
102,917,914.97,39.85,61.70,188.16,1,-1,-1,-1
103,912,1268.44,231.36,80.60,206.98,1,-1,-1,-1
103,913,1257.02,628.56,98.34,212.16,1,-1,-1,-1
103,914,586.15,646.10,97.47,215.93,1,-1,-1,-1
103,915,918.08,833.24,92.77,212.70,1,-1,-1,-1
103,916,575.59,225.36,81.63,203.47,1,-1,-1,-1
103,917,924.71,39.56,61.50,187.81,1,-1,-1,-1
104,912,1272.10,244.50,80.53,205.46,1,-1,-1,-1
104,913,1251.90,638.83,98.17,211.34,1,-1,-1,-1
104,914,579.90,638.34,97.07,215.04,1,-1,-1,-1
104,915,909.32,831.34,92.50,212.49,1,-1,-1,-1
104,916,578.79,216.44,82.23,205.05,1,-1,-1,-1
104,917,934.46,40.60,61.86,188.63,1,-1,-1,-1
105,912,1276.87,251.46,81.29,206.22,1,-1,-1,-1
105,913,1245.58,645.55,98.48,212.13,1,-1,-1,-1
105,914,575.92,632.68,97.81,216.29,1,-1,-1,-1
105,915,900.36,834.86,92.25,212.37,1,-1,-1,-1
105,916,585.56,211.14,80.91,202.06,1,-1,-1,-1
105,917,945.69,42.39,61.94,188.55,1,-1,-1,-1
106,912,1282.13,260.42,80.43,203.67,1,-1,-1,-1
106,913,1240.70,655.21,99.61,213.49,1,-1,-1,-1
106,914,569.78,620.99,98.42,217.37,1,-1,-1,-1
106,915,888.38,833.35,92.04,212.38,1,-1,-1,-1
106,916,593.08,203.01,80.11,200.17,1,-1,-1,-1
106,917,955.64,41.54,61.71,187.81,1,-1,-1,-1
107,912,1286.14,273.91,80.17,202.25,1,-1,-1,-1
107,913,1234.68,663.97,99.92,213.27,1,-1,-1,-1
107,914,564.09,613.24,97.44,214.97,1,-1,-1,-1
107,915,878.79,830.52,91.58,211.75,1,-1,-1,-1
107,916,596.91,194.16,80.16,200.69,1,-1,-1,-1
107,917,965.60,41.47,62.29,190.15,1,-1,-1,-1
108,912,1289.84,280.50,81.33,204.34,1,-1,-1,-1
108,913,1227.81,669.61,99.81,212.04,1,-1,-1,-1
108,914,560.94,605.84,97.56,215.38,1,-1,-1,-1
108,915,869.61,827.08,91.19,211.45,1,-1,-1,-1
108,916,603.17,188.21,79.94,200.46,1,-1,-1,-1
108,917,975.55,47.00,60.85,186.10,1,-1,-1,-1
109,912,1292.24,286.95,82.85,206.56,1,-1,-1,-1
109,913,1221.18,678.19,99.66,210.41,1,-1,-1,-1
109,914,555.24,596.69,97.86,216.12,1,-1,-1,-1
109,915,860.71,830.45,91.33,212.19,1,-1,-1,-1
109,916,610.28,183.74,80.06,201.09,1,-1,-1,-1
109,917,987.14,49.96,60.68,186.07,1,-1,-1,-1
110,912,1296.74,297.13,83.40,206.83,1,-1,-1,-1
110,913,1216.27,685.30,100.00,210.55,1,-1,-1,-1
110,914,551.70,586.46,98.70,218.09,1,-1,-1,-1
110,915,848.77,830.55,91.10,212.19,1,-1,-1,-1
110,916,617.43,173.14,80.00,201.59,1,-1,-1,-1
110,917,996.38,50.82,60.56,185.12,1,-1,-1,-1
111,912,1300.03,305.45,83.68,206.50,1,-1,-1,-1
111,913,1209.18,694.13,100.78,211.42,1,-1,-1,-1
111,914,547.41,579.97,97.54,215.36,1,-1,-1,-1
111,915,838.97,829.35,90.94,212.39,1,-1,-1,-1
111,916,625.98,168.82,79.09,199.93,1,-1,-1,-1
111,917,1005.43,53.41,60.04,183.27,1,-1,-1,-1
112,912,1301.72,318.61,84.22,206.36,1,-1,-1,-1
112,913,1202.49,702.72,101.02,211.40,1,-1,-1,-1
112,914,544.73,571.39,97.48,214.94,1,-1,-1,-1
112,915,830.19,823.58,91.10,212.66,1,-1,-1,-1
112,916,633.07,157.35,79.86,202.53,1,-1,-1,-1
112,917,1015.13,53.15,60.28,183.92,1,-1,-1,-1
113,912,1304.75,327.23,84.41,206.01,1,-1,-1,-1
113,913,1194.87,711.13,101.20,211.14,1,-1,-1,-1
113,914,540.89,561.19,96.10,211.61,1,-1,-1,-1
113,915,821.09,820.51,91.55,213.44,1,-1,-1,-1
113,916,638.22,147.57,79.79,202.94,1,-1,-1,-1
113,917,1028.02,57.38,59.82,183.01,1,-1,-1,-1
114,912,1308.07,338.63,84.43,205.28,1,-1,-1,-1
114,913,1187.15,718.08,102.15,212.38,1,-1,-1,-1
114,914,538.11,550.06,97.14,213.06,1,-1,-1,-1
114,915,812.59,821.16,91.54,213.31,1,-1,-1,-1
114,916,644.97,143.63,79.56,203.48,1,-1,-1,-1
114,917,1037.47,56.64,59.05,180.75,1,-1,-1,-1
115,912,1311.97,346.36,84.47,204.72,1,-1,-1,-1
115,913,1179.23,720.91,102.73,212.94,1,-1,-1,-1
115,914,535.54,538.74,98.84,216.24,1,-1,-1,-1
115,915,800.53,820.24,91.34,212.62,1,-1,-1,-1
115,916,653.43,138.67,78.45,201.88,1,-1,-1,-1
115,917,1045.87,60.11,59.86,183.31,1,-1,-1,-1
116,912,1313.18,357.89,85.24,206.16,1,-1,-1,-1
116,913,1174.82,730.37,102.82,212.78,1,-1,-1,-1
116,914,531.33,530.69,98.15,214.71,1,-1,-1,-1
116,915,790.65,817.39,90.96,212.08,1,-1,-1,-1
116,916,661.49,131.20,78.35,202.67,1,-1,-1,-1
116,917,1055.83,65.19,59.50,182.75,1,-1,-1,-1
117,912,1314.30,363.50,86.43,208.22,1,-1,-1,-1
117,913,1167.02,735.90,103.76,214.61,1,-1,-1,-1
117,914,529.53,523.28,97.93,213.66,1,-1,-1,-1
117,915,781.67,813.89,91.10,212.19,1,-1,-1,-1
117,916,669.61,123.73,77.83,202.06,1,-1,-1,-1
117,917,1063.97,67.49,60.71,186.29,1,-1,-1,-1
118,912,1315.76,375.80,86.44,207.64,1,-1,-1,-1
118,913,1159.57,742.88,103.27,213.03,1,-1,-1,-1
118,914,528.43,511.58,98.20,213.56,1,-1,-1,-1
118,915,772.75,807.22,91.63,213.10,1,-1,-1,-1
118,916,677.18,120.27,78.08,203.71,1,-1,-1,-1
118,917,1072.88,74.59,60.49,185.77,1,-1,-1,-1
119,912,1316.73,385.32,86.09,206.31,1,-1,-1,-1
119,913,1151.95,748.94,102.89,211.71,1,-1,-1,-1
119,914,524.46,501.55,97.92,212.82,1,-1,-1,-1
119,915,764.38,804.77,91.59,212.48,1,-1,-1,-1
119,916,685.59,114.66,77.49,203.07,1,-1,-1,-1
119,917,1083.86,76.42,60.91,186.71,1,-1,-1,-1
120,912,1316.87,394.59,86.57,207.04,1,-1,-1,-1
120,913,1143.52,753.34,103.78,212.56,1,-1,-1,-1
120,914,522.91,488.25,97.90,212.63,1,-1,-1,-1
120,915,756.05,799.56,92.20,213.53,1,-1,-1,-1
120,916,694.40,108.70,76.97,202.20,1,-1,-1,-1
120,917,1092.78,80.29,61.38,187.71,1,-1,-1,-1
121,912,1319.52,404.01,85.82,205.43,1,-1,-1,-1
121,913,1135.10,760.09,103.92,212.90,1,-1,-1,-1
121,914,521.82,478.15,98.20,213.11,1,-1,-1,-1
121,915,744.43,798.81,91.39,211.57,1,-1,-1,-1
121,916,702.54,105.05,76.57,202.05,1,-1,-1,-1
121,917,1102.18,87.90,60.46,184.86,1,-1,-1,-1
122,912,1320.92,414.34,86.00,205.84,1,-1,-1,-1
122,913,1127.37,766.73,103.52,211.54,1,-1,-1,-1
122,914,521.18,469.23,98.57,213.66,1,-1,-1,-1
122,915,734.36,793.24,91.98,212.23,1,-1,-1,-1
122,916,710.55,97.97,76.79,203.36,1,-1,-1,-1
122,917,1110.96,88.87,58.57,178.82,1,-1,-1,-1
123,912,1321.08,424.92,86.12,206.09,1,-1,-1,-1
123,913,1115.98,769.97,103.64,211.53,1,-1,-1,-1
123,914,520.82,456.60,98.49,213.15,1,-1,-1,-1
123,915,725.51,792.34,91.67,210.95,1,-1,-1,-1
123,916,719.30,95.27,76.54,203.58,1,-1,-1,-1
123,917,1119.95,94.68,58.60,179.09,1,-1,-1,-1
124,912,1321.75,438.81,85.94,206.20,1,-1,-1,-1
124,913,1110.01,774.58,103.19,210.15,1,-1,-1,-1
124,914,520.98,446.95,98.03,212.49,1,-1,-1,-1
124,915,716.73,785.41,92.80,213.33,1,-1,-1,-1
124,916,727.79,89.98,75.99,202.51,1,-1,-1,-1
124,917,1128.47,98.92,59.48,182.39,1,-1,-1,-1
125,912,1321.41,447.48,86.31,207.01,1,-1,-1,-1
125,913,1099.66,780.74,102.92,209.98,1,-1,-1,-1
125,914,520.53,438.12,98.15,212.65,1,-1,-1,-1
125,915,708.18,781.00,92.89,212.99,1,-1,-1,-1
125,916,738.62,87.14,75.89,202.98,1,-1,-1,-1
125,917,1136.04,104.17,60.19,184.78,1,-1,-1,-1
126,912,1321.08,456.58,86.23,206.95,1,-1,-1,-1
126,913,1090.43,784.62,103.29,210.39,1,-1,-1,-1
126,914,520.26,428.81,98.29,212.80,1,-1,-1,-1
126,915,700.14,773.72,92.99,212.33,1,-1,-1,-1
126,916,747.64,81.21,75.71,203.56,1,-1,-1,-1
126,917,1147.49,114.37,58.98,180.77,1,-1,-1,-1
127,912,1321.01,466.92,85.29,205.26,1,-1,-1,-1
127,913,1081.17,791.59,103.81,211.85,1,-1,-1,-1
127,914,520.34,420.81,98.35,213.05,1,-1,-1,-1
127,915,691.21,767.97,94.06,214.16,1,-1,-1,-1
127,916,757.20,74.46,75.34,203.30,1,-1,-1,-1
127,917,1157.11,118.54,58.75,179.95,1,-1,-1,-1
128,912,1320.17,478.04,85.60,205.79,1,-1,-1,-1
128,913,1073.28,799.52,102.66,209.93,1,-1,-1,-1
128,914,520.02,411.93,98.68,213.62,1,-1,-1,-1
128,915,683.18,763.31,94.76,215.28,1,-1,-1,-1
128,916,767.46,71.99,74.54,201.44,1,-1,-1,-1
128,917,1166.18,124.34,58.87,180.05,1,-1,-1,-1
129,912,1317.64,485.37,85.08,205.05,1,-1,-1,-1
129,913,1064.48,805.53,102.07,208.86,1,-1,-1,-1
129,914,520.28,399.87,98.67,213.76,1,-1,-1,-1
129,915,674.55,758.29,95.19,216.55,1,-1,-1,-1
129,916,775.42,66.95,75.19,204.29,1,-1,-1,-1
129,917,1173.69,126.88,58.94,180.42,1,-1,-1,-1
130,912,1315.84,497.54,85.78,206.44,1,-1,-1,-1
130,913,1055.62,808.44,101.93,208.75,1,-1,-1,-1
130,914,521.19,390.30,97.87,212.15,1,-1,-1,-1
130,915,666.63,753.92,95.44,216.68,1,-1,-1,-1
130,916,784.30,64.13,75.14,205.49,1,-1,-1,-1
130,917,1180.83,131.36,59.83,183.19,1,-1,-1,-1
131,912,1313.92,505.29,86.98,209.05,1,-1,-1,-1
131,913,1047.33,809.05,101.99,208.79,1,-1,-1,-1
131,914,522.11,382.50,96.93,210.15,1,-1,-1,-1
131,915,658.69,747.29,95.66,216.49,1,-1,-1,-1
131,916,793.01,58.32,74.56,204.03,1,-1,-1,-1
131,917,1189.46,139.19,59.33,181.64,1,-1,-1,-1
132,912,1312.01,515.90,87.63,210.82,1,-1,-1,-1
132,913,1035.94,811.06,101.95,209.33,1,-1,-1,-1
132,914,522.77,374.32,96.14,208.58,1,-1,-1,-1
132,915,650.15,741.08,96.57,218.23,1,-1,-1,-1
132,916,803.88,55.84,74.33,203.89,1,-1,-1,-1
132,917,1197.19,147.09,59.48,181.70,1,-1,-1,-1
133,912,1310.75,525.46,88.02,211.25,1,-1,-1,-1
133,913,1026.30,813.78,102.03,209.62,1,-1,-1,-1
133,914,524.25,362.44,95.19,207.27,1,-1,-1,-1
133,915,642.20,731.96,97.05,219.12,1,-1,-1,-1
133,916,814.85,55.30,73.50,202.07,1,-1,-1,-1
133,917,1202.05,150.35,59.76,182.04,1,-1,-1,-1
134,912,1307.37,533.65,87.79,210.53,1,-1,-1,-1
134,913,1017.07,817.16,102.32,210.51,1,-1,-1,-1
134,914,525.34,351.51,94.66,206.64,1,-1,-1,-1
134,915,634.28,726.15,96.48,217.85,1,-1,-1,-1
134,916,824.59,55.48,73.53,202.76,1,-1,-1,-1
134,917,1208.88,158.67,58.58,177.67,1,-1,-1,-1
135,912,1305.38,544.51,87.11,208.99,1,-1,-1,-1
135,913,1008.46,818.43,101.63,208.89,1,-1,-1,-1
135,914,528.89,338.78,94.65,207.22,1,-1,-1,-1
135,915,626.63,721.23,96.49,217.35,1,-1,-1,-1
135,916,835.38,46.19,74.04,204.54,1,-1,-1,-1
135,917,1215.98,164.15,59.45,179.85,1,-1,-1,-1
136,912,1300.78,556.62,87.33,208.99,1,-1,-1,-1
136,913,1000.00,823.17,101.11,207.70,1,-1,-1,-1
136,914,531.39,333.84,94.10,206.91,1,-1,-1,-1
136,915,618.81,710.61,96.61,217.48,1,-1,-1,-1
136,916,845.35,42.23,74.24,205.02,1,-1,-1,-1
136,917,1222.29,171.17,60.67,183.02,1,-1,-1,-1
137,912,1298.13,566.37,87.69,210.19,1,-1,-1,-1
137,913,988.21,824.27,100.89,207.93,1,-1,-1,-1
137,914,533.38,326.67,93.60,206.46,1,-1,-1,-1
137,915,612.25,702.13,95.17,214.68,1,-1,-1,-1
137,916,854.82,41.52,74.31,205.30,1,-1,-1,-1
137,917,1230.05,180.53,59.83,180.68,1,-1,-1,-1
138,912,1296.02,575.16,88.22,211.76,1,-1,-1,-1
138,913,978.31,829.49,101.17,208.87,1,-1,-1,-1
138,914,534.64,315.61,93.25,205.99,1,-1,-1,-1
138,915,604.70,697.46,95.20,214.26,1,-1,-1,-1
138,916,864.16,45.23,74.05,204.44,1,-1,-1,-1
138,917,1235.74,189.69,62.69,189.22,1,-1,-1,-1
139,912,1291.33,582.31,88.22,211.55,1,-1,-1,-1
139,913,968.81,829.94,101.73,210.26,1,-1,-1,-1
139,914,538.53,306.30,93.47,206.42,1,-1,-1,-1
139,915,597.48,692.66,95.14,213.96,1,-1,-1,-1
139,916,872.67,41.51,74.99,206.36,1,-1,-1,-1
139,917,1243.16,199.82,62.94,190.00,1,-1,-1,-1
140,912,1289.00,593.29,87.15,209.35,1,-1,-1,-1
140,913,959.63,832.82,101.11,209.34,1,-1,-1,-1
140,914,541.46,297.51,92.59,204.52,1,-1,-1,-1
140,915,592.76,683.44,95.63,215.16,1,-1,-1,-1
140,916,884.17,40.34,74.93,205.75,1,-1,-1,-1
140,917,1248.11,205.14,62.01,186.55,1,-1,-1,-1
141,912,1283.75,600.26,87.64,209.87,1,-1,-1,-1
141,913,951.23,829.14,100.96,209.30,1,-1,-1,-1
141,914,546.06,284.35,92.50,204.96,1,-1,-1,-1
141,915,586.86,672.50,95.07,214.44,1,-1,-1,-1
141,916,894.16,39.99,74.53,204.16,1,-1,-1,-1
141,917,1252.60,209.79,63.94,191.35,1,-1,-1,-1
142,912,1279.94,607.91,88.11,210.69,1,-1,-1,-1
142,913,939.72,833.09,100.15,207.53,1,-1,-1,-1
142,914,549.06,279.86,92.20,204.81,1,-1,-1,-1
142,915,580.24,667.34,94.40,212.89,1,-1,-1,-1
142,916,903.44,39.24,75.01,204.66,1,-1,-1,-1
142,917,1258.59,219.30,65.76,194.94,1,-1,-1,-1
143,912,1275.46,617.05,87.29,208.07,1,-1,-1,-1
143,913,929.61,833.80,100.04,207.30,1,-1,-1,-1
143,914,551.09,271.53,92.35,205.71,1,-1,-1,-1
143,915,573.56,659.85,94.37,212.39,1,-1,-1,-1
143,916,915.64,41.10,73.89,201.69,1,-1,-1,-1
143,917,1262.29,228.14,66.18,195.66,1,-1,-1,-1
144,912,1271.17,624.16,88.02,209.69,1,-1,-1,-1
144,913,920.07,837.08,100.86,208.53,1,-1,-1,-1
144,914,556.97,259.49,91.62,204.71,1,-1,-1,-1
144,915,569.21,651.76,95.42,214.90,1,-1,-1,-1
144,916,925.55,40.32,74.27,202.20,1,-1,-1,-1
144,917,1265.79,236.86,68.18,199.79,1,-1,-1,-1
145,912,1265.61,635.51,89.17,211.78,1,-1,-1,-1
145,913,908.31,835.72,100.49,208.19,1,-1,-1,-1
145,914,559.94,248.94,91.17,204.37,1,-1,-1,-1
145,915,563.04,644.06,95.89,215.55,1,-1,-1,-1
145,916,935.04,40.79,75.19,204.55,1,-1,-1,-1
145,917,1272.65,244.76,67.63,197.31,1,-1,-1,-1
146,912,1261.92,645.88,89.09,211.44,1,-1,-1,-1
146,913,898.16,837.87,100.73,208.66,1,-1,-1,-1
146,914,565.71,240.39,91.33,205.29,1,-1,-1,-1
146,915,557.62,634.48,93.99,211.97,1,-1,-1,-1
146,916,944.73,42.22,75.00,203.92,1,-1,-1,-1
146,917,1276.14,253.58,68.71,199.15,1,-1,-1,-1
147,912,1256.25,654.22,89.25,211.07,1,-1,-1,-1
147,913,888.58,838.17,101.22,209.59,1,-1,-1,-1
147,914,571.92,232.20,91.84,206.71,1,-1,-1,-1
147,915,553.76,622.90,94.83,214.40,1,-1,-1,-1
147,916,955.79,41.86,74.64,202.46,1,-1,-1,-1
147,917,1282.14,265.23,68.66,198.06,1,-1,-1,-1
148,912,1249.65,662.50,89.98,212.28,1,-1,-1,-1
148,913,879.39,835.45,100.94,208.99,1,-1,-1,-1
148,914,575.44,224.75,91.59,206.27,1,-1,-1,-1
148,915,548.67,618.35,94.08,212.56,1,-1,-1,-1
148,916,965.37,40.77,75.10,203.38,1,-1,-1,-1
148,917,1284.12,269.88,69.69,200.01,1,-1,-1,-1
149,912,1242.26,666.19,90.59,212.88,1,-1,-1,-1
149,913,868.15,834.81,100.11,206.75,1,-1,-1,-1
149,914,581.14,214.83,91.96,207.25,1,-1,-1,-1
149,915,543.24,608.07,92.70,209.81,1,-1,-1,-1
149,916,974.57,41.85,75.57,204.38,1,-1,-1,-1
149,917,1288.79,280.75,70.43,201.45,1,-1,-1,-1
150,912,1237.28,677.65,90.88,213.22,1,-1,-1,-1
150,913,857.61,834.35,101.05,209.06,1,-1,-1,-1
150,914,588.21,205.55,92.58,208.96,1,-1,-1,-1
150,915,539.55,600.27,93.06,210.93,1,-1,-1,-1
150,916,984.42,46.60,75.23,202.75,1,-1,-1,-1
150,917,1291.30,290.91,70.27,200.14,1,-1,-1,-1
151,912,1230.79,680.88,91.77,215.16,1,-1,-1,-1
151,913,848.19,833.74,101.46,210.18,1,-1,-1,-1
151,914,595.58,198.74,91.08,206.26,1,-1,-1,-1
151,915,534.36,592.10,92.97,210.96,1,-1,-1,-1
151,916,992.94,48.52,75.48,203.38,1,-1,-1,-1
151,917,1295.83,298.64,70.48,199.75,1,-1,-1,-1
152,912,1223.55,691.12,91.49,214.13,1,-1,-1,-1
152,913,839.39,833.64,101.01,209.13,1,-1,-1,-1
152,914,599.71,191.74,91.22,206.53,1,-1,-1,-1
152,915,531.76,581.79,92.64,210.17,1,-1,-1,-1
152,916,1003.71,48.94,75.49,202.94,1,-1,-1,-1
152,917,1297.14,308.15,71.42,202.11,1,-1,-1,-1
153,912,1216.62,696.37,91.68,213.83,1,-1,-1,-1
153,913,827.86,828.73,100.83,209.56,1,-1,-1,-1
153,914,605.54,184.19,90.73,205.53,1,-1,-1,-1
153,915,527.21,573.43,91.92,208.72,1,-1,-1,-1
153,916,1014.00,49.92,75.95,205.06,1,-1,-1,-1
153,917,1299.40,316.66,71.40,202.42,1,-1,-1,-1
154,912,1208.64,706.24,92.53,214.95,1,-1,-1,-1
154,913,818.66,828.15,101.28,210.94,1,-1,-1,-1
154,914,613.08,176.90,90.08,204.72,1,-1,-1,-1
154,915,525.22,561.72,91.74,208.84,1,-1,-1,-1
154,916,1023.84,56.27,75.07,203.28,1,-1,-1,-1
154,917,1304.77,329.82,70.46,199.35,1,-1,-1,-1
155,912,1203.87,716.84,92.02,213.56,1,-1,-1,-1
155,913,808.83,825.23,101.22,211.24,1,-1,-1,-1
155,914,621.17,168.43,89.49,204.66,1,-1,-1,-1
155,915,523.47,551.61,91.84,209.25,1,-1,-1,-1
155,916,1032.82,57.78,74.87,202.34,1,-1,-1,-1
155,917,1307.54,339.39,70.03,198.15,1,-1,-1,-1
156,912,1196.93,723.57,92.92,214.82,1,-1,-1,-1
156,913,799.44,819.04,101.89,212.20,1,-1,-1,-1
156,914,628.85,162.42,88.54,203.44,1,-1,-1,-1
156,915,519.65,543.30,91.00,207.26,1,-1,-1,-1
156,916,1041.57,58.44,74.81,202.46,1,-1,-1,-1
156,917,1308.74,347.99,70.52,199.89,1,-1,-1,-1
157,912,1189.88,728.74,92.49,213.61,1,-1,-1,-1
157,913,791.30,817.34,100.77,209.64,1,-1,-1,-1
157,914,634.28,154.91,88.02,202.51,1,-1,-1,-1
157,915,517.37,531.29,90.88,207.48,1,-1,-1,-1
157,916,1052.54,63.73,74.86,202.24,1,-1,-1,-1
157,917,1312.51,356.80,69.91,198.14,1,-1,-1,-1
158,912,1181.98,733.51,93.00,214.28,1,-1,-1,-1
158,913,779.91,811.54,100.64,209.93,1,-1,-1,-1
158,914,641.19,146.50,87.59,201.64,1,-1,-1,-1
158,915,515.87,522.32,90.64,207.39,1,-1,-1,-1
158,916,1062.26,66.00,75.06,202.95,1,-1,-1,-1
158,917,1314.72,369.34,69.88,197.78,1,-1,-1,-1
159,912,1174.19,738.16,92.21,212.18,1,-1,-1,-1
159,913,770.56,812.10,100.23,209.21,1,-1,-1,-1
159,914,648.47,142.63,87.66,202.52,1,-1,-1,-1
159,915,512.58,512.87,89.84,205.76,1,-1,-1,-1
159,916,1071.26,72.63,74.86,202.61,1,-1,-1,-1
159,917,1315.78,379.63,70.10,198.29,1,-1,-1,-1
160,912,1166.22,746.67,93.21,214.17,1,-1,-1,-1
160,913,761.16,807.25,100.17,209.03,1,-1,-1,-1
160,914,657.31,137.39,86.49,200.91,1,-1,-1,-1
160,915,510.91,506.06,89.65,205.93,1,-1,-1,-1
160,916,1080.77,75.79,74.83,202.36,1,-1,-1,-1
160,917,1316.08,390.38,69.60,197.69,1,-1,-1,-1
161,912,1157.92,752.51,92.70,212.83,1,-1,-1,-1
161,913,752.54,802.35,100.33,209.44,1,-1,-1,-1
161,914,665.93,132.19,85.57,199.41,1,-1,-1,-1
161,915,509.55,495.62,90.15,206.55,1,-1,-1,-1
161,916,1089.83,81.34,73.98,199.88,1,-1,-1,-1
161,917,1316.63,399.54,68.92,196.88,1,-1,-1,-1
162,912,1150.05,758.62,93.76,213.95,1,-1,-1,-1
162,913,743.69,803.80,100.14,208.50,1,-1,-1,-1
162,914,673.05,123.10,85.46,199.46,1,-1,-1,-1
162,915,508.76,483.90,90.20,207.02,1,-1,-1,-1
162,916,1097.74,82.52,74.47,200.43,1,-1,-1,-1
162,917,1319.63,411.33,68.82,196.54,1,-1,-1,-1
163,912,1141.90,764.26,93.76,213.62,1,-1,-1,-1
163,913,732.04,796.37,100.55,209.10,1,-1,-1,-1
163,914,681.14,119.47,85.58,200.50,1,-1,-1,-1
163,915,508.39,473.19,90.32,207.48,1,-1,-1,-1
163,916,1108.15,88.83,75.22,202.05,1,-1,-1,-1
163,917,1321.31,422.57,68.09,195.03,1,-1,-1,-1
164,912,1133.29,770.87,94.36,214.66,1,-1,-1,-1
164,913,723.66,792.98,99.58,206.54,1,-1,-1,-1
164,914,690.75,111.69,83.48,196.76,1,-1,-1,-1
164,915,505.31,463.62,89.34,205.12,1,-1,-1,-1
164,916,1117.28,91.78,75.86,203.31,1,-1,-1,-1
164,917,1322.00,430.55,68.46,196.28,1,-1,-1,-1
165,912,1124.57,774.45,94.23,213.56,1,-1,-1,-1
165,913,714.50,785.57,100.34,208.38,1,-1,-1,-1
165,914,698.51,102.14,84.46,199.03,1,-1,-1,-1
165,915,504.49,457.91,88.48,203.63,1,-1,-1,-1
165,916,1125.90,96.05,75.89,202.84,1,-1,-1,-1
165,917,1322.73,438.26,67.79,195.53,1,-1,-1,-1
166,912,1116.56,781.14,94.20,212.98,1,-1,-1,-1
166,913,705.36,784.20,101.05,209.09,1,-1,-1,-1
166,914,706.24,97.56,85.13,200.56,1,-1,-1,-1
166,915,504.10,448.30,88.39,203.64,1,-1,-1,-1
166,916,1133.70,98.82,76.59,204.95,1,-1,-1,-1
166,917,1322.26,447.47,67.70,195.50,1,-1,-1,-1
167,912,1107.86,785.31,93.92,212.08,1,-1,-1,-1
167,913,697.58,776.71,100.63,208.41,1,-1,-1,-1
167,914,714.99,92.74,84.70,199.88,1,-1,-1,-1
167,915,503.31,436.02,89.12,206.27,1,-1,-1,-1
167,916,1142.33,109.09,76.21,203.94,1,-1,-1,-1
167,917,1322.32,460.07,67.34,194.72,1,-1,-1,-1
168,912,1095.92,788.30,95.04,213.87,1,-1,-1,-1
168,913,689.00,769.66,101.44,210.04,1,-1,-1,-1
168,914,723.59,91.13,83.68,198.14,1,-1,-1,-1
168,915,503.85,425.44,88.60,205.06,1,-1,-1,-1
168,916,1150.89,113.48,76.37,203.75,1,-1,-1,-1
168,917,1318.62,469.06,67.48,195.37,1,-1,-1,-1
169,912,1086.31,791.52,95.13,213.84,1,-1,-1,-1
169,913,680.60,766.65,101.52,210.63,1,-1,-1,-1
169,914,733.78,87.45,84.96,201.20,1,-1,-1,-1
169,915,504.01,416.84,88.43,205.08,1,-1,-1,-1
169,916,1158.98,116.41,76.53,203.68,1,-1,-1,-1
169,917,1320.00,477.76,67.89,196.57,1,-1,-1,-1
170,912,1077.52,795.91,94.90,213.06,1,-1,-1,-1
170,913,672.30,764.88,101.59,210.57,1,-1,-1,-1
170,914,743.25,83.52,84.43,200.25,1,-1,-1,-1
170,915,507.16,404.04,88.91,206.99,1,-1,-1,-1
170,916,1167.21,123.36,76.21,202.41,1,-1,-1,-1
170,917,1316.53,485.32,68.07,198.25,1,-1,-1,-1
171,912,1068.85,803.26,94.90,212.93,1,-1,-1,-1
171,913,663.80,758.07,102.41,211.49,1,-1,-1,-1
171,914,752.95,76.41,84.03,199.80,1,-1,-1,-1
171,915,508.24,391.36,90.00,209.69,1,-1,-1,-1
171,916,1175.17,129.62,75.78,201.15,1,-1,-1,-1
171,917,1314.94,496.72,68.78,200.96,1,-1,-1,-1
172,912,1060.67,809.28,93.85,210.21,1,-1,-1,-1
172,913,656.47,749.88,102.34,211.61,1,-1,-1,-1
172,914,761.78,74.17,83.75,199.23,1,-1,-1,-1
172,915,509.00,383.24,89.77,209.46,1,-1,-1,-1
172,916,1182.44,137.44,76.41,202.71,1,-1,-1,-1
172,917,1313.71,502.21,69.14,201.61,1,-1,-1,-1
173,912,1052.60,809.64,93.75,210.24,1,-1,-1,-1
173,913,648.04,743.29,103.83,214.65,1,-1,-1,-1
173,914,770.88,70.00,83.72,198.95,1,-1,-1,-1
173,915,509.89,371.15,89.26,208.36,1,-1,-1,-1
173,916,1190.26,145.21,76.78,203.64,1,-1,-1,-1
173,917,1312.40,512.62,69.44,201.99,1,-1,-1,-1
174,912,1040.63,814.03,93.75,209.79,1,-1,-1,-1
174,913,640.33,739.06,103.38,213.31,1,-1,-1,-1
174,914,778.73,66.02,84.54,201.16,1,-1,-1,-1
174,915,510.17,363.46,89.87,209.29,1,-1,-1,-1
174,916,1197.72,152.98,76.78,202.80,1,-1,-1,-1
174,917,1308.98,524.52,69.45,201.72,1,-1,-1,-1
175,912,1031.07,817.50,93.29,209.17,1,-1,-1,-1
175,913,632.39,728.71,102.76,211.76,1,-1,-1,-1
175,914,787.41,64.27,84.45,201.05,1,-1,-1,-1
175,915,511.71,353.45,88.95,207.64,1,-1,-1,-1
175,916,1205.17,156.59,76.95,203.12,1,-1,-1,-1
175,917,1307.41,536.58,69.52,201.97,1,-1,-1,-1
176,912,1021.80,820.62,94.14,211.26,1,-1,-1,-1
176,913,625.59,723.33,101.55,208.43,1,-1,-1,-1
176,914,798.84,59.94,84.17,200.11,1,-1,-1,-1
176,915,512.68,344.73,88.31,205.91,1,-1,-1,-1
176,916,1212.28,162.55,77.28,203.63,1,-1,-1,-1
176,917,1304.96,545.61,69.94,202.78,1,-1,-1,-1
177,912,1013.49,823.50,93.38,210.13,1,-1,-1,-1
177,913,617.76,714.35,101.90,209.18,1,-1,-1,-1
177,914,808.28,53.19,84.46,201.60,1,-1,-1,-1
177,915,515.52,333.35,90.53,210.49,1,-1,-1,-1
177,916,1220.23,170.58,76.86,202.52,1,-1,-1,-1
177,917,1301.05,554.49,70.06,203.54,1,-1,-1,-1
178,912,1004.76,825.87,92.86,209.32,1,-1,-1,-1
178,913,610.26,707.46,101.56,207.59,1,-1,-1,-1
178,914,818.56,51.32,83.65,200.45,1,-1,-1,-1
178,915,518.12,322.08,89.85,209.13,1,-1,-1,-1
178,916,1224.52,183.02,76.85,201.97,1,-1,-1,-1
178,917,1297.50,563.11,71.15,206.13,1,-1,-1,-1
179,912,992.13,825.53,93.83,211.42,1,-1,-1,-1
179,913,602.44,702.90,101.66,207.83,1,-1,-1,-1
179,914,827.05,49.21,84.42,202.10,1,-1,-1,-1
179,915,523.06,313.41,89.71,209.15,1,-1,-1,-1
179,916,1230.38,188.17,77.56,203.45,1,-1,-1,-1
179,917,1295.31,571.80,71.59,205.70,1,-1,-1,-1
180,912,982.65,829.18,93.58,210.88,1,-1,-1,-1
180,913,597.41,694.68,102.78,209.68,1,-1,-1,-1
180,914,838.85,45.52,83.79,201.01,1,-1,-1,-1
180,915,525.61,304.82,89.64,209.12,1,-1,-1,-1
180,916,1236.93,193.30,77.97,204.12,1,-1,-1,-1
180,917,1290.72,581.27,71.10,203.71,1,-1,-1,-1
181,912,973.34,826.44,94.29,212.20,1,-1,-1,-1
181,913,591.39,686.20,102.73,209.63,1,-1,-1,-1
181,914,849.45,44.17,83.85,201.07,1,-1,-1,-1
181,915,527.62,295.42,89.19,207.80,1,-1,-1,-1
181,916,1240.10,200.80,78.52,204.56,1,-1,-1,-1
181,917,1287.35,586.79,72.44,206.33,1,-1,-1,-1
182,912,964.66,830.52,93.46,210.66,1,-1,-1,-1
182,913,584.04,675.11,103.38,211.02,1,-1,-1,-1
182,914,858.72,38.07,84.11,200.77,1,-1,-1,-1
182,915,532.22,286.78,89.32,207.63,1,-1,-1,-1
182,916,1246.22,213.57,78.78,204.43,1,-1,-1,-1
182,917,1282.18,593.86,72.22,205.68,1,-1,-1,-1
183,912,955.95,832.31,93.73,211.33,1,-1,-1,-1
183,913,577.96,669.01,102.40,209.05,1,-1,-1,-1
183,914,867.59,41.21,83.80,199.77,1,-1,-1,-1
183,915,534.79,278.01,89.33,207.36,1,-1,-1,-1
183,916,1253.04,218.80,78.83,203.89,1,-1,-1,-1
183,917,1278.87,602.26,72.97,206.40,1,-1,-1,-1
184,912,943.97,832.15,93.39,211.05,1,-1,-1,-1
184,913,573.33,661.10,102.67,209.67,1,-1,-1,-1
184,914,878.63,35.91,84.84,201.50,1,-1,-1,-1
184,915,536.74,267.63,89.24,206.52,1,-1,-1,-1
184,916,1259.30,229.98,79.37,203.91,1,-1,-1,-1
184,917,1274.06,614.64,73.05,206.45,1,-1,-1,-1
185,912,933.84,832.36,93.25,211.44,1,-1,-1,-1
185,913,567.11,655.83,102.66,209.91,1,-1,-1,-1
185,914,888.70,33.86,84.90,201.28,1,-1,-1,-1
185,915,542.66,259.14,87.99,204.73,1,-1,-1,-1
185,916,1262.60,236.38,79.80,204.25,1,-1,-1,-1
185,917,1269.88,622.56,74.10,208.13,1,-1,-1,-1
186,912,924.49,835.40,93.53,211.93,1,-1,-1,-1
186,913,562.01,647.92,101.83,208.50,1,-1,-1,-1
186,914,898.18,33.43,85.25,200.89,1,-1,-1,-1
186,915,548.34,252.61,88.83,206.44,1,-1,-1,-1
186,916,1267.59,247.10,80.27,204.18,1,-1,-1,-1
186,917,1263.87,632.21,75.47,210.68,1,-1,-1,-1
187,912,912.59,834.27,92.88,211.04,1,-1,-1,-1
187,913,555.71,637.40,100.23,205.76,1,-1,-1,-1
187,914,906.52,37.21,86.29,202.52,1,-1,-1,-1
187,915,551.92,242.81,88.50,205.73,1,-1,-1,-1
187,916,1270.59,252.73,80.66,204.13,1,-1,-1,-1
187,917,1257.38,644.02,75.76,210.42,1,-1,-1,-1
188,912,902.66,832.68,92.52,211.08,1,-1,-1,-1
188,913,551.16,629.48,101.29,208.72,1,-1,-1,-1
188,914,918.07,34.22,86.89,202.83,1,-1,-1,-1
188,915,556.79,233.90,89.38,208.30,1,-1,-1,-1
188,916,1275.11,261.86,81.88,205.69,1,-1,-1,-1
188,917,1253.03,650.08,76.90,211.73,1,-1,-1,-1
189,912,893.02,831.75,93.39,212.98,1,-1,-1,-1
189,913,546.62,620.06,100.51,207.39,1,-1,-1,-1
189,914,927.82,34.59,87.02,202.26,1,-1,-1,-1
189,915,559.74,225.26,89.55,208.31,1,-1,-1,-1
189,916,1280.74,271.17,82.97,207.88,1,-1,-1,-1
189,917,1247.00,656.07,77.53,212.93,1,-1,-1,-1
190,912,884.04,831.71,93.46,213.23,1,-1,-1,-1
190,913,543.05,608.84,100.90,208.60,1,-1,-1,-1
190,914,937.50,35.59,86.68,201.03,1,-1,-1,-1
190,915,565.51,217.11,89.40,208.55,1,-1,-1,-1
190,916,1283.58,278.34,84.05,209.30,1,-1,-1,-1
190,917,1240.40,666.99,77.39,212.64,1,-1,-1,-1
191,912,872.34,830.79,92.87,212.46,1,-1,-1,-1
191,913,537.72,602.82,101.50,210.84,1,-1,-1,-1
191,914,949.61,36.27,86.38,200.27,1,-1,-1,-1
191,915,572.71,207.84,88.88,208.18,1,-1,-1,-1
191,916,1285.02,285.88,84.72,209.41,1,-1,-1,-1
191,917,1236.22,677.11,77.27,211.56,1,-1,-1,-1
192,912,862.32,830.32,92.65,212.05,1,-1,-1,-1
192,913,534.44,590.18,102.44,212.78,1,-1,-1,-1
192,914,958.67,35.25,87.39,201.59,1,-1,-1,-1
192,915,576.94,199.72,88.46,207.31,1,-1,-1,-1
192,916,1289.59,295.50,85.21,210.06,1,-1,-1,-1
192,917,1229.36,680.06,78.01,212.09,1,-1,-1,-1
193,912,853.60,831.09,91.83,210.44,1,-1,-1,-1
193,913,533.20,581.06,101.46,211.04,1,-1,-1,-1
193,914,967.97,35.45,86.90,200.55,1,-1,-1,-1
193,915,584.04,191.62,87.73,205.95,1,-1,-1,-1
193,916,1292.61,303.83,85.31,210.34,1,-1,-1,-1
193,917,1221.10,685.56,79.37,214.19,1,-1,-1,-1
194,912,844.87,826.27,92.32,211.64,1,-1,-1,-1
194,913,529.23,570.71,100.23,208.81,1,-1,-1,-1
194,914,978.01,35.85,86.92,200.31,1,-1,-1,-1
194,915,591.17,180.62,86.73,204.84,1,-1,-1,-1
194,916,1296.40,315.31,85.57,210.37,1,-1,-1,-1
194,917,1214.70,694.23,79.06,213.10,1,-1,-1,-1
195,912,836.07,823.89,91.88,211.26,1,-1,-1,-1
195,913,523.82,562.02,99.74,208.54,1,-1,-1,-1
195,914,986.26,39.51,87.18,200.44,1,-1,-1,-1
195,915,594.38,171.65,86.88,204.76,1,-1,-1,-1
195,916,1299.00,326.21,86.19,211.72,1,-1,-1,-1
195,917,1210.25,705.53,79.55,214.33,1,-1,-1,-1
196,912,824.53,823.80,91.38,210.23,1,-1,-1,-1
196,913,521.07,556.43,99.61,208.95,1,-1,-1,-1
196,914,994.45,43.31,87.46,200.96,1,-1,-1,-1
196,915,604.50,163.62,86.11,204.34,1,-1,-1,-1
196,916,1300.49,335.23,86.25,211.25,1,-1,-1,-1
196,917,1200.42,714.08,80.08,214.98,1,-1,-1,-1
197,912,814.89,819.48,90.79,209.03,1,-1,-1,-1
197,913,519.73,546.52,99.31,208.61,1,-1,-1,-1
197,914,1006.04,45.27,86.45,199.34,1,-1,-1,-1
197,915,610.76,155.95,84.73,202.17,1,-1,-1,-1
197,916,1304.42,343.55,85.72,209.27,1,-1,-1,-1
197,917,1191.52,723.12,80.01,213.72,1,-1,-1,-1
198,912,805.56,817.80,90.25,208.16,1,-1,-1,-1
198,913,518.31,535.19,99.80,209.76,1,-1,-1,-1
198,914,1015.64,50.17,86.23,199.51,1,-1,-1,-1
198,915,620.91,150.38,85.24,204.22,1,-1,-1,-1
198,916,1306.75,355.87,85.83,209.69,1,-1,-1,-1
198,917,1186.40,726.60,80.40,213.59,1,-1,-1,-1
199,912,796.86,815.43,90.76,208.94,1,-1,-1,-1
199,913,515.03,527.22,99.15,208.81,1,-1,-1,-1
199,914,1025.89,51.18,86.05,199.35,1,-1,-1,-1
199,915,626.58,145.19,84.86,203.68,1,-1,-1,-1
199,916,1307.97,366.74,85.89,210.62,1,-1,-1,-1
199,917,1180.28,732.88,80.50,213.07,1,-1,-1,-1
200,912,784.99,813.72,90.65,208.44,1,-1,-1,-1
200,913,513.26,515.07,98.99,209.32,1,-1,-1,-1
200,914,1035.05,52.61,85.83,199.32,1,-1,-1,-1
200,915,633.02,138.25,85.47,205.23,1,-1,-1,-1
200,916,1308.92,374.58,85.13,208.90,1,-1,-1,-1
200,917,1172.47,736.37,80.96,213.77,1,-1,-1,-1
201,912,775.01,807.45,91.72,210.83,1,-1,-1,-1
201,913,512.11,509.11,98.16,208.34,1,-1,-1,-1
201,914,1044.14,53.62,85.28,198.03,1,-1,-1,-1
201,915,640.81,130.55,84.75,204.54,1,-1,-1,-1
201,916,1312.11,383.63,85.75,210.95,1,-1,-1,-1
201,917,1164.24,743.07,81.91,214.55,1,-1,-1,-1
202,912,766.27,802.73,91.27,209.26,1,-1,-1,-1
202,913,511.15,496.67,98.73,209.63,1,-1,-1,-1
202,914,1055.54,62.40,85.75,198.95,1,-1,-1,-1
202,915,650.01,123.95,83.32,202.38,1,-1,-1,-1
202,916,1312.97,391.48,86.55,212.87,1,-1,-1,-1
202,917,1156.12,747.55,82.85,215.95,1,-1,-1,-1
203,912,757.32,801.33,91.18,208.80,1,-1,-1,-1
203,913,508.29,486.90,97.82,208.69,1,-1,-1,-1
203,914,1064.71,66.64,85.61,199.29,1,-1,-1,-1
203,915,659.16,121.32,81.78,200.21,1,-1,-1,-1
203,916,1314.17,404.61,86.63,212.73,1,-1,-1,-1
203,917,1148.03,755.19,83.48,216.59,1,-1,-1,-1
204,912,748.73,794.60,92.03,210.48,1,-1,-1,-1
204,913,507.27,474.44,97.38,208.31,1,-1,-1,-1
204,914,1074.56,67.63,85.55,199.57,1,-1,-1,-1
204,915,666.88,112.44,82.96,203.23,1,-1,-1,-1
204,916,1314.15,412.50,87.60,214.29,1,-1,-1,-1
204,917,1139.09,758.55,83.82,216.63,1,-1,-1,-1
205,912,740.04,792.53,92.14,210.33,1,-1,-1,-1
205,913,506.07,463.05,97.99,209.51,1,-1,-1,-1
205,914,1083.61,74.25,85.28,199.29,1,-1,-1,-1
205,915,674.92,110.23,82.79,203.49,1,-1,-1,-1
205,916,1314.17,420.77,87.73,214.22,1,-1,-1,-1
205,917,1130.31,764.49,83.83,215.45,1,-1,-1,-1
206,912,732.06,790.32,92.09,210.19,1,-1,-1,-1
206,913,505.59,456.06,97.78,209.19,1,-1,-1,-1
206,914,1092.37,78.58,84.57,197.61,1,-1,-1,-1
206,915,683.32,100.30,82.32,202.89,1,-1,-1,-1
206,916,1314.48,430.16,87.40,213.07,1,-1,-1,-1
206,917,1122.11,771.71,83.85,215.33,1,-1,-1,-1
207,912,720.50,786.03,92.09,209.97,1,-1,-1,-1
207,913,505.44,446.62,97.75,209.52,1,-1,-1,-1
207,914,1102.86,79.21,84.45,197.71,1,-1,-1,-1
207,915,691.39,93.33,81.79,202.07,1,-1,-1,-1
207,916,1313.87,438.72,87.82,213.93,1,-1,-1,-1
207,917,1114.39,779.05,83.71,215.08,1,-1,-1,-1
208,912,711.11,778.72,92.36,210.24,1,-1,-1,-1
208,913,505.06,434.60,97.88,209.58,1,-1,-1,-1
208,914,1112.41,85.99,83.20,195.75,1,-1,-1,-1
208,915,699.72,90.29,81.89,202.28,1,-1,-1,-1
208,916,1313.97,452.77,87.69,212.94,1,-1,-1,-1
208,917,1106.00,786.89,83.49,214.63,1,-1,-1,-1
209,912,701.74,773.37,93.72,213.15,1,-1,-1,-1
209,913,505.42,424.87,97.55,208.91,1,-1,-1,-1
209,914,1121.54,91.99,83.32,196.08,1,-1,-1,-1
209,915,706.91,83.36,82.48,204.01,1,-1,-1,-1
209,916,1313.74,467.31,87.16,210.93,1,-1,-1,-1
209,917,1093.71,786.35,83.48,214.50,1,-1,-1,-1
210,912,693.63,767.10,93.41,212.40,1,-1,-1,-1
210,913,505.67,415.72,97.21,208.16,1,-1,-1,-1
210,914,1129.26,94.23,83.16,195.96,1,-1,-1,-1
210,915,715.46,81.00,82.48,203.70,1,-1,-1,-1
210,916,1312.50,477.16,87.84,212.13,1,-1,-1,-1
210,917,1084.60,794.60,83.04,214.71,1,-1,-1,-1
211,912,685.37,763.18,93.88,213.43,1,-1,-1,-1
211,913,505.81,407.72,97.52,208.92,1,-1,-1,-1
211,914,1138.89,99.20,83.43,197.17,1,-1,-1,-1
211,915,726.66,78.23,82.89,205.17,1,-1,-1,-1
211,916,1312.10,486.66,87.58,211.63,1,-1,-1,-1
211,917,1076.07,794.96,82.30,213.26,1,-1,-1,-1
212,912,677.51,755.36,93.10,211.28,1,-1,-1,-1
212,913,506.28,397.23,97.69,209.42,1,-1,-1,-1
212,914,1147.13,102.72,83.09,197.08,1,-1,-1,-1
212,915,735.88,74.03,82.94,205.15,1,-1,-1,-1
212,916,1311.86,495.01,86.77,209.88,1,-1,-1,-1
212,917,1067.12,799.96,82.03,212.70,1,-1,-1,-1
213,912,669.15,746.38,93.82,212.10,1,-1,-1,-1
213,913,507.67,385.37,96.91,208.48,1,-1,-1,-1
213,914,1155.88,107.66,83.19,197.23,1,-1,-1,-1
213,915,745.77,69.39,81.41,202.09,1,-1,-1,-1
213,916,1308.56,504.47,86.73,210.18,1,-1,-1,-1
213,917,1058.24,805.68,82.19,213.19,1,-1,-1,-1
214,912,661.12,740.10,94.10,212.39,1,-1,-1,-1
214,913,508.40,379.78,96.48,208.41,1,-1,-1,-1
214,914,1163.75,114.70,83.24,197.21,1,-1,-1,-1
214,915,755.18,65.06,80.94,201.41,1,-1,-1,-1
214,916,1306.94,516.74,86.21,209.27,1,-1,-1,-1
214,917,1050.34,808.43,81.88,212.35,1,-1,-1,-1
215,912,653.30,737.88,94.38,212.87,1,-1,-1,-1
215,913,511.28,367.77,97.29,209.59,1,-1,-1,-1
215,914,1172.41,119.70,82.32,194.80,1,-1,-1,-1
215,915,763.81,60.74,81.07,201.78,1,-1,-1,-1
215,916,1304.92,526.04,87.27,211.76,1,-1,-1,-1
215,917,1038.82,813.41,81.02,210.81,1,-1,-1,-1
216,912,645.68,728.43,93.97,212.40,1,-1,-1,-1
216,913,512.88,357.91,96.97,208.21,1,-1,-1,-1
216,914,1178.75,128.15,83.53,197.87,1,-1,-1,-1
216,915,772.85,59.89,80.13,199.70,1,-1,-1,-1
216,916,1303.88,534.68,87.14,211.58,1,-1,-1,-1
216,917,1027.98,814.59,82.32,214.37,1,-1,-1,-1
217,912,637.23,722.38,95.00,214.66,1,-1,-1,-1
217,913,515.26,351.09,95.97,205.85,1,-1,-1,-1
217,914,1186.88,136.27,84.12,199.36,1,-1,-1,-1
217,915,784.26,53.03,80.15,200.56,1,-1,-1,-1
217,916,1299.45,541.76,87.63,212.92,1,-1,-1,-1
217,917,1018.88,813.28,83.15,217.22,1,-1,-1,-1
218,912,632.95,712.88,94.24,213.50,1,-1,-1,-1
218,913,516.72,337.37,96.05,206.14,1,-1,-1,-1
218,914,1194.28,140.65,83.87,198.86,1,-1,-1,-1
218,915,793.47,49.90,80.70,202.35,1,-1,-1,-1
218,916,1296.85,549.26,88.04,213.89,1,-1,-1,-1
218,917,1010.64,819.68,81.86,214.37,1,-1,-1,-1
219,912,626.44,704.97,93.66,212.44,1,-1,-1,-1
219,913,520.28,328.81,95.82,205.78,1,-1,-1,-1
219,914,1201.79,146.61,84.63,199.88,1,-1,-1,-1
219,915,802.31,48.30,81.65,204.82,1,-1,-1,-1
219,916,1295.43,562.91,87.84,213.60,1,-1,-1,-1
219,917,998.40,818.31,81.44,213.29,1,-1,-1,-1
220,912,619.66,695.80,93.86,213.38,1,-1,-1,-1
220,913,523.01,318.44,95.80,206.30,1,-1,-1,-1
220,914,1208.56,153.79,84.57,199.99,1,-1,-1,-1
220,915,811.76,44.41,80.94,202.68,1,-1,-1,-1
220,916,1290.89,568.52,87.95,213.67,1,-1,-1,-1
220,917,988.50,821.18,81.84,215.18,1,-1,-1,-1
221,912,612.66,687.91,93.42,213.38,1,-1,-1,-1
221,913,524.99,311.37,95.49,206.11,1,-1,-1,-1
221,914,1213.02,161.75,85.74,201.52,1,-1,-1,-1
221,915,820.59,40.97,81.46,203.45,1,-1,-1,-1
221,916,1288.00,579.81,88.23,214.46,1,-1,-1,-1
221,917,980.29,826.90,81.07,212.90,1,-1,-1,-1
222,912,605.69,682.18,93.61,214.05,1,-1,-1,-1
222,913,528.38,299.32,95.90,206.96,1,-1,-1,-1
222,914,1219.44,169.97,85.68,200.73,1,-1,-1,-1
222,915,832.15,39.34,81.78,204.99,1,-1,-1,-1
222,916,1283.12,593.36,88.02,213.90,1,-1,-1,-1
222,917,970.70,827.88,82.38,215.85,1,-1,-1,-1
223,912,598.99,678.46,93.01,212.74,1,-1,-1,-1
223,913,532.24,290.15,95.36,205.90,1,-1,-1,-1
223,914,1225.57,177.02,86.69,202.63,1,-1,-1,-1
223,915,842.35,41.02,81.06,203.45,1,-1,-1,-1
223,916,1280.02,599.64,88.37,214.91,1,-1,-1,-1
223,917,961.45,828.20,82.92,217.35,1,-1,-1,-1
224,912,593.67,668.92,93.76,214.36,1,-1,-1,-1
224,913,533.80,280.25,95.62,206.03,1,-1,-1,-1
224,914,1232.66,184.10,87.29,203.64,1,-1,-1,-1
224,915,851.81,41.50,80.43,201.94,1,-1,-1,-1
224,916,1274.71,605.58,88.45,214.97,1,-1,-1,-1
224,917,953.10,828.53,83.05,218.08,1,-1,-1,-1
225,912,587.72,662.63,93.58,214.49,1,-1,-1,-1
225,913,538.04,271.53,95.69,206.59,1,-1,-1,-1
225,914,1238.83,191.63,88.32,205.56,1,-1,-1,-1
225,915,861.17,36.04,80.30,201.74,1,-1,-1,-1
225,916,1271.41,612.95,89.26,216.80,1,-1,-1,-1
225,917,941.30,828.09,82.88,217.71,1,-1,-1,-1
226,912,580.54,652.02,94.08,216.15,1,-1,-1,-1
226,913,543.57,259.61,96.25,207.88,1,-1,-1,-1
226,914,1242.86,198.77,89.44,207.27,1,-1,-1,-1
226,915,872.12,36.68,81.68,205.22,1,-1,-1,-1
226,916,1265.82,625.28,89.19,216.20,1,-1,-1,-1
226,917,931.09,829.56,83.32,217.46,1,-1,-1,-1
227,912,574.70,644.60,92.73,213.69,1,-1,-1,-1
227,913,548.83,255.82,94.74,204.65,1,-1,-1,-1
227,914,1248.88,202.55,89.79,207.41,1,-1,-1,-1
227,915,882.40,35.55,80.99,203.49,1,-1,-1,-1
227,916,1259.33,635.03,88.60,214.49,1,-1,-1,-1
227,917,921.74,829.76,82.62,215.80,1,-1,-1,-1
228,912,570.85,633.15,92.80,214.08,1,-1,-1,-1
228,913,553.93,247.70,95.27,205.83,1,-1,-1,-1
228,914,1254.58,208.65,90.69,208.61,1,-1,-1,-1
228,915,892.45,36.27,80.20,201.91,1,-1,-1,-1
228,916,1255.23,643.70,89.61,216.56,1,-1,-1,-1
228,917,909.74,830.57,82.27,215.28,1,-1,-1,-1
229,912,565.34,628.06,92.40,213.53,1,-1,-1,-1
229,913,556.69,236.73,95.14,205.53,1,-1,-1,-1
229,914,1260.71,219.96,91.27,209.41,1,-1,-1,-1
229,915,901.60,36.39,79.87,202.01,1,-1,-1,-1
229,916,1249.27,647.34,90.11,217.70,1,-1,-1,-1
229,917,899.74,828.94,82.22,214.67,1,-1,-1,-1
230,912,559.28,616.92,92.52,213.88,1,-1,-1,-1
230,913,562.53,226.27,95.01,204.62,1,-1,-1,-1
230,914,1265.11,230.37,90.66,207.76,1,-1,-1,-1
230,915,912.75,38.53,80.68,203.58,1,-1,-1,-1
230,916,1246.05,659.11,89.17,215.66,1,-1,-1,-1
230,917,890.67,825.31,82.27,214.88,1,-1,-1,-1
231,912,555.82,611.01,92.80,214.71,1,-1,-1,-1
231,913,565.45,217.39,95.81,205.39,1,-1,-1,-1
231,914,1270.15,238.96,91.11,208.95,1,-1,-1,-1
231,915,922.99,36.78,80.08,202.20,1,-1,-1,-1
231,916,1240.17,667.59,88.87,214.67,1,-1,-1,-1
231,917,881.51,823.81,82.36,215.15,1,-1,-1,-1
232,912,550.68,603.12,92.86,215.20,1,-1,-1,-1
232,913,570.89,208.73,96.02,205.93,1,-1,-1,-1
232,914,1273.59,247.75,91.17,209.08,1,-1,-1,-1
232,915,932.07,39.33,80.74,203.71,1,-1,-1,-1
232,916,1233.04,676.44,89.25,215.65,1,-1,-1,-1
232,917,869.86,823.80,81.33,212.25,1,-1,-1,-1
233,912,547.33,590.29,92.40,214.63,1,-1,-1,-1
233,913,578.64,203.18,94.46,202.74,1,-1,-1,-1
233,914,1279.26,255.90,90.61,207.54,1,-1,-1,-1
233,915,941.56,35.71,80.46,203.04,1,-1,-1,-1
233,916,1225.26,679.31,90.24,218.00,1,-1,-1,-1
233,917,859.97,823.33,81.28,212.53,1,-1,-1,-1
234,912,542.78,580.66,92.68,215.04,1,-1,-1,-1
234,913,584.97,192.98,94.84,204.52,1,-1,-1,-1
234,914,1282.54,264.41,90.22,206.61,1,-1,-1,-1
234,915,953.54,40.21,80.59,203.41,1,-1,-1,-1
234,916,1217.77,689.61,90.06,217.03,1,-1,-1,-1
234,917,850.80,822.49,81.13,212.04,1,-1,-1,-1
235,912,540.41,568.02,92.84,215.37,1,-1,-1,-1
235,913,589.45,186.18,95.40,205.91,1,-1,-1,-1
235,914,1287.33,276.61,90.89,207.37,1,-1,-1,-1
235,915,963.21,40.17,80.45,202.77,1,-1,-1,-1
235,916,1213.48,699.27,90.35,217.24,1,-1,-1,-1
235,917,841.78,821.89,81.60,212.70,1,-1,-1,-1
236,912,538.70,559.03,92.29,214.45,1,-1,-1,-1
236,913,596.40,176.73,95.24,205.61,1,-1,-1,-1
236,914,1290.13,287.87,90.69,206.39,1,-1,-1,-1
236,915,972.62,41.05,80.49,202.52,1,-1,-1,-1
236,916,1206.93,706.57,90.68,217.86,1,-1,-1,-1
236,917,829.40,821.16,82.11,215.34,1,-1,-1,-1
237,912,534.86,549.59,92.25,214.20,1,-1,-1,-1
237,913,603.46,173.47,94.42,204.98,1,-1,-1,-1
237,914,1295.16,296.69,91.43,207.71,1,-1,-1,-1
237,915,981.06,41.98,80.74,202.62,1,-1,-1,-1
237,916,1199.35,715.00,90.95,218.25,1,-1,-1,-1
237,917,819.93,820.51,81.60,215.00,1,-1,-1,-1
238,912,532.89,542.20,91.11,211.46,1,-1,-1,-1
238,913,610.98,162.42,93.83,203.93,1,-1,-1,-1
238,914,1297.54,304.26,91.55,207.82,1,-1,-1,-1
238,915,989.38,42.18,81.39,203.61,1,-1,-1,-1
238,916,1191.52,718.01,91.33,218.26,1,-1,-1,-1
238,917,810.05,815.31,82.25,216.22,1,-1,-1,-1
239,912,528.83,533.35,90.66,210.52,1,-1,-1,-1
239,913,617.98,154.59,93.74,203.78,1,-1,-1,-1
239,914,1301.62,311.83,91.59,207.79,1,-1,-1,-1
239,915,1000.43,44.55,82.82,206.62,1,-1,-1,-1
239,916,1183.97,725.32,90.79,216.08,1,-1,-1,-1
239,917,801.40,813.20,81.84,215.58,1,-1,-1,-1
240,912,527.68,527.45,89.76,208.56,1,-1,-1,-1
240,913,625.43,147.56,93.95,204.24,1,-1,-1,-1
240,914,1304.48,324.69,91.78,208.33,1,-1,-1,-1
240,915,1010.55,46.37,82.67,205.86,1,-1,-1,-1
240,916,1176.99,738.21,89.17,212.18,1,-1,-1,-1
240,917,794.13,813.52,80.05,211.87,1,-1,-1,-1
241,912,526.06,518.52,90.54,210.59,1,-1,-1,-1
241,913,631.13,139.79,93.49,203.45,1,-1,-1,-1
241,914,1308.71,333.95,92.49,209.17,1,-1,-1,-1
241,915,1020.47,50.60,81.72,203.58,1,-1,-1,-1
241,916,1168.73,742.72,89.57,212.99,1,-1,-1,-1
241,917,782.01,808.75,80.20,212.49,1,-1,-1,-1
242,912,524.91,506.40,90.44,210.83,1,-1,-1,-1
242,913,638.55,134.58,93.13,203.00,1,-1,-1,-1
242,914,1310.44,341.41,93.47,210.62,1,-1,-1,-1
242,915,1029.51,56.42,81.12,202.47,1,-1,-1,-1
242,916,1160.90,748.68,89.60,212.60,1,-1,-1,-1
242,917,771.34,800.60,81.32,215.19,1,-1,-1,-1
243,912,524.32,496.39,89.86,209.93,1,-1,-1,-1
243,913,646.72,129.65,92.08,201.14,1,-1,-1,-1
243,914,1312.98,352.76,91.89,206.53,1,-1,-1,-1
243,915,1041.31,57.92,80.60,201.61,1,-1,-1,-1
243,916,1152.23,755.21,90.64,214.26,1,-1,-1,-1
243,917,762.92,798.09,81.27,215.45,1,-1,-1,-1
244,912,521.42,486.71,89.45,209.79,1,-1,-1,-1
244,913,653.87,123.02,92.50,202.28,1,-1,-1,-1
244,914,1316.18,360.91,92.40,207.01,1,-1,-1,-1
244,915,1050.91,60.31,80.84,202.39,1,-1,-1,-1
244,916,1144.60,759.91,90.05,212.38,1,-1,-1,-1
244,917,754.80,797.19,80.80,213.83,1,-1,-1,-1
245,912,520.38,477.84,88.74,208.38,1,-1,-1,-1
245,913,661.37,114.72,93.27,203.54,1,-1,-1,-1
245,914,1317.91,369.19,93.42,208.33,1,-1,-1,-1
245,915,1060.24,69.12,80.61,201.64,1,-1,-1,-1
245,916,1135.89,765.94,91.14,214.80,1,-1,-1,-1
245,917,742.48,790.76,80.68,213.07,1,-1,-1,-1
246,912,519.87,465.86,88.40,208.39,1,-1,-1,-1
246,913,669.19,110.36,93.30,203.43,1,-1,-1,-1
246,914,1318.27,380.26,94.28,209.42,1,-1,-1,-1
246,915,1069.75,69.36,80.17,201.06,1,-1,-1,-1
246,916,1127.54,768.32,90.96,214.02,1,-1,-1,-1
246,917,735.52,783.11,82.16,216.57,1,-1,-1,-1
247,912,519.12,457.59,88.02,208.25,1,-1,-1,-1
247,913,678.02,105.39,92.81,202.67,1,-1,-1,-1
247,914,1318.80,386.61,94.43,208.72,1,-1,-1,-1
247,915,1077.76,73.17,80.68,202.14,1,-1,-1,-1
247,916,1119.15,774.30,91.10,214.08,1,-1,-1,-1
247,917,725.21,780.66,81.35,214.80,1,-1,-1,-1
248,912,519.29,447.82,87.66,208.15,1,-1,-1,-1
248,913,686.73,100.08,92.43,202.19,1,-1,-1,-1
248,914,1319.46,399.01,94.18,207.80,1,-1,-1,-1
248,915,1088.25,78.56,81.88,205.30,1,-1,-1,-1
248,916,1111.12,780.48,91.12,213.74,1,-1,-1,-1
248,917,716.46,778.93,80.92,213.77,1,-1,-1,-1
249,912,519.07,439.47,87.14,208.01,1,-1,-1,-1
249,913,694.55,92.41,93.36,204.24,1,-1,-1,-1
249,914,1322.15,411.72,95.52,210.15,1,-1,-1,-1
249,915,1095.23,83.68,80.80,202.77,1,-1,-1,-1
249,916,1103.03,783.83,90.90,213.68,1,-1,-1,-1
249,917,708.19,770.62,80.41,212.63,1,-1,-1,-1
250,912,519.19,430.60,87.00,207.84,1,-1,-1,-1
250,913,702.92,88.38,92.66,202.11,1,-1,-1,-1
250,914,1320.16,421.63,95.69,209.43,1,-1,-1,-1
250,915,1105.69,85.40,80.40,202.14,1,-1,-1,-1
250,916,1094.39,793.49,91.17,214.12,1,-1,-1,-1
250,917,699.71,765.96,81.36,215.66,1,-1,-1,-1
