1,836,1092.62,201.60,95.42,203.60,1,-1,-1,-1
1,837,726.43,668.39,93.02,212.95,1,-1,-1,-1
1,838,918.11,433.96,94.86,203.61,1,-1,-1,-1
1,839,789.59,57.27,79.36,201.54,1,-1,-1,-1
1,840,1029.28,809.08,80.28,209.26,1,-1,-1,-1
2,836,1093.92,195.71,95.32,203.43,1,-1,-1,-1
2,837,731.11,659.40,93.98,215.10,1,-1,-1,-1
2,838,929.59,442.44,94.93,203.82,1,-1,-1,-1
2,839,782.69,57.40,79.65,202.27,1,-1,-1,-1
2,840,1026.93,813.23,80.52,209.96,1,-1,-1,-1
3,836,1097.18,187.31,95.69,204.46,1,-1,-1,-1
3,837,733.50,651.84,93.97,215.04,1,-1,-1,-1
3,838,938.87,454.06,95.02,204.22,1,-1,-1,-1
3,839,774.86,60.35,79.53,201.99,1,-1,-1,-1
3,840,1016.41,815.70,79.73,208.17,1,-1,-1,-1
4,836,1098.51,178.98,96.77,207.24,1,-1,-1,-1
4,837,738.38,644.56,93.28,213.52,1,-1,-1,-1
4,838,947.49,463.35,95.35,205.17,1,-1,-1,-1
4,839,766.73,64.01,80.57,204.36,1,-1,-1,-1
4,840,1007.20,818.59,78.79,206.01,1,-1,-1,-1
5,836,1099.47,171.39,96.56,207.00,1,-1,-1,-1
5,837,741.99,636.44,92.95,213.02,1,-1,-1,-1
5,838,956.64,473.51,95.14,204.95,1,-1,-1,-1
5,839,761.69,68.16,80.22,203.42,1,-1,-1,-1
5,840,997.88,819.75,78.24,204.92,1,-1,-1,-1
6,836,1100.46,163.68,96.40,206.70,1,-1,-1,-1
6,837,747.87,626.02,92.31,211.95,1,-1,-1,-1
6,838,968.49,481.11,96.15,207.46,1,-1,-1,-1
6,839,754.22,71.57,81.46,206.18,1,-1,-1,-1
6,840,989.16,823.13,78.73,206.69,1,-1,-1,-1
7,836,1100.65,156.32,95.73,205.10,1,-1,-1,-1
7,837,751.87,617.71,91.63,210.55,1,-1,-1,-1
7,838,978.30,492.76,96.38,207.97,1,-1,-1,-1
7,839,746.83,75.00,81.89,206.68,1,-1,-1,-1
7,840,980.50,825.31,78.89,207.31,1,-1,-1,-1
8,836,1100.83,150.87,95.45,204.37,1,-1,-1,-1
8,837,758.64,610.02,90.25,207.73,1,-1,-1,-1
8,838,987.24,502.82,96.54,208.49,1,-1,-1,-1
8,839,739.76,80.49,81.91,206.79,1,-1,-1,-1
8,840,967.70,826.20,78.78,207.32,1,-1,-1,-1
9,836,1101.46,144.67,95.10,203.67,1,-1,-1,-1
9,837,765.84,601.65,89.62,206.86,1,-1,-1,-1
9,838,995.81,510.53,97.09,209.99,1,-1,-1,-1
9,839,736.26,86.26,81.65,206.14,1,-1,-1,-1
9,840,958.07,830.20,78.38,207.38,1,-1,-1,-1
10,836,1101.07,138.17,94.49,202.62,1,-1,-1,-1
10,837,772.78,593.46,88.87,206.21,1,-1,-1,-1
10,838,1005.38,520.90,96.16,208.42,1,-1,-1,-1
10,839,730.92,91.19,81.07,204.31,1,-1,-1,-1
10,840,950.19,833.41,76.85,204.92,1,-1,-1,-1
11,836,1099.67,131.00,94.54,203.16,1,-1,-1,-1
11,837,780.33,583.44,89.12,207.53,1,-1,-1,-1
11,838,1017.22,529.45,96.02,208.53,1,-1,-1,-1
11,839,725.55,97.06,80.52,202.49,1,-1,-1,-1
11,840,941.65,833.84,76.86,205.59,1,-1,-1,-1
12,836,1096.00,123.98,94.89,203.83,1,-1,-1,-1
12,837,785.37,573.91,89.90,209.16,1,-1,-1,-1
12,838,1026.32,540.37,96.50,209.47,1,-1,-1,-1
12,839,722.05,101.45,79.71,200.74,1,-1,-1,-1
12,840,932.73,833.40,77.20,206.98,1,-1,-1,-1
13,836,1093.87,119.74,94.52,202.82,1,-1,-1,-1
13,837,794.72,564.49,90.34,210.77,1,-1,-1,-1
13,838,1034.59,549.75,96.90,210.30,1,-1,-1,-1
13,839,716.76,105.86,80.53,201.80,1,-1,-1,-1
13,840,925.44,836.32,74.71,201.27,1,-1,-1,-1
14,836,1091.70,113.28,94.60,203.12,1,-1,-1,-1
14,837,803.07,553.37,90.56,211.55,1,-1,-1,-1
14,838,1043.76,560.10,95.44,207.42,1,-1,-1,-1
14,839,715.46,113.40,79.36,199.56,1,-1,-1,-1
14,840,913.01,835.96,74.25,201.38,1,-1,-1,-1
15,836,1087.69,107.36,94.67,203.34,1,-1,-1,-1
15,837,811.83,543.23,90.61,212.50,1,-1,-1,-1
15,838,1051.85,568.42,95.07,206.67,1,-1,-1,-1
15,839,712.58,118.57,80.96,204.28,1,-1,-1,-1
15,840,902.85,834.84,74.84,203.58,1,-1,-1,-1
16,836,1083.59,99.59,95.95,206.20,1,-1,-1,-1
16,837,820.89,534.51,89.83,211.10,1,-1,-1,-1
16,838,1060.13,578.44,93.98,204.62,1,-1,-1,-1
16,839,709.12,124.49,80.03,201.88,1,-1,-1,-1
16,840,893.82,834.15,75.15,204.95,1,-1,-1,-1
17,836,1079.35,96.13,95.14,204.13,1,-1,-1,-1
17,837,829.85,524.20,90.34,212.59,1,-1,-1,-1
17,838,1067.33,585.60,95.26,207.84,1,-1,-1,-1
17,839,706.96,130.31,80.32,203.04,1,-1,-1,-1
17,840,885.47,835.52,74.00,201.95,1,-1,-1,-1
18,836,1075.20,91.00,95.39,204.43,1,-1,-1,-1
18,837,838.72,515.35,89.97,212.44,1,-1,-1,-1
18,838,1072.78,595.54,93.46,204.61,1,-1,-1,-1
18,839,706.28,137.09,80.23,202.95,1,-1,-1,-1
18,840,873.08,834.24,74.35,203.18,1,-1,-1,-1
19,836,1069.21,87.63,95.20,203.92,1,-1,-1,-1
19,837,848.70,508.69,88.38,209.09,1,-1,-1,-1
19,838,1079.27,603.12,93.71,205.62,1,-1,-1,-1
19,839,705.96,143.93,80.52,203.39,1,-1,-1,-1
19,840,862.90,829.18,75.08,205.68,1,-1,-1,-1
20,836,1063.04,83.12,94.99,202.85,1,-1,-1,-1
20,837,860.40,498.20,87.11,207.37,1,-1,-1,-1
20,838,1085.87,610.57,94.37,206.72,1,-1,-1,-1
20,839,706.03,151.09,80.76,204.48,1,-1,-1,-1
20,840,853.26,826.34,75.93,207.45,1,-1,-1,-1
21,836,1055.25,79.03,95.68,203.51,1,-1,-1,-1
21,837,870.04,487.50,87.18,208.89,1,-1,-1,-1
21,838,1091.44,621.11,95.48,208.67,1,-1,-1,-1
21,839,706.26,159.20,80.79,204.92,1,-1,-1,-1
21,840,840.29,823.97,76.80,208.90,1,-1,-1,-1
22,836,1050.46,74.36,95.60,203.67,1,-1,-1,-1
22,837,880.39,478.04,86.87,208.91,1,-1,-1,-1
22,838,1095.17,630.86,95.82,209.39,1,-1,-1,-1
22,839,706.73,167.23,80.71,204.76,1,-1,-1,-1
22,840,834.46,823.12,76.76,208.28,1,-1,-1,-1
23,836,1043.63,70.00,96.18,204.45,1,-1,-1,-1
23,837,889.62,467.06,85.49,206.91,1,-1,-1,-1
23,838,1100.06,639.25,96.67,211.13,1,-1,-1,-1
23,839,706.75,172.83,80.34,203.43,1,-1,-1,-1
23,840,823.33,818.21,77.14,209.37,1,-1,-1,-1
24,836,1033.38,66.60,95.60,203.24,1,-1,-1,-1
24,837,898.61,457.00,85.31,207.47,1,-1,-1,-1
24,838,1106.02,648.05,96.74,210.87,1,-1,-1,-1
24,839,710.26,181.07,81.71,206.83,1,-1,-1,-1
24,840,813.81,815.60,77.87,210.58,1,-1,-1,-1
25,836,1027.34,63.93,95.19,202.36,1,-1,-1,-1
25,837,910.24,447.93,84.88,206.92,1,-1,-1,-1
25,838,1108.69,656.08,97.00,211.33,1,-1,-1,-1
25,839,712.31,189.53,82.05,207.58,1,-1,-1,-1
25,840,804.91,813.25,78.75,212.16,1,-1,-1,-1
26,836,1016.83,59.57,95.54,203.12,1,-1,-1,-1
26,837,920.53,438.91,84.03,205.52,1,-1,-1,-1
26,838,1111.04,663.85,96.96,211.71,1,-1,-1,-1
26,839,714.93,196.36,81.14,205.01,1,-1,-1,-1
26,840,796.94,812.01,78.90,212.24,1,-1,-1,-1
27,836,1011.23,57.26,95.35,202.34,1,-1,-1,-1
27,837,930.65,428.18,83.60,204.60,1,-1,-1,-1
27,838,1115.80,671.75,97.02,211.96,1,-1,-1,-1
27,839,719.48,205.76,82.15,207.51,1,-1,-1,-1
27,840,789.24,808.58,78.72,211.38,1,-1,-1,-1
28,836,1002.67,53.74,96.68,204.96,1,-1,-1,-1
28,837,939.97,418.26,83.70,204.81,1,-1,-1,-1
28,838,1116.92,681.57,98.32,214.77,1,-1,-1,-1
28,839,722.09,215.31,81.77,206.87,1,-1,-1,-1
28,840,781.38,806.50,78.55,210.39,1,-1,-1,-1
29,836,991.39,51.44,96.43,203.81,1,-1,-1,-1
29,837,948.64,408.30,83.78,204.64,1,-1,-1,-1
29,838,1118.47,688.33,97.58,213.30,1,-1,-1,-1
29,839,727.11,223.40,82.06,207.67,1,-1,-1,-1
29,840,772.75,801.24,79.67,212.06,1,-1,-1,-1
30,836,982.21,50.36,95.75,202.65,1,-1,-1,-1
30,837,959.31,396.10,83.78,204.60,1,-1,-1,-1
30,838,1118.79,695.03,98.05,214.75,1,-1,-1,-1
30,839,729.72,232.11,82.18,207.54,1,-1,-1,-1
30,840,768.37,797.48,80.10,213.12,1,-1,-1,-1
31,836,973.93,49.24,95.30,202.10,1,-1,-1,-1
31,837,968.60,385.83,84.26,205.58,1,-1,-1,-1
31,838,1121.68,702.43,98.32,215.42,1,-1,-1,-1
31,839,735.78,241.35,81.90,206.89,1,-1,-1,-1
31,840,761.83,790.79,81.25,215.25,1,-1,-1,-1
32,836,965.01,48.41,94.66,200.34,1,-1,-1,-1
32,837,977.86,375.96,84.93,206.72,1,-1,-1,-1
32,838,1121.81,708.60,99.89,218.76,1,-1,-1,-1
32,839,739.65,250.62,81.71,205.80,1,-1,-1,-1
32,840,755.03,786.42,82.14,216.48,1,-1,-1,-1
33,836,955.69,44.82,94.95,201.78,1,-1,-1,-1
33,837,986.51,365.93,85.31,207.69,1,-1,-1,-1
33,838,1120.78,716.43,102.94,225.25,1,-1,-1,-1
33,839,746.25,260.80,80.58,202.31,1,-1,-1,-1
33,840,747.50,780.65,82.82,216.79,1,-1,-1,-1
34,836,946.85,42.70,95.63,203.74,1,-1,-1,-1
34,837,995.41,358.62,84.30,204.34,1,-1,-1,-1
34,838,1120.61,721.94,103.08,225.40,1,-1,-1,-1
34,839,752.80,269.67,82.11,204.97,1,-1,-1,-1
34,840,743.30,775.13,83.59,216.73,1,-1,-1,-1
35,836,936.23,42.57,94.73,202.04,1,-1,-1,-1
35,837,1006.49,347.74,84.27,204.37,1,-1,-1,-1
35,838,1118.60,731.17,100.20,219.17,1,-1,-1,-1
35,839,759.94,279.50,82.73,205.56,1,-1,-1,-1
35,840,737.19,770.73,84.45,218.30,1,-1,-1,-1
36,836,926.84,42.63,93.86,200.69,1,-1,-1,-1
36,837,1016.10,338.72,83.79,203.24,1,-1,-1,-1
36,838,1117.72,739.82,98.13,214.73,1,-1,-1,-1
36,839,768.44,288.85,82.64,205.01,1,-1,-1,-1
36,840,733.77,764.80,85.16,219.15,1,-1,-1,-1
37,836,917.58,42.22,93.78,201.23,1,-1,-1,-1
37,837,1025.47,330.32,83.09,201.61,1,-1,-1,-1
37,838,1115.28,742.08,99.99,218.67,1,-1,-1,-1
37,839,776.17,298.88,82.41,204.65,1,-1,-1,-1
37,840,729.50,759.38,84.72,216.98,1,-1,-1,-1
38,836,908.97,42.08,93.50,202.25,1,-1,-1,-1
38,837,1033.53,321.66,82.99,201.45,1,-1,-1,-1
38,838,1113.88,747.78,100.19,219.30,1,-1,-1,-1
38,839,784.46,308.13,82.10,204.26,1,-1,-1,-1
38,840,726.99,754.23,85.18,217.39,1,-1,-1,-1
39,836,899.62,42.21,93.38,202.62,1,-1,-1,-1
39,837,1041.34,312.63,82.83,200.70,1,-1,-1,-1
39,838,1110.12,755.60,98.80,216.21,1,-1,-1,-1
39,839,792.24,318.11,82.85,204.79,1,-1,-1,-1
39,840,721.56,746.60,86.24,219.68,1,-1,-1,-1
40,836,888.69,43.89,92.11,200.50,1,-1,-1,-1
40,837,1049.05,302.62,82.67,200.21,1,-1,-1,-1
40,838,1107.23,761.66,99.82,218.19,1,-1,-1,-1
40,839,800.37,327.16,83.59,205.67,1,-1,-1,-1
40,840,718.50,740.13,87.13,221.48,1,-1,-1,-1
41,836,878.69,43.90,91.73,200.79,1,-1,-1,-1
41,837,1057.25,293.37,81.94,198.91,1,-1,-1,-1
41,838,1102.24,766.99,99.17,216.11,1,-1,-1,-1
41,839,808.73,335.35,84.66,207.16,1,-1,-1,-1
41,840,717.41,736.64,86.63,220.05,1,-1,-1,-1
42,836,868.56,42.75,92.47,202.31,1,-1,-1,-1
42,837,1065.57,285.09,81.46,198.02,1,-1,-1,-1
42,838,1098.93,773.43,99.11,215.85,1,-1,-1,-1
42,839,817.29,345.97,84.49,205.85,1,-1,-1,-1
42,840,713.88,730.33,86.13,218.72,1,-1,-1,-1
43,836,856.90,43.24,92.14,201.55,1,-1,-1,-1
43,837,1073.00,275.18,81.72,199.08,1,-1,-1,-1
43,838,1093.40,779.99,98.62,214.85,1,-1,-1,-1
43,839,825.45,355.01,84.92,205.50,1,-1,-1,-1
43,840,712.30,723.10,86.24,218.51,1,-1,-1,-1
44,836,846.89,43.60,92.52,202.81,1,-1,-1,-1
44,837,1078.16,265.88,82.26,200.61,1,-1,-1,-1
44,838,1087.35,785.04,97.26,211.79,1,-1,-1,-1
44,839,833.34,363.15,86.10,206.43,1,-1,-1,-1
44,840,711.42,715.36,86.74,219.43,1,-1,-1,-1
45,836,837.09,46.64,92.35,202.08,1,-1,-1,-1
45,837,1084.48,255.99,83.21,203.01,1,-1,-1,-1
45,838,1078.94,788.32,98.51,214.55,1,-1,-1,-1
45,839,843.53,371.55,88.70,210.73,1,-1,-1,-1
45,840,711.59,708.85,86.32,218.06,1,-1,-1,-1
46,836,828.43,49.41,91.82,201.11,1,-1,-1,-1
46,837,1090.36,245.47,82.93,202.97,1,-1,-1,-1
46,838,1074.87,791.02,98.20,213.89,1,-1,-1,-1
46,839,853.20,380.96,89.30,210.94,1,-1,-1,-1
46,840,711.61,700.34,86.66,218.55,1,-1,-1,-1
47,836,819.86,49.59,92.67,202.75,1,-1,-1,-1
47,837,1096.64,236.11,83.00,203.93,1,-1,-1,-1
47,838,1068.59,796.49,98.21,213.80,1,-1,-1,-1
47,839,862.63,391.36,89.12,210.08,1,-1,-1,-1
47,840,712.21,693.23,86.00,216.91,1,-1,-1,-1
48,836,811.04,50.46,93.23,204.22,1,-1,-1,-1
48,837,1100.70,226.55,83.23,204.64,1,-1,-1,-1
48,838,1061.61,800.07,97.53,212.31,1,-1,-1,-1
48,839,872.11,401.58,88.40,208.37,1,-1,-1,-1
48,840,712.75,685.36,85.67,215.90,1,-1,-1,-1
49,836,798.93,51.72,94.18,204.21,1,-1,-1,-1
49,837,1105.89,217.13,83.88,206.16,1,-1,-1,-1
49,838,1054.74,806.05,96.43,210.18,1,-1,-1,-1
49,839,880.82,413.35,88.57,207.71,1,-1,-1,-1
49,840,716.70,678.85,85.07,214.29,1,-1,-1,-1
50,836,789.54,54.73,94.51,204.08,1,-1,-1,-1
50,837,1109.25,210.07,83.00,203.90,1,-1,-1,-1
50,838,1046.59,808.49,96.81,211.22,1,-1,-1,-1
50,839,892.94,423.80,88.51,207.64,1,-1,-1,-1
50,840,719.37,671.50,84.89,213.52,1,-1,-1,-1
51,836,781.07,58.29,94.32,202.77,1,-1,-1,-1
51,837,1110.81,201.67,83.58,205.00,1,-1,-1,-1
51,838,1038.46,813.47,96.81,211.27,1,-1,-1,-1
51,839,903.70,434.20,87.72,206.22,1,-1,-1,-1
51,840,720.92,664.12,84.18,212.55,1,-1,-1,-1
52,836,772.65,59.92,94.95,203.93,1,-1,-1,-1
52,837,1115.28,193.60,83.35,204.92,1,-1,-1,-1
52,838,1030.68,816.45,96.26,210.11,1,-1,-1,-1
52,839,912.66,445.62,87.85,206.08,1,-1,-1,-1
52,840,725.52,655.97,83.55,211.58,1,-1,-1,-1
53,836,766.11,66.10,93.25,200.58,1,-1,-1,-1
53,837,1118.16,186.40,82.66,204.19,1,-1,-1,-1
53,838,1022.04,817.76,96.59,210.51,1,-1,-1,-1
53,839,924.64,455.78,88.40,206.50,1,-1,-1,-1
53,840,729.21,648.67,82.48,209.86,1,-1,-1,-1
54,836,758.02,68.29,94.11,202.43,1,-1,-1,-1
54,837,1119.13,179.09,82.33,203.77,1,-1,-1,-1
54,838,1013.34,821.49,96.51,210.33,1,-1,-1,-1
54,839,934.42,464.68,88.80,207.32,1,-1,-1,-1
54,840,734.23,640.28,82.76,211.34,1,-1,-1,-1
55,836,753.85,73.46,93.09,200.53,1,-1,-1,-1
55,837,1119.80,171.39,81.93,203.04,1,-1,-1,-1
55,838,1004.30,823.08,97.24,212.02,1,-1,-1,-1
55,839,943.93,475.28,87.93,205.56,1,-1,-1,-1
55,840,738.09,632.87,81.45,208.70,1,-1,-1,-1
56,836,747.01,79.34,92.90,200.51,1,-1,-1,-1
56,837,1122.33,164.55,80.98,201.42,1,-1,-1,-1
56,838,995.47,824.46,97.46,212.63,1,-1,-1,-1
56,839,952.38,486.19,88.43,205.78,1,-1,-1,-1
56,840,743.70,623.85,81.25,208.47,1,-1,-1,-1
57,836,740.72,83.20,92.86,200.09,1,-1,-1,-1
57,837,1123.26,156.72,80.55,201.47,1,-1,-1,-1
57,838,983.32,827.67,97.76,214.41,1,-1,-1,-1
57,839,960.99,496.03,88.81,206.45,1,-1,-1,-1
57,840,748.87,617.17,79.97,206.63,1,-1,-1,-1
58,836,733.74,88.20,93.25,200.53,1,-1,-1,-1
58,837,1123.42,151.37,80.36,202.02,1,-1,-1,-1
58,838,974.70,831.73,95.47,210.36,1,-1,-1,-1
58,839,972.50,504.30,89.76,208.34,1,-1,-1,-1
58,840,755.62,608.88,78.97,205.05,1,-1,-1,-1
59,836,729.49,90.98,93.56,202.06,1,-1,-1,-1
59,837,1123.68,144.48,79.98,202.37,1,-1,-1,-1
59,838,965.30,831.91,95.65,211.75,1,-1,-1,-1
59,839,982.00,512.62,90.34,209.59,1,-1,-1,-1
59,840,762.30,600.26,78.56,204.79,1,-1,-1,-1
60,836,724.95,96.35,93.38,202.10,1,-1,-1,-1
60,837,1121.43,138.79,79.37,201.47,1,-1,-1,-1
60,838,957.13,833.33,94.81,210.30,1,-1,-1,-1
60,839,990.87,522.49,89.90,208.48,1,-1,-1,-1
60,840,769.40,590.05,78.06,204.13,1,-1,-1,-1
61,836,721.54,99.88,94.18,204.33,1,-1,-1,-1
61,837,1120.37,132.14,78.72,200.10,1,-1,-1,-1
61,838,948.66,836.71,94.63,210.46,1,-1,-1,-1
61,839,1000.16,533.24,89.76,207.91,1,-1,-1,-1
61,840,777.46,580.32,78.13,205.07,1,-1,-1,-1
62,836,716.80,106.15,92.89,202.57,1,-1,-1,-1
62,837,1118.81,125.05,78.26,198.96,1,-1,-1,-1
62,838,939.95,833.79,94.89,211.92,1,-1,-1,-1
62,839,1008.54,543.07,89.96,207.90,1,-1,-1,-1
62,840,786.05,572.03,77.09,203.11,1,-1,-1,-1
63,836,713.41,112.04,92.85,203.56,1,-1,-1,-1
63,837,1114.46,118.02,78.23,199.26,1,-1,-1,-1
63,838,928.73,837.84,93.13,208.39,1,-1,-1,-1
63,839,1017.08,552.87,89.68,206.92,1,-1,-1,-1
63,840,794.99,563.61,76.18,201.68,1,-1,-1,-1
64,836,709.95,119.47,92.07,202.28,1,-1,-1,-1
64,837,1111.93,114.10,77.93,199.37,1,-1,-1,-1
64,838,918.53,835.37,92.93,208.40,1,-1,-1,-1
64,839,1025.01,561.87,89.98,208.10,1,-1,-1,-1
64,840,803.65,555.36,75.72,201.38,1,-1,-1,-1
65,836,707.24,124.07,91.95,202.45,1,-1,-1,-1
65,837,1109.44,107.77,77.67,199.67,1,-1,-1,-1
65,838,908.90,832.94,93.93,211.13,1,-1,-1,-1
65,839,1033.32,570.35,89.80,207.76,1,-1,-1,-1
65,840,811.52,546.16,75.73,201.86,1,-1,-1,-1
66,836,706.47,130.26,91.19,201.41,1,-1,-1,-1
66,837,1104.35,104.27,77.42,199.62,1,-1,-1,-1
66,838,899.78,832.25,94.19,212.00,1,-1,-1,-1
66,839,1041.11,581.93,89.09,206.05,1,-1,-1,-1
66,840,819.95,534.02,76.13,203.65,1,-1,-1,-1
67,836,703.17,136.74,91.62,202.42,1,-1,-1,-1
67,837,1098.75,98.97,77.15,199.39,1,-1,-1,-1
67,838,887.36,831.21,94.74,213.30,1,-1,-1,-1
67,839,1048.38,591.30,89.00,205.45,1,-1,-1,-1
67,840,828.95,524.51,75.66,203.42,1,-1,-1,-1
68,836,701.52,143.13,92.26,203.56,1,-1,-1,-1
68,837,1095.16,92.97,76.86,199.49,1,-1,-1,-1
68,838,877.25,830.12,95.52,215.05,1,-1,-1,-1
68,839,1055.54,598.84,89.88,207.45,1,-1,-1,-1
68,840,837.70,514.99,75.03,202.82,1,-1,-1,-1
69,836,700.32,147.67,93.21,205.36,1,-1,-1,-1
69,837,1089.74,89.60,76.80,199.74,1,-1,-1,-1
69,838,868.57,830.21,94.45,212.77,1,-1,-1,-1
69,839,1062.68,607.15,90.01,207.85,1,-1,-1,-1
69,840,847.65,507.82,73.34,199.78,1,-1,-1,-1
70,836,700.34,154.12,93.25,205.20,1,-1,-1,-1
70,837,1085.31,85.05,75.79,197.88,1,-1,-1,-1
70,838,859.07,827.56,95.48,215.78,1,-1,-1,-1
70,839,1069.39,614.99,90.85,209.68,1,-1,-1,-1
70,840,859.20,498.49,73.08,199.70,1,-1,-1,-1
71,836,700.68,161.81,93.29,205.72,1,-1,-1,-1
71,837,1079.03,80.75,76.34,199.77,1,-1,-1,-1
71,838,851.06,824.68,94.50,213.87,1,-1,-1,-1
71,839,1073.86,624.73,90.10,208.36,1,-1,-1,-1
71,840,869.39,487.23,72.74,199.47,1,-1,-1,-1
72,836,701.10,169.86,92.90,204.50,1,-1,-1,-1
72,837,1071.95,75.54,76.13,199.59,1,-1,-1,-1
72,838,839.72,824.02,93.54,211.38,1,-1,-1,-1
72,839,1079.55,633.25,90.41,209.00,1,-1,-1,-1
72,840,878.94,478.15,72.07,198.94,1,-1,-1,-1
73,836,704.56,178.35,92.54,203.83,1,-1,-1,-1
73,837,1064.71,72.38,76.04,199.75,1,-1,-1,-1
73,838,829.55,820.70,94.93,214.03,1,-1,-1,-1
73,839,1083.22,642.66,89.37,206.95,1,-1,-1,-1
73,840,888.21,468.00,71.74,199.11,1,-1,-1,-1
74,836,706.82,186.53,92.05,202.58,1,-1,-1,-1
74,837,1056.84,67.17,76.67,200.95,1,-1,-1,-1
74,838,820.72,816.83,94.72,212.99,1,-1,-1,-1
74,839,1088.37,651.10,89.43,207.24,1,-1,-1,-1
74,840,897.49,461.51,69.74,195.35,1,-1,-1,-1
75,836,709.26,195.16,91.49,201.15,1,-1,-1,-1
75,837,1048.37,64.04,76.96,201.26,1,-1,-1,-1
75,838,811.97,813.60,95.95,214.92,1,-1,-1,-1
75,839,1093.47,657.60,90.81,210.37,1,-1,-1,-1
75,840,906.25,448.72,69.92,196.15,1,-1,-1,-1
76,836,713.38,201.94,92.23,203.16,1,-1,-1,-1
76,837,1040.48,59.98,77.13,202.14,1,-1,-1,-1
76,838,803.68,812.08,96.24,214.90,1,-1,-1,-1
76,839,1096.35,666.86,91.84,212.08,1,-1,-1,-1
76,840,919.60,440.09,68.30,193.02,1,-1,-1,-1
77,836,715.92,210.25,92.63,204.35,1,-1,-1,-1
77,837,1031.73,57.57,76.67,201.13,1,-1,-1,-1
77,838,794.59,808.97,98.29,218.96,1,-1,-1,-1
77,839,1098.29,673.90,91.31,211.32,1,-1,-1,-1
77,840,928.97,430.38,68.40,194.66,1,-1,-1,-1
78,836,717.65,218.42,92.87,204.62,1,-1,-1,-1
78,837,1023.36,53.89,76.21,200.08,1,-1,-1,-1
78,838,787.37,805.34,97.08,215.47,1,-1,-1,-1
78,839,1101.45,680.43,92.13,213.51,1,-1,-1,-1
78,840,937.57,420.40,68.87,195.57,1,-1,-1,-1
79,836,723.53,227.47,91.81,202.19,1,-1,-1,-1
79,837,1014.72,51.40,76.38,200.50,1,-1,-1,-1
79,838,779.78,803.40,96.94,214.86,1,-1,-1,-1
79,839,1103.71,687.30,92.51,214.64,1,-1,-1,-1
79,840,946.80,408.28,69.00,196.41,1,-1,-1,-1
80,836,726.36,234.86,92.19,203.69,1,-1,-1,-1
80,837,1005.28,49.58,76.55,200.84,1,-1,-1,-1
80,838,771.88,797.89,97.33,215.21,1,-1,-1,-1
80,839,1104.52,694.99,92.83,215.17,1,-1,-1,-1
80,840,958.39,398.34,68.58,194.89,1,-1,-1,-1
81,836,732.16,245.61,92.14,203.90,1,-1,-1,-1
81,837,996.94,46.30,75.87,199.62,1,-1,-1,-1
81,838,764.16,792.03,97.45,214.93,1,-1,-1,-1
81,839,1104.87,702.40,93.12,215.77,1,-1,-1,-1
81,840,967.93,388.58,69.04,195.67,1,-1,-1,-1
82,836,739.77,255.93,91.12,202.62,1,-1,-1,-1
82,837,986.25,45.10,75.77,199.19,1,-1,-1,-1
82,838,759.20,787.03,98.88,217.58,1,-1,-1,-1
82,839,1104.56,710.25,93.48,216.44,1,-1,-1,-1
82,840,977.54,379.64,69.20,195.81,1,-1,-1,-1
83,836,747.01,264.42,90.56,202.77,1,-1,-1,-1
83,837,976.78,44.79,75.22,197.90,1,-1,-1,-1
83,838,753.20,782.02,98.68,216.94,1,-1,-1,-1
83,839,1104.17,717.12,94.15,217.70,1,-1,-1,-1
83,840,986.54,369.42,68.48,193.95,1,-1,-1,-1
84,836,754.09,271.83,91.09,204.78,1,-1,-1,-1
84,837,967.49,45.63,74.07,195.90,1,-1,-1,-1
84,838,747.02,779.48,98.20,215.88,1,-1,-1,-1
84,839,1103.87,724.22,94.28,217.75,1,-1,-1,-1
84,840,995.66,360.40,67.75,192.45,1,-1,-1,-1
85,836,759.31,281.19,90.57,204.03,1,-1,-1,-1
85,837,958.86,44.63,74.08,196.27,1,-1,-1,-1
85,838,742.53,775.60,100.38,220.95,1,-1,-1,-1
85,839,1103.66,730.86,94.26,217.09,1,-1,-1,-1
85,840,1004.02,349.23,68.40,194.76,1,-1,-1,-1
86,836,767.03,291.51,89.63,202.97,1,-1,-1,-1
86,837,948.94,42.80,74.62,197.79,1,-1,-1,-1
86,838,737.70,766.82,99.90,219.76,1,-1,-1,-1
86,839,1102.82,738.26,94.12,216.15,1,-1,-1,-1
86,840,1014.87,340.69,68.28,194.25,1,-1,-1,-1
87,836,774.66,300.83,89.48,202.40,1,-1,-1,-1
87,837,937.28,42.37,75.02,198.69,1,-1,-1,-1
87,838,734.25,761.83,100.55,221.27,1,-1,-1,-1
87,839,1101.17,742.67,94.66,217.66,1,-1,-1,-1
87,840,1024.69,332.09,68.11,193.66,1,-1,-1,-1
88,836,782.47,311.07,90.08,203.97,1,-1,-1,-1
88,837,927.80,42.81,74.58,197.77,1,-1,-1,-1
88,838,729.97,756.15,99.81,219.79,1,-1,-1,-1
88,839,1097.47,749.76,93.77,215.94,1,-1,-1,-1
88,840,1032.95,323.05,67.27,191.66,1,-1,-1,-1
89,836,791.10,320.68,89.96,204.20,1,-1,-1,-1
89,837,918.25,44.16,73.64,195.93,1,-1,-1,-1
89,838,726.46,749.93,102.10,224.86,1,-1,-1,-1
89,839,1095.17,756.65,93.36,214.53,1,-1,-1,-1
89,840,1038.77,312.87,66.54,190.08,1,-1,-1,-1
90,836,799.28,329.94,89.60,203.50,1,-1,-1,-1
90,837,906.26,42.42,74.80,198.55,1,-1,-1,-1
90,838,722.08,744.74,101.09,222.76,1,-1,-1,-1
90,839,1093.77,763.71,92.98,213.44,1,-1,-1,-1
90,840,1048.93,304.13,66.37,190.01,1,-1,-1,-1
91,836,810.02,338.05,90.12,204.80,1,-1,-1,-1
91,837,895.77,41.06,75.76,201.10,1,-1,-1,-1
91,838,721.39,739.91,98.97,218.07,1,-1,-1,-1
91,839,1088.48,768.49,93.02,213.25,1,-1,-1,-1
91,840,1055.26,296.02,65.63,188.06,1,-1,-1,-1
92,836,819.21,347.52,90.33,205.17,1,-1,-1,-1
92,837,886.79,43.10,74.70,198.55,1,-1,-1,-1
92,838,719.75,730.79,100.33,220.99,1,-1,-1,-1
92,839,1082.24,774.98,92.77,212.31,1,-1,-1,-1
92,840,1064.65,285.62,65.27,187.63,1,-1,-1,-1
93,836,827.71,357.16,91.07,206.81,1,-1,-1,-1
93,837,878.50,45.46,73.87,197.42,1,-1,-1,-1
93,838,718.88,723.06,101.23,222.40,1,-1,-1,-1
93,839,1078.32,781.00,92.90,212.37,1,-1,-1,-1
93,840,1069.90,275.34,66.11,190.14,1,-1,-1,-1
94,836,837.03,366.85,90.91,205.77,1,-1,-1,-1
94,837,869.57,45.98,73.02,196.49,1,-1,-1,-1
94,838,718.80,715.78,101.52,222.24,1,-1,-1,-1
94,839,1072.42,784.38,93.43,213.41,1,-1,-1,-1
94,840,1077.21,266.97,65.66,189.67,1,-1,-1,-1
95,836,846.64,376.10,90.71,205.54,1,-1,-1,-1
95,837,857.72,45.65,74.31,199.55,1,-1,-1,-1
95,838,719.50,708.83,100.74,219.84,1,-1,-1,-1
95,839,1065.84,789.81,92.85,212.25,1,-1,-1,-1
95,840,1084.55,256.71,66.20,191.04,1,-1,-1,-1
96,836,857.64,385.52,91.55,206.82,1,-1,-1,-1
96,837,847.45,44.84,75.37,202.54,1,-1,-1,-1
96,838,720.18,701.36,99.66,217.05,1,-1,-1,-1
96,839,1061.37,793.69,92.46,212.10,1,-1,-1,-1
96,840,1091.35,247.92,65.80,190.24,1,-1,-1,-1
97,836,866.99,394.35,92.10,207.14,1,-1,-1,-1
97,837,839.19,49.83,74.17,199.48,1,-1,-1,-1
97,838,720.31,693.98,99.48,216.46,1,-1,-1,-1
97,839,1055.06,799.15,92.10,211.72,1,-1,-1,-1
97,840,1095.05,240.21,65.87,190.55,1,-1,-1,-1
98,836,876.28,405.96,91.86,205.51,1,-1,-1,-1
98,837,831.05,52.26,74.01,198.97,1,-1,-1,-1
98,838,721.04,686.18,99.26,216.19,1,-1,-1,-1
98,839,1047.36,804.19,92.47,211.85,1,-1,-1,-1
98,840,1100.09,231.27,66.04,191.05,1,-1,-1,-1
99,836,886.14,416.69,91.61,204.29,1,-1,-1,-1
99,837,822.92,56.69,73.50,198.00,1,-1,-1,-1
99,838,722.51,679.36,98.18,214.28,1,-1,-1,-1
99,839,1039.93,806.84,92.72,212.11,1,-1,-1,-1
99,840,1105.57,221.89,67.10,193.88,1,-1,-1,-1
100,836,894.66,426.58,92.11,205.47,1,-1,-1,-1
100,837,814.06,58.54,73.98,199.79,1,-1,-1,-1
100,838,726.68,671.38,98.00,214.26,1,-1,-1,-1
100,839,1031.88,809.79,92.29,211.31,1,-1,-1,-1
100,840,1108.44,212.05,65.71,189.69,1,-1,-1,-1
101,836,906.33,439.03,91.94,204.35,1,-1,-1,-1
101,837,806.56,61.76,73.22,198.29,1,-1,-1,-1
101,838,728.71,662.45,98.52,215.57,1,-1,-1,-1
101,839,1023.69,813.35,92.56,211.67,1,-1,-1,-1
101,840,1114.39,207.56,65.27,188.69,1,-1,-1,-1
102,836,916.68,449.26,92.07,204.38,1,-1,-1,-1
102,837,798.09,61.99,74.05,200.46,1,-1,-1,-1
102,838,734.15,654.71,97.86,214.67,1,-1,-1,-1
102,839,1015.67,815.51,92.44,212.32,1,-1,-1,-1
102,840,1117.31,196.11,65.30,189.41,1,-1,-1,-1
103,836,926.43,458.73,92.27,205.60,1,-1,-1,-1
103,837,790.35,66.97,73.62,199.22,1,-1,-1,-1
103,838,736.92,646.30,97.65,214.33,1,-1,-1,-1
103,839,1007.39,817.14,92.11,212.72,1,-1,-1,-1
103,840,1120.15,188.64,63.27,184.08,1,-1,-1,-1
104,836,935.51,470.94,91.96,203.53,1,-1,-1,-1
104,837,782.33,70.14,73.26,198.39,1,-1,-1,-1
104,838,739.87,638.66,96.73,213.08,1,-1,-1,-1
104,839,998.65,820.29,92.26,213.26,1,-1,-1,-1
104,840,1124.83,183.80,60.82,176.97,1,-1,-1,-1
105,836,943.48,481.49,91.90,203.35,1,-1,-1,-1
105,837,775.23,74.67,73.44,198.92,1,-1,-1,-1
105,838,744.36,629.55,97.14,214.30,1,-1,-1,-1
105,839,990.52,822.78,91.67,212.35,1,-1,-1,-1
105,840,1125.97,175.32,61.29,178.00,1,-1,-1,-1
106,836,954.88,489.98,93.05,205.62,1,-1,-1,-1
106,837,768.66,80.51,73.18,198.75,1,-1,-1,-1
106,838,751.20,621.68,96.21,212.66,1,-1,-1,-1
106,839,978.92,825.97,90.32,210.13,1,-1,-1,-1
106,840,1126.49,169.69,62.03,181.37,1,-1,-1,-1
107,836,965.61,499.38,92.86,204.91,1,-1,-1,-1
107,837,761.70,85.02,72.25,196.40,1,-1,-1,-1
107,838,755.46,614.07,95.04,210.30,1,-1,-1,-1
107,839,969.52,830.02,89.41,208.10,1,-1,-1,-1
107,840,1126.29,159.28,61.84,181.40,1,-1,-1,-1
108,836,974.07,510.29,93.37,205.83,1,-1,-1,-1
108,837,756.37,90.14,72.40,197.17,1,-1,-1,-1
108,838,761.36,605.74,95.20,210.08,1,-1,-1,-1
108,839,960.31,831.58,89.69,208.50,1,-1,-1,-1
108,840,1126.58,152.23,60.84,178.89,1,-1,-1,-1
109,836,985.43,518.44,94.50,207.40,1,-1,-1,-1
109,837,751.52,93.73,72.67,198.44,1,-1,-1,-1
109,838,768.58,594.23,95.29,210.56,1,-1,-1,-1
109,839,951.10,831.36,90.68,210.75,1,-1,-1,-1
109,840,1125.57,146.21,61.43,181.42,1,-1,-1,-1
110,836,994.99,527.43,94.52,207.11,1,-1,-1,-1
110,837,745.52,99.88,72.26,197.18,1,-1,-1,-1
110,838,773.10,588.00,94.78,209.82,1,-1,-1,-1
110,839,943.34,833.67,89.09,207.53,1,-1,-1,-1
110,840,1125.64,141.54,60.29,178.22,1,-1,-1,-1
111,836,1003.62,535.97,95.21,208.28,1,-1,-1,-1
111,837,742.02,106.02,72.28,197.15,1,-1,-1,-1
111,838,783.71,578.74,93.54,207.79,1,-1,-1,-1
111,839,931.10,834.09,89.00,208.04,1,-1,-1,-1
111,840,1123.29,135.23,59.04,175.74,1,-1,-1,-1
112,836,1012.05,545.34,95.68,209.25,1,-1,-1,-1
112,837,737.56,110.19,72.03,196.80,1,-1,-1,-1
112,838,789.48,569.29,93.70,208.56,1,-1,-1,-1
112,839,921.35,834.46,88.69,207.81,1,-1,-1,-1
112,840,1121.29,127.81,58.33,174.10,1,-1,-1,-1
113,836,1020.27,556.27,95.90,209.48,1,-1,-1,-1
113,837,734.47,115.56,72.11,197.34,1,-1,-1,-1
113,838,797.20,561.69,92.93,207.17,1,-1,-1,-1
113,839,912.51,834.78,87.89,206.57,1,-1,-1,-1
113,840,1119.11,122.33,57.44,171.84,1,-1,-1,-1
114,836,1028.58,566.23,95.23,207.99,1,-1,-1,-1
114,837,731.93,119.05,72.13,197.41,1,-1,-1,-1
114,838,804.92,553.15,92.75,207.10,1,-1,-1,-1
114,839,903.22,833.78,88.27,208.22,1,-1,-1,-1
114,840,1114.89,115.69,56.67,169.08,1,-1,-1,-1
115,836,1036.55,575.18,95.06,207.46,1,-1,-1,-1
115,837,727.61,124.29,73.31,200.13,1,-1,-1,-1
115,838,812.91,544.25,92.74,207.31,1,-1,-1,-1
115,839,891.00,833.58,88.15,208.47,1,-1,-1,-1
115,840,1110.55,109.38,59.32,177.20,1,-1,-1,-1
116,836,1044.16,584.34,94.83,207.07,1,-1,-1,-1
116,837,726.36,132.43,72.82,198.95,1,-1,-1,-1
116,838,821.46,534.60,92.82,207.76,1,-1,-1,-1
116,839,881.37,834.19,87.59,207.82,1,-1,-1,-1
116,840,1105.97,105.42,58.47,175.37,1,-1,-1,-1
117,836,1051.49,592.28,95.45,208.28,1,-1,-1,-1
117,837,724.62,140.01,72.46,197.93,1,-1,-1,-1
117,838,832.58,522.14,93.75,210.07,1,-1,-1,-1
117,839,872.22,833.36,87.20,207.44,1,-1,-1,-1
117,840,1101.76,99.15,60.68,182.34,1,-1,-1,-1
118,836,1056.91,601.61,94.18,205.86,1,-1,-1,-1
118,837,724.13,145.93,72.76,198.52,1,-1,-1,-1
118,838,841.98,511.59,94.18,211.32,1,-1,-1,-1
118,839,863.44,831.93,87.87,209.25,1,-1,-1,-1
118,840,1097.16,94.61,60.15,180.98,1,-1,-1,-1
119,836,1063.48,611.17,94.20,205.60,1,-1,-1,-1
119,837,723.56,150.20,73.24,199.67,1,-1,-1,-1
119,838,851.54,503.80,93.56,210.05,1,-1,-1,-1
119,839,850.88,830.72,87.93,209.70,1,-1,-1,-1
119,840,1093.36,92.17,59.45,179.02,1,-1,-1,-1
120,836,1069.28,618.05,95.52,209.17,1,-1,-1,-1
120,837,723.26,156.47,73.76,200.45,1,-1,-1,-1
120,838,860.27,494.39,93.80,210.51,1,-1,-1,-1
120,839,841.01,826.78,88.07,210.33,1,-1,-1,-1
120,840,1086.24,85.96,60.55,182.02,1,-1,-1,-1
121,836,1075.01,627.93,96.12,209.94,1,-1,-1,-1
121,837,723.26,164.34,74.02,200.31,1,-1,-1,-1
121,838,872.58,481.60,93.86,210.86,1,-1,-1,-1
121,839,831.74,824.64,88.51,211.28,1,-1,-1,-1
121,840,1077.44,80.49,62.39,187.32,1,-1,-1,-1
122,836,1082.22,634.72,96.15,210.39,1,-1,-1,-1
122,837,723.83,172.59,74.06,199.88,1,-1,-1,-1
122,838,882.54,472.27,93.71,210.24,1,-1,-1,-1
122,839,822.88,821.93,89.56,212.90,1,-1,-1,-1
122,840,1070.32,76.36,62.26,186.47,1,-1,-1,-1
123,836,1085.68,644.46,96.52,211.05,1,-1,-1,-1
123,837,724.74,180.38,74.60,200.74,1,-1,-1,-1
123,838,891.55,462.22,93.72,210.39,1,-1,-1,-1
123,839,814.50,820.32,89.88,213.13,1,-1,-1,-1
123,840,1063.15,73.89,61.55,184.71,1,-1,-1,-1
124,836,1090.57,653.04,96.91,211.35,1,-1,-1,-1
124,837,726.06,187.67,75.26,201.65,1,-1,-1,-1
124,838,900.66,453.42,93.30,209.76,1,-1,-1,-1
124,839,805.74,816.48,90.51,214.00,1,-1,-1,-1
124,840,1054.74,68.10,62.31,187.26,1,-1,-1,-1
125,836,1093.58,661.82,96.61,209.52,1,-1,-1,-1
125,837,729.53,195.84,74.97,200.39,1,-1,-1,-1
125,838,909.77,445.18,93.20,209.21,1,-1,-1,-1
125,839,797.44,813.52,91.17,214.96,1,-1,-1,-1
125,840,1046.97,66.00,61.95,186.52,1,-1,-1,-1
126,836,1098.17,669.98,97.11,210.09,1,-1,-1,-1
126,837,732.00,203.15,76.04,201.99,1,-1,-1,-1
126,838,921.95,433.10,92.93,208.07,1,-1,-1,-1
126,839,789.19,811.86,91.33,214.43,1,-1,-1,-1
126,840,1038.64,61.54,61.55,185.31,1,-1,-1,-1
127,836,1100.23,677.79,97.69,210.80,1,-1,-1,-1
127,837,736.59,211.29,76.31,202.31,1,-1,-1,-1
127,838,931.56,422.71,93.62,208.72,1,-1,-1,-1
127,839,780.75,807.82,91.60,214.43,1,-1,-1,-1
127,840,1030.93,58.32,61.77,186.19,1,-1,-1,-1
128,836,1101.59,685.36,98.25,211.43,1,-1,-1,-1
128,837,738.87,218.45,77.40,204.29,1,-1,-1,-1
128,838,941.09,411.68,92.92,206.79,1,-1,-1,-1
128,839,772.56,804.31,92.08,214.78,1,-1,-1,-1
128,840,1023.11,55.43,60.04,180.66,1,-1,-1,-1
129,836,1102.76,692.88,98.46,211.46,1,-1,-1,-1
129,837,741.96,227.50,77.37,203.32,1,-1,-1,-1
129,838,950.52,400.85,92.55,206.00,1,-1,-1,-1
129,839,764.71,800.50,92.20,214.43,1,-1,-1,-1
129,840,1013.33,53.49,60.26,180.77,1,-1,-1,-1
130,836,1103.25,701.32,98.35,210.72,1,-1,-1,-1
130,837,745.62,236.35,76.93,202.00,1,-1,-1,-1
130,838,959.19,391.55,92.24,205.02,1,-1,-1,-1
130,839,757.44,798.00,91.77,212.92,1,-1,-1,-1
130,840,1004.25,52.62,60.74,181.76,1,-1,-1,-1
131,836,1105.71,708.47,99.16,211.84,1,-1,-1,-1
131,837,752.45,247.09,76.46,201.30,1,-1,-1,-1
131,838,967.39,382.75,92.65,205.53,1,-1,-1,-1
131,839,750.16,793.07,91.99,212.58,1,-1,-1,-1
131,840,995.18,50.75,61.90,185.34,1,-1,-1,-1
132,836,1106.47,716.14,99.45,212.00,1,-1,-1,-1
132,837,758.31,257.43,75.87,199.10,1,-1,-1,-1
132,838,978.17,369.97,93.57,207.75,1,-1,-1,-1
132,839,745.73,788.10,93.32,215.03,1,-1,-1,-1
132,840,988.12,53.14,59.55,179.28,1,-1,-1,-1
133,836,1106.17,723.75,100.11,212.55,1,-1,-1,-1
133,837,763.50,266.03,76.11,199.50,1,-1,-1,-1
133,838,987.61,360.01,93.20,207.57,1,-1,-1,-1
133,839,739.04,782.70,93.98,216.38,1,-1,-1,-1
133,840,976.00,52.60,59.21,178.65,1,-1,-1,-1
134,836,1105.29,728.64,101.23,214.39,1,-1,-1,-1
134,837,770.51,275.40,76.16,199.41,1,-1,-1,-1
134,838,997.53,352.34,92.03,205.70,1,-1,-1,-1
134,839,733.01,780.06,93.40,214.34,1,-1,-1,-1
134,840,966.55,52.20,59.21,179.66,1,-1,-1,-1
135,836,1105.17,734.83,101.18,213.97,1,-1,-1,-1
135,837,777.37,284.74,76.32,199.98,1,-1,-1,-1
135,838,1006.30,343.41,91.56,205.35,1,-1,-1,-1
135,839,726.30,775.59,93.04,212.94,1,-1,-1,-1
135,840,956.74,48.06,59.36,180.08,1,-1,-1,-1
136,836,1102.41,742.31,100.34,212.08,1,-1,-1,-1
136,837,785.42,293.37,76.38,200.29,1,-1,-1,-1
136,838,1014.22,330.88,92.26,207.41,1,-1,-1,-1
136,839,722.01,767.60,94.72,216.24,1,-1,-1,-1
136,840,945.26,46.58,59.38,181.23,1,-1,-1,-1
137,836,1099.97,749.00,100.47,212.10,1,-1,-1,-1
137,837,793.11,304.41,76.42,199.88,1,-1,-1,-1
137,838,1024.33,323.81,90.34,203.30,1,-1,-1,-1
137,839,717.17,763.97,94.00,214.23,1,-1,-1,-1
137,840,936.33,46.35,59.22,181.34,1,-1,-1,-1
138,836,1098.01,756.70,99.95,210.39,1,-1,-1,-1
138,837,801.61,313.94,76.57,199.64,1,-1,-1,-1
138,838,1032.12,315.18,89.97,202.56,1,-1,-1,-1
138,839,714.19,756.78,95.03,216.25,1,-1,-1,-1
138,840,926.39,46.21,59.34,182.29,1,-1,-1,-1
139,836,1093.72,761.32,100.63,211.12,1,-1,-1,-1
139,837,809.79,323.55,76.75,199.79,1,-1,-1,-1
139,838,1040.43,306.43,89.79,202.71,1,-1,-1,-1
139,839,712.15,749.66,95.93,218.54,1,-1,-1,-1
139,840,917.46,46.73,58.63,181.04,1,-1,-1,-1
140,836,1090.89,767.98,100.39,210.36,1,-1,-1,-1
140,837,817.28,331.28,77.64,201.59,1,-1,-1,-1
140,838,1048.17,298.07,89.39,202.07,1,-1,-1,-1
140,839,707.86,743.10,95.63,217.71,1,-1,-1,-1
140,840,908.00,45.79,59.44,183.73,1,-1,-1,-1
141,836,1085.67,773.11,100.26,210.26,1,-1,-1,-1
141,837,825.98,339.91,78.52,203.15,1,-1,-1,-1
141,838,1056.27,290.51,88.78,200.36,1,-1,-1,-1
141,839,705.70,738.13,95.95,217.77,1,-1,-1,-1
141,840,897.54,48.79,58.84,182.20,1,-1,-1,-1
142,836,1082.14,777.87,100.25,209.82,1,-1,-1,-1
142,837,834.77,348.59,79.25,203.93,1,-1,-1,-1
142,838,1063.77,282.17,88.65,200.09,1,-1,-1,-1
142,839,704.72,731.09,96.38,218.62,1,-1,-1,-1
142,840,891.58,42.84,50.93,156.19,1,-1,-1,-1
143,836,1077.70,784.44,99.26,207.36,1,-1,-1,-1
143,837,842.65,359.28,79.45,203.05,1,-1,-1,-1
143,838,1070.87,272.64,89.55,202.13,1,-1,-1,-1
143,839,704.21,724.62,96.55,219.32,1,-1,-1,-1
143,840,878.63,45.51,56.54,173.15,1,-1,-1,-1
144,836,1071.25,788.93,98.61,205.79,1,-1,-1,-1
144,837,852.01,368.88,79.52,202.71,1,-1,-1,-1
144,838,1077.54,260.39,90.36,204.55,1,-1,-1,-1
144,839,703.75,716.94,97.14,220.98,1,-1,-1,-1
144,840,866.02,49.08,58.55,179.36,1,-1,-1,-1
145,836,1066.69,793.49,98.55,205.30,1,-1,-1,-1
145,837,860.58,377.73,79.69,202.88,1,-1,-1,-1
145,838,1081.81,250.38,90.75,205.65,1,-1,-1,-1
145,839,703.95,711.51,97.04,220.45,1,-1,-1,-1
145,840,856.58,50.78,58.90,181.38,1,-1,-1,-1
146,836,1060.53,798.69,99.04,205.98,1,-1,-1,-1
146,837,869.31,387.20,79.87,202.80,1,-1,-1,-1
146,838,1087.65,242.02,90.88,206.02,1,-1,-1,-1
146,839,704.16,702.51,96.86,220.13,1,-1,-1,-1
146,840,846.22,49.55,60.70,186.95,1,-1,-1,-1
147,836,1053.00,802.65,99.93,207.87,1,-1,-1,-1
147,837,880.42,395.81,80.38,203.50,1,-1,-1,-1
147,838,1093.43,233.03,91.58,207.97,1,-1,-1,-1
147,839,704.63,696.32,96.74,219.40,1,-1,-1,-1
147,840,837.35,50.88,61.00,187.04,1,-1,-1,-1
148,836,1046.02,807.28,99.31,206.33,1,-1,-1,-1
148,837,889.65,407.07,80.83,204.26,1,-1,-1,-1
148,838,1096.92,223.51,91.99,208.57,1,-1,-1,-1
148,839,704.75,688.69,97.29,219.69,1,-1,-1,-1
148,840,828.15,51.87,61.17,186.78,1,-1,-1,-1
149,836,1038.14,809.99,99.33,206.49,1,-1,-1,-1
149,837,899.58,418.17,80.64,203.55,1,-1,-1,-1
149,838,1102.43,216.12,91.91,208.42,1,-1,-1,-1
149,839,705.72,681.36,97.02,218.46,1,-1,-1,-1
149,840,822.36,55.17,55.94,169.58,1,-1,-1,-1
150,836,1032.37,811.31,100.37,208.56,1,-1,-1,-1
150,837,909.12,427.70,80.63,203.63,1,-1,-1,-1
150,838,1105.37,207.74,92.22,209.96,1,-1,-1,-1
150,839,707.02,673.76,96.55,217.28,1,-1,-1,-1
150,840,812.33,55.77,58.51,176.67,1,-1,-1,-1
151,836,1022.67,815.38,100.30,208.60,1,-1,-1,-1
151,837,919.82,436.10,81.08,204.99,1,-1,-1,-1
151,838,1110.72,201.00,90.63,206.72,1,-1,-1,-1
151,839,711.01,664.77,97.54,218.92,1,-1,-1,-1
151,840,803.20,57.99,61.10,184.25,1,-1,-1,-1
152,836,1016.56,817.94,100.67,209.07,1,-1,-1,-1
152,837,930.06,446.62,82.04,207.03,1,-1,-1,-1
152,838,1113.39,192.59,90.52,206.31,1,-1,-1,-1
152,839,714.07,655.12,97.22,218.13,1,-1,-1,-1
152,840,794.42,59.40,61.83,186.66,1,-1,-1,-1
153,836,1005.90,819.52,99.82,207.92,1,-1,-1,-1
153,837,939.84,456.59,82.02,206.98,1,-1,-1,-1
153,838,1115.11,184.72,90.04,205.23,1,-1,-1,-1
153,839,716.04,649.46,96.31,215.99,1,-1,-1,-1
153,840,785.94,64.37,62.33,188.47,1,-1,-1,-1
154,836,997.05,823.60,99.61,207.31,1,-1,-1,-1
154,837,949.11,465.94,82.21,207.35,1,-1,-1,-1
154,838,1119.08,176.83,89.83,204.94,1,-1,-1,-1
154,839,721.28,640.38,95.61,214.67,1,-1,-1,-1
154,840,779.56,71.75,61.07,184.94,1,-1,-1,-1
155,836,987.21,825.06,100.57,209.96,1,-1,-1,-1
155,837,959.74,476.07,83.29,209.46,1,-1,-1,-1
155,838,1121.41,169.60,88.97,203.29,1,-1,-1,-1
155,839,724.76,632.75,94.45,212.11,1,-1,-1,-1
155,840,773.12,75.99,61.44,186.34,1,-1,-1,-1
156,836,978.46,826.30,100.48,210.42,1,-1,-1,-1
156,837,969.47,485.88,83.44,209.45,1,-1,-1,-1
156,838,1123.07,162.75,88.03,201.35,1,-1,-1,-1
156,839,731.08,624.54,93.79,211.06,1,-1,-1,-1
156,840,766.28,80.84,61.14,185.62,1,-1,-1,-1
157,836,969.84,828.79,100.57,211.13,1,-1,-1,-1
157,837,979.55,497.01,82.67,207.25,1,-1,-1,-1
157,838,1122.73,154.43,87.92,201.22,1,-1,-1,-1
157,839,737.83,615.89,93.47,210.69,1,-1,-1,-1
157,840,761.44,84.91,60.62,183.80,1,-1,-1,-1
158,836,961.18,830.67,100.32,211.31,1,-1,-1,-1
158,837,988.02,508.96,82.94,207.26,1,-1,-1,-1
158,838,1123.38,147.20,87.36,200.47,1,-1,-1,-1
158,839,745.30,606.74,93.07,210.12,1,-1,-1,-1
158,840,753.33,88.29,59.55,180.42,1,-1,-1,-1
159,836,949.86,832.34,99.67,209.84,1,-1,-1,-1
159,837,996.89,518.52,83.13,207.47,1,-1,-1,-1
159,838,1123.86,140.35,86.54,199.11,1,-1,-1,-1
159,839,749.42,598.27,93.22,210.18,1,-1,-1,-1
159,840,748.72,93.11,60.17,182.65,1,-1,-1,-1
160,836,940.10,833.95,99.05,208.87,1,-1,-1,-1
160,837,1007.58,526.04,84.26,209.93,1,-1,-1,-1
160,838,1123.83,136.47,85.89,198.71,1,-1,-1,-1
160,839,755.79,589.99,92.63,208.82,1,-1,-1,-1
160,840,744.86,99.24,60.78,184.68,1,-1,-1,-1
161,836,930.91,835.30,98.69,208.22,1,-1,-1,-1
161,837,1017.17,535.73,84.20,209.59,1,-1,-1,-1
161,838,1122.40,131.10,85.22,197.64,1,-1,-1,-1
161,839,763.33,581.36,92.65,209.09,1,-1,-1,-1
161,840,740.70,106.65,59.59,181.89,1,-1,-1,-1
162,836,922.45,838.34,98.14,206.74,1,-1,-1,-1
162,837,1026.38,545.25,84.09,209.18,1,-1,-1,-1
162,838,1118.94,124.26,84.95,197.91,1,-1,-1,-1
162,839,771.35,570.72,92.30,208.93,1,-1,-1,-1
162,840,737.99,112.24,58.55,179.06,1,-1,-1,-1
163,836,913.55,836.51,97.90,207.05,1,-1,-1,-1
163,837,1034.87,555.06,83.66,207.48,1,-1,-1,-1
163,838,1116.41,118.08,84.05,196.68,1,-1,-1,-1
163,839,780.13,561.69,91.62,208.39,1,-1,-1,-1
163,840,733.96,116.46,58.78,179.96,1,-1,-1,-1
164,836,902.35,837.03,96.52,204.05,1,-1,-1,-1
164,837,1042.74,565.54,83.68,207.33,1,-1,-1,-1
164,838,1114.46,114.46,83.12,195.48,1,-1,-1,-1
164,839,788.48,552.40,91.17,208.19,1,-1,-1,-1
164,840,731.56,119.98,58.71,180.15,1,-1,-1,-1
165,836,892.54,836.55,96.42,203.95,1,-1,-1,-1
165,837,1049.95,574.17,84.47,208.37,1,-1,-1,-1
165,838,1111.29,109.25,82.03,193.99,1,-1,-1,-1
165,839,796.22,542.66,91.42,209.22,1,-1,-1,-1
165,840,728.26,127.27,57.35,176.39,1,-1,-1,-1
166,836,882.93,836.32,96.54,204.09,1,-1,-1,-1
166,837,1057.66,582.90,84.52,208.04,1,-1,-1,-1
166,838,1107.03,102.64,82.44,195.59,1,-1,-1,-1
166,839,805.20,533.59,91.14,208.99,1,-1,-1,-1
166,840,726.14,132.42,55.70,171.20,1,-1,-1,-1
167,836,870.95,836.11,95.98,202.62,1,-1,-1,-1
167,837,1065.54,592.86,83.69,206.08,1,-1,-1,-1
167,838,1101.62,95.29,82.89,197.29,1,-1,-1,-1
167,839,813.81,523.26,90.52,208.32,1,-1,-1,-1
167,840,723.60,137.34,56.74,173.13,1,-1,-1,-1
168,836,860.81,834.25,96.86,205.42,1,-1,-1,-1
168,837,1073.20,602.07,83.58,205.75,1,-1,-1,-1
168,838,1095.08,90.67,83.13,197.36,1,-1,-1,-1
168,839,822.98,513.70,89.86,207.40,1,-1,-1,-1
168,840,719.90,142.04,58.94,179.30,1,-1,-1,-1
169,836,851.40,832.66,97.03,206.31,1,-1,-1,-1
169,837,1078.15,610.63,83.70,205.77,1,-1,-1,-1
169,838,1091.05,85.79,83.40,198.86,1,-1,-1,-1
169,839,834.86,504.06,90.28,208.65,1,-1,-1,-1
169,840,720.38,148.33,59.82,182.01,1,-1,-1,-1
170,836,842.81,829.15,96.23,204.65,1,-1,-1,-1
170,837,1084.40,618.78,84.01,206.07,1,-1,-1,-1
170,838,1084.82,81.27,84.29,201.31,1,-1,-1,-1
170,839,845.20,495.57,89.80,208.07,1,-1,-1,-1
170,840,717.99,153.50,61.71,187.89,1,-1,-1,-1
171,836,833.87,827.07,96.67,206.20,1,-1,-1,-1
171,837,1090.48,626.78,84.28,206.54,1,-1,-1,-1
171,838,1078.85,80.02,83.16,199.06,1,-1,-1,-1
171,839,854.35,486.48,89.46,207.23,1,-1,-1,-1
171,840,720.12,162.18,61.40,187.75,1,-1,-1,-1
172,836,825.41,824.59,97.38,207.27,1,-1,-1,-1
172,837,1096.16,636.80,85.63,208.97,1,-1,-1,-1
172,838,1073.19,73.75,83.82,200.87,1,-1,-1,-1
172,839,863.80,475.85,89.09,207.02,1,-1,-1,-1
172,840,722.07,171.81,60.00,183.15,1,-1,-1,-1
173,836,814.15,821.22,96.15,204.49,1,-1,-1,-1
173,837,1099.52,645.56,86.37,210.16,1,-1,-1,-1
173,838,1066.29,69.64,83.30,200.07,1,-1,-1,-1
173,839,875.75,466.09,88.70,206.68,1,-1,-1,-1
173,840,724.03,178.68,57.46,174.82,1,-1,-1,-1
174,836,804.88,819.30,96.03,203.37,1,-1,-1,-1
174,837,1104.72,653.00,87.55,212.29,1,-1,-1,-1
174,838,1058.74,65.69,83.85,200.83,1,-1,-1,-1
174,839,886.01,457.29,88.09,205.64,1,-1,-1,-1
174,840,724.86,187.44,58.97,179.82,1,-1,-1,-1
175,836,795.62,816.62,97.39,205.93,1,-1,-1,-1
175,837,1107.50,661.56,87.53,211.30,1,-1,-1,-1
175,838,1050.69,61.55,82.74,198.92,1,-1,-1,-1
175,839,896.04,448.31,87.26,204.13,1,-1,-1,-1
175,840,725.36,197.42,60.92,186.56,1,-1,-1,-1
176,836,787.79,813.36,96.76,203.36,1,-1,-1,-1
176,837,1112.66,670.72,87.42,210.25,1,-1,-1,-1
176,838,1042.40,57.64,83.37,200.74,1,-1,-1,-1
176,839,905.09,436.86,87.20,204.64,1,-1,-1,-1
176,840,729.72,203.83,60.87,186.23,1,-1,-1,-1
177,836,778.57,809.70,98.32,205.98,1,-1,-1,-1
177,837,1114.89,678.38,87.98,210.55,1,-1,-1,-1
177,838,1034.04,53.28,83.13,200.38,1,-1,-1,-1
177,839,913.78,426.67,87.17,204.44,1,-1,-1,-1
177,840,732.54,212.27,60.39,184.82,1,-1,-1,-1
178,836,770.47,807.84,99.00,206.35,1,-1,-1,-1
178,837,1115.73,685.83,88.94,211.98,1,-1,-1,-1
178,838,1022.88,50.85,84.20,202.36,1,-1,-1,-1
178,839,925.34,416.25,87.62,205.05,1,-1,-1,-1
178,840,736.61,220.39,63.17,192.87,1,-1,-1,-1
179,836,762.18,805.55,99.74,207.75,1,-1,-1,-1
179,837,1118.70,692.40,89.99,213.49,1,-1,-1,-1
179,838,1013.41,48.51,84.52,202.86,1,-1,-1,-1
179,839,934.90,404.00,88.19,206.41,1,-1,-1,-1
179,840,739.62,229.34,63.71,194.53,1,-1,-1,-1
180,836,757.83,802.26,99.75,207.12,1,-1,-1,-1
180,837,1120.02,699.42,90.75,214.69,1,-1,-1,-1
180,838,1004.48,47.53,84.26,202.05,1,-1,-1,-1
180,839,943.55,394.32,87.89,205.71,1,-1,-1,-1
180,840,744.76,237.99,63.93,194.83,1,-1,-1,-1
181,836,748.03,796.06,99.68,206.65,1,-1,-1,-1
181,837,1120.35,706.67,91.29,215.36,1,-1,-1,-1
181,838,995.28,44.73,84.18,201.23,1,-1,-1,-1
181,839,952.42,384.67,87.70,205.14,1,-1,-1,-1
181,840,751.04,246.50,63.75,194.91,1,-1,-1,-1
182,836,742.70,792.30,100.00,206.67,1,-1,-1,-1
182,837,1120.71,712.85,91.13,213.71,1,-1,-1,-1
182,838,986.70,43.11,84.59,201.82,1,-1,-1,-1
182,839,960.70,374.60,88.68,206.20,1,-1,-1,-1
182,840,755.39,255.39,63.63,194.82,1,-1,-1,-1
183,836,735.67,786.76,101.30,208.52,1,-1,-1,-1
183,837,1120.65,720.45,90.86,212.18,1,-1,-1,-1
183,838,978.07,42.47,83.82,199.90,1,-1,-1,-1
183,839,969.04,363.95,88.69,205.04,1,-1,-1,-1
183,840,762.50,265.14,63.11,192.46,1,-1,-1,-1
184,836,729.62,783.59,101.20,208.04,1,-1,-1,-1
184,837,1120.36,727.03,91.61,213.19,1,-1,-1,-1
184,838,966.58,42.10,83.60,198.76,1,-1,-1,-1
184,839,980.20,353.38,89.72,206.74,1,-1,-1,-1
184,840,768.82,273.55,63.82,192.84,1,-1,-1,-1
185,836,725.31,777.71,102.49,210.42,1,-1,-1,-1
185,837,1119.78,734.17,91.59,212.55,1,-1,-1,-1
185,838,956.65,41.15,84.26,199.57,1,-1,-1,-1
185,839,989.73,343.66,90.48,208.62,1,-1,-1,-1
185,840,776.31,282.78,63.35,191.39,1,-1,-1,-1
186,836,720.78,773.36,102.32,209.89,1,-1,-1,-1
186,837,1118.87,741.79,91.42,211.47,1,-1,-1,-1
186,838,948.71,41.27,83.36,198.22,1,-1,-1,-1
186,839,998.32,333.72,91.08,209.69,1,-1,-1,-1
186,840,783.52,293.34,63.46,192.17,1,-1,-1,-1
187,836,716.89,767.50,103.09,211.65,1,-1,-1,-1
187,837,1114.32,748.40,91.93,211.79,1,-1,-1,-1
187,838,938.96,38.71,83.38,198.86,1,-1,-1,-1
187,839,1007.25,325.76,90.46,208.25,1,-1,-1,-1
187,840,792.41,305.77,62.46,189.75,1,-1,-1,-1
188,836,712.20,760.90,103.57,212.77,1,-1,-1,-1
188,837,1111.15,752.92,92.35,212.62,1,-1,-1,-1
188,838,929.46,40.14,83.35,199.43,1,-1,-1,-1
188,839,1015.14,317.03,90.78,207.94,1,-1,-1,-1
188,840,801.45,315.41,61.71,187.67,1,-1,-1,-1
189,836,709.02,755.69,104.05,213.58,1,-1,-1,-1
189,837,1109.43,759.51,92.32,212.21,1,-1,-1,-1
189,838,920.45,40.98,82.99,199.16,1,-1,-1,-1
189,839,1024.04,307.40,89.62,206.48,1,-1,-1,-1
189,840,809.17,323.78,61.95,188.80,1,-1,-1,-1
190,836,704.88,749.52,104.24,213.93,1,-1,-1,-1
190,837,1105.26,765.68,92.46,212.37,1,-1,-1,-1
190,838,908.89,40.35,83.73,201.29,1,-1,-1,-1
190,839,1032.21,299.29,89.01,204.98,1,-1,-1,-1
190,840,817.33,333.48,63.00,191.79,1,-1,-1,-1
191,836,702.81,742.68,105.00,215.09,1,-1,-1,-1
191,837,1102.08,772.11,92.15,211.77,1,-1,-1,-1
191,838,899.26,40.72,83.68,201.29,1,-1,-1,-1
191,839,1039.93,289.05,89.27,205.60,1,-1,-1,-1
191,840,825.70,341.94,63.64,193.10,1,-1,-1,-1
192,836,700.96,735.28,105.72,216.26,1,-1,-1,-1
192,837,1096.78,777.66,91.84,210.44,1,-1,-1,-1
192,838,889.49,42.00,83.34,201.39,1,-1,-1,-1
192,839,1047.73,281.01,88.84,204.13,1,-1,-1,-1
192,840,833.79,350.42,64.53,195.22,1,-1,-1,-1
193,836,699.97,729.49,106.42,217.80,1,-1,-1,-1
193,837,1090.40,782.94,92.15,210.86,1,-1,-1,-1
193,838,880.32,42.13,83.79,203.49,1,-1,-1,-1
193,839,1054.64,270.78,89.71,205.25,1,-1,-1,-1
193,840,842.07,359.81,64.59,194.19,1,-1,-1,-1
194,836,699.53,722.22,107.11,219.06,1,-1,-1,-1
194,837,1086.32,786.16,91.99,210.85,1,-1,-1,-1
194,838,868.63,42.63,83.90,203.42,1,-1,-1,-1
194,839,1059.11,260.61,89.09,204.46,1,-1,-1,-1
194,840,850.58,369.02,64.67,193.83,1,-1,-1,-1
195,836,700.16,715.30,106.33,217.01,1,-1,-1,-1
195,837,1080.21,790.71,92.49,212.17,1,-1,-1,-1
195,838,858.58,43.32,84.14,204.11,1,-1,-1,-1
195,839,1068.42,250.43,90.17,206.95,1,-1,-1,-1
195,840,859.75,378.22,64.52,192.97,1,-1,-1,-1
196,836,700.36,707.65,106.10,215.76,1,-1,-1,-1
196,837,1073.38,795.40,92.89,213.03,1,-1,-1,-1
196,838,848.88,45.66,85.12,205.95,1,-1,-1,-1
196,839,1072.51,241.18,90.79,208.09,1,-1,-1,-1
196,840,867.80,384.14,65.98,196.80,1,-1,-1,-1
197,836,701.62,701.16,104.77,212.85,1,-1,-1,-1
197,837,1066.38,800.85,91.62,210.11,1,-1,-1,-1
197,838,840.23,47.85,84.61,204.56,1,-1,-1,-1
197,839,1077.94,231.11,92.31,211.28,1,-1,-1,-1
197,840,879.26,395.38,66.11,196.92,1,-1,-1,-1
198,836,702.71,693.45,104.31,211.41,1,-1,-1,-1
198,837,1058.40,805.62,91.77,209.75,1,-1,-1,-1
198,838,831.87,49.52,84.67,204.04,1,-1,-1,-1
198,839,1081.30,222.41,92.20,211.14,1,-1,-1,-1
198,840,889.07,407.47,65.20,193.96,1,-1,-1,-1
199,836,703.82,685.08,104.43,211.65,1,-1,-1,-1
199,837,1054.08,809.24,91.09,207.97,1,-1,-1,-1
199,838,820.94,55.20,83.96,201.69,1,-1,-1,-1
199,839,1086.77,214.53,91.30,210.52,1,-1,-1,-1
199,840,898.41,419.69,65.50,194.46,1,-1,-1,-1
200,836,707.22,677.16,104.75,211.76,1,-1,-1,-1
200,837,1046.69,813.92,91.32,208.36,1,-1,-1,-1
200,838,810.99,52.69,85.54,204.10,1,-1,-1,-1
200,839,1089.75,206.56,90.63,209.74,1,-1,-1,-1
200,840,907.31,429.02,65.81,195.16,1,-1,-1,-1
201,836,709.36,668.83,104.71,212.15,1,-1,-1,-1
201,837,1039.09,816.89,90.83,207.78,1,-1,-1,-1
201,838,801.84,55.46,86.14,203.88,1,-1,-1,-1
201,839,1094.59,197.03,90.79,211.14,1,-1,-1,-1
201,840,920.31,439.82,64.92,193.12,1,-1,-1,-1
202,836,711.47,660.74,104.17,211.56,1,-1,-1,-1
202,837,1031.37,819.43,90.21,206.76,1,-1,-1,-1
202,838,793.30,57.48,87.21,205.15,1,-1,-1,-1
202,839,1097.73,189.12,90.09,210.16,1,-1,-1,-1
202,840,929.61,448.54,65.56,194.82,1,-1,-1,-1
203,836,716.47,653.05,103.70,211.01,1,-1,-1,-1
203,837,1023.10,819.66,90.77,208.03,1,-1,-1,-1
203,838,785.65,62.78,86.80,203.74,1,-1,-1,-1
203,839,1102.36,180.52,89.86,210.67,1,-1,-1,-1
203,840,939.13,459.68,66.10,195.76,1,-1,-1,-1
204,836,720.90,646.04,102.31,208.34,1,-1,-1,-1
204,837,1014.67,823.57,90.45,207.67,1,-1,-1,-1
204,838,780.93,67.25,86.07,202.41,1,-1,-1,-1
204,839,1105.03,173.71,88.75,209.22,1,-1,-1,-1
204,840,951.35,469.91,66.25,195.25,1,-1,-1,-1
205,836,725.77,634.78,102.83,209.82,1,-1,-1,-1
205,837,1003.34,825.41,90.39,208.08,1,-1,-1,-1
205,838,774.95,72.47,84.78,200.04,1,-1,-1,-1
205,839,1105.24,165.27,88.88,210.03,1,-1,-1,-1
205,840,960.46,477.76,67.01,196.98,1,-1,-1,-1
206,836,729.23,628.52,102.34,209.05,1,-1,-1,-1
206,837,993.58,826.12,90.66,208.71,1,-1,-1,-1
206,838,767.89,75.78,85.39,201.30,1,-1,-1,-1
206,839,1106.39,158.36,87.55,208.16,1,-1,-1,-1
206,840,969.31,486.75,67.92,198.61,1,-1,-1,-1
207,836,735.50,619.33,101.46,207.39,1,-1,-1,-1
207,837,984.79,829.46,90.41,208.98,1,-1,-1,-1
207,838,760.55,80.55,85.54,201.41,1,-1,-1,-1
207,839,1106.30,150.62,86.83,207.74,1,-1,-1,-1
207,840,978.90,497.84,68.13,198.63,1,-1,-1,-1
208,836,741.39,609.41,102.29,210.25,1,-1,-1,-1
208,837,975.85,830.68,90.49,210.27,1,-1,-1,-1
208,838,754.40,84.90,84.86,200.45,1,-1,-1,-1
208,839,1106.80,143.90,85.58,205.62,1,-1,-1,-1
208,840,987.34,507.35,68.23,198.89,1,-1,-1,-1
209,836,749.29,600.36,101.76,209.73,1,-1,-1,-1
209,837,967.10,833.04,89.34,208.54,1,-1,-1,-1
209,838,750.53,89.84,83.89,198.72,1,-1,-1,-1
209,839,1106.77,136.60,84.80,204.80,1,-1,-1,-1
209,840,995.52,516.30,68.50,199.70,1,-1,-1,-1
210,836,756.94,591.60,101.41,209.40,1,-1,-1,-1
210,837,958.76,834.27,88.60,207.45,1,-1,-1,-1
210,838,744.72,92.86,84.57,200.44,1,-1,-1,-1
210,839,1106.85,129.59,84.30,204.69,1,-1,-1,-1
210,840,1006.61,524.32,69.69,201.71,1,-1,-1,-1
211,836,763.12,584.75,99.48,205.79,1,-1,-1,-1
211,837,947.12,834.81,88.29,207.32,1,-1,-1,-1
211,838,741.63,99.49,83.72,198.52,1,-1,-1,-1
211,839,1106.65,123.19,83.34,203.09,1,-1,-1,-1
211,840,1016.60,534.15,69.17,200.03,1,-1,-1,-1
212,836,770.46,576.26,98.92,205.00,1,-1,-1,-1
212,837,937.06,835.26,87.74,206.62,1,-1,-1,-1
212,838,737.95,106.40,82.70,196.07,1,-1,-1,-1
212,839,1105.56,117.57,83.79,205.27,1,-1,-1,-1
212,840,1025.83,545.42,69.23,200.62,1,-1,-1,-1
213,836,777.79,568.37,98.46,204.35,1,-1,-1,-1
213,837,927.80,835.49,87.27,206.02,1,-1,-1,-1
213,838,734.77,111.44,82.77,196.38,1,-1,-1,-1
213,839,1102.01,113.15,82.57,203.61,1,-1,-1,-1
213,840,1034.60,555.24,68.94,199.74,1,-1,-1,-1
214,836,786.42,557.04,98.68,205.17,1,-1,-1,-1
214,837,915.91,835.92,86.73,204.76,1,-1,-1,-1
214,838,730.65,116.89,82.45,196.12,1,-1,-1,-1
214,839,1098.58,106.34,83.23,205.51,1,-1,-1,-1
214,840,1042.19,563.55,69.34,200.85,1,-1,-1,-1
215,836,794.40,547.30,98.72,205.82,1,-1,-1,-1
215,837,905.44,834.37,87.32,206.78,1,-1,-1,-1
215,838,728.47,123.56,81.94,196.04,1,-1,-1,-1
215,839,1094.27,102.42,82.93,205.11,1,-1,-1,-1
215,840,1050.27,572.64,69.04,199.97,1,-1,-1,-1
216,836,805.38,536.63,99.01,206.77,1,-1,-1,-1
216,837,895.66,832.58,88.61,209.37,1,-1,-1,-1
216,838,727.15,130.75,81.39,195.53,1,-1,-1,-1
216,839,1090.62,96.65,82.95,205.58,1,-1,-1,-1
216,840,1057.61,581.70,68.78,199.58,1,-1,-1,-1
217,836,815.08,527.75,98.46,206.54,1,-1,-1,-1
217,837,886.71,832.29,88.59,209.14,1,-1,-1,-1
217,838,724.11,137.44,81.84,197.43,1,-1,-1,-1
217,839,1085.97,91.99,81.98,203.41,1,-1,-1,-1
217,840,1064.96,590.13,68.90,199.42,1,-1,-1,-1
218,836,824.32,518.38,98.17,207.05,1,-1,-1,-1
218,837,878.52,831.62,88.50,209.24,1,-1,-1,-1
218,838,722.91,142.07,81.58,197.67,1,-1,-1,-1
218,839,1079.79,87.99,81.55,202.46,1,-1,-1,-1
218,840,1069.38,599.40,68.26,197.63,1,-1,-1,-1
219,836,834.66,508.23,97.36,205.81,1,-1,-1,-1
219,837,866.18,830.24,89.32,211.06,1,-1,-1,-1
219,838,722.54,148.03,81.60,197.95,1,-1,-1,-1
219,839,1075.85,82.52,81.73,203.04,1,-1,-1,-1
219,840,1075.88,609.70,68.54,199.06,1,-1,-1,-1
220,836,843.52,498.63,96.79,205.90,1,-1,-1,-1
220,837,855.80,828.85,89.87,211.96,1,-1,-1,-1
220,838,721.90,155.28,81.41,197.64,1,-1,-1,-1
220,839,1069.37,78.22,82.56,204.42,1,-1,-1,-1
220,840,1082.09,617.46,69.39,201.69,1,-1,-1,-1
221,836,855.05,489.23,96.88,206.24,1,-1,-1,-1
221,837,846.74,825.02,90.29,212.31,1,-1,-1,-1
221,838,722.36,163.25,81.43,197.79,1,-1,-1,-1
221,839,1062.33,73.61,82.76,205.18,1,-1,-1,-1
221,840,1087.99,624.74,70.33,204.03,1,-1,-1,-1
222,836,865.03,479.79,96.32,205.55,1,-1,-1,-1
222,837,837.44,823.17,90.70,213.11,1,-1,-1,-1
222,838,722.22,170.62,81.84,198.56,1,-1,-1,-1
222,839,1057.99,70.32,82.58,204.64,1,-1,-1,-1
222,840,1092.12,633.66,70.15,203.58,1,-1,-1,-1
223,836,874.21,467.58,96.83,207.30,1,-1,-1,-1
223,837,828.67,819.82,91.98,215.50,1,-1,-1,-1
223,838,722.41,178.11,82.58,200.08,1,-1,-1,-1
223,839,1050.99,65.41,82.78,205.58,1,-1,-1,-1
223,840,1096.93,641.94,70.54,204.15,1,-1,-1,-1
224,836,885.12,458.98,95.70,205.46,1,-1,-1,-1
224,837,820.32,819.04,91.54,214.11,1,-1,-1,-1
224,838,723.32,185.44,82.62,200.26,1,-1,-1,-1
224,839,1043.41,61.68,82.96,206.03,1,-1,-1,-1
224,840,1102.84,649.72,71.29,204.48,1,-1,-1,-1
225,836,894.43,450.16,94.21,203.15,1,-1,-1,-1
225,837,809.00,815.81,91.15,212.99,1,-1,-1,-1
225,838,726.34,192.88,83.59,202.32,1,-1,-1,-1
225,839,1032.16,57.43,83.18,206.31,1,-1,-1,-1
225,840,1105.79,657.42,71.99,205.91,1,-1,-1,-1
226,836,905.47,440.64,94.62,203.14,1,-1,-1,-1
226,837,799.66,813.94,91.01,211.66,1,-1,-1,-1
226,838,728.39,200.18,84.74,204.29,1,-1,-1,-1
226,839,1025.88,54.65,83.15,206.30,1,-1,-1,-1
226,840,1110.76,666.76,72.14,205.22,1,-1,-1,-1
227,836,915.65,428.28,95.07,203.67,1,-1,-1,-1
227,837,791.05,810.28,91.31,210.54,1,-1,-1,-1
227,838,732.78,206.71,86.32,207.30,1,-1,-1,-1
227,839,1017.95,50.96,83.05,206.04,1,-1,-1,-1
227,840,1113.90,675.27,72.05,204.53,1,-1,-1,-1
228,836,925.23,417.90,94.92,203.13,1,-1,-1,-1
228,837,782.96,807.41,91.74,210.77,1,-1,-1,-1
228,838,735.28,215.83,85.85,204.72,1,-1,-1,-1
228,839,1009.71,47.30,83.45,206.89,1,-1,-1,-1
228,840,1115.30,683.34,72.48,205.55,1,-1,-1,-1
229,836,934.12,406.91,94.55,201.30,1,-1,-1,-1
229,837,775.09,804.94,92.04,210.54,1,-1,-1,-1
229,838,737.87,224.51,85.20,203.08,1,-1,-1,-1
229,839,998.33,46.67,82.71,204.66,1,-1,-1,-1
229,840,1116.18,690.64,72.29,205.04,1,-1,-1,-1
230,836,942.52,396.58,94.84,201.68,1,-1,-1,-1
230,837,770.22,801.69,91.85,209.16,1,-1,-1,-1
230,838,743.11,232.90,85.62,203.86,1,-1,-1,-1
230,839,987.89,43.62,83.03,204.57,1,-1,-1,-1
230,840,1119.06,698.77,72.53,205.44,1,-1,-1,-1
231,836,953.76,386.82,94.97,202.34,1,-1,-1,-1
231,837,763.11,794.34,93.53,211.70,1,-1,-1,-1
231,838,750.44,242.50,84.08,200.48,1,-1,-1,-1
231,839,979.56,43.71,81.55,201.15,1,-1,-1,-1
231,840,1121.08,706.02,73.21,206.98,1,-1,-1,-1
232,836,963.54,377.35,95.31,202.16,1,-1,-1,-1
232,837,756.05,789.96,94.34,213.04,1,-1,-1,-1
232,838,754.39,251.05,83.44,199.19,1,-1,-1,-1
232,839,970.93,42.06,81.89,202.25,1,-1,-1,-1
232,840,1121.42,712.45,74.31,209.34,1,-1,-1,-1
233,836,972.28,364.34,95.91,203.66,1,-1,-1,-1
233,837,749.16,785.08,94.39,212.72,1,-1,-1,-1
233,838,760.84,259.69,83.64,199.47,1,-1,-1,-1
233,839,959.17,41.04,81.95,201.61,1,-1,-1,-1
233,840,1121.37,718.41,75.38,211.50,1,-1,-1,-1
234,836,982.03,356.11,95.57,203.12,1,-1,-1,-1
234,837,745.20,781.54,94.46,212.40,1,-1,-1,-1
234,838,767.69,267.42,84.57,200.91,1,-1,-1,-1
234,839,948.94,39.56,82.45,202.37,1,-1,-1,-1
234,840,1121.13,725.38,75.88,212.20,1,-1,-1,-1
235,836,990.29,347.43,95.31,202.77,1,-1,-1,-1
235,837,739.56,777.37,94.18,211.14,1,-1,-1,-1
235,838,774.31,277.09,84.16,199.70,1,-1,-1,-1
235,839,941.30,39.01,80.56,198.61,1,-1,-1,-1
235,840,1120.39,733.22,75.94,211.43,1,-1,-1,-1
236,836,1001.15,337.10,95.78,203.71,1,-1,-1,-1
236,837,733.74,772.56,94.50,211.58,1,-1,-1,-1
236,838,783.63,290.57,82.60,196.28,1,-1,-1,-1
236,839,931.82,39.29,81.01,200.44,1,-1,-1,-1
236,840,1119.20,740.62,76.27,211.38,1,-1,-1,-1
237,836,1010.26,327.98,95.80,204.00,1,-1,-1,-1
237,837,729.86,766.56,94.84,212.44,1,-1,-1,-1
237,838,791.81,299.89,82.72,197.33,1,-1,-1,-1
237,839,922.79,38.37,80.30,199.54,1,-1,-1,-1
237,840,1115.09,746.26,75.99,210.15,1,-1,-1,-1
238,836,1018.62,319.13,95.72,204.09,1,-1,-1,-1
238,837,725.09,760.57,94.99,212.49,1,-1,-1,-1
238,838,800.71,308.65,82.61,197.24,1,-1,-1,-1
238,839,913.87,37.72,80.28,200.01,1,-1,-1,-1
238,840,1111.84,750.70,77.06,212.00,1,-1,-1,-1
239,836,1026.55,308.65,95.72,204.37,1,-1,-1,-1
239,837,721.67,753.18,95.48,213.46,1,-1,-1,-1
239,838,809.22,317.51,82.69,197.47,1,-1,-1,-1
239,839,902.55,40.01,79.95,198.87,1,-1,-1,-1
239,840,1109.93,758.22,77.31,211.66,1,-1,-1,-1
240,836,1034.74,299.38,95.23,203.67,1,-1,-1,-1
240,837,720.22,748.65,95.45,213.33,1,-1,-1,-1
240,838,817.58,325.87,83.11,198.76,1,-1,-1,-1
240,839,892.24,38.36,80.24,199.83,1,-1,-1,-1
240,840,1104.94,761.52,78.31,213.14,1,-1,-1,-1
241,836,1040.52,291.01,94.88,202.96,1,-1,-1,-1
241,837,716.75,742.19,95.95,214.64,1,-1,-1,-1
241,838,824.79,333.02,84.48,201.68,1,-1,-1,-1
241,839,882.41,37.86,80.49,200.41,1,-1,-1,-1
241,840,1097.71,766.84,78.67,212.71,1,-1,-1,-1
242,836,1047.12,281.41,95.24,203.96,1,-1,-1,-1
242,837,715.23,734.91,96.02,214.99,1,-1,-1,-1
242,838,833.66,344.93,84.32,200.78,1,-1,-1,-1
242,839,870.99,40.60,79.95,198.52,1,-1,-1,-1
242,840,1094.40,774.69,78.19,210.65,1,-1,-1,-1
243,836,1053.82,272.44,94.88,203.48,1,-1,-1,-1
243,837,714.01,727.02,96.74,216.31,1,-1,-1,-1
243,838,842.55,354.91,84.21,200.10,1,-1,-1,-1
243,839,859.90,39.81,81.53,201.55,1,-1,-1,-1
243,840,1089.18,782.19,77.39,208.56,1,-1,-1,-1
244,836,1061.76,264.37,94.77,202.86,1,-1,-1,-1
244,837,713.59,719.68,96.40,215.72,1,-1,-1,-1
244,838,853.23,362.74,85.27,202.25,1,-1,-1,-1
244,839,850.40,40.11,82.04,202.67,1,-1,-1,-1
244,840,1081.95,785.21,77.49,209.11,1,-1,-1,-1
245,836,1068.27,253.04,94.97,203.58,1,-1,-1,-1
245,837,713.36,713.05,97.31,217.57,1,-1,-1,-1
245,838,862.24,369.84,86.59,204.14,1,-1,-1,-1
245,839,841.04,40.34,82.92,204.98,1,-1,-1,-1
245,840,1078.24,791.27,77.24,208.12,1,-1,-1,-1
246,836,1071.61,243.51,95.77,205.36,1,-1,-1,-1
246,837,713.21,704.96,98.01,219.27,1,-1,-1,-1
246,838,871.54,378.90,87.28,204.46,1,-1,-1,-1
246,839,829.50,42.15,82.66,204.09,1,-1,-1,-1
246,840,1072.54,795.43,76.95,207.07,1,-1,-1,-1
247,836,1078.09,235.14,95.12,204.12,1,-1,-1,-1
247,837,714.01,698.08,97.54,218.10,1,-1,-1,-1
247,838,880.59,390.96,88.14,204.86,1,-1,-1,-1
247,839,819.99,43.69,83.04,203.92,1,-1,-1,-1
247,840,1065.23,800.34,77.02,207.31,1,-1,-1,-1
248,836,1083.53,226.48,95.01,204.58,1,-1,-1,-1
248,837,714.98,691.01,96.61,216.11,1,-1,-1,-1
248,838,891.62,400.18,89.20,206.19,1,-1,-1,-1
248,839,814.49,45.90,83.55,205.07,1,-1,-1,-1
248,840,1057.16,802.81,77.39,208.50,1,-1,-1,-1
249,836,1086.55,218.19,95.43,205.44,1,-1,-1,-1
249,837,716.32,684.15,96.06,214.83,1,-1,-1,-1
249,838,902.18,411.67,88.25,202.72,1,-1,-1,-1
249,839,803.80,47.30,84.16,206.10,1,-1,-1,-1
249,840,1052.76,807.10,77.57,208.46,1,-1,-1,-1
250,836,1091.12,209.58,95.95,206.54,1,-1,-1,-1
250,837,720.01,676.36,95.63,214.12,1,-1,-1,-1
250,838,911.16,423.09,89.42,204.49,1,-1,-1,-1
250,839,795.14,49.72,83.84,205.69,1,-1,-1,-1
250,840,1045.67,810.82,77.29,206.66,1,-1,-1,-1
